3007
5956
3695
550
707
4675
8392
3833
2612
3165
165
5253
3328
779
2120
7566
7510
7390
2847
109
7044
1888
7487
4380
5725
2985
8237
4702
138
3574
4449
6059
7569
2309
3952
8736
5885
3858
2074
4631
5723
6522
5481
1614
5921
1528
4290
984
7314
5445
922
2597
4880
8653
7069
4510
6860
1714
7694
4843
3917
8615
7076
6537
5160
105
7383
1166
5094
1089
8714
1034
8481
7894
5383
564
3184
3290
1185
6774
8396
1171
1310
4539
185
6866
7277
8384
2623
5663
685
1700
4412
8147
8609
8758
1748
3613
4972
565
7421
2861
759
8184
6811
5871
6753
3708
1377
1639
1032
3112
1237
1156
149
3805
7137
5937
8436
3912
6209
7731
6632
7900
4523
6495
5389
1017
2901
4448
2262
3242
6343
8254
5127
7984
5706
5764
4794
7684
496
1077
4188
6233
7461
4952
5198
8648
7173
6247
7253
5231
859
7278
412
6389
3073
5067
3367
6010
161
1898
8089
3941
5607
778
4027
8397
7385
7063
1586
3179
7208
3074
8029
5033
3308
8151
1144
8680
4985
3201
1627
8659
1668
6613
8678
6925
1382
5315
4098
5192
1082
3422
541
5947
173
1534
7546
1002
8686
2560
1284
160
6671
2139
3837
5019
2580
6542
1438
6735
1742
2874
8472
956
6531
5412
5554
3926
4668
3319
8317
2349
1193
3685
2449
20
936
7910
4393
6014
654
5065
6071
1730
482
8217
3893
7840
3998
2753
1952
3594
6177
2051
2760
6564
4734
1076
1948
2299
1705
6804
521
5193
5054
107
4720
8015
4961
8545
2264
5477
2750
2950
919
7870
1846
1391
5841
5589
8360
6028
5359
2159
1255
3278
5442
5558
1331
1531
4371
831
8772
176
3641
8718
7593
4737
3885
6507
5238
2862
1177
1958
5975
6676
3049
3396
6645
7503
736
1201
6882
2726
8117
3019
6732
1121
1659
5416
824
4692
3801
134
8454
6748
3294
591
2089
2415
1727
8739
5320
6373
2352
548
8167
1797
1335
58
3086
4947
5077
3709
5401
527
7133
999
4286
6775
7997
4439
6875
3047
1141
6559
3099
8054
5182
2161
2694
4147
2615
1545
6489
4712
7124
7440
5039
5335
5680
464
6263
7260
7254
6232
3152
2572
1954
2919
6960
5012
8311
203
5161
5672
3969
227
4291
3581
2324
2980
6361
7206
6160
8224
7043
5465
4342
1158
7590
1570
6322
6792
6961
6773
849
470
8269
6920
110
630
6831
5415
4429
1841
3640
730
3770
6639
2593
222
6374
6830
850
7633
1506
5795
1936
3369
6062
7039
2850
2216
5040
3273
2659
1928
1431
1453
1111
2786
1818
1663
6269
5746
6900
3687
343
2465
6440
5645
1215
2942
6025
4282
6762
5299
8033
1596
8763
3277
6646
2856
5654
3338
4033
5623
6110
4144
8427
4757
2281
7210
6331
5355
1859
8214
8220
4248
5150
3171
1101
4097
2442
544
5677
3155
4742
6529
2490
7806
7915
455
3267
6411
4834
3661
8296
3939
7712
7930
8569
1860
734
1190
4982
5733
6969
5674
3669
6782
3629
4673
4037
1893
3350
5908
6796
3557
5344
1540
2544
2733
7393
3561
5702
5191
7742
3492
6241
7904
6849
3235
6147
3859
2075
1810
8061
1647
1218
8519
5325
3550
7341
5373
5250
413
5581
97
2878
5577
6023
5910
818
2300
6520
1833
856
2505
1415
7050
7312
4505
7089
2675
4561
8789
3818
5972
578
2315
2926
8349
8271
2450
1686
6552
4062
7682
1588
1278
5599
6874
784
1406
1571
7691
416
2196
1938
1071
5719
1738
189
961
2118
2723
3548
1549
5518
1020
8020
7672
2788
5348
6824
2173
8324
7922
3255
2761
4299
1146
5365
7346
5095
4269
6808
7090
4256
6151
1093
266
2801
3946
5648
2456
7849
2189
8537
1140
3390
8690
6893
5998
7558
7912
6138
5031
5606
4005
6977
624
1950
6
6582
892
24
1107
1930
7693
1129
928
326
390
2713
8492
3169
5610
8
2213
6449
4735
6816
3409
5965
3386
8525
6558
7403
3753
1676
1792
4273
5919
1493
767
8348
6214
8754
6335
2140
7645
3755
1886
1033
3914
3718
1475
7771
7540
6852
8391
6367
6940
1830
1296
2738
906
7374
7313
4746
8540
7626
792
741
8049
1556
2401
1366
4957
5929
7349
6234
5850
6605
8125
3728
5722
1003
1656
3421
4951
1219
6997
3626
258
6867
897
61
1662
3066
1520
7165
7853
855
5999
1148
3597
8438
1354
1324
6717
1539
3792
2350
6807
3214
5862
1618
3716
1619
4830
2780
911
4827
4152
852
3478
5199
369
4826
2842
3575
978
1207
4234
7524
3025
595
2503
3147
5883
5708
4895
3166
1530
1026
2644
4495
5658
7962
2127
7872
2470
6113
1998
6496
3521
8189
253
2746
4420
72
4185
182
2455
7098
2803
4109
1939
768
99
639
1074
4859
8387
4088
6829
7846
4986
7477
2793
7488
1220
5413
7653
5596
3192
6809
4315
5260
5474
4431
1555
4151
6981
8483
8477
8297
2169
4938
5282
4979
3707
7784
1873
4770
5873
1045
7376
7452
5946
6450
1673
6857
4049
8406
4745
1942
3033
985
6767
4476
3496
244
7987
5189
1305
6770
297
5494
3783
3726
8430
7279
4254
3401
4522
5779
3247
4998
3722
4945
5473
7328
409
4950
6937
4261
2440
6687
2093
8781
5517
7354
2226
7861
6040
1268
4288
8664
3016
6266
6034
1095
6421
355
7632
5763
6624
276
1403
4537
8693
2125
6051
5689
3013
4609
3001
876
256
5471
7828
6439
2913
4875
5356
497
1130
6388
4064
6344
2495
728
3905
3437
2699
4524
1621
3965
858
3954
8306
846
281
8327
7369
6833
4078
761
5760
2259
6095
4793
4196
6749
312
8594
3056
6091
4724
3910
6107
210
5822
3315
5664
5729
1396
7548
4160
5552
2570
3314
4321
7019
6760
5119
406
5110
3763
2001
7221
3751
3793
4958
678
1551
2110
7899
7519
2677
5392
5846
4241
2923
8645
1385
1473
7228
8602
3470
5173
1214
4651
1541
78
2600
3457
2043
3444
2445
6733
6318
142
2641
6162
7539
3878
1849
5294
7607
6712
7204
6150
7782
7099
1800
5767
7459
1125
4981
500
5711
3032
3244
7703
4018
5219
8460
1576
8510
6998
1925
365
2393
5602
4599
6044
7848
5403
8785
1390
3469
8650
1069
977
3131
7202
3438
4563
3839
970
7597
4518
4063
7538
918
6607
1479
7032
7356
6446
3347
8084
1132
7031
3995
1035
781
4496
5745
7024
1563
6012
1915
1104
5468
6271
8646
8124
8356
8585
2532
8533
4630
3344
4492
7836
1862
799
1896
3305
2326
7976
2918
6222
7060
7760
8410
913
3405
3523
220
4845
4303
5905
8120
1419
3371
2948
3777
4366
1756
4956
4502
4520
904
3516
2207
198
1572
240
5310
1623
3010
7480
568
5404
5166
7387
5071
2703
6832
4658
2446
7211
8507
7180
1179
4526
8528
1855
7529
2832
8717
8633
54
7330
6871
5827
4766
2198
6512
4785
3565
1920
1351
2860
5424
4733
8105
8694
446
1710
1547
7528
7531
4034
4391
6855
3393
1516
5099
2168
7638
350
2332
3853
4786
5941
2055
1010
672
7218
8713
7929
4597
1152
5970
384
2867
5496
2012
7053
5732
7396
8419
8077
1739
6408
4300
816
407
7318
4764
3844
7702
4578
2811
7310
3142
2361
3834
5768
3515
836
1823
6987
4289
4138
657
5749
7504
8534
2664
1845
6747
8662
3432
5106
2025
1029
4460
7574
8512
2098
6761
7158
2863
2748
847
3703
5490
6099
7130
309
679
3497
1497
8037
2520
68
7724
6890
2257
1100
1352
1834
8729
4936
2693
2484
216
569
3600
1341
7750
1723
1967
8508
7547
2211
582
1868
5470
5624
3823
1752
4236
6793
3759
8630
2900
3637
6968
5020
46
5590
26
6066
902
1913
7874
4308
2193
1086
6585
4116
1162
5345
4744
8240
1894
6647
1313
4207
8445
1989
5801
8379
1777
6416
3219
517
1681
3011
8138
5194
6447
1450
7786
3130
5301
4869
5705
7708
3440
12
2966
423
8575
1098
308
6112
8161
4490
2467
2909
3160
8426
224
8036
1097
709
4623
3191
5009
923
2357
5738
3211
6923
8157
8334
4134
6911
3336
4318
6534
775
8132
3473
3767
4079
6452
5935
980
5582
7967
6516
3577
2954
5834
6828
1021
4530
5142
1612
6324
48
2795
2704
1631
658
8581
6341
1908
8687
6612
7822
7102
8610
1483
5730
4684
7380
938
7651
2559
6989
874
785
7066
5514
1353
155
7178
6148
7333
5863
6883
8490
196
3951
6637
7615
489
756
1744
2924
5879
7183
3129
4784
5123
7104
7830
2222
2571
5437
5656
5116
4376
66
5880
0
2534
5835
891
5024
2364
473
2034
6229
4914
8135
6986
3962
4634
7618
5821
4117
269
7668
181
7308
178
7469
3320
6708
941
6235
2844
4302
3156
8279
2235
206
2721
5854
1243
7377
8363
463
2451
7334
2825
6146
2293
6556
4486
6145
6042
3906
1078
2824
2533
1231
2779
7027
4916
6947
3730
1885
7865
7159
6077
1590
7042
8022
1383
696
2781
4253
7625
1387
5347
290
7614
5262
2371
6899
575
6664
51
1347
5712
530
4042
8194
2557
334
1829
6230
111
4050
7729
6387
673
327
6006
7486
7733
4164
192
2136
1119
5906
7442
689
5630
6659
3559
7250
7527
648
4142
5993
7535
6716
91
764
1764
1754
5177
1245
2834
8625
6223
1123
4969
8591
976
623
6432
3293
2858
755
1838
698
2552
2000
5390
5806
6161
4060
3947
8116
377
5985
571
2679
4153
2319
3270
4939
5699
1698
4320
3879
5225
5165
6569
5046
8482
2554
5522
7498
1993
2154
4555
8351
154
2480
6298
1675
2131
3915
788
6616
715
3203
3771
2838
5168
5628
8441
3475
7363
2232
6532
8109
7884
1206
6418
2809
663
8291
6073
6061
382
7029
7209
2596
8362
4418
6617
8639
3070
257
6359
129
8765
7288
4464
5228
1308
6917
6171
5125
1288
8341
7578
5272
934
7193
583
5731
665
8746
2543
7758
3463
3076
1304
6641
3000
8711
3654
893
2848
1615
3148
2681
6778
7612
4903
1648
6763
5135
6494
6905
5167
2576
367
370
4707
4624
7073
4540
7413
6137
7989
6757
7231
920
4450
2598
8600
2385
2058
1843
4625
4245
5750
2208
1966
603
4791
774
5052
8150
1182
3757
6111
4796
1598
6566
4251
7579
4184
3108
6384
7140
8130
4330
5659
361
504
7757
6314
2474
5807
4888
6206
92
7391
5829
6500
5248
5013
2177
3675
2599
1484
5523
4657
2574
3942
6869
4297
7350
7954
4819
5967
3161
841
7249
4356
5456
3217
3945
7660
2601
1164
5338
7518
8191
8724
2739
1150
4696
7004
3375
2864
1066
6545
5564
2313
1568
5349
7191
3381
3103
6382
4589
5828
7662
7167
6168
3243
7966
380
6355
8552
2625
6435
3788
7766
1918
4392
6669
8517
8393
2777
7123
3288
7513
7969
3213
4687
2176
4145
7431
4075
4556
4558
4072
4036
4747
8320
7508
1949
523
4823
6797
6561
1281
3477
6949
8783
7323
2190
2697
1263
839
6678
2111
6887
539
2917
5740
4908
814
471
4549
8474
8428
2617
937
6689
8156
7075
2482
218
1393
7198
458
997
4250
5955
1160
