8781
6078
4251
7116
697
3366
1960
7825
2272
7702
174
5616
5073
4076
8069
2143
5428
8747
6711
2354
6751
9
4029
653
7836
4039
4343
1467
670
866
6773
8463
5795
1099
4832
3117
363
7645
7009
1170
1358
6465
2310
8179
3659
8145
1899
2367
6623
4652
1244
3732
926
7070
1594
7591
3477
8251
5228
4505
4186
7527
2071
2793
4990
2274
1083
1558
3314
1918
1281
3019
6118
1499
6562
1096
7593
596
7340
6538
3498
5591
141
86
6600
5829
8574
5900
7050
574
8369
514
3717
6514
8118
5184
7867
1453
7090
463
7807
3890
838
4299
2427
8615
7828
4555
7993
162
1395
7188
4951
4082
4625
5973
8361
1746
403
8105
6764
5710
5044
615
4194
449
970
3624
6055
1661
1126
8085
6100
1337
4392
351
1580
1837
8529
143
5199
777
7526
694
2723
6179
474
425
339
5557
1145
7106
1450
258
182
2039
7566
645
4675
2220
3186
853
4710
7916
4226
6077
5666
8698
1455
2877
2117
3716
5771
358
3781
7367
5781
2559
6795
6260
4611
8692
5611
4742
350
6896
5466
568
3837
7469
7603
5863
5095
7512
6029
5422
7502
4819
5142
8039
8348
5136
6372
3344
3662
1660
3557
4700
3006
5423
2201
5719
3946
826
5776
7766
751
4191
6609
5010
1835
7668
4500
4222
1115
2489
3070
1572
6397
3605
7543
6884
2276
8466
2176
1151
8306
2079
8624
6491
5394
3121
4674
6336
1129
3098
5370
608
1253
8640
2457
1604
8231
7506
7376
7353
95
6226
7262
4325
6912
5344
8486
5925
808
6289
3285
2129
29
6264
6448
6483
8353
5177
7513
2041
4658
8704
8252
8048
2111
5740
2698
2944
3943
8208
6860
5104
7997
5141
1515
4965
7748
451
545
937
5585
5942
7485
1540
2960
4009
7803
8673
7551
2075
7510
2646
1821
6331
8508
5291
1108
5662
8504
4844
2187
5412
8429
8285
304
3488
5790
7659
4394
3213
2897
5211
4703
8647
373
8526
2763
947
5157
8393
4439
5185
7578
2306
6731
8518
6934
1618
743
6937
7343
2648
8775
4887
136
4609
214
2742
2438
1887
6508
3783
2528
1421
8459
858
3331
7413
4563
2693
960
1691
3528
4669
6302
8000
5411
4661
5351
1003
3678
2838
4589
1154
8257
1422
2862
6806
6128
6638
4528
1494
2501
5217
5906
1081
3115
1847
3235
5451
3220
8616
267
4033
5726
1364
99
4463
341
6799
8052
2804
2569
3546
7331
5410
2561
7923
344
48
209
6257
4243
8674
32
1335
8377
3080
2933
7383
4219
167
4991
7238
8297
8773
5677
3912
8124
5150
5860
5958
5196
194
7872
6294
67
1020
3034
3682
2958
4166
5838
7888
8223
4911
129
1324
314
1403
7534
5687
1188
6123
8260
3588
1061
3721
4567
1202
2765
4511
7363
1221
3396
7277
1780
4046
411
3050
5239
6528
6010
6980
5871
6291
7458
8106
2350
4804
7430
7067
2637
5155
5788
2620
1869
7187
8724
7754
1285
4183
1258
7955
5406
3665
2990
37
1371
4758
5019
3808
5941
176
7411
5646
1815
7006
4540
7893
8451
148
1353
5273
212
7029
5453
3575
8375
3855
7987
3863
8743
1245
7248
7170
8444
3275
4160
3187
3058
8422
6540
1561
6986
2967
901
3195
1418
6058
3903
6160
7167
5945
2932
6870
787
5341
5769
2287
2089
5448
6039
4776
8656
3489
2476
7007
4236
7486
6361
7935
26
3216
3065
699
1440
7031
4283
4679
429
7161
2209
4049
4821
4042
7503
2167
8323
4769
1171
5868
6461
2978
8283
2184
1296
3525
6867
3573
2442
7209
5847
2377
2475
5481
8679
702
4721
1959
4653
145
8301
7192
7976
903
4287
4080
117
7653
1610
5985
1046
7448
286
4695
2045
6030
1590
285
5324
8207
6804
7664
5763
6376
256
7692
4916
4195
2157
7098
7294
3029
5037
2050
6977
1672
4489
2956
8167
2395
7996
2404
8273
5171
635
7206
8415
5027
8671
2308
2689
6059
4168
6842
7644
5117
3704
1316
6892
7254
2414
8676
8659
3821
1791
3001
5518
5982
6074
7181
7327
4138
1645
4314
1844
3567
5383
5725
6904
3869
7972
7457
676
6334
2783
8757
915
1692
6709
8723
6987
8291
2478
6686
2871
8605
6959
4008
2794
2262
8056
5621
7870
2621
6022
5462
5968
184
7999
1426
4087
6665
4337
773
6457
1308
3675
4455
1642
2085
6327
7721
818
2718
2940
2891
483
2300
5537
6564
2172
4840
761
3048
7020
7765
6489
4205
3040
2
7584
6885
2443
3221
7385
3273
193
700
552
969
4190
7852
5430
7714
5729
2672
2334
1703
7190
542
6068
3268
3367
80
6054
337
7908
3640
5475
7530
7661
5407
2107
4921
3418
3942
3212
5183
4942
4914
1093
6003
8346
1407
7731
6554
8722
4375
4271
1962
1905
2817
854
3631
5424
4637
8737
8185
3322
923
2446
4790
222
6673
7797
2293
6766
7399
1048
8290
559
3138
2564
2158
2586
2378
5074
2012
6869
5206
1087
232
6759
5039
367
8116
5046
4113
8133
4536
7553
3287
7540
6204
2855
5060
2215
2554
1019
5494
2644
73
5536
2493
4248
317
3897
3699
2268
7405
4169
8584
3496
5267
5041
8008
4833
1197
2652
4119
5214
2415
4546
7382
3500
3089
6083
510
7129
4969
6125
6604
1987
7449
2777
6834
8596
2988
245
5079
5132
6619
1728
1167
7195
1277
4402
3269
3745
4098
3248
3920
3112
2148
5219
4902
5843
3438
2515
8397
334
8765
5885
7594
4172
147
2451
1169
4093
7304
7415
3910
7051
2368
5786
6199
2710
3252
2095
6853
4814
8120
7397
1491
6596
8284
4315
3683
6276
1560
2317
1632
5054
2447
8703
1163
6906
7764
6561
8068
7615
4048
5635
4745
3614
4971
5376
6494
5250
6480
5695
2785
2420
1806
2885
5798
3544
7071
11
6158
1095
8050
3008
6670
5397
3374
4704
4577
2787
5331
6026
2230
4889
2839
1682
8428
1219
4714
4843
8317
8364
3535
6050
831
5789
6000
8023
723
406
8583
829
5076
4296
4336
5671
7515
4078
8012
1772
5200
259
6978
6706
3370
8025
920
8740
8341
8592
3811
8238
5047
5327
6611
8074
8618
6965
3810
7737
8337
3382
5911
233
6973
4545
4778
4298
3150
3859
4155
8631
3200
5552
5655
2392
1804
4316
578
7523
6583
2081
6748
3980
3644
1939
7420
7804
2961
3178
3068
3377
7508
1861
4516
8198
1658
2901
3999
8112
3284
695
1208
567
8606
7849
7975
4268
938
904
1584
7164
7352
3965
7043
44
4623
6547
3417
5645
2072
3165
972
658
1269
5478
816
420
6090
5774
8354
7922
6587
5814
7166
8779
2913
2267
2509
3791
5770
5556
802
2703
7307
239
5123
3263
210
4309
3021
5805
3551
3095
6377
4273
6345
2673
2743
4900
8227
8733
980
1303
6961
7268
6637
7201
7435
6956
6437
6129
5326
128
678
5472
1474
4030
5237
388
3264
3004
5651
43
8241
5499
7113
5594
6070
4471
4410
3103
7995
3039
1412
1478
2585
1782
6567
6278
6578
2243
864
3570
4203
7255
1477
2052
1587
6926
5421
563
766
1986
5241
5981
725
5528
6127
4713
2845
2640
5936
4836
4361
1608
5034
8212
679
6358
5721
1078
7509
6800
4549
5917
5114
3788
5588
8558
1466
4823
1530
6433
1751
1010
5604
5581
5028
3102
8489
264
8265
3694
4507
4416
2566
1744
7368
3452
7408
4434
65
7607
8503
3206
1536
6972
814
2125
8219
1965
3664
3260
1894
1413
2288
7533
6762
7676
2799
8470
8713
570
677
2223
1800
5310
1239
612
3625
8787
8113
3294
4718
5950
5893
4645
1306
1996
7931
8535
1845
356
6694
6035
6836
5775
1305
6312
5225
1629
3984
2730
5467
8011
8067
3188
506
6565
3793
1402
5198
2860
475
5330
1054
4147
4888
1336
1797
4708
6424
6588
6616
3787
8236
882
2658
6369
7099
7033
7672
7252
6550
3545
127
5068
4893
4102
83
1049
1080
5311
7091
8155
4227
1981
3728
1320
6096
2235
2616
2790
7675
7193
3914
4217
5658
7308
4136
252
5100
7115
1280
2670
8274
3828
6013
4954
4509
1119
8638
5931
8642
556
3109
8143
8658
6976
6785
4903
7851
2218
5857
4982
1597
4143
2436
7122
1593
1908
7756
8412
3494
4007
6495
5670
2124
6945
2539
4246
6069
1
500
2458
7778
5115
6862
6572
330
1209
2343
857
3468
5409
3487
5455
4235
8360
3279
3193
5691
6940
2001
3895
984
3137
6848
2237
4901
2660
4670
4941
4750
4418
8101
3020
806
8446
4475
436
2805
949
4782
5680
7064
8560
2364
5858
3041
586
4256
7251
2601
3778
6091
4382
892
8395
1009
3345
1849
2624
7274
1983
3584
4651
1685
967
268
8385
8745
5631
169
224
3164
6905
2886
2471
4766
3923
4341
1787
3472
6740
2912
1118
3381
5063
2119
4311
3962
7522
7757
7624
2682
8545
2023
4985
3179
7137
575
2126
5927
5386
3784
4424
5957
5633
7102
3410
1011
7839
2964
8449
5667
6367
3214
2285
4331
1903
3832
8365
1995
2289
6429
4788
3813
394
2725
8755
1386
2025
936
906
6663
7619
3775
5572
4854
4431
3929
7541
6392
3925
805
1090
4189
2369
539
2016
8149
2930
7857
3335
3502
3621
7264
813
1914
5323
2386
2851
1625
3697
3196
2357
3412
5758
2709
3595
2808
6165
7395
4255
4805
4884
1511
7535
1976
6216
2092
6918
1911
4327
1374
8577
7610
4981
3355
6738
8019
6742
7227
2596
952
160
3448
4980
7359
3698
1213
1575
338
5248
7866
1564
855
5437
6343
6922
887
2772
3298
1827
5092
2605
4437
7447
4289
5213
7232
8710
7830
8760
2007
8756
3475
8095
2604
2195
5106
5669
2484
7875
7464
6048
2720
8359
8384
3846
5281
8018
3976
5525
1377
6668
3140
7279
4768
5570
4583
2169
875
1273
353
6168
6005
6646
1526
3435
1781
2751
5574
8097
1401
1152
789
8148
3141
5385
3561
5361
3565
2037
4746
3380
4036
5007
1302
4561
3163
2496
8530
4074
5620
5002
7631
4188
830
1060
6396
5278
8527
1339
2726
8132
7030
8687
5702
5498
487
4535
8014
2927
1445
7038
7326
6163
4453
4068
8379
7949
3025
7577
5229
7618
2336
6001
8542
509
7991
562
2084
3106
8717
4615
3641
3035
4295
362
7253
4474
6809
4510
7475
208
8266
2882
3602
897
1605
7130
4882
7666
3156
4531
3194
6829
104
8685
2472
823
5659
2033
3007
5363
8349
4447
7148
2047
1942
8761
6894
5676
2680
7318
4218
1571
2049
5861
6038
6757
3609
1332
4936
7759
7514
763
8430
1125
2722
3460
8572
2975
2979
7487
4894
5517
1309
4238
3634
577
2013
3686
2538
8041
817
4909
6662
21
8639
1240
8296
3612
6661
8418
6874
7966
8182
2526
7003
6151
6752
4855
1563
2734
2657
708
4244
2131
7772
5699
5129
2651
8652
2995
6830
1707
4021
8491
7015
5242
6812
2138
7954
7032
16
6684
6037
150
1581
7370
4114
5004
1406
6708
7373
4165
2418
5532
767
6579
7297
5205
4288
3932
1031
1479
8464
1192
2617
6450
1676
1985
5301
4631
8439
2749
5561
5718
2181
5343
2391
6761
3362
5101
610
1923
4709
