5116
5138
6716
2748
8253
2678
7179
4726
590
5581
5959
7099
3666
2992
1633
5863
6408
635
1962
8787
3049
3507
2250
52
3661
4801
3897
7761
5880
7418
318
1187
5387
3611
6826
4370
8404
4577
6629
6695
3537
4539
4570
4891
4528
1853
5570
3964
1459
6169
3221
2681
1971
1642
5004
5396
8583
6115
3355
6677
8028
6055
4349
764
6422
695
5240
5177
8113
3857
3768
7610
1986
4257
5326
5542
8590
8315
2945
4116
6956
6135
1026
7152
5775
223
2119
7488
7455
5922
1947
8204
980
5341
958
399
1079
1795
7309
1773
3264
4666
7741
6330
3247
4471
5613
4317
3623
5024
7004
4683
4378
3868
5812
7495
7348
8607
48
2305
1972
638
6805
4765
5058
4926
3435
488
4811
7482
5064
7074
7834
5171
2797
7584
3278
636
5821
747
6444
3291
1457
843
4221
5491
977
7303
5716
7090
5975
3104
1174
6923
3472
688
946
5430
900
2739
8645
2045
4334
2665
1888
4472
4609
2724
8520
3366
6641
6372
4890
3570
2691
1840
3318
7733
5445
179
7566
6971
7026
4990
3304
7963
5877
7501
6849
3440
4199
4623
4083
3786
4966
5105
7415
4153
2925
3130
8612
4943
5314
7712
541
7823
1242
3505
3630
985
1210
8090
6397
8581
531
3161
8539
3935
6925
599
5203
7076
4613
8080
6687
5220
7944
2074
68
3494
3145
7092
6901
1473
2121
3749
34
3557
1560
2987
3395
5529
7889
6378
7521
4029
5824
7201
3896
2607
703
5915
459
3527
1122
2893
4998
7973
1511
5810
6670
3295
8170
4962
4380
2337
4524
2002
475
7865
2309
5457
2131
6416
1663
2897
7583
992
4822
6858
4198
4411
2195
7514
1825
502
3387
1953
8582
4193
7983
1662
2692
7597
8516
2930
556
8320
3833
4842
4525
4247
7576
5185
6109
1238
2834
3331
5299
8009
4833
3479
6823
4465
6369
5862
8772
6427
2448
219
1479
3761
7512
5612
1119
4123
2092
991
696
6897
8251
2015
204
3201
7811
8175
1302
1708
7384
5907
6943
6343
1247
2461
4277
8243
6034
690
5200
6383
3181
7980
3334
1871
5130
6576
5141
3160
1300
5439
3437
2649
5209
4843
1160
5316
1258
1042
5249
4712
5744
8000
8702
6979
1467
4626
5167
3769
5320
1898
506
5644
3217
759
7637
1995
4102
1786
8130
1377
4702
8188
3429
7066
2744
1259
1606
383
4262
4073
6911
5839
4677
2763
4250
5452
783
6183
2527
521
7812
8369
597
6223
2304
3458
6317
7154
5952
6497
6417
369
5448
7667
1095
8048
8700
8295
8756
3244
2561
402
4055
1246
7999
3985
7079
4088
5650
7246
6300
6690
1674
6273
6731
6060
1544
6764
5502
545
8697
2680
7232
7426
3967
2228
6340
8696
2482
5577
1874
2760
7843
6354
3446
5179
8691
6478
7217
1734
1885
5011
4699
4333
7544
5846
3920
5158
2571
8604
6962
8488
4207
7145
1083
3096
4318
618
6614
5146
8533
6367
2276
3846
1175
2863
7173
3808
6678
5183
1244
1224
2086
4266
5408
226
170
3695
5925
3947
4827
3227
1293
2569
5510
6807
7498
8370
4590
5072
1804
5369
6813
6875
4015
1031
8033
5453
4571
8157
3599
659
4078
2650
4557
4905
1727
3022
183
7592
4845
8211
7765
3970
2685
4460
8110
6870
2226
7059
6540
8269
6235
630
6392
4311
388
1264
5455
4108
1383
757
5106
3921
2271
7867
2747
604
6841
3328
1913
7833
2722
5761
708
7359
2989
8195
6423
8694
8732
7912
1027
766
3372
2099
7614
2941
8522
6271
1531
7781
3837
8206
6902
1052
1033
4324
4489
869
5127
1520
8026
8212
2958
6289
268
2154
6127
1275
4944
6365
1516
4997
4201
8358
2926
7518
726
2116
3232
8431
1735
8178
4660
5558
2842
3289
5390
1710
5923
5977
5043
3752
2679
2497
5561
7727
4434
5301
3659
90
6665
8384
1806
7140
7048
7420
3102
5265
5032
4473
1348
4509
7891
1043
1009
5278
646
1813
6752
1624
6693
6553
3712
8531
7506
1628
1220
7699
2521
5483
2173
4713
1070
3023
4267
8166
7613
1977
3745
8289
5464
3508
3608
6278
5081
1316
2427
6489
7763
8537
6848
4314
4443
1715
2308
1268
2447
5508
1761
370
7565
4051
1357
3393
1848
5161
437
87
3455
2905
8229
5217
6061
4441
1815
5091
1482
6625
8019
8437
2611
1932
1197
4832
2093
4182
7798
2498
2884
6276
6706
6765
2786
6847
3075
5619
7709
6459
153
2582
3731
8466
2473
6561
200
2400
4066
4784
3596
2715
417
1320
2636
4054
754
4837
3167
2803
1909
4186
7857
1236
740
2950
8535
7500
5276
3207
7397
7615
805
1480
996
7103
3855
7866
394
2808
341
2931
6244
4994
6488
7780
7568
7600
893
8392
1553
1283
657
6228
970
4561
8196
1689
1705
5559
4676
4337
2178
3151
3336
3326
6128
7619
353
4009
1654
6123
1171
7492
1273
613
5290
2204
1266
6466
286
5263
1587
7039
213
7091
7897
5411
5426
7213
7014
1601
6315
8613
5434
8183
6469
1396
514
1222
2774
391
7786
6012
6222
8661
2412
1018
3180
7123
6269
448
8688
6647
5587
3300
2295
8334
2918
1821
6985
5993
5826
4034
6770
7111
184
8073
2431
1976
1341
4598
6433
6168
4951
5991
1620
3272
6692
2343
463
2186
2798
485
1956
6827
778
7982
164
2916
8741
7266
3760
5747
732
3830
923
171
3330
8455
7977
7839
6170
6596
6720
5919
6582
3607
3459
6560
1115
3451
1613
2321
6086
1574
6087
4988
4915
7922
6877
2530
6011
981
5233
2902
6595
7771
3199
686
7778
6218
8053
2290
3173
6449
7243
4011
4830
4709
2007
6097
8062
1993
5036
3084
5401
4903
4921
917
333
3528
7430
925
492
3140
3777
3764
1747
6286
7718
30
8589
3224
8039
1687
6818
6780
4039
3632
1301
6321
3990
1208
2151
2629
433
7038
7666
5297
8014
2111
6526
3742
8328
5422
3039
1133
5344
2957
8720
3737
6056
5008
1849
8768
7227
7541
1690
8527
6006
4046
8063
2579
5280
4024
3861
7484
7680
4834
5327
3711
4872
4614
313
7342
6121
7011
974
4326
3094
7258
8357
7856
968
7114
4190
2590
3430
1811
296
2191
8651
2122
6307
3916
2789
8442
4517
1306
3881
2944
6775
3955
5953
882
5902
4406
4165
6210
3780
775
6387
6570
517
795
1541
5216
3031
7468
135
382
1427
1589
8125
6457
4386
2199
3581
274
6090
3928
160
831
3530
2449
5860
392
1557
7882
780
3521
6314
2666
5858
1549
6640
5306
2648
4535
3223
7393
7937
3688
8453
6386
3073
6401
4848
7652
2868
5855
5647
198
2011
5625
5368
3588
7564
5187
387
2176
3800
2381
5831
1149
3591
6792
7523
952
3793
4147
5181
483
785
3756
4151
829
8381
6573
95
6059
62
8224
2915
6236
1468
4901
8484
788
5803
2098
4439
7010
606
5635
2215
3256
1603
1543
130
3141
2069
5976
7104
4844
5632
4286
8226
5765
6666
2342
6856
352
6558
7107
2712
110
961
1982
251
3137
8444
8524
3966
3696
324
1004
75
1064
3898
840
7372
7182
8240
4234
527
8473
8626
4492
152
6070
7548
3396
7895
6388
5325
6030
5272
8576
4680
484
4681
8525
2771
8108
8588
3468
6470
8260
5145
6247
76
1740
4457
1288
3815
1803
7084
2083
7815
280
2081
4486
7717
2232
1781
6339
6288
7787
1682
755
4572
2414
8214
8668
3782
8089
8783
6737
8517
7692
5972
3061
6458
427
1684
6091
6237
1385
5763
8332
500
536
5492
1440
2500
424
2241
2956
4942
5800
39
2591
7151
456
3171
751
2181
303
3506
5961
4431
2354
6603
3046
3836
2421
3931
4344
3804
5611
7454
7385
3253
3314
8555
7333
519
6360
4724
2743
5001
2702
6119
7674
6487
6914
7587
1556
1038
2463
1900
1201
2385
2307
1021
2136
474
4747
1859
2606
2361
5436
5651
2174
1955
2496
3895
4069
4191
964
1080
1609
6730
201
3376
8137
2487
5428
523
7449
4600
8117
2963
7268
2843
3087
2693
1135
8322
8398
7971
1958
3460
6525
6547
1668
5942
5943
1292
878
7608
6960
7639
7300
6889
4079
4499
6909
3463
6751
5007
2954
6242
5019
7756
6607
7042
6934
2135
4288
1948
761
1535
2057
6304
3175
5198
6756
6834
6863
1656
3162
8554
8750
435
1889
4580
7755
3103
8133
3717
3450
5461
2861
593
857
6685
6396
6456
591
8505
1782
8248
4920
7281
3810
2375
8
3153
2595
6536
7186
285
7961
7062
6801
1765
3405
5153
7289
7535
4479
8468
3511
1470
7883
6483
8160
4545
4459
250
2829
4417
4519
5450
8359
6051
1105
7296
6157
279
8044
3595
7416
4329
6952
1862
124
1469
69
1968
3434
1350
4789
5979
3656
397
185
6517
2946
717
7677
5204
2235
3924
3475
67
3339
1940
5006
7453
6092
1666
1503
7939
5015
3428
7942
2605
6023
1595
1680
7621
1156
8094
7332
3021
265
6885
8146
6257
6512
5791
8578
997
137
938
3072
3323
5955
806
1639
259
186
7800
4224
728
877
6616
8280
5421
7642
8619
4704
6413
6186
497
825
4342
7519
7658
3640
431
3148
2013
41
7616
8222
2912
245
2397
8449
652
8784
7421
6574
6085
733
1807
1331
1157
6158
8192
4028
3185
5305
668
2714
6113
2851
1566
8422
8434
3424
2526
7120
3636
2674
5196
5460
2249
1055
2124
2825
1743
7194
4965
3109
7868
5201
566
3315
5571
3925
8400
6129
6143
1646
6904
7462
8647
7485
3230
2727
8684
4004
3891
4407
4385
5941
753
1828
422
1585
3436
5235
7723
4475
2459
3208
3439
5582
5610
7144
5652
680
7854
6903
3983
8523
5549
4036
7682
6035
7511
2612
7147
8678
8579
8752
5745
2806
6966
2364
8021
6195
7604
8739
3744
3852
5084
4628
681
6205
7904
3307
5597
4238
8042
2656
6620
1450
2896
7634
3195
4869
2340
5118
7777
702
954
7321
6808
5530
4907
7134
109
4171
1037
6178
7130
8006
1116
7363
6500
2094
2123
6543
454
7003
1518
739
6701
8759
1307
4445
941
4331
6337
5487
1347
3260
512
8654
3716
1250
6539
576
2600
6133
8194
7552
619
1858
231
6984
2362
4657
1698
8078
7853
6942
569
931
192
2353
4758
4597
4440
3373
1707
4404
7425
2248
6380
3908
3086
3305
6555
4436
3551
188
4382
7803
8393
5579
3019
2684
4800
343
8279
7235
2253
4824
820
2637
2609
1495
525
2630
33
3543
2830
5372
300
6181
8693
2782
4
8319
5809
1382
6734
5949
5766
2537
6504
7050
3801
4323
6206
4894
7262
7555
7412
4467
1697
3412
6216
8634
8122
1844
4730
1675
1485
5385
4723
4744
232
8544
6673
7557
718
3612
8560
1605
8156
7115
4166
3041
7799
6103
736
1780
4017
8426
4923
1692
2580
4546
4555
5999
4608
4135
4850
7754
3948
8093
5318
207
7989
5108
6578
2273
7443
3033
7097
6203
3811
1683
8075
3471
4421
1963
3946
2833
1766
2826
620
3589
2467
1461
7671
2291
2157
434
1233
8763
1100
4302
3124
4418
5585
2663
835
2885
5000
1619
6079
4355
6292
7638
3397
6830
4721
1960
1904
8469
6794
373
4067
5135
3402
2315
8492
5054
7221
8411
7996
4374
6637
584
7439
5053
8103
6643
5987
6334
4405
1600
4114
2103
1016
100
2303
6231
2298
8263
7271
684
4494
860
2335
5360
3324
1029
2617
5321
3325
2705
2940
6371
7945
4013
8754
2460
5548
849
1527
6750
7955
3949
1914
4687
4379
2203
3911
6204
5589
6050
6018
3965
5640
6644
559
6954
322
3954
8611
6460
8124
1528
1951
8596
5420
7155
8679
4208
5304
5031
5493
7340
6980
3389
3802
3081
3989
4482
3420
6251
4340
5431
393
8747
8751
1497
4119
5956
6274
4970
1726
5965
103
4346
7703
746
2424
4222
5990
3322
1371
3952
4152
2170
5095
8341
4870
2106
8461
2974
4146
8508
5995
6951
3531
7034
86
700
1148
6196
6675
2435
6742
7898
8173
8549
8464
367
1814
2953
6924
8065
8035
994
4632
7919
5642
1776
7921
6124
3843
5517
2033
7547
1184
6155
847
3747
3987
5872
1702
3163
4403
2664
6226
4513
3001
6774
4052
7953
8705
126
6604
7174
289
3625
3273
372
6667
5639
8471
6234
6627
4154
5583
4748
423
3466
2523
3032
6937
5590
4491
2845
4668
5690
844
2138
8138
264
8636
1929
2442
7818
5755
2444
6039
7249
5762
5887
6996
2416
6821
4979
7308
4376
5574
5864
8532
8704
3709
5706
7577
5142
6246
7683
2077
2097
4446
403
1478
3055
3884
1901
3576
1106
7259
3849
4168
2866
3926
4265
1757
5082
7837
814
4158
5715
8762
7220
5100
7504
4633
1621
4189
7212
8625
3043
7438
2506
5511
5417
1533
5273
2256
5873
6437
7465
344
7602
6893
8669
6306
8616
7628
1672
1563
5159
1797
3284
2408
2246
169
2207
3835
5236
1857
266
6042
3574
5866
8353
5342
1226
3504
181
7016
7936
3889
3414
4504
1471
7386
5841
6159
1493
7848
4148
5267
1176
7573
7001
2366
2087
3004
623
7247
3445
486
910
4297
1104
5268
1883
1400
5606
3050
292
3798
3598
6546
2472
4027
430
167
2458
5328
7783
7794
1524
8221
6299
3919
3117
3912
3079
215
5165
4816
6569
622
287
614
5984
7381
3981
921
4008
4272
4241
543
6949
6726
6506
953
6786
6348
3357
2622
1822
4635
8421
7881
4425
5782
1767
4181
1418
8428
4797
2538
2587
2383
8152
7842
7569
4575
3878
4452
8219
3364
1299
5389
3603
8419
2878
5783
7228
6259
850
7958
5774
7019
4328
7551
762
5934
2338
3213
6370
6241
5994
5363
2270
2723
6959
4670
8646
386
5840
477
3368
3680
5041
6683
8140
777
786
244
8774
6215
678
3347
6876
4969
6811
4368
2217
5814
781
2036
5859
4252
4170
3697
4667
5654
5086
8072
743
5211
4424
3054
142
1669
1551
7824
6077
6111
