843
5495
6031
8197
3073
4661
1456
7691
6028
6472
2341
3609
7346
3635
8547
8713
614
1477
1293
91
543
5551
3205
8441
4281
4160
3832
5767
5203
392
5266
3799
2392
6766
5256
7089
3265
8305
6372
8504
7773
6160
3997
1470
8608
8554
5850
4555
5611
3880
5911
7300
7654
7044
5279
802
687
6921
4554
6138
7970
5197
3698
7797
8017
3526
5628
6730
7752
204
1022
6357
1959
754
7011
1138
6310
7381
5902
1870
1609
3819
8730
5444
2354
2103
4328
739
2553
8182
2896
5921
7407
1043
2858
3444
395
8319
7026
6209
2792
2045
3190
19
8688
6531
1779
7211
1033
3953
3224
2329
8550
7038
2793
3874
4929
2404
4275
3672
7098
2273
8611
2963
3985
3333
216
5999
8725
981
8652
2321
1758
2699
3290
4085
389
3678
3281
4321
7045
3373
2786
337
6755
4665
7166
2439
7884
409
3014
2649
1843
6377
1010
7477
2298
6029
7910
6855
3304
2841
3763
2950
3815
7405
5687
1752
2438
3295
4801
2818
6327
7434
3967
2615
2676
8360
5944
1699
7040
4157
5421
660
3955
2202
8404
3749
8700
2753
1196
4068
930
4176
7743
1467
8
4641
1204
8212
875
6673
8463
2237
7452
3436
7273
3458
3411
5380
5943
542
6700
2932
5056
2502
6196
7422
7113
3608
2641
118
586
8765
3234
2443
5037
1660
4491
3125
711
4415
6494
7934
1325
4492
495
1949
4448
2953
5073
6116
3553
7997
377
4901
3326
4261
7459
1922
4928
255
8681
2535
5171
3691
871
3045
4388
1471
8112
2865
1682
607
3506
4978
3257
1803
6244
2580
2930
2784
993
4438
8519
620
1061
8107
2087
2466
8473
6477
8437
3887
7228
7957
4515
57
5098
537
290
7243
4090
4186
5739
4794
5578
4696
5063
7090
4123
3587
4923
2529
628
7898
9
2441
2623
6427
3421
1145
7869
2030
1624
3546
7610
1819
956
1784
2705
7369
4191
8387
3900
1496
4540
4256
5447
6912
468
2100
6045
4425
2914
4520
4465
1582
6250
2417
359
222
1220
5165
6926
7156
3566
8667
2540
6306
5048
2872
4348
1015
2751
4038
3966
4556
7269
5979
4895
701
3956
8432
7621
608
4796
924
1273
3362
3178
8215
514
7775
1355
6699
682
2684
1431
2688
4055
2854
8551
5484
3135
5202
4241
6446
6248
475
4678
2281
7799
3438
1886
6558
3053
5749
8086
317
1562
572
4393
1514
4271
3801
2515
4947
3649
1998
588
4308
860
5723
8167
67
2625
3976
8265
8316
2587
5212
3243
1772
1417
3347
5840
132
1745
2694
5896
8343
5660
744
602
6168
625
3957
3217
7520
6776
1441
486
5018
8500
7344
7680
3816
2882
5603
2733
8425
6460
8497
5316
1824
2068
1920
7591
3039
8692
3740
6140
5480
4528
3806
8411
1210
7861
6224
977
4399
2840
5834
1655
2640
2578
4075
4605
1595
527
6388
3697
8156
2579
6629
733
1005
2109
1084
6843
657
7574
6170
3960
6955
6665
2097
4642
5001
3118
420
2852
8546
1013
3247
6653
8124
3197
5198
2724
7349
1646
5298
5455
7172
3254
5074
3140
4331
6026
4070
5346
791
4798
6844
3846
1905
4558
4481
4384
3301
3357
8264
7554
2970
6706
3443
5491
73
5061
7030
245
211
5102
1053
5215
2295
6071
5160
2536
1359
1169
2343
3399
2311
2739
4989
7094
638
7134
500
1058
16
2365
8524
4226
8342
5326
4048
8434
8788
1154
4512
2749
1254
6027
8738
103
5376
7792
8668
3942
4079
281
5499
4753
4822
2447
1957
1453
3716
7492
4487
5849
4889
4836
4749
4608
3511
721
6553
7416
4189
8420
149
28
3539
1825
7686
7271
7936
3931
5220
479
1675
4609
8043
2205
8587
7925
2616
8374
8576
2250
3003
6211
8362
2171
7350
5940
900
7616
5445
4095
1997
2434
2275
7715
8108
7359
8400
528
4141
5397
2001
535
5338
65
7348
1128
3923
3477
8368
4626
4925
6435
7006
582
1112
4670
7556
2127
1394
893
2671
6893
4927
2473
6468
6947
5368
3406
1759
1884
2104
5913
36
7645
3651
4604
405
8383
5290
2322
5994
7729
1935
2549
4430
8128
4282
4995
5992
3201
5956
7913
7399
3149
4596
6059
138
296
8283
8789
1600
323
6498
8756
6614
1177
4693
3004
814
7911
2016
4742
8190
8643
8178
8274
2333
2278
3316
2732
2551
322
2366
5121
6511
170
554
6191
6807
7948
2822
306
8630
3489
4367
3441
1508
1513
4060
8428
6697
8164
3030
7856
587
4248
3970
1755
5568
718
549
6509
6263
2380
7922
161
3028
4187
3460
5379
2200
2563
7783
874
6602
7047
7930
1718
2488
822
3849
7736
1877
1443
5786
4300
5188
868
6433
2691
3299
8137
7031
1490
8478
4769
1657
4815
4789
2351
1070
4600
4869
4854
5285
2811
2934
2637
7412
5664
6762
8194
8321
3630
4747
5054
3249
4400
430
1307
1688
7358
4107
7552
1978
6288
955
919
4370
8126
2517
4842
6857
5169
2118
2906
7109
556
4407
344
2054
5400
6146
2421
7900
5528
3040
976
234
8149
7099
8512
4506
8396
3435
8089
4206
3926
2755
2406
1571
2267
3327
7647
1247
8221
7056
7322
2819
6971
5439
2663
78
3111
6171
2884
7301
8448
2167
372
8268
4643
2912
3982
844
6198
93
2363
7162
2444
789
3258
6690
2538
4161
235
5365
2230
1862
7819
1815
31
3002
7510
2411
4457
8543
982
1020
7020
6054
1195
5030
2484
3226
7182
1858
4109
1763
5404
5211
8007
3289
3107
4052
6900
2145
4916
7496
4521
2969
4378
1541
7565
442
894
1686
6354
3541
797
1045
4631
6023
1737
2683
6995
5252
5961
7818
4031
1353
494
6154
2672
6963
1
3275
2019
6441
8034
4812
5656
649
563
1915
7169
1611
746
2864
6177
1018
1904
5555
4904
8573
4848
8011
8324
3585
168
1374
4069
4253
7606
6363
3476
8699
6273
2379
4221
5262
1009
2211
4102
6683
1498
7071
6765
7017
8531
8230
1729
5125
457
7157
510
8085
6929
8352
3750
2916
7991
4740
5260
6751
3034
4953
5663
7959
6304
4493
3848
5882
446
8047
2165
7986
6299
7590
571
5855
2633
2741
239
4847
4531
1035
3733
225
4343
205
1840
2110
69
1591
4306
6603
6413
3971
5330
3973
1747
5176
1248
6305
4597
1333
7944
186
8689
4326
2646
5590
7992
6781
3703
7402
1527
3196
4748
6745
461
4391
346
683
4320
4319
4017
3519
5504
8632
4026
5300
6046
4392
1783
3394
4695
1895
3239
3724
4898
3674
4268
3825
7956
6880
2727
3995
6367
87
6797
1890
1962
3728
3087
5796
6009
8421
1644
5117
3188
6312
5313
1563
8552
4435
6737
2534
3459
5809
2722
6368
2607
4205
8456
4499
427
4462
4380
1536
7738
4278
4170
934
5490
7612
590
7901
1607
2600
1410
7595
2235
6471
524
6578
3857
1362
5138
1589
7677
8649
4050
7502
243
4044
7227
33
8508
1791
6840
1746
850
8080
481
3896
974
5362
2012
7881
5641
3006
8174
8513
2844
6298
2747
470
8599
2942
2762
8123
7443
8179
6137
5969
1360
5788
6832
5651
7413
6319
126
8603
6001
5514
7155
8696
5885
2420
3689
7419
3571
3859
6261
6894
2078
1102
6459
1551
2892
8669
4584
1026
1543
7437
8565
2240
1712
7336
4110
1956
6195
4522
5584
4984
1494
7804
397
4919
2454
4276
2429
8446
1350
8583
641
7577
5806
8234
4365
1630
5264
5201
273
6551
206
438
2369
3272
1328
4022
7705
6771
1080
6355
3405
4688
6743
2828
2547
1979
8676
1039
2768
355
4751
1859
97
3439
5318
2644
7129
2348
1438
6163
8375
3159
5990
1740
4458
7068
2638
1079
8364
2136
6908
3409
8067
1963
1047
5884
2952
6968
5433
5209
4009
6693
5289
5012
3732
4153
4736
109
7587
1088
7453
801
7411
951
5695
7893
892
6375
5901
7235
285
817
3939
4178
6967
865
4337
1446
5888
4835
1730
7490
371
7580
3862
6502
3155
1642
4460
4087
403
960
5398
102
312
8739
5222
1985
3779
7342
4656
3385
7531
5464
5027
8169
7118
8351
2959
3683
5019
767
6282
4375
1489
5919
4701
8251
3507
4252
2206
3307
7206
7328
5268
3284
745
1484
124
2459
2410
7208
4363
1212
300
2155
5541
6141
6434
1561
4864
584
6155
8129
4772
8277
6260
1501
4838
6581
6178
6320
2133
1625
4063
8072
5714
3488
3448
4563
2496
2134
2708
5247
2893
1459
7747
5639
3500
1305
6709
6703
6647
8191
4058
5536
4598
4970
3182
838
4451
6987
5275
1309
1183
5388
3685
3791
55
107
5832
4673
4819
8613
8697
7513
4774
4514
953
431
8001
2157
3417
8416
3480
2898
2652
5828
7733
2215
8624
869
8154
507
5607
8574
5187
2063
6879
7940
3237
7849
11
5103
1339
4287
1482
6848
5452
6420
6399
4217
7223
7383
7395
5331
667
4816
7540
3481
3710
4154
5762
8750
2610
1753
1827
4349
2371
1972
2213
8782
2370
5038
3946
904
945
1885
12
2680
3183
6652
1756
8617
8168
2114
5250
4783
8742
2006
4223
4595
7723
4969
1392
7200
270
578
3244
2150
275
2457
7213
5228
794
2936
1455
2258
6314
592
790
2667
2144
7888
806
8458
1538
5912
3872
6156
398
6849
4377
2745
3277
4680
4467
7886
6990
5151
3743
6497
2500
1645
5089
3393
6197
685
6791
4071
1677
3664
3288
2359
1867
4138
505
4622
5859
5711
1462
2532
2139
2591
7751
1945
6899
3218
8646
2208
2598
2353
6746
2330
432
7267
8115
3548
4766
7032
7662
6627
3972
4575
2081
4445
7124
1404
1684
7468
5017
2243
6689
5661
7813
8487
3618
4755
5527
88
2482
7532
6932
194
8371
548
8485
1925
1344
5147
5185
238
6571
7860
1235
1351
4738
6510
4547
252
7614
5737
5466
1111
3086
8785
2530
5648
6411
1762
1931
8754
6326
393
4829
985
6060
1557
4808
7946
327
805
2174
5550
8157
1865
4619
2677
2937
4081
3392
463
1243
2180
6024
5636
3468
6443
3095
7207
3756
7730
3804
4548
853
6238
2332
2032
2946
990
8590
3144
6839
2569
7584
6405
2378
2257
1439
2014
5108
2280
2989
3621
5650
7442
3324
1315
4537
2317
3464
7178
706
5407
1652
2991
725
4015
2119
7085
7555
7180
5008
6484
6914
2486
3835
2448
7701
8384
4931
910
3996
388
4336
6161
8256
8064
3561
3052
5771
6983
7832
6499
6805
3631
6742
8258
4151
6624
23
551
1068
453
3311
2859
50
5758
6867
1668
1965
3374
8665
2564
3447
5686
401
6064
2838
7507
7914
2903
6389
6293
6095
8671
4821
7968
6888
3622
5307
3720
5384
2055
4162
2271
1893
1031
724
941
8071
5283
3797
8625
4668
3408
1412
407
428
3266
1218
8397
3829
6573
8766
2911
2714
3300
7486
5409
3424
7563
3794
7960
3912
5217
136
6950
5983
6687
4152
2979
6203
1222
5522
3325
6546
544
2548
3679
5549
4093
6540
2172
370
1189
686
1887
1153
6428
8475
7782
1069
5952
6679
6254
1988
2507
7253
7620
4663
1570
4785
4853
3180
8350
2830
6959
4083
3820
7560
1448
5047
1641
3521
477
3648
5213
5812
3875
1304
1946
6505
6670
4279
7613
2472
1714
4546
5646
7670
877
3838
1199
1255
1999
4934
6792
2085
4313
8775
7785
6339
623
14
6278
3642
8657
5208
143
2091
7864
2617
5254
933
5306
2224
3905
516
3099
4035
1672
3510
3416
7524
2199
3341
6215
4820
4709
3793
7533
6004
2945
2803
4517
3354
712
4780
154
6946
1105
7338
6808
8606
5518
7403
4456
5315
5981
913
223
3015
4562
8026
2823
5745
2373
3588
7398
4716
5233
1011
7851
862
2668
6712
8177
3938
3452
7005
7000
2690
1163
1488
6970
3465
3891
4036
8622
4121
2779
1377
3497
4147
7718
6630
3504
4732
4395
5271
803
5024
3001
1497
1722
2673
2531
7363
5647
3572
5948
7801
7382
3858
1114
41
7397
1987
1006
1966
7274
825
3518
5412
552
6634
146
8778
1464
128
7364
1207
4164
6822
4097
3127
3355
4573
1170
8571
8644
1821
7875
1236
7070
5929
7489
4974
6838
8433
5729
3729
2519
1291
5367
6859
3556
7643
1583
1717
8495
846
4877
3209
1555
3615
5783
5291
3216
3534
3746
418
8662
627
7142
2207
8306
5898
5830
7254
8691
7658
6366
5726
1338
2613
766
2098
7312
3043
6744
6504
6365
5359
4576
4625
2395
4297
1327
6007
3150
199
1806
7659
1534
1352
4837
8503
5675
1234
6184
8427
7924
3540
1851
4077
576
320
2966
8635
7493
5317
3375
7942
5011
5928
4683
5937
2132
7262
5732
4463
4634
4199
5453
598
2077
8245
8609
2425
8386
1159
6017
1556
3638
114
5791
5634
2636
5101
2227
1038
5059
3184
3173
1124
1206
8346
4513
2047
2827
1842
5223
5692
8737
2670
8037
8537
1416
6329
964
3941
4132
6096
25
5076
2621
3894
4807
1130
111
7808
7908
4098
6418
6750
8479
887
4532
6920
8125
5013
7198
7062
4570
2715
4707
2975
6449
7828
2038
8378
1271
8076
3220
879
8407
5440
4397
8712
1831
6303
5577
7263
1835
5939
4954
4666
1135
117
8498
1584
408
8588
5993
7949
4167
1733
2634
2876
8771
4583
6330
6485
7069
242
5429
4134
7926
4111
7088
5128
2709
2905
949
7293
8483
1427
6165
8602
176
4809
5033
546
573
2775
4977
1452
7999
6066
157
4021
7251
6984
7790
7661
5350
4450
5476
8679
7696
4202
8678
368
82
6923
6193
7039
6532
2729
3434
5064
5880
5908
2960
3515
4535
7727
7725
7894
5977
5129
2760
6488
1284
6858
1263
5087
5251
5259
5509
2713
6486
6416
4043
2409
5083
6322
1639
2043
2701
4910
1120
4332
5042
6317
1875
130
7899
7116
905
4136
5405
1839
1606
4166
3267
8289
3250
2814
8203
2781
6419
4566
5263
1364
7687
4902
5985
444
8438
5465
6626
3177
5519
6335
289
6655
