6501
7869
4738
7801
1402
886
6129
8164
2044
2970
8789
5710
742
8236
5939
6928
6759
2915
6100
6566
3413
3867
8506
693
6206
2185
8348
1093
8462
2932
3103
594
6755
2103
6199
8771
522
2673
210
8368
2175
1634
6770
3336
6521
8487
7845
6319
4147
7182
5991
7952
7600
488
3455
2352
2094
6428
544
5295
4039
5758
2001
2178
2282
4907
3277
996
6367
7037
2623
1279
382
2735
3041
3335
4187
3171
8608
5407
266
6373
7244
4639
4912
1593
4324
3393
2324
4237
4607
8087
3046
4586
6342
625
3126
878
3661
5212
751
2924
8555
289
6153
8494
1818
7886
3162
6023
225
7951
353
1585
5117
2628
2146
4434
7821
370
4855
3991
7464
2823
2164
7158
3511
7493
2555
8648
2641
1640
8590
179
7322
4278
4565
2256
180
3260
1300
3967
4271
1238
5245
7844
5450
8120
8594
3559
4408
5955
381
4597
3734
5950
7302
8230
3013
2205
7592
3989
5930
8137
7347
4179
4105
3544
8198
4632
2765
7463
7349
6911
6377
6533
1312
2550
1776
2787
6407
4530
5524
6561
6266
4496
2399
5318
3789
5266
5193
6536
8326
1765
5967
2114
4876
5639
4782
8047
4991
518
813
4301
2446
4616
4694
6632
8340
1669
2046
5659
7716
8197
3379
1048
5412
3793
3791
4830
7010
1722
4911
2926
6893
5409
7901
5919
8112
1650
7876
7870
4903
7880
2778
6806
3460
1081
7786
4826
1097
4944
2759
6820
4897
6077
7842
7611
4465
7655
6335
539
5592
3581
5757
7183
1841
5396
3926
1384
238
465
8560
1174
7245
973
8403
7900
2987
6736
8537
4953
8287
1562
2395
2687
199
3473
1194
8550
6900
380
7070
826
3341
3862
7251
8288
2
5652
3719
8438
4870
1937
218
3956
2023
6132
2095
7406
6043
6032
6880
3478
1814
6276
8580
5452
1100
1349
4715
8744
7111
1330
1307
4778
5306
4828
1132
5244
7204
5097
2618
1960
8308
1918
7075
2361
2732
386
4405
8766
5456
2364
141
3746
7745
7453
8046
3471
8427
7735
1072
6164
2060
3094
8451
8398
4964
4687
2010
3714
1419
4975
1778
5999
6730
2527
6828
4575
1461
6810
3817
441
2149
8052
510
1476
8544
8224
773
2047
8327
3385
1509
2770
1380
2638
2745
1092
417
7909
341
6936
3498
2834
744
3558
7371
5843
1522
6092
2558
723
2574
2698
6170
6757
4729
1519
2269
8475
8253
2174
8290
8223
7024
1654
860
335
6881
7789
6741
547
4774
5312
6785
3325
5912
669
307
8057
4210
376
7274
4788
4245
1178
3044
3374
163
4000
2239
4874
4995
6036
3585
29
4132
7178
7477
6122
3249
5187
7226
8424
237
4655
7927
7670
6555
4309
7865
2982
6200
3702
5768
1465
5750
4674
4453
5467
6794
6735
4170
2401
3983
4311
8373
3865
4805
8257
3759
3942
891
2349
5293
7260
132
2902
7390
4276
5860
6394
2664
1068
6190
6946
121
211
5136
6261
8579
2960
63
4865
3181
8092
6202
7353
6421
2985
7166
6825
8443
5466
7021
1729
8782
797
3240
2528
7305
5211
4140
2998
590
258
7501
1466
1378
6213
2167
6522
5737
1304
3069
7265
1532
6836
8200
3447
1571
1129
5171
114
6916
6192
5004
6015
1931
7334
7797
5157
1513
2717
5503
3472
5532
8706
1038
2187
7030
4376
4516
5979
6952
6364
5161
5658
5917
4155
8479
688
3414
395
4481
5665
5580
976
5861
4484
2356
782
6273
6577
8074
8685
2129
5644
3167
2127
5175
7358
3654
5402
1154
4353
8186
3296
7343
1972
7145
8718
8118
3380
524
7619
2132
8447
173
665
519
6955
5308
1858
4029
2281
1004
4222
4555
548
2561
1185
4917
7539
6906
5550
8620
99
759
7336
322
1831
2271
7803
2169
4096
3026
4622
4013
3023
1257
731
964
3329
6499
2328
6604
1070
1683
7238
4743
7326
3519
8519
785
6049
4557
4590
968
7565
3978
4869
5365
365
6162
5862
7706
1625
6112
3662
8279
5863
6083
401
5112
3106
1150
808
3886
5059
3845
2461
8575
4111
4249
1742
2951
5802
2559
7676
3500
3920
836
4810
4163
145
2453
447
3135
85
5505
4081
6786
6039
6871
6968
6948
2013
5713
4064
5934
2357
8762
1280
8628
7242
4240
4310
1706
4386
5717
9
3889
3097
7593
8309
3584
3954
1149
1027
4742
3855
3739
230
1553
2381
3516
2452
8338
400
1055
5319
1938
2654
1805
7447
6903
2803
2251
2646
6006
3324
1469
497
7474
4390
5727
8054
6977
8571
3345
1608
1339
4290
3497
7013
1316
554
1075
1128
5554
1829
3783
644
5488
6361
6195
4665
904
6313
5076
4178
5867
3085
8781
6255
7986
6563
3632
2941
1123
6323
6045
3389
330
3445
1028
6029
2050
5088
8103
913
6366
339
3211
2020
974
701
8306
8515
8719
1423
1774
1033
5251
629
854
4835
6353
1133
900
7236
5192
5426
7421
664
1527
6989
5491
7029
795
6902
6408
8102
336
2849
8774
921
7319
2275
6851
7089
5382
1327
8178
4446
7738
5449
7425
2069
5254
1235
5773
1616
8721
1728
8149
4432
304
3963
2327
7441
5903
4228
5042
5654
379
2406
7392
7113
3438
7081
8105
1043
4186
4809
7730
995
7461
4646
2738
6176
2292
4563
3238
6147
3248
6704
4640
8328
7084
45
7179
8320
6778
3469
8709
5541
1099
5410
7637
389
5531
2064
342
2451
2449
7335
8688
7303
6272
1685
5463
8066
537
6393
2891
7491
4702
6599
6699
8556
8252
5563
6653
5557
2083
7452
4654
4551
2906
5047
5126
4710
6527
5416
2367
1550
1966
1383
6601
1785
7771
5174
3208
137
6815
1201
2028
8059
7320
638
1556
3268
8592
2417
5053
1915
2893
4215
7219
3749
2337
3772
3869
4467
6565
6474
6120
5279
4104
1626
168
5256
1563
8116
2977
1285
569
7715
1787
6932
2200
7877
6941
6346
7753
2351
5248
6696
5996
7778
2223
2714
532
6809
6138
3130
1109
8249
6292
7775
1348
2658
3592
682
2280
2090
4295
8670
7077
3659
1225
8210
6756
8604
7156
5916
8526
1994
3334
6171
7937
7513
5322
5869
3629
8754
3480
462
7649
5809
6320
7229
3430
7667
5736
905
4304
5400
2447
109
4677
3148
3776
3063
6540
3799
6031
6692
7833
4448
7654
3962
7098
6764
5734
1098
1955
3235
6708
7509
717
7826
2513
7379
3828
944
4904
2386
5113
1458
2366
3993
7530
2277
4522
8656
1440
5637
6204
3219
8419
3673
8522
6691
4537
7248
4184
4441
4582
8708
8255
8225
7840
8671
3237
3433
2859
2171
2407
6040
1875
8639
2183
912
3198
506
4479
2809
228
2535
3311
138
5519
1885
789
4833
4098
7416
2922
5356
1231
6913
6753
8682
2284
7687
5343
3742
4282
1407
7401
5214
702
649
5743
7560
1145
3354
841
6510
541
4052
6596
752
3364
4344
5850
8335
2509
7061
2091
4592
683
8421
1861
5408
350
8488
7720
6333
3992
6935
4413
5142
959
2788
6237
2831
2608
653
3174
5246
7131
4426
3331
982
7938
7889
933
5358
7623
660
6720
5844
5379
2072
3717
7946
3384
1050
956
761
5364
2037
6961
1844
3529
5889
707
5418
1791
8742
4258
7278
74
5884
5847
343
1682
7159
4350
1510
1115
7805
2716
72
814
1506
4999
2670
7528
7740
5759
2870
1975
7985
2319
8761
5731
1500
1935
1268
2613
3166
4425
3402
1898
4008
1696
3229
5602
3428
3266
6724
1325
2821
7704
3745
4175
8473
6466
5556
5202
7434
1618
1824
5753
7554
6814
575
6155
5866
2042
8723
8234
7068
2317
1189
3733
67
8156
4894
1107
8356
2544
5035
283
4625
1891
8460
2727
3871
1305
1488
233
1198
783
3050
5196
8220
4543
6863
6979
3589
7235
6751
1414
8763
3505
2680
8431
6034
2433
5786
7014
2414
8374
5577
2058
7788
4858
5684
1135
6024
8668
5655
8647
5679
4570
7894
5989
445
4404
1725
1698
1651
6772
7462
8038
6069
2630
4028
3346
753
2782
2466
7538
4361
8622
6086
2199
4797
8751
1672
3245
2562
4736
867
6156
3357
863
8381
6226
5697
8274
5880
6888
331
204
7691
4733
6582
6059
2999
4382
6301
3305
6414
1784
7200
4657
2348
6254
7043
1740
1131
1060
803
3548
2968
865
1676
410
21
2106
2634
6481
4981
6161
1271
2462
6921
6309
5107
8393
6545
6310
1932
2851
6934
7873
3687
3081
1707
8035
2813
6707
8072
4027
2672
4709
8737
6616
3767
1306
6654
6768
1507
6382
5762
3244
6068
1959
7473
8415
4006
1245
4538
7430
8730
2952
5190
8686
8171
7905
8461
6817
6307
1006
2644
7922
6205
8091
3253
7312
5852
3349
6091
7784
4243
7318
6243
5373
6142
2486
7448
3608
3814
4529
224
2403
4151
1056
7854
5172
6173
6994
896
8140
2512
7906
8058
5662
4247
7603
3637
81
1792
2008
7998
6787
3145
1971
8638
5978
3764
3825
3651
3958
4750
2829
7726
7987
1598
1094
7703
7959
5821
8457
6789
3378
6870
2754
1177
8583
7945
5864
411
4191
2571
56
2230
4887
1567
5327
4221
7926
605
7152
2063
5184
4315
6886
3313
2501
663
619
6084
2586
2080
4417
1713
6357
631
8520
1101
6534
5719
8587
3763
2594
6957
7175
3190
543
4929
945
1964
2933
6143
5229
749
1825
6873
2141
924
7643
4664
7329
5182
1967
1289
3561
5351
2214
3743
3499
7090
1281
8166
160
1326
2265
7185
7852
6788
1533
5438
4007
2426
7682
2816
2662
317
6967
4206
100
6177
4839
7047
4502
7541
7427
3343
6925
4859
7239
4483
1998
3189
3539
4885
3555
6189
6575
1757
4942
4477
1432
4491
5132
8677
771
4424
1745
7506
5303
1134
874
2572
1484
7419
5342
3522
7308
2545
1148
3217
1710
5711
2293
7533
7174
4093
2996
54
7500
500
2862
6747
1497
27
7773
914
4022
3197
7748
681
3671
7045
1244
7232
4827
5735
604
1431
6850
3588
4263
746
2186
3547
5397
8542
6842
1013
1031
5398
1840
3284
1596
6439
564
963
3262
2157
2880
5215
562
822
1538
7675
6613
1738
1515
3216
5730
2108
6727
1843
4495
8697
3087
158
677
7133
1078
4046
1736
690
618
3816
50
6950
3737
4776
6872
2779
1633
617
6246
3949
2722
4067
4103
3663
4457
5729
3391
2481
8380
8657
6013
3194
6776
133
2792
1262
6228
7983
5594
2192
3716
4875
3495
4252
7599
7596
8426
7575
3823
5873
320
2126
3180
1253
7525
7099
3002
1143
1797
2581
2294
5848
7891
1161
2681
6193
5992
2297
207
4313
1065
3251
1693
4982
1982
8712
927
7705
3
4602
3735
4837
5239
6866
776
1369
2470
7737
5332
2801
710
4223
3542
4177
5109
2911
6007
4698
8747
1137
6792
942
8483
1481
8082
2649
4401
5281
607
6475
4626
5900
3770
3111
3355
8281
6568
1954
8139
8465
7727
5234
3782
983
7809
8406
119
4740
3278
6769
2551
3160
576
7165
2308
3570
7832
1741
1714
8004
2225
6299
6019
8408
5062
3451
1653
1464
4293
6216
568
7144
2213
4154
6212
4351
5361
4734
3140
4540
784
5296
3510
919
6141
2355
2819
2450
837
7630
4284
1089
6944
1298
303
4721
3781
4047
6652
8264
14
2947
8514
5647
809
694
8710
6657
7250
2822
502
582
7915
8060
7591
5419
8482
2768
425
6623
2323
203
7375
2838
6528
7824
2925
3201
4933
7234
6690
7115
8043
6392
8662
3554
7802
7896
38
7218
1517
8324
5714
190
2104
8049
5233
7457
6066
7942
1580
5317
7151
8040
8158
4158
958
3492
3800
3597
8010
5694
4088
7849
1277
1828
1395
2567
3259
5345
4057
8184
7408
2815
2092
7838
5041
5533
2075
8576
7352
8232
1793
7192
2826
5944
3360
3486
5261
4781
1837
821
7108
6672
5230
3576
4723
2420
409
8212
3319
1104
5031
1730
6409
8502
5674
6717
253
5432
3851
7583
65
3900
5680
597
2101
7482
6673
7129
5590
5089
7032
251
3842
4716
326
2772
8641
3298
8312
3165
2914
8301
1930
2038
66
7415
1574
1794
5776
170
613
3437
2814
5372
4346
4464
6564
8600
6008
7534
6586
6011
3812
8474
5341
5728
6646
5079
1086
6535
1345
1801
2166
6746
1121
1463
3030
7405
4892
4211
494
3728
7012
8378
1629
8717
3797
313
4735
19
5366
4070
1872
8315
8096
1547
3838
124
6144
7139
4089
3372
7325
4541
6808
3110
4115
276
249
7517
2224
6324
3196
8434
5725
5411
120
8013
8174
6929
6953
4545
6263
1467
1234
3184
6670
262
4074
8031
4055
6865
4492
2677
3049
7279
5309
3721
1320
3287
4656
2125
7984
5158
6655
1802
5144
6981
1167
6801
1096
1504
5199
656
7762
651
3028
6081
7273
8425
6835
3273
7209
7798
5217
4078
1664
3088
4207
5009
8528
4188
5918
4004
2983
8665
525
5583
1715
1718
2820
1821
197
2736
4938
3948
8254
6571
5135
2864
2067
1324
6622
5141
2036
3941
2981
4843
162
949
2330
4458
7586
5005
5732
6396
1053
4343
2322
7764
1381
3935
4987
3813
7689
8627
8221
2971
2325
7288
6718
1965
3055
3957
4714
3214
7100
8303
4618
5739
3368
6726
5027
1022
3568
2671
5589
4238
514
5209
8498
8707
1204
6004
7825
7855
5108
2207
4925
5959
1059
2905
7487
1520
8752
8129
6114
3399
4724
4670
7835
7532
4950
2316
5672
5838
3613
6405
5670
2440
4857
134
4061
8027
5170
2477
2475
1195
6943
7116
3052
4352
8260
4508
1866
136
426
3047
1870
2625
806
5913
8568
7280
8142
2529
7759
7436
3232
1269
5346
4779
7399
708
1237
1808
166
8363
5997
287
311
83
264
1247
5435
8262
7080
5921
882
7263
1977
6477
5517
3462
3821
2751
1855
6914
8033
3250
4375
6119
8454
5022
3091
3995
8531
3852
1822
5572
2636
110
3876
1605
2015
6321
384
8603
2688
2026
1853
3209
2592
2442
1416
267
6742
6811
8660
4259
5974
8645
7000
