3011
8145
4022
5880
7328
6000
8659
2220
1052
172
3422
3972
6741
6694
11
5813
6605
5864
6849
1638
2430
3778
1805
4260
3654
5475
2718
6019
6696
718
6759
2831
5032
4141
2999
1308
5745
8141
3612
7832
2584
766
3226
6451
583
2701
1688
2887
1240
8139
914
1450
7217
8566
2799
7096
8638
7248
4872
7435
1640
6280
4268
1938
8154
17
8716
923
2636
8671
7166
8643
6608
516
4079
1495
3582
2551
6228
4032
3029
229
400
6130
2590
1844
3382
5980
8313
936
5237
5722
1964
1274
3132
3375
8189
8405
7503
8067
6956
3397
2282
452
2832
8327
7454
6917
4273
8454
3136
7553
2191
4186
5310
8061
6724
1878
3154
2486
5948
842
744
338
1583
7049
81
179
1877
2671
959
1293
5180
8118
3655
3911
1035
4152
219
7597
1578
390
8215
209
6653
4061
3980
8725
6770
4672
5906
685
8211
1496
223
7937
1348
6371
7551
6348
2322
621
3879
6942
6417
7898
6475
4933
6704
4510
3179
5208
7190
8599
2408
8690
6588
631
2143
6727
2964
8094
6774
922
3703
1746
5043
6385
6183
7169
6663
1914
4490
1141
8686
6486
1428
7549
5886
7501
4975
5236
7059
4689
5086
3096
2942
4411
5018
8687
6685
7366
2929
6635
2604
8611
7535
2705
7586
3528
5295
3610
670
188
639
7534
3257
3679
3594
8603
7569
669
4814
1689
1546
8008
4904
8647
4886
2124
6476
8224
1210
6692
8514
2734
3995
1653
7200
7152
5547
2110
6586
8414
2341
8769
5546
8029
5837
3898
366
6416
4485
7194
6082
4244
5867
2497
2508
6903
6392
8052
2284
5664
5232
6104
1104
6353
677
2454
5454
4020
4142
7242
7358
5844
7808
3688
7090
16
4099
6073
2470
1086
6252
112
1077
3450
6320
3128
502
1891
4729
3442
4800
913
8264
433
5637
8365
1698
4347
1071
2058
2730
1112
187
3738
3997
7093
8257
8486
5093
991
1152
3642
4051
8146
1426
2259
2852
8582
6686
6129
3810
7419
7963
8329
5572
645
1743
4625
8677
4694
1012
3872
5394
1566
4538
5855
6508
5388
6193
2306
5105
7524
5267
36
4725
7646
2617
1090
3287
1601
5788
2253
1074
2859
3848
1126
2685
4322
8381
6551
6886
171
2443
4942
5954
7286
5995
5524
5045
2948
5628
7427
5796
5573
2440
5815
6662
7673
5749
7934
509
7825
7924
3691
2754
8248
2004
5612
6518
7793
162
116
3084
8711
4508
8383
3003
5809
33
8002
5333
4642
6581
8295
3942
7948
1729
5278
2459
6681
721
5984
3733
7280
4445
5999
2490
6577
4235
1263
1823
4018
6286
2260
6585
7341
379
5365
8783
8206
2893
1232
2913
4907
5922
3798
3936
2264
8065
5226
1944
8654
6756
4823
1249
5920
196
6709
4949
6902
6847
1155
7384
5921
556
1015
1291
2157
5102
8706
3979
7125
5098
2295
6910
2244
3822
3744
8367
227
5793
6621
7610
4553
3445
4453
7733
7309
6359
4916
1752
6289
5039
1000
389
4118
3697
7388
7417
6096
3421
4773
5451
397
1216
7285
5647
5818
7899
3505
5521
4566
8697
8396
7859
5221
8352
879
758
5312
1116
8336
8509
5500
3181
2119
7492
3374
3094
759
2778
8374
3607
5316
6370
7857
23
6041
4898
6937
5724
399
4362
382
225
3769
57
408
4455
8737
5902
6804
7355
4600
8355
459
8252
6240
5820
1876
5710
6936
2009
2000
7526
5735
1366
4258
1229
155
2234
4127
1781
3833
7800
741
4590
3019
1521
1281
7548
4519
2534
8734
5836
5152
3488
10
2219
5604
1278
2381
1605
2548
1327
2527
8467
3030
3645
372
5405
1082
6192
7731
802
6197
3153
339
4040
7021
563
731
150
676
4462
6186
2695
6668
7639
7371
7069
6819
5347
2978
3716
1078
1471
3719
8354
4525
747
8636
7560
7873
7945
279
2028
2787
7715
5131
5598
354
5589
5425
1440
7114
5314
3791
6871
1037
3041
1525
7691
6896
1237
3502
6411
953
7385
7157
6023
7618
3260
4036
6178
4678
5210
857
5746
7761
926
1853
66
7208
6647
304
7223
1010
2749
7977
1079
3913
6544
7476
8050
6367
2720
2252
3787
4557
3772
5126
3692
2874
2458
5738
2161
7687
1833
45
6955
6139
2785
344
1990
370
3425
4422
4855
348
8205
3871
4387
4488
4159
5802
1065
7067
8598
8377
500
3217
8117
1516
7648
3047
7363
8565
3202
1648
2359
6244
523
401
7258
4588
4237
5634
1646
736
6609
4128
4867
8786
89
5341
4962
1246
7483
501
8210
555
1701
4810
8529
3104
6343
1255
4076
4187
2272
62
5111
6639
6952
2935
6078
867
640
876
2415
1596
2623
8121
4045
4316
419
6349
1367
2678
2498
6169
7080
4576
1679
2330
7298
8700
5063
6666
2421
3685
1466
3214
5279
3669
4727
1574
5570
1003
4717
6268
6
7357
8088
2192
6383
6443
7819
34
6364
2050
2339
5659
6993
7325
8073
6281
4696
4331
3436
2711
6358
5021
8617
5595
7239
2169
791
2100
2836
8620
4054
3267
6973
8072
4785
7957
3303
3559
752
123
3774
7211
5768
1580
3048
1626
835
7813
6798
5423
2056
1046
1979
5439
3976
8428
6619
6439
5807
6928
4163
105
2567
8645
3729
924
6546
7754
6466
2075
3956
1524
7237
6957
4660
7312
4587
1615
5601
1995
5489
7630
6492
909
201
5799
578
7615
5718
7930
8175
2526
1138
7570
8363
2389
2094
4923
4195
897
1511
7732
6387
7637
7066
8640
7608
7738
6299
7035
3
5951
4574
4080
5391
2363
5744
7778
5669
6632
5675
4946
1968
1941
2605
7304
2607
7225
2478
3372
1319
6708
8496
3819
5113
5056
1254
3584
6794
135
1594
4595
5231
1537
8702
7141
8663
1194
1514
6739
295
5328
3909
7667
4021
5610
6482
5872
6682
780
5888
2622
6285
7801
2076
7337
737
532
6072
3723
1004
4240
1375
3455
2240
5002
6737
25
4802
270
4436
3015
7829
4162
5846
5925
7040
2386
6066
4564
6820
8087
2040
3684
7617
2280
8470
5848
3447
1382
5990
5048
8197
727
4551
3635
5269
648
4621
4239
3415
4246
2431
6702
4335
5075
6060
7007
2199
1531
4084
7919
3962
6298
3949
1318
2305
5717
3581
240
944
5828
4535
6106
8597
3808
971
4768
8307
1824
7305
3573
5050
543
8680
4507
6288
5801
1241
814
3190
5593
1371
7260
810
3711
1063
2402
8482
4868
7428
4448
4840
7277
6444
7580
4185
3200
5147
8408
8258
4217
7287
6446
8625
1068
994
1256
195
7729
5561
992
6872
8138
3169
4684
5528
7911
5376
3853
7431
315
2307
3937
8398
1661
2395
3400
6148
2003
3042
5678
1738
684
1841
1758
3302
4062
4736
3299
75
4275
1974
5424
3837
214
5884
3279
67
6122
8097
4874
5871
8198
5779
6772
2231
7727
1373
1532
177
2450
2387
1984
989
7736
2104
6375
1432
2113
3714
2016
2977
7247
5455
4086
3943
8027
1982
3802
1753
7279
1849
2844
6636
5966
4255
77
2819
7045
1986
5199
851
6334
3895
2533
2271
1871
4158
58
826
2595
1922
7078
5940
6092
1431
8507
7869
988
99
474
5706
6291
1167
609
7017
8437
4276
8310
8546
190
360
1016
3191
2596
7533
5107
4338
4117
4182
1070
8239
655
2955
930
6174
4544
1406
8719
5289
5471
4997
2393
2326
3059
7718
6144
1193
5690
5329
3313
1125
3253
5619
8243
3941
1350
8006
6671
3087
2008
4179
6098
409
6521
8289
4201
8319
7460
7944
2080
7521
2081
5577
4480
993
5296
4980
1933
4881
6046
6908
3133
2114
5060
1620
5149
8039
6626
889
2817
943
5285
6503
4367
7087
1182
122
6979
2889
6491
2564
8717
4248
1981
2812
8536
2585
7046
4222
2951
3882
7981
5571
1284
7590
3408
746
7969
6287
4043
2118
5896
1111
6643
1049
884
2851
5830
717
5110
193
7809
4012
859
5574
2853
2375
5556
6763
5088
431
6880
8583
2669
8253
6158
672
2350
775
1298
5988
3496
2303
4468
1562
3329
5015
1783
487
5332
1910
1989
6293
4549
6658
1444
8579
4088
3801
3429
5575
5262
4477
5377
92
5945
5070
3506
3351
4831
5185
245
6195
1999
7495
4308
6600
7383
1856
7137
6107
5019
5881
845
8105
8592
5681
3171
1159
8322
596
1657
1633
3873
6084
1778
4014
1499
5271
7008
925
6549
5565
2657
7879
4990
4167
4267
6453
5273
3758
1238
3198
5403
5355
524
821
5359
4192
6311
6705
4522
2017
8596
5407
4424
6931
860
1132
7655
570
2163
5554
2875
178
816
2127
4481
6079
7605
125
1939
3876
111
1094
4214
954
1722
1832
4928
5457
1272
6618
7780
2821
3948
19
1696
5140
6891
6316
4746
888
5728
3437
8432
2941
2808
6431
6090
4534
4945
7253
7367
5805
5235
6020
5622
6002
5485
7807
1434
7676
841
7288
1965
4025
3320
4370
1174
1418
1339
1481
5068
1873
5460
751
8133
499
1253
7351
5071
2634
7571
4924
5633
3825
6572
4153
2541
1309
2164
1732
5473
5841
6015
5000
1122
2577
8265
5214
1544
7127
1362
2959
489
1297
3780
8184
5182
2563
8726
4039
6836
4052
69
3503
4808
8337
2474
5115
7568
7065
65
1257
7584
4540
3483
1608
5378
1870
2136
2740
2719
7697
3305
5450
6637
4412
1494
3069
6202
4213
8629
2256
2314
8541
7803
5729
777
1772
7263
3710
3526
8695
3232
6887
8447
7734
8789
4106
6039
2190
4451
2973
3623
4136
5119
7858
7810
1636
7988
5479
4912
5963
3668
8584
8418
3576
1512
7582
4592
8333
5625
4174
2030
3083
8746
6748
8183
6997
3238
6454
2540
4238
7441
8034
4909
3406
7497
3932
869
305
682
4145
3644
5883
4402
950
7619
3666
4309
5029
5055
1279
4523
3767
4959
82
5306
5041
762
4215
4496
6953
4465
7131
1713
3461
132
2374
1731
6043
1058
1505
2939
238
8572
200
4638
3885
3900
8023
4155
2674
7545
7712
7479
4594
2950
8649
2835
2694
2519
8699
2382
5700
824
3174
3914
2435
8378
5290
8317
4418
8787
4620
8397
6589
798
3092
3569
3254
5733
2249
8518
3782
891
4836
539
8580
4723
4380
5955
4957
1785
464
5657
6007
4175
546
2944
1684
1118
2250
3816
4718
3926
292
2784
7300
2039
5939
4456
549
6900
244
5553
5758
619
1884
6779
8306
2445
5778
4686
1273
2804
3176
3916
7113
6176
6189
4653
3219
1960
3064
8766
3381
1165
2898
5667
3830
6563
1043
6515
5783
4364
3638
7759
693
8494
2899
2054
6329
8159
2073
5104
1230
5401
7132
8120
4763
7316
7603
3441
239
2499
6300
6995
7142
1067
2506
444
6331
8713
4063
8431
8229
7205
1283
4225
4272
1157
6393
8503
5319
6970
4476
2261
7893
957
4332
3672
2214
7799
998
2403
2276
3795
5794
951
2574
5568
4513
2290
906
2296
8053
232
7020
7690
6138
6275
7489
1392
6948
4789
7255
2301
6352
4001
8320
3649
5160
7231
4161
5712
703
8419
1324
7500
3327
6506
976
1652
3325
2055
2101
1404
3016
2861
4469
4674
1925
691
6204
3517
5600
4838
8280
3371
8188
1962
3266
3031
2018
2998
2522
6267
8421
6083
1534
2224
2907
5949
3099
1576
6314
2900
2560
2738
6105
5513
552
1437
5462
8402
3453
8754
6448
7806
569
6786
5660
1435
6045
3565
2904
8430
5519
2583
2361
7408
6998
2141
6652
6087
3631
7918
3639
1903
5654
2781
6301
2066
2681
5409
5281
1745
4028
5121
2640
5073
3017
1593
2455
2987
4359
8779
4410
562
6068
2183
7372
5539
6270
2418
1218
3548
7321
4716
2927
2838
4124
8113
3272
4176
2982
5798
5843
1845
7699
298
7885
724
7051
165
1759
4416
8390
2628
181
3842
5276
5730
1579
1623
5517
5037
5482
2764
5324
2148
6396
2098
518
7275
2487
6816
2903
7554
6377
4982
6258
7368
641
1011
1660
7563
6284
7106
3478
7623
5142
4776
7227
3575
6899
2796
2065
1791
6413
437
28
7871
4752
5540
2041
4391
280
2525
7611
6752
8331
1950
7434
54
3770
4263
3043
2399
8255
3590
1130
2516
8312
7411
5998
3947
3609
1630
85
4883
3294
4650
4797
4374
4710
5652
7910
6347
8483
4112
128
5081
3755
7762
3907
5468
432
3110
7745
1456
4282
6507
2647
8723
1839
3599
7516
6672
1517
2024
4673
6735
1558
675
6982
5067
8403
2511
2313
8767
1859
3708
7226
707
6669
1588
2372
3554
2222
1991
2774
8321
2938
4993
6131
4644
3074
7299
5551
5155
6938
6388
6951
1851
6432
7163
6689
5368
3192
4599
2684
7301
8590
618
5414
8627
6274
8288
5456
7507
3539
5268
5012
3271
1943
6980
3210
7818
2639
5582
8156
978
7350
7188
3342
282
5461
5742
6481
4805
1093
2770
6006
7135
2394
7466
6853
4092
2472
783
2919
5792
7862
984
652
6823
1712
290
8041
491
1595
827
7726
3626
8727
7530
586
4297
6180
6533
246
8011
3434
3376
4431
679
4148
6883
3039
2975
7336
5944
5910
153
7709
4440
6646
8777
1454
846
5074
3010
5275
861
2553
4794
688
8406
7050
6565
764
1760
2108
5691
8451
1755
4077
8063
5145
5323
8389
8112
334
1631
7914
4846
4675
788
8635
5327
7024
4290
2747
2462
4658
2150
4558
8442
698
1179
6016
4019
666
4294
1908
7233
107
4894
8589
4706
6048
2820
4017
5677
5898
2606
7621
6850
7271
6386
8422
1809
7987
216
3775
6625
5676
2051
7101
8179
907
3297
4662
6102
5128
5641
8282
4755
8165
97
5580
8278
4970
3024
2328
2715
3001
7047
1377
32
4218
1276
8296
4699
1413
7103
4044
2624
6860
461
3592
8535
1269
3722
1787
186
1422
4626
7406
5970
3189
683
7266
4640
7558
3052
3982
4740
6523
3008
2946
2828
1288
6805
5030
1997
8340
1756
1472
7077
5515
6590
8326
6306
5635
6226
4180
3518
3742
8348
776
8387
7986
1100
4780
5787
8544
5626
4771
