5074
3876
1400
1095
3136
3595
1181
1025
4525
2989
4321
2508
1266
2459
4732
1188
2830
1562
3095
4348
2821
3666
1061
2786
694
4239
3224
1580
2140
2477
806
3870
4598
511
3293
3867
1650
2581
78
4590
2822
3336
3796
3883
1594
2820
460
4011
264
1268
4158
4716
3217
3169
4144
4063
4733
96
434
3302
4441
4245
4000
2986
4668
684
2351
1198
3365
1002
3533
655
3670
722
2275
3958
2240
205
676
1393
1691
4922
899
360
4874
4016
2011
2753
2958
4192
784
3874
2809
2516
3006
2333
982
4196
656
4285
3009
2564
4761
3892
4942
1272
1015
1667
2310
773
4383
4062
471
401
2054
1544
2629
1817
3074
4017
2997
1216
4828
467
3922
4699
103
2068
4335
4310
387
1777
2837
3722
4982
22
493
1300
3845
423
2580
1111
4064
2012
1283
1257
2194
2183
1923
3043
1924
2471
3710
1868
2132
1391
3900
169
4814
874
642
1724
448
4015
1495
1396
597
1191
4344
1088
1064
3717
731
2801
2991
337
538
2138
1907
2842
4028
1357
2773
602
267
1960
3347
2420
4884
4461
2063
2682
4276
1114
4458
296
1401
2436
2210
192
1159
254
3334
1912
512
752
3360
4539
1610
586
1671
2475
3059
2099
2627
13
1622
1145
4058
3007
939
3172
2302
344
43
3299
1693
4633
4080
1567
3736
1752
1652
2177
410
1930
1937
4847
1939
3184
2909
4653
947
2412
767
4754
2932
2322
3861
1438
5067
1528
888
3865
4153
987
462
1754
2659
592
4752
945
864
1531
2844
2435
3622
4937
2641
549
3144
4842
3690
1522
2015
942
1731
4484
4363
593
4797
4007
2947
3947
911
2010
3621
1166
596
4781
1214
1126
1748
2925
3744
1036
2449
3984
4844
1815
2778
1303
796
4332
4168
2394
2293
3725
4254
363
3563
1322
5048
4194
3701
4882
2028
133
765
1900
164
4454
20
3557
2049
3312
1107
4572
3809
4159
2655
339
2907
2827
970
3005
2978
702
3102
5040
1856
215
319
4536
4766
3753
1915
2620
2278
903
1136
4210
1637
1882
2762
4675
1647
4427
5030
841
1028
1173
1809
4615
1156
4149
4459
2702
974
1284
3578
946
1697
1662
299
1221
273
4247
3935
1443
1867
314
1890
4610
1038
1425
49
3536
4026
1475
3835
3996
4218
1294
3598
5072
3065
2941
5016
661
5069
2376
4862
2043
2245
4248
1342
2876
588
1838
730
855
143
1248
3190
4426
4437
857
4574
4562
633
4003
2545
5049
567
407
3856
4252
5034
3209
4179
4886
2173
378
3510
988
1921
3508
4715
2594
2697
3222
4100
244
3075
932
2602
3211
2227
3323
3961
1395
2118
1428
2707
349
216
718
479
5084
525
212
3719
2612
3106
455
997
2348
1378
700
2030
766
2091
346
3655
3124
59
4673
4275
465
882
750
2756
2705
2643
859
3260
2672
2770
4550
4728
2254
2584
3314
440
3730
316
809
3304
4244
4250
3475
3041
1380
4944
3937
3720
611
4987
3025
3210
5075
1262
4262
4680
799
607
883
3303
4878
869
3854
2268
1950
4135
1692
4941
4700
5068
964
2056
3979
2258
2156
4535
1677
2470
3352
23
40
288
2264
4651
1845
608
3374
2492
2493
3627
812
2355
3791
1163
1656
2541
443
3653
1568
1730
1974
2453
4584
418
297
3094
1403
4242
3942
2332
4981
150
1481
1448
4613
949
2507
4521
5061
4858
1399
4674
3699
2663
1872
2232
1555
3367
616
1524
2384
3307
4360
635
609
3905
2500
4020
4260
2155
4947
1607
505
3965
3675
228
1621
121
1104
4035
1434
1635
1971
157
3252
4619
2438
1831
653
2139
98
2749
1369
2149
4086
922
4145
406
2635
409
4887
2855
4364
1135
279
3444
2569
4509
2400
3729
837
2644
1679
2955
2072
1091
625
2879
3797
2157
3913
2059
1362
5011
4966
2342
917
445
1045
2474
950
3278
1664
195
1802
2732
3122
8
944
3620
1489
3135
2187
547
2703
265
4949
3852
3208
2463
1565
3487
989
75
2715
252
4911
1996
4792
4951
4411
3585
1101
3529
3418
4166
1388
2214
3123
2763
4466
419
4957
4894
2499
4972
2494
2839
4291
2286
3268
1305
3061
3813
1367
4544
2670
338
1726
4804
3651
3775
3395
1102
4373
4438
2945
3912
1597
5047
2378
3553
5023
4439
4511
2834
3788
4720
447
2199
1710
4601
680
928
3449
585
2562
971
3029
377
305
2090
3098
452
2282
71
1477
1415
666
695
4083
4372
1371
2208
4753
3952
959
4072
610
3205
268
1767
3754
555
2013
3556
532
4627
3344
1219
3173
1850
716
1984
978
584
35
2385
1460
1117
4424
278
4057
887
2018
1165
190
3327
3148
3479
3376
3053
1435
3450
4555
1933
4036
4347
2701
88
1706
4173
3551
