4061
718
2082
3175
4115
438
278
147
4304
4868
3223
3818
1404
728
2579
4510
1630
2816
1476
2119
4422
2563
1478
2410
1599
3923
1842
339
3311
3225
129
979
4033
2429
4594
4852
3892
3018
1957
112
3707
3399
4881
36
2703
1133
1562
1166
308
3933
3944
1982
332
4572
1878
892
1641
4898
4872
1569
2397
2248
3452
2098
3906
205
262
4172
3226
955
532
3259
2493
4501
4288
1652
4331
4756
4667
906
2778
1390
700
4160
1975
3946
4049
3786
3323
2350
3291
2880
3805
3136
20
1631
35
362
1076
377
3490
3271
3599
2488
4678
544
972
4347
4060
2053
3434
2043
1323
4884
5083
826
3801
611
4927
2864
2960
4631
1413
3861
1507
3346
4705
3037
1156
2719
270
140
1011
4176
211
1552
2225
3301
4718
1375
3485
3384
1792
4427
3872
3942
3864
3597
4023
2209
3112
4890
1287
1616
1619
3387
132
3720
3912
1237
695
2130
2380
4644
1685
1003
1532
1867
4380
799
4924
3274
1306
442
4114
340
1560
1381
1034
2580
4865
3657
45
733
974
2639
4673
4453
224
870
3402
2949
4689
4239
584
4077
4391
837
1745
3681
3680
3083
1266
2069
2644
2512
816
2357
4066
2089
1611
3456
2520
2823
1786
440
4904
54
3411
4015
1005
4520
3253
1525
431
780
1879
296
1429
2872
590
1343
4436
1271
1214
1316
1010
1232
3184
1795
1728
3951
1692
3570
2499
4812
4269
1409
3362
2565
3899
3753
694
1952
3026
471
2894
2782
4846
2382
2981
1712
2243
3183
1528
3370
5062
2748
818
3534
1640
2156
833
3650
4314
2318
4196
1708
2888
2221
3787
2940
4600
3245
3053
1514
4526
281
4274
1650
4983
4276
4511
4771
2718
1709
2297
2678
4136
1976
4849
2324
406
4959
540
1810
4131
2025
4900
1713
4895
3415
934
322
4132
2978
4830
3938
3627
2996
3437
2922
2561
2905
4658
4392
4272
582
2942
948
1766
3317
1301
4869
4263
4580
145
2655
1050
4505
2249
4844
2500
5033
4139
2484
2566
4843
627
2003
580
1871
643
4137
1077
3156
748
2629
3410
2912
4935
2271
4084
1245
4238
4302
3440
1286
4197
4961
2024
2859
3137
4341
4607
245
3592
4943
1353
2609
880
3101
4867
1829
524
3773
4687
857
449
768
4248
2148
3963
2774
1283
398
3561
4095
4549
3631
3154
4639
3664
2897
4030
1467
1536
3914
1449
1294
2081
1875
1244
1001
3612
4822
4782
1177
4590
550
2454
701
1359
2435
1475
707
1597
1518
1026
3256
200
2308
1304
2592
4789
3846
2756
3343
1848
4126
2489
4903
2457
317
448
4290
868
4665
4787
3711
1694
4330
1101
4278
4499
2977
1965
569
3041
4626
4434
3209
1483
2126
4909
4320
3625
4366
1797
2598
4414
5016
4213
3571
2111
958
4697
3709
2648
2746
787
1935
4155
4923
4779
142
2217
2693
1699
3537
824
434
3716
1603
114
1136
2534
2180
4321
3924
4146
3028
3687
619
1856
70
1558
3587
1907
1487
1534
186
3810
4039
3830
315
899
4611
1335
523
4381
2393
3857
283
3150
1743
113
2203
1990
2234
22
4753
1004
1472
31
1191
156
4056
2321
1072
3401
764
4732
2254
4797
1234
4177
1420
2453
2582
4145
3446
2087
3239
3780
3073
2405
753
341
2614
2042
3995
5063
1768
3971
1769
1044
1927
1576
4082
1391
3360
3046
790
4384
1455
1923
4940
1171
4122
1015
4950
1494
3319
3972
2636
2789
2616
4704
4765
4018
1049
353
3025
4417
189
2146
4165
3056
1833
3030
1164
2344
883
1477
1443
97
2620
4076
3981
4747
1788
1233
1465
4544
4982
3842
4815
875
4625
4407
3608
450
3378
2868
624
485
1841
1312
3931
854
573
4888
3703
2240
2673
499
1329
2892
2312
103
4233
1086
1803
4593
19
1209
382
1384
96
1940
2439
2147
2665
4550
1354
4062
3199
828
4632
1497
876
581
4497
2190
5037
4619
4240
3247
1796
4962
1242
2709
1589
3859
4297
5045
2957
1069
1772
2460
4584
399
1337
2523
4037
551
2699
1645
43
1519
4264
4439
3550
4232
3104
3163
3407
3444
4184
291
2903
2165
1892
3794
2009
2231
2434
249
55
2406
4842
2187
209
16
3796
2806
2057
2979
4009
2305
534
841
3068
520
3063
3373
4025
3613
2754
4258
3144
4715
4706
4952
4282
4000
417
4174
811
3559
3038
692
964
1302
1827
1677
1326
3735
1188
1847
4206
2893
3909
231
385
2926
647
3494
1370
1207
779
3458
1125
4493
2625
1119
1870
2700
464
4629
3476
4097
2326
4686
1141
172
2097
4325
3244
1733
673
2086
3743
2956
1971
1218
2450
3451
761
2945
1078
3178
3921
3379
1048
3072
1027
1162
3081
230
255
792
4541
939
2501
1988
3250
2046
2970
2007
1830
