2721
1511
521
796
579
4906
859
2027
984
2365
2820
1204
2214
3070
1275
3302
3113
4027
2831
372
3389
5059
4819
5
2005
1431
347
4209
1073
1868
3114
4780
1923
1419
4018
4221
5029
4520
4158
4584
1207
498
1530
3073
3404
427
4296
2357
1366
3252
1615
4813
3255
1817
4073
1237
1101
1741
1846
2839
4696
2545
129
3468
3615
1066
1318
4724
1631
373
428
2447
2490
1241
2440
557
4880
4561
3095
2707
1702
333
445
3629
3154
4434
1178
2404
842
2047
702
4660
3619
4126
2965
3230
1110
38
4079
3970
1106
4167
1876
5033
1087
3586
3642
395
685
4104
4665
2533
2487
1041
3885
3429
2679
2205
777
755
3525
1888
938
3647
3464
4159
1525
2999
2658
3714
3121
4896
2733
3320
3218
4741
54
3547
4131
1269
770
3054
4197
271
67
715
1700
2695
3652
2063
3717
2743
1418
4440
510
4419
2451
3526
865
3623
981
209
2980
1226
4293
2407
2109
223
511
1168
4653
1682
2517
2364
3047
3961
3572
4366
159
1105
63
4588
1717
2441
5005
2010
3546
4753
1077
4002
3371
2737
1348
3879
2088
2061
2050
2914
2700
2804
1302
589
2080
1658
4718
3616
1991
435
2058
1959
1592
4961
2886
3670
1176
3442
192
4915
3071
2030
4554
2921
1619
2755
1781
3135
2084
708
1057
44
2172
2595
4314
4420
496
4860
2103
3016
2547
1557
4356
1805
3568
716
4482
878
3598
4884
2347
37
1242
4097
819
2298
2551
532
3834
2367
2691
2522
3751
2853
4036
4649
3122
1554
2675
2769
4132
2594
1649
690
3923
2391
3943
1149
1350
5071
1663
3470
3608
582
4232
4315
4436
3902
2081
3136
1246
2501
734
3984
3798
1113
573
1503
3375
108
3265
2540
1230
4410
3241
3248
3430
4623
1290
2293
4580
4678
1116
807
4770
308
1966
2193
1364
4822
4043
4214
538
4699
2508
1476
3082
4517
4182
4760
1671
1766
1090
3698
2513
2622
889
1404
1768
480
4357
4765
4053
4387
701
3496
2871
3982
464
4187
356
4346
714
3103
4051
4127
855
3646
1574
4807
1432
1399
151
3349
4106
834
2630
607
3041
990
2918
564
404
4437
4593
4629
827
5087
4919
4781
59
4970
1612
689
305
2616
4345
1002
1055
3840
3435
1984
1063
2954
3233
3440
5001
1
3673
516
2964
2294
1850
2936
1579
4853
4942
3677
884
624
52
3843
4029
4946
4060
3305
3447
3276
69
3128
4077
2060
4368
4222
134
4037
2427
4235
4170
4566
2322
1633
4692
470
824
4943
1219
1664
4592
318
993
4831
1078
3438
2236
4067
1120
2492
3312
4191
1656
2686
3740
3960
379
3627
2046
1583
912
3197
3364
817
848
4244
3483
2677
4287
2332
4499
4778
2108
2150
4429
2413
3258
3007
3449
2380
3046
1102
4552
1236
818
4047
5012
28
4169
1694
3545
1886
2100
2069
2127
3690
946
4966
696
5035
2484
5061
2711
3940
3500
519
2518
2907
3658
677
4971
975
4094
1096
3829
3171
2398
577
2311
1667
1774
1703
4394
1451
1655
403
3018
907
454
4336
4466
4022
2904
4490
4103
1546
2198
2057
1545
4295
4658
3213
4709
2738
1743
3579
499
1025
2564
2933
1417
14
3589
2083
2699
2399
2164
1076
789
2588
4059
2537
2798
4998
1012
568
622
4643
950
1825
1409
2775
922
4772
3104
325
1011
1788
3624
3736
4494
1874
2592
2948
266
1427
717
1926
1142
3648
3411
1596
2068
4773
5021
4990
81
381
1156
4006
1251
672
33
1480
2234
509
290
721
4590
713
3115
4213
141
3023
4519
3426
4577
601
4505
4448
32
3912
3520
4142
3170
3481
3262
4848
477
3253
3057
1286
3251
4146
2049
3924
1170
2909
4141
4427
4491
2180
4855
4360
3674
1858
2732
3091
1617
2578
813
109
4199
2609
914
4722
3931
3499
4532
4228
3950
4087
932
226
3295
483
1704
3415
2482
761
4110
2276
4793
968
2331
1358
1111
4510
4112
754
1068
1898
1940
4806
1304
2292
4316
3005
1435
1746
1040
3491
2833
3479
1755
4872
2439
448
1701
3340
24
1910
1060
1094
53
4305
2847
3850
3929
3833
1848
3460
2608
1260
2445
2714
2676
1330
1856
1010
1657
2901
2555
4369
2884
890
3049
4740
651
1509
3787
73
3524
1556
5004
1938
401
460
1589
2788
1250
1754
1097
821
1263
4396
2078
891
4720
4344
2339
2885
1626
2467
549
146
3423
3530
4929
4083
4850
4080
138
2811
727
4509
678
4086
2981
3060
1909
5024
2295
1424
2477
4428
3594
2687
5013
3189
598
306
4180
2503
1050
5048
3232
2717
4439
2136
1133
1043
2390
4367
181
267
3198
244
1037
3769
965
762
513
147
2336
4581
2430
3204
3955
806
3127
2780
351
11
3290
2611
