2867
5071
445
5029
3193
3868
4026
379
1746
2220
1011
2064
4263
2010
1458
5048
2781
3881
1354
4912
1727
1374
4063
4712
4193
1859
4914
4835
180
1929
3899
3396
746
3638
3678
4273
4640
1689
3959
1316
3235
443
4443
2940
2044
4500
4277
5064
1813
3366
1232
4743
1986
3424
3756
4671
286
750
3541
5017
1025
575
1389
473
1282
1935
2815
2166
866
1591
3232
5039
1753
3971
2982
3448
1609
1260
2710
2800
610
1243
778
3405
1725
2719
3859
4454
3116
1685
4030
887
735
3931
477
2048
1827
2217
4534
1896
3764
4328
3703
3789
1752
3697
4707
4475
1531
1642
80
4795
3944
3479
1773
1405
3691
2290
2026
4653
3683
394
376
1810
2381
78
4107
512
4016
2847
3228
3318
4668
1881
2726
3995
3330
687
3773
3551
4522
2650
2129
2405
1556
3538
1680
3142
4551
1109
2490
4101
2013
70
3363
616
2948
3933
4341
4843
3190
4123
3986
2622
160
1421
4009
421
4863
2502
1252
460
262
2356
1407
551
3014
2423
1741
3861
3337
2126
737
3596
3088
1115
1166
990
6
992
1973
2454
418
4792
2537
3681
3919
3034
4744
2243
4517
3605
1889
386
2889
546
875
4453
2039
3439
3774
360
69
2528
3020
1361
2283
452
3226
895
639
4472
607
3865
291
884
4232
1492
1933
2840
4987
1196
739
3615
669
4872
3581
4435
2327
1155
4192
976
731
912
664
4131
2019
4314
228
2640
4080
3207
1771
3269
601
2222
3525
256
4110
3317
3265
3247
310
2242
496
1493
1837
3779
5016
3089
3007
3825
462
3600
4012
3821
2147
292
2353
2994
91
1564
3834
47
2480
1352
4366
2922
4452
586
3822
1989
4569
1415
1071
763
3795
2699
870
82
1798
4869
2534
136
5055
2333
1518
3150
4233
3418
2167
903
293
4711
489
1090
2653
4977
3220
4115
4899
788
2401
2568
4413
4800
1994
3718
1047
3880
329
648
4054
208
215
1287
3386
2143
4409
92
4511
1959
1141
1213
3497
611
2956
4766
4292
622
4757
3237
2737
4572
111
123
3395
2326
4541
733
1168
1349
4568
2440
3860
3282
1003
2300
3630
3258
4036
4172
3419
537
4407
4324
4894
2468
1920
3688
2077
4152
4730
3580
4072
4666
2856
2817
4467
2792
303
1815
1067
2285
2459
2435
4099
1491
1198
4478
3714
2857
2834
709
2646
2887
11
3918
843
828
3948
4582
3680
4962
1050
2325
3064
542
2392
1683
729
3323
840
643
3211
2395
135
268
3613
1234
4097
3390
1400
820
4732
4771
1600
308
2446
3385
1092
2666
3458
1157
4836
322
3481
2192
3338
3243
3736
2090
155
3895
712
1218
927
3618
3585
745
2385
4197
3378
3508
2802
3947
461
1233
3189
380
4775
961
849
4915
3219
3209
1743
3915
3305
1029
1808
2364
3955
5061
2880
805
4253
1992
4460
821
5030
1576
2133
3306
2375
3855
4218
4583
5040
2872
905
4104
117
1186
2928
3227
2437
1939
3696
2082
1533
2655
4379
2686
5087
1496
4564
4868
1163
3758
3484
3076
703
2921
882
2525
4318
340
1962
2739
321
4608
4285
1471
1886
4096
900
2567
3074
2560
1754
1677
2168
4937
4031
4457
3620
2342
3699
475
2946
4165
20
2125
4355
4698
486
4980
1840
1277
1226
3397
1512
244
2583
2806
4751
958
2924
2379
3434
4489
1803
1061
2344
764
2678
3320
523
1535
4910
1124
3025
2239
741
73
1511
1133
3870
1586
2563
1893
3178
982
629
2900
755
1370
4860
3459
3087
3236
3161
4990
1523
1426
3674
632
2281
1774
2689
1413
3256
2202
2408
1149
1675
2518
5036
1614
3128
541
792
2030
4566
911
4369
3728
3846
3253
4552
4974
2902
4185
368
3416
1395
4246
681
985
2085
3420
328
3286
312
2254
2613
679
4901
2268
1849
2658
2639
1158
4834
2858
3527
5051
2870
4358
3679
4434
1227
702
2951
3278
4642
4139
920
1619
2380
2612
316
2388
1914
1432
1106
252
2915
4437
4545
951
231
2641
663
1593
2352
3617
3927
3964
3784
2210
4929
3122
257
3853
333
214
2931
1537
4005
431
3666
3496
2571
744
4338
4663
1334
1315
2885
4975
2273
1869
1946
1130
2265
2027
295
4826
1995
1254
4645
3546
2730
4258
4940
4044
4484
5043
4543
4455
3805
1923
1551
2041
1639
4169
4561
27
4916
3432
4118
428
1661
3813
3252
2089
4235
2692
2198
4220
2155
3561
1583
2597
4955
3079
1486
2488
3248
4440
1438
790
4
4896
591
1653
3017
2573
393
2295
4700
4162
4284
234
3763
128
416
3333
2842
5037
2722
3250
3417
2898
4261
484
4672
1691
2156
3080
2795
4011
3642
798
353
470
2092
3682
3641
603
2687
4350
3422
4823
1383
1884
2034
2520
1922
1917
