3004
4650
4492
375
3002
1718
4374
2271
339
3554
4922
4961
3319
4347
4845
4649
4811
4298
865
1991
3616
2071
986
422
4691
3599
4606
4080
59
341
2234
55
923
4236
2425
310
2407
4835
106
4745
338
3919
2224
3878
3049
486
2141
3999
2657
1504
1129
2666
4037
3010
1517
1762
2788
3044
3809
3012
3667
652
4652
3980
2055
3083
1203
884
3853
2750
3271
3739
4588
4095
4221
3615
2774
1884
523
4239
1105
1278
1010
3233
3514
2493
4732
2320
4743
444
4156
2686
1056
2918
2431
1369
4688
2441
3395
3540
3567
1287
3356
3658
5015
3279
2447
2066
2314
4061
1274
3458
4995
436
1064
1136
1657
4566
1785
2898
4885
4924
366
2504
464
5088
360
1944
3093
2069
1695
2777
175
1822
3856
499
4843
4919
1502
2027
4215
757
4379
1850
1096
4051
2754
1942
1026
4733
1705
1083
3968
13
2734
1276
3481
4173
3088
2422
939
503
441
2732
148
951
2176
4
3089
1895
4856
1997
2454
243
230
531
4677
1366
247
4529
4187
3647
521
1166
4790
4039
3817
567
4575
3857
239
3403
573
3542
2731
3524
1793
3387
3914
653
1140
369
3638
3536
1204
4376
3642
2624
24
1398
77
112
3924
2627
1569
2114
630
1353
961
1367
2474
3311
3906
3342
1556
1420
4558
4023
579
2913
2400
1163
2697
2278
1160
570
4770
1112
3731
2869
337
2703
50
1082
4654
2250
2095
2189
2444
1510
1061
3831
5046
4203
4214
2177
2453
765
4822
1866
1670
466
1053
1761
3623
1784
3836
2414
2867
2437
1564
4596
1189
4906
3146
4908
5080
3043
5044
3913
4356
4819
1314
3504
3423
3553
4425
4909
2243
238
1999
2439
1524
4004
411
5055
595
743
2216
8
51
841
3253
3696
4996
1696
3586
4167
549
2784
4136
651
2632
3810
4850
1694
1399
695
3465
3056
650
2623
2144
1572
1579
1199
2872
3729
5047
2306
2766
3335
1624
4702
344
3769
481
2566
188
764
2751
3392
4889
3114
3159
1387
4807
4117
3908
4071
4159
1854
1181
667
1485
945
936
1846
3349
4931
848
189
1885
4958
3101
4985
2475
2847
4431
2614
3072
915
2717
2120
4065
4137
1877
2605
823
928
1896
3890
1890
730
2214
219
105
1261
1116
3656
2206
3216
4820
3090
2830
4887
2052
2297
4408
4030
97
2874
2235
4876
1265
4192
4091
2520
2003
3045
4464
4749
4014
2416
4858
4178
144
1361
1554
2626
4448
2607
4612
2807
2596
4483
1457
3284
1242
2193
3707
4926
832
1967
163
3534
3962
2517
746
3037
101
3339
1359
1765
3444
2609
1213
3774
2782
1764
2350
2017
3291
49
1187
2068
3666
1018
1585
741
529
1340
162
1048
4719
2893
4110
1597
4803
4868
838
3688
3102
3340
201
4268
3147
1268
1319
813
2676
845
937
3824
3624
3608
1985
2110
319
42
546
1333
691
2180
628
2005
4300
1946
2105
1019
4622
2702
3059
2960
2598
2221
1236
596
4577
426
3882
1004
352
1133
3401
3018
914
4264
759
2059
4739
2410
3711
987
2255
786
3985
4027
1587
3192
306
2183
4683
927
4591
282
4234
3377
3298
690
2954
1998
679
1917
110
4777
1631
4899
4131
410
2770
2495
2883
1772
1073
1900
1702
777
4388
2780
4715
1334
1690
4369
3563
3167
1270
3747
199
4315
2065
4687
2118
1323
2296
1490
3661
1949
723
3828
3493
4805
3207
1109
1275
3302
2337
674
4523
3341
379
2269
1070
3020
1894
4969
718
4584
885
805
621
4873
3576
685
4248
4668
3466
1454
2773
510
1022
4447
3759
3904
1578
4108
3719
4191
977
2696
4185
4825
627
4283
2322
1114
2591
1102
1446
3637
1963
995
4008
4517
4399
2264
3854
4333
4600
4892
4416
1318
4209
4659
3347
5013
1130
1668
3516
2106
3116
79
2907
1630
3787
1588
1288
3013
1280
3245
4446
4748
3294
3665
3500
4725
4070
1756
320
3626
2145
1126
1938
2646
1539
3300
4513
2979
2230
1308
1234
2213
3108
1081
1032
1453
133
1646
4976
3171
2397
2628
4028
4177
4317
3585
3562
2944
909
1414
4717
548
3128
2544
2040
4357
2083
3837
774
1825
4444
514
2560
2985
2865
794
2164
1707
2812
1626
4879
1050
305
4453
3254
477
5011
4645
3855
1864
4632
2927
1766
476
2245
4813
1835
964
3024
3155
251
4226
4970
4047
900
3776
2047
1379
4502
2616
2931
4211
814
4293
3818
1729
3055
4299
3001
2332
3506
3839
825
3492
762
2515
4945
4072
1390
1841
4078
86
4423
2359
3144
2056
2198
3382
4989
3070
2730
1442
638
5036
3942
4118
732
4050
413
1354
5021
2641
942
1478
3058
311
2577
2810
1654
3014
3384
1817
4116
2209
1557
868
4581
2486
1424
1608
557
3778
