29077
10382
30392
1873
10070
10105
20635
874
30788
17111
12455
366
13104
2592
3507
27519
5503
14052
18253
13793
35185
28703
9231
33970
14691
24433
2299
17931
37362
38925
12295
15402
14466
38154
13592
6897
12618
29498
14377
21387
29030
36306
1308
20
20508
347
6231
10315
912
12229
12926
32131
16344
2681
15201
32337
27997
35070
19766
25898
20730
5626
14649
14437
3023
16972
21387
20653
4313
20636
9006
689
6965
32806
3771
13102
25134
1205
30379
38103
32884
36091
28418
8373
39084
2849
30640
33741
4827
27738
2881
26039
22966
8555
20020
13110
36993
1223
22889
1196
32794
22674
14279
9670
346
38854
13835
9535
23394
18789
9618
16895
27257
24391
25353
6960
4621
27395
31530
30790
18433
8880
32508
30406
35129
7441
29716
11352
19316
10106
9426
16038
5170
27447
11437
29616
1145
16305
33859
2324
7434
15580
34052
7407
35544
23702
18116
13185
16835
14505
30392
16022
18091
4870
12339
21327
23505
15306
30271
23233
12606
2609
17886
16090
31154
19836
30875
14787
4553
5668
30749
32981
7288
6263
15839
28286
27421
5790
37036
7629
3407
37044
23262
31273
4042
3656
29612
33104
29180
26260
37191
28306
30504
25998
17749
16672
36497
474
2603
21329
15994
27574
13398
396
37912
32210
18605
30823
12261
33746
32364
28796
13818
18818
590
14126
29227
17454
8756
23267
1863
23735
1133
27338
17156
34638
12963
12591
34730
32826
14186
29037
28624
36735
37758
31606
29308
6970
16180
28815
10288
17998
21106
4362
19237
25807
37788
6444
7494
4650
26550
4330
4494
6499
38481
36051
27578
26108
10707
2488
18725
22514
23435
34601
19900
38316
6370
22300
27104
1220
26789
33537
22357
33978
10396
23899
31207
36127
14759
30306
15497
21359
3057
23330
17639
25176
24209
23688
12091
8990
33645
26884
13056
25053
25002
29813
8361
33350
36858
27045
32490
28602
25126
1783
1253
2991
16544
9719
24861
2917
17812
26726
7712
10313
35899
20826
24756
18027
14739
5820
37151
14707
26201
20462
26888
5607
26754
24508
19698
27935
13048
276
5664
6685
37903
38803
34473
26935
13467
970
1083
30427
7628
37861
15494
9250
36235
38097
23479
32977
15772
23951
11739
34392
14925
8740
30529
8971
29158
16303
25651
2980
9461
670
30857
7184
4180
6779
35128
18257
29820
17276
37285
23186
5761
8373
31255
6714
16931
36149
4771
7495
35860
11180
8385
3284
10235
33993
15948
33454
712
34049
27791
7499
27347
2477
23888
5608
13021
22969
26911
28656
33035
5782
8014
1529
19343
27780
24973
17262
1841
17784
31729
3619
21936
6342
6860
18935
9287
30799
25443
22961
6187
3174
16379
14599
11803
34711
4236
21598
29172
36379
16125
30959
29320
19672
15311
28920
10505
18340
33531
37143
19360
21188
23067
4475
36742
10998
13011
964
34604
3502
35522
28759
26070
4839
20197
18900
27700
26082
31558
37764
7205
30771
2665
18571
2926
9166
24272
3794
5926
33869
6099
23205
15500
19417
32407
21522
11004
22797
30072
36099
3011
1144
13106
14252
16593
38808
21457
18885
24488
22286
4859
22415
23801
32379
25746
3003
28004
31195
16254
27391
24271
36448
10661
31814
15468
35263
8865
26109
4119
21602
30716
27525
37611
16058
12137
29437
15955
24944
8026
15424
28004
4588
24401
20617
15738
5811
15683
8735
39110
12513
21041
15419
17504
6835
23257
33834
3261
13685
14034
22957
19693
35312
18840
4382
2351
15700
4313
24516
11444
32636
11409
22825
8603
15961
8385
2217
25070
31788
343
30843
20616
27335
38812
18824
12729
12014
36270
11086
20425
23474
14831
12982
17535
9496
16137
21846
28396
21816
31383
12312
6622
37963
22758
5757
26638
6552
7593
12482
37375
11498
34327
19888
35677
5423
34795
27866
32025
26493
23098
27090
27353
74
28757
28712
7097
26293
24501
37135
16653
17160
13311
9148
39111
28058
29585
26201
31984
36679
3612
5889
38660
19140
29248
24586
14518
13854
6295
18327
28496
38956
36999
30132
24579
13218
18144
35207
25494
30868
4877
26834
22843
22002
31664
22208
24144
16659
13539
19967
26516
25357
22069
25853
16016
27021
21887
12213
26998
1033
2157
38381
15064
24000
19384
1867
32889
2402
12325
22253
8183
32696
26322
27451
12892
37421
31590
14164
22728
22676
20547
9068
29744
29996
1092
3559
5301
32191
28241
11183
22256
29796
38302
11432
16010
13881
29997
14703
11259
18054
38899
1490
14386
19997
14931
4395
25747
28801
2116
3683
28261
13489
25837
23129
13495
29458
33004
10197
26438
32400
21811
14382
9617
8155
2209
12791
30309
2579
33473
31902
12336
23916
34215
31508
31871
24064
24748
2164
16504
26807
2896
32909
37941
13440
35647
27041
17478
14191
3128
18045
16837
14343
5848
13040
31486
27148
4178
34034
8693
22214
15155
17745
9973
5073
7210
19571
36117
12307
12925
8808
14277
13454
8972
8327
18733
35595
5398
232
12560
3114
37435
35659
18570
31295
3850
1897
33157
34456
24299
1352
15215
11515
19754
25272
34613
31252
26270
3632
30938
22938
14294
6397
37550
36541
16626
30649
27969
15314
13577
8725
2357
25224
28319
34909
24489
32072
14132
2654
2175
5009
28635
10609
15892
12800
20157
32153
18482
4587
26630
34430
33904
18007
3175
19874
29608
9998
28989
9030
7438
23399
10989
12514
28456
33978
22294
34773
10610
4607
34853
38654
20140
33250
30253
14084
30924
12292
37548
23108
14844
23669
4577
6136
1484
17417
5606
28908
34934
13827
6026
20449
11288
23702
26702
20640
20565
38036
4458
10342
23058
9295
7709
21484
17690
15945
18502
30977
38817
17431
35883
25817
26301
7797
26243
38514
20486
35955
34711
32517
27937
25119
9189
3332
23530
3289
2213
20545
19136
32157
33611
10830
10659
15445
20009
15590
35423
34325
32682
16686
26499
3002
29104
28938
34524
3772
21618
5152
37288
32579
36824
1366
21672
15772
25256
16214
38480
33185
26871
15054
20674
34722
28786
13205
9392
11054
22712
6266
11735
15519
30964
18999
30846
12689
25398
3095
3525
38946
35381
3244
18591
101
15916
17487
16192
155
6662
25419
31965
4486
30651
13804
9872
2448
1885
38728
27280
27183
30605
747
24526
37958
747
37516
28136
36883
26392
33167
614
19374
28169
10724
20474
24112
15902
10837
31531
29366
37626
778
1052
16439
22144
20630
18570
5215
5295
32095
10898
34367
35865
27861
30839
2204
1374
25886
22622
13387
26687
36012
25802
17971
16502
25525
26176
24322
33783
30132
11626
13980
21976
12332
37774
5627
604
11620
30259
27566
5117
22849
39021
34073
20343
32170
18064
26457
5987
5736
9346
33545
32842
24734
5120
18852
23240
36343
5452
34220
27874
2660
5612
36017
26163
7561
15434
27318
26991
24136
12774
38897
12932
5914
21297
7833
4292
20225
21698
19264
25464
18673
7882
33353
27195
4880
7820
20907
5874
22535
7834
37378
32974
38044
33074
24588
15622
15195
38689
15584
27440
2456
754
11464
37643
6374
35676
35272
38782
24670
20073
26814
30836
19223
20173
5358
13488
3348
21575
38602
17799
8335
25948
3050
19066
1516
16238
18950
30833
28305
20936
36263
13136
3654
7110
35570
21928
32985
35427
11939
30278
14293
21528
11013
30888
27158
9544
20840
35931
10235
514
8244
19102
14332
22113
23848
5586
1815
4190
27221
3117
33311
13623
2800
6854
14586
3223
17960
437
19278
12928
36876
210
15709
18113
28284
4165
21512
29411
35280
35912
3186
16393
4351
24642
4262
16171
1298
34962
26433
31739
36111
14010
1283
26343
31848
32104
24866
28948
20458
31823
35745
18937
11513
6955
9570
25903
31746
5115
38601
37586
2409
28380
13777
3063
36558
2677
38150
32793
24130
4053
14697
17837
25903
33689
20890
13633
34592
38488
14331
32670
25677
1227
10792
14997
24639
3892
16601
28870
16930
8239
22776
11696
10516
3365
33304
15365
24283
21831
11440
20401
6847
464
2969
9728
28204
20601
18070
4948
25826
8844
9798
9627
8960
2220
12173
10713
34930
26265
7861
19511
23359
17273
984
23874
16764
8818
27794
20867
36454
9420
26452
32866
37904
2309
27361
4487
32664
10235
35275
22450
6229
1766
34035
35654
31456
32856
24034
23831
5571
18523
21668
30811
26
12645
32772
33301
20415
2788
38648
17802
28796
14506
38735
4893
2951
31333
13428
37452
11582
6242
22663
7197
17688
4941
5064
14874
12776
793
1731
27733
26291
17269
12617
690
35401
35285
36826
32050
28018
11369
6985
18270
16307
18802
9265
2127
2574
25345
15147
19073
24873
26833
20508
4642
37784
29895
33848
35774
26082
35022
11295
27158
20708
9356
9291
12491
4774
36982
38815
23558
25303
30053
30634
35309
14728
12786
3302
33049
801
34619
35679
32061
16270
29103
9555
25529
909
29686
34989
14447
11913
27574
9852
12323
20480
5720
4424
21406
17188
15826
18643
21288
28230
25852
25119
22702
36423
209
33589
7844
21115
20181
36164
35612
31166
20205
572
31596
31836
35644
6661
36304
17326
35712
25245
23087
29022
24271
9346
32688
29921
26643
22454
15342
24567
8149
17673
4566
8914
16965
9094
27219
23134
5598
7034
26490
16003
1401
36384
33148
1047
35170
11679
35783
5653
19731
5288
39074
12742
36751
14086
17373
1049
31820
15281
22791
34468
651
6160
21921
18086
38060
24737
21282
19730
37580
6842
38990
38291
12210
27188
8759
20668
28088
24489
27699
5139
36297
37480
20665
11340
28673
24997
32163
8798
16149
35411
6860
2279
33481
31003
15334
13689
17620
31397
21885
22781
29588
22208
31902
12982
28642
6543
31609
22126
10145
5244
33202
30402
5265
15275
17607
26626
32727
5382
6915
10216
19024
25327
17165
22254
2410
26865
17184
3042
10797
7659
30863
6655
35302
19180
33600
25505
22587
26509
22373
22043
11141
16580
6425
6107
25030
7407
20698
11725
20994
26338
34136
15107
1028
18029
786
26807
34900
27791
27649
6066
14206
11563
10962
1851
25918
28147
17681
10655
37252
13479
28022
15394
21027
14210
10024
29445
4701
21020
21376
37362
3507
29228
10888
14320
22598
21841
37986
15452
1616
22594
13001
33118
19851
13999
6220
15867
15994
53
12400
16975
31021
39098
5576
7724
22805
8154
28339
17613
12326
23371
9977
36895
31201
305
26569
3917
16569
12213
18859
11042
6654
36301
27146
31916
17597
18248
36403
27744
13332
35859
5666
24659
10643
24376
14512
14437
25554
38086
7396
28508
32489
19790
6578
35866
3854
14849
18097
6178
28973
3645
34062
34417
2104
13432
19986
1037
17628
8267
23649
3909
857
23210
34683
21670
29842
26616
23169
13285
34129
8121
9196
19584
37993
18402
30655
30109
26153
36611
20156
25512
28855
9096
9115
31883
5507
7773
14075
25508
22473
36436
16623
37768
17515
38771
22234
31373
7100
37432
33804
2868
23963
7511
27283
7833
21924
4609
1905
6872
37698
13729
8176
10251
704
2490
18044
22091
29377
25031
1165
7314
14476
18818
1079
32749
30122
443
35226
27823
221
7187
2823
34573
2691
32056
34136
32719
3316
4765
24638
28573
5293
38279
26134
10512
37154
9350
19833
22083
28080
37853
11962
298
7242
3732
36189
27391
1723
32870
25125
7347
35483
7520
24043
25200
5059
6099
33905
16301
10935
15960
32182
38303
5001
16780
19975
28824
26780
31959
35086
27219
1008
31276
9689
22753
19029
19987
10264
30274
34835
14929
25922
36629
32745
29624
25396
10167
20568
1963
12933
4540
1311
15514
19211
16513
23036
23251
289
19581
30343
23826
38290
16694
36311
24043
32802
29400
32947
25540
6411
2354
13769
8251
36970
2822
38801
16804
13820
16936
6693
29822
14995
18079
32555
10109
30409
3770
487
14718
3752
23690
10602
21722
13507
9908
28068
25680
29330
5709
25807
21328
29294
19110
1806
17960
35257
38978
14531
23519
2057
11821
11270
14812
22861
24936
6043
32389
18896
3894
7748
18312
13542
24467
27337
23057
8118
33863
5965
10245
33045
23121
13762
13917
24641
20277
24154
799
34140
24495
27453
22306
13434
7418
14626
31601
27515
6342
22473
1026
30251
10820
22935
4885
36484
14796
38754
2210
26936
35289
33043
19385
27596
30945
19221
35861
3478
2258
19339
322
16098
38425
7840
8618
34653
31607
10379
12706
4420
19687
33954
3399
23037
11138
33690
27940
16052
8005
22730
21077
7538
651
15697
17579
38207
17351
8371
13306
2470
23818
36106
27316
30755
27265
11073
22537
14879
29351
1623
19397
38659
9326
6387
88
19573
29015
28392
8953
21658
326
38754
36413
8945
23402
12071
18485
6837
33866
15293
4122
10618
36400
14610
1668
23834
19049
8097
20423
20515
9837
5454
35690
30833
22088
27148
13
957
23356
17507
755
9839
21128
22614
8249
29202
21960
16590
37018
2272
11366
11569
13032
38577
23532
24676
14445
7093
23348
15630
20620
36238
33392
35435
37288
25801
20921
18919
23306
10454
16799
38736
38474
6276
9196
31845
24046
16234
5373
28364
703
3758
502
17206
23072
5058
127
24281
3205
20745
20271
30425
20573
32096
21119
14550
6346
24129
13325
3194
10538
21116
13323
17101
12272
22240
20236
13797
12510
18837
29585
27374
13039
23388
34038
28190
37534
17932
2394
30303
34145
29406
30269
38195
34351
21899
13694
6468
9572
9862
4317
38495
3027
26965
36155
17075
26685
20166
31097
22039
11710
11284
20173
28535
13184
2773
26639
32503
16218
19686
37659
23319
34331
16830
17450
3881
26754
24714
13873
10949
2644
7058
28170
26520
30797
4909
28107
137
3146
3371
29076
33449
15840
21871
4532
31321
10998
5593
23016
38932
36834
10869
10968
24228
2977
16416
23318
19359
21773
12346
28765
17151
22020
22961
18933
25462
20704
2308
6923
19681
8903
11449
33657
2189
2083
8082
12277
15871
29299
33635
16374
16857
5915
14941
5343
3492
5180
29101
30424
31568
11390
4689
6222
37537
26453
9433
9118
35748
21258
29882
8676
15236
27481
20435
156
8681
35436
34646
33280
2558
7084
15565
1002
29616
11556
36161
23523
27227
28536
16327
37733
37029
36962
952
15967
710
18656
31102
5493
2323
11449
9562
19550
29671
13028
23250
37257
27887
32551
10120
14658
8951
27199
26403
36918
18697
3530
24811
27721
23264
10904
32329
5579
37054
13444
6664
16583
25389
33604
33072
17550
9737
31542
38611
27051
5686
4215
7722
6166
6921
24814
10050
18517
37959
9810
30697
7429
29164
21201
11828
1363
23322
29658
22526
14290
2640
34332
36612
19620
20183
23565
22861
17334
12704
22388
34794
12889
4806
4981
5426
11900
25739
34148
8717
37704
8460
8193
22141
18789
21871
24830
2921
11277
1689
35703
13784
11796
26455
25909
13808
6443
1510
8547
14081
8450
29957
28736
3038
2153
13997
17714
4685
9619
34463
32841
33307
30790
34696
24055
29035
8077
12258
19979
892
24180
38185
14012
7022
24074
18604
21439
32961
21962
35216
26477
16088
19648
4252
23891
20116
30793
14554
28685
6518
26474
22234
20048
23869
4188
1374
9409
457
3114
10287
16301
23005
14950
14307
27065
20112
216
27796
31632
2055
10272
18727
18983
2914
37962
38715
33541
4941
29512
23464
13164
34856
38141
16471
8878
29562
24398
1397
964
2681
1722
30198
25925
29700
27730
30102
30774
26043
5292
21172
31736
17197
10000
22636
24495
30262
31102
37878
20213
21490
32569
5223
4837
16692
31592
23108
22577
12485
666
38338
36475
35165
13512
37406
36723
30178
14611
9639
18114
36003
28337
14723
22398
36796
9557
37839
38040
6708
28875
3164
23439
25064
28418
38012
3212
26438
34290
24587
26922
27200
36897
26985
34190
15675
9092
13216
20776
18169
22796
2965
27757
18780
10207
29055
35716
27007
2323
20519
29050
32334
11280
34390
32293
17426
6311
34604
36094
14064
22840
14489
29126
25234
19605
12073
20069
19160
2515
22178
35233
31779
32808
33092
9995
31670
1605
9256
19190
30556
20044
15262
13471
13060
11151
5390
13787
22469
24486
13785
35644
3715
14349
6800
7357
1450
30740
29994
24977
31464
15632
4582
1536
18184
36235
9703
29550
33345
37683
796
27635
20744
13086
34160
23924
36219
12493
7620
5465
10210
14711
28276
36391
21295
34916
10896
33809
20976
7912
8539
33155
16148
13417
16121
15894
29826
9325
20825
349
25908
26937
25376
37126
25489
28398
19292
25614
5206
23759
16981
5713
11110
19974
19468
25143
35741
12229
14769
2782
21141
10326
8891
15373
24280
415
9924
20775
14068
37837
11208
1987
23135
14069
1521
5000
12972
33229
3583
14357
8283
24905
17965
12720
15715
13123
918
29305
35207
6247
37738
8210
1863
15256
31565
8142
10903
1345
2369
194
23325
1309
14789
13550
13010
34370
10151
26541
32781
34928
25990
38020
22443
12010
37795
7613
5069
34427
16744
18282
28324
36801
23189
34280
32427
29111
22795
17412
34913
3643
6483
26675
27542
36488
6685
20636
18299
36340
17862
38430
35813
1276
26727
22482
32384
13306
7832
39038
2441
9376
35417
35293
27036
6464
31130
11194
11215
29342
1722
25395
20517
35770
23855
25030
5022
35249
31442
35035
9676
24207
15411
22843
30071
35674
20689
29795
29351
8745
26717
31775
26761
23906
13682
7326
30390
12174
39124
30651
9230
5049
9731
24766
24341
3821
27360
6447
14072
32943
9694
26476
7435
26740
15651
14772
21065
28044
3962
6361
29787
12354
15231
18913
34774
26918
5402
19384
3114
10369
16294
12788
13749
34104
33492
31044
34771
4364
1045
32803
33049
32045
33803
37984
25346
38575
28482
23368
22347
11542
13072
29309
23471
18077
6791
35321
19605
2081
23006
37034
23627
7608
14694
5367
2848
18707
17999
23706
30769
7597
11505
1058
21245
21906
30390
14364
23946
642
17675
2447
38649
38192
32321
29271
17434
22257
23440
3693
4765
12765
24371
3071
9633
18643
13887
7107
23963
33749
32677
19210
17307
23764
733
19140
27572
19682
31080
26032
31544
28167
17259
31627
4994
26452
19508
38380
14664
30368
19341
21415
30279
36349
20666
26529
12966
38129
34972
33321
28099
3739
12896
30649
227
21829
34913
7392
32133
32945
21290
27433
25884
31215
30992
13046
36621
27444
24426
34800
17154
32349
19667
37171
17389
11058
35603
23929
34169
2957
28700
13790
20168
25845
27322
22434
29420
13210
12219
39093
4474
36167
2985
1652
21098
13319
17608
22367
10425
36532
32689
10487
18217
10964
36145
7023
2049
20721
14057
11073
157
2218
11858
19887
34418
23191
11043
30978
10145
17014
25997
37572
6158
25889
7488
11195
31888
37051
13751
28999
37955
28204
22448
26169
1605
4160
21929
35660
36100
35477
27241
2221
7732
21124
19974
6836
38139
32289
36334
967
4815
22700
17056
14038
22146
4465
24694
20135
36471
1554
27582
4053
27130
5029
2163
30085
17629
23262
20939
16015
36141
30973
35785
8541
477
20976
12903
15578
23777
25277
14603
20393
33663
32342
9080
16226
32831
25300
23517
2550
24780
37079
38912
4169
11645
30662
3801
16220
5918
31669
17962
32605
35016
10737
25161
37320
5208
28590
6077
35914
558
23037
30961
31758
32296
1761
14702
13174
24939
16099
15645
27660
12926
25528
6488
34527
9859
14422
34395
3350
38184
22613
17619
19239
12385
3610
32081
18831
8851
14103
13025
33326
30072
9067
454
17990
25319
16583
2375
24892
8456
8910
32261
31390
29478
11661
1627
26259
35
592
11847
22343
8720
34197
28276
18515
11868
10643
21518
14983
9072
29322
17985
26555
20772
2261
25082
24837
201
26335
13889
15835
35942
16454
20817
2332
8172
1205
29675
30018
15024
6906
16637
24825
23751
20712
12743
3506
27277
6731
29785
33652
11651
21504
9933
34715
35121
9023
11497
32093
37211
20228
17638
27398
18843
24657
11318
22656
1412
38976
2338
33119
23503
34971
21574
15678
30013
29250
23213
21198
9698
17012
32100
5773
11905
17316
12380
14037
11386
33865
19146
29988
21239
30693
18446
13242
37859
1319
17807
35804
14533
3858
30424
28793
38562
10936
15730
19366
12664
11561
32148
30086
4680
25130
23469
22567
20059
35345
17550
34723
31658
27366
8009
15819
36801
11021
8027
19073
24255
24098
33890
32849
33028
27397
22857
3236
23504
20719
10410
17735
5493
31821
20811
28772
10649
11803
31455
13305
6760
8173
30197
3194
21211
9316
21630
13980
17929
26923
8172
8717
35014
985
21104
9489
10761
3535
17124
33508
9470
33024
6265
16225
39079
37908
29643
35573
24046
34733
5430
22000
910
36230
2374
26679
8411
18796
35069
3349
6654
30521
33807
36352
17709
39053
35440
27680
10536
3428
38905
2171
15325
33322
9027
37799
15390
20411
1612
28101
4964
1317
6822
38437
28405
22806
20270
34471
8175
20434
34049
19906
31952
34317
21045
20322
217
10364
25670
6277
3387
14327
23284
20478
19062
2971
18048
33713
38738
7268
18390
10369
18839
35009
17815
12967
32616
9170
25812
23102
20618
22457
37691
26215
30960
1310
14426
26333
22373
7594
17053
29837
29825
1469
32958
9035
27705
5109
10051
2689
4985
35612
3661
39107
14451
14209
13497
15631
4381
2982
6979
32607
7853
29478
13217
1604
1974
22717
26856
30795
24110
27895
9827
20408
16066
31292
25523
9615
18555
19532
28897
10312
13112
15864
31936
21694
857
4881
14503
12273
25405
36138
10668
25648
17161
34213
7413
22341
15290
32876
11209
3544
6816
27335
35195
5641
8027
24090
39043
6911
24099
4114
4993
11277
5825
28450
31491
29336
12303
28369
7714
27182
22866
3154
14630
6393
35765
5300
32026
36785
16271
24308
27676
38917
32090
21122
29617
7353
28437
29471
7943
18305
28297
10439
10257
5196
32530
28635
18900
24480
5033
24643
10202
4073
29195
12588
26862
36777
6717
14626
13784
25855
17650
9968
35794
38779
1394
12495
26985
24079
20873
23957
26367
4777
25047
3773
35395
2288
15483
133
9082
11247
805
34561
1889
23899
20028
3995
10344
11870
17627
27262
3838
36592
2739
35703
26652
2107
19176
9699
30862
9716
11214
20668
14835
33203
21746
18285
18300
29249
14316
4041
11342
13265
27240
28172
36571
34420
3997
9017
35977
34880
9538
6219
33719
20255
36788
342
31139
13243
25757
4020
14566
33039
11038
36550
31661
35325
21831
7808
26470
5072
5499
27453
8780
5374
1509
13336
13550
5113
16094
8487
21550
32922
20438
35971
27059
14903
27393
30727
13808
4508
27159
767
37716
33857
21641
22719
1979
35079
17453
19198
34055
26766
13611
23464
15164
31048
30664
22963
8267
5535
7520
1199
4314
23055
19188
36606
13169
17704
30804
27822
26343
22011
14470
23624
14828
34907
12473
32946
18215
37677
26658
5179
18197
18105
10974
20345
1805
16704
9386
31020
21411
34433
34942
8031
20559
21542
15536
2240
1699
21186
25215
19594
19623
12758
13645
37126
30374
5250
8956
19633
38511
10194
30645
8186
7286
37788
30388
10352
35490
29279
28938
15907
13991
30276
18726
33971
221
24414
109
30376
18805
10270
11932
26246
6158
4456
38070
13512
21340
21686
3727
7155
34210
34210
33196
31315
20914
34803
7659
23970
9889
14954
28930
17411
10559
35249
10678
33314
28778
33243
9784
4639
2441
38172
1032
25541
35637
965
11068
19753
19783
19137
37840
9089
6094
26937
32833
38472
38679
27850
27131
9742
24695
13269
20043
33768
14286
5103
22980
16911
1387
30497
3324
34202
37363
26611
11899
19835
716
11099
22250
17536
26182
34751
24479
12621
700
34828
36394
18271
39060
34823
26658
24481
37625
688
36889
32470
33306
22476
15753
30094
22411
5194
1243
34205
15520
34982
25257
4148
20308
6633
10021
5190
12963
16216
15610
9496
9646
11001
10041
27322
19731
554
34660
8496
24567
9094
27341
29319
24780
3417
31961
16249
29734
7703
18266
1517
20742
38953
19259
7849
24327
25121
6610
6791
818
19029
18803
242
18135
36077
1746
5203
38397
39110
17738
4751
36261
15281
6711
14280
26673
4997
21222
7701
27454
14134
2718
31450
27022
32709
4442
22603
34112
18623
967
3492
36896
37535
5207
37302
14769
17189
17332
26947
20336
13358
39101
17924
787
4334
6401
23877
27544
13529
4476
60
30303
1569
1362
2590
37877
2731
16649
26905
2048
17896
5434
21545
23778
36109
3550
37915
4925
25325
6079
1279
14888
37360
20313
10800
887
26424
4728
20268
34665
32142
23746
24329
37685
14434
579
1366
2456
19513
15499
27280
22306
24499
7572
28086
12740
13436
12906
29360
36516
30015
16833
4728
22414
1705
8542
336
5828
13527
15722
28294
12971
3993
28757
22372
16365
15020
18387
22653
3548
17208
1803
25874
406
562
8234
15882
28497
6834
38359
26886
7986
37124
33280
21556
12772
20652
7399
25793
2046
23095
31817
27639
35146
6690
35041
8643
9567
31572
6400
5592
8251
38843
30994
24027
9623
4097
7721
35617
1832
27225
36644
8405
38269
4060
38941
31609
32673
16134
27281
33291
27023
37359
4033
18155
27296
30232
11338
9757
26211
28450
9997
23707
32745
118
39067
5893
19417
5605
15811
34442
38559
29071
14149
12910
30210
28464
35614
22087
12478
7616
1387
17119
20288
1317
33038
19865
19947
11228
27011
12870
5533
33302
31059
28704
11504
2520
9779
17762
27082
37006
29054
24939
5345
898
39007
17841
6831
32545
226
12856
14578
37661
18689
17076
1901
21888
16604
7788
5941
8873
35745
12960
2821
21653
21663
2191
37848
22773
11442
5971
33710
12435
417
1006
37093
18285
29328
13564
3761
34224
1584
2914
5847
33658
12904
24089
19464
3596
32021
30047
26538
32225
5532
14325
32204
38814
34112
22852
30169
24017
28714
27158
22902
11406
27389
17676
23416
27118
8100
22218
3278
13794
4195
7672
32311
1178
530
3364
35322
36783
9862
6046
1803
25453
25636
17102
9732
16556
17190
19050
4455
2492
17321
6196
26533
20639
24544
3700
2094
17881
18573
11765
18721
19801
2660
25354
10495
11881
24363
26279
31233
25375
19651
11166
14284
19759
13094
32935
8106
30926
6924
6602
37119
28033
33221
32163
5484
16292
2481
14770
36991
23928
32349
20900
7795
5646
28848
19025
25922
17708
16675
31202
667
31433
34865
20381
33854
4889
25754
22368
26847
9988
8388
454
34293
1987
22694
37505
27750
10473
38035
20867
38653
26355
26485
2411
35922
24545
36919
11240
6940
17808
17443
19374
18516
37277
3625
31264
21999
21035
28214
30553
38846
1090
23819
17771
21537
23855
34143
20394
20260
15083
25088
22986
527
24774
412
17339
30041
37499
12869
14339
9411
27178
27939
38826
29121
14088
37754
3855
36385
2040
4244
18142
10412
18888
33462
21413
14112
24478
18388
20750
29242
31351
2886
31505
30007
24809
28813
28908
37891
34594
35149
8504
694
3751
20762
24696
35987
8547
12263
32624
1093
7292
6052
22866
7458
5276
2446
18379
28234
24426
5650
31939
1281
11457
31179
2172
37198
37925
16426
4447
18078
37206
4625
24199
7773
9200
28425
3025
21927
5221
31979
32063
26664
37752
3294
16749
11572
4191
16951
5901
2136
35568
800
29569
15949
19551
2121
14121
4816
28147
5202
26107
19863
28143
35134
2351
4915
14668
17576
29320
22569
26085
38312
25484
31080
4784
32619
147
32643
28930
3971
31047
32728
16555
16651
26443
37803
34452
27812
20953
16900
4593
10012
3176
17996
23407
27497
29757
29386
19920
33487
13366
28720
7271
32515
9782
31261
11175
37790
35958
36923
3534
14597
8505
16175
37001
9501
2172
35084
32413
33203
1373
11891
897
22157
4362
7038
20201
27542
24723
20673
17954
35518
13790
25641
6135
23859
22748
29509
37516
21962
32206
25511
21949
17496
14177
35783
35676
8973
12509
14444
21793
2246
23993
29264
12601
12559
8536
1011
20361
6756
3739
10189
6828
33820
36855
19847
31423
6330
22193
16284
29885
26134
1378
17891
2089
32556
19513
12407
18208
16865
12144
5939
33179
16571
9795
1621
21814
28522
25620
8447
13650
18165
34108
5686
31305
7722
32154
3514
32753
19371
12169
14445
8341
14669
16905
5320
8666
36736
20694
30706
21664
10565
23781
30421
2111
17149
20101
4535
19205
10164
32372
2329
13872
31364
28833
4771
8657
18848
21546
938
36600
22323
19779
17135
29290
34497
37163
22952
13337
18258
3874
29225
137
11389
1044
17229
17417
37997
24505
15881
36137
4185
2987
3603
7866
30812
22696
11528
14972
18451
22986
36510
3063
22410
34510
14729
33812
4935
6529
26526
18442
26141
29219
33714
9841
413
9029
19804
3996
23182
31423
25954
11132
1282
3681
4185
37216
11466
3513
23186
15141
16748
31417
29016
26710
38819
573
7945
28461
16594
38674
34599
4230
16087
18899
25541
34382
15943
38007
37483
28136
29343
36188
329
4899
13021
7713
31411
7743
36262
24575
10275
22751
19108
17854
4756
16217
38218
32723
6331
25486
32860
12081
7896
4963
27632
676
24049
20106
32965
13484
33229
3746
10244
21038
7237
21984
37170
15052
29726
330
33516
27705
25079
2577
17992
3361
18895
4690
13447
8385
21379
754
27244
23882
24612
30046
15076
37170
38098
20219
36611
22440
4416
14096
37387
29553
3203
3711
28462
5254
24753
10405
1911
2330
508
36990
2126
3611
12379
30694
7317
5791
13299
17016
35658
31556
36447
11126
32886
34416
34021
37382
28313
697
2404
7894
7116
12247
5647
20433
28261
4101
35688
8828
5190
36548
11666
16845
35300
38233
13733
32698
5758
40
22907
39034
26019
18496
7894
33365
3652
9427
5287
24424
35236
15425
13833
1989
29871
8387
5478
30532
32024
37635
8717
34024
10565
39088
14877
5802
35429
23743
18425
27576
28669
34656
32359
17659
28194
6226
23225
31495
22516
38036
8433
14954
36161
27059
34879
1700
2351
9641
25164
7050
12731
29982
25904
5770
24988
29040
15754
37863
17997
35069
5645
34365
33924
34067
9296
32946
15659
8705
33492
23451
5965
36359
28893
25719
18870
30213
28500
30844
30912
7776
6863
38067
33942
29697
34555
3601
12604
4151
9840
6369
32218
4963
29972
16211
19344
31939
15984
6203
35684
1473
15584
18941
26646
19095
13898
4291
38919
7286
25675
32482
19116
13440
1194
5896
36078
26792
32077
9185
38034
6525
37361
38878
27834
34445
25052
529
8360
28847
18882
9624
20395
16237
38251
13797
2057
7952
2018
18790
17395
12542
9248
7631
31369
17228
7680
34603
19542
23923
6985
39042
26325
38337
37743
17451
7056
23621
26280
35274
8948
26574
29933
30669
3917
7414
35365
2258
3863
38985
10040
7215
21347
38231
18980
16738
39032
15165
19936
1085
15698
1660
9922
8672
12551
33180
1291
34597
25273
17088
17149
16487
33603
19883
6517
22849
27591
11076
8042
5687
33618
6703
7591
7127
780
28770
12017
24529
18951
502
4655
279
39042
4379
36560
1053
17980
31429
6243
26606
15020
29654
10767
15970
14152
18018
33408
30460
2790
30940
1244
28930
10952
25458
38843
15363
222
1370
35766
17732
31674
11727
20904
20550
7054
31251
28061
33953
32647
21033
6181
16767
12127
2607
15806
38467
39081
18202
6081
33694
35585
21388
34676
15989
2429
5477
36577
38215
22748
2755
31905
35048
32861
23920
15888
4334
36580
28484
9783
5545
11480
11707
23453
1158
18736
6299
31503
28854
35274
27190
17587
17079
27238
35411
20885
36213
8454
37550
29333
28950
23343
18386
28666
16106
9433
17880
34245
30958
10642
31127
14677
10692
9551
29716
31087
2342
10075
19643
19939
21688
36446
24963
23630
27710
8632
38598
8016
31280
3140
38045
6140
34417
34855
28873
17682
36677
4124
27948
14268
15492
11619
29295
34787
25038
4811
38323
14781
22260
26358
17541
25701
19692
28573
8987
7434
24493
10010
3465
3235
27368
31856
20019
4002
15673
6735
29920
3636
13196
13223
28377
11195
6032
37500
12753
30221
20235
18192
30236
2355
33345
11534
3657
15202
31826
20764
22335
28981
4850
24027
5130
14227
17009
7773
16504
1589
36474
324
34346
14749
12825
20371
8069
23326
10989
36075
10925
31422
36486
32672
10577
26455
31662
32066
27836
28066
27846
32999
20469
21429
15485
9206
11256
10779
10074
10838
28660
7564
23348
4775
22086
25532
20701
33111
6185
31069
1831
36520
34771
14165
13062
16760
4889
25685
30902
21536
13559
7306
8723
15259
9715
9869
37996
6321
4961
19615
7698
19564
17992
36890
17913
1157
32874
30766
3031
27622
31452
3202
12144
7748
6928
3260
23602
21984
9128
20144
7130
9081
28169
9237
907
37879
22344
12537
10821
34645
12010
22451
38929
3545
37155
780
8370
32464
14712
13592
8083
190
3043
21085
11160
28748
9162
39016
17517
29157
28002
39007
30017
17965
16136
2644
8148
22823
25400
25884
27125
37901
34334
17214
38446
24354
24880
14183
30030
33496
6514
23615
36542
29350
8087
14365
12926
26472
17258
4280
2758
34782
14590
19262
12214
22189
24741
14132
24427
5251
29068
12357
20208
19352
10507
37349
4119
7388
28881
23457
27311
38400
14951
35572
5571
38970
26921
24374
8944
35182
31921
2580
31104
7933
31805
888
17316
23720
26426
22517
15987
1209
35640
37796
37750
6086
22931
28982
10898
10351
13624
438
3016
39093
21563
5125
4609
17240
27158
22720
6195
13793
10563
34887
27669
24409
37681
36245
35040
24982
21584
1588
19437
22265
27601
20511
8327
30650
230
3566
4403
27280
11492
33853
966
18574
38826
35609
7083
12457
21716
19117
9224
20978
2637
7064
36512
30480
33861
2951
35190
37718
30756
3735
5141
34252
31959
37927
34399
34859
33454
24099
12155
31275
1062
1274
16053
24905
20016
6470
19759
11498
37730
28748
604
6134
27631
12518
234
8701
18446
19574
20165
22425
16090
38574
14850
8757
31722
18307
29897
38284
24906
26907
13079
10103
1229
23267
35348
1802
5768
21392
30187
18938
14718
23086
13071
36116
35838
12292
2310
20737
32664
7836
35049
3008
12533
38193
555
19854
18518
30102
10020
25329
37200
3790
1992
3475
16209
11233
22235
33893
29301
9648
36247
26596
24737
27019
19595
36568
37672
35964
24788
35300
38196
24566
681
16400
13132
17883
34171
35083
35278
30881
11898
27619
10429
31175
29317
624
36934
26719
19278
14477
38693
1228
37342
4962
13687
29139
7376
1863
30647
33993
7059
153
19758
18495
12028
25661
1944
8006
11067
32399
9092
39015
14553
36972
33546
20792
33124
6966
21085
11659
191
31892
20614
19735
25794
23084
21209
20096
4409
20753
12667
29808
28202
26255
7456
12986
12701
21749
26377
21198
34880
8354
37557
13884
23193
33860
27666
12733
2888
17552
21971
28936
6408
18623
2036
2350
28073
34758
30
14436
38091
36805
2054
28669
4661
17834
26869
12049
32722
5930
27765
25122
25288
10849
25936
21619
7101
6027
10074
17677
23318
2537
30695
22296
32017
17700
5523
24513
17637
32044
33018
10225
36169
28700
30449
36441
11150
36849
23806
24235
22064
2274
11186
36788
35127
24302
1877
6122
28287
6964
26693
25622
1820
28008
31039
26470
9596
16457
37188
31149
29625
9656
32841
32144
23421
34946
11429
2399
35571
9192
12090
7147
9988
35705
26237
25842
34338
16292
28853
36921
35884
29625
27101
28292
13181
5585
6945
20937
31900
2806
9145
33222
18140
25566
35262
24759
22190
13142
20151
1262
38131
13437
13170
38206
23011
5989
12054
14192
32544
17374
20200
8758
30477
4378
26618
8897
18365
34812
21629
9978
32431
24735
33648
32841
5051
10162
33938
9403
24537
34719
15077
26245
10426
1614
35764
14258
20750
10181
5832
34249
23045
22262
16448
12703
37417
8562
24276
5820
12770
12404
23977
32209
36160
6543
34941
35260
1049
7356
2371
37110
7661
13620
19187
36640
27994
6895
23341
21125
24247
31719
5666
25990
38960
9225
8494
21649
29536
28961
35762
12642
22536
18469
33059
22857
38629
37718
2723
18627
24944
15125
9907
37193
2124
17082
14987
25524
3660
35845
19585
21589
37445
31416
31617
30375
19634
18497
26978
31810
17980
1475
23409
24755
26759
5404
17612
25769
11601
30962
4803
2237
30176
7618
8900
25981
5926
31864
1178
25799
5179
34117
14164
4099
38311
30746
6562
15584
670
38297
13005
36866
7137
5520
7038
32668
3081
23282
30128
34946
5786
27645
26216
13472
24807
37257
27405
21373
1414
7625
35541
10316
3163
29977
16042
15362
8366
11754
18941
17060
8719
16165
33530
8140
22515
22723
11369
15096
2093
13699
8082
17548
37339
37426
13322
6802
9458
6943
16769
14029
18678
7996
19330
7657
5936
27013
6246
23930
14472
19555
1362
9431
26209
11321
34535
37623
25540
10668
10494
3535
33470
14393
8979
18435
20727
36769
15900
4473
15443
15883
10743
10432
32334
14487
29851
14086
30143
7954
5633
34876
16603
12737
30412
31515
18535
18275
23594
13101
38344
29887
33780
1970
31
23508
29841
22768
36380
21750
13186
12329
37512
30341
35544
24425
2165
28981
7578
33917
32889
11150
23787
5535
35813
5094
30939
23110
6738
12973
38310
9838
17311
37638
2571
33055
18235
31461
36066
26609
27035
29852
20602
2018
35513
21237
32160
23187
26547
9569
1305
7993
1340
39099
16483
802
13698
20179
24359
21018
20908
33913
28133
5896
6774
15083
26936
36246
14381
6432
17119
17908
23884
11976
11785
17479
37057
6662
4574
4895
4202
5685
36973
14318
24372
11684
18577
38122
10764
10667
38927
2840
16718
30430
8910
9987
9849
33759
7213
11533
2213
16457
6618
16071
23372
2210
27162
36179
29412
12916
8402
23877
16659
9303
37776
5709
14286
14624
8023
21855
37721
389
14674
23979
25260
20855
26291
22216
21000
38601
36051
18845
37446
30176
33404
11969
17370
10756
32698
16699
6564
14038
19583
23902
5901
16868
36183
34842
18522
15170
34285
20153
33171
14507
35469
16719
10588
5714
36122
30094
16220
1729
29407
35310
6052
21506
14595
7732
29786
34137
11023
32681
4211
19282
471
39064
17184
38069
17747
25488
20523
37375
60
25210
32887
22841
13261
13640
1084
2185
7599
2482
35080
13345
32478
17554
35361
38244
24925
16664
36891
24485
37501
8118
6090
28012
18734
7236
31821
30598
38738
26552
17776
35496
30578
36101
16037
13926
23592
29402
37567
20488
30718
16113
7391
9242
37084
30561
35152
22950
31167
37667
18737
32363
37905
32261
19852
21083
38424
10694
22654
33727
27383
35966
36506
16319
10985
36342
22483
27024
23618
8195
6394
14648
34991
17322
17042
5232
22286
15848
11947
17656
16252
8197
30274
35843
10558
8885
35480
16704
2968
3336
11288
14091
20143
147
24829
28031
18907
32607
38183
24615
21300
9088
24378
37761
32165
7822
15162
7844
3167
16804
37677
30128
14737
20657
13169
12325
22289
27629
3110
36880
645
3492
19507
16383
15919
16006
31708
31833
7951
9569
23856
35415
2623
24350
35219
294
39070
36046
23562
18239
575
14787
8018
28521
23086
16341
7035
22747
6065
25937
33900
29084
18334
19257
24121
2887
10821
10866
19183
33342
16861
34713
11162
6209
13135
34770
33108
20157
28277
15085
17210
8370
17054
29593
36442
5530
38765
38240
36708
4069
36737
17381
7455
8728
13138
4330
8606
34108
6700
20508
29954
8041
5348
8503
10886
17605
13106
12322
8123
4743
17815
16646
26559
4863
6520
36625
13398
22628
1806
17973
19310
18304
7580
10560
14498
7275
37317
35575
36076
20495
2060
5604
37685
31704
29675
1944
36948
36690
20243
33257
25211
1281
28860
7014
3349
34884
27040
30394
8337
29431
33395
26808
27560
34090
33402
1332
10431
24169
28795
30380
10173
16190
24498
19891
20359
38998
182
37542
18028
12963
15389
20977
16567
39105
6465
36328
4022
8242
6697
28562
10116
32812
22034
30408
11236
34685
14637
38229
37449
31413
6879
3222
10089
2285
18721
24151
29062
31048
24218
8115
2253
3923
37886
26926
37683
9792
1965
21805
14260
37837
30293
25684
13881
39065
11936
33957
15868
28069
25531
39045
26782
16127
38295
13082
20525
31561
14098
6590
8638
27622
33602
12893
8711
5071
7119
28696
29376
8606
13827
10695
23381
9485
19143
28552
27568
12457
19
28724
12318
37974
29089
37424
36320
27499
20345
20206
21333
35697
36691
5690
20755
37674
25825
37110
16612
25111
6515
1904
7408
1317
20039
15851
35311
3379
7427
15809
4232
29374
23224
29086
28064
14527
6063
29274
26975
14575
6537
18616
36181
32789
3142
16304
562
34301
37433
382
35674
31314
18408
21349
3545
16288
6663
14651
39036
38363
17073
20815
38790
16029
11994
36112
18134
34863
34079
7685
20863
36662
37681
35184
31255
30969
30920
31720
10091
23322
10219
10650
15853
4293
14070
33905
22275
20857
35030
27916
36771
14791
32454
22636
25290
23943
37987
1260
2485
15328
4910
9981
2399
19956
12001
33374
35726
11510
10705
5724
26017
29727
21119
29437
728
873
7816
10974
1100
175
13039
32769
15926
19802
35975
26125
1052
32367
5295
33077
3432
36804
12044
20990
2405
19575
33755
12223
25622
34591
9397
15836
23458
29107
38975
24444
19492
32834
29180
21260
6282
2593
23515
5943
8592
11371
4415
4904
25455
23642
5754
7263
34619
38569
12580
24364
11422
8339
38870
34608
26354
28779
35196
2909
11436
26697
15193
12883
6450
38102
33053
8673
35259
7438
17008
17857
980
9049
17553
23008
10207
36866
37053
38235
28848
36339
17923
2682
1653
2452
31028
28307
2215
11878
8146
9408
38139
12561
8832
17214
36955
9489
18740
35625
16498
22251
27186
8126
15479
11556
813
30656
20565
8239
3801
12046
33338
24379
26956
34048
6933
15844
464
27954
18540
27420
9224
35721
23947
38185
5372
18118
6299
18008
20473
17887
31497
18805
36526
25293
22557
5055
35974
30241
34754
24590
9745
19803
23210
1408
1313
13992
30025
23555
29315
17239
16418
29465
22791
3772
27450
3759
4258
25266
31219
36570
37682
9086
33906
27454
37714
31130
32044
17064
20559
28114
33493
33167
30612
13294
36318
30881
13855
11083
10996
14812
8983
14588
26243
35217
13397
16977
15404
14281
28667
30305
17059
13523
32021
28831
30325
6989
15062
15025
35455
36596
28604
8780
38978
14880
27375
38557
34794
28518
3323
33655
5385
7946
3949
12599
22179
28355
24466
29869
9217
22168
22915
2572
6846
25407
18909
8364
14003
14713
34365
6174
28030
13141
6121
25481
14200
26032
11842
2715
8941
5192
31303
9801
15035
5911
38452
30843
14420
3033
38250
21798
21593
21555
35736
3577
33307
16234
7352
13860
35691
36180
22462
11007
32420
22256
32118
34185
12578
11868
5781
11151
2177
6853
30201
38002
25704
3931
24124
36062
30983
25217
23831
338
3620
1810
7029
14286
32265
34287
8242
280
350
31837
21432
29586
34807
25786
17665
30785
11015
16535
10193
28169
18506
16740
38684
34934
1876
3278
26289
25607
38294
1865
32352
25332
4161
3195
19546
3644
18799
5859
25806
22021
30283
1965
2426
37813
9018
4799
15414
18490
32889
28718
1622
32775
27132
22249
34582
6000
28124
27921
21024
31013
23134
37792
22777
21472
16283
28877
35673
18496
7508
17171
4226
11334
26573
13523
37965
26706
35164
24058
16849
7096
5399
28776
21935
12356
21223
24677
26782
4409
4090
8563
19731
24688
4693
19619
14443
8290
24776
36384
33310
8913
30347
2522
9367
26029
18866
32041
2897
34571
85
24473
9112
36854
5823
27893
15018
10959
23787
4342
9546
7349
8256
34200
36118
15064
23490
21818
14425
35358
27748
25295
22279
26297
22191
27845
6761
34648
25524
38051
38275
13090
6971
14603
17103
11892
30709
35156
32874
5159
33834
31544
19460
37152
12607
19530
32570
1277
33330
36304
10560
33877
1676
12868
7014
24224
13492
21383
33288
35745
38917
33961
16898
21098
14828
37771
37083
21308
34945
35850
38593
22129
9465
2594
37994
11926
12517
6080
31376
36705
29584
32729
20960
20144
34549
1592
23882
30919
10510
30126
5715
5023
15572
13966
37371
371
1327
28494
28930
24667
7047
26509
31193
12911
22771
31958
9326
12084
17480
851
1168
15020
2576
34560
34585
32421
16127
22736
24771
3621
18554
23975
12916
25899
26350
24559
12083
22239
8665
1293
19767
20929
11888
29677
6838
20608
23798
20546
22376
18783
33143
970
12534
12768
15170
13835
7373
21595
26387
6518
22438
10062
30645
3133
7107
25607
22730
15644
33946
14552
25923
26239
23474
10375
1519
99
27918
25610
32370
35594
15249
21369
11592
20296
34025
20704
31793
4498
28234
37349
2405
19634
20964
25058
37406
23526
5530
33246
37680
22936
491
28518
7519
20812
35615
38112
19025
15890
35262
21083
18207
19023
4674
19626
20265
4081
14255
28421
36217
8690
14935
28909
1566
32522
11715
18419
19246
30167
24327
6426
33333
5670
5061
34129
8223
300
27207
14087
23078
10636
15541
38948
10728
20580
21118
11698
29330
8396
18704
28277
25995
36862
26925
135
10487
821
21903
18573
14798
26188
7878
14775
1651
15677
9808
36164
3758
2999
1064
10640
33101
33389
18771
12681
27897
27535
12462
7316
28331
29218
16536
14596
19198
27934
1413
14039
7397
8773
27577
19193
38663
4999
26348
30757
20209
34049
23455
38879
35527
26863
4444
12788
9584
6703
14216
13720
405
7364
26275
28788
30782
25977
33560
190
32149
11989
23337
5919
34987
34536
35086
10550
24553
22666
17844
10206
6024
34404
25865
25416
19275
17260
34675
35700
29497
22056
26582
29175
6954
31866
34162
36913
33185
25245
29769
15710
36918
34758
10283
27185
37828
5902
4200
24642
15921
8196
35661
16401
6311
14114
158
29520
23366
10688
13294
7648
2093
5303
25676
6095
23371
9911
20422
30329
20330
8035
22757
38241
24070
11845
9489
23424
31736
31837
20005
7080
9119
234
3923
20624
28765
30883
31593
11852
20483
28624
4970
12538
31016
29502
5288
5680
34809
15083
1459
25312
6897
6856
874
9145
34050
660
28282
13467
38402
31090
9628
32723
14545
26600
25802
12297
11148
24584
33226
24052
9852
29413
9212
36676
35720
26832
23098
10887
16389
18257
37377
34948
9143
26365
29727
30512
20080
37252
17983
37677
17138
22730
4007
39
19236
33609
11516
6565
34826
35291
11614
19107
32328
15983
3504
34747
35286
29585
14199
17722
5144
9926
16070
38166
15590
19977
8430
12894
1343
892
15054
23286
24080
27815
3362
17596
5551
1501
4624
8595
20778
24225
5863
13409
8367
33654
32893
9965
27000
11687
1491
29194
4339
34634
15845
804
25895
21058
16772
2124
38189
13796
1239
9974
27983
8616
5634
11158
11725
12509
16354
7398
17825
5636
36603
36761
3539
17668
17875
5050
23011
25041
26705
23520
24254
37717
22936
17657
21069
15835
2441
1205
10912
11861
38657
3697
1982
6186
6359
4010
6023
29624
4720
7738
18151
6161
31118
25303
15
3291
1094
5329
38718
1907
35868
10205
37667
32455
1120
24575
17318
21479
28263
17983
3782
36037
9256
19358
1280
24766
33563
14587
16488
14110
2162
25737
31332
30511
23324
14532
14635
14722
36396
35584
18004
35205
7890
37168
28004
19863
38886
21740
30286
35681
35280
35391
22066
34856
4595
25622
25224
19291
31194
30149
31226
9635
34666
32234
12799
2870
38389
17845
73
32329
810
28719
25939
8191
7422
27970
3454
32730
2824
4856
25974
10009
23268
1335
29411
34057
32200
18560
962
7901
8779
23925
30306
10834
20443
7626
32005
18927
25775
32530
11332
38117
17164
26640
2734
2167
18829
36061
5534
29035
35490
25953
25115
38705
24999
16691
7023
37319
5953
21675
14851
21836
14147
5062
23909
30841
15207
2482
2746
32985
14601
29305
922
5473
21819
6268
9680
9896
27393
2759
11785
7296
27538
2076
35951
26958
31103
16729
20100
35180
37745
29648
37069
15323
35486
6561
12476
106
37781
34654
38224
11390
31548
29707
10663
7182
15939
3006
20787
18289
27347
993
35484
19677
11578
18191
1081
37812
8850
210
9310
16132
29873
33405
37592
13789
1015
33112
32522
34592
30622
17836
15716
8364
30928
11511
4033
36827
8658
25165
11369
31802
10946
37429
20519
14148
32270
16299
26331
39074
9505
14577
2886
164
37892
14511
969
6191
32365
34006
19216
36340
3218
33442
1782
2456
6779
4442
21166
32105
1625
35637
10118
13727
9605
25528
22539
38584
9038
22661
37468
22218
30914
32995
14443
23988
617
18835
6363
19928
2439
38455
21802
15503
14783
29551
21119
20279
34986
3958
5400
14375
30875
877
1288
9147
38498
30341
8772
26381
31154
3623
17703
12632
17410
20587
36889
21922
13258
8498
14613
1534
25100
2470
13916
13573
4309
36772
26974
38363
17827
5397
4207
25955
37857
24139
37950
5417
18304
21406
34981
35304
19388
37015
17093
24822
17586
19398
27276
19016
5015
4129
19950
275
10091
19535
36004
14192
9194
31517
18463
3356
35492
17325
7350
34468
16232
12662
33783
9559
17733
16290
18454
14440
28872
15171
4723
7485
4429
36871
20953
9090
35165
2245
31107
28429
5686
32056
26449
9233
7034
10430
11866
9028
28125
21540
11844
8565
15642
28420
8866
13397
26899
18933
8008
23403
20049
33724
25103
17472
20867
22260
6735
29973
22685
5471
23105
4583
17261
24522
23790
34892
15310
10328
23964
35819
26531
3397
6962
21474
27943
15090
8849
26606
11014
36487
730
16263
38384
3307
16601
7411
26231
5233
2574
23959
34053
868
30530
35214
29106
2638
17107
9330
16301
32614
9755
18266
30283
22477
24091
29082
11769
11698
30164
14734
13436
4882
29105
31788
27609
12177
23156
260
20132
28301
18939
2565
24014
2072
2916
9352
17034
4781
975
21090
38707
34056
7202
20299
30525
12801
34643
36839
37584
7361
28659
34943
10992
26348
4271
27437
1750
16855
13296
29124
18333
37714
33538
29367
13133
15003
13546
24910
30615
17323
5309
20364
33196
7043
11383
33727
25645
8031
19376
14275
3724
24890
33552
21297
2539
14766
23914
38678
36271
38592
15421
24859
13835
775
23369
12308
1098
22277
9904
26269
27855
21796
3094
29660
11481
657
36334
10402
15897
15493
19709
24603
5466
32574
18773
2335
34404
21297
9413
12633
36422
34700
29919
16443
4942
9032
26980
24683
23446
37215
22372
7598
37471
9130
37175
22949
34383
16660
21786
2044
25340
10378
38880
1391
4804
34878
34467
22145
22580
17730
32010
24615
35661
15620
14017
27644
28302
25525
26196
18948
2073
32605
26543
16664
11268
10948
10493
10692
28497
11902
5485
6351
29599
23536
3172
35153
3050
4976
10069
30750
1222
34203
14717
27961
156
20693
6138
12826
17772
11526
30534
9663
30623
5144
23076
23769
6316
26968
1751
18170
31659
36035
10036
11488
3096
386
8837
21683
1541
26201
829
18717
29931
27467
10493
38789
32018
31737
35983
21186
31897
2974
28076
8822
6670
4440
26240
32765
28678
35507
27953
30354
19087
27956
28960
30897
19679
14989
38606
12382
9809
19783
23464
367
2790
37284
3187
28652
36951
20938
4258
4525
5110
27421
28878
23117
34203
17819
14917
36294
18040
17025
22932
20078
241
11981
11383
21651
35013
14420
33815
4396
23925
22448
21880
3784
18797
24108
11747
21602
2297
33484
11573
34528
28413
22225
19501
2935
38550
32957
32923
36041
29723
16464
8791
20216
16518
1191
2311
35432
3072
29443
4648
21989
27067
21771
3844
37945
17943
31070
31781
31875
2082
19393
32132
16141
22637
9469
36065
28851
21065
35368
23446
33771
8568
15827
30701
37212
10197
621
28013
3389
26280
6123
19801
28307
10090
13271
38779
30301
18796
15878
24704
1498
29752
34245
21247
32861
35142
31380
28765
12373
13946
27107
24648
4422
30677
16474
37687
937
8695
35764
13810
26811
2189
26167
20655
33450
1347
15332
20441
6394
23152
26525
19771
26152
13354
35995
8552
17188
14749
8962
25724
34372
3792
34096
36895
12712
2906
8780
31217
1325
33533
38122
4843
1630
34949
31163
9869
3479
6325
17654
31283
31568
21747
12407
27602
18037
14476
15318
39062
12217
33034
16472
4585
5185
9292
31715
36726
36139
10594
17262
8616
18214
22236
26741
4871
38087
9112
22764
30343
39084
12894
25876
20580
7883
2675
23066
14574
20423
8251
31084
25119
4964
21998
20412
34774
21292
18019
29978
13515
34840
21211
34616
16181
37777
15313
1591
16784
30418
1794
37324
3414
34908
30545
27766
26226
37418
856
34387
667
30542
10817
18388
25503
38049
14602
5187
20589
14659
33565
3577
2545
7547
18029
33493
578
32991
13802
14188
36520
17033
9417
37336
34398
4285
31853
9737
8817
13486
10547
30570
37300
11501
38470
1879
36662
36076
17026
27080
17509
32236
23163
23105
9549
25597
8050
5381
12652
27456
27425
1701
26489
19363
15598
1689
26148
32988
16868
28166
2031
37079
33945
3549
12141
7686
18484
164
31477
14998
3371
17500
23137
25043
20551
31922
22107
16773
31340
1920
18374
24226
9820
7671
37684
24167
35200
29937
38465
13938
1905
5366
27477
14823
17872
17863
26104
35364
10730
14126
23535
25960
24511
10645
3277
14907
38055
7912
29492
29691
17347
15792
30600
1090
24684
5414
25504
22833
5528
30687
28217
7375
35265
38832
6340
6745
9405
19174
33049
14019
18659
14009
17062
34669
14450
15184
6207
25209
8062
33572
13283
22452
26567
14127
3252
2688
17259
11467
37705
38978
5994
32333
8676
36127
168
28934
19193
28519
16116
4217
11214
30002
23000
1161
2450
2372
8170
1114
31384
9125
27142
22132
17037
19012
26756
28842
13143
33123
29308
22403
31822
35143
16958
6738
8093
27878
26077
4810
31566
35318
32533
12081
17381
34711
6560
21730
3482
12690
23838
12182
5617
20381
30423
29907
16992
18584
31402
14869
15011
11986
4748
28801
24687
31172
37677
29213
37424
14271
14849
8922
7494
20732
35308
36733
2440
23447
15397
3121
10648
5048
5018
10968
36320
35565
27643
1922
35947
825
6175
5475
11784
29675
35627
20030
12522
13628
3926
29179
10927
27716
13449
19879
1863
34214
4628
29854
28031
27087
7286
25113
29000
33495
2749
16514
3975
35883
8393
37402
37836
3187
27362
17845
21226
18382
24234
6356
37895
13574
19298
36708
22437
17715
27136
27142
27031
19476
38196
13929
34122
2276
30971
8770
11573
28405
34921
9063
418
33835
2663
12517
32943
1258
9016
1550
12700
29590
35384
8361
21685
31022
16366
32923
18083
31809
24357
30282
16436
23182
26184
11747
12356
8504
21464
16433
34614
12794
14904
10121
11745
38356
20110
33581
34767
32570
11563
19927
35554
14155
38992
14999
34513
32581
32327
29361
36872
2449
11720
16593
36105
2200
24736
17450
21627
13246
1296
36234
12362
33865
37890
37070
10646
13242
13532
19422
34025
17573
16113
17414
21114
38307
11492
10863
24530
14974
4912
28538
34844
30889
35789
21051
32796
1511
18495
7013
29471
33393
27021
16600
7115
16738
12522
6407
28483
14100
17899
25788
33304
12924
38108
34906
26459
9140
13325
25382
16739
8800
935
22301
4612
7164
13460
24936
17629
3861
12973
33034
3871
855
261
28750
29514
25260
9621
8390
26179
29829
26863
34314
29102
19551
6403
28533
21873
3396
25174
6237
5186
26063
19181
26822
27046
20388
33434
34886
34465
28956
30515
30323
26761
1277
19980
2805
17892
3281
15566
4017
9228
38420
36905
38873
33616
11546
11593
30023
27872
3426
23127
30847
34381
30706
27338
11326
26598
21356
36357
23334
30221
36689
12511
20637
24776
32378
15745
29662
9178
8539
7177
34571
31504
31581
31441
21875
9220
12890
35566
35954
14018
5152
36469
33122
16995
1802
7466
37
22927
38998
10688
35652
21897
36801
31535
15092
34534
34445
37583
34428
23663
7942
5258
17647
8450
26486
34640
38382
16259
2697
20881
14087
6978
36474
17026
11577
32439
28485
23245
22589
21779
21623
21215
13953
28015
31444
27622
13001
990
34259
38262
36106
27367
15129
35915
34017
17873
21404
10658
10193
6223
3629
11371
26237
1238
10827
16548
35661
28108
33543
8226
9806
20251
9821
38644
6652
29050
15062
19992
14794
37760
23261
38877
27617
3569
17769
3916
7421
21994
16794
6531
33364
2928
25017
6567
1692
2994
28329
28994
2653
20577
29834
35969
16526
34869
22697
1971
20479
8529
19166
17398
32564
18703
23396
34203
22890
5139
28309
17938
38797
9311
37422
29528
19391
28566
38636
10508
3833
35164
14204
25533
20721
17826
14689
21232
11250
18257
26988
9549
10574
2078
10362
22681
31950
17046
23969
35708
2399
4635
29541
35095
21978
31433
12231
38330
22722
2861
17040
16042
9923
29933
9297
30552
21212
33257
13771
38444
32833
10580
28331
31030
16074
18039
8812
39082
2016
14009
1556
21949
24360
7161
23291
5404
3569
1219
10430
25249
14294
37808
27628
36959
36805
25587
24634
19370
36495
31952
17707
8150
22239
7990
4805
20140
11406
20667
7263
16957
25263
23507
37596
18195
26680
35651
35472
7429
23230
18268
30325
2623
36201
28551
2348
3697
19101
31036
11317
28562
32120
33285
27421
34278
16077
28220
19207
10975
33555
2947
18594
35288
2991
12991
12058
23518
14710
27296
227
33179
21130
31079
24261
8170
9927
5966
24495
30935
7627
26978
32150
35629
18303
23828
19153
23994
34311
34478
17778
1070
37459
6234
1282
16088
4182
5097
11375
37545
21089
21334
3222
32809
14097
24924
30608
7771
18302
4512
37965
4123
2951
3145
32279
14066
3747
6662
17477
14952
2019
18586
2928
451
21093
9729
17891
9455
112
16149
36012
14496
9525
31470
24013
15707
14264
910
16133
14625
21614
31063
38298
12704
15418
2103
20138
5350
29129
36172
8964
37089
22346
2882
23241
3226
2548
1998
11773
4385
18107
28266
37709
21383
17366
8487
11113
7115
33848
38590
26784
25959
32995
9708
6909
13183
36169
15512
15275
2366
22115
32986
12636
24783
35112
28506
25442
8590
22931
2873
6540
597
2742
12836
34828
3728
16413
14890
18259
15132
20732
9838
927
25091
14557
37981
12501
10058
12946
4020
17250
27435
24069
33550
37222
6869
1755
34272
12942
11468
16317
5811
38726
1430
687
10353
4181
13344
22176
32509
14717
11878
14541
27658
36115
6425
9049
27179
39004
29309
16849
25679
8262
22175
38871
5211
29246
38091
34
19451
34148
28105
8434
19045
12930
3529
9474
1642
19005
21009
32320
28607
23270
24874
29165
29254
25568
3145
15213
24046
1040
8575
13759
81
28261
28041
24849
27367
15162
7460
32378
9167
10338
31090
27712
5747
36257
31887
9033
679
4348
30078
29805
3361
15420
9306
21922
25566
15580
8826
12991
8160
19764
18956
27115
38433
17776
28180
24733
8170
33065
15148
11973
20734
22959
28323
14882
21012
36021
7077
35743
28572
33772
15983
5754
8653
25916
3560
24944
27873
30402
8641
19389
1148
33554
34421
35898
18443
38960
8029
17155
27005
9361
7334
5506
14211
32511
32192
10488
19871
6464
29763
28196
38708
3482
24899
25905
108
6003
24844
21839
17864
36866
30243
36544
34716
5184
33749
27461
19087
4757
7186
31204
25904
35313
25419
4845
13494
32253
35416
5451
1693
29637
24509
34498
34598
1175
14052
22447
18640
18461
11834
8761
24784
6189
29096
38494
37822
1008
31472
29577
24612
4612
19781
23262
1794
7997
17289
3870
17362
13546
32135
7713
7820
37704
32884
4746
20109
35383
14047
15438
15017
27693
5454
37159
35431
3224
13581
22904
19594
12719
12574
37499
38938
29984
31947
2640
15959
14525
15790
22334
32431
7638
24278
22551
13612
18723
15484
11074
17039
5912
6668
38119
33247
36516
37566
25037
20910
2332
15767
22824
35126
21354
32298
26767
21742
15069
37701
10148
7902
3587
2492
20874
24284
11270
9926
10106
37524
34919
11914
21192
12625
26559
36302
5130
2762
35877
15684
19865
17884
38883
14424
11052
28106
19851
34146
9381
10874
3004
6619
10755
24724
16246
38197
24181
10124
28393
158
5555
10500
342
4869
13754
29155
18181
10211
28307
4664
31258
26888
4650
20556
26269
27386
37838
3744
26462
35843
22516
9772
14364
14258
14464
11012
5842
32331
4782
37869
33780
7046
18722
32146
40
29546
9166
6011
33753
37541
8987
3183
15800
23638
19867
37982
21186
3075
38166
14263
15567
4597
17445
10912
25241
36866
21373
15851
28582
23811
15254
3539
18490
20246
33541
27238
33725
6296
24435
29586
22242
12466
4117
29377
29464
11943
15602
10690
20423
12807
36081
12108
4766
10912
10692
4884
12665
27164
8697
10385
4604
22245
10652
31062
18307
14729
11326
21815
14916
27452
10246
1739
17847
19930
27447
14615
37822
18680
13691
8340
30395
11884
23041
26381
20781
23835
34426
27968
28980
23953
12488
13756
1939
13412
30857
7999
15256
11488
35334
7188
1661
16573
10033
35165
8337
27039
20216
38338
26946
16409
11595
32054
38488
37270
26598
12878
16895
10864
10873
28765
37846
12328
34430
8849
8441
30162
8661
14466
29580
36371
16941
20292
27291
12164
8005
25693
24066
13362
11033
15940
23502
36189
10476
32164
29930
26806
4758
24991
11918
34847
26098
21728
19762
32591
23589
787
3148
3982
3334
28259
38684
23563
13536
13067
38324
25402
33736
15374
7386
23153
18304
13425
1180
25593
1013
26139
18597
32128
4041
37135
18254
29540
8261
37627
27188
23360
28787
20582
29710
13394
37592
38813
2417
11474
4384
36624
9321
19611
31235
13306
11459
28413
32023
33147
4858
23425
15119
28368
24546
20081
7864
2555
30576
31587
6800
35865
36419
25725
31114
18952
32307
30914
6730
8327
2366
3112
18049
10320
26753
2657
21759
31654
35711
19716
30083
26618
4679
10083
6293
26784
18287
5380
24342
11787
29642
24902
14458
6001
741
19505
9702
6411
23255
11103
5502
5963
5190
21950
5922
28300
12749
27688
33795
14015
38039
30677
3102
16195
17992
25377
37615
37625
37585
4037
8824
29168
16451
27071
21532
32507
35526
21422
36443
29779
12016
19351
14999
30930
31718
11312
15458
31392
32787
11034
4896
27609
35192
1135
33184
5296
35360
37142
4639
34792
28444
32129
35008
10309
5878
17016
33009
33696
25193
29261
32603
17807
27232
21129
19535
24200
19453
21355
4545
17283
12315
2279
12331
30770
36223
4782
34483
7602
10870
9241
37905
1969
37710
12274
10649
17931
5087
16033
28837
18368
14341
33787
33689
16585
14765
31919
25800
5701
38233
15774
12870
10891
18782
10025
9003
11972
26302
10949
32046
26895
38924
10868
1114
31929
34814
12660
32989
28031
16860
37511
11404
28462
12635
6904
2244
3587
14801
5642
35704
5003
3069
20004
30214
36779
2888
24091
4151
698
2860
9354
7604
28326
8328
8263
4421
3897
17041
38255
10761
20329
15658
35388
6284
29176
15035
1877
29654
21383
32976
21071
39034
18184
26045
35713
5889
30178
23297
27815
8969
9042
3052
36953
19863
30945
25470
23812
36938
31851
16717
18194
24468
38096
32225
12040
30051
32997
14053
13610
21371
38206
37214
26393
38040
39040
21507
21999
12342
11837
16425
21753
2998
77
32013
2015
37438
29575
39009
36646
20074
4193
6985
19278
14037
31949
6477
24882
529
12195
2866
19488
72
24104
14519
25670
19893
38239
30010
16372
20681
25112
30666
2828
31124
983
31690
29455
551
29518
37040
20272
15930
25621
37000
38942
14274
26981
24712
1315
33299
37375
11934
35743
16881
24214
30679
10746
10243
18595
36460
24116
796
4149
21948
2208
24036
32059
30884
10167
38329
31485
10430
26568
30745
13817
25346
4682
37077
6048
37157
10403
31679
11421
21321
4238
11394
3839
30543
652
28259
17626
455
1866
23037
6601
17076
35368
16562
16648
18097
18187
5466
25051
27883
29104
32725
11690
21077
27798
30711
38341
20384
15196
22116
4111
8538
36239
32713
16134
1534
30612
