37643
1847
32935
7705
26293
22651
18312
5230
19606
27277
15962
25879
31377
22392
17279
22572
16258
4738
7602
15668
25570
24992
18686
36338
28868
25108
23331
17445
6716
32637
18975
35942
9845
21735
4044
6977
38726
38017
28701
32609
1052
37319
7577
16770
22673
360
24731
12576
25031
35515
4549
37186
36148
9211
8783
4989
31784
26228
30905
16979
32293
7756
30513
38449
9577
16683
3834
12302
3432
32535
11758
24423
33929
32652
6252
3822
26259
28944
29802
31196
29390
15122
15111
2455
8589
26743
19262
36716
12636
36364
14404
20720
9593
28152
68
37445
36279
12906
3334
22587
27838
2036
21993
9123
34416
23168
20572
32201
10312
12234
24026
12054
28213
20009
20018
31831
6777
3080
38225
8154
18872
18124
20161
39031
4432
9857
12628
9977
904
35367
26791
1505
419
13406
949
24867
6664
12771
33440
34694
1717
19334
38966
20663
27448
25087
1737
14022
31704
1067
5173
24018
19623
13735
36110
12427
23929
24046
9735
17138
2903
11929
38738
21182
24268
30193
32554
21752
28858
27759
24986
13941
21216
18846
486
34019
32034
37996
16404
7306
30810
38615
13979
12117
6373
22235
16739
217
28314
26657
25050
22144
1436
13504
6567
31999
11625
35798
1136
36687
21820
10689
35163
30416
11350
26642
23102
18257
6130
16955
24630
9554
13946
3722
2685
8678
34396
12017
17176
17990
8620
25414
16393
9974
25827
26735
25075
38660
10491
19704
25248
38894
5398
7115
28246
29204
22812
22487
10238
10208
11478
4025
13066
18205
5333
5857
32286
13309
4534
16319
37374
30989
12259
11132
275
7287
6217
1211
33751
14720
31657
32105
14762
25150
24110
8305
3617
23158
492
26766
36837
8816
34275
31111
37546
21411
12528
9953
21791
34567
22454
3309
6236
27286
1559
15232
36541
10421
21467
14186
21585
27117
27801
14495
11110
679
36764
38884
11767
17939
9968
8089
22581
14296
10170
1692
20517
8715
19203
36861
4130
27161
18820
52
17718
650
38912
9432
33498
29211
21163
32812
25822
26347
19922
29421
26265
6814
23591
17744
10651
24679
11630
21702
25412
3400
22920
29405
26363
28081
25665
33758
11489
12400
35124
8003
5918
26095
36469
36591
2575
21504
2459
4481
28995
23124
3400
37574
30813
10671
31648
5107
13444
7941
32117
10275
13802
28999
8079
11430
27627
876
29487
28833
17479
2868
26282
23993
38041
30761
14220
2567
34619
18352
3211
335
38942
9549
15271
38257
25908
21016
12254
17404
1679
13455
7189
37159
14917
18990
3042
2218
2579
32810
19979
816
17951
398
14627
27129
18403
4406
2161
10522
25841
24749
18726
2622
11400
26970
20128
38742
27607
38066
30618
23466
19815
6738
23552
25955
2667
18901
38630
11444
9924
32233
20076
14293
6648
32794
3397
2512
26874
7523
36755
11521
21560
6881
12065
38146
3848
34149
2397
28622
21738
38627
27216
8176
27211
34892
29933
27337
34613
13926
13690
33431
15348
33302
81
18143
16511
2725
27288
10564
17051
33002
38876
9196
32207
15968
32294
3919
31011
26034
32608
15333
20931
13950
37099
36312
32371
28986
19738
11292
7345
7622
29774
6909
10698
8524
36686
11010
24147
2474
15980
425
36104
13215
5150
32682
35308
18361
39023
2162
26341
29257
8890
24541
36776
32535
2684
11822
27375
37629
30585
15829
34939
16483
38171
7068
13411
4659
17938
21241
8365
38228
27253
25930
31155
27686
10707
26287
8865
28136
25798
33592
1610
874
19456
22368
10191
10629
26132
6841
37472
1579
30923
19704
32759
25759
13941
21562
22141
37629
7223
7973
26381
14460
27727
11115
34461
731
38740
31545
441
16647
30800
14083
15540
27186
31718
21813
11923
209
26832
37737
5953
26213
5724
38787
27698
14708
6244
9980
23757
24626
21341
474
33736
20664
12783
23100
555
839
20305
10003
34457
24572
33526
31938
2180
28292
9781
38821
30919
27453
36258
6415
3695
12216
3492
31674
15420
4691
17161
6911
12734
31451
3004
18946
16806
30962
30268
25481
8806
17487
14762
6146
30108
19756
28946
4520
35788
1501
27590
19910
30698
14945
32655
7407
29248
11565
31951
33551
23487
12154
26882
14500
21535
27007
8552
36930
14508
20842
5081
12373
26530
29985
27471
16270
1091
35027
18185
6939
32470
38075
31115
11392
25093
33441
21647
35148
2521
5349
33343
29760
26352
26716
14255
28905
36262
33489
4372
20615
28785
18511
21768
35002
17526
19848
21754
12086
37912
19553
28710
29412
12510
16952
28949
34656
13468
17929
37870
27302
13334
3879
32127
35648
36594
15851
21755
22194
33698
7284
10656
7998
5693
22086
27766
30309
1221
22818
4053
29919
9894
30953
1466
12003
33806
16590
16030
16374
6893
5997
4963
34265
16326
35851
32755
8889
13670
18762
16076
20800
22988
9553
22264
37737
19699
31904
34063
13366
12484
18634
3504
33772
5819
10753
20046
8485
11821
33020
11873
670
34257
37400
13094
7373
11329
14621
524
14260
25136
7436
5621
8863
9943
16007
28213
1113
24276
27725
3329
25672
11218
28699
6007
16581
16476
27244
11742
33183
19442
26426
15611
18919
27917
3988
4144
37702
38257
21230
36200
34826
18966
11661
27818
14142
31561
18660
29559
924
28444
9600
14892
30604
37536
33389
3975
2305
23528
33899
4882
22541
25068
7042
6830
33543
22063
20184
28523
15796
20138
13086
10935
16088
10218
17264
23816
9687
10761
35565
30932
13468
21767
9945
26096
28844
3055
31921
37444
12745
6254
18014
9198
10410
17112
9451
30376
19219
35448
21481
26699
34882
7823
2644
18075
38340
37504
2688
1874
1525
34723
35900
27653
18143
26750
34279
26211
20045
13069
23704
27050
24301
30712
3642
14370
31937
10383
38516
36724
5193
13626
4100
70
14079
21381
36691
8479
37825
27196
30414
33507
33145
37519
22533
28750
10995
645
9670
34642
34968
28720
25325
24871
7087
25937
4840
25520
14869
13681
16743
17832
29444
10110
38974
10228
27943
7311
14258
19200
21526
31718
4429
31303
5022
38484
12069
9534
29055
4030
12866
9459
1400
22799
6631
3895
8208
13656
28807
7928
11745
4637
24766
29565
29501
32338
17083
7884
4466
31230
7508
13304
22656
20923
62
11727
28989
5906
9116
34095
34788
33333
4538
20661
21468
11399
11464
28951
35188
3236
1481
7885
11120
15252
10135
35543
15524
39050
37050
29381
34506
30556
24374
35441
22141
5186
34203
30386
32767
29280
8666
16499
18010
32270
38146
9392
6487
35204
11083
30717
9866
2984
13131
8250
27749
76
18469
32423
25867
8497
21641
25961
14039
31485
29104
35898
39092
27366
30890
4031
32547
32059
30935
7809
33195
6726
25797
22589
23361
5200
14382
37438
35175
13200
37548
1356
14303
6570
27283
37949
9565
11751
19777
20505
27789
35894
2006
5878
9578
38346
36714
34927
11538
6406
18191
9020
15675
32266
27827
33397
14724
21017
20815
25918
13741
38569
33607
33786
12048
7362
35136
17389
2651
3700
9767
26578
35806
12120
20334
25381
15844
28828
32491
27034
13151
16303
34448
2826
7351
6631
6565
4587
19544
18861
22815
32803
15121
36585
29083
15335
15453
14468
29395
12634
18026
18528
22600
31878
33247
5715
7534
5051
19973
4090
6005
10678
33569
9829
21907
5238
25582
33846
17053
9265
24035
29199
2740
10300
2345
21491
36860
17205
28317
81
32458
10872
11670
24853
30350
21485
7221
28087
19279
26881
19543
16100
31195
6413
15496
9622
13718
26773
27176
23997
2288
15059
10316
8373
36082
7052
21622
24849
37598
31088
2711
22968
4186
475
18841
19483
23922
13952
29830
15241
26033
35077
7720
34608
13165
20495
33737
30720
24869
7177
3280
15111
28992
9841
38109
21623
24453
30054
38070
31790
27733
25038
11017
37835
21425
10962
13277
1732
8832
14695
30031
1662
23300
30695
39106
6205
6835
31680
25224
6841
33848
4633
2749
4417
2769
16160
19333
15116
15770
29386
11484
31532
5836
5229
21571
3142
39016
34410
13508
38625
33907
16119
3921
24618
196
26278
18906
24991
28081
21307
3042
31284
38416
33065
35473
34184
31236
7479
26901
27265
22049
27912
19345
15485
14616
20001
35370
20316
17341
21631
22169
32667
30195
4904
1977
31480
14916
37371
4091
29866
33673
37676
29680
37606
3253
37413
31845
12079
5731
821
146
5854
36630
11233
10431
4627
11646
3684
6429
9701
22442
29634
4862
21387
13028
17133
36220
29276
37655
2504
35505
608
10382
14147
10117
8973
7503
6343
35776
7654
19311
28759
29787
28865
35521
30285
9650
5813
11011
21607
25257
8521
12405
33354
17098
35155
8042
17566
1594
24961
25754
32386
37780
31349
1505
24859
24994
15906
10933
23459
23710
1979
4430
2974
11947
24094
35569
12735
4768
19118
1172
1239
27790
19939
11938
4393
2999
5755
34614
22367
23036
15506
29502
24145
31271
32981
34486
15661
26493
37273
38554
11305
3408
12828
5787
13393
30306
28725
7208
14212
12573
208
33928
34086
17966
18255
36812
9614
30747
35235
14668
17918
21916
30635
34160
36195
34488
32457
26023
16934
33726
32537
37183
18279
26055
37710
11152
29720
31958
12108
4360
24988
9379
38608
4935
30709
5770
32079
12099
9454
18425
15085
21314
32420
12943
33386
21192
31931
13878
33552
11928
36117
27526
37174
8638
412
5242
76
32126
4566
32410
24638
31502
28453
6247
4477
4494
537
20560
13108
37782
5640
33768
30921
5132
4041
12225
16659
12274
5151
3731
22489
24498
13693
6994
25276
18492
28912
36225
27526
25168
3535
26077
36244
37322
33125
24645
8362
358
5105
25262
39028
26769
7078
30518
30467
33369
5070
309
21491
6215
19782
13676
31053
34265
10585
14166
18985
7292
8779
18108
8954
4370
30582
34769
579
32876
28789
4694
14777
26606
31938
9694
747
12953
31572
38474
37691
31922
11870
11969
21124
35007
18849
11082
29002
15402
33516
21890
7519
5335
19100
6261
28337
15297
25667
27074
36748
32287
21575
6708
19826
9959
21748
37827
30260
35633
30833
12453
15066
38507
37747
19522
31948
32609
17048
14558
37173
19406
33791
30624
32256
21324
6788
25931
30300
7234
16192
10183
27343
21794
26395
576
4057
37082
23802
4622
3218
36639
9282
6603
15739
21013
39029
38000
16084
14013
6502
26651
9635
9556
33641
25579
24254
15571
29971
10365
3415
24500
14353
21423
32962
29974
36639
26639
26710
28190
35625
31743
4669
34230
3251
19962
22501
2826
32974
14927
24258
22446
23373
7262
35922
30490
28785
10928
23318
2799
12811
27826
19550
20234
32198
16483
2588
34634
12663
35660
5238
226
2259
27703
24357
17781
11259
38462
10750
14987
17266
37517
34815
23690
16230
11164
33060
15250
16587
29589
17941
20540
13002
31400
18472
34364
7471
19509
25191
28458
13567
86
15757
6454
18109
33843
8231
4786
7127
10891
22378
24294
26518
35502
12788
21324
6048
20807
34631
35004
17762
3731
10400
24273
20607
20201
15222
23445
27735
9436
34259
34318
3894
15893
17888
12371
25726
15749
15796
20195
9627
4600
8171
29504
16123
22702
28738
18621
7683
5190
30439
18929
8033
12739
21039
23818
5447
34765
29896
10772
473
15330
15148
11396
7641
10087
2134
3541
25325
24891
16608
11117
7887
22694
36004
697
16175
9347
23562
36351
15935
24505
25656
911
33932
18060
19607
27917
25719
26182
10053
32888
38552
12866
36763
33450
5353
34678
32577
15041
4486
3765
12736
34882
3276
14642
15759
15749
35625
24586
1668
11344
38146
28622
12072
3652
24865
27258
18441
19123
34606
25952
32929
9411
1601
1644
32913
21523
16272
16175
29509
25639
20999
13862
29368
5313
24396
12227
23804
38312
2237
10449
31691
10526
25117
2678
24535
33368
7696
5100
4239
15830
28139
35896
18141
24449
4398
4507
38626
27655
16654
25007
37079
34842
5837
19721
14331
27758
8291
9292
25454
27793
20290
26462
1664
27313
34008
31740
15114
17275
21453
1808
7700
10808
8198
25104
13335
31350
23436
2722
33233
16412
7955
6284
16751
1101
947
21334
28265
33659
26250
19622
22763
12017
25981
25125
30154
14334
2341
12398
8229
34381
17431
38346
28201
2561
23740
24746
9399
10312
9979
16438
24065
24787
3467
8696
26632
818
2760
20542
14538
20515
20753
9260
38177
20177
14921
18891
26283
10415
14448
10969
22296
1702
8823
9231
27290
1144
22313
12956
14055
29001
25896
8200
24377
24544
23047
34395
13791
20545
5786
20859
5673
10176
24340
16392
37186
32492
23126
19557
30480
35146
28940
10311
27487
20956
20501
14747
38932
35000
18659
19362
1625
35963
39041
36456
3163
33227
36867
32620
34020
24767
4996
18727
17175
30455
7964
38001
14661
32423
33709
7562
3362
9905
3724
3300
4965
9053
15682
4869
26238
699
12149
35951
36412
15659
3544
36823
6012
7833
18201
21454
9545
27336
16398
22975
16625
741
29678
1867
9343
20215
33650
7019
16727
26059
22153
34933
6042
37621
34983
38653
18822
10560
1216
37012
27206
30020
1226
11709
392
20561
15892
25150
21263
7180
18134
29464
30940
1067
19253
19828
28000
18631
32027
3275
11157
31526
1823
29917
31571
34464
25582
15576
38426
30527
34570
20010
15522
10568
34847
7149
568
11938
3690
19765
7188
10735
29170
18765
21860
34644
26110
21021
21623
2453
33000
19363
13498
19676
24042
27062
21410
23991
4835
11353
38558
18808
25074
4738
23384
7358
11201
34033
34924
10000
36895
23939
31902
25288
34617
4373
31768
36913
16179
14622
7853
20410
31771
8066
21109
12640
14801
30353
25502
23792
123
9396
25820
14400
27521
30946
22720
18418
14111
22944
22745
30080
37022
36250
1693
37530
33115
27704
18252
20356
5902
6314
1998
27351
13527
19662
17979
9058
3574
31388
11823
36215
1262
5098
20501
1981
18483
35335
37913
18328
12456
28793
30141
23796
4838
18937
25537
38987
23795
23799
781
2857
4613
33982
4369
9802
8620
23114
33221
11650
2354
16626
9742
3450
37790
11707
8093
28436
29892
11141
8766
37300
4171
10021
13506
17658
25137
28395
35392
11864
35042
13075
17721
37157
38933
17148
1759
38263
21391
37295
30279
38910
22315
24166
35146
22583
28678
9452
34867
18729
23984
15934
34558
20524
32440
24776
14941
17306
22569
4729
38184
14503
4359
7232
6043
34528
4742
25094
36101
16941
30661
30000
29165
11983
35247
22982
14028
36198
37845
377
34043
6352
33676
3568
33914
23892
27039
14588
3482
34161
25992
34191
11135
13690
32193
34656
4913
32598
27008
7665
13813
36829
36564
20077
28969
9031
25866
34767
6180
15231
15785
35584
38628
486
30184
17836
21140
5302
16922
21986
18365
14680
24362
22216
6458
27947
1477
33967
1591
5736
35570
20820
3760
8609
21304
10112
20543
17599
22490
7755
24499
2862
3090
36884
34009
7652
22864
6390
36744
28338
38139
30911
35602
2796
25559
12049
31917
23801
28349
9873
28555
13627
34330
36971
22229
23700
13433
14991
17636
13955
5570
22584
29296
32460
22918
9658
2272
28958
18808
7122
12532
23156
14278
8206
22797
38887
683
20180
3125
37199
14752
19413
15078
3168
17963
14604
30342
30263
32145
33950
18529
24537
12544
32815
11010
18008
22374
3251
14323
9971
30444
13366
4824
20592
21367
7273
20817
37623
5478
17641
14917
1161
4879
2386
34377
5265
38944
19246
15831
13728
4878
34818
28488
7021
31220
11367
31774
7193
22995
33963
33252
15382
1540
11725
1743
15845
18268
10908
38792
6110
35600
19127
33465
37977
21808
10904
28278
35552
38427
9097
20852
37022
14300
33981
25518
36325
17464
22541
29956
21086
34365
15424
7901
29515
1596
29924
10811
15117
20362
10378
20414
3216
8020
18414
25343
18573
6035
14587
22256
26097
37878
24725
31773
19552
6414
27268
4566
11404
4693
35933
6856
927
25268
20958
13383
22103
33978
24956
1177
31624
6367
13594
22698
16493
20815
9507
25355
15416
37392
17124
12560
13285
37172
6504
38289
29544
38706
38671
387
39069
33566
32845
8799
38530
8823
13200
23429
11978
31721
10071
37932
2850
36824
30710
37549
36791
2534
4548
27859
12805
15957
29360
9584
30397
21782
30859
18553
36426
3406
37517
4735
13776
16212
22653
12571
37767
35640
29490
22332
30381
17989
2249
26594
11668
285
534
34046
1188
11836
30241
24398
3906
6779
11908
19764
7382
36966
29444
30961
36054
13018
5957
20616
23828
31495
12356
34129
1668
10316
27560
9781
894
32743
32005
7472
13309
1794
17450
11662
20814
33243
12248
30469
30453
9395
11990
28971
26774
35744
27831
13406
33557
27246
2850
30596
6680
24125
36637
11087
24903
36102
26081
36714
35806
4791
1453
22112
32688
22730
16175
21388
17035
15536
15997
20508
29820
20352
17104
19898
33970
8620
23999
26342
1267
16711
4671
34683
27076
6316
13776
17489
19745
17246
17293
469
15470
28934
908
32102
13527
37360
18895
21372
11681
29242
10304
30959
15715
36385
16502
24346
5188
15326
26924
8751
7425
32227
9427
21256
11095
6100
9149
21781
28581
711
9062
10134
10677
8131
33848
34468
13272
7296
10170
36963
26874
32964
12245
35744
36866
20053
24017
11116
22245
19575
22815
34576
33513
5431
26708
6038
1239
20577
26185
32910
8362
1709
19235
20490
8986
29649
38426
18294
21520
10171
10656
4493
28013
1912
18985
21635
38135
38373
15115
35224
22633
10649
27218
10884
2881
390
2227
19013
31851
12508
4626
22977
29683
18066
6753
6158
33530
7064
18722
16327
10739
26121
27821
2144
15874
31923
23395
31120
29284
4607
25729
1660
35475
34589
33615
4295
4866
9041
33213
13900
33800
15818
8096
11812
21083
27752
15724
17351
31133
34282
31171
39120
28959
8357
19693
9509
21712
33757
24096
31609
9997
13862
4493
23700
26701
38121
6874
26694
31961
34858
26435
20605
24183
22772
22217
22444
25049
2928
4836
19234
22909
36504
3889
36190
7588
13498
31008
33285
221
17201
22728
17292
31441
21492
14138
33686
21268
26239
15142
25371
16302
22955
3086
23537
35016
34124
28654
16124
26207
17677
37583
20301
31434
22736
16898
17537
8337
37399
22254
16549
15650
33060
26565
6414
35190
5734
13375
18834
13473
37473
20354
9575
7034
22909
14355
9180
34970
38744
15190
26134
10948
1185
18178
4270
28659
23499
7549
34237
2024
17131
10974
20829
32358
6919
633
28231
29167
31095
17415
25454
22755
7638
37625
36013
87
22767
33424
17611
16401
10724
20123
25116
11452
13717
3732
28165
16875
36599
18904
7773
8828
30797
15961
24026
6481
34279
23507
24368
13964
32538
29136
27370
18378
636
10486
25301
12395
15073
5135
2692
32804
15191
22523
29470
4584
21073
9962
18861
2450
20771
1174
29301
28636
38646
15338
36630
16770
5216
17785
14393
13222
12227
27448
31388
26609
36589
1698
24356
27413
25505
13459
19911
12934
31297
35831
36537
1214
5764
36451
23359
6910
26556
35912
16134
402
35236
4181
19021
27772
10511
9603
10429
33523
4423
20934
36469
14771
29796
2895
12665
1730
36649
4082
25093
32060
31405
5141
15670
14303
36750
31840
7371
37968
9826
13313
16269
14605
36181
38593
10610
26226
25792
27696
2235
37942
6846
1349
3226
19277
812
22724
3651
5029
478
9519
11883
2960
34064
17662
38527
25190
26369
13946
26512
15214
23492
32057
24055
36141
23589
30689
7649
36904
27204
2686
9658
25105
4562
29140
35357
18181
11517
677
19624
8618
9468
4007
2029
8348
9020
3504
34100
10773
21557
29288
25083
17395
10816
16960
28485
32072
21878
6784
26787
9210
35202
20030
19939
36969
13866
16854
5794
7890
2910
25287
15040
15669
30718
4387
20188
20047
22049
24369
11560
36337
28038
8309
11181
11309
22873
22278
35417
28812
10420
21677
4412
32599
38888
1782
8489
16617
32867
32719
18721
29852
35100
7764
15000
33047
35972
12406
17500
27632
31693
21312
17924
1739
10737
33633
37235
12427
28068
18480
30406
1845
11170
30061
33845
25126
34921
27083
8117
29522
11869
34417
9316
34524
37495
25614
472
28459
32573
5486
2650
31404
1005
20176
8565
16309
20888
9225
26815
24583
531
24148
1870
3111
20657
15063
36210
33447
30745
215
11134
25867
35678
11977
11143
9445
38838
22157
8633
16145
35829
29391
2338
32388
16716
8786
5422
838
17509
2732
33201
10291
22871
1994
638
4302
24859
7042
35194
32678
5490
6329
17687
11580
17469
6103
7415
17202
3299
15760
29148
15711
24858
18225
27326
4775
28080
38209
4462
1356
34914
20926
11355
34872
14589
14134
1088
38529
15013
19607
20997
27928
36366
16957
17095
18093
35805
10282
5779
32348
4252
26223
35571
33465
33419
36564
22641
7641
22763
20586
13754
28756
17206
6947
32971
20076
8492
33508
8647
21720
27396
16817
37920
29124
26958
21799
5518
1064
14610
21656
21254
457
16449
6543
25773
25815
30587
15514
4444
13634
26118
2031
16816
2732
10827
15839
36514
32522
1798
36211
26425
34047
8070
1222
32279
37062
389
1111
11493
36590
13816
36263
22696
35857
24474
4540
8728
34715
27790
29620
19040
11335
4569
29790
16343
7288
39037
8575
5048
38956
37348
35942
984
13480
26115
10523
38445
13160
38585
33693
5001
9807
25779
26892
20142
12929
11074
25400
305
26820
30825
28144
7673
21272
11484
10861
5456
35571
23488
2376
22198
0
26758
8587
13955
34015
36703
39115
15653
4409
7620
11245
38062
4429
1755
5659
7096
15376
14659
32334
31689
33465
34310
22991
26979
22682
36444
29227
24047
29019
31363
10719
910
19802
30711
12643
18035
2385
13419
23519
19249
29236
20476
31492
31234
29169
12376
2472
645
26861
7412
8928
1606
1547
36203
24759
2333
35710
81
14669
14319
24672
24137
25315
34674
10050
9727
15736
20098
32343
8353
4193
9446
22703
15448
11092
26473
28907
8377
5013
25761
24794
21782
14948
32185
30500
24263
31949
20946
3148
22852
21575
21456
1872
33970
68
2199
23665
7701
37967
33237
8785
25644
9077
22010
16753
18606
35986
9950
32519
34470
13882
36166
13693
34301
24835
3560
25103
15268
12228
2085
795
1142
1076
27210
23749
1264
23973
29638
32815
9179
16415
36013
988
16237
19588
2127
2255
3424
12525
26892
9585
27953
17764
16632
4499
31824
14145
22007
35488
25959
7677
8696
6601
21665
590
36420
38439
37582
21887
22097
5870
3800
23865
38621
25813
16817
21373
20312
33161
31177
2226
14967
31342
37597
8020
3022
37107
22239
29665
16422
33276
33909
15952
6050
12718
29223
22495
22572
28789
29764
9373
19927
33862
25920
5551
28888
21402
38954
6701
31146
37377
520
34720
15506
7733
25241
33625
9064
20981
11217
26348
9092
10340
21419
17936
31813
21728
6673
12256
5402
35586
4007
14509
24277
3238
10101
3423
1270
13864
2658
23445
25482
12759
10178
28687
12153
20863
36261
36264
18503
820
23186
2969
31727
37882
12713
36545
34659
740
182
9148
16799
6676
9835
12128
15980
31984
20320
23562
6077
30752
2753
33401
14261
35827
30648
12708
29595
30016
16451
11118
7825
31474
37279
37632
12413
9548
18004
28698
1071
33312
9299
38500
5950
16703
341
23988
30527
23655
5661
21535
34917
3595
35921
24763
22264
16820
29295
1257
28550
14754
34280
30249
27052
37268
3620
11590
20593
6559
3852
13712
17242
29282
17290
38244
32094
11532
25302
9070
18946
28144
29210
25262
6538
11641
8945
3213
26555
24940
14933
32753
10543
29082
11260
14658
13682
10397
38429
34526
15760
17819
18123
37030
24778
35895
21652
17889
38102
7657
19636
1466
12272
25757
32606
5317
24703
16974
26442
23090
13562
7164
22488
1475
21571
5417
7899
31179
21910
28767
5196
34208
15039
6711
16375
30765
31692
22452
11007
4186
18279
20028
14001
38096
18879
9843
19129
27866
31739
9600
4479
15025
13719
21046
22477
23306
12451
22418
7359
12262
20683
36613
2017
7999
19021
12287
35701
19424
30169
6857
32762
22718
17600
34444
14634
25605
20860
17789
2335
1370
5983
4093
34530
13039
25810
10589
21672
34829
6999
26001
645
9255
27460
23660
18086
32746
1520
18782
9080
24435
19427
11379
1654
34260
24986
38826
6820
20500
31687
15785
19456
31801
5564
16746
31981
9402
24477
12356
3305
21046
27279
1230
25880
25482
23455
36794
23484
4971
15792
35364
12315
9333
7632
27911
38540
23112
38759
14528
4108
7116
1517
23131
12427
8790
4831
8340
6719
17717
10219
29979
21619
3075
28387
10176
22924
18248
7698
31268
25222
5092
34755
21266
12247
31275
4390
23229
26729
9204
19172
13566
30067
32596
15309
30853
3078
20948
9784
33220
33128
22077
17410
9566
3198
27592
1496
36685
14263
10907
19748
28664
5607
12561
38294
35671
14648
18577
32239
28097
30197
9985
32408
33959
10315
31665
34226
5034
30957
38622
26241
7040
2078
9252
34476
10512
11173
19219
22494
2754
14013
5871
6779
7296
14105
36433
25356
19662
10330
18426
35659
26661
15078
27369
27891
14502
22881
13338
5423
13000
21387
1488
27163
4423
21185
30824
1261
22877
7764
22330
11859
17804
11539
8292
27010
8019
21103
9850
403
30983
10349
30527
6441
30390
23663
3177
28952
4528
6686
17199
35324
18709
3072
1257
35754
4756
6815
7254
17833
22358
1025
27910
5626
8970
27088
35551
4497
38621
811
5449
29519
34992
26569
6046
22183
29536
39011
17972
18221
4428
20448
18501
36708
35431
17569
12114
24427
32290
16323
31684
12080
12521
38463
25475
38737
28795
37666
38979
2995
29494
11100
19119
28342
35038
36513
9597
37677
31455
5218
21363
19842
21116
36477
14351
18168
12083
29643
28505
7086
13576
31009
21453
32984
7321
17882
37014
10599
25598
32741
28882
16832
8056
17628
23017
4806
594
25313
456
5306
27634
13902
33873
25917
28349
21336
2404
15165
15272
34247
7000
5796
25986
1203
32333
20971
19455
21260
7457
2647
8229
34779
34939
12200
23197
19626
27390
34635
14105
26880
12491
32857
8027
9624
34723
28506
6594
2300
20513
8454
21577
5117
25446
530
30637
33604
15558
13457
27651
36261
25303
9580
29163
32934
35370
34851
8756
8105
8443
7743
8404
26614
15590
12501
29427
37326
35706
33348
27766
736
12529
20965
37641
38848
27645
30948
18638
17032
8269
34706
139
15268
33728
22220
15858
11164
22580
17529
15124
26615
15184
38256
22153
21544
30963
31493
22765
13508
23272
3230
26280
32698
14660
17382
5180
28652
30586
36754
655
1403
8386
33630
25357
14157
16391
7753
16933
36068
3400
8994
32697
5388
30607
15489
16990
5317
18264
30809
20455
7468
26236
9731
10472
33542
29977
15043
31665
5699
16022
5442
35371
12554
30927
8825
10384
31178
23135
36245
22831
23614
28941
20909
17729
20364
12965
22647
16428
28668
1533
11135
13371
10465
7780
16991
31154
16733
28343
2691
22973
26166
39084
30002
5859
25301
19047
21103
25629
10092
23680
15816
30272
6947
14483
31424
12322
7254
36178
28333
19848
33300
3367
14336
20414
19312
15207
35123
4867
12412
13746
3796
22233
36853
6922
515
2600
6267
24516
26761
32912
38698
1601
16349
6441
11387
31278
8205
16854
16173
7400
7446
8316
4710
37626
7351
15084
18316
24704
22582
19934
1305
20269
20710
8332
13003
8538
26320
3296
12282
32844
10660
14029
12589
5643
32464
8642
4645
16533
17122
37097
18706
20717
6654
22130
6785
34658
8855
10923
36357
4883
3060
19654
18309
1822
27915
7366
4233
34020
15988
11006
12942
1429
19575
26055
25603
37366
19565
31281
36792
23431
34132
7550
17554
34809
28327
12872
8363
8152
13965
32862
15193
11250
20701
28199
8187
38415
10053
15768
16269
15767
32911
9938
32187
20833
3206
23429
22820
10393
25526
27967
29363
19833
16977
10184
18677
38564
20031
21098
5655
19699
22944
11656
6454
27962
35954
10648
22680
20116
7239
32528
24555
38246
16762
6120
4591
27672
23098
16112
32971
38113
19671
25115
11298
2897
28030
31855
29500
16234
20273
16745
18103
22552
18772
12832
29807
36872
78
8420
21406
10803
21760
12706
22556
5788
24004
2903
22506
978
36072
10269
34279
1086
13254
6153
31277
20870
29356
29111
35122
15721
30661
17455
22775
28384
3664
31081
2660
32153
39007
9747
36998
25901
6075
25956
19587
28835
23846
39102
9475
25522
35543
12883
2718
18724
31721
12147
28535
18322
28822
19635
6472
31910
5695
7186
6411
1055
18161
4799
37795
25368
27060
33408
20728
20327
37000
33228
6510
34984
31003
12509
19920
24554
2609
18199
22344
29670
5480
22228
7970
25121
27946
20708
5860
38117
5271
19152
19743
11219
18972
24119
23253
26486
38719
11971
14211
38075
305
11301
21490
23881
30566
6862
25459
873
5460
37296
5521
37345
6905
3968
32998
24871
32826
11581
23934
13992
27554
28231
38859
38809
16429
38128
2032
12405
27915
14835
26497
34227
34706
19924
22737
29592
29491
20314
17469
28327
10416
30816
32097
38731
19083
1353
8571
35780
6444
5339
28685
26280
32028
22970
15625
13300
6629
38546
27392
21803
1647
38478
16448
35804
33452
24127
27527
2053
1261
14378
22008
31892
36593
38333
31080
24921
13652
22647
24035
23738
28655
6779
10474
34137
18944
24804
26436
24396
32766
36469
12226
22882
11328
34402
3963
11869
21503
34284
12480
24225
11753
10724
14647
27512
3043
16608
20664
4699
38655
37463
25053
37645
262
19891
25043
24510
10833
21388
30251
31931
15793
1384
6545
15926
26524
13279
22822
5082
37785
22678
11118
34322
21270
21757
17486
24355
10473
21913
18855
23516
27879
11925
36964
3802
9668
869
25520
24271
23134
24255
35911
33118
4994
38667
38024
21530
10675
4590
6624
4215
1103
34841
6131
10536
16010
17619
2816
5537
36371
13842
30616
17955
34257
5732
23711
5364
495
9920
2745
23305
7572
18605
7984
37616
8805
26032
20224
34841
7891
14084
21414
36120
22970
13005
9741
24281
23939
2957
18896
19313
36882
37907
37028
20511
3369
22766
16970
21938
28501
23196
38406
19114
2028
37347
3168
25918
22314
29121
8541
38241
29548
3737
31690
30728
36325
17360
2362
13669
9201
16776
21556
31112
14943
12394
12964
31014
13565
33052
32843
11759
12945
4485
10292
13476
9343
26767
4354
30463
17356
6120
37230
13486
31615
28113
29531
22954
32168
37866
14473
17241
20913
22296
30350
23653
13430
6257
33510
34752
18919
17107
29422
11818
7909
17883
20652
6383
33349
32679
36288
10735
25598
10901
46
7322
28804
16870
3330
29489
33493
539
5342
29526
17602
12387
17377
13760
4579
25953
11877
21343
7240
28956
12523
32908
8879
9461
33783
206
31487
30334
24426
15590
10611
27259
6491
29693
9741
28616
13931
19007
19423
20569
14551
1086
19752
22110
3376
21544
9318
9975
23123
25931
12575
24916
11143
12105
33307
17944
29239
8216
5380
3559
18370
26020
14569
689
5902
1914
15802
8921
17800
36208
38807
24476
23298
38924
474
35034
23685
35393
537
27724
36409
13558
35217
8654
34932
29423
5351
17888
30139
17173
12202
21303
21624
846
31124
8456
19229
37277
36700
34251
22039
19969
10099
2855
7563
4091
22347
18774
29082
15375
731
27247
23556
31910
31300
27828
14379
289
21092
702
29532
38919
2329
19497
36443
106
701
6213
28782
1722
30824
29974
7416
19736
33423
26569
34438
37687
30127
6462
27119
12546
729
7661
8608
21730
11402
33022
35524
22725
20913
22566
37751
30090
13427
8440
12623
1504
38847
1787
18838
8663
21336
39044
21465
19203
8639
38590
29943
11315
22643
1410
10439
1964
37303
22248
26369
18835
25780
16852
27353
6905
11662
4801
5685
29539
20303
32893
7994
6588
22943
9349
2563
10673
28468
34910
29505
23018
25357
10789
27925
6503
36786
16020
9367
27832
36901
8265
11519
28797
20894
29979
36499
8917
26969
27330
13408
9693
11070
18715
33088
14884
1857
18554
25460
9146
26867
17172
38618
16257
28397
9667
29384
4008
37123
7435
33324
18224
34729
13697
30117
13635
4082
4887
32850
38057
7625
15870
29423
27856
16496
24596
37280
35436
36057
10348
19011
1015
11735
21087
807
17596
25639
3737
4632
9726
4201
2912
9826
10589
23558
22279
24169
27071
22531
5461
3731
904
17787
23886
13697
17129
5655
20544
38425
35670
2211
2740
25666
13456
26196
22240
29864
23708
3467
6389
2547
4774
33675
8578
29839
18079
29324
5667
19086
22715
35711
31199
13144
9037
33833
7063
564
23951
29167
14708
23263
16580
21088
39048
23015
16813
21024
590
25701
19066
34431
11396
28301
27387
8545
29202
30169
1795
21606
30669
12842
2853
106
23391
14546
12179
21978
17759
2126
4538
12662
12549
27038
21818
36672
26365
36687
31495
26078
710
3520
26682
13486
23468
29003
27115
17752
6686
38339
12055
29699
12052
23883
20550
32324
35099
14687
24316
789
11681
31826
34525
12806
35097
11761
30882
25448
13881
38212
37344
9936
28356
33266
23429
2765
17255
32137
26937
34568
21883
19368
25634
20740
20661
27041
3874
2669
6117
18958
5368
12553
33315
29533
12135
4818
2556
23462
9460
30817
26071
8215
6296
26198
30057
14295
5927
32665
32848
27359
11482
38672
27783
4005
14649
38459
34822
34555
33123
26366
33914
8242
3972
24740
19628
8092
36716
16298
23190
5022
19228
23423
21242
6430
8961
36833
10289
25455
24688
34205
2472
20131
14593
26109
8552
29374
27901
2898
25272
38060
15389
29461
25734
14242
18987
19505
22683
32280
8563
30003
21104
24328
1026
26855
31572
9292
13144
21146
37286
11480
38056
32138
26705
32783
7872
28681
3822
11667
16710
1425
16504
21071
13709
22600
35003
5053
23740
50
25013
31696
9270
36970
13279
33378
31948
29586
25377
6054
15858
36831
3880
17866
34493
6220
23240
11016
24658
34848
7362
17149
12624
8608
30697
37704
14965
25626
4448
29534
4967
22591
21487
3063
31191
8579
34759
5058
17626
17333
4186
17210
13416
31806
36847
38961
22724
12085
30744
18092
6559
34151
18766
29493
4206
7053
35145
3140
15675
3928
18916
3997
21031
1886
10786
18137
28854
4093
11561
1261
8300
9460
7633
16970
23272
19021
33479
1104
18954
26477
14192
20885
31416
20242
14822
14738
32142
35441
9767
18795
15508
20166
16206
11551
19925
14676
17682
21614
4265
17986
6891
22147
31860
31068
37583
16539
4379
34841
8291
12841
13540
8281
8261
9065
20355
33934
10789
3030
29915
34996
9024
11895
9145
36304
8432
22749
7162
21469
14892
37881
34180
2722
28645
7140
268
34592
7545
37068
20680
16128
4191
34311
19614
34576
24710
18080
35402
16051
14522
16855
13879
25839
31463
19312
1902
25293
28365
39111
4861
208
294
13468
33560
12367
17259
11580
18688
27861
1771
38156
21594
29173
15957
30115
10861
20504
37936
2220
31487
4801
33366
34581
28141
22940
25089
25218
34548
24417
1467
15781
23430
30111
15620
15177
6440
23672
2803
35829
27642
7637
2763
30195
35828
31636
20954
29330
38611
29324
17304
10322
23245
24124
19615
11185
10745
32957
22666
9958
19753
14595
27863
19178
6033
7806
15092
27677
22058
5613
4686
33177
36517
21042
19831
16745
2967
21181
17153
8870
25693
2342
15944
30692
1360
19431
18350
11799
21741
27763
13730
35549
22504
35815
34724
35453
35457
24087
33944
27052
18352
18889
26456
33692
15712
17074
32087
9333
34667
2981
20460
8112
8249
19026
33540
11038
38318
32766
6155
33250
18404
13338
32679
8695
18827
16542
12700
4789
24405
24087
29760
10658
35460
11901
20519
22294
5212
33224
12605
2199
29092
29132
21977
16224
13062
11367
6945
32876
13452
21205
33874
25359
20480
18021
38378
20492
38188
10414
38412
27207
24558
27747
10654
1447
31600
36305
5091
18672
19468
4079
36097
33404
16418
508
4243
30014
8422
28331
18841
27
33710
2732
24736
23142
2302
25736
21914
10129
16243
35909
12850
18034
16536
993
20354
37429
8174
1157
15920
27888
26839
4053
1045
36686
20809
30564
5786
31243
26327
21159
34579
21926
26853
12515
11142
18715
34106
11072
3954
20805
35002
848
24071
2898
37238
31478
9871
4130
4387
38538
33892
24915
23333
15445
34177
19524
15523
11563
35925
27298
33286
35254
3827
34573
4781
19633
12902
225
17634
36252
34414
5123
34058
14740
5287
29346
4829
9415
28269
13276
19331
3588
33574
22194
11089
34202
29808
35694
22990
8842
8407
28452
33387
2634
23562
29865
37749
17737
17249
2799
12125
29608
1334
15161
1452
4424
21116
22958
26912
23760
11002
30178
22634
11246
16440
8073
27978
18285
3144
13091
37730
719
31471
15281
35251
18625
17554
15367
4448
18536
15411
26558
10405
16938
25634
19782
35665
7357
13274
4594
23304
28470
24698
9500
11063
25379
2115
10837
27213
5286
22072
1664
33864
9469
38336
17283
30781
15473
25193
5519
9800
9740
16364
30182
2508
13251
9022
27380
2351
20407
550
34133
6301
1206
2909
2965
16329
20465
27352
3000
12033
7218
8675
21842
29759
1843
19943
9298
30092
38352
12152
7828
4293
23276
19364
12046
20416
33068
8307
13393
31498
32383
28310
11076
12952
7186
14779
36143
33623
25034
34947
18139
2353
31517
33769
32929
22121
13653
9889
8937
7851
16247
31572
26160
35927
3733
25537
1704
2927
37983
31717
33712
22757
7846
14305
37986
25052
26075
33266
5768
21901
9786
33899
37636
22764
14674
35989
26272
25381
18295
4757
12326
20268
27406
10028
7403
30662
708
24756
33550
29961
24641
5196
30921
3010
35829
8554
11276
11279
29059
35306
29256
22422
32923
11585
32355
29869
33432
19204
9681
25927
13386
34688
11091
36884
35814
16115
32592
27411
21850
561
34420
11620
8870
29600
757
34697
19157
26475
19703
14734
14552
36219
3970
1865
23856
36802
2329
8409
1155
12520
8958
19165
31204
34737
12566
33828
7412
30651
7395
35852
11471
4603
12075
5789
35064
5712
18313
19356
8499
12307
29602
31847
37079
29886
13586
28840
9527
7060
14046
11254
5168
961
34376
11618
36765
24862
5593
22837
17487
37700
20060
8012
1050
15211
34186
14360
26560
22050
723
37791
18316
35879
4039
35107
16320
8599
21664
10420
6041
8263
2076
15778
25223
27332
37639
14400
11513
8339
27957
28093
37647
7505
17682
12796
2100
14781
12564
17735
16468
15313
32683
22431
26261
33639
18720
37158
8502
25365
4678
34033
23603
34611
29382
1488
36179
8646
8377
16983
32469
7481
22744
36994
30753
11127
11380
17370
5262
31629
33218
20606
28148
37468
38102
32673
5292
16347
33923
28571
10063
26364
9985
18291
24295
33958
18187
27718
19660
29148
15413
1421
25116
34878
19553
16545
30510
9523
10326
9914
10152
36861
5353
23050
32307
20205
20539
19941
14417
21216
28080
19022
10072
35641
33328
21869
27924
6623
38591
30482
32765
209
2287
34730
30987
23182
15956
35804
30234
10171
28709
5556
22198
24517
15749
23196
11864
29431
27931
11028
24338
1176
27944
9083
711
18160
32950
13979
24271
21628
38047
4074
17418
4853
24267
11249
38027
10205
13740
28152
29866
6606
18958
22507
21141
30554
22257
3617
21703
4920
36173
9997
20008
4460
20109
30172
25589
37016
27654
30586
3544
10100
15900
31777
15056
37531
19273
18063
12921
14892
31389
11695
6676
19943
29921
37610
15878
22713
14361
30212
4368
24700
13253
28430
1300
9937
17498
27908
32810
19901
12283
12248
36509
37849
7716
34969
18209
20882
37184
7734
35598
32927
37423
27523
12803
32613
9899
33397
7369
2311
22013
29363
34651
26270
28037
13938
15873
27798
33810
35332
15613
30030
25346
4899
32061
26206
492
25788
32687
26153
30875
1226
183
25605
34069
14252
38168
6972
25586
33808
1986
28102
8743
24186
31106
20177
22627
4018
3569
11251
32757
8175
28100
31083
28078
6405
10981
29702
13734
31884
25484
2246
14046
12121
15922
36514
5186
9640
30380
29392
31507
5002
24705
30462
3365
32591
25612
16705
25900
32761
30183
10521
11759
37596
31889
12675
4485
2902
2888
7568
6821
29042
37850
23651
9797
17474
16967
23458
30973
29984
25847
2748
5541
19799
25368
24435
17809
9878
32849
32010
21487
33040
30168
5449
9808
8434
21483
17872
30329
2662
38877
26354
25812
13078
35237
19423
13260
27713
2590
39034
25144
29324
22302
27714
23923
37316
9092
38448
8748
2799
9326
32337
5733
20989
25255
17761
9260
15898
14474
35119
18621
28936
13091
27447
20999
25615
17498
24274
11457
9379
19588
36417
15353
23409
13957
9218
21910
13941
10509
13210
10056
10395
9225
22654
24122
11806
26315
24087
11374
19862
19090
13493
26017
22427
35697
1419
5769
32196
13603
36578
30154
34686
29371
10351
1021
34695
27583
2791
2166
34619
18400
20151
6049
19356
14968
29701
4673
39116
20460
36986
19461
3905
8809
11571
2772
17149
26560
20259
35178
11027
33838
28935
27344
35144
11180
39119
16010
29141
29239
15396
15119
5269
33475
4371
1065
17736
25400
32755
28964
31551
33895
21279
36022
3516
26638
10429
12182
28201
17174
19859
6414
10955
9903
9187
4044
5685
24072
35306
19002
25794
12962
19192
13214
14926
24612
26583
29627
19791
23697
15168
37391
5941
27066
35439
37362
32522
6628
22720
21697
14875
17870
25088
20910
19120
26744
38434
39025
4703
26498
22317
12066
16508
20691
22059
7485
19171
2226
36956
24954
30060
36024
24164
4062
10585
15993
19773
15056
5206
11141
20287
25507
17612
29802
25700
1315
20791
35660
29724
13413
19775
21350
33240
7942
36269
11433
28306
15868
4315
37377
1069
3074
36592
9717
28388
28175
29224
26049
34755
28655
20748
15861
1800
38590
26667
18694
1157
17357
3747
26178
18011
22924
7263
8365
31924
734
33823
3902
23607
6620
4853
37724
22163
2612
37039
5083
2216
27201
20740
11272
31751
27054
14662
31822
14944
25066
16159
5457
13542
4348
31905
17063
28919
32269
35003
7947
32963
9369
13598
23528
14599
22683
7365
13333
30784
3346
6685
4651
5494
36730
9624
27053
30353
5167
23995
6192
34292
19534
13618
18823
4007
7767
21068
20083
28239
25530
34807
15336
5908
14126
31722
17928
16955
11517
26800
27643
25344
37798
15480
32353
13008
31718
32803
16225
12077
14107
19493
24293
14878
16881
23122
28256
20222
31098
23638
8256
4854
10665
17109
29165
309
34363
12609
20424
37455
24796
29562
5558
39036
36278
24276
24614
5748
7251
16345
4338
31557
32642
1615
8954
17469
33894
31979
19042
31171
4567
22186
33431
20469
17314
35411
37484
23398
37519
1745
13135
31157
28755
5446
23456
7207
1070
8885
4332
6013
33218
5748
37951
35472
9988
14880
3405
28424
10039
23979
2747
16081
36456
6189
28752
37967
7840
1143
36957
8323
8940
151
285
13681
27369
35386
9747
5736
28398
11776
17741
5675
8126
4892
21506
23218
8795
4530
18169
11371
31123
21848
3196
29463
17251
18464
28493
33150
31237
31264
20051
23010
27756
335
29343
16596
27779
38423
12264
32247
2551
3811
8986
31673
8644
2721
28803
4922
8372
24475
9211
2840
30432
29213
25798
20929
32907
1495
1921
6341
3061
31038
35287
35542
11763
16040
30953
15477
20484
21116
18094
1038
20044
36336
19692
6577
16074
9191
6085
8931
19800
30217
20574
29153
4553
9048
9742
25776
11240
6088
8572
25406
38988
32924
21831
9349
27202
34406
34359
26715
9554
14265
25978
31955
17538
20706
18401
30229
11363
30554
38855
19565
34580
3562
15431
1447
8492
28084
27507
34888
37701
35178
22040
11673
7196
17077
6761
19223
25730
33705
18802
31472
13453
14725
24579
33451
28333
12250
22843
26941
10868
18438
5510
4684
9425
35206
26290
21018
7879
27961
36773
25834
20626
38820
17347
10349
2179
5702
5451
20328
37980
20982
11947
21598
13153
14171
24041
7522
8834
29247
21373
12024
19994
2192
19151
28386
9849
37128
24380
31097
36104
26425
25672
16622
7837
2186
18045
12491
36985
7703
11553
18979
9064
3855
28799
36530
25008
7986
7335
22637
15465
5654
21919
25083
33937
34831
38537
16398
16302
24627
6149
35774
34637
10122
28721
11628
3184
5568
18432
35647
31937
23759
27451
29781
14198
17907
9761
5235
36600
22692
6964
29679
14610
8204
14152
7736
39035
32863
34216
6632
21468
8629
32740
18122
30804
28859
11573
12583
6586
22768
12080
4439
20213
27981
243
6596
36106
15499
28440
34218
26831
19211
27827
16219
10559
34232
38636
35273
13411
13079
9676
30960
19243
32920
20598
28993
2666
24748
19128
36183
25274
35846
19027
8906
10904
15908
12209
11481
8570
10302
36886
31387
8427
33003
15895
12319
8894
15883
25549
32500
34988
10178
483
25328
34372
29406
28776
36088
20959
17728
30319
34516
31821
25192
34702
6045
7587
4493
33319
5049
18080
33898
3680
36681
14795
12997
26274
33551
11795
17365
35614
37402
19482
1425
7501
7622
36195
5378
4065
24647
5699
6614
12735
16757
1400
23532
22981
30995
13484
20634
16266
32743
13291
5665
32555
16203
10853
19737
37862
28208
34752
16430
38342
11849
23105
33845
20423
32607
24536
14806
5005
1
12362
3758
23557
24571
10178
8686
20978
10511
38602
29209
3465
13327
34095
30942
7352
33761
19345
32662
32682
9095
18678
37925
17290
32836
34928
7825
3853
2844
31084
15170
28420
18898
23216
28723
735
19606
19826
7246
20271
8920
21757
2076
4173
18750
13562
28965
18207
5622
25152
11657
5797
28663
7045
5853
32430
21137
3022
23342
2872
6559
15686
34006
34704
25008
38045
34015
21707
5458
11630
12963
17642
25831
14955
12418
5919
22326
27742
32247
3900
15421
21541
16221
30911
29662
35960
27666
12948
4205
33950
24258
9360
5861
8920
28607
34626
7732
34936
25052
33604
8844
21434
38202
17159
3755
20713
19543
20768
1045
5472
13833
16776
787
3303
35637
29275
5076
30293
11554
32004
38481
11251
4059
4859
19693
23348
26809
22955
4833
37667
32386
34889
21763
28406
12104
15788
12914
5780
24739
24103
21045
5133
19590
20256
13910
7690
11449
4744
10849
35818
18807
27263
18651
2419
7416
25395
21985
35977
21388
21235
27126
8770
6446
14732
6429
9393
24349
13116
30919
38288
20846
2982
36866
18366
37191
8479
12393
33916
16102
30304
32270
4287
37214
4732
10868
2357
31000
38581
27433
22302
34152
25005
33625
33759
35300
34375
26654
6130
14796
33250
31524
1868
15356
10454
22849
19830
32384
11138
27886
6481
20944
26435
35532
35216
3469
23197
30225
27254
17718
8540
7203
23863
29820
10220
14691
2004
24508
148
16243
34286
26337
23761
7076
38655
28248
21810
25364
34926
30758
18200
21479
34942
3847
10281
15376
33463
34265
36971
38448
2532
12185
17512
26762
7528
29423
22418
38846
32959
38862
33439
31220
20343
27080
20637
15840
6200
717
8808
19412
5974
36633
10160
28044
24572
25149
14888
25976
1443
22436
16064
3692
3863
7998
12146
5129
30058
27102
19966
1299
22088
31579
11592
8184
7966
11221
12722
37638
12047
14435
20355
9266
25426
5986
11391
38258
29234
4046
10166
34225
7349
35429
22302
701
11497
35284
17081
33357
1371
23803
24683
15197
36562
13221
9036
27105
31369
28618
16582
23501
10734
22304
27122
3301
9752
30360
3295
10141
19268
21488
32448
29367
29305
6113
15304
14650
21985
18555
24828
20914
23630
19061
33637
26459
30154
31177
27375
36209
11737
31452
37086
23123
5057
25933
12008
16974
38783
3252
38140
15468
7167
12061
18520
6138
38321
34430
21361
11756
21399
36909
12200
22064
14790
23900
35023
30179
13506
34261
27846
26806
5242
9404
19993
26886
29523
33999
3002
15880
37583
36870
4828
33451
20040
5676
19454
24810
29143
35297
28971
37769
19069
8241
20630
27203
34438
14796
37362
24822
20671
1289
8268
33291
23315
17932
18158
31507
33159
23821
29728
11287
17941
27163
28815
27400
33428
32027
21492
12277
1884
17848
33024
22739
38748
5543
35042
16233
26807
10363
29946
9432
34211
2992
17965
24918
17012
1763
28198
33083
18206
19981
15545
8977
10960
23230
526
21374
37469
27380
35455
35551
27924
38340
3821
24853
16518
11393
38463
7870
23331
2094
12977
17418
19523
14181
19715
18569
16095
10412
13477
29697
32674
18292
24798
7204
14136
28018
16127
34203
16081
1582
5338
17733
31517
9446
13988
12953
28014
14623
8880
1188
23039
30147
8416
8449
11053
17075
6095
9063
16366
982
19721
25430
8184
18600
13705
12159
19315
35888
36701
10209
11886
34010
6341
5565
27882
25422
6678
20159
3093
19533
38189
9785
6777
8615
33607
5817
16059
2681
32390
22333
32926
6603
15814
34101
11861
15991
1458
7461
20970
22837
24686
6128
20351
20376
2417
16594
29520
13689
21757
28779
14131
30835
22270
18348
282
22052
21085
20472
11027
27306
10276
1020
16275
6838
26400
15434
23842
33021
28098
19448
17286
19881
32353
4499
8904
5355
17659
34307
29995
1597
25495
21104
9533
23364
5901
36267
12192
5264
22476
10675
7661
1584
38100
36814
33758
30772
9062
14386
21159
27569
11531
12288
9755
27812
577
22612
22724
2581
15363
36102
37437
35017
15861
2291
32188
14579
18603
14966
31245
25913
8562
1200
33251
17737
9741
2076
19244
2283
12210
15624
4105
581
30464
33922
26649
30812
5892
5488
14292
8573
12970
15304
7317
27569
344
23768
18840
31518
19976
35605
19583
10923
8654
18340
20374
27010
20737
8073
3282
32138
4839
28516
31076
25413
4099
25876
34066
27911
37377
10924
29815
2293
37541
8082
2418
21667
8250
33900
38484
18218
27974
12946
5259
32822
24168
4104
29625
10138
23842
25199
28699
32711
8964
18578
22581
28358
17742
18247
35238
6095
19159
7916
23503
7144
15
35880
11118
8142
36078
14630
12940
5829
27316
5757
6141
27053
8655
31584
15050
3395
21669
18133
28242
14928
26427
27476
38152
26241
15664
14807
14860
21839
21520
17907
25357
102
8403
3587
34825
29227
3690
17983
5079
10321
12569
6290
4082
16439
21802
30649
778
8398
4750
31712
5262
28181
27625
7705
17201
27166
15912
23445
7408
36807
32380
36616
8338
33731
2546
25871
14217
6035
38601
34346
4790
20178
31999
26032
34341
30521
16055
21556
28414
35066
23465
25480
23646
18055
38252
16336
28702
38255
20543
9848
32724
16895
11841
3127
11495
10456
36262
16337
25049
14649
20551
37908
14413
20943
72
3480
31541
30768
32770
4135
31218
6121
26866
37847
36397
8784
18056
17302
18540
11590
38197
23
2431
10742
38662
23823
27671
25264
33598
18780
34551
17878
24913
1464
5379
3514
30960
27694
29624
38293
12785
31290
8658
2101
12671
34123
10767
21759
19800
880
183
27135
30308
1606
27413
32622
14250
35550
34119
19342
23798
7838
15531
29000
4598
18260
3925
6315
35987
19960
12848
16591
2750
29948
36059
8514
35700
7476
22416
19252
16791
11745
36904
29713
7015
8381
375
6017
32454
2893
10189
7399
25139
14370
12104
38368
26616
34532
3984
22405
14052
8145
15785
15994
32680
13870
29659
26893
24341
26182
13829
13032
36193
24190
1306
16067
38610
34453
22832
25391
21661
14143
33957
23388
19943
33534
39116
26656
28857
4333
35783
1945
1900
32402
6338
32579
25688
34667
20733
37888
25015
21632
15957
14059
11674
12383
14918
11406
4843
232
10744
33599
17264
4904
7840
22555
34978
4196
35388
32072
15926
16030
37866
26019
9525
19435
3111
6192
6024
10432
6466
24282
33691
37572
38645
26627
7470
6999
6322
32930
34784
39026
18652
786
38172
24797
14271
8480
28157
19165
1086
12788
8593
17551
15986
24091
7063
23985
26624
22796
13128
31901
38881
9744
33941
32748
24611
22864
16890
10937
17752
30224
13061
17185
29587
4386
10351
34601
38378
29042
19772
3795
14294
37640
29134
28657
7179
13886
18146
15761
25348
37683
24156
23390
9871
13242
17046
6880
14093
15932
11627
4885
9524
31438
35830
13606
17537
9610
2808
13543
20835
34764
14893
31179
20386
31506
3494
36985
30829
1112
24777
355
11732
5460
22847
6930
34969
22462
36999
38777
23917
32570
16387
11780
33900
39020
36139
23648
13238
24410
17815
15921
3334
16762
28169
8522
10977
13706
28610
35395
6411
19933
12030
33594
19250
16583
27134
23664
25047
8445
26746
28818
964
6896
15988
34128
11081
19266
18000
36972
5273
21782
4738
303
37056
18205
18176
36520
3095
32800
38172
37664
14434
17466
32927
25013
3766
37136
9049
10013
2954
13219
33163
5826
27439
10591
34669
20506
23525
7021
3414
23569
3561
33243
30068
28402
2930
27294
8336
37846
25132
1922
35935
34438
21573
21654
5873
35579
4191
35883
32480
7125
36363
10659
34072
23751
27694
29173
30189
29790
24477
24041
36512
4513
28079
23290
14587
23673
19202
2912
38272
1599
5133
23505
9998
34096
16291
36321
38353
5442
27079
9266
25212
28847
3787
11554
17147
18312
28658
39058
5140
4879
20532
25081
7699
2379
36854
12811
19826
27872
30444
33340
22838
10126
15996
26597
20846
1023
7911
4391
20575
4499
27136
37814
24025
12419
13837
24603
12543
7056
3515
12728
31902
938
2151
35826
3281
17347
3052
6981
32675
7065
36497
27637
23614
22572
5864
29689
13173
28417
31701
24494
10917
37330
5193
21440
9737
31544
11431
13717
8811
35197
35830
625
21066
11606
15065
22296
36967
6432
22515
20248
2327
9017
5253
7600
4177
34854
15563
9907
9591
5604
22108
3477
2832
16563
19875
30445
38959
38232
1629
10475
1229
23882
35209
30069
31250
20472
34508
20809
37165
33778
27346
14823
32287
297
27662
20872
38487
25617
11897
17803
38617
30515
16273
27637
10460
15134
35366
5739
30271
9510
6991
7742
25691
30358
15938
12285
4154
6427
14520
33317
8315
27491
17108
30053
14768
6857
17495
31840
35613
11157
16754
11012
9123
7021
28465
16696
35756
5993
14978
12619
5453
19663
6083
654
6015
38962
7861
9869
27546
21917
11117
17348
3711
36453
35567
7580
24567
15657
18320
34828
34842
33443
6731
28893
31123
1604
27586
12457
10960
13781
6647
17695
2287
13307
4698
21305
37304
18244
21190
4125
29586
2445
5337
33570
34296
7502
15618
28316
27850
17354
27446
15580
22954
25190
32026
20749
30765
19136
38166
19959
2413
37992
17204
34652
14800
38823
17461
8678
16438
14896
33856
18584
11146
18758
29661
36334
31246
2780
26384
26734
34216
18850
32315
23075
20440
2970
16518
13224
21733
25492
21385
30507
20499
11319
4158
9733
33913
30650
20400
37199
24765
6519
34891
7262
24831
9986
4004
5165
24140
8229
36505
9301
24346
14548
5445
30932
12546
21715
19972
12059
10374
11039
36921
4087
344
12667
19612
370
20227
18627
14770
21660
30466
6188
38723
26984
23933
22099
2347
5132
7035
38086
37463
30370
9544
28437
33966
3768
17535
27122
22972
26578
17560
1739
10508
39090
1936
9431
1138
16918
13001
14788
5842
19305
23457
23994
5196
10123
25552
25136
7703
19068
5825
36379
2198
38847
24383
1864
2025
7864
36209
20534
37680
33522
6744
3581
17294
19473
9767
14013
23205
12397
37741
35988
21831
10450
34368
1911
37402
27219
24908
18593
33078
36354
36420
7365
15423
38385
37115
35516
3435
32200
35993
6248
3132
32036
26084
11200
24348
19475
2631
15088
1015
23109
17866
12634
5056
221
23249
17893
31005
17539
16425
10416
8611
13605
312
35954
598
19228
11749
23445
9808
4150
16736
4244
9111
9566
36143
4159
28206
31096
22892
10035
6064
33055
16747
22681
9831
23199
25051
19999
10501
14796
6378
721
28311
7085
17774
19540
13088
885
1283
31997
3414
12120
7133
23361
32885
1380
20458
10459
8495
2226
37323
24080
33592
4032
34776
24258
24928
11292
21193
24323
34878
31259
1257
24997
30791
21428
32626
33234
38061
24229
29651
17901
13906
22806
38183
3278
38760
2260
28709
24579
7158
25929
9753
19880
28623
32306
23950
9489
18563
9168
6153
28764
15327
23888
15150
35864
28192
20435
12260
34987
37455
26318
12571
29207
20936
20782
38655
11407
880
13063
38980
25961
3489
35357
33524
3506
10293
37200
23140
30084
38341
36812
33928
23479
7999
26329
30813
8929
32204
33296
32909
9999
32169
2673
25834
31545
3449
37916
4241
28747
22988
9501
22435
18963
9225
9882
2953
9452
3128
25052
34805
24390
33086
30327
6161
33990
21513
17483
5606
25423
11800
39111
37995
905
36383
30174
858
4783
220
10932
2554
28805
24528
35492
23087
364
24767
31087
18729
25044
9288
28153
31243
18832
22430
13488
9167
15057
23381
14285
17247
11406
38594
884
12139
5004
26973
35497
10246
35512
13993
24573
17374
28174
2978
17681
17915
24021
28100
24179
18961
23254
17435
37866
30440
15926
3228
681
6693
9111
6106
31883
15307
12561
36034
38492
18392
26782
21953
19908
20977
11769
37306
36705
26285
10271
3571
15760
28502
25663
33840
3452
26635
38621
20683
429
38718
29349
36260
19796
28010
35943
352
8392
34663
11932
19797
28229
28735
4151
6580
27771
11683
13589
13872
32084
32469
31584
17950
26262
18026
38684
27070
6499
20594
37615
13213
24087
7466
27241
28942
28047
24933
14833
4673
29500
11354
22341
8408
29435
13182
78
15557
1757
3749
24104
5621
11739
17575
33680
27106
36599
27801
32607
17571
374
33106
22662
8571
21083
36539
16166
19447
25192
7436
25902
12260
37628
26786
21624
10967
901
30595
23242
27065
35664
6930
8778
36317
25666
31554
21196
20393
27550
20576
18056
26484
37774
25458
33033
31791
33076
10261
6273
14317
34951
39006
30641
36000
19643
26374
10805
10830
20819
34099
34375
34973
33896
36690
30205
23205
19572
31215
31794
8678
36301
22523
18787
17652
36143
25997
10570
9782
21828
6042
13309
1028
27747
34234
11429
14298
35796
31176
13668
11141
31779
17201
35319
13674
13784
34020
38374
21953
30342
6289
30401
37226
32258
23211
36829
5709
69
38689
25262
13091
23716
11208
36239
30463
19359
25668
9371
32794
5848
11918
32763
38901
34173
27504
6219
10466
29976
10485
22650
32726
37510
24914
24781
17269
35771
27079
37059
38241
31104
3760
19846
9092
28785
35702
8132
21932
2818
33012
20254
15239
20405
7593
4005
25283
31435
16839
22384
23318
25727
10217
19867
31742
36047
23409
11540
22023
29000
5721
14863
13601
26084
31227
6894
23939
37391
20822
28824
27488
23346
36155
18450
24374
16996
36223
33419
21709
8085
24544
24007
36744
30054
13610
21356
25182
34459
23241
15934
13623
10723
17077
10429
31831
11506
3792
11404
31483
27490
14367
31472
12900
30488
22672
23605
20017
32881
15810
27107
14269
6926
1690
30371
27511
26320
30661
20315
3871
5597
33600
34641
14233
20779
27890
35226
9714
22572
25530
12124
29564
7679
13309
1479
20490
34518
25499
34924
35465
3903
22429
4647
9845
7680
12473
15881
8623
12017
15676
1380
10966
32822
31213
25402
32351
27923
16167
17926
11186
18093
17826
30216
5382
30898
7756
1602
28955
37717
2941
31129
3813
158
2051
16883
33893
27440
19004
13504
28509
21771
18712
2242
6288
37067
270
15935
26057
19549
31322
28951
32584
18042
36223
29856
13872
17286
34655
37521
31316
37308
12973
914
26952
12649
7980
15248
16464
3307
1178
14246
19127
32241
2931
32079
18229
32914
27864
21540
12329
30680
36374
6056
14343
32535
28132
20106
9171
17188
21679
4715
33323
3501
37535
12529
20314
21112
28831
18121
27998
27610
34034
23033
10357
28699
32894
14886
32254
11159
12576
865
19727
9761
6511
11273
36641
7326
6966
32119
18647
10531
8669
36110
20851
30878
7251
37927
1356
14070
16266
38390
10696
1419
14290
8515
18087
860
7013
4618
18482
2457
1234
37288
33559
3614
24380
38339
5200
2411
13352
33003
5976
8362
10125
28336
19532
36754
22843
35554
8640
8612
30876
23838
2582
2604
2493
38917
7890
34153
25511
4678
26963
23101
30818
28649
25154
18883
33897
33385
7183
6702
533
13703
5480
6389
7921
10697
8080
20306
20346
4101
14447
21212
9792
24222
15733
14426
816
31711
9164
16863
22583
6071
7548
17170
19367
12578
29000
12941
25228
1635
13194
7301
36839
36758
25128
35427
6663
24524
12799
5771
32026
33462
28930
13921
11780
8720
38697
31649
18169
10807
1741
18717
15140
35134
34714
21458
33343
31653
20977
3676
14495
12605
30186
20802
5508
3234
19740
6430
38847
3559
8543
21083
3343
29864
28149
12240
1043
10393
38583
27654
30905
30682
10920
27360
20992
15064
18292
35885
36189
28310
34851
19780
28664
10483
518
1605
24711
8078
8982
15654
7276
1248
24235
2942
15384
38397
28798
31759
20315
8075
36042
22268
8904
8991
19495
7454
14344
21247
11544
32698
15517
16128
37780
19949
4155
7321
13520
27774
25423
26015
25712
13462
31236
13808
2108
37155
33142
11271
19516
10429
32532
20318
8589
25482
27408
33296
7394
31732
22924
30059
5581
30426
38946
25340
27266
28863
36721
172
2915
25224
13330
35580
217
27598
33773
26483
5800
33856
27632
20973
13340
17751
8003
3784
39036
17526
23726
20571
24898
3961
25441
18663
36623
18781
3011
18482
19448
20959
37407
29419
35493
21097
21844
29712
11103
22104
36694
24558
12366
24435
24090
8067
24149
24238
18842
17138
27386
22954
7115
36522
38286
23140
24467
13472
38123
10856
37769
22125
36642
29795
32906
17174
452
6512
15904
21228
4036
11659
7724
28846
26663
30664
11091
14032
31409
6715
21196
15085
10333
32329
23988
31071
25520
35547
29930
30739
32382
6238
11294
16757
19972
35921
27308
21995
31029
23557
608
17816
7912
24947
21821
5133
1821
33842
13718
30784
27432
14707
6543
9746
20317
11616
30257
5543
23593
38034
15077
14693
23531
16096
10771
38074
36471
8435
14097
34821
7811
10297
7472
496
2620
36471
27670
23145
37493
27817
8271
12504
33419
3257
11338
36036
8282
3706
11828
22534
10774
7707
12462
3671
26193
27657
16913
21444
5184
24058
26281
29589
7376
28866
18729
8287
26542
14358
14886
10641
35823
6733
30863
30261
29164
13845
8111
2087
22173
33794
22541
22151
28285
20508
8394
6087
490
24756
13720
11376
9359
17154
2751
973
38035
18356
38916
24330
1540
28251
21205
30085
748
28557
19007
35553
1862
37876
1756
19119
10387
11623
12263
25706
34276
23540
28373
27805
9755
18792
36923
32788
25625
37023
34306
33598
27153
20485
8828
25884
35296
33630
38726
30093
38020
34644
3493
32501
3580
15889
34713
28534
18000
1248
36320
30830
7358
29451
2558
25787
8619
775
28891
7516
1405
37634
28349
35413
11592
30245
9441
1202
7217
35652
22529
1789
2541
30188
31532
25708
10017
31513
23879
37458
18154
17297
6172
34889
17158
411
12266
22507
22758
35010
14584
3271
18078
9101
11227
35161
13027
37821
7753
3337
32829
10510
37959
15167
13696
23017
20651
35227
6123
24930
10162
5229
6369
22259
31469
26856
19115
28877
29772
28100
7951
30859
26108
34705
10661
10590
35362
13964
29901
22092
38899
4653
37068
30698
31200
24934
34446
764
34664
1828
10968
1900
1823
7456
4848
27067
24707
12148
31765
10651
16868
30976
38189
4024
4002
33915
37789
30051
21134
14316
1877
34603
16756
8669
38070
33001
27650
17569
34113
31211
19130
30901
15846
16795
24375
15871
6744
11374
38920
28744
20816
3866
32835
12873
18981
33791
20123
12098
15538
17461
24011
20352
3472
29360
12111
3496
19109
37781
11991
34035
10613
22089
13895
2884
7573
2211
29320
12224
25570
3896
18243
38211
25956
15243
24104
23594
20406
4998
24682
25886
9092
19515
8659
29978
462
26404
28100
33237
26829
30261
35583
1163
387
22799
23381
3377
26833
27723
38725
7642
34436
25077
15271
20236
