37031
1091
388
20283
12973
34473
6141
37369
10760
11199
14201
17117
787
20497
27181
20900
12947
6976
11805
16987
16905
28784
30500
29111
33852
15708
29593
16504
30917
29858
30323
11214
10704
7272
20894
32081
25960
18070
17269
26292
11460
3246
33577
23743
9386
30920
24947
28948
27767
5054
17042
31856
10777
15381
31826
2749
31993
17653
34154
16005
33649
2359
38502
31326
39094
19754
7058
20223
20823
13176
11470
14229
2708
12780
27873
23266
9157
10615
12866
38532
5382
34319
26200
12791
5959
11048
38740
15058
6930
5871
21711
13485
10629
36292
2275
14513
20818
10633
14466
18375
2136
543
31725
20751
35959
7761
12350
30810
34259
25889
3627
10453
3933
13232
16044
22045
23396
7139
8704
5545
24461
5268
896
28193
2245
3468
2997
21320
14424
12441
19287
3798
16678
38266
34666
8445
28104
6211
36167
36648
27119
31721
38888
1452
24251
25907
35629
16013
11078
14336
30243
28163
244
29822
1202
21512
13200
30811
1821
9817
32206
12111
19984
6441
38105
34161
7477
12242
1789
34348
10989
27123
5430
10131
4534
30309
1945
19665
20798
9372
20891
823
20904
17368
4259
16565
32828
29288
25764
27781
34854
14701
19861
30306
33253
37669
33753
23183
13299
36586
28266
26711
15540
38655
15479
26916
24219
28234
36895
32945
37988
14469
11150
4076
36647
18345
17296
21224
845
12754
21020
7177
4113
24422
23998
21581
10807
3528
22699
26471
8602
5157
28300
20393
10494
7402
16952
38765
20775
33469
265
15843
17195
32166
29299
5630
4041
23191
22268
30011
33626
38789
23620
6326
4003
29377
34313
21545
38006
38495
24935
6138
5996
26217
8557
8160
17425
21273
13927
6762
31427
21378
24119
19948
19551
26413
25990
30545
7387
8125
34445
7045
23605
14180
36342
2634
25368
5247
32859
27462
33551
36858
29644
15968
17284
26134
37648
7186
27405
2823
27588
3694
24279
462
24989
4902
3445
12047
23049
25916
11326
21419
16094
32032
1646
24052
8547
37834
12810
15744
14572
13588
5208
9268
31829
15800
37170
18320
7898
1946
22920
17314
20241
24419
24933
17481
34952
699
17953
29825
6515
4370
15011
11457
33111
36780
2753
19785
24252
11561
21408
34062
7127
12062
29412
20753
721
23442
36829
35664
31291
7405
3043
8616
9207
27501
11272
37149
36756
24323
2118
9166
1055
23272
1424
30809
12975
23410
3127
11124
7682
31221
21952
18526
35629
28088
9301
31066
8003
12104
31298
1045
16408
38940
30674
18100
38969
32177
21026
6334
32947
81
18952
12402
12105
19191
6980
20209
27657
25157
18532
6239
21862
30369
6336
27753
1199
1207
22924
18269
21726
38730
35131
30496
14380
34545
6565
28561
36216
29539
8639
30705
5049
4301
10837
17054
1932
32280
22419
37364
24504
14413
8677
17252
11490
32800
33858
18400
30949
38823
17051
12968
1984
22531
34155
38350
23060
8705
23523
30710
20182
15064
20474
12922
14170
28676
7670
10861
37736
36940
34840
25260
30785
25066
34397
17905
17428
33598
5750
19017
32970
36989
21710
2225
13589
15845
21567
32448
5774
27053
4021
3233
18803
15715
29499
13014
26214
1665
37391
14303
7684
19921
22111
14014
11186
35000
26175
9945
20399
29447
6707
19928
4503
27420
8587
18320
21691
3255
13202
27948
25362
10539
15273
6532
4342
3422
12251
34777
3162
21879
18788
1580
11022
21471
13430
20497
34149
17289
27776
30249
2750
3373
14876
14705
15449
34648
19727
26143
23541
37480
29142
25231
2409
9158
9498
36131
6137
17234
26647
38841
38571
23434
32239
23330
37570
16441
27470
6254
36774
23649
32881
3403
6014
25697
35385
4805
7536
9263
17482
34848
3384
9271
36876
33285
34531
37885
6503
19393
19259
23506
30722
18145
8492
25043
21577
35644
33196
18364
10041
24247
16570
16607
38316
8030
7747
14220
38480
8242
17781
5351
25494
27791
3207
38710
29015
33112
26854
32893
11217
29963
33731
29183
32407
13514
18399
13252
34941
18950
25937
957
19611
3866
1991
166
28502
18080
5744
32481
16379
2762
37666
27655
6277
14391
30995
38713
29111
11290
36646
4221
13380
36945
30194
20003
16171
6081
14346
12335
5380
36255
31732
14426
21599
29223
22210
2847
22335
33343
29913
5843
2045
28681
21407
681
23114
11543
21806
24943
29209
1849
4690
13678
6552
36241
38528
18518
9014
15377
15044
5268
16968
9435
4458
35217
1329
1096
9419
16547
15420
2223
23370
20382
29600
28536
30721
2669
11939
13554
19395
35700
36653
28734
31792
4487
38543
36915
20572
10810
13599
4495
31851
14556
20141
9009
25384
24829
27593
5003
13656
11053
37511
32143
30795
33061
12383
1111
38512
15823
2419
21712
11486
3964
37921
31113
21370
1410
22424
6773
29486
18850
5802
2643
27531
36464
1490
29002
34170
2480
6449
24892
12730
37213
4540
2484
3832
1110
3244
8542
11185
36848
4676
15611
33671
36622
25945
6374
30416
27886
2126
33590
18401
31024
23921
27760
14646
27200
33690
27306
10369
36122
27695
9659
31721
26105
6247
38406
3916
20985
6272
17242
33445
4253
29338
29405
37309
10936
36407
30099
36982
16868
29950
2279
18381
6275
34347
15306
15049
4356
20043
28555
30830
4731
18043
28263
11584
16683
2094
15480
19752
1525
16709
32873
13821
13963
12127
7133
20874
35561
15268
119
1161
1822
37658
18352
31347
8838
4554
39087
7031
34061
18127
3603
18808
10036
12919
20169
9278
19508
8585
4653
18866
23835
26476
7445
9451
36545
28298
17758
12073
10275
2095
2335
12493
25294
17673
26192
24378
33279
16881
27681
23295
16234
38345
24426
26324
38266
8154
32537
10215
16228
25279
8422
18439
29823
2475
14469
16317
8152
30216
15133
3677
14791
20094
25774
27708
30569
20570
23844
32468
20507
14380
31014
1066
26795
21650
1104
28022
17041
32942
334
36941
6427
27500
25000
17113
2807
25343
36167
20955
8000
21430
11438
31288
29657
24031
12945
26159
36689
5449
11932
5302
16033
9964
26460
28600
11181
12682
7684
3544
20371
1133
27430
27353
32761
19091
38580
11480
36063
14446
36951
9836
38963
2855
18688
658
5847
37355
9671
6945
12887
7621
5432
26903
574
9354
3744
21628
36932
14959
1746
1498
9458
14517
30572
21456
10917
23604
25607
26346
11254
36417
4213
17480
18191
18990
20114
17913
20107
35060
975
19881
34278
35300
21868
15206
19594
10502
37895
35460
6023
9365
36037
10023
13979
8455
16016
23244
8608
28449
18013
26863
12789
15105
9784
26463
31928
24172
33410
29591
24217
18851
39027
21433
19526
26774
4218
16289
18526
13821
5312
18451
16389
39005
71
2123
12634
9227
25896
5069
10349
5392
5849
16221
13959
27659
25413
7205
28777
29626
22959
1289
4645
25749
15622
2492
26703
29425
25926
5746
17986
18779
31836
18904
5911
26668
16125
23511
25808
3313
33383
13408
22761
4755
1915
19593
11479
18988
11963
7184
33104
3880
9102
1940
34422
5404
37965
1986
21788
3469
30783
25287
25562
10742
8912
36147
3167
21903
23410
26287
19946
14421
37148
17718
16703
29201
9371
15630
25521
5529
1128
28155
34417
17149
25571
17666
25935
32823
27262
26838
27461
778
13588
19631
25055
23203
25512
14354
17093
30949
34937
23478
4788
973
22647
24299
22637
6952
3609
9251
35823
32349
27596
13197
20675
29552
14941
19211
38462
15149
26834
18762
30507
17984
18361
19725
36378
35776
27853
32214
34107
35961
25230
38677
15989
28792
32086
20981
7187
29771
36409
17987
21346
17557
10844
37883
9098
8079
36180
3067
738
1016
33307
21340
23844
4154
5917
34633
1438
35421
11782
4043
7743
36095
9319
15406
16827
34342
24247
23396
14024
24754
38657
6502
5508
27252
19273
27449
13939
10378
1069
3885
1617
6272
8339
19966
883
25020
6355
27057
34675
18379
15392
10275
27644
6549
3148
16732
28903
27763
3372
27199
1587
18864
18988
20114
5543
35847
1369
16012
1143
34000
24216
19542
7098
38777
1304
23657
19827
4107
10343
9753
12377
11731
31413
6583
22424
16615
4066
29841
43
34978
12332
32128
25309
20919
37026
9057
36387
35541
1569
23358
28286
27289
18185
2476
32467
10871
3231
9110
14834
4194
31165
12884
28136
801
37075
4736
1782
28550
4530
33906
436
17106
17970
10269
3782
12164
19071
15129
258
19125
8599
38583
7506
37432
13166
23508
32271
24101
33539
29504
7497
3662
21709
12988
36825
3089
12933
21453
18559
6149
11899
37366
10160
24929
14480
2652
15514
29767
13366
35157
31929
26564
22580
22621
24809
25170
10292
25639
10715
21235
7646
27295
380
27543
35141
1776
26506
25244
29310
11378
29698
1743
3813
19014
16185
16774
13649
4951
3756
19275
29896
35348
34510
37364
26330
30087
39040
29581
7089
602
24796
9852
20503
23885
15555
35819
4994
18416
13867
25790
207
31471
24450
14015
26649
28536
7861
13486
1975
10796
31893
13307
26246
29419
24213
28487
37422
36068
2195
7902
13251
4581
5891
8952
14249
12821
27881
21883
25068
22879
33451
13668
15354
21543
24360
6611
22114
28205
33051
28590
30680
9555
36054
18351
34754
21986
33045
28973
8495
35141
20866
8270
1021
25466
25750
1942
23157
14818
1209
22256
8444
15007
11805
9580
31854
23389
29698
8293
15318
30586
33686
18898
20920
32792
12469
14863
9577
24400
32105
15636
4918
14618
1792
33872
21771
17435
8514
13302
18618
10175
2469
20749
31787
8027
35250
37882
903
13982
15610
10026
9946
35967
8453
33252
8404
7215
16884
19104
14997
18607
38781
24799
9470
28958
26648
33276
36500
20830
1570
16123
4988
17024
1299
180
7583
38183
29360
38676
2903
29042
12025
21247
6525
17365
29526
19714
25878
38767
30303
10952
4214
37871
16640
14903
37550
31325
30764
5459
38204
30467
914
27419
15494
76
34553
31223
17524
34496
36264
23968
29564
32422
19555
30613
3500
10191
5179
4128
7985
4930
14974
21224
3620
12476
751
24833
19230
24465
35192
5628
35410
5519
10245
17774
12193
10915
3060
20521
6572
36950
14766
17028
11178
37080
29200
12214
24548
17341
24888
8176
35089
38189
19758
27840
10866
24757
26569
19713
10794
3000
10371
1247
9578
24623
25953
32687
34691
5567
15382
13277
10878
16295
38877
12957
20793
473
29869
28464
4042
29406
1376
38157
30956
31428
14956
29550
36373
16079
14703
9777
19049
34832
20979
14759
29129
5488
21223
7768
9218
21330
12535
12132
10768
24475
9048
30159
33231
10998
11704
23719
38343
20573
38601
30122
19862
20859
13203
32798
29838
669
21907
35400
25911
21964
32462
15622
17506
37680
27915
22498
36892
10311
26903
18460
8084
13593
3453
32318
28131
1565
3573
5461
25615
5803
4757
10574
35824
17278
26032
16859
15736
7624
28360
7891
24234
10119
27879
23874
24297
17162
28418
30920
3569
16869
22856
31580
34184
10394
34165
540
3434
14800
20760
9604
36917
21829
20409
15268
26950
30451
38290
968
6229
2303
37807
32498
5095
7022
3685
25569
29531
32900
9274
14357
31966
30275
10993
38599
24508
29237
37365
20348
10400
38783
28956
4454
17198
21582
14624
25724
4844
17631
15284
36266
32844
24527
13595
27872
30127
27071
1606
5418
4646
22021
33423
10819
9252
25720
5652
22100
29042
19831
6218
32902
36306
724
14543
35394
11653
22618
19926
29593
23488
3627
26427
22007
26386
26642
7711
33533
27241
34894
2148
20054
7282
29626
7262
24488
36384
13242
24699
37592
11359
5715
25941
34058
12302
24264
28527
16363
21115
8683
35554
28464
10373
33974
32941
15322
37822
20794
1932
12303
9355
29488
4515
26495
14447
26658
33569
2011
9310
5658
5497
9563
36998
16726
19400
12181
10237
22023
19272
537
5546
24680
28174
20433
26795
25391
216
38296
14792
9734
34770
21369
12914
8611
3161
29082
939
11366
6050
13271
6931
32149
9422
31652
14385
17008
8783
144
34278
13034
27311
37915
9226
27564
32836
6753
397
1804
17725
7009
36893
28681
37845
13308
13993
29387
12357
12835
23637
2578
9488
24457
9749
15519
25227
20791
30707
9976
19515
20409
37377
3144
20171
14322
19665
33648
13410
29581
16228
28949
15339
16438
23407
15308
850
27467
806
29525
8421
38822
33624
18812
1537
1880
15227
19608
19726
9471
11740
14658
13501
2189
11055
26160
27510
17954
36724
26610
13013
22265
535
37847
6847
5074
22363
14957
13247
25036
14565
22345
6545
18841
24464
10159
14814
26859
24623
9746
38504
39014
18911
18666
8784
7818
10568
17951
14971
15163
19060
13154
2790
31758
34143
4763
5335
6108
4026
4184
36458
22786
10810
579
21666
19872
14584
24088
27304
23953
4976
8333
672
36834
30800
21315
27870
32121
21273
9041
29735
22209
19205
31587
21307
2387
23065
37887
36636
29003
36692
2126
8756
38556
9200
31823
26202
25281
17285
21873
18142
3630
20099
6658
36448
14734
26348
36404
29788
13010
450
24662
8868
11272
14519
31927
35508
6664
27462
17562
14554
3029
25952
12985
19383
30432
25348
5638
22090
29265
2089
17446
15065
38656
30781
16234
14608
361
4523
19252
37091
12557
7468
25878
16621
28450
24243
23490
6311
34613
29245
7703
22042
35676
33094
14769
13342
32585
35208
3717
13885
30830
24920
8049
1621
30999
30958
3092
16652
13805
70
28830
10236
20630
9953
35625
37595
30644
15207
32306
2238
4577
8945
24188
775
13851
17555
4300
25610
27361
37906
28240
19126
8119
26130
34866
15992
18565
38483
28880
33235
19102
11724
9107
29570
18538
15160
30113
13136
34640
20123
4075
29516
29462
5832
23980
2659
37611
19495
24371
4789
14751
21789
35231
30512
9698
38175
36077
33509
4491
34027
28199
18068
33010
17398
33454
36274
36046
36883
28899
10657
5531
22783
11628
15319
23665
10884
19950
16825
7046
8880
14966
20575
5721
24021
1461
28998
29285
18100
21518
29560
8729
19004
903
6651
27060
9221
30515
6224
30335
32061
9381
28916
25855
28861
6810
31747
11279
24765
27753
36470
1442
5715
1855
27470
27412
38801
9561
37479
31366
18956
22848
12274
32131
32582
15468
15829
30294
30920
403
5877
12844
29355
399
2518
1921
2988
18265
24399
16223
34432
17092
7844
13973
3082
19428
38598
30821
20700
5848
2844
19130
24609
30642
12507
23062
9917
25898
29104
21810
35146
16912
3051
21000
37185
37053
31821
38533
33842
25784
37852
18099
24633
15322
35875
29968
36488
7952
22971
30691
32677
2157
9366
13934
28382
11897
27177
26371
23830
4748
37397
5121
11112
18371
9755
27247
9450
25299
36828
23810
12727
15802
16364
13434
18756
26684
5158
12992
26942
18137
28048
244
3263
36454
34537
17394
4211
37392
14673
9177
17914
27864
17286
35322
36518
18521
336
25232
22586
10930
22979
19154
31178
7790
31590
31183
7931
28104
2708
9541
26439
13731
12298
1784
5453
5066
19292
32974
1499
10940
20520
5081
16278
14596
346
34500
6522
8356
27272
5611
6268
8547
20563
30085
20473
29926
34550
34503
17992
21161
8318
10044
6551
24890
29649
8735
9870
25014
16362
22102
30609
12309
19436
35349
23420
25160
32719
37841
16314
19565
38291
24802
33887
33782
10526
18384
19903
32869
31703
6273
12587
14883
16046
2001
10077
19285
10107
29568
23069
8714
10811
36562
3000
29126
15913
14649
1423
27826
31530
1624
23457
35439
4689
22775
4525
37602
26836
18768
33289
36925
17178
9047
38192
24552
9838
18942
30369
15622
19857
2079
19428
25876
4790
2095
34929
2871
24974
34843
16549
24080
31961
30816
25497
19100
5647
36617
32445
5512
5755
35694
38198
1746
11095
34492
38629
38157
36041
24389
15906
2555
13680
35118
23098
15038
5754
21318
21762
33208
4797
5891
30227
13196
32587
20440
19610
14006
398
36406
35638
33821
24494
6792
4138
12307
24214
32723
13008
21072
21384
21910
23595
10588
9359
26260
31050
15020
9213
23406
21441
32806
17315
7461
27375
31246
20295
2919
9648
36387
7073
32038
21896
21484
10124
9543
2329
16402
34777
27431
29146
24958
15591
19745
27475
28016
10782
20442
33466
21279
36335
20642
32132
14343
11797
29007
11991
12402
33990
9689
34135
32095
569
29683
32535
19676
30172
19863
9751
14818
28873
22924
34308
26188
33785
8604
33777
30120
34104
12528
16590
32643
16581
28028
21768
21793
20421
29106
22483
24680
13862
17059
28100
37784
25254
50
25325
35540
34663
10015
38894
34763
37809
29749
23566
19702
27253
6403
2616
36977
26856
12068
16466
4521
9516
29932
5212
23203
12152
7288
22985
19168
13737
2948
18458
25076
21299
25799
501
27028
1311
7013
36599
9863
35285
19124
11994
8133
6714
24118
16363
4045
7235
8004
24635
23520
11536
1004
26015
7020
4090
12122
32551
4201
25711
36680
34873
38206
24388
25283
30206
14568
4882
18586
6529
16394
26402
25143
15169
28018
13732
23263
3353
33608
23572
24134
33941
29082
21598
19524
38475
25061
9832
20935
29524
7719
7070
27037
36826
37216
25680
32329
12207
19782
6125
24504
16460
25480
24613
22667
34331
31437
37609
27749
20690
29605
20346
20324
9849
5998
38324
11186
27731
23504
16118
16504
2647
7901
24650
32216
37772
18293
30875
8483
18740
25920
7969
27680
23002
27907
16195
32665
38161
3605
27983
31778
35659
36550
11136
26733
32255
27683
14845
34168
6247
33214
11484
22399
27500
14018
20450
9969
24599
18853
17889
279
10707
21871
2623
795
37528
25582
23880
35432
24215
10018
9590
21432
35651
24069
18607
38840
4766
37863
1696
14822
33543
14723
4036
18727
22133
31820
33498
19720
32063
38073
28553
37748
26816
14173
12614
31807
9317
22132
35213
19228
32623
34419
30185
35855
9331
25541
35696
13719
5450
27776
22175
9774
22914
3422
361
9944
25211
9071
27106
3496
36834
38608
21990
33990
15212
25594
4437
31255
5071
9010
15895
4100
15348
7926
38932
26445
33474
30787
38878
14966
36718
723
38947
27099
6329
6058
33315
36556
17762
30228
10759
6806
18806
22942
21105
4368
8765
9933
12157
24471
23410
17132
10200
36998
18018
18455
8029
12238
38599
19384
35420
23910
18128
23507
37184
39008
12058
23871
2914
31635
31683
4753
3375
37382
1130
19627
37728
34382
30002
23254
18964
20302
20132
1033
6272
33952
13636
19292
37113
8130
21827
17719
25130
25379
36432
28408
36337
11227
15692
4916
6208
4844
8100
17451
6375
35715
384
26957
27900
15630
34287
24690
14803
36699
24057
34153
27689
5172
31788
33343
20734
5886
14000
29964
9174
32759
22425
17415
31215
7929
19652
28967
24799
31035
21252
17518
30050
1509
27288
9086
3709
35089
6604
24215
4510
33961
11011
23660
33713
26520
24792
39125
5708
10800
30191
5903
20956
6632
32591
23438
19634
25746
27198
38626
8371
37940
5110
27050
8101
27286
31795
36566
20430
17195
1162
6954
469
12683
34597
850
29864
9796
23090
4697
15364
10632
36324
17797
10154
12532
14686
29232
32221
25995
27852
10008
13599
5745
8481
33723
2409
28395
2553
36393
24011
2604
25649
5855
18701
38623
14010
26936
24923
37071
26166
10410
38955
23053
20543
23783
17877
23915
35077
38875
23463
14178
23067
38323
6406
35197
8840
30397
9112
37058
251
38487
20248
26064
35936
23681
12860
25747
33403
31700
12841
22276
29445
37389
10161
36401
1190
14231
11849
16421
36858
11803
20536
30303
7138
36819
8998
29990
23734
4897
3252
39015
6150
2759
7361
35211
39107
23629
29920
18894
19233
168
31802
33468
5776
21687
9167
30501
1529
4283
19608
36642
7664
13180
32038
33776
7773
28913
36792
10276
10087
23257
5403
8518
37553
29812
9615
11354
32308
17257
37311
14180
2557
35494
3816
26544
3334
36689
7619
4010
13315
2487
10529
29748
19576
30674
11911
13921
16703
34696
18820
21280
36674
3923
13609
5020
11817
5716
10571
32520
5082
18434
17258
6332
27963
34514
8714
2785
35668
34257
6518
7261
29981
7720
1855
22698
37524
16698
26721
18305
8484
6315
21475
3228
6179
3158
25943
34851
1674
14509
22833
569
19289
30867
18461
12245
13960
20822
18937
22837
25713
19134
2434
21957
19176
9806
32816
27877
4636
12358
22289
19695
18285
25205
22158
4460
14992
6761
33714
8405
30242
13869
1645
33993
8574
28883
16840
36144
6982
14125
29784
18555
7012
15739
28632
28734
36428
32005
33104
14062
29107
8354
20436
33812
5371
35317
2776
20694
7656
34310
10112
31415
14569
14935
8122
12506
23440
19591
22133
11612
902
5537
22174
22860
34617
26753
34761
30409
12270
14873
34758
24191
18366
11076
35222
54
34803
22955
32700
25474
24478
11872
3715
19465
5508
38763
19352
9034
9283
22532
888
12397
36960
23006
33161
31891
2975
23782
34018
21382
6631
37954
991
14250
2566
32658
11807
35503
14563
14036
1732
36950
28291
20487
20191
19469
29321
10214
21382
22541
2143
1963
27981
38955
20791
12871
24820
28727
31589
5833
26394
24461
12730
36105
2660
7490
27551
30745
5054
29128
18275
32489
24434
15494
32979
7940
25789
27325
10466
18282
22033
36896
11550
33006
5701
22213
13821
14258
21868
24652
2756
14928
36484
29725
19663
17667
28246
32243
23523
1516
32475
20073
4503
19011
2714
30734
35307
5212
4431
16568
31808
4891
21449
16
27645
14897
4302
19209
38076
32229
30339
9673
19662
22067
21595
15534
33759
35305
5994
18776
27317
2866
37463
15595
2117
28956
4607
11985
24758
38222
38479
14896
14786
26429
25024
35407
582
11324
9608
21524
31811
5745
4630
12545
28593
19305
16882
3881
18154
25266
31596
14299
28393
566
9729
18880
10739
2553
22633
23091
21839
39022
9691
29714
36702
34014
1315
23427
25019
4170
7713
38310
10042
23536
29577
7678
11741
3994
17729
1836
33381
24191
24242
31179
31439
16694
14042
3730
13840
12539
14322
8115
9356
123
33413
21429
27257
27896
22458
18210
30329
13331
1526
25647
31585
38953
24336
34156
34495
5672
21612
28362
16365
38510
2848
28235
17332
2813
11098
37043
8216
9538
30642
31640
33494
10539
8045
10485
6298
21922
27215
30581
5645
11645
13210
20965
9037
24209
23439
4616
30907
33500
14342
24000
10760
17917
3914
14616
38864
19108
18661
25499
21021
20746
26581
17883
19854
35656
20594
2564
4710
13692
38804
32709
27709
16462
17201
26930
424
23805
23282
35736
12395
29125
19868
29544
6731
17482
16474
12932
24771
7800
28003
16810
33315
2806
34162
4687
12031
32072
33663
37876
26919
15761
32599
36570
3632
21151
25338
11630
2393
30649
365
27733
18376
22875
38772
6223
28780
10331
299
17739
10517
21136
11428
28219
2434
14612
22699
1909
25259
22444
26831
25826
28212
20848
7881
24794
9073
9278
28233
7104
21605
24508
13597
27413
17731
36549
16775
20596
10885
17594
31547
19787
19487
38216
34664
28496
38124
10434
18574
11420
3391
17594
35624
5447
1433
4290
26782
25926
31419
38227
28748
31300
32159
23140
36747
22070
5601
21444
26297
16712
6899
19209
14883
7140
7550
22294
19514
25878
32214
36005
17239
22954
20044
586
10240
33682
25741
331
6071
32563
2600
36678
1177
38914
30203
15520
9088
33591
7632
30832
5839
32881
14099
4548
33704
23365
7913
38004
4341
37253
30601
18380
27726
34792
38821
19883
36941
2707
11508
12856
33557
37552
17059
30121
23935
36130
3993
30913
34940
18560
8176
34980
25411
162
2870
5970
18511
22128
618
38962
33818
36560
26534
11637
17791
18596
33168
24268
19978
16027
38095
22464
8375
3360
25151
29863
16427
35628
39050
33748
3702
35470
35491
27730
36010
13408
15897
27186
19639
19445
13363
22553
34946
21488
7905
12454
25997
11121
10982
29794
18154
33843
7482
11013
8824
8678
15178
11402
32342
35484
10521
16636
3111
34975
38008
16753
36546
38565
32228
20407
2008
24980
4415
36239
31142
2841
32249
29899
38178
30105
7730
6129
3918
1071
5864
17404
34821
9172
23606
5115
31519
13796
5038
19966
18422
38177
36784
18742
12160
31132
35327
27713
5350
7345
7716
18211
521
31940
38986
37421
14004
35862
19574
18997
21772
35937
4507
15437
26010
22306
30117
13839
11903
35147
1140
37084
9837
18276
14299
35899
1324
5795
18047
18720
2074
12310
9004
14405
25420
34278
11911
28945
18765
20125
20946
33623
35273
19113
17162
18746
20159
3256
36366
27791
4077
7975
6912
15455
26357
35327
1705
18338
31865
8225
21325
38993
9174
34466
27181
4548
19803
11271
18067
34513
28552
20172
14846
4658
22256
26298
36954
3645
4483
31504
2754
629
35354
12956
19764
9276
29059
33142
37290
8654
13354
3134
38771
17887
11485
323
28784
27062
13584
18988
13621
25309
35331
16660
32143
4962
18292
12589
34583
21959
21138
37933
9034
32192
34362
22106
1021
24593
35315
33171
14548
16364
29098
14966
30791
13732
24548
15449
7210
35564
38552
6824
35380
22097
17372
15026
30431
29394
23232
25824
24153
7981
17562
8317
9992
28758
34148
20687
33787
30666
36503
8474
38793
3554
16072
37782
5055
15069
29755
27274
277
7327
26421
6492
6676
1704
32725
18514
29164
13527
1662
15273
35980
7602
28924
8318
21293
22071
34035
14148
9343
36924
23047
4487
15691
7954
12356
1867
37970
19142
22829
34696
4762
20889
9770
17445
21089
1087
38935
18725
20274
23107
30941
2148
2582
11270
15591
26834
24046
26175
30491
29208
32015
10242
5104
3405
17450
29614
22315
24842
16675
2949
37952
31653
1816
32116
33407
26396
30169
19138
38784
2760
4170
21281
24728
38905
10940
606
19476
11013
12794
31095
36714
16470
34931
16228
3666
10177
19720
31960
10423
18155
29987
36268
4695
8589
4950
34646
6507
28049
36013
20317
27869
770
7320
18100
25201
16723
32376
33667
26327
34155
14950
30946
26697
36495
27255
5549
30957
36105
26095
17233
1451
30733
31485
6532
691
4158
4708
17358
14664
32874
25398
22089
33642
26113
30561
35392
5963
16299
9642
6058
38026
38581
35014
19413
38158
20192
2969
38488
5976
28733
14409
19785
13490
38201
18739
237
32108
30446
10961
25118
7177
24145
37455
29307
1101
35803
9187
37274
24774
38758
10013
24252
35427
35425
31663
32319
28053
9906
3623
30585
11367
17652
29777
1217
32101
15801
7676
27023
4817
17090
35625
12206
29005
13861
18734
15073
17247
35913
21300
12042
9962
8837
28336
636
29338
15269
8826
14325
17965
19161
11896
8997
26869
792
4705
33643
25181
33337
37585
26693
22703
19447
21366
8275
18373
34462
27021
23963
21752
23286
31882
17789
35202
18262
1101
36785
34547
21381
27850
22040
15049
5353
26643
21749
35947
21775
8284
24592
35990
23980
13287
24392
2012
5275
29966
37930
10101
580
10872
21101
35014
7102
28469
2701
32024
3487
5122
19042
32105
26919
23259
4059
7527
21813
38307
27580
25398
5447
20437
34741
8975
37152
28609
30276
24437
22922
22156
29159
12564
26322
5880
19592
9516
2418
18730
6576
19299
12169
15556
23603
27243
4539
16837
3669
20950
136
11734
34058
8770
10187
25934
26180
25805
1994
23417
6704
5658
10774
35804
33707
5426
26382
22958
20224
31797
13333
37663
30922
35108
21673
8565
32225
18687
12252
18678
5844
28754
35593
25308
36877
26520
31890
4691
28265
24655
19906
33474
10382
475
26388
28647
8240
33150
5862
34071
8390
35696
29243
27774
14447
14671
19000
7823
17004
13831
23197
30725
30164
24603
20091
37
399
14345
12524
25748
23836
35618
791
9322
19445
19705
23632
22915
33793
35300
16157
2913
37047
15080
7417
26233
31385
36611
12279
18024
26074
21243
9845
3481
6806
27713
30416
2531
35975
17056
31633
10301
31332
36308
15987
1283
13550
15850
31685
20354
28731
33055
34747
33326
39063
1921
37739
35678
10408
2682
30693
13177
21221
22724
26459
27350
15607
30560
1316
13439
34660
14484
11061
9645
3297
23029
26518
5777
23081
361
12964
38536
96
3495
2567
22962
10901
28965
21787
30743
20584
21892
3307
13008
849
2392
4792
37110
19165
26508
13213
11731
7223
7861
29368
31917
14019
37168
12184
26277
8774
11081
5498
38358
26088
21253
7524
7141
34833
63
33488
29674
33671
37281
31466
29496
9471
2732
9649
37096
12647
22526
21381
38662
18213
34967
9596
21019
9912
35060
16372
38751
19250
29280
14372
31734
10402
17980
20637
3097
34392
21487
1880
37452
13234
590
9381
4428
22604
5589
29686
36073
38488
3926
5499
1733
21584
7529
16134
30326
23577
33271
33044
5674
11034
38880
822
210
10711
29365
11777
5073
36533
11215
31708
12383
33846
5870
11253
18539
25742
23633
20924
4796
19106
17488
7682
11358
26093
33637
26296
34202
1065
37387
20766
5438
15217
4817
724
35694
12082
36071
24123
27649
24434
18592
1549
35835
25334
20561
21330
23019
11312
26492
10556
4550
29879
7347
31552
33869
27124
5567
9901
31615
22277
5733
866
27532
27093
29160
22697
35119
29755
9918
33301
29695
31693
32682
32323
36872
2867
22807
5760
9256
18386
9607
31263
29902
36294
12273
6077
3610
1690
28714
22001
28346
34134
24887
23819
17806
37993
32170
5841
13061
35773
38554
21224
18953
823
22265
21718
11766
34161
16597
8007
16257
15330
27033
36524
25023
11179
3864
31571
30495
16965
7906
27143
9454
34085
22877
12698
26749
12721
33061
32297
465
2565
21707
32662
22717
1819
8141
14077
20321
11935
8822
5270
29147
6544
31263
33933
291
17771
14318
15323
39114
13761
27674
3343
27438
8212
16335
3510
15168
814
12549
30246
33472
31092
6978
29888
20690
22722
23587
24750
10931
14452
36162
13709
6352
1205
20917
17429
22283
5024
11224
27148
1287
31287
2433
14877
31
1248
7690
26888
25829
1163
35405
8574
2515
5146
22868
4947
31329
2865
33333
25833
32743
26381
22235
1879
8740
20935
32474
22952
23924
10860
25836
35055
13811
956
10199
37501
21500
36217
5437
14755
14210
13890
15308
7777
9545
13225
8920
3919
29490
34366
2764
38377
31759
26035
33821
1805
8248
33947
8916
9621
8244
10812
7228
2774
11702
6261
12427
10036
17238
17458
18820
16482
31682
16232
12802
38492
1251
33157
12129
9295
2373
8464
5771
13566
19944
7845
19177
11514
7880
14376
3027
25925
34776
24525
4922
21116
9741
28452
23298
27361
17405
886
7637
1196
35960
5777
20389
27971
5557
9484
35347
36711
30798
20891
12796
34290
26187
16829
10987
22605
13866
32527
35252
640
30788
11777
7508
3779
23090
17926
6421
22044
24040
7724
1986
30900
17323
6104
4538
8792
22226
7596
38572
5019
15534
30894
26862
38285
6948
27472
30678
34560
35944
16194
27502
9217
33874
19711
10256
27353
13536
21364
11646
11770
17097
32703
27073
26557
3973
31389
27897
21314
14515
7017
35919
14665
21582
34299
9363
25781
13253
34982
20096
29370
38215
8295
11209
1901
35478
13355
22473
18589
27802
8581
4575
38564
13252
9268
21250
24384
36311
29293
35277
31527
5085
9431
7851
35313
37863
29766
7088
34245
37914
25365
9784
19018
7682
11388
35706
1396
2363
10889
30186
28999
6928
11043
757
7154
16444
31235
20242
37945
38980
39033
9336
4985
4705
32797
19372
24546
6458
17193
37865
19192
20087
12406
37398
26468
12570
36826
32520
29359
130
17695
5822
37172
31548
36798
12066
8168
2242
21497
18488
27224
16961
1670
32145
29771
16060
20299
21037
17375
5470
14932
37308
10475
13221
34010
231
19608
21864
12104
2040
11849
4216
6668
8551
11347
28911
1778
6473
22552
13366
8728
2638
35879
38125
35493
31338
25395
36021
12816
1256
22594
84
38103
36249
31256
15214
23147
31806
28051
38257
20106
21446
10445
23544
15415
21995
31035
30629
26034
34512
35529
38875
6624
11626
92
21199
29573
25800
1256
7276
32204
18431
11556
5210
28543
5377
15774
30843
19919
20605
13602
8035
14101
20822
23903
2770
23134
7243
5893
14528
21539
6854
28060
7078
6204
29099
34233
36143
38282
29677
7574
18537
36628
2026
4577
3069
21839
26245
27005
21653
34443
9830
35857
27210
37946
34634
38830
21932
10205
24713
13413
34438
18835
19334
15113
21453
27633
35763
38933
19111
14642
9042
32790
2886
20095
8159
7172
3526
35915
6224
35533
13444
2486
7048
22941
2053
33301
4286
14492
36752
7943
36813
17788
5100
38757
352
22232
16467
8803
7246
25182
18062
2780
25282
27047
5805
38960
37617
13363
18045
29872
8799
29657
236
20208
18876
33757
1785
10734
1637
7028
5815
38523
22007
15891
37077
38008
37569
35333
14459
29253
37112
19019
2444
1111
2595
379
20850
13562
34191
3540
13873
35830
30260
29015
36301
11726
4110
5880
4500
23389
12553
11337
9825
25401
36587
25818
537
20800
7219
10124
9847
17899
35372
16205
5141
1654
18108
4932
30378
22716
30650
3181
14936
11515
35666
34583
20895
9457
24301
7936
33078
5280
19074
11368
20274
15845
25374
14049
4990
12817
7695
19709
25826
23781
18169
10033
1584
28253
30099
18855
11032
14233
21339
12590
28263
17922
21804
23206
19286
10141
36688
2270
17994
1876
5062
10206
6665
8547
17975
6528
16648
24527
38668
9714
2432
2168
15401
18555
26293
7886
19412
16981
8652
16117
37726
12926
14687
32301
18314
28121
34952
32654
2564
6527
30809
17517
26682
35410
26926
28517
34839
27153
33035
19524
29888
28851
7082
11949
24430
34668
32205
2380
31967
33016
14230
4964
23020
38159
24987
25108
6806
16845
19111
14540
29588
22667
33372
6008
6493
32559
24752
37923
21587
31440
35933
16573
2695
11105
29342
3198
31935
18485
14926
5210
21360
11735
29947
13114
3701
10710
18565
27297
22313
5696
29959
33470
10813
18354
7552
31809
9902
1738
28852
11436
37178
8096
25249
14598
35268
24106
18443
32137
9901
10629
1646
34394
5004
36769
13918
11973
31543
11206
38194
6858
36349
23887
12739
36571
31786
14626
22193
27359
37040
15355
27775
1508
697
8568
11334
6739
27685
12883
31502
24564
35177
11631
3057
28570
978
17752
7841
9144
30249
28047
5646
34201
12546
25259
5162
19933
36957
38515
30058
14441
22683
1484
14958
34926
8143
556
373
11417
1278
3632
22848
5025
11509
14447
9065
11124
2292
38489
26726
24101
26197
25490
30117
10249
33701
7253
7245
4046
20715
15072
7638
16621
20626
4709
16613
28828
10963
22960
37514
16009
15846
2239
17903
35193
34829
26295
16846
30056
16757
6415
8485
24636
10328
19592
3960
4769
5409
10454
12668
16929
21103
6691
13368
9421
757
22318
20655
22629
2672
2150
6017
442
27924
15810
21665
12621
16159
13408
34889
21034
597
29298
22473
38636
858
37295
19970
3948
11262
22023
25120
3703
18359
9566
34229
24212
30747
11736
18139
13722
35858
2780
9337
16328
2270
11141
29526
25555
18617
1825
33649
22263
26668
196
22911
11371
29226
11846
14135
4778
8495
4403
13630
7503
16713
18346
28757
5828
33257
33789
16540
21970
23616
5749
4799
35814
30384
38435
8594
33662
19209
276
2068
4612
16209
24213
37283
5896
23335
37123
11211
4941
33668
7635
32692
18041
37376
17060
21539
37409
31646
7637
33985
22726
7321
26639
1901
6784
30221
17303
666
36642
16538
3793
6799
33968
22563
26252
31845
25116
284
16799
11587
3569
10763
23879
24330
35624
36300
3594
34708
10654
16043
34101
4144
7744
31583
36904
19321
10213
27978
17100
1484
10639
20518
27984
24214
15473
32897
639
16105
30600
33360
27284
4357
34951
38714
36537
38536
6969
16925
14855
35672
31294
33306
25580
39087
37668
23018
30049
5410
24880
138
34437
24590
36586
9686
24506
32050
849
32373
36386
10916
18041
13080
3408
16032
26445
31962
25631
30107
38114
37000
36280
26031
33671
15028
5301
9663
28909
21483
11992
26665
22108
36982
6551
38760
6735
34593
11390
27314
11942
8750
32828
27340
17186
6885
30781
10055
25820
18728
4863
10846
8919
36247
19483
32679
8147
34561
6672
25200
7570
6337
23590
31046
700
22772
30670
12680
27346
10088
2767
9742
25837
10780
36165
34252
37502
20931
20327
683
16332
38185
22315
19357
37124
22327
25826
20110
8920
34743
19260
32097
8498
38806
11396
33073
23286
33597
11120
16807
39002
15668
11687
30911
37390
21981
11849
33858
18605
14886
24304
37352
31327
16504
22124
21614
19138
10749
2806
5131
14835
32355
33388
23530
25460
5993
25355
1607
27252
36427
12143
13225
26045
33905
12836
3874
19194
5405
20247
8937
14068
10147
25872
27901
7293
20879
4326
25409
6439
11378
24743
13286
28031
11351
26380
18140
23960
35157
14212
19020
21142
30088
25593
36416
30587
39050
33896
3575
37580
8802
20475
34832
6159
29296
7473
23749
19328
34225
3107
1288
2570
26048
15355
1145
31426
38961
7208
5906
7589
14491
24086
36067
33376
38976
27766
13250
3367
34047
17564
4445
26700
26552
16149
32343
403
26998
9450
4806
31873
30267
13948
4000
26382
13241
19960
27344
15122
12873
5846
21005
4057
13211
12795
15555
32383
8104
36078
37023
2026
1474
4430
37560
32037
21914
881
852
28238
8202
22912
37647
10063
21654
27330
21137
17897
1075
9902
21700
38196
18443
20879
22493
21694
37295
32373
19762
18027
37349
16836
36340
4416
22211
11774
609
2104
26990
10837
3065
1370
12737
18191
21079
28317
11377
12640
19251
20602
17305
28547
6523
20097
27619
25777
3505
18769
6365
10125
38350
6167
29846
9580
32349
16248
16765
1074
5588
1111
34478
16325
25823
8847
35522
11901
36566
10382
281
4869
15343
21092
23613
35707
9049
19678
37858
4000
34556
1737
29240
33782
12395
34810
16946
12565
34809
3667
31437
38518
21305
4704
20495
37989
21356
35648
23852
22501
15707
3
38615
38300
22102
15892
5664
24771
3384
6160
7844
34523
27737
2237
21222
11441
6202
28004
236
24743
19833
26384
9528
27582
33469
33499
18124
2213
1922
11917
34783
32622
37795
6205
12788
10896
28189
28164
35778
2608
22704
21623
26059
23946
32422
32448
27920
14517
7035
26678
27106
31926
2843
38061
4586
11433
11928
19567
24782
6863
3744
3835
1714
35204
16950
30158
38788
36546
9413
30944
33726
4886
3422
37769
31075
31015
794
2706
3227
6536
5939
26088
5197
22947
4233
7824
37700
17455
33451
32810
481
21598
27806
16847
7724
6198
15216
24733
5776
5020
38733
22123
17369
16226
18019
16337
17942
23607
19852
1414
4803
13790
24467
17636
3705
22670
36626
23564
34533
26910
19048
23158
24452
19898
10055
30172
12333
9583
26893
2635
5347
21259
27103
37712
28203
24647
666
17639
18344
32577
24613
2054
16735
836
24229
12055
17551
16058
34167
20702
29787
6084
4164
17699
39023
15782
30283
28302
4500
1480
25105
37525
1017
34309
25631
27946
26673
15780
26564
34009
32089
14731
24315
22641
7904
12588
26204
3169
32170
35126
31987
19735
28636
9252
5797
8857
18154
28504
24941
33844
11584
22229
35361
11089
13548
4432
6755
17930
4191
20040
9380
1071
32997
32799
22497
28658
33541
8076
35460
32905
2473
19330
29396
28889
33769
36417
20895
9999
8044
20658
29368
35954
18859
26103
31036
21170
18780
26888
31038
36801
16346
31018
10826
9522
7375
13236
16060
22939
10740
14039
36540
25295
34486
24114
10611
9239
33629
21146
37427
24530
21134
9472
23165
29233
17311
23954
11343
26806
20347
7241
17247
17696
2785
13189
23980
27694
27918
23188
5532
8423
11263
1802
30785
24118
13375
37923
14257
29629
5717
19225
32702
18692
18500
10726
24199
5922
16309
16259
34161
11459
36779
10421
19311
28888
13397
977
8543
37141
30082
1380
34143
32501
29669
15020
3341
7010
24622
7481
22122
513
17092
23226
19715
34028
22173
30157
2424
10025
15903
16989
3666
33207
9386
3739
24586
20813
7604
21812
21752
24379
439
21305
5718
21350
16127
33349
37383
11928
20085
12395
14014
34815
29821
31205
20255
3434
29532
12581
9262
36097
28657
29853
22894
36702
20467
16276
9358
11587
29427
15436
21225
25537
14686
30966
37732
30122
16194
8724
5077
18577
7705
12393
15878
13562
12540
20421
24539
4234
13815
30102
1791
5715
12404
28913
34643
8829
18214
3478
9531
34106
11422
32743
13848
19824
19269
31514
17261
33011
36287
25343
12079
37422
39040
9132
7998
33801
38973
33492
12354
23997
26254
33014
2902
11980
14026
7568
19058
25232
35919
79
38237
33728
23945
21867
26239
11047
7876
4705
21951
33757
39124
29933
25590
11383
30929
5699
35211
6987
15371
7441
30292
24462
17890
8644
2947
29333
37272
11702
14144
7090
22137
13485
29429
22311
3011
13476
29278
30853
27471
17842
20760
10750
1154
16208
4465
25189
9240
25582
33745
6821
35625
36971
36277
9745
33468
13832
1986
10928
3597
7265
8788
8177
22406
894
31700
30721
7675
29508
27530
33469
18783
13607
37531
34294
17385
35239
32211
23602
17518
25586
15822
31821
30338
28552
529
28308
34398
34291
4215
36422
15502
24288
8427
7984
27648
30214
2327
9237
10174
25968
28363
21849
19740
24394
32377
12304
1226
25609
21738
14370
8665
716
20807
8123
24372
36812
38136
24568
11767
14110
6031
8394
15470
10971
30517
21771
38824
1153
38574
9391
20492
33142
18427
34354
7861
902
21506
36335
5304
30693
9656
11883
3602
27221
17289
11727
30837
21937
24230
28314
20499
19940
9441
13431
23912
4437
21023
1760
32180
14766
18819
3870
23689
2056
3283
34662
12888
16421
9328
35699
21622
14214
25738
3467
19720
38942
30883
32303
28629
4846
14893
30426
20604
9617
35726
9024
23616
35535
14877
29491
33082
14421
27165
464
16020
31602
13078
25943
28690
15849
6946
5972
36549
4976
27531
26969
9403
26688
25321
39064
15491
27052
7769
2528
25371
5351
24002
10087
37087
1274
16273
22241
26134
726
13315
12168
15824
6823
9877
30526
30778
25101
10386
25439
20203
1974
2180
8052
8839
28490
791
610
12952
7781
4554
29716
6335
9241
14862
19461
31110
742
15598
34929
3045
13672
19332
1608
31510
26976
9893
25030
30245
3065
17996
630
13
35596
21849
2345
25099
19298
7700
9371
2770
22981
1518
1739
2865
9311
15312
17892
38534
25897
20516
32542
31754
14422
28089
3277
14407
6446
25895
19811
21750
31825
7149
7893
20810
7918
35776
22832
10554
34460
27645
7589
35702
11286
15003
21794
517
3605
8258
12876
19476
32548
11181
29740
28159
17050
38465
4484
32517
22454
21727
12473
37990
38818
7225
27764
5477
36452
8272
23479
34815
25841
30002
6493
2645
14031
2054
8144
12962
10910
29642
5570
1758
33714
7381
35616
6768
5847
25427
10637
1544
32176
16908
37688
30692
2493
39114
11400
38415
36570
9347
414
14732
11460
10965
38848
14496
24858
1758
31769
36925
37245
28025
33566
14460
22287
35848
36621
30780
13003
17182
3510
13751
28823
18799
15878
20778
600
36660
25315
15403
24838
1786
6158
29342
1802
19949
25411
29402
7870
2371
16131
2243
25200
27437
23014
30028
20890
19143
15250
19686
15186
1600
3817
26812
14626
13052
4959
24335
11738
975
37820
22112
19381
31722
12896
26878
9507
24235
4991
31780
26989
22489
33973
18680
27173
30981
4551
35499
34573
11092
26897
31466
22092
25913
13380
11666
6403
5050
28153
31875
15252
21647
11963
34737
37901
11620
21803
1397
32376
21533
18370
29115
2165
10372
6099
15932
52
32982
8306
24116
16978
29313
19031
34979
37341
31082
26553
22003
7460
16689
16954
28446
20356
6423
22104
6134
28694
17194
34790
24621
12011
14187
16276
22065
14019
37709
37742
7321
32475
1618
35889
2755
24776
29713
9577
31821
25717
21770
28301
21113
28875
37665
28329
2940
9900
35005
21951
28738
5647
7384
36622
34294
6704
34789
32310
17510
27438
29568
17297
5459
20420
1751
27332
14442
31547
16596
36568
24058
11789
7712
12490
33426
8306
250
26241
10960
24400
11474
29592
19668
7720
22988
21788
19938
32208
9262
26975
19985
30153
32683
9380
36400
19284
5303
10113
29714
14358
25490
28238
2497
20220
23123
9315
9964
22767
18816
14542
11586
20452
36668
30240
8609
16750
32648
35493
36897
8602
29715
26578
38561
38620
30463
32712
19080
17291
22099
10889
36215
15728
1963
36045
7225
9319
7894
15696
24060
34441
7201
13242
9101
14596
34635
16867
10492
13870
27959
31419
18315
35780
18967
32518
21733
39013
27742
9983
37987
16798
747
10699
19605
23768
26460
26846
24503
13411
26057
21477
4374
33222
8512
30257
30024
4249
10715
23977
27144
4143
7546
13518
10731
7466
20244
15123
27086
25270
24892
35675
25429
12322
36463
29933
21733
32523
689
8727
38969
24236
34957
8633
39101
37615
5911
27424
24721
36560
11348
174
3246
25036
13123
12572
16055
20208
32409
4937
6511
38092
36377
928
16882
4618
30499
17700
4975
17056
12034
5659
39024
29007
10122
5656
30627
9468
15194
35671
16277
30054
8212
31534
22536
6090
28018
26759
10142
30080
38610
28652
37989
7412
33560
16418
13637
30819
11740
791
29296
13959
32460
8700
6692
449
21398
10118
32168
15809
19570
30257
32503
14658
12433
12672
1184
2188
29794
6174
23405
28083
4564
33328
10740
12720
7646
9608
6944
2130
32255
194
471
27296
10799
31173
19225
17151
4357
12997
37760
15956
33952
33979
1630
9772
7016
4978
8521
15572
6297
24113
30968
28291
29897
36285
14522
33256
10146
34184
34484
36950
29105
28608
29801
16977
29189
28860
2643
13944
16825
6476
2424
32154
25562
28585
38711
32448
18144
23205
2614
6121
730
17053
17941
13141
28635
12489
2784
3309
37895
5065
19
31566
11943
25470
35889
21647
27580
19420
10378
39056
26432
3436
3083
22953
36896
20406
9636
32697
225
1251
7000
21784
30512
23877
27686
23158
28783
9010
17726
22786
32709
25736
23514
12495
10049
9696
30317
19189
14192
28388
20896
27961
16527
36009
6373
21916
1438
26677
31486
29204
34003
19995
27802
37934
36410
14287
20282
39036
9341
8087
14155
269
20146
21796
11397
2408
14806
867
16527
37717
28901
38719
38612
5927
21939
12944
24010
22713
15909
1624
4263
7751
23606
17684
12698
4175
23905
2211
21208
27629
8369
30510
35959
25643
23945
13279
32976
38076
20273
31043
29622
30939
12674
431
14156
31205
36917
26052
20120
1057
35464
30363
10919
11862
24037
27565
18978
18529
13693
12557
25072
27377
10034
27880
38384
35948
9250
6760
24976
5162
25409
7924
30797
4884
23155
11812
35427
19881
38661
33221
9965
257
12416
13279
14681
23563
36702
29391
23558
16522
22503
12802
27358
38490
23790
28320
2040
23102
5577
25561
14758
8197
12498
1399
34021
8918
33483
37056
9865
32400
23053
22600
30205
554
156
2251
30346
6702
3080
17058
27275
10867
37161
32989
32919
7704
4912
5455
36375
4633
20121
28497
4121
27683
20385
26900
24738
25473
37205
35469
26234
278
12079
36235
6093
8095
28780
34963
16652
14208
12523
12909
24027
37627
35121
28034
27133
26390
18351
13995
10699
34443
38857
23946
35500
861
38294
5888
18025
17252
27003
29368
7964
29508
14015
19105
6756
315
26537
18158
3148
34916
9947
19069
7219
8610
19641
27532
19129
27294
28162
8382
37178
23062
22331
29829
18090
15231
2019
27250
16029
26628
35364
6783
6652
27409
11674
5880
31360
532
3020
26305
22525
4901
23597
7767
2384
15423
24876
12376
13872
24344
12827
38128
21548
35255
37968
21395
10302
14304
13939
20262
27939
20577
6935
9471
12261
32354
11329
10686
21209
37797
21127
31603
28221
29862
4091
35288
16992
8902
33233
23247
1673
25207
34760
11570
34222
25634
18991
7390
15859
31388
12051
26215
19711
6407
2528
25246
27534
26569
9164
31112
34386
13350
1704
10117
22810
23100
21232
6343
27150
6598
23806
14791
30064
23735
4367
23542
27249
10587
30596
19927
33450
1961
35352
29618
13807
31718
19856
26953
3802
31189
31592
30868
30484
3896
16551
33749
5071
30023
25144
34334
24850
11177
27880
17983
34280
596
7717
24096
20600
21165
32848
6695
26897
17835
32072
32101
22097
32213
24536
25598
14277
12185
23629
35944
16006
3828
31453
31091
34609
25790
27319
25498
20089
8983
29889
33100
16898
29162
4795
20158
2057
29055
11285
25416
29382
35632
12229
38328
11894
26456
37551
9594
12904
16460
6092
33506
13909
31668
11975
6887
19187
32884
14576
9613
15047
38689
13792
27589
20863
17810
13295
18359
2609
5700
28321
33650
37904
1979
2063
28408
10332
16357
21801
20002
26288
2245
3073
7624
5581
26812
25280
25793
9882
14194
34423
31716
6196
4696
27011
6698
11913
16079
14980
1398
1184
20438
27739
18254
26459
5585
20958
16976
18034
15917
5989
7716
6128
26441
32068
11371
10443
20111
29335
12929
12744
2196
6293
35015
7954
27302
36112
4483
8161
30304
33132
7566
10402
27859
5562
27276
15078
26262
12811
21044
20168
33592
3239
12489
34230
13127
26986
35696
622
32348
15210
21485
33433
10109
4324
7262
19353
3984
2455
28979
9898
4311
26399
5039
1263
1641
12440
2490
10528
7173
34692
19092
11840
33047
8881
4032
16598
2717
33074
9329
33528
3385
2995
37749
16226
9355
37071
9579
20137
15530
32751
29624
6288
8867
35802
3002
34991
37716
5605
14040
32147
3036
8091
37502
38638
20227
20523
24762
30299
27026
26388
35737
25838
28127
35581
15143
30761
1302
29653
6446
6496
32910
10314
37483
13017
33201
36769
22234
20935
19994
14093
36389
3006
24367
17438
5817
16746
3
19811
22787
36482
24003
13843
35924
8637
22174
38288
16855
14249
3679
23997
4479
29638
36262
12244
2436
9673
33027
29715
10226
39004
5177
16985
6993
22563
31900
20034
30401
11638
17808
17541
33361
33114
21078
30163
29094
4779
23670
33835
26482
15653
1818
6065
23070
19973
2579
27792
737
31654
34829
30500
35259
10272
22015
37398
22498
33325
2645
3896
23232
2754
11299
31815
3762
36705
35601
25157
21892
7564
8858
21273
16073
8392
3665
22254
17825
34761
12200
8306
12699
11251
28927
15947
38494
24560
22010
19010
547
12914
2701
24619
21145
6530
34742
11758
4268
35648
29130
7851
17980
3812
22007
12745
438
38018
7785
2703
22678
29498
6307
17222
35869
37225
18020
32059
19970
27696
36968
25670
19665
24999
18039
6447
10706
20846
5903
22346
19936
34749
15805
293
6282
14959
23368
34875
22161
11747
4560
6683
16311
5131
1034
12149
14346
14009
37576
27113
19452
31112
25435
487
4092
21221
10327
26291
16878
22752
5525
11713
10455
37274
11128
10658
13364
36190
15760
17803
26087
19705
4357
21044
2460
32847
32037
29859
34337
25977
15843
7818
30582
37178
33226
28138
31594
33345
17701
20452
36094
32059
32764
15768
26104
10614
8893
20243
1814
21892
17060
22817
5425
30829
406
8905
4625
8033
27541
26164
23389
14907
5616
36441
676
19167
33162
6691
23554
30315
4049
16274
16190
31237
22117
36641
21128
3525
30533
31018
753
19062
15425
27645
17584
38034
32462
21314
133
10369
34380
27128
17394
1356
36254
26139
38283
39090
12214
11052
25968
20578
3728
18360
1631
9840
38356
13017
17535
12660
12881
37840
16793
3095
37355
16635
34159
1583
8229
14284
20799
2999
33754
25586
33666
8071
24960
19468
6894
19251
29168
17530
33908
28447
25215
27560
7288
31686
29702
4591
28892
2487
3738
16584
10312
22126
7822
38350
2742
29241
14250
6513
9033
34288
19562
16441
6274
10945
20476
14139
38965
5878
1985
10148
24011
12020
15350
2358
22645
36887
25330
4653
28266
8869
12181
5861
28810
3220
9734
9717
30807
4101
23762
36346
5635
22375
37737
36813
5586
18909
902
2514
29021
21838
20512
28186
22854
21111
16144
667
22268
19399
37247
24952
5075
37924
25121
19526
8342
20290
35787
3367
8676
13396
23114
9358
5524
37433
10751
17433
23156
29488
29333
7723
16696
22655
16283
4091
30378
29212
25882
8201
26100
18659
4678
22523
36178
28839
36047
21399
3313
24199
7139
28409
7088
17976
8803
343
21836
20971
20184
9106
11834
29285
27870
5877
5312
34257
34924
36528
36594
23750
4827
28736
9943
8191
35815
14857
24479
28264
3349
29962
2842
9740
22962
22925
28935
31030
15638
37243
2297
14733
35955
4823
5715
13126
16544
30370
20540
19896
1516
14469
13672
24828
13284
25774
3218
37436
33503
36828
9928
20117
34500
28343
28777
10244
8243
28886
5585
32000
9942
38448
23658
27197
3539
21535
19827
2016
15993
22523
1151
11648
15553
3499
7164
8043
4678
27373
35685
4310
11446
22576
28451
30099
480
29804
35360
3925
16358
17963
33537
22254
25807
37077
7622
20369
34616
7551
18522
6700
1093
27234
25874
428
37085
11837
7163
24899
8285
7887
33504
12501
29306
8643
37882
18668
30338
36754
23947
21315
29877
10081
25219
26294
15334
35025
16701
37423
37432
26504
8213
5509
6567
10766
21788
8631
7129
27092
30549
27505
32657
3148
18346
38276
8086
5986
17530
24616
21875
4269
5061
20681
31237
29668
28603
32555
35104
34529
31943
26517
38720
29668
16653
29052
38729
9027
15426
32094
31966
37999
32346
16082
21461
20412
31869
18800
14507
27337
26209
30428
675
59
21787
6136
18496
8110
32656
20589
30603
22707
12483
4861
25221
29008
5901
9878
10418
16553
10597
32123
4399
19121
21987
15394
37618
3756
28630
21366
16079
31777
20264
10070
17749
33129
29076
18573
6254
29375
14
36632
9850
25982
39099
11882
6191
12223
15235
28880
2874
28230
11256
36982
16112
4719
37150
1632
32235
14306
3910
440
27406
11003
16886
30539
20725
36412
12315
2739
19458
33005
21823
36604
30276
19363
7091
15478
25303
12902
1387
1711
38563
29969
20113
5917
10708
13481
20706
13409
9669
3919
13535
26136
9719
10929
8435
20069
36114
24568
16172
12033
20695
16403
7453
1171
6480
22839
22831
4791
32960
37764
5512
7368
15806
24348
30047
16949
35951
30307
36456
22534
15
37292
18024
20591
23649
23438
15778
27877
18531
30963
21254
8240
31336
33484
27754
38506
12183
34735
4870
29445
21231
678
36514
19491
21609
9156
29955
21268
15010
27684
36233
11713
25439
6548
26200
7576
27986
34746
29482
30598
10802
37208
9835
24654
29586
30248
14085
6289
14724
15287
20677
20037
36949
4400
7458
35036
416
13608
9588
1173
14576
10144
8976
20176
20129
25224
39009
22226
31571
6271
13123
9499
2395
29939
20201
34872
30186
5874
34392
30254
5636
37424
15819
5644
804
31977
15791
14053
25835
25053
3764
4403
11158
36078
16978
8942
33189
9960
24717
3761
19084
9684
37658
31429
28225
25675
8500
35090
36893
8957
16559
27228
19238
34285
11128
2702
5512
36793
11930
10594
35491
33903
29272
19650
34943
4298
6439
6213
37293
6871
32789
5415
4993
12831
33820
4319
14139
29766
34065
18171
22024
10182
11642
15040
30446
23138
2559
15601
24951
36019
33747
1949
24525
27221
36167
24844
3716
20740
587
24979
35568
3959
19454
6207
3978
29308
35140
24838
29809
19308
21579
25409
11967
37053
5799
24758
27171
24115
29247
2446
2037
37249
14600
24021
25220
8617
22664
5468
6204
37643
36936
11508
13478
30586
28847
32643
32305
30810
36012
27247
5327
28447
34472
7994
7783
1433
15522
17839
5959
30540
7751
36295
1670
27726
38027
12137
29849
5170
11730
5066
22969
27071
23221
35325
24790
9094
9808
34713
8815
34399
28065
29314
8764
26938
26312
1570
20047
31250
7939
39112
25763
776
37160
28987
11183
11218
22864
22814
12221
22274
38582
28549
30930
7790
12142
18428
30335
36710
15010
14259
36023
38039
30340
35813
4254
13393
6557
12450
590
18539
36229
23072
22442
21104
9077
5450
21026
18686
19788
25677
742
9209
6426
31695
17559
7083
5641
14470
23998
15967
36727
18411
9590
26105
26559
35689
13332
10185
17825
34596
24650
35988
20981
36378
14883
34375
31380
24361
8198
14332
33005
20140
4943
36170
32202
3646
15218
27312
18791
9249
24258
7029
1566
36645
16536
1248
38494
10163
5963
23422
2051
5002
2795
13932
691
11003
1378
33596
1467
35647
7897
21765
17097
26753
22072
18350
481
16084
34140
20479
14963
15148
1306
7218
28439
27774
12613
8807
8735
30711
29730
11083
8690
20014
16946
4544
37535
22752
35416
8971
18744
23237
27645
13293
38143
15127
23207
6162
28206
18686
12389
1520
33688
24586
35212
22209
9879
14613
38725
15468
32160
24684
5265
12622
11771
24389
36838
20671
38298
33221
3326
7474
4114
12395
20967
7053
26401
468
32031
10134
19792
18638
19573
17294
33508
19821
17487
9609
7146
9271
125
35575
5722
4955
27468
38982
38729
14438
26139
23991
30358
32018
7865
24965
35337
22085
31581
9716
3915
10585
18472
4237
17536
21485
7888
33464
7456
35487
30035
27745
22102
8752
22241
10409
23562
9396
33341
31872
5931
28652
1639
16444
9328
7774
8077
30413
8381
12498
5139
7963
33957
35088
22588
2908
38593
36695
12908
14352
8096
31193
11117
7622
34439
19588
32822
33869
29787
24148
7847
22992
29386
11791
28452
23592
24408
7318
36583
4114
18102
29556
36586
31287
34276
6865
33731
11262
21734
12850
7789
13308
29969
1578
31956
37219
21759
10404
8564
23154
19468
9058
23015
10355
23652
37426
36865
3888
30124
637
19796
7892
25182
14131
28430
30114
24734
3047
3001
33381
5180
31229
12306
30502
201
15717
37492
36158
18359
13121
26218
7560
34457
11553
9610
18527
32450
33506
29622
13286
13336
35302
13885
19809
34116
14740
14506
20386
21583
21367
2704
22896
6139
19599
25450
14700
664
19169
31017
29060
3387
7918
22199
9318
14265
20578
21326
6735
35951
24632
22165
14487
18292
12497
7675
24870
28135
34342
6977
15898
22196
19287
1393
7645
32091
8955
26162
31847
34999
17864
10063
8027
21863
25904
25010
20566
18279
27542
23356
33133
2061
4433
22089
20395
3156
32997
10475
24027
1673
5001
22448
3404
32818
12127
30316
3035
37177
3502
35752
23145
13329
37814
20949
13225
19333
6053
21567
22225
17467
7273
38970
4413
11040
16972
23882
18864
14242
19976
37535
37651
8265
35198
15528
7002
28550
2561
22635
35345
15507
18211
36291
38033
17583
10446
32100
35118
20224
16778
32596
31479
12509
21944
6647
7610
10667
2600
37393
23929
8258
15967
24622
27457
3548
34343
19828
8462
2973
9409
30831
18804
6685
36157
12653
12711
30451
22002
36024
37087
29193
3732
20615
33973
19124
32679
8002
29899
19637
21250
14058
30017
25808
24096
21110
27940
6632
4698
16718
9750
2805
17762
38754
32561
35700
15824
27642
32287
28939
22850
13102
26876
3049
8528
9928
30418
13817
26077
10105
3749
26242
12320
311
33083
19711
16389
30457
4004
38819
36368
3944
18550
36835
15261
27694
27047
28928
7920
38554
25868
34157
25999
9825
36736
8524
9438
5134
31892
33850
13776
27175
21251
6251
17511
25260
22382
37414
14027
17414
6182
9410
21243
15039
5406
8520
2604
33270
89
5484
14603
35464
7107
4530
7381
17393
1643
12265
19906
18860
8047
10755
31916
36432
20246
3865
7872
2445
29838
32291
38983
13285
36216
35158
13360
30690
8116
34119
5893
18513
35540
20623
36937
3708
17896
20559
5468
15159
38365
22867
37401
367
36722
29205
26908
14832
15615
23419
31901
23188
4241
32788
26052
26277
5526
16142
22237
12231
25206
3223
20950
27522
38744
37160
22369
4400
498
2840
20414
16260
23838
13313
7630
12376
18747
16070
34476
28494
28775
12127
21192
21100
23748
34803
36997
9639
3872
1758
23873
8897
32581
38957
18562
28791
2635
33896
30421
18440
24036
2552
20913
18904
31001
6278
2909
1908
15754
27852
7540
24300
20434
32264
7732
34215
10790
5614
18428
7338
31144
1566
26461
2111
34387
18204
8465
30598
4742
5693
7802
24822
10635
31909
14604
18128
13874
2132
30225
4995
29277
3958
3519
36382
28352
7805
22220
34276
1953
6594
9515
5423
12046
35921
35577
21601
18010
10971
21361
9317
21017
6847
19238
14508
15798
4492
16395
36661
24824
38649
7735
31334
38489
17951
5529
13293
14265
24252
11949
28428
21396
26103
20269
13912
31333
36032
11808
33708
2067
23751
23949
22043
6701
20187
32412
30725
35348
30826
11532
20236
104
22347
31175
11707
12277
37022
26147
23192
13058
26057
38423
35180
10361
35256
4153
4526
37051
18718
11901
20357
35136
349
7681
2588
24976
8899
12063
34488
37854
15289
6926
18351
7866
25817
32831
34356
4810
8579
17487
22538
37129
13132
4000
29470
6541
2102
28027
33561
6252
20448
37425
29036
12990
34335
38782
17869
36194
2390
17708
3359
26269
14027
3082
15690
32767
17493
16356
30199
10534
37939
652
13916
37119
22722
8587
23488
7064
11019
6954
25704
21640
28802
12235
20264
17894
7231
5472
29685
11476
24362
31934
8268
7523
25376
16330
4409
15290
8144
11853
32319
11376
23719
28495
32274
19352
35625
1218
14019
908
9936
2161
7838
3546
25269
11152
19657
30384
13248
1711
17307
30844
32422
11301
22288
10026
29189
28696
2644
4437
26633
11593
14978
27907
3059
1484
3330
7473
33795
31017
5828
32184
27433
30605
2180
2622
5219
10353
33601
28865
3491
7130
19794
28461
25010
16115
13505
31523
20515
14310
1593
15031
3968
33863
22827
35166
978
15429
12383
38809
37545
14547
455
13173
6865
5834
27052
8326
3621
24529
2457
646
32602
10399
26031
24092
5027
6000
25076
16014
37617
3490
3680
11349
21928
30648
37461
11024
13010
5089
28747
25590
28379
203
15866
26850
10640
22318
5175
1795
18540
34255
24823
23303
18579
9240
28874
29181
18050
11492
28375
20425
20595
32093
30496
31264
3862
33724
29948
17097
21074
808
35407
3349
7022
8442
7085
5086
23671
20256
38453
35753
38113
2792
16522
18959
7670
10287
4131
3239
27588
15845
25560
15188
21611
4907
23787
7487
2662
13525
30182
4955
10676
21726
11476
19912
21425
23652
4433
18270
20919
18212
20804
15331
31916
2928
35408
10580
38343
16815
21790
19680
17473
17184
25090
26908
36657
14055
6287
28848
29244
13849
16876
8065
27474
29433
16806
17200
19735
29491
1965
10743
20038
38673
14157
21769
32822
7207
25956
5203
6428
38561
35880
9587
2792
15686
38459
10894
28858
21223
34784
7832
27583
693
4706
16545
14909
32201
21968
9199
32069
566
32319
3625
37529
28072
37737
18534
26521
4892
28763
2561
35824
37884
9452
9227
4501
26157
24568
20458
12304
26153
36927
22841
27457
17231
36351
36574
18550
38194
27339
16195
12509
17575
35760
17026
2521
14476
24421
15707
36643
25679
15530
14671
14969
3398
21103
6660
11953
20819
11268
20624
37755
26411
32424
29437
9828
34069
26066
22345
32470
30326
8992
13878
22581
20896
38446
2244
5334
15586
28911
10400
2137
34929
5974
29021
32691
27996
13504
13550
33952
8250
14683
5143
16990
26395
23680
7038
37672
17431
20770
26253
21838
9430
19697
14709
21388
9162
15975
9906
4749
3021
22354
6505
35118
26126
6535
26426
14780
33866
36993
3096
28763
31313
6593
29969
22702
9091
1696
35673
17405
10210
34483
13714
21885
33548
13890
37904
24868
31624
11209
8648
37904
16997
29545
37072
21240
24291
24323
15364
901
2138
2626
35333
22477
17358
30321
21093
32140
2279
5062
13534
2059
4625
1702
25529
23937
7405
7845
18023
27305
32934
9841
13269
27795
18878
11134
10177
3413
37837
14469
26622
3087
13922
8869
35866
34556
38483
816
10277
38736
25042
11883
8987
26653
36010
2405
17835
17734
19793
9660
23545
31667
29418
35243
25552
31759
27567
7327
20282
