35135
26844
39099
22871
18444
19572
20424
3413
9091
2449
15709
10478
18777
20266
31058
27334
33511
24744
620
26475
7749
21480
13735
8712
2103
1438
9429
8724
10947
24329
695
28690
2748
24063
33906
22274
33850
27255
31205
11840
17594
3157
980
9581
9229
23684
12743
22905
13211
1530
24300
21401
10021
13249
34640
27226
38581
37061
24997
11558
28839
22070
26886
12270
17408
32103
13097
29332
12957
23417
15663
2149
14336
12030
35969
5025
6551
4718
32974
20369
2937
14931
30282
16402
16495
32382
35890
13116
14741
24154
30990
16279
9563
2068
28495
9469
148
16605
9283
19226
14612
22583
3788
33905
36541
16888
11962
21710
20139
39057
32224
37113
30896
18411
35677
30325
22547
31633
5041
28499
16679
5475
17463
22826
16559
6447
3078
18958
35161
36915
10796
26637
25105
23444
38941
31048
20952
26319
24853
38902
21177
30070
27075
33594
24023
1158
28087
21284
26093
4725
32416
2999
27020
26584
18638
2764
10280
23237
17151
31601
30563
31224
70
19265
26181
33416
8799
17217
18264
35556
4060
9011
17548
21811
38629
39081
4222
32416
7643
27117
25369
29315
15645
28145
9246
12400
6338
25805
33796
33600
25720
30289
19083
8340
15655
29071
9035
22175
5460
29720
25140
7120
36174
15372
19357
16524
36656
36712
16382
35575
36637
3545
26120
11967
1490
554
30448
16147
1239
16512
37894
33190
32316
31486
24623
23409
1355
9793
23067
35675
33794
28722
36306
31668
24456
30386
30833
15902
7783
28951
5246
37839
27726
34457
29174
38867
27856
3639
29577
8912
17183
24430
24881
29513
6525
342
13459
27659
24384
8899
23011
30612
3636
25437
15648
9678
25780
19921
11313
34885
3194
6912
16794
12424
11501
37710
12997
26246
17981
101
5227
22637
38001
19028
22138
37559
35471
30729
12541
34844
23974
30026
13527
24296
19456
35483
36745
2672
195
31881
28324
9426
25291
4371
36747
13823
31264
16878
1711
2393
6536
12534
33810
3384
9558
13675
1
26562
25076
28974
12743
22985
982
10520
10223
37093
33185
5948
33476
17270
24875
28382
15044
13886
8436
19437
24502
37609
22407
10845
28976
1819
25545
29140
29376
15839
26028
18293
26756
18808
19550
31136
8530
7545
24646
37686
38809
16485
21482
29842
33671
30963
9711
25118
12073
6342
4144
38664
20936
31572
14715
30611
20971
11895
38650
15559
27424
19371
9010
20217
4553
5493
36477
27555
13519
14333
36432
7953
38742
32687
32869
20911
21727
29365
34401
4689
11199
30306
1450
22882
35969
34763
15772
6029
38734
25452
2360
35067
22472
31101
13847
3822
3685
11494
11281
5216
30799
14621
30449
32931
13735
8672
6623
33601
15358
29528
38829
35013
26479
37528
10819
10842
2700
25880
6485
12415
333
5803
7819
29081
21642
10126
35650
32882
192
26276
29366
29205
29899
37459
16531
8457
29762
4454
5456
34993
8265
16603
1864
37478
29113
28793
9148
25594
29436
26005
10421
21795
3379
10203
17739
29964
37846
27341
18041
11977
2907
36338
23426
5205
29396
9770
806
305
23414
13948
15345
16537
27050
28451
7709
15827
10080
35153
24194
31111
6621
9588
29001
31724
14334
21017
35827
247
9177
23418
11608
2795
2192
29531
36692
25481
25916
10919
11523
19142
7511
34431
6350
5072
5865
25005
9710
17489
3013
25911
30549
35661
11475
15280
34251
1851
31962
5494
36682
15700
3712
10392
28724
7711
7043
9668
29466
26870
23232
3441
31881
20866
5461
15449
38285
2194
17363
10097
36251
22825
38120
27130
24674
8101
27472
7327
3176
7030
28554
29510
2329
37417
1642
29811
20804
35336
25759
36761
1301
31054
4020
18164
1013
6675
21634
32259
37111
1939
29220
30572
11082
14575
10374
36456
30759
12026
10627
10935
20568
27645
18836
12860
10248
16692
98
54
13632
868
33836
36886
26358
3782
15917
16403
30228
32282
35630
9208
19462
28864
36231
26112
26577
18381
33002
6751
23080
3830
13107
19800
14061
38319
4077
23504
17299
5996
24852
12631
36247
6138
27162
27534
33429
16662
14172
14421
1046
33146
26308
19765
14475
10894
13595
3753
34225
1957
8464
35517
6407
5472
21497
13404
36820
17831
35159
28404
29546
1858
36737
13365
10021
25082
11827
34292
20886
34075
21504
26715
12799
18406
28028
10182
23027
38886
10643
4986
5242
21733
12197
15053
25059
3162
11687
22577
24018
18113
27663
4362
725
14654
468
2573
25755
10534
22311
13296
1112
12857
8105
2687
28504
35567
16771
19875
31095
10931
36519
33706
26799
30931
8844
6816
1218
26550
13654
30799
2812
24436
7476
31989
21139
2952
31426
34528
1524
31345
2368
1809
34684
16679
21266
20581
22174
4543
38609
14482
3315
36404
2025
28868
33992
1051
37893
19485
3243
9983
19001
32455
21118
11075
4583
35196
34305
19402
928
36615
17932
25833
33137
37220
10120
5795
20145
12434
28665
19956
22536
25549
32879
10632
30550
26512
32776
36661
11275
26562
5309
14544
3511
18657
18785
9176
12926
15879
15239
34407
29348
9609
33854
19867
3992
35976
16058
15765
25851
15316
25942
25016
7723
2323
27443
32639
28083
36703
1010
8585
9003
5494
18470
32308
18906
27203
35117
1270
24231
32532
38442
634
20326
38726
33882
31600
22187
36673
22866
36867
27017
5644
23114
14128
24569
31887
28484
37208
29729
31800
30134
17209
27382
14008
23889
29336
17320
6177
29123
26132
1084
17835
31617
26766
23274
22354
14340
32626
20295
16450
19386
7365
14768
13388
10941
16629
9293
32628
9289
28161
65
8900
1492
27837
35018
10525
18407
38574
12369
25818
29425
15026
1860
26562
26692
22560
16139
28092
38001
26877
38083
9862
7037
23203
11261
17174
19954
31942
27734
15400
29796
35796
13549
16380
19638
24635
20469
11560
27033
18549
11612
10119
15767
38204
16623
4129
2972
31231
29084
5073
29674
26097
24256
3159
32278
2930
18567
6475
26369
10171
21611
5085
26943
35910
29703
24034
21310
12702
2829
570
7805
20265
13747
33432
37155
18469
1008
38273
4258
930
23751
9356
5350
37830
7503
28757
20424
5788
12775
30161
1392
18429
3019
28613
24486
31535
21963
35354
2906
13074
16066
1144
3311
30905
19774
23578
109
28322
833
15291
9553
10944
36039
5049
4171
27603
22796
38988
394
16649
27873
26979
22934
2375
26177
11138
1143
4287
10870
38333
35328
28179
38046
21361
21102
14267
13313
12452
4052
4069
32641
25846
8945
35578
2853
26858
317
38740
2227
36032
28056
33559
1076
24347
13065
3256
7616
30309
2859
36442
17480
32169
22123
22207
20256
31365
15202
22852
21534
29529
2506
11553
38497
8069
13954
38616
2430
32143
28802
29077
17899
25321
9350
10711
30660
28576
35792
23177
31283
38712
35690
36046
12819
5588
8079
34186
13790
22754
10805
24368
4920
24757
9302
21440
34444
3056
15505
33790
28532
26356
13245
2943
5730
12405
36336
22600
36277
12970
21933
28859
14933
31405
8669
30410
19516
33895
10823
4626
12472
86
24624
20039
22296
23439
28392
32361
10294
19
21680
23060
1648
6032
17261
17149
7754
8996
29209
3838
23664
30710
7829
13698
29801
20284
5542
28904
13593
24915
17319
15114
23601
37495
35140
25054
37703
5669
22197
9772
9539
13140
2263
4450
28571
4250
19948
31401
13973
33396
25132
35643
37920
32205
16146
14706
23811
21907
8952
8618
30740
11389
3790
8916
32375
8867
36955
18955
4174
4029
7682
3846
30625
28105
29510
6030
27477
4237
27059
24259
25028
10400
33819
36877
10119
28883
19997
16905
25812
1618
17672
20357
10194
5061
2657
37987
9462
15831
217
7690
6105
35605
8123
17638
8655
35002
28449
7576
7852
2184
33478
13967
24813
3583
11316
22292
10099
23584
10486
34046
22277
24910
15902
6715
38078
21451
3818
38117
24547
9436
16602
20805
15211
18827
2446
35660
16545
35503
29547
14921
19989
12659
1247
33403
31048
36435
26828
3324
29733
3061
5482
32161
38486
5072
28528
31244
27393
18676
20939
20093
17200
14110
15868
27198
96
35070
104
36271
29660
13150
20846
13256
14400
8182
27214
4299
30138
19407
3335
30344
28422
33908
11298
30819
3252
34777
21695
13822
14097
22438
8749
800
2798
26927
7569
6329
19351
13092
10177
1415
17180
34044
36830
5196
13208
38461
34968
15608
13202
36048
33585
6565
25721
19460
22780
14797
17951
37466
5338
15110
1598
8276
32142
37923
24712
22124
30679
15181
17594
730
38980
14621
11564
18631
24355
7228
5930
35644
10268
15728
25614
28233
25382
28648
19741
31587
38024
35210
1078
23773
19656
4958
13473
18311
12899
8455
22443
13715
21522
13769
34027
12948
32468
35690
20295
33514
4150
10081
1474
26657
27416
30590
6414
20615
38181
38468
9788
35423
29083
20576
29737
29848
20409
37471
26899
29089
18470
32884
37588
9423
32894
6020
22167
34986
2586
2770
14953
18657
266
5629
33801
37900
33761
6362
16212
23362
27492
20103
13082
29787
37205
11959
25325
30278
14708
27058
19509
33880
6440
35576
26552
31686
34850
35506
17097
15204
18599
29902
16466
35655
26972
32124
31514
25456
26625
34958
27467
24349
1324
31193
2546
2587
36085
29369
8529
10839
10652
2097
10129
17974
15203
25665
23900
31749
33483
10981
17061
27673
28357
36159
2988
32382
18641
11349
9344
14756
1344
3519
1971
2354
35477
13015
32300
22771
14709
2081
30717
1153
5871
16083
25922
8267
33545
23068
21370
26449
23527
10941
20358
19954
11745
37139
20472
7133
7740
17218
15921
26587
4532
33926
24831
31854
13878
38485
9145
35228
9151
17953
23644
5340
21049
1628
19912
19057
2399
9063
5734
7264
3754
5925
8271
6304
11868
10527
12524
25167
34893
12913
14172
38648
37282
11941
19469
35905
12478
15793
6189
28133
31237
36609
3571
9135
12163
37750
14932
33491
9804
12306
32064
8666
37657
22588
27600
28052
15022
4935
5058
11530
31983
11233
33028
20348
18659
10948
34161
1957
30574
10110
36908
38498
1444
10845
17476
10025
23394
21689
24771
13998
31311
26632
30115
20880
3299
14476
16495
25636
24813
28313
31220
10197
1537
33380
18854
32136
13967
19676
5664
17667
37431
20955
22441
33038
29057
12671
21645
35610
25036
15025
32570
37460
11805
17830
29842
17510
34431
10998
26631
12539
16791
16208
2075
26527
20347
31505
21687
33704
10099
31090
16761
10579
28920
6634
1865
2580
11511
20362
7750
39000
35527
28443
3180
7906
21150
4491
24452
37291
4151
24622
29280
16224
15922
10436
28623
37798
30362
35956
10479
23362
23441
22166
12248
37760
14584
35002
34702
35069
2238
38045
37678
16150
5158
3510
28631
18258
15771
13956
12453
4715
29094
25490
31768
13436
38499
13200
11833
25972
8629
9023
13877
14453
26286
22646
16773
18925
25389
14595
4064
22322
28174
28841
37852
14898
32803
30183
10587
6009
37960
21558
9807
17355
32725
5032
21916
14945
34897
38454
30748
24103
39029
22714
32750
29009
30236
7360
27407
20948
9066
12145
38490
29421
2846
24815
38836
19963
38984
21650
3599
22371
31072
846
23605
1763
30600
16494
22703
39065
33575
265
20993
7691
18006
25430
16619
18935
27290
809
17128
8773
20016
8774
32646
25523
27410
4667
11118
20135
2424
12128
37375
6846
1606
1923
14601
17883
37008
22574
23942
39102
3211
15241
7937
38092
18153
23650
26498
18000
38923
39105
10820
17914
5011
16227
5876
31133
29726
17369
34010
23506
30669
35076
16516
6398
16960
10538
15056
28687
35075
30193
16531
456
23582
16745
31390
15849
31112
3514
25522
16168
33929
381
3698
33742
2440
6001
26435
37999
7413
7793
18761
28610
716
28573
12612
25801
19409
33141
7832
17762
24302
11867
35732
2826
28297
24459
34133
2623
34778
38789
31098
26273
33318
1988
18586
2798
30504
26919
2849
27684
2874
22712
19639
15498
2264
27610
2848
1854
33826
30701
12063
38709
15395
1292
22821
13027
37948
12478
18293
5506
24263
31736
5695
6315
33238
10194
20435
2676
13177
4304
13511
31262
9413
4948
15153
21232
28341
2489
12647
24536
8129
11726
13964
5436
33860
5054
21781
15019
32569
19095
37914
4142
6425
13669
14372
9571
21196
31444
22484
7075
36777
25976
38350
27191
37595
1578
15104
16571
28778
34160
14793
14608
30541
13842
8063
32778
832
18486
17437
26497
24076
4514
31118
13876
31485
15312
36077
3594
19834
36102
148
23180
30840
3439
25226
24754
17680
1116
80
30997
28420
6716
22195
30670
6214
28673
15730
6421
32578
35121
20734
10988
22149
27782
38013
18329
12074
4029
35675
36607
5206
7649
15683
31537
19737
8390
19237
37010
8954
19196
5901
8193
7276
38850
34532
15703
5810
14696
23097
36316
4829
30793
18432
14183
27991
16129
17035
24120
25300
18296
27822
26034
33644
26176
37439
2527
34339
34531
10741
20995
27533
9995
19488
23689
16841
35671
18526
36500
13140
22861
18831
3483
11887
2485
32207
8086
35395
6247
29633
29844
37582
31262
23570
30202
17151
95
27076
24305
16981
1421
27796
9999
29298
9228
38238
28585
1004
268
31438
20017
20472
35087
33457
8149
2690
515
1507
1691
33617
27657
18637
23106
387
29139
10119
8072
19528
25932
37805
15535
18466
23980
3634
31863
21137
22945
4856
39024
35061
8463
36870
17911
4100
30069
10505
3804
259
36677
23389
33144
23730
35481
24753
28085
38054
3892
20443
29100
10220
31392
7540
8961
156
11258
32232
20954
10449
28709
9896
10928
21021
1182
26468
31997
7615
22610
3606
27405
8532
33014
8884
38389
13752
13178
4273
38567
23952
32945
33291
35694
14216
7217
2775
8031
3802
14898
11696
30221
7281
11981
36574
31324
36084
32175
3687
19137
20876
25496
8651
2203
33145
33800
26129
19157
21583
6528
20004
8846
30616
20369
34876
8525
17127
8666
18185
25211
33561
2051
27568
24051
18659
9207
33608
30707
14114
28771
3886
33497
19296
2258
3253
3086
36447
11455
2768
17621
3417
37243
38722
34426
5404
22740
23854
15715
29732
25627
4865
21644
30236
3158
37067
25326
14837
1310
30987
12230
38390
34869
25793
11119
15686
716
19823
27142
6140
29224
33336
17506
577
38833
35197
36871
13677
13072
25862
27634
24589
6320
33554
17265
8680
10865
13447
8432
32584
5553
2375
23824
21005
16740
36885
268
20144
31659
16175
36664
23631
34212
22765
33802
741
34389
5720
15034
10995
27869
36008
33117
8469
30961
29570
28845
22351
1429
22676
30846
20170
12523
38266
18287
38990
2769
3258
15971
16317
10988
32005
33775
5833
5579
32557
4928
30361
15273
4869
13672
12115
12134
22817
22323
31769
32454
23242
21947
29227
3383
20975
22550
30654
6138
35063
26853
34028
5676
26861
32285
21610
31993
8657
16845
20990
20335
28203
30718
2622
29942
20558
12269
28044
22582
1185
23051
9303
32911
28441
5829
31153
22460
4270
3001
35577
19985
13318
31250
25088
2329
889
7838
9651
24754
6554
27266
34566
2442
39075
19424
18926
11146
2528
30746
23095
3534
36466
9861
1516
6601
31617
26296
29201
24923
31994
25524
27293
33210
15768
14404
3513
16361
26208
10357
8327
22703
15126
28784
23729
36563
36414
28550
38941
15752
27478
36417
23604
38475
1168
1184
458
11253
34122
27563
20708
31635
33166
37653
12829
2441
25927
31972
17634
20484
31754
25147
12657
33824
17277
28451
34416
34367
29530
28533
4438
26634
22235
6953
1299
5360
23394
14302
30473
18060
2249
14347
17337
13021
2184
23275
23165
3233
25775
15547
15170
12739
8502
37377
29715
11778
28231
37398
4185
16557
19299
3894
2361
32727
12806
39019
13159
30840
33484
20819
7077
9321
10905
16850
10532
25690
15177
19576
29329
22881
30192
3358
23451
29140
27284
37117
4590
5380
17276
30117
8376
1438
6223
15946
14480
25929
508
12326
10585
16473
24750
2018
38511
36734
13033
10924
9875
11919
36210
13773
18714
38834
25299
4148
28557
2444
26220
33737
15242
13818
35234
13271
12553
14460
24284
285
14463
15844
18855
34973
37251
16437
18500
17994
4294
1415
10941
26564
22897
8956
9498
21531
3252
37870
26778
22463
2899
16246
8367
21051
21798
32142
786
20396
36029
1471
32151
16254
31355
3688
20190
25792
8555
17267
36431
15647
9418
29968
13654
27769
9558
2533
33069
6756
9134
10676
30071
22885
16397
10737
20520
30604
32884
23028
11370
29258
18291
3703
31221
20716
8262
17904
8825
20652
2158
11386
7605
25813
35161
9046
6410
25049
3063
26459
29
10908
17629
38217
16495
26049
3425
16816
313
9659
19823
7628
32370
18904
32034
1629
17609
5123
38114
28590
35692
4850
13184
1745
11534
28132
27847
13091
17622
24452
4282
4340
15432
24504
10840
20535
32621
16332
19252
3493
35949
35928
5378
35280
26517
27765
32804
32612
35082
11401
30138
32711
26745
14354
13385
29545
15196
4902
29059
18838
3627
27816
31234
33082
3082
9521
21358
34838
14729
23895
24686
28947
6474
7797
21190
2608
37375
25544
20201
6147
35405
15962
30793
13774
19508
5670
25937
26785
15557
33267
9577
11695
34614
5853
34497
19300
29456
16712
35163
10883
29866
14703
11390
16102
32401
17240
1224
24994
24381
25971
38343
37962
38742
28790
17481
12495
29880
35971
5209
15786
31450
36611
28095
17224
27598
29138
10808
1711
24261
18755
14958
36939
22539
34475
21212
37530
21657
33452
20140
21746
18534
29698
21791
32752
20047
12134
10444
34578
20224
17370
7872
15350
37799
27898
30785
32834
31294
30105
23227
22572
16613
8686
27893
10021
38984
9197
35328
6139
22270
11827
25689
38547
34359
16095
25486
26552
35810
26604
18261
11414
11125
38895
489
9212
29697
34426
34803
36745
26246
10207
5870
8039
24075
30798
32802
13529
20377
13395
11984
15824
23589
23309
26246
25923
9209
20120
12980
11417
2996
13845
16907
3971
5671
24348
19166
13897
1906
15848
29351
35522
11094
15706
37417
27699
11885
441
18256
13720
37549
3263
4370
37532
9906
19379
8045
37707
21046
17162
28070
36164
27067
23482
29971
20754
31398
28841
38925
2868
20101
9579
35117
13647
2517
12808
26136
30948
26648
22167
8186
1630
11030
20203
26132
32929
28858
13181
14904
31462
13448
36686
29828
8710
8210
35198
22441
18584
19069
10498
28518
37250
14558
30224
39099
24317
20595
15043
34073
32879
31008
32915
14550
36918
27546
18038
1731
31351
18274
25752
27183
11147
22729
27662
12475
6828
4622
14876
37376
37217
2100
15656
27935
36871
20509
9055
21
29271
14654
25940
15579
15918
13785
29798
5826
20524
29481
24063
7559
21345
22835
30737
20309
10847
36595
15812
38116
10835
27073
5314
21182
36393
33151
2610
13589
30746
9015
4966
2169
17252
6392
19090
30644
12731
28395
6186
19633
26327
31351
23463
14372
12345
25064
38410
34530
19269
34472
29562
35943
37639
4083
28566
15854
16239
21716
10214
3482
16710
32090
16862
37460
31023
28751
15895
33662
33665
13059
26240
10558
438
20590
36063
25450
11249
15769
16267
22991
14323
5862
21474
1379
10204
8068
16081
9115
726
21647
1643
20402
17048
27479
36029
5359
17876
2250
26012
3089
38752
27923
26930
37432
12176
29720
1230
7491
836
31078
24974
8798
35374
27212
34165
29865
11677
33263
27898
12148
7737
854
38701
11732
33566
33198
8484
23903
10231
25500
22689
26714
34861
32256
15264
8035
13292
1600
21708
33278
26441
8880
12730
20314
13095
25112
45
4845
20918
23528
10903
10564
20126
16771
23418
29860
10508
11710
18648
25095
18226
33072
6089
35467
17028
26282
36659
36118
27380
18339
34056
416
10278
9309
29231
6031
27435
11542
35517
27959
15130
9760
29456
11481
19439
28064
11805
22180
23858
7038
16044
6041
34568
31380
26995
32037
15675
22950
18568
26570
11864
39045
10132
20664
9958
36043
21253
20588
14033
15180
27647
3298
13506
29718
32084
12254
37196
17293
36454
20074
22902
14876
35471
1823
34770
10536
11085
2884
37364
33009
19943
12616
33819
7207
7564
34718
33409
17840
5734
33594
10372
35877
36477
21076
9607
5582
31668
20350
20053
32638
19630
13084
33293
21895
13833
7921
26111
22859
36738
24655
8905
18979
1865
15355
7314
36165
2365
1467
13489
4080
30369
35971
20406
9276
11726
14971
1534
27705
30356
4890
24696
3657
25485
38802
16735
13974
29209
23774
18740
38884
38456
12905
33768
2404
16471
11852
23777
28102
21579
30211
16709
38903
7465
3510
27586
2137
24141
19222
15334
10996
26402
22487
16036
12700
5039
24083
4282
21785
14478
2998
29052
5646
37039
7356
7693
7581
35068
26802
19138
35288
6230
36068
949
16714
17271
29805
6211
20443
28909
27659
23260
1083
17649
5248
32296
36127
16887
28857
11848
12871
24570
39036
34908
1238
21681
24780
38233
26861
25311
31072
28111
16448
10728
9375
2056
4033
36939
25173
22866
18865
34641
30072
33105
34122
38129
9512
21518
10924
18247
25074
33870
34566
5630
15258
412
36075
23878
26512
16573
8921
26873
24479
15120
18476
17850
995
11833
20956
9179
27289
11653
34104
27735
10199
26774
13199
26845
34806
36440
38229
3788
9392
35718
21553
14830
14741
10874
1754
21997
20056
6322
33792
17668
7990
821
19878
20895
36760
20438
3496
30345
18661
29856
22625
15107
3726
2049
26927
26743
9796
5470
27458
38316
14269
38567
10910
2847
644
15069
8825
8106
26096
12570
5820
20791
21395
17816
26757
36310
19033
6572
13282
24621
31837
17257
8395
1175
32482
20980
14480
1266
16384
29337
33297
11368
5421
21385
4488
6994
1544
35556
18260
15672
6178
11729
33925
38160
1195
38973
27430
14284
11098
6048
31873
8995
15638
31528
9418
2151
12304
16087
14073
569
36594
19139
30181
35908
37473
28320
36541
34299
29326
19544
35111
10904
5266
4205
19025
13178
33112
32110
14775
33920
28002
7319
32754
12367
25483
11203
30523
17010
6709
12854
35488
23382
10648
15212
23576
17029
11011
23047
31998
19161
31597
20653
18118
1436
704
24916
16011
17135
6607
9568
33
16785
31765
30587
3768
31791
14878
33255
21605
12154
19996
18205
28333
31296
28156
7535
20531
5995
18844
3577
8859
28120
26471
36876
1488
20075
6645
17932
38318
21849
6290
3461
23936
22355
26660
34826
5044
31314
36823
26375
33208
13496
32218
2189
12010
26340
26887
28811
22215
25348
29045
12761
34766
36860
18065
36625
21518
6750
17346
17005
2785
4274
35211
35425
20654
8763
5827
8048
28600
24516
11952
6811
24125
12318
37682
31160
22055
244
22066
231
312
7611
12493
4214
24750
8807
26081
25198
4349
31242
35287
38945
16293
5164
31855
15836
32928
28004
27830
24975
10954
8050
16452
29454
6288
7769
31366
14971
11680
30822
13906
37129
29118
3495
10358
18128
17481
5889
21054
4534
9645
8018
29562
20067
10507
12875
13838
10238
23149
22700
6507
3051
11258
2648
12611
31175
32142
9691
29316
13459
30942
30148
11777
20564
228
14787
18126
3606
36036
12510
14344
16383
15400
15352
6342
10251
3909
14246
31868
24903
29660
32938
27367
22484
12683
33818
16800
14869
26350
32049
24551
23962
6901
33848
15301
17720
2947
28396
23102
17478
7178
13626
33284
30502
17758
3109
27217
20941
19773
32948
37000
19177
38075
1550
10954
744
3850
12406
18448
29775
6697
7582
924
18638
35097
22679
4156
5261
8622
10786
8658
31751
36456
15251
32982
24469
23906
36826
7933
11882
14989
13449
26380
30248
11647
33380
12549
15446
19188
20267
24296
13444
15188
33000
17103
1068
36020
6332
1575
32952
30544
22369
6326
19536
19827
11195
11109
19864
19768
26871
13348
6517
11908
36912
28566
10964
35375
9646
21571
31887
22237
24633
24529
14255
20920
23288
36822
9900
25912
12785
11918
20999
5543
26829
6145
31963
26458
23844
21338
18785
25796
36532
1953
12610
8813
7007
37628
26323
22332
17019
38476
12177
36519
35818
9393
8510
26272
30349
17492
9836
12488
7122
29238
35755
4053
29230
28587
10900
9230
1774
35229
11771
187
14503
11971
34857
12772
5060
15599
8948
20916
22962
14187
9571
26920
15131
38087
26816
6308
26358
8454
4880
15595
6090
2635
23167
15438
29817
12608
17112
18164
29854
33362
16062
26354
24385
30856
21525
26956
18757
8375
26267
2818
29540
31949
17144
32559
17214
37891
30110
25853
13336
22393
25273
19778
6061
25453
10434
32475
19989
36496
26874
23977
18869
11053
707
23110
26470
11912
38456
19916
33986
21595
25845
10587
8710
15949
4987
12030
26467
448
10951
6674
18906
26851
34093
13076
22424
13687
37502
18157
11782
4155
14521
17055
10248
21023
23984
7951
18323
18409
33714
30137
16611
12977
36308
38178
12132
15543
9419
30192
6438
12979
33832
4862
16712
8634
35053
20717
12904
23519
37574
29987
23965
28955
32654
3565
23661
11493
9239
38990
22519
23921
3943
253
8494
12810
1828
30416
11560
22124
37443
27502
33846
12552
1468
17565
35656
18683
27620
27915
2224
30690
15153
2366
7242
15515
34962
8032
17651
9148
11674
25253
28949
30469
26154
9121
13979
26487
25450
38189
13436
4952
3610
26016
9201
3430
26129
28205
17337
5127
35800
12317
5470
17662
25763
11715
1485
6094
23401
3522
29971
18727
8148
27574
31201
5992
32709
38267
35817
37159
18283
19976
12967
11912
8739
22228
22186
10490
4643
7253
18994
7818
19409
9541
36461
25736
31114
22473
37497
22409
11210
36186
22545
35730
29630
6097
12361
25981
17185
624
21573
38613
26716
35403
24165
39012
18546
37973
5213
2205
13599
12419
24751
37541
31818
10196
6391
38206
9065
35992
36730
10575
31624
34789
16570
19936
16188
16337
2689
33880
35627
27585
17712
27658
12076
14634
28960
18642
33060
34524
1889
21692
28299
4981
8724
32987
9784
12457
37967
18541
37439
20462
7534
22484
19642
22008
18106
7589
4973
25943
36911
6418
36012
18747
8276
3552
6292
1264
29404
20164
15260
29497
15300
19259
20778
4605
9348
32779
2447
16592
32137
24301
38943
27354
11074
30618
5664
31992
25154
26378
20924
23548
2321
7355
33803
9495
20544
32007
2186
24336
34543
33786
17766
22058
21825
26189
14852
21699
26755
1237
7265
6469
35803
5751
27430
33579
25852
6070
27211
2973
19952
36357
37506
11243
3472
20924
36630
20932
1851
8785
7976
33198
3328
26485
28008
24269
14311
3568
38546
25391
17599
24894
9895
22118
19306
173
10240
26034
12661
11540
9923
15950
1895
33834
21982
34517
11641
18654
25745
34195
2186
23874
31271
10852
30974
31629
31799
10710
1709
25841
23427
7960
12873
32256
31394
20559
31997
4851
2719
25306
15184
16999
26288
22885
13564
5507
32840
31783
14474
32526
4675
11472
21389
22989
3530
27626
14313
28216
2782
26628
36334
38798
38426
13406
33036
2255
30504
32066
26790
10031
38498
22395
1174
9795
27100
36281
12097
22956
24554
1750
613
14076
4696
32625
27228
24256
3582
29319
22576
13360
18645
7514
17352
2780
25684
20783
31703
27755
17186
35021
23543
4223
3108
13137
7161
16867
11289
5709
9941
2380
19010
37411
23446
31268
22074
4723
29932
26854
3658
38906
2138
15150
36818
30136
34842
16930
1558
19683
30634
20028
34112
33122
12381
1988
5413
653
14915
36768
16348
14304
18402
3155
37970
23996
2431
20107
35094
28078
6963
21639
18923
32990
11576
28044
14776
25200
23173
5346
32095
26782
20738
22866
18625
10440
14581
35357
4383
34129
8675
1146
7215
9616
33309
35803
36619
16629
24210
34298
33104
17029
5435
1754
30582
25376
29503
16958
23939
19243
1797
32006
35983
24290
31793
16657
22424
15647
6169
33973
34959
25503
32653
23615
5334
15937
18416
28602
27569
17463
5237
18513
20373
21869
3567
1621
38716
26644
25964
16281
6930
28730
7079
120
11101
21916
22111
38847
26052
13700
7099
23592
21511
10500
29012
13153
11704
36642
14341
34403
8458
8092
21273
6455
33769
38055
444
14953
36145
1395
7479
20022
8573
23169
34215
24869
37188
7156
14162
11268
22999
998
26432
12209
24682
12746
6374
36516
2588
8438
38373
9624
16464
28544
8486
18652
2490
21351
4762
15955
21235
27233
21334
7307
9779
23865
22978
20534
20678
22535
23263
3990
36641
17013
38478
25714
17808
21929
27685
14711
27877
16670
15515
18999
8987
11628
8058
26348
15103
24984
10395
24597
38506
6009
23845
7430
9771
13512
31169
35812
20200
36058
14231
8507
38166
24489
30481
28909
14604
16118
31950
28469
18892
23319
1462
20997
32624
7484
20563
29390
29595
12398
25751
36436
9056
5254
18215
10302
27140
16529
13582
6207
1329
31514
25347
18212
8560
6713
3319
1362
4638
1629
12537
15334
12133
23704
33223
21008
34847
8233
9655
19897
18569
9304
11446
35295
33414
16846
30913
8360
22477
29846
38719
7563
18165
5675
8056
24225
11178
22495
17821
3971
38938
2351
9557
2115
9576
27678
5758
9462
23535
37112
8022
16642
20696
20663
4339
4582
17628
27579
26299
15485
12624
12063
1361
22051
4388
38665
35243
23320
9096
22786
10796
14818
28041
4646
8175
1616
11271
22566
29940
19047
1397
11022
28762
28751
370
25747
13674
20200
37751
32192
12801
29878
4390
3058
18005
38827
14887
24709
34591
6421
27420
12045
1763
18032
1229
14785
30922
37020
33100
23739
27393
13798
32457
16799
19220
34753
38426
11443
27786
11420
11402
2609
29153
27037
12657
26083
27271
23413
33814
6481
31626
2260
31073
26393
8869
6697
11026
32167
29161
26886
26504
34575
27841
11323
12342
10941
6122
18413
12671
11612
18637
16990
27761
21394
30672
983
32178
35152
20437
28723
16667
22420
34423
14023
18260
13860
36563
26087
36744
29561
28582
32097
4942
21078
29399
36494
23686
18115
7293
26551
39011
1458
31392
26158
34464
30420
8626
3822
14767
36517
3605
10253
32036
24429
15557
7161
29441
27558
33065
28769
7252
5721
37104
27011
9285
4994
3206
7123
27728
10015
5642
7420
25797
29873
17689
35366
15588
31601
30885
11414
34738
28401
38702
6368
10249
27693
20252
12988
9191
37015
919
28863
20606
29341
15986
31129
4766
12514
3785
15463
30265
35350
32350
36898
3869
14027
31204
7657
13211
29238
2419
36756
14207
37881
19096
24909
32952
37507
36049
38332
19815
36947
26167
9203
15383
30921
17542
29937
4270
176
24930
30096
13809
27134
10260
13378
27027
22293
3660
30691
16239
13691
4281
8327
11534
9780
9629
35583
31130
29358
19108
29106
36575
16029
31056
22678
9577
28359
27356
31588
20444
38324
23872
22221
29981
13969
9788
32526
17640
13187
5423
38759
4570
29867
10608
16059
3691
38321
2074
615
29391
2121
1176
10282
32335
27156
6773
17981
11924
38076
21654
28015
6454
23575
31413
24722
26531
21517
35466
1750
23067
29423
13685
28273
4990
4935
24742
20980
14177
36981
9373
17385
25316
37552
8992
17148
19121
8190
2991
22075
32116
11973
13239
14494
25299
27568
27486
31685
16472
13618
3315
24535
34449
32352
32869
23966
33809
11461
25301
33769
24874
31422
24604
1720
10296
11655
33063
28972
29919
24952
2984
28745
5485
34045
31289
2436
14513
32745
23599
8926
38007
17158
31584
8655
34376
26857
13384
31111
10270
21779
12649
21927
33891
8761
31483
8636
1630
7016
11803
1693
20961
38949
1832
30737
22688
16886
17630
18161
17088
22869
7938
29037
926
14038
29737
5561
2254
36659
1856
32595
5991
4917
32553
31787
10930
32301
14909
14902
23015
26850
1876
3758
35060
35769
22887
29180
21021
12079
10756
34866
8617
13274
13238
38793
24433
15733
14035
23026
9831
18299
12194
21999
33991
2577
1887
18222
23555
24116
23329
32373
9837
37361
12980
27956
37200
9846
28923
9188
18172
7831
8536
16699
1780
1477
24201
21558
19167
11423
22001
6554
27070
32941
218
10315
131
5659
29359
15681
9056
15750
21592
566
7569
28051
34961
22442
24071
4496
34975
23826
34141
28706
38251
33060
31466
24933
22533
14328
23522
3332
16759
38534
28288
3917
10652
19075
34126
24112
2584
32756
17944
35272
38382
4431
38433
34347
37093
36795
12020
28341
13401
29585
11584
14271
9524
461
28422
23420
32637
26808
33423
25026
35922
2554
29515
13389
9613
22616
34684
12942
27554
18710
17239
23510
914
36863
3369
1827
26508
22766
30979
18624
19541
6273
19139
6196
1391
20784
15054
12607
30458
34423
13731
3129
28894
9953
9008
21449
7955
4897
25777
2804
36730
5065
16002
12903
32108
17266
1800
35057
25282
18366
36398
37976
25250
16267
17245
29455
16076
34091
21826
12365
38879
12205
8870
19435
38712
20772
12921
10940
26837
20176
1947
26183
8730
27545
18957
16901
4129
7672
32090
38032
22095
34051
8480
22735
29753
21940
27523
25666
81
5294
29759
9028
25422
26953
32026
3356
18021
34456
19489
4829
23696
31976
15887
31738
18917
7085
10083
31983
26060
5859
25158
10582
26321
25243
2444
13523
32704
28243
38035
23862
13044
17737
23076
17888
24533
36813
18776
21323
14081
21477
8895
36403
20976
29910
6100
28887
10782
11947
31590
1363
38061
15589
16795
10077
37176
2639
30486
26566
1806
34268
32492
22042
32905
31417
20408
9637
11384
35232
31527
18510
11290
10544
6607
10821
26451
25378
19444
31448
3667
15446
33558
18764
25373
35755
32765
25549
18563
18073
30736
12971
3707
34332
13172
32270
24057
13804
10336
5888
1238
28815
10396
11127
21583
7878
27457
5948
33762
8472
8597
13476
28910
3682
20957
6883
37080
31982
17163
15353
12953
14312
38147
7899
1363
12543
3221
32408
36370
16724
25347
2632
37428
20379
29386
21984
13218
15519
10739
25403
37105
16356
11856
36555
21175
28345
20198
2939
37174
12808
19418
14445
32668
7429
20844
37865
26986
22265
20930
19611
15431
28278
12610
34007
32401
8066
19558
2950
265
16181
7286
7504
8529
8615
7159
28291
20374
24327
38849
26640
6833
31777
12869
738
16738
571
7546
23473
14275
3277
5239
21938
19856
1846
28225
19182
30936
16094
2545
37093
4609
30880
33411
30398
32901
26806
37334
32661
27748
15941
5403
20592
17109
39013
10173
24538
28466
33169
5813
26191
37304
37638
58
26967
29130
38155
32485
38053
7440
7361
32335
29045
35671
12303
25372
36983
35814
20470
7420
4909
33429
4616
26335
35053
23269
37946
31199
33266
17465
3471
33540
24079
35177
32711
5
21804
1936
34317
37031
13029
19481
29920
25426
36733
23884
460
15859
8441
19374
22817
34568
27811
25401
14352
2526
15186
21149
31499
23517
3691
30741
4364
26156
3801
16039
16599
8477
4568
31541
23727
4035
37199
6853
15789
33126
1764
560
30454
34837
13076
5765
15648
34848
12790
30008
9787
17710
1788
35168
37506
911
4547
19173
9744
35390
21761
18360
18490
8099
11181
16597
32170
16851
23986
11883
29988
2335
34033
10050
34322
38604
12252
4360
33422
11056
20573
21140
38459
27696
2178
764
28198
3496
392
35899
3931
638
19300
31184
16706
24803
36726
37933
8533
36590
33916
19419
6482
31793
19329
30913
12336
7575
2907
37130
34486
8171
28880
9270
32738
9855
31961
32972
1882
36468
15118
26695
14597
15799
1078
10956
8037
15996
31300
3599
30213
11418
16066
21079
29340
4376
24545
27618
8644
12850
2903
16099
5600
27305
18586
35777
14802
22152
24017
29818
28345
28786
18869
26387
27470
31106
22199
12260
29587
38335
2043
35062
21324
21765
65
36206
7407
3162
34545
34107
1319
21063
16720
32839
10702
36055
34879
18250
19787
8180
23722
22591
32485
22070
27380
11741
13724
25551
14955
18811
10283
26469
3907
10020
21348
32779
31236
26162
37715
38694
7655
29981
20717
27513
24111
25982
840
3512
25826
38329
37599
37879
8345
34290
18395
37367
15121
37512
5448
13196
15578
15558
3792
12252
20083
31920
2442
15991
21630
27175
22715
14103
12387
24121
23763
36485
28032
25869
29211
36674
22382
10148
8190
20135
9827
5036
9491
38272
21589
29637
37120
2120
24784
31232
14835
31930
32282
38039
21903
35159
29082
39069
34458
28833
35505
32365
16909
37125
28910
1390
38753
10445
7618
6091
4366
201
20998
14354
20557
37358
30249
12362
34324
5218
33515
39029
3629
38640
14198
25179
19436
27861
26592
15086
22859
32692
16986
13717
4821
33307
37988
26903
17976
39064
29224
22599
4188
19860
24898
21748
27689
21406
25828
4809
38013
7048
5876
23816
29882
19994
17234
38998
15202
23128
29000
1931
2083
9203
5400
12599
10841
30372
13099
20852
8905
33015
16006
14442
4227
20723
25171
33689
14714
30898
36209
22290
30843
31042
28122
6936
5508
1055
34268
11759
20626
3350
1832
19153
29897
16598
30887
12779
4865
497
20324
6605
6668
21873
30439
35492
13663
30587
31615
17547
13831
11377
26012
9690
34374
16639
30992
9101
35741
38902
38009
9459
29705
13288
26470
22407
2411
21226
21925
35274
26909
14405
29726
31685
9703
26992
35376
32691
168
3939
15243
14819
4407
8449
19591
30316
13067
25786
21885
38081
36647
28287
13618
21587
12781
15748
32835
3868
18564
38230
24168
23827
19196
34087
17046
32729
28751
12518
27239
16543
27994
36682
37911
15957
5553
26962
7316
10171
25670
15218
37644
24246
21947
15947
20577
37212
27481
2335
12784
28560
21076
37876
13744
2428
8034
18084
37667
2510
23669
29838
16139
13758
16991
21976
37890
5252
15674
20412
17255
34987
35744
14043
26521
12452
4630
21981
6622
10534
8028
22964
36497
29655
16703
20165
18587
5434
34777
13262
38802
33176
2203
27511
5817
10372
20776
35090
27139
19710
11866
6083
35336
14569
34699
5422
11106
28834
26877
4266
21932
8335
17346
1754
12331
9097
31667
30576
26569
7844
5810
23734
25426
26222
28707
13852
1736
19994
36613
2540
24973
27318
20673
34291
38003
16094
38980
26225
23405
7844
33959
25336
29759
8100
517
1752
21700
35729
29767
25607
24192
6943
164
35728
16865
11721
10739
10187
36246
35219
23358
29547
1026
28666
27907
31562
6716
37426
6957
28786
15227
29467
22681
33570
4232
33536
28545
18547
8024
25045
21094
32123
30641
4502
38251
1760
36021
13923
20936
23883
33898
11332
35808
26945
35734
17599
28801
23180
24508
38574
7326
25819
4670
27244
30259
4600
31868
19606
15715
8290
32918
36374
35699
23715
1305
10216
37728
15397
3265
34934
15347
33293
21664
28859
1469
8506
13996
22949
30967
13127
20129
7134
37658
4638
37022
24184
32283
29344
21272
27880
11582
33221
11523
28001
19689
34667
8128
21727
24066
29446
21476
2554
37238
877
15459
31880
34328
32428
36078
34171
34706
18818
28427
38684
123
11397
31382
37610
4401
17301
4364
30553
7574
22954
16795
34466
24653
34898
5817
18195
7297
33842
23357
18545
32900
12241
33366
7524
15658
34682
24322
9404
16822
18731
22295
16949
12774
15242
22104
33693
24572
14049
35159
38971
11054
32621
8055
2931
14808
25430
5323
16366
38083
25226
33035
27440
772
31575
7846
26209
11233
20311
2600
1690
34579
31820
19145
35344
13028
32992
37045
21895
27714
28461
12941
15228
33456
34947
20833
26442
32775
18209
1461
10834
16718
23818
23633
15070
2162
3555
33372
4835
12685
3140
4122
15386
30390
7538
36984
13487
16112
31113
28309
26163
12047
17531
16195
13200
13146
62
39083
4561
2333
27675
33035
12263
3532
3385
21149
17831
25004
33732
6539
13796
38091
13794
35431
13839
6905
2795
21044
28558
3938
19627
5676
34415
17657
13094
25350
8369
343
26518
11692
29313
22089
19762
2716
13443
37345
18748
30375
14697
26509
14524
16913
34583
28272
36640
31397
35854
3734
8123
24570
37475
22906
25133
31715
24814
16998
34258
3644
35200
18009
1796
394
25347
33295
4898
17151
37437
23209
24489
6127
25075
16454
10846
6104
28044
21864
19733
19251
19530
3475
30292
19091
33481
25497
3353
4003
20339
36432
22562
13105
25831
33843
9867
2715
19154
5933
23177
7600
22589
33636
10801
28205
11479
36231
34533
13841
36005
20052
33681
1143
22151
15323
16624
5136
12203
21624
21619
33777
15564
26132
14163
7447
33145
37944
24899
33303
31878
33169
28412
27060
27913
39011
35314
4242
30392
833
10535
38323
230
7023
1829
1322
13223
21394
8058
5935
31865
30096
13098
35487
4096
34669
12253
6976
10100
16865
6704
10349
3096
17714
36138
13018
32603
19661
652
13811
14176
27921
32240
25516
27678
18977
11690
8385
8136
26913
36827
29818
15829
10778
25550
39006
12014
15804
25930
14038
28897
25890
36416
21509
14430
12187
25293
8070
2519
14878
25519
7028
13105
10609
18366
30006
37445
2989
30688
3478
27252
12824
11728
23298
1093
6687
29470
20773
22336
19421
9400
34567
263
30716
24977
4575
15853
23485
3661
23601
23579
24084
17943
8730
16095
7022
26947
8048
28841
34862
210
38784
2461
10980
411
11613
4825
17365
28857
34101
27607
6649
6702
12718
4602
29634
11580
35692
7035
1511
33363
3308
5828
14167
31303
16767
28755
34819
1044
1656
33452
16915
34389
18344
1870
5459
4449
13924
4591
37861
26891
36842
11014
39017
31952
21223
19974
35763
16197
5498
22626
19460
36151
9148
37990
35699
21421
36234
38577
28723
7011
858
17201
9300
27708
10902
29362
6946
23187
22426
32030
11679
20867
31381
4253
12135
28118
5889
907
9950
7895
30014
30358
8834
4398
36610
7894
12604
8248
23955
38234
38924
11475
33967
38763
33960
28126
38541
25796
34274
11283
34850
31011
27868
10721
3705
30200
13822
26368
25513
8657
38480
27740
1453
33981
6916
37246
22838
17096
11677
32869
29904
13841
32620
22524
38917
12383
18482
25911
10112
31257
34680
33259
4660
36932
13774
7598
8952
10508
9613
31104
18503
11193
27846
5229
30940
5224
39053
28456
17556
22618
8644
5632
3824
24546
31677
4297
20372
441
7221
17471
36794
5597
10632
21727
25838
37678
38703
29502
8071
9862
10947
9052
28703
35932
35585
35243
34072
10333
5279
36743
8396
28687
24576
21050
35783
17821
6316
19795
26926
4496
1790
80
17021
22665
38908
36903
23101
7733
38603
36089
23302
9320
6345
34507
7903
8960
17256
2427
29608
22507
18441
19048
11739
20623
4872
10333
25176
34289
30927
33596
25621
20078
28873
5663
24566
26908
21436
35369
20665
18138
36927
13170
7381
8177
8285
38749
7397
16922
9148
16422
38975
25422
38382
22712
4913
27130
5417
17440
26078
26852
25176
27621
10988
14046
21672
28083
20619
21857
32676
1142
499
18648
16540
6709
35976
7138
29849
13088
29195
7256
26304
24690
33882
12279
22194
11049
33670
3191
4935
9461
37482
13481
19099
7123
23503
1313
3352
2013
32799
17299
10280
3654
9612
1305
15374
17757
38509
27628
10676
26340
17663
29915
2370
3785
34523
37796
23527
32393
16136
24449
39081
84
32377
21581
34221
38938
18132
24796
35547
20643
3117
14297
22908
9152
12372
34901
37318
31286
33693
23506
21514
18529
15611
15377
31427
33408
3046
1480
6547
26831
17217
23752
2521
342
10788
26141
20133
18894
15115
15494
11283
34618
165
20199
27086
7112
24417
11521
1041
38814
35693
550
18099
38114
16885
24223
24053
22444
38376
20140
37538
2949
24603
27101
8251
14851
4402
13673
34305
32099
1472
22987
29169
7838
23607
2306
33454
2025
533
33131
6029
7993
9986
38529
27161
35055
22438
28048
32152
12478
13869
35066
2363
52
1969
31826
15474
9588
6615
7766
12767
21305
5086
33215
1087
20223
26801
24059
18371
14145
21674
24698
28724
36182
19203
3857
21126
38318
17710
20538
13784
31054
7034
2576
24147
21587
10656
12107
37168
24219
16066
18293
7861
10777
33856
23369
2424
2522
38934
18713
33292
6346
5896
4073
28270
29917
11461
36520
7070
32224
34843
28769
19799
35479
28870
9996
27815
16378
22279
16192
30940
3720
37868
36472
11436
36888
38082
4414
24663
24894
206
29366
26813
18376
36773
22165
34399
5527
24568
31053
9503
26941
7716
4054
24447
9068
5114
27878
10727
6244
1415
23416
17845
33506
19058
16667
19471
4117
16317
30811
31907
7358
29473
29949
10734
39092
13415
4657
12550
1432
21104
10205
27347
4082
602
15726
14570
30766
32297
11889
31668
26521
14822
9933
1597
34558
18224
4853
34420
16892
19123
36756
16108
16457
29118
19627
26771
1887
4725
7666
22838
18578
12049
16427
13336
14530
15493
16341
17952
82
14880
14194
812
36457
19581
27927
20972
20201
36726
5616
23641
18521
26770
30277
20099
29991
16945
4826
35915
24012
25666
19136
26078
35002
5988
36375
7725
24340
37834
3813
12063
4713
27318
15269
17592
20356
14871
39102
27918
8566
11346
11996
30097
36335
32759
16968
9122
10975
16578
14301
10828
14582
9920
37990
27676
33483
34210
10968
17957
31270
29296
33828
3527
12515
30935
35104
32435
18100
5084
30416
29802
33731
893
27762
526
17478
14199
9800
9311
24098
36052
29822
32035
9285
1801
30671
24677
8309
38177
19954
11396
22400
3035
16301
7757
16793
24958
37125
19119
37173
284
27324
17836
34570
10073
4214
24611
30660
1050
28601
12341
25622
20259
31719
18149
32048
21821
22333
10323
20617
29196
24474
31807
31065
28210
6557
34119
14236
27827
8200
3012
37532
31496
14635
25783
7220
28704
34909
6415
28128
25461
28307
6091
11693
24028
37985
8724
23980
573
18461
35636
30780
28588
6824
2665
24188
10841
22223
27878
24714
14331
1515
10299
23916
22080
23460
35219
11064
6455
29772
5948
5538
22880
21698
30306
37614
38369
5750
353
14409
27317
18571
28183
16661
25344
26495
11571
3805
14660
21791
23563
21308
483
15745
14810
12856
25153
11766
36322
9473
24395
33340
6402
7706
20460
32024
25718
27563
16164
2790
36582
19209
24621
9761
28118
12120
3504
18576
11622
7569
17026
3845
12492
22863
29975
21478
18746
11710
15421
35227
26052
299
34497
38587
13639
25890
25985
9078
35642
31301
31388
35897
38083
17679
7520
5343
21043
23197
22804
3323
7867
14060
1958
31295
12724
12734
33245
37115
35337
3069
15317
27360
28798
13233
6229
33574
14410
14889
26200
22761
27885
9495
3191
6150
38370
12356
25013
18965
12571
11319
8107
28232
2611
18803
22491
30271
12180
9194
10526
11178
8502
24591
9123
1148
28943
37907
9163
654
32123
38314
14205
34525
25972
21333
19460
37085
21397
35769
30053
13248
6415
30499
38658
2573
26622
18894
1046
35092
35470
28292
24025
14451
28934
38031
23476
17126
32446
33736
5400
8936
13290
12537
8675
31462
33200
8030
26846
26937
19255
33174
16623
15541
30338
5693
12353
33349
1585
33355
32651
9758
6905
33779
26576
3198
8011
26059
28676
29546
21712
18616
23557
22886
26768
1911
30532
19459
33794
26685
12836
71
11441
17757
37227
33021
15389
25872
27257
33509
2987
12645
27713
9714
19943
37444
2576
28258
19636
2256
21706
13625
6376
15656
31987
18744
5567
21404
38245
38500
19125
32875
23552
22912
16056
10972
29619
31212
3736
1434
29334
11236
10952
17913
28009
27880
984
26347
14392
32172
11460
38692
38755
23627
28320
1733
5799
12786
7667
33001
30244
36278
11822
20968
17977
1249
14179
17152
24351
29817
37024
16620
12872
15370
9990
28152
26814
6752
18506
993
2557
17177
5110
29958
15257
30029
23167
28060
35655
7239
15755
6724
3201
16113
23130
18450
15419
25246
2962
29394
9735
23353
34331
17903
32986
9882
14892
27978
34475
13014
1260
33056
7071
35157
38528
13217
6450
4628
35006
36014
29020
33922
22934
28883
28192
21855
12494
24465
14809
9780
7338
22930
16631
32548
9441
18378
25851
33769
12091
15547
36949
8288
6214
32327
31018
10619
30240
18111
14185
11513
17645
35001
20111
32015
104
4486
8965
11332
31012
13082
33028
35735
37465
30403
18013
25187
8889
33742
20371
36405
2969
9878
17268
27859
30334
7798
11415
5788
37995
17687
22322
24406
37282
10409
34411
2434
31485
26225
9598
24106
6162
14116
5343
17025
21544
24907
5335
15006
24893
17877
23827
10545
7991
34563
13633
3908
7206
9769
15270
7105
16578
12825
29286
541
12367
23302
25488
38629
29007
18708
26702
32893
22306
32510
35344
21990
18846
18020
23729
1594
33988
7875
13450
27928
38721
29948
7570
7417
34895
7189
869
34447
11995
22419
6739
12072
13271
17189
37868
36132
33818
30969
5658
38291
15859
11594
16605
38030
35068
33781
14028
16322
30720
8670
11409
8988
27624
34388
3471
17480
25630
33398
9238
13607
8979
16188
3480
39099
12433
19871
12596
18387
24182
24144
24204
27664
5706
14137
33115
21267
22911
21386
23259
15225
32811
20656
14203
21782
37501
243
20531
35164
4277
34268
4181
34905
26610
2415
25110
12376
36932
34449
16654
29601
23826
38163
23193
27987
31354
34521
27583
19660
35238
14852
27468
408
35502
27310
2701
26947
36133
27133
20428
28004
4282
13135
13403
20224
16193
2398
34832
17698
1603
37970
12621
13576
26054
13337
15356
21173
22580
23683
7678
29704
2552
12973
28597
29639
31811
34165
27415
24304
14398
7972
32995
14389
36707
9659
38323
978
3885
8378
16009
12712
25004
30643
12993
39070
7551
10134
5565
38730
11681
38049
32184
10354
1004
23292
31322
25576
27431
15587
35679
26469
25290
13559
13506
18993
31768
20164
25044
28408
15249
6477
5538
30714
27584
39103
37187
32304
34148
23864
34629
12578
29912
37265
33929
3962
35308
17995
23483
9969
4599
21181
29864
19555
38149
14986
24663
28284
15600
12613
17704
15768
37479
17771
21278
19406
2804
2049
29681
6392
8658
5151
27870
8945
8198
33171
19238
38407
32162
10190
18372
3884
19267
15859
16988
35254
583
27715
20254
5077
4865
30269
137
32621
32125
20623
30822
35971
39044
32540
38417
23908
8070
17793
23526
26298
22479
416
12224
35458
24362
10613
11095
30718
35258
37282
14563
27322
32531
681
24567
19944
37459
14153
15734
35044
4092
4421
12122
7889
23540
28947
34097
10197
20964
7048
30546
31514
27637
4512
29615
28356
13056
5394
2716
16569
29331
29441
36468
19236
394
10842
2738
3282
36983
35957
2036
1736
10737
21817
7233
22257
25997
3859
19876
22686
12340
32429
25885
26466
32008
2149
28229
8341
19833
37904
5282
25066
13037
33233
30172
17360
20246
37368
6980
12020
11891
1742
35570
32808
12914
6489
8787
26027
31231
15441
33495
32289
38103
11858
30950
19137
5794
3643
792
22770
38736
33875
12831
26174
1814
38968
23466
16645
3572
26069
27704
17815
15490
17373
34585
6769
18038
18551
176
18915
38279
27988
4327
32430
16652
15894
20474
18785
27547
38653
32118
37849
14990
19043
13454
28374
20717
17832
4996
22112
20804
37153
1364
27813
990
16091
29771
33708
38672
22154
21411
10319
15710
12551
2189
402
29821
25796
35605
6081
18843
29879
11071
26475
31684
11350
38572
22106
36444
25274
17980
35857
9605
1116
7572
19954
15110
34364
29280
18487
10059
14789
36198
34657
20214
12449
23740
27352
1470
37994
13790
19477
28731
8395
17456
38696
11598
23852
33180
17386
11585
34096
28711
28066
13116
35908
36746
27130
31531
10485
11084
3609
2384
8792
2022
11073
24275
4409
30964
22254
32201
28570
37609
33547
33754
8515
33599
16069
13381
29149
38702
28248
37869
23012
29975
25651
8231
32552
28953
16856
5095
38086
20454
36116
9350
10938
22275
11125
30808
4206
16648
23464
33762
15247
34014
11640
9149
781
8886
29695
33701
26080
37860
9308
29958
5192
9395
34063
30260
2719
31840
7079
34638
10798
22904
33203
36316
19333
22190
13443
23369
21717
10889
7997
23883
17686
29267
31506
11268
30190
22720
28483
6813
24215
36585
23071
27973
9036
32655
10261
8932
25731
1883
20508
15320
36724
11417
12154
339
5161
12299
2233
18611
9346
31873
37608
38746
25988
12095
4692
25776
119
35694
6492
5644
30797
35891
17811
579
34464
33469
24650
33900
33906
22353
32335
28400
25578
24038
6082
34392
8439
12933
19917
18684
37858
5000
35078
34040
20104
34978
14358
13835
27997
14110
23314
38519
5337
31020
22889
19363
20295
22863
4806
23208
33716
508
27497
36420
20756
35625
27972
33983
1443
5472
29569
34372
33127
12972
16675
26723
19383
29516
12365
13484
7913
6358
32576
2008
5399
6835
20189
8780
3755
6733
28889
7550
33629
3205
32095
8381
23624
38983
37280
16910
35100
33992
28213
6873
3255
5957
1237
4826
26278
9821
14211
10954
14338
6635
6290
13103
26969
29920
7025
6223
17008
6827
34417
2121
8890
24399
35585
29780
19399
34181
12829
16218
24091
11270
25397
11932
26885
13319
19567
16430
16188
18624
21792
28463
26503
20779
36461
27591
26495
27691
18152
17104
35964
12358
1422
37357
38468
2990
13278
17544
25448
31631
22411
15585
6242
13597
21593
36950
20545
31172
12374
8968
14195
8191
35432
23949
3498
17734
27036
25230
24263
21748
7593
12416
36686
17004
17844
27196
6699
15146
32848
156
4179
29632
23326
35633
2191
33062
7890
10291
24161
19512
15456
19372
29352
183
1930
16818
35125
30970
25660
2760
36110
3987
33113
5959
21015
29077
16954
23014
15337
8068
7673
38619
28016
1401
28320
19110
37121
5665
5445
11658
29084
28399
16645
10100
24594
9780
2783
8099
24717
15055
27273
429
8005
24747
9789
16341
26597
22896
19793
28409
24703
35057
19234
24865
12823
26370
37884
36344
17893
6529
21952
1399
20681
26022
8652
7947
23742
12084
22980
32121
28955
5245
37897
24558
16591
29247
12487
9002
14220
29117
24462
24383
738
21654
36200
8504
3594
31848
35541
12876
26261
27451
2853
8027
33053
27292
22694
30285
21830
21829
4528
807
26785
11093
25776
10341
5850
7870
32496
23625
12051
27052
21077
1154
37893
11762
18872
2131
24304
26057
19043
1158
11596
9871
29608
1330
3751
15395
32700
22113
10034
3337
3862
35977
11500
28372
4391
38631
15953
36849
2180
9154
28745
21651
10152
7414
11590
26177
5386
5732
8159
28934
4226
30301
34403
14155
10060
12010
11857
17948
12431
27495
18103
7615
32723
6752
29247
27341
3000
36748
29020
18440
642
32135
27423
30147
19533
18857
32583
30291
14563
11956
9444
521
13852
12217
1623
32273
12689
16630
39079
25318
34916
30663
16702
1726
30021
30736
2615
27096
4946
1573
38271
12665
28025
38322
5531
22209
29043
37010
20919
8272
17343
18831
10095
24303
22435
30981
17241
23337
11706
26672
19903
15100
22411
24578
37704
13323
19620
27269
24129
35895
37342
7498
26144
1188
23314
434
1276
1319
5545
15747
31074
37084
7837
8478
11086
24482
2904
3085
29194
22058
24032
27235
3883
14023
25058
5673
23397
28855
34685
25995
34197
6621
7707
34199
24073
35516
30340
4462
26499
25215
11244
33745
16054
20590
28367
27034
29252
37300
38652
19424
1683
12582
36416
12808
19397
24915
16900
10377
33885
11567
32135
7012
5528
21051
11396
3506
9742
37413
14799
21760
36329
21690
27243
32383
7925
18580
12266
3542
305
17772
27315
23122
17457
28216
36704
13015
6826
31923
35711
29122
9176
34088
16986
19332
1578
29439
37486
25188
33640
5622
8998
19311
24663
7496
31585
20001
35538
25345
18721
25048
18982
6080
31309
5036
3527
30986
11653
20934
77
33719
37420
34761
28277
21372
10412
36111
25674
25407
24824
16931
19124
1466
22689
5142
9137
38633
30378
15952
34808
14472
2885
18275
16832
12427
31273
20593
13266
27487
17486
36314
23370
26990
35831
31629
1634
11070
31467
30942
27417
31577
15207
34628
6648
12385
33678
33574
26487
15260
25633
7655
15183
20608
12859
22085
3102
36424
37526
38077
26053
24016
20379
25511
17473
18747
6807
30537
29413
34577
3132
10746
11208
3121
30071
23267
6607
20510
29927
3296
35624
24483
37808
12829
33571
26739
11464
3321
38261
14641
13317
15531
24672
23581
1071
7082
34654
25701
16067
19569
4780
34043
1385
28143
23090
24038
11796
25077
16106
25672
28459
20729
17219
3965
10780
36310
224
25086
25234
8130
2480
24832
9558
29358
34596
2917
1504
10742
38401
33158
30541
123
21153
5413
21459
735
34466
34300
14963
5454
21555
18460
6104
3224
31285
6675
2540
5333
29619
13217
10020
34901
5349
6318
24843
29287
38394
26642
9017
37451
3921
34735
20235
37751
26349
4750
29793
1945
25882
32857
11800
14192
15421
28432
37602
14370
19397
24851
31017
12033
24563
32630
27619
15604
8286
34591
17911
3649
3076
33887
30396
4572
12260
16365
14505
35849
27389
16521
29904
28631
11216
25723
11075
8291
35449
35007
7844
29658
13252
15405
29355
17707
832
34011
5345
8778
29018
35372
11939
14566
12991
19092
34892
8872
14311
6162
30024
27827
36813
27509
3780
27080
4354
2900
27599
26336
35856
35114
9728
35432
33521
30672
11415
26033
7665
20337
30769
26130
14561
33727
23561
29750
29188
35738
21599
34730
9908
30267
38021
26314
15469
4747
14340
2299
13623
21333
3872
4252
18076
34194
23037
29325
13348
28721
24175
10756
24418
19194
26959
6748
21230
8729
31394
13023
37644
36620
22404
1844
27404
10848
22383
22274
12585
24609
36470
30227
36604
15626
586
29230
10296
24862
7570
36122
19322
5026
9117
11744
36313
31907
4926
32918
14458
37664
24530
31517
33709
30760
19348
10506
33510
22969
28860
16069
22953
23493
18415
17947
36205
29000
31190
12200
1688
32846
17714
15862
4868
36149
2513
33871
9823
27455
23949
38290
20050
6562
2650
14839
27328
254
14612
38943
10096
22900
4217
4418
16830
20294
38848
6352
34576
17341
38263
22092
21355
18110
29597
7733
15715
2744
35707
36363
24179
7871
11775
9857
22403
37751
9180
21546
30472
17325
24005
27466
18713
38916
24644
11079
30831
1784
28626
14771
7447
19549
12970
35824
13532
39121
15220
6782
25400
30560
27304
37824
5875
19637
32373
34700
6777
16585
22680
3256
23976
3199
1159
29143
5660
31981
7840
33437
22148
17153
34418
36239
1978
3520
35085
3413
34053
10901
3984
15753
37143
30066
2245
17407
26724
33729
17950
34949
11249
18064
15386
19589
38402
585
3326
29067
13288
17011
28232
5709
27105
22394
26499
16181
27157
37290
32676
30454
11600
6152
17628
20850
6938
25450
34200
33759
37661
36486
24270
22296
33123
8665
37580
3665
10087
14843
29365
21567
36088
14538
20699
23007
39011
16950
26193
23721
2991
14833
26647
39068
4665
30723
9708
25870
20186
36345
28856
36178
37118
13764
5712
11914
37240
31513
13353
19142
36568
11536
28483
38783
14532
9673
12495
4808
26956
9626
13404
2311
34854
25550
537
2649
37546
35787
8632
7068
4718
16994
29741
22149
21023
30426
7394
15742
10899
12426
9653
34030
35359
6259
15865
36383
17472
13123
29665
3504
20513
18296
8342
14185
11779
22271
34912
37174
6076
28319
30315
24121
27800
24899
3954
14570
36437
34675
10144
14178
30048
11092
12548
33321
10531
31774
2529
505
34342
19094
14541
8855
22390
30559
15349
491
6351
14573
22663
25900
37400
15864
35681
26805
4247
7252
35498
24559
21513
26773
18468
3295
12315
14954
33326
6942
18073
34664
9364
29422
38677
37695
24423
902
4937
8125
11681
2710
2605
34546
9476
14217
10955
33787
23362
17631
34631
1291
31724
4753
23183
7489
9101
10136
6936
16668
4617
29177
18426
37867
22196
30259
2080
1450
29687
15160
10835
14890
29069
38815
4978
1440
26767
25644
33549
24028
38750
136
2388
23725
26643
23628
30597
33237
28808
22614
27453
38323
12405
31975
11107
35608
38048
11658
16104
33898
32592
10990
5296
7745
21986
27178
37379
15049
37767
29736
37285
9171
30081
37856
18565
19683
22823
12728
5477
35830
3267
18284
25531
4672
23004
10283
11262
34809
7941
9331
21653
8928
19008
427
38869
26665
18268
1989
14212
25684
29049
4745
24190
19856
39041
19970
24041
13151
38394
26770
10413
27977
17437
15020
21065
3004
7966
15431
24728
417
29956
34651
34523
3813
9516
21910
6193
5791
24607
29836
8579
20221
20359
25093
12663
26192
4594
4333
18018
23942
8396
19432
31076
32562
5218
3143
13050
21084
20344
30579
1612
36584
11890
17263
35278
5110
10675
2655
17718
3132
10850
31428
15234
5706
3437
32712
18818
32532
13834
5095
22752
27238
31283
22668
188
32776
37120
10987
29054
5037
39029
7002
18061
6596
1170
12672
35089
25029
28247
36166
9758
36933
37310
37346
11558
12854
13796
11875
35537
37506
28099
36814
35254
16172
38043
18520
27474
12075
25810
1685
8161
4981
14802
1321
26930
31292
32244
12864
25007
34673
34277
24260
26438
16612
22442
10005
1622
33991
13856
2164
22678
17418
19848
4715
20060
2878
10207
25194
18876
4083
9545
28094
36939
7799
12004
16238
3480
29141
19344
1662
34799
28831
406
20644
13884
14741
25625
7944
4254
7317
20995
11260
11550
30309
16090
12473
20035
35054
18258
36096
38765
36844
11112
36869
34063
19399
30528
35486
37875
28812
2710
1682
35079
21193
34668
37344
33977
24600
4144
4445
11705
21542
14524
25958
31334
16807
20661
36940
19013
23856
28486
3889
30415
24913
29377
23824
19035
4907
30761
4402
13742
2964
3015
3736
12230
21681
30020
31663
6247
4002
36859
28112
9745
33796
25302
11329
22805
23690
18053
24931
5294
20778
5109
1080
31885
15336
28174
31437
20914
13161
31835
9993
30600
6050
6472
10753
13714
5782
6953
24283
605
15045
20313
10796
24698
29885
5187
37327
12073
7769
17439
6380
34930
16755
2317
38404
24845
32987
6094
783
10485
23220
9565
12716
2481
3895
23216
3317
879
25676
36034
28944
6037
24370
29514
1697
14446
5438
700
1042
8324
23378
15026
27487
15350
27448
14863
32360
11265
20315
24987
6247
24656
11202
12299
37290
28302
2055
23238
2439
3955
16568
8602
30263
12110
244
5426
11640
30840
16863
36780
24153
13526
32574
21986
35630
18142
28288
1245
35977
15640
2008
36402
10505
14775
16881
10089
35449
33421
1097
18590
35585
19299
11387
22869
8898
26796
16428
28649
35253
7792
3433
24237
24443
5472
29207
395
35058
11717
24580
9124
31562
25211
23811
11281
1272
38450
35818
29250
18228
3014
27555
3340
33443
22605
28665
14887
17382
13114
12270
17870
35119
10009
8192
26463
178
12487
30400
18582
29947
17221
29605
34619
24585
22476
12600
17833
13212
13932
23574
18328
28894
7619
4110
1924
26397
30685
24260
16165
5195
1168
21190
28391
12258
23735
36413
31989
35417
10349
6654
28735
29581
35090
3781
22656
23866
1863
1105
8398
26170
36913
3112
3893
24873
30313
36122
8209
29043
13947
20032
20571
27268
23335
5656
23273
4621
17057
21859
7481
14491
5608
19820
30138
24262
36193
19160
22785
8663
17976
13703
23201
9089
15414
4160
1630
37221
15590
21778
35944
33317
32026
27939
28944
34224
21607
4117
18762
2071
3278
18661
37019
17946
28336
33171
34949
30149
8056
7555
29113
28760
27110
24886
36657
13871
37584
30753
19779
29337
18810
28461
9691
26755
2471
15786
16288
9736
29750
33830
26616
885
7922
38421
5781
18894
23860
20359
36278
6432
35626
22225
27332
8923
38760
31713
14261
1664
3592
16404
26588
26403
18001
5712
16419
11361
32545
25141
38938
23008
11268
27876
633
23803
35072
22041
30510
23983
7743
31696
18068
36723
18130
22743
17719
4515
14619
28485
32848
4083
11237
3753
6822
34639
24674
24749
32313
2373
31414
32277
16080
4796
17968
23651
4381
25092
31150
34596
36401
25777
11877
8723
35233
2169
28757
22252
33965
10398
2826
13993
17116
65
19221
8549
11850
6925
38689
38177
8396
24658
28956
3959
1569
34529
23603
26254
19921
32715
26065
38309
19462
2148
35261
17322
31942
7504
35593
