5314
5291
8158
5564
111
3968
2189
613
2613
8493
7022
6055
7020
3641
2753
6237
8366
402
6235
4439
652
7836
2028
6973
2433
1391
6709
6890
1674
2405
3531
6128
408
1664
8402
1869
6435
8373
1448
8309
4746
5287
8305
3295
8736
1462
2789
3241
8766
4107
844
4310
5499
1449
1329
6615
4566
8379
7009
4377
954
5632
5522
2055
3323
324
7632
3930
3644
4896
431
7756
4333
5896
5787
147
3856
8226
7250
7944
1148
927
5191
744
6531
5545
1220
8700
8630
2154
6256
2824
1683
3416
8637
44
1307
5894
195
6413
8502
4428
2355
7281
8443
1456
3428
903
1433
5898
1487
1365
1567
6478
4338
1749
3659
7770
3742
4086
67
2685
6917
8257
3712
4231
1538
2879
537
4300
7552
1345
6170
1745
3062
1193
5145
4607
2393
8757
6528
4243
5816
850
5328
1035
3092
6918
1252
3639
4555
8127
1979
3466
5090
7258
7431
1830
2285
1341
5120
1748
8085
311
7723
4821
1308
1416
6634
7376
1061
7184
1090
7979
2476
2216
5900
1169
5867
6916
5640
2787
291
2745
2143
8724
2857
2880
6972
1770
6381
1074
2563
4703
4547
3564
1139
1469
1407
8145
2092
3020
4159
284
5126
1191
3262
5629
1444
7729
7091
3544
6707
3707
2045
8631
5625
5921
807
3349
208
1157
4095
6674
1402
228
2687
7923
7270
7918
5707
7521
2268
4936
2064
8147
8670
4440
8227
2849
6433
8055
63
5464
8615
280
8742
4650
7799
8527
1808
1806
4541
6717
6625
1147
5152
2047
8534
5071
5906
7240
7867
6488
1017
2282
5301
171
7841
5667
2983
8353
2608
6743
1618
4174
3478
1720
7190
7318
6536
6854
5139
5366
5781
6542
5431
4524
1401
8118
4147
2193
4196
7229
3368
3857
7343
3952
3843
1177
4909
2080
2888
2701
631
1638
6219
78
7236
8107
8025
8676
4942
8584
2261
5754
4825
2241
8465
6595
8461
2565
1363
8572
7223
1146
5119
6714
3218
3563
5676
2201
3825
3344
731
4743
259
668
6047
2570
6646
6343
5273
1290
7024
1163
23
8077
7174
7294
6840
4121
6195
1207
6424
466
4672
5823
5318
2025
3019
8202
2530
4100
8389
7960
1699
2247
852
4415
7977
6114
2738
8128
7228
5704
5231
2495
267
5538
3012
567
1231
4455
6737
5659
7215
6623
5578
6462
656
8512
5948
6566
4720
6578
2763
3549
66
282
3103
7075
5015
6432
7623
7736
6741
6348
354
7563
6993
6473
5939
2211
7329
6436
2894
2255
4298
8126
5693
4654
7420
1829
1845
7007
1591
1977
8482
921
3791
7134
7159
2136
6261
6987
7513
2105
5638
2079
2256
4806
4167
5670
5337
2124
7384
1724
4990
3143
4311
3056
6143
6402
2601
2819
2168
7056
5449
1412
7842
3933
4397
1422
4869
1031
343
6518
7277
6914
4981
8234
7806
532
6349
2908
2882
3998
1610
2214
6811
6131
4893
798
1694
563
6836
7823
5989
2286
4314
8526
4239
5290
5370
846
5774
5194
1736
5468
2419
710
3723
2923
7220
8457
2358
8113
936
8707
5477
1247
1271
3881
109
6491
1021
8064
200
2520
6353
7946
8029
5613
8716
2140
2207
5718
1587
841
1734
2921
7715
423
470
2799
3763
7365
8591
3496
7994
8071
7015
2438
8472
220
3393
6596
6721
7316
3366
6126
7950
6023
3065
3167
6241
1276
7090
6221
4382
2873
2751
906
6507
499
6181
951
6641
8059
914
758
8049
3616
8095
1654
4055
5487
571
5321
8653
4852
1152
7072
4767
2426
3111
2075
1631
8483
6864
1413
6969
3171
6647
1445
342
1729
6767
2195
3699
1044
5069
3409
196
5808
416
2545
8346
7375
4695
1889
3835
5977
7192
7121
3593
2429
8557
6683
935
8196
5472
4218
6449
4700
5225
5244
1062
5150
6712
2854
1322
5335
777
7645
5374
1160
2315
6586
1087
2794
2647
1848
8299
8516
8240
5016
429
4922
1015
242
3846
4406
6912
7275
3059
8643
4355
2705
5363
603
3823
8328
307
1377
425
7550
4122
1775
7382
5611
4256
6020
376
7222
390
5213
3579
1134
293
575
2800
3198
2844
6941
4824
7792
198
4963
5777
1225
6030
180
6801
3417
7730
3430
5672
4964
1991
1034
3066
5850
3693
690
5732
1240
8209
3161
4791
6885
3096
3481
1342
7340
4855
2202
6745
4640
5385
3680
1392
6437
2875
382
4400
4216
737
6621
319
5092
1663
8382
8568
8518
4028
8337
4589
3923
4999
2964
2731
7818
6396
4171
7758
5662
4420
1347
986
3802
5334
2708
3565
8166
6539
2651
910
3947
2208
7456
4053
3263
6005
6490
2675
2492
2931
3941
869
3205
1314
7288
1223
7130
7708
2362
3972
7078
8561
3539
1533
4459
1496
3014
3359
6525
1986
7939
2734
7773
4058
3169
3042
2699
6408
2412
6085
7463
1114
957
7494
8711
7500
3160
2118
7085
7995
6624
7128
4274
8274
812
8169
6190
905
7765
8355
3480
4234
8079
62
76
1994
3049
7969
4390
182
3511
4068
3752
5630
2576
507
6461
3473
8522
3140
2841
7982
2238
5021
2234
7667
1144
5830
5879
2373
5937
2568
2827
8329
7210
7976
3519
3522
1229
2219
7200
2791
5171
6096
5051
8036
7149
6807
7403
7017
3925
1930
7815
5094
8571
5914
7008
1014
3200
3469
1765
3396
549
8747
3144
6339
5690
4937
1393
6697
7660
5929
8203
505
3187
6843
8146
4940
6325
8109
5956
3277
4773
4046
6574
2428
524
1789
1171
2917
467
8188
7264
3884
4444
5944
3951
5916
7852
2748
7843
6310
1872
713
5993
5263
26
4229
8148
4539
7579
3880
770
5204
2788
8412
1614
7527
2634
6654
7845
3444
5022
2137
8598
7023
7005
3896
558
2279
715
615
4166
8479
6668
4957
5342
7482
4157
6686
3691
8682
735
8488
4460
5517
449
2843
5394
2101
49
8334
4630
5566
4882
6572
186
6812
6225
5367
1
8038
5849
5854
6604
4255
6386
8336
4496
8081
5063
2288
2151
7205
727
6748
3892
6411
4381
3687
5259
7654
4137
7759
3657
5644
329
6667
1864
6896
7164
4730
3133
1644
5967
4637
8153
1896
7510
2899
2922
3863
3313
5303
7323
1359
2126
8276
1183
6474
472
4432
3030
8778
4461
2070
7352
6663
7289
7112
2181
2717
7901
1778
594
8567
7732
5661
7237
8217
6172
2223
4803
3025
5537
358
3107
5749
5504
4437
7405
4165
3276
5093
8298
5941
4487
489
866
3017
6273
5282
7784
1929
2039
4150
701
6756
6526
6275
672
5905
2012
1797
4867
6942
2945
4197
3547
8471
8430
4254
5536
4242
84
2778
3577
5228
7143
3337
2838
8004
5683
4187
4828
29
4349
5738
4818
5922
5305
8581
6556
6105
197
6833
8032
5639
6050
1859
3232
620
3436
535
8730
6476
3304
1186
1826
178
7517
4038
6151
1534
160
2192
1226
2407
7749
8609
4520
3660
2480
7122
4328
4887
2484
4427
5713
5302
3932
2895
4954
3432
8291
890
4491
7178
2532
939
4980
3128
1228
3927
4405
4946
5764
6763
2183
612
6412
5970
6174
2590
1617
7769
2100
2672
3748
1677
646
7195
385
3266
4454
8070
6522
1924
7837
2058
3650
6591
1095
7881
8514
27
3148
3211
1493
5175
2928
1790
1334
5778
7516
734
1063
4793
6018
5772
5044
4124
8661
366
2627
6740
5826
6999
194
5926
3521
5088
4880
4056
543
6000
6935
4776
7543
3962
6722
3865
7047
2042
6405
4561
3434
5873
8319
3620
2035
3787
4920
7371
2212
4782
4374
2700
3537
2009
5725
2229
3645
7208
8316
8686
1993
5579
6368
2578
2089
4442
4780
5750
6611
3716
5364
6593
825
6985
2513
255
5741
3626
778
968
5721
819
8712
1985
7216
3296
4485
1920
5596
5581
5655
6024
5846
5840
989
8350
6284
1332
4661
7501
5279
5902
4451
6059
3512
3226
3794
1399
1439
4184
4032
5609
6826
1758
4200
8307
6629
2573
836
8119
7656
8620
2254
2293
7481
8282
8510
8368
8423
1206
1319
1904
856
7298
8105
3665
4879
7142
7474
2102
3636
3869
5306
6509
3950
3054
5068
2383
5172
94
7860
1965
4347
5017
4039
707
4133
3285
4299
1573
7519
1283
4331
4977
3785
4841
6355
6200
6524
5950
7735
5243
4434
6869
5155
6915
1281
7951
495
4110
249
5599
1077
7933
1145
3461
7956
8310
3725
7514
4195
4747
7870
771
6104
2306
3697
5471
5462
730
2283
5899
8618
3129
2043
6690
3887
3125
5118
3147
129
7391
2263
4671
1202
21
5261
1865
297
969
7803
2926
6142
3527
1792
6790
3465
4105
3183
8489
5557
2541
1373
7567
2909
1958
162
6057
6523
232
870
1927
1094
3423
7606
3984
2832
226
6471
1294
6676
2642
4858
751
529
7546
7561
8692
2170
863
7697
4737
5113
4517
389
4146
590
4353
5615
3135
4711
947
6161
300
2069
7539
3582
2303
369
5792
6210
4132
1324
2316
634
5238
3330
1111
8232
8005
3100
7709
4519
4226
1881
4850
3770
2932
7538
769
7529
4369
8003
7312
3793
7562
224
7411
3656
1535
8694
2135
6886
1956
2026
8524
2939
4449
1431
8632
1136
3696
3027
1619
1961
151
8031
6098
7768
1769
4698
2538
2191
4283
4551
157
1517
2962
3075
4048
7156
4847
1886
4052
6160
7922
1695
4976
2002
7805
7783
3698
6893
6751
2814
1284
2645
3861
3398
251
583
6515
4729
2891
955
7146
3260
3592
7487
2235
1083
7691
972
2073
7293
568
3546
5770
4188
6927
6682
4178
5833
3227
8427
2544
2802
1394
7636
7479
204
3057
6877
4996
4417
3214
2514
2935
1336
4291
8106
7207
238
5717
2695
8410
3688
2294
3550
8739
164
4140
4716
3995
4346
6552
3541
3007
298
4326
4708
3973
4050
1105
6398
2991
572
7227
5658
137
7302
8417
3336
6606
2632
3040
3737
510
7445
7898
5241
8452
7084
6850
8251
6842
5959
8103
725
5641
2653
7920
8198
7002
3039
1551
6301
2314
2957
5908
4876
692
5734
5605
5082
7731
265
1255
3207
1509
5550
3747
4180
8695
6577
1310
1052
3
4183
7910
4528
8495
3819
6868
1056
1834
5426
6302
73
17
421
3796
8197
3361
6635
2540
3448
996
8322
5544
2248
5167
4815
802
2281
6795
7558
1214
2141
4049
720
5527
214
4081
3447
6429
817
339
2444
8444
3142
8675
1877
877
4098
6859
3788
7144
823
3242
8501
2074
562
8667
6858
5067
1277
1019
6482
2982
6966
4041
1546
1189
6770
6074
3815
2728
8464
4783
3439
101
155
2655
8321
1480
5688
4072
4872
8330
3468
4456
4564
7364
1472
345
7333
7937
2506
45
6294
5682
3666
6377
5390
2730
2298
6808
6079
1390
3364
3484
1622
5144
6546
4939
5004
5858
4073
1623
5444
3731
1239
2915
2864
3371
2226
2533
5402
2057
7488
4915
7460
336
6015
4706
3971
1142
2951
310
7615
4473
6613
1794
7473
687
6281
3438
853
2761
4045
3216
1071
2523
4040
8543
243
1687
1143
1464
3352
1285
2062
4851
1912
5766
7080
5604
8474
7032
6933
6316
7595
1660
2498
2658
2022
6548
2643
3775
7748
365
1333
2657
7368
6995
6061
5686
6959
4960
795
5917
6962
3614
5593
6252
4979
2038
2272
327
4599
3832
35
901
6841
3044
3841
2881
3248
3308
8438
925
3797
5176
225
7259
1559
4800
2689
3615
1636
8344
880
5353
7902
7678
1928
1438
7523
4103
8361
7629
3104
2640
983
5997
1339
3298
6617
7070
3871
828
5300
4017
8062
7082
4923
6934
2469
4458
3495
8150
3009
2363
2586
7702
6658
1181
5070
6953
2987
3392
4370
359
7556
8224
3472
4060
742
6749
2242
5480
6466
5330
6299
2017
4004
4725
3081
5254
133
661
4629
6450
8470
7544
120
3804
6244
1233
6403
618
1236
3739
441
6115
5036
5994
4760
5790
2735
5024
5839
4083
1633
283
7745
5999
1988
1634
7808
4396
4362
2724
6610
230
6671
3489
3194
378
1506
3740
1925
4635
4244
4266
2138
5979
8520
4678
2952
2903
8294
4877
636
2054
3099
2911
1387
7436
330
5762
1165
7676
7034
3115
2345
22
7244
6493
456
6071
7499
6135
8404
6464
1516
1360
4145
124
7570
5346
5122
6762
1671
7019
1883
2031
6356
442
1945
3555
6400
8225
8541
1346
8045
6420
2936
6056
6212
2110
644
206
5456
7671
4574
1679
7349
5582
2688
4638
5347
2134
6687
1261
4423
7230
1131
6082
7893
8280
5199
2178
7088
5358
87
2111
1561
2488
5974
5077
5668
3805
1436
1946
3095
8573
8367
5029
6691
5227
4472
1543
5207
2482
2295
3702
3287
6929
839
8335
5224
8688
3518
2275
6857
3704
3334
1269
2386
5212
8467
7036
4932
6773
3273
6202
2612
7679
7840
5296
1123
1176
4119
3271
192
2123
8575
4748
5853
2479
5003
5549
7698
833
824
5373
1348
1895
4689
4358
4576
6719
3272
1153
2863
4272
8007
4288
3222
4027
5376
1434
2125
3690
2524
974
660
459
950
481
2326
2094
6335
493
488
1907
1981
2415
1957
2631
8357
6607
5837
1106
2652
4481
388
1286
6932
6189
4649
5042
3372
304
595
1051
5811
2270
2148
1273
5677
8154
7619
7555
7590
3706
3213
4907
4659
2312
5181
8019
6086
930
6337
8481
5730
7440
7948
2944
5745
3781
5729
1066
1337
191
2186
6771
7875
7695
4220
5174
2669
5981
58
728
3557
6931
4527
3718
1311
6274
5897
8259
861
733
5141
5805
808
706
4679
4774
3619
1782
1529
8755
8393
2826
3774
3622
4409
6193
599
2474
1002
4076
1870
7611
4359
2579
6416
6723
8748
6250
7701
6456
8072
4989
487
5026
8515
7532
492
5362
2508
3093
1701
2958
2221
6112
7152
3867
5663
3811
5866
2830
6230
2961
2078
7622
2720
2127
6198
2420
6818
5765
7869
4173
1205
6582
234
5752
5966
4108
597
1768
5660
5032
6044
2236
2460
2335
1102
6907
8083
4827
7787
1709
7865
6710
4360
3560
5197
3924
3091
5478
8193
1675
6426
5601
7483
8547
5430
3907
611
5501
891
72
361
2727
3946
4559
796
8117
2636
4329
1715
82
51
2006
3127
654
3682
6226
4897
2400
806
7718
7626
5479
2309
2517
8100
4740
1468
3252
1296
6017
6058
2567
1463
708
511
5386
6814
2868
7508
6078
5251
3498
5647
1265
4612
2719
5856
5623
2249
7713
2977
8037
515
1164
2015
7522
5005
6775
3672
2063
7425
4078
4293
7653
2360
1832
5887
958
7940
7063
3482
5746
3299
6505
1525
285
2984
1470
7775
576
5170
2528
2409
2166
2518
7295
8304
8639
8302
2929
1238
2646
3736
6948
1107
4507
2553
4924
6249
8414
6499
8044
5177
5973
7106
5348
1802
3943
3367
4826
5982
3647
756
6813
7064
8442
7914
1344
6317
2988
7899
918
4447
7029
6211
88
8378
5771
4356
7834
3926
4921
458
6167
2595
5214
3945
4884
4163
6554
5384
4845
7450
1256
4714
4287
8777
4006
7336
5429
5943
2388
2398
7782
4691
5226
6678
3240
8091
8384
231
699
4843
241
7426
3281
1099
1824
4313
5339
8340
6747
7287
965
3445
6206
1100
2163
6352
4731
2587
6997
4668
7397
8613
801
8215
8024
4917
8775
2785
7863
5818
1596
1971
7586
4484
2423
5439
3172
7774
211
8454
3053
2266
7392
7700
7057
4693
1697
8177
1542
4106
5398
7755
1863
2807
8035
781
5533
7462
4644
5441
1722
8607
1571
83
7663
2818
70
2098
1787
8679
7785
1676
6334
61
698
253
7322
512
7350
3772
2197
3422
1570
373
6351
6289
5405
465
6199
8124
7725
3513
8308
5215
1600
4155
8678
3714
7485
7581
3137
6503
6922
6971
4596
146
2510
2225
6480
6967
6439
3139
199
8708
3638
6147
432
8612
4653
7907
3606
4008
2119
3854
8338
5809
6665
1038
3779
6537
5584
4610
1321
1190
875
5955
8331
2589
7137
5294
4134
6452
8356
2157
5053
8503
3023
3569
4000
3085
1076
6048
3006
7410
5388
6827
2027
1822
1140
4846
7297
1880
5511
3710
6188
209
6029
3711
4393
3235
5075
7439
1299
2942
4387
5874
4309
504
77
6132
6852
865
7675
8297
7303
5055
7203
5706
4044
1825
6064
2979
2726
7004
7565
3186
4523
3316
2457
2049
7400
3755
1733
746
7437
6410
8372
1777
6060
6110
409
3259
5947
8407
6053
322
1726
4022
907
1447
561
8221
4590
7491
7307
8447
4492
6903
1662
7882
1878
1948
2056
8649
7239
7477
7125
855
14
7751
4787
55
5416
7864
5799
5293
2782
5365
6930
6011
7468
5968
922
6730
3970
1579
2681
2414
427
898
6720
7133
8435
2924
664
8152
5935
3278
3977
3517
8655
961
2588
3464
2712
2992
6688
5338
5506
7161
6547
2224
7830
2593
5115
4207
700
3162
1499
962
6103
5963
7772
1836
7356
5284
4209
491
745
902
8756
7662
8090
5205
4911
6538
4169
1621
1646
3257
7536
5424
5381
2376
1552
6262
2723
821
5401
3453
5012
2599
4009
2359
7575
5645
7238
7727
1752
7325
8132
5580
6650
1055
1805
7414
6340
7943
5733
3954
7931
7670
3156
7498
8468
4411
1923
3442
2445
5769
6544
7786
610
2503
6297
8672
864
3685
8786
7574
2052
6084
8332
3149
424
3261
2981
6238
609
5589
341
4430
8285
7242
4435
7618
7401
4285
6619
3655
8231
315
7985
1358
12
5423
971
4354
4433
7177
4394
5130
2666
7051
8238
8175
6258
286
6955
2379
4292
1355
5915
3899
5028
4584
1780
7739
8644
6744
2711
5460
6628
2397
681
8714
6090
2610
4620
4418
6168
2887
2820
222
8458
4247
8446
6097
5250
6567
6370
7888
7243
4096
46
8163
6332
7559
2084
3118
3671
8579
3840
7858
6834
804
4139
8265
8415
3996
3885
7012
4466
7490
5490
8666
787
7327
625
7649
1867
4813
3233
8101
2585
4504
4956
6333
581
6530
4337
6177
2204
7157
4606
4873
3486
7251
446
2850
1963
2142
5413
1453
7038
1528
3934
4822
7191
2187
5013
4727
2159
677
8137
4723
1688
1490
829
6311
3070
2678
8076
7165
2995
5889
7042
4581
5802
6787
1673
8559
5326
8253
4795
1558
8006
40
1898
6107
1208
5236
5196
302
5700
4500
1125
2596
8513
3553
2552
3279
7182
1016
6555
2328
6568
5361
2259
4407
3168
6652
5354
3633
3543
7214
1547
2733
1598
6373
7926
2912
4061
103
1501
7043
7904
6984
3733
6660
323
3789
3502
1970
8428
7193
894
1408
2618
1046
4471
998
7103
5934
8362
8301
294
4203
7396
5020
7903
7168
8233
8540
2481
4135
7328
6752
8099
5447
6232
4891
2354
1259
5788
7576
8249
1042
1556
557
1934
7073
4091
911
7147
8646
8191
4675
7511
4424
3487
5681
1219
7
3987
2739
2848
3117
3889
4031
8628
550
2113
4276
4368
5203
1023
3599
6965
1141
4223
4104
5909
4470
845
6906
8066
3256
4092
2835
7717
3411
4143
5310
1235
4772
5892
2813
2635
1524
3383
3942
6508
7300
6218
4605
6598
3221
990
8441
1162
4399
1684
2594
2564
7367
5467
2014
3145
3845
6549
1192
8142
2679
7778
1093
7975
7741
4663
3274
4327
4898
1629
5782
1608
318
5482
5208
3610
5931
2615
8773
5138
7658
526
6357
7360
3906
7620
949
3443
3523
3254
479
7272
5912
3635
5493
8214
4812
4913
205
3300
5435
888
4955
1443
3956
979
7866
7743
1902
5516
2450
1364
2462
1504
3178
2795
5344
5701
2448
2780
1020
6095
7524
2721
4643
5232
8395
959
6121
7598
6588
8211
8652
8111
252
1036
8354
6291
2378
3891
554
5220
4808
1156
3882
4468
2010
351
767
2353
7726
1767
6027
5904
2561
7967
1303
3745
3514
5266
8008
6919
7282
8506
254
7105
7996
7071
1466
4807
2188
6421
2955
7412
6366
614
3322
335
7458
7446
4738
8753
2199
60
3217
1395
6362
3678
6028
2804
8645
7246
1766
8271
1817
5824
4570
3640
8220
2874
4868
5868
1451
3132
4289
6753
2519
2233
2797
7480
8782
6477
5797
4062
3028
1680
7607
154
3212
7728
867
3462
2005
2605
7326
1626
3239
5255
7630
5210
2424
4401
3609
6716
7265
4865
4153
5679
4273
4429
7589
2330
7734
6778
6039
3964
6040
4099
2551
4701
7528
5448
1531
3286
1508
1868
1452
7892
1058
240
1101
521
5253
7213
7750
4043
463
7045
6936
2845
6123
8089
1650
5928
7284
8566
4820
2876
8125
7530
1996
5515
2147
8475
8173
7139
4775
8500
8696
585
125
7389
4204
3883
7963
1389
8689
3628
1708
8677
6154
6094
4384
4211
1257
6364
3980
3181
814
6725
5995
1396
52
1352
5060
5452
3654
8550
8746
185
1669
4361
4797
306
3353
8333
1739
4952
6191
4436
4295
10
761
2322
1199
1435
5034
4306
7114
4759
3975
647
2034
5586
5801
6208
4802
5285
7693
4951
6846
2502
4903
6501
11
353
4777
518
2702
2892
1060
1374
30
3153
7603
5158
3335
412
8546
4235
908
2024
2425
7927
1846
169
2985
1515
6769
3356
3375
7705
2886
7929
1810
6049
380
6649
1820
2432
4894
428
3834
1915
2902
6978
156
5187
2999
1875
4771
2292
7657
4227
6179
2071
7069
2321
6579
8706
6677
3850
5726
8611
7699
7037
6825
4172
4652
308
5859
5154
2525
1984
7641
966
5618
573
1838
7694
1478
4094
5901
3838
4002
5188
1544
8283
816
7257
8668
6550
3960
7050
3744
5978
1086
768
7855
4162
1666
6313
5825
3758
4059
5173
8185
1221
3253
3948
5919
1892
3317
6279
5562
6192
2934
2860
3236
3817
2547
6673
4408
2461
8229
5295
7651
5345
5795
6656
7930
2907
6664
8582
6565
474
6122
642
4864
140
8431
6418
8492
5109
6702
5920
2869
694
1595
7798
1588
3913
6379
1812
6150
5023
1494
5592
4015
7712
4931
1227
7129
6898
1670
5757
7044
7387
8011
1760
501
6010
8139
7181
100
2333
8171
3015
1730
8759
1442
1224
1411
6363
4537
3735
1210
6661
6146
5813
5957
7754
3315
6532
7585
1916
3063
2591
4997
8239
4734
8000
3862
552
887
5056
3206
1268
6685
4084
8187
7096
5442
4151
7003
3275
8208
3501
2403
4503
7928
75
8082
7564
764
8015
1400
8262
7955
8012
7897
3753
5269
2803
2968
8195
6757
7844
3441
7535
2086
8296
3246
85
750
7885
8108
4385
8709
5747
5147
8409
7135
2422
4232
4448
6872
933
8477
3601
145
6390
8750
7419
134
2317
7107
1161
1414
5891
2331
762
5393
414
2535
4087
4944
5949
4516
1627
7441
2756
266
6344
5496
1995
6470
5616
2152
4057
6347
4317
1168
6560
1481
1717
2144
7366
7965
1827
1952
5446
538
6627
3813
2097
4262
3195
1781
747
794
1612
2656
3939
5800
7646
233
1072
5103
1197
3377
3208
8375
5030
2710
7609
4125
2085
4265
6680
3596
8651
108
3653
3929
545
5719
6196
3828
6698
1306
1698
469
4810
1860
3551
8574
7189
2122
5230
4474
258
5748
7796
2410
6804
8394
7733
2453
57
2103
3386
1253
4639
1577
617
7545
3642
6830
1218
8779
3535
1040
6883
7761
1931
6900
6182
5123
3986
3572
878
4859
3189
6746
3847
4286
2674
6576
4233
8599
2626
5454
7260
3170
24
1953
980
3604
3483
8383
5168
6961
4535
1936
1460
623
1001
7685
8683
3585
7089
5958
4573
8408
5112
8143
2736
264
1532
4667
6551
4304
1133
4090
810
3515
5532
1980
3078
868
4984
3258
6926
724
7639
3255
722
7123
3597
1357
6799
8455
4568
6194
4753
5234
3509
3695
8133
4258
317
4949
6197
8754
7973
6891
7677
396
3729
8397
2377
278
7947
7283
8157
498
6463
1899
2072
8577
8478
1483
584
6328
2855
6305
3556
174
941
6760
8592
3306
4176
1266
718
2975
4901
4636
7290
6051
7358
5890
7791
7345
6006
2692
8767
3245
2980
8728
1630
5018
7140
1398
5913
4034
6815
1376
726
7278
3974
4705
2106
909
1653
5098
126
5052
4749
4388
3574
2190
1764
3010
1897
2878
6163
401
5311
3340
7428
2543
3426
8078
2342
476
172
1471
4779
5427
2959
13
4899
6329
7077
6007
1170
3893
519
5453
281
4245
6428
5722
435
8144
592
7470
6711
3634
709
2243
2489
1887
5336
2770
4210
3677
783
4683
2310
4181
5784
5743
982
675
7978
4175
719
3357
4518
6247
4696
7172
7987
6860
3493
8411
1728
514
8459
1198
7175
3077
8026
4844
8387
2456
5102
3209
5508
3953
4453
7941
6171
4938
6639
3471
8554
8521
3540
1254
5247
638
1340
7232
3068
1740
5568
6268
5709
6003
4788
1966
2156
5815
5574
912
1330
5521
6176
6653
148
5072
2927
1216
5827
6330
5674
348
4943
7642
555
5498
3800
7459
6186
5673
6527
8685
7101
1918
2036
6946
381
3607
650
6789
105
7790
2619
5556
102
4811
4655
190
5972
536
1793
5971
1430
2401
2040
7959
4597
932
5561
6866
7886
6684
4506
5221
1659
8088
3089
2847
3965
6404
96
4013
1327
8201
7610
2320
2806
1530
6046
1381
6242
1941
7186
4019
1241
1566
1951
5309
4967
7917
4421
3715
7344
8206
7601
7974
1537
2950
4250
3584
6043
6434
245
3646
4082
2501
517
6127
4102
1999
8278
1320
2704
4217
7377
5083
3479
7716
3637
6022
6980
3661
4959
5151
578
854
7542
2437
8663
5047
2866
1615
7274
7041
1417
8351
6041
3664
3762
5779
6764
3598
8733
6855
3034
3959
1855
4230
5217
370
7831
8548
2637
6835
772
8578
879
4236
4762
3157
54
2269
6847
6506
4662
8053
5153
5484
1849
3988
8597
4213
6008
2435
8608
7502
7706
8761
7296
7992
8352
4875
1682
5091
215
1127
8705
1606
6958
1069
2213
4489
7665
3801
7766
4307
1309
7604
3460
6601
8230
8020
2716
3559
7201
3771
394
938
8539
490
547
6733
203
4840
8388
5135
7194
2146
3566
1182
873
4677
161
3612
4569
2167
158
3072
858
6045
4702
5603
1237
7119
2493
8252
2779
6587
3908
2177
1065
5408
8595
8046
1386
6705
3321
2244
1759
2877
5857
2387
3265
1502
4998
364
8315
7954
4391
3412
7202
4530
5031
4904
5759
6065
8570
5142
4707
3342
7117
6862
2885
4837
7684
508
7638
2258
201
4280
1707
1025
1969
5548
321
269
2664
1893
2511
2630
1632
7353
6134
6240
3389
4558
5594
3897
6175
1305
6620
7383
6718
5918
3818
143
7655
5933
2571
6736
3837
1406
5652
1862
1092
2218
8765
6072
5648
1428
5595
3182
8422
4386
1569
320
1563
5946
6899
7013
7824
2494
5164
3180
2673
2171
2677
8737
5531
5883
7710
3333
5872
8092
5520
4357
2227
4588
4833
5740
7913
3746
34
5507
1560
1785
3567
4502
5991
392
1175
7820
2361
8277
2145
7597
3890
7102
5510
5280
8250
6203
686
8549
1048
779
1641
5288
2823
4770
5714
3379
8659
8681
1361
2003
6248
7162
5025
1302
7763
6901
5986
3146
3595
368
6394
473
8525
1814
210
2740
8648
314
3410
8445
4510
1297
8729
7079
7962
6156
2277
8190
3458
5325
5076
2971
2349
4395
5134
7972
4534
1835
2851
7484
43
5985
7905
6829
1057
4312
923
5272
8057
542
8363
4164
6001
2475
3719
289
5331
4593
6618
5526
5001
6259
3705
8627
6845
7800
5421
7273
4617
6326
6511
5190
1949
406
5084
8131
6180
2750
8669
5819
5911
5975
3327
6609
3684
1418
1735
2128
5256
8529
8476
1691
1635
7390
904
5838
1159
5685
2173
6728
8605
940
5470
1033
7266
5627
36
6415
6715
1368
4340
2648
3047
1384
1933
5054
2676
219
732
6372
6083
8399
3052
5642
7053
7035
4315
217
977
3778
2149
8680
2267
3220
1275
3008
6810
4552
4224
1037
167
6042
2512
3905
1854
5821
1750
5180
5739
6805
8313
7688
4814
1404
4836
4352
4063
8787
8365
2798
274
7801
5195
8112
4343
8580
8532
3345
5680
112
920
622
2925
7067
8172
8713
1012
1639
8719
4320
3341
2237
8001
5998
6089
8629
6735
5006
6185
6960
5715
4465
5841
8380
2222
93
2901
7813
8241
7557
1593
5951
3915
3648
5649
5696
5742
8358
2323
8657
4522
533
8673
5322
4144
6346
2139
1010
7814
2558
2194
6521
3114
6502
2390
7486
4483
7449
5371
5843
3583
5976
2906
4742
8710
915
3829
1917
334
928
696
6768
7612
1866
739
3425
997
8565
4443
8745
8684
695
5962
6091
2033
301
6004
5108
5530
3488
6465
3244
5588
4928
4482
6102
3382
6271
8392
2001
3177
5201
2291
3562
2654
8509
6459
4469
5932
227
4856
7417
1234
5810
7895
2338
4601
789
2198
2357
1129
1263
6109
7816
4513
4271
7169
2041
6295
3397
539
1245
28
1351
4861
1354
375
4531
4752
6772
5276
3573
257
1594
5065
3870
2370
6952
7055
8325
5546
344
3405
4149
3918
1492
5554
6571
8702
4515
5614
991
6484
2346
7980
5133
5200
8260
5111
523
8564
1383
2707
5223
4935
2117
1703
8490
2161
3528
1960
71
704
6742
2348
4462
589
2430
937
5786
3013
2930
2301
1800
1187
7006
5101
405
4905
4647
1188
7767
8204
5573
5744
4511
682
5375
4457
1410
5409
5209
4556
4953
4577
7442
1763
7911
1482
6905
6599
8258
1710
4364
8593
6800
3903
3374
5606
1028
5945
2602
1602
7900
3526
4376
5161
766
2013
8272
5503
5166
3373
8698
6512
8530
447
2150
1962
2021
1795
8013
1755
1843
6149
2822
5105
1721
1873
6838
4614
721
3922
471
7896
1013
8429
7124
7469
2577
8426
4241
6157
477
2582
4973
1809
5512
7457
5964
2989
8687
2165
3250
7398
260
7335
6821
6954
4036
2773
6144
8246
1978
4631
5650
6155
5100
2580
6407
2369
5455
74
1575
2768
1201
8531
4592
2715
4676
6376
601
2081
5193
7028
7160
3324
2252
8080
5137
6575
5483
6516
5148
8339
8287
6949
7330
3284
3120
884
5495
3530
7821
7342
3343
5159
8165
4066
8136
1498
6632
881
6080
3087
7537
3990
1385
4835
2629
8656
6633
2549
1841
50
6409
6116
41
4193
5728
5925
6964
6699
5598
4366
7890
2442
3314
3037
4587
588
5271
7399
1512
4674
7271
3810
7179
6884
5861
8638
8703
6320
2305
6148
1783
1155
6395
2963
3603
3060
6350
6989
7347
6679
1555
7059
5961
3782
2472
1104
2037
8174
705
2463
6887
5665
3898
2801
7094
8096
929
5009
8047
8219
3508
4192
1997
33
189
7385
3912
1831
8371
4379
1467
8311
8074
4414
8774
6498
363
6774
1791
7087
2663
1011
3931
8785
2029
1689
130
3229
6431
8033
6445
1564
69
4199
6282
5996
5822
6863
7451
1007
1420
4978
1753
4888
4857
5791
4816
3141
3310
3267
6423
788
826
2956
776
8318
7938
6662
917
1441
3936
3499
5814
3326
5992
748
6831
2617
1954
379
3110
3588
1116
3721
8772
2913
5488
5425
6535
64
2278
1667
3812
1719
3004
3652
7997
4526
4533
6519
1367
2729
7949
6385
5182
7478
6485
3083
8087
7906
5399
6856
7596
7180
1213
5465
4830
2834
6422
3681
2542
1006
7151
7049
3407
516
6504
8314
2339
4585
7332
132
2665
7819
8151
4613
8448
2046
2765
135
5542
8740
1672
1828
5356
2032
3045
5547
4464
8658
1039
3542
4623
1652
1727
6257
2011
1120
3955
5907
546
5043
6873
8295
5575
3369
1742
2625
263
8453
3993
3827
2030
5086
5383
3552
2937
4842
2840
5954
5252
3173
8054
8212
8034
2769
4260
7163
1853
6201
2829
3524
7520
5828
5523
3969
5893
4514
7309
3728
5567
3732
8186
8776
5637
3238
3874
3510
7968
1876
818
3097
4545
711
4611
2659
8364
4692
749
8135
1998
2446
6553
1362
256
6706
6703
6371
7286
4003
80
4540
4575
3452
6454
6791
1510
926
662
7526
4332
4365
1064
1378
5440
356
2307
2356
107
8674
556
560
7472
2082
1491
136
8538
1455
5885
2997
5235
2556
1833
5391
484
5397
6369
3387
8256
4925
53
7846
268
8398
3928
1489
6034
4486
6557
5061
2491
235
1599
4598
3663
1318
2940
7961
5753
8563
5755
1243
8178
2059
3112
3853
5351
7378
2947
4290
7793
8140
7320
5242
736
5297
3766
6640
1990
1746
6492
1647
6612
3590
6099
4521
7225
2621
4021
6659
7317
1576
7515
8533
1605
5528
4586
2948
6204
1935
236
1642
7661
3424
5612
333
1230
2066
5705
1807
2344
1944
391
2825
5886
347
5871
152
2641
7605
7115
7409
1209
2581
3674
5469
5443
2714
1179
6300
4154
7001
3456
1987
4860
6938
4191
2550
913
1656
5878
4715
2858
1450
4926
2179
5969
6692
4426
5621
3032
2264
7110
6975
5008
5359
1075
7659
4831
6766
3050
2560
6026
1762
1030
5988
1975
7548
150
7448
4117
4616
4202
2253
5767
7551
6251
338
3450
6184
6784
3159
2526
2509
5222
7132
2709
1429
3504
1649
6921
8424
4673
8636
4900
3293
1024
8205
1565
5555
7062
4681
4478
3378
2337
1914
7683
279
4769
4603
7541
5352
2805
3520
8480
4664
6573
506
7829
8242
1545
1550
8744
7252
3190
5163
90
270
3651
4237
2257
59
2790
3667
2455
1592
8491
7853
5124
3282
496
5078
3108
6246
3291
5796
450
4532
8161
2668
6277
627
3602
3294
1326
4318
2392
2381
6982
8624
5602
5737
393
5039
31
4
1645
577
8235
3018
7464
7253
7255
4416
2284
4495
3886
582
4945
6243
7319
5049
3764
5864
4025
5817
3399
6062
1279
541
1084
6389
3783
1507
1419
8460
3406
6067
1842
5327
6991
7822
2611
6908
7313
7453
4853
5724
827
7357
683
6583
8155
7104
559
2606
6038
1557
7673
6451
2972
8390
1085
6304
5559
6223
2890
4948
7447
5502
2065
3703
6734
6307
3844
4982
7111
4205
2521
7014
1059
2859
8784
3350
6425
4934
822
7113
1973
916
6430
1754
2121
8451
1126
1964
4480
3662
3632
1940
1938
6817
7738
7504
5671
6956
8743
3138
6700
7568
840
7060
5884
4170
2694
3879
8247
3419
3978
177
2271
367
3113
8616
5952
1008
640
8067
3288
5387
1260
4168
8286
7617
1149
1716
899
2883
1585
5756
1603
1983
5324
6068
7747
3538
7838
8320
3904
6220
4646
3000
3491
7249
2905
86
3849
4282
8741
6832
2852
2592
1018
2904
4431
7355
7854
451
4047
2220
784
6263
5617
165
4005
6580
8725
5631
2260
5836
6077
98
6865
2185
4624
7703
3467
530
8594
534
5184
4805
6081
5127
630
8556
8783
830
7648
3067
2839
89
2534
6101
6882
6823
229
6701
6479
8279
3673
5106
7388
5270
2129
4713
5129
5433
5059
1955
2402
2986
596
6460
6417
453
3347
7083
295
2077
1711
2536
1690
7549
5202
3617
7369
3686
4325
2620
4348
2898
2504
5372
1540
7395
3938
5132
6119
6399
3576
2812
7647
1135
1251
4156
5591
6724
6761
7643
3989
3713
7187
6323
693
2810
4069
3071
3106
7311
1217
5486
6603
5635
326
602
4578
598
7692
7668
2598
4595
4051
19
4834
1786
7211
1242
6824
4792
3457
5438
1976
8654
8028
1816
992
5436
6928
6976
374
4375
8552
2088
7534
4697
5046
4886
3090
1486
8600
2916
4622
2436
8781
4498
8758
1122
3036
4077
418
6254
3809
2336
5432
159
6069
1852
2091
7737
5930
7874
5835
8690
5474
4264
1317
842
8086
1497
6968
5505
4249
273
2447
4001
8326
3175
6032
5473
580
753
4351
3790
5923
2862
6287
114
2164
5691
6162
4591
7183
1890
2767
5587
569
4974
1185
8436
3307
6216
5620
7099
3328
4268
5411
6338
586
2856
2311
1804
1714
5211
4127
350
3643
4608
6276
7580
1009
6414
1067
2893
3046
3516
7674
2743
7593
2343
6138
1900
8056
5720
4490
1847
8590
6792
4270
3224
8270
1174
7292
7795
4718
4736
924
7495
605
967
4789
2815
5033
1837
1089
5378
4446
92
2099
7525
4801
5392
346
8603
4330
8016
6622
2548
7305
5669
3309
2396
6367
7687
3917
452
2130
2760
838
2684
1280
649
7988
1495
1258
8097
7912
7434
4023
8555
3675
6159
4739
4848
4804
1562
2597
6178
1513
1388
8167
1874
2465
3109
110
2737
168
4303
4965
3689
6543
1906
6359
4615
6393
1894
7624
3348
8699
3474
3463
2365
3860
386
1484
3041
897
2160
4097
5368
7086
5041
5794
8093
2443
4609
2289
5233
6822
5286
4219
8585
7466
4413
952
4403
5698
7915
7554
6088
813
7757
5121
8425
218
5869
7989
5525
7857
2583
3064
4642
4383
4335
3080
5097
3767
7916
7310
886
7492
7224
2132
3589
3570
6207
6994
8419
5415
8622
6272
509
4371
8027
7681
2449
7560
7338
1798
8218
1124
6111
741
1325
2180
4571
6937
287
2299
4115
3470
2176
7061
4712
7269
2811
1597
5066
7894
6669
5437
2265
6183
117
4477
1568
1196
6025
419
2215
632
2686
6655
42
332
7158
6592
5960
7331
6631
1553
6693
3429
2973
340
1029
6087
5876
166
7443
4201
6616
6924
1272
7423
5185
2172
3402
995
6383
4294
4648
2867
5703
4854
3548
5727
4339
6637
1549
7171
187
6570
3394
4141
2483
3193
5860
3670
8788
6904
2380
3872
1747
2389
1370
4463
2500
4975
5315
1267
6215
1686
7817
3618
4755
4284
1119
4656
7680
3792
7809
4131
7998
6708
5571
3717
2290
3074
7993
127
1536
6419
355
4912
7188
4007
223
2228
6070
3413
4628
1706
3355
944
38
1026
6234
6750
5881
5804
4198
221
2048
1287
1130
6392
3319
2960
6283
4819
8421
2329
6992
1289
3427
738
173
1624
4751
7489
439
5540
1204
1262
7833
7602
2884
1476
2319
6217
5299
2231
2990
8327
5664
2473
1045
1858
621
2067
6785
6585
3196
8289
7780
6205
400
8200
7862
6974
5040
1264
5535
1166
7599
4666
655
4185
8237
3289
8721
5870
803
670
5333
6286
7092
4763
5323
3134
2527
4906
4761
5268
8243
25
8018
115
5570
4363
4933
8523
277
7359
8343
8462
5518
6481
6224
3251
1172
4658
4992
4089
7707
2754
2287
7058
4600
7764
5350
5074
6288
1380
1097
4123
1184
6073
7952
7040
7226
1459
5389
6136
6016
5264
6118
7876
3283
3188
371
7981
7285
3554
8466
943
5216
6495
1457
8562
7752
5583
7430
5340
2555
6117
2539
7241
5702
8601
2584
6666
4966
1520
4412
5984
6388
8164
8456
7936
2943
3477
4067
608
303
8536
2691
4079
8633
1109
6977
4497
1244
2313
3708
6626
6923
6496
8084
5541
791
8342
404
5410
2836
7339
1477
3605
7983
2772
7141
4494
5239
5050
4029
5622
1278
5936
2644
1096
3459
7856
6594
975
2781
4546
6133
5806
6963
740
5143
7797
8604
8129
4301
2367
1315
2809
5509
2184
2639
6444
1756
6644
7742
684
4685
1349
2324
4733
5608
4033
1909
6986
480
4305
6957
7452
2793
3454
248
2816
6545
2554
3836
6839
3022
4968
7847
2108
1304
8473
3311
2650
7753
7393
7990
6446
5565
2490
2920
2557
2998
5877
3302
7984
4253
5035
250
7628
6939
680
960
5058
6786
1158
7720
1000
485
3191
4336
2351
6472
2018
1298
6141
8499
2
1583
5807
2616
1200
2196
3150
4765
6324
8281
8551
7540
3937
1108
805
7851
2871
1088
667
8063
7031
6510
6945
859
8
565
8664
5206
7776
6
500
5475
6879
3878
7066
3822
8189
7633
5643
5987
3215
5619
4866
48
5760
2340
5798
7476
3979
3163
8619
3312
6066
658
6166
7148
4754
3365
3669
7218
5048
3400
1313
372
272
4682
2776
4085
5590
4651
4832
1582
5275
6970
4246
4665
7415
5395
6902
7991
4726
2600
3558
6853
7871
874
3949
444
607
4112
775
5497
6374
6605
5278
4118
5412
2914
1681
7374
3826
2732
8704
448
6139
7334
1328
666
5491
468
3011
4279
2759
7553
8069
8156
7455
7279
6643
6494
4970
703
6269
3249
4567
7362
7421
8222
7582
1426
6075
4971
2391
123
6309
3270
8542
809
6306
7887
6361
3876
6222
5104
5064
3005
7509
2783
3401
1661
4995
4744
7471
8341
179
3082
68
6293
288
8284
5689
663
7721
7109
6913
5079
1369
3331
6828
3061
5789
292
3668
2831
4129
4732
5407
5529
2004
8210
3414
2406
1801
5400
1751
7616
1620
3621
6713
2889
5942
7760
5355
6561
6638
4680
7196
5695
4308
5708
2566
2114
5597
2364
8635
7321
3101
6013
4543
1723
892
2900
6979
3611
2439
8317
6943
6497
5081
1851
104
7173
6597
6228
7209
8642
193
3381
4764
4499
5011
3152
5634
8751
1027
6036
1601
2660
415
2200
6125
5010
8449
4228
213
4741
5694
5
8115
4012
6387
3700
2777
2209
5057
3490
2162
981
7631
6427
8691
1068
7263
2817
1625
8545
849
931
4136
97
7625
6120
659
6911
5165
1678
3858
7100
6214
6489
7261
2051
4206
8762
6270
3231
1982
4784
3237
3029
202
8614
5572
1288
4321
3780
8596
6806
475
5924
3914
8104
7373
8168
5577
1110
4212
3842
4538
1643
2050
3506
5736
2239
8406
1773
1968
6469
3726
889
4563
6341
4694
7533
2158
6158
6897
8228
5834
8496
2308
5007
2486
2792
1154
8134
7341
2325
593
1757
7016
6755
4579
2725
483
8348
7966
3631
6448
7669
3446
5169
6145
6108
4717
2296
6303
4621
8770
2440
7794
5654
3799
1823
5157
2918
4380
3192
4796
8602
6264
316
2774
7245
1784
4983
4509
2334
6614
5880
8359
4560
8606
5419
3230
7217
8391
7614
1523
956
5136
3346
3701
247
4794
7909
4885
1611
837
513
3219
4562
5628
4024
7254
2764
7010
2638
5651
4972
3859
3757
1921
3649
5785
6440
4557
7644
2169
3999
3831
3102
1939
6589
3900
7206
4010
882
3332
8760
6590
1343
7418
2718
3354
714
2327
337
4054
978
4870
8768
6137
7116
163
7958
5000
2784
1151
3624
6315
4404
6849
3363
4316
6563
3901
1121
1522
7198
2087
7276
4476
3055
2153
454
8715
6672
455
648
5990
6113
7475
6312
4839
2104
5160
8625
5463
3174
352
2262
6803
4626
531
5983
7268
237
8621
8385
987
3388
2786
413
1103
4669
486
2251
2019
3151
1194
1803
3395
4619
8374
3234
6776
1427
5761
8275
3362
5560
2978
1372
3983
4441
2670
149
5198
1589
2569
5459
8535
6558
3839
5636
7711
2115
7407
948
8749
8312
1741
7827
994
1425
5406
1004
7573
1910
2302
4985
4479
4645
3385
4688
525
7429
5666
6895
482
5844
963
494
2107
548
1053
1937
106
8437
1511
7719
7221
5775
7879
4838
8623
1274
2347
8323
430
2350
5445
4892
2174
4030
674
4342
984
3247
7577
5382
7664
2008
3798
2628
7722
6468
4684
5692
2624
896
1959
3864
4475
2374
8010
1300
1338
1942
3500
8617
1539
4670
7594
1312
4641
8401
657
478
1526
2941
5832
1115
4572
579
1885
4257
3985
1081
2394
7065
3086
1475
1371
1882
6779
8434
4114
4128
1737
4625
616
5763
6260
3683
1397
1788
3415
8369
643
3069
502
1609
1323
4267
6645
6794
7138
5903
4710
1648
7953
6731
462
1586
6054
1581
7197
3360
3202
5847
4020
2431
138
8752
6564
2949
309
4042
6675
7505
5524
628
1212
2662
5624
7424
5320
2441
3475
4583
6788
8528
275
1718
5553
6290
5257
331
7825
7666
397
118
1248
6695
7919
7408
299
1658
1232
8068
8376
7802
1818
8347
1905
5461
3485
8102
7613
900
6358
7696
3199
4075
6837
4735
1774
3451
3807
2133
6447
5038
3814
685
8149
5888
383
422
3228
6331
395
2395
639
7166
3421
5953
7247
1651
3532
3730
7422
1704
1005
1382
1514
6988
1249
6229
1291
153
4505
8114
2096
1744
6925
3991
3895
3301
5396
1616
8641
3026
7891
1500
2996
3384
6165
7030
3003
1132
2280
4373
2507
239
5089
5451
2796
7971
3679
8731
2182
4508
4189
2633
3370
1424
4862
604
7746
8267
5569
1541
5450
1761
6443
2372
3166
2762
4093
4392
4179
8650
6019
3575
8223
4467
6950
6797
4488
773
8723
2485
6092
4962
4525
973
4927
360
1738
3204
1776
3803
4251
7301
629
7267
7889
1919
4160
2470
7970
7118
6998
8121
1415
8216
8504
4111
782
2206
4548
895
3587
752
3944
3124
6569
3873
6888
946
3568
3243
3210
1211
1454
1574
1461
81
7093
4240
1331
6153
5178
5062
953
6541
3613
7964
3318
3743
7572
5312
216
4221
3738
2093
651
3136
6529
7744
2946
3002
7588
785
8634
5186
8507
2417
8009
4961
7231
3431
4719
7404
3390
7512
3875
5332
1113
702
2938
5848
8400
1098
3806
6292
6851
5875
2499
551
7828
426
5260
8583
6513
760
2245
6910
6378
4016
1473
7126
1270
872
3919
1437
2661
5656
5494
4319
183
2974
716
4878
6164
6245
6475
2574
7248
6739
3492
7569
6173
993
2505
6983
116
399
5002
6483
847
5776
6880
1992
1118
176
2304
7578
8558
4252
8433
4704
4372
3264
2408
2865
7026
2068
7496
2690
4958
184
7686
8040
6213
8060
6636
2837
1844
5678
6486
6909
6391
445
9
2698
4248
7386
3981
8726
16
6759
6867
7233
8288
7627
290
1705
2464
522
3329
7771
398
5865
3529
3824
3088
8718
8349
7777
2466
3754
6608
1815
4627
723
8162
4014
3339
3676
4450
5377
8041
0
6360
4918
95
857
6584
3126
3376
2421
91
2808
2954
7781
1047
2683
8537
2246
763
6236
2076
3016
4493
3024
3820
6777
5414
2007
7592
3750
6336
3997
4536
5845
6033
2203
8290
2053
5304
5855
885
8396
5189
7804
1078
7054
2771
5045
3580
4302
5513
4208
7212
1282
793
8048
7337
8184
3179
6063
8292
1725
8120
2250
671
2623
497
6233
3773
6651
1657
3105
7262
5735
7826
79
2747
5434
8061
7880
4549
6889
6308
2478
4768
2993
384
8764
420
5534
2411
3866
6765
1713
3440
3600
2697
1137
6035
7315
3503
7908
1043
4785
4947
8075
6231
7704
3608
3852
6014
1799
4633
3935
443
2744
8176
7076
7280
5329
3184
6696
1366
2755
4215
3966
1950
7413
4263
2023
6280
5481
461
296
6267
5723
5646
3958
8138
6874
2332
8789
2416
5829
8693
7108
5812
5980
5110
6298
7921
5803
3303
6100
6457
144
717
893
8051
5019
6694
7934
7155
4074
3571
3911
5927
7634
6438
5842
3403
4699
6990
2497
4914
7167
5265
5316
6319
6534
1117
587
5096
835
2562
7308
528
6265
6796
65
4991
2020
7097
2352
2967
1879
8306
2752
6732
7503
5085
2603
387
1180
3756
7506
7467
4158
5183
7600
2910
2120
7839
5607
4798
5600
2418
3851
4929
1702
313
811
8244
3727
6278
433
1901
99
6169
633
7379
7000
2604
624
8439
7621
4809
7848
6780
6517
6562
4750
436
3305
8560
7095
566
3768
4757
5585
5485
5125
2368
5360
1041
4161
942
4259
8170
5277
8587
4542
2896
1871
6296
3751
4018
688
4113
4687
1548
5114
676
5343
39
3534
7346
1356
1604
7027
4109
3076
8023
3994
8254
6704
5558
7021
4410
6375
7945
5422
5341
3223
6630
7861
5146
1316
8697
544
4722
4194
3533
2116
8116
1423
970
8494
262
3967
8207
6382
6520
2016
6021
4323
7291
5563
619
5229
1405
5851
8123
5380
1292
3902
1665
4350
5793
5417
6642
3786
7219
8662
1518
2413
8484
4238
3437
4070
6285
1967
4344
3048
2531
5403
3561
780
1375
1505
2607
8665
8463
6782
3916
4277
3629
3420
7046
20
2828
3855
4544
3709
665
6876
6076
7640
5149
3957
2515
7637
5831
349
5633
641
2205
1590
3130
5751
820
1974
8022
774
4582
2385
8248
7608
1527
3079
2274
5543
4632
2572
3830
8386
2371
7518
37
5684
3868
2273
5657
5240
4986
5248
4126
7591
5626
4425
2746
1731
754
4686
5283
7039
7025
7394
131
6442
3494
2297
3769
8720
6689
4177
6600
4849
7807
8519
7444
4398
8058
6602
5675
6401
4261
7372
2559
464
797
3877
7402
1884
3154
8487
1070
2649
1050
1857
6754
7878
3940
5027
2970
3338
440
2451
3280
139
8469
6670
8416
7136
2969
1488
1771
3449
6727
1335
503
527
7811
4452
964
7986
141
883
8735
4278
5552
7942
3749
5258
3816
8370
3073
3525
4871
437
4660
15
7957
8640
2384
7348
2609
2671
8727
8122
8130
6996
6345
3297
7465
600
5458
5116
7361
8110
6844
7170
1446
7672
1079
8017
851
2375
3031
1932
4281
2454
7380
7872
2382
8180
7932
4604
1943
3536
6397
4138
6227
8511
6981
5274
1692
4634
1195
755
2000
8780
7153
5219
5292
312
1350
438
574
645
5087
2427
2693
4445
6940
673
8717
3051
653
934
5037
6380
1301
6052
3507
8181
4065
2833
3176
606
3292
759
6878
4071
4037
848
7381
7235
4190
4881
8377
2522
5653
3627
564
8183
8413
7461
47
7714
6342
4367
7154
520
3784
2680
697
8660
3720
2276
4829
1911
4148
635
7877
403
3164
4594
5910
5131
5780
2516
3623
4324
4214
2622
790
2976
4883
3404
8293
5117
325
5699
4116
3380
1796
3578
1150
3581
4941
8763
3122
3992
410
7176
4026
7185
862
1850
56
6187
5298
5716
1112
6384
4817
8722
4950
8485
3722
1054
4863
7547
6540
1628
5773
6726
6140
6809
4419
377
1861
5940
32
328
121
1458
2341
6816
8255
6798
2477
8569
7571
2953
3098
7925
6681
2766
7324
5192
3848
8576
7120
7812
8021
1811
2872
2487
1409
1607
5307
2240
2749
4790
8420
6239
8610
7859
2230
3658
8043
765
2109
3119
7314
8199
6106
2083
3777
2452
4186
357
1173
6365
6209
2090
6441
1668
6093
7587
8734
3894
6881
1613
7304
1637
5457
7081
2131
5489
6314
6327
5862
1989
4709
7635
2696
8505
8553
4011
1640
3833
261
6648
7883
5107
6002
2300
7810
4402
4916
679
6870
792
2318
1972
1913
3734
8517
1584
1891
7351
2853
5369
2741
5237
7531
6920
5492
553
1922
7018
5267
7433
7127
3586
8303
4994
7363
1379
1903
6894
5768
7497
8418
4580
3320
1839
1485
945
4550
1353
8771
6802
2496
3185
1082
6533
3058
2060
4786
8261
1743
