5858
5873
6484
5427
4528
2463
2403
2298
4098
1883
1698
2731
4562
4827
1506
3441
6343
7281
2898
4003
5717
629
112
5762
8156
3154
3131
5806
936
6679
5244
123
4575
7126
8300
1477
4348
6384
4942
8696
4442
6624
8277
1191
356
4952
3992
7295
266
3619
2324
3244
7017
513
7816
3313
1559
2146
7727
2552
217
361
5503
804
7495
5579
1671
1063
1196
778
7507
1662
2765
6523
4316
6905
7058
3789
1995
8630
3545
1806
3165
3800
1341
4821
7021
7160
2343
446
8546
6478
7264
4483
4410
1913
4132
7008
2326
4330
4076
3941
5761
7418
5659
4658
6843
7139
7480
3792
7305
597
3293
2664
8738
431
3120
2226
2533
6696
7566
2766
7631
8610
4454
3422
4364
5080
6287
4726
2620
6099
7115
2332
7150
6882
1034
2757
659
2367
2044
4890
1879
7291
4479
4704
5411
1042
7300
7681
4940
172
6079
5163
7914
908
8450
4484
7390
3512
5495
508
2126
8483
8385
3682
3455
8119
8707
658
5868
4502
185
5669
410
4619
3920
4047
2259
252
333
3644
2260
8048
1967
7069
6163
3098
7476
246
7957
102
8055
3604
2548
6954
5834
7872
349
6168
1461
913
8404
3123
1425
7977
5036
499
3369
6510
8443
3339
139
7243
5595
6979
1985
371
1747
7869
4058
7519
5287
1586
5401
8698
103
5656
3253
7809
1044
2730
3980
2439
4503
2218
1494
2758
1579
285
2173
3107
1944
4196
2569
6254
723
4099
7421
3315
5089
46
6869
5768
5087
6331
7006
3017
3813
3942
6017
4880
5940
1952
6660
7364
8702
8685
8028
4462
6407
543
5140
3223
2617
565
6981
927
7483
2372
2928
7060
7551
3264
2613
5093
8138
330
2854
4797
2376
7682
1379
8018
5316
4336
8288
4713
6846
1287
869
7114
2707
4286
2449
4778
85
37
4474
2232
3106
442
6050
5800
7522
4349
6541
6955
4361
3779
5860
1390
6115
5899
6684
4037
4862
1110
1386
7474
4107
3570
2196
7
6657
7151
1398
5249
753
8626
3495
7679
7541
3180
5045
3210
525
4520
3353
4692
7672
7016
1857
771
8327
4651
7955
3380
7204
7392
8511
7002
7379
7773
684
2177
4533
6044
4004
5351
7172
1252
1744
8349
339
8704
2042
4606
5690
2738
2799
992
8299
7834
4356
1134
2318
563
3212
1310
2060
3046
2236
7400
3684
3780
1108
5136
1808
648
3425
7700
7880
2540
7743
8255
1920
1067
4051
1142
4600
2271
3937
6524
483
5969
7283
3162
5925
2391
2883
3583
6610
3618
370
5011
1908
2349
4347
7903
4166
100
2353
3668
8531
2141
6150
8117
3202
3793
1445
939
6098
2026
1450
318
6842
6765
5727
7852
291
3181
1526
1218
7538
747
8121
5898
6388
8628
2534
3526
3007
6433
1204
4768
4852
1466
7099
1032
1592
1163
6449
7970
1541
1621
3219
8063
4644
468
2855
6492
2984
1360
3819
5877
1216
1731
8789
7229
679
7755
2761
4452
4581
619
4610
8542
6912
1640
8354
4701
2623
1166
4214
614
7164
8739
5033
6093
8383
8456
3692
7648
5647
5125
4155
8569
2025
1800
1976
1929
4966
7967
6890
4095
3913
6604
1028
137
1219
7461
3043
641
1823
2286
1416
2727
1996
1514
7698
5262
2159
1345
8646
6914
1404
2762
6592
6946
3382
2182
3827
1812
7626
6004
4304
7426
1957
5426
4239
1031
7678
2678
5610
2421
893
1487
8484
3638
7623
7972
3192
979
5658
2467
2604
5697
5561
3528
2479
8114
7938
2200
5098
6712
650
3848
1717
1382
2384
2153
6006
1741
6376
6077
5274
2586
4158
8083
7661
4815
4202
5454
2293
4708
4702
8072
6627
5464
4077
3240
4981
6385
2453
2816
6393
3226
3298
819
1035
7769
4540
1531
4620
5970
2105
4842
4788
7367
5489
6237
6596
8648
8312
2486
2635
3458
8467
7610
3169
8274
2053
228
7944
5995
1853
739
4794
4806
7175
1043
3291
7142
7721
1818
6877
6789
6289
7600
4048
7167
8674
3986
5097
777
7513
187
978
2435
8240
3988
4637
1104
677
5618
5711
1099
6894
265
7394
6350
2242
4388
3149
7695
7489
3413
5550
2221
8073
5991
1331
579
3883
7277
2380
208
6135
8577
421
1732
1061
1568
728
7285
5232
3696
5889
8093
7882
2908
2118
7586
5483
5726
7587
5197
5952
2649
5028
5702
4782
6442
406
1356
1677
8755
3994
8786
5713
3145
4366
3585
5441
8054
6927
7817
4954
5696
1285
3513
5007
3873
2554
7252
61
4535
596
7683
7146
3265
1855
3344
5256
5691
606
2991
839
8331
3013
4758
2454
2891
6139
7306
2168
5214
6132
5865
5429
7540
4779
7464
3857
8343
3557
4199
6573
5849
2812
8324
4982
3333
1906
3416
1819
2233
7159
11
1098
6370
7968
8197
3111
3895
5230
5392
3436
4784
561
2409
7827
940
6184
8192
4416
8004
5678
5643
2073
6703
2760
6124
5317
8658
1470
3864
7102
727
8078
8163
6174
271
6386
6860
6201
5335
2592
5255
7296
5752
1220
3196
7987
7726
4128
6195
3170
7237
5482
5923
2441
624
6776
5065
838
5598
1686
1408
6227
3746
1435
2558
4187
1729
3301
144
5200
4628
5268
7337
8491
7348
502
6120
3815
5708
842
6930
8748
1926
6821
4718
1291
4675
1815
5022
40
3402
4488
1274
6327
3564
5201
3321
5352
5371
5741
3194
7503
5966
8550
8561
6359
344
7148
7893
2090
7340
8171
7425
3807
7088
3923
4523
2539
2536
224
2415
3201
5096
5641
8041
2748
122
6757
2722
4270
7998
6164
104
3447
7152
3132
5433
865
1805
107
5139
5463
3959
5732
4749
1685
4995
1212
6826
8620
7174
7824
472
3637
2756
5754
5496
3026
3002
1271
8075
8140
1072
2846
515
1532
4369
2291
1739
6061
4819
5312
6893
5748
1393
7751
5534
473
4757
8065
6123
8510
7710
4634
7840
5537
2703
4114
1019
6328
5219
1144
1530
6922
4443
5004
6051
1429
7052
7454
8573
4736
363
2528
7407
130
226
5701
8604
6073
3021
823
7858
2207
5408
890
5307
2483
6490
965
895
6265
1936
6658
6730
802
4072
3662
1590
2669
5026
4281
6917
4340
8691
7505
1249
3900
1872
3063
7266
8779
5498
2795
6412
2142
5452
6398
6294
8771
7703
1770
4102
5038
7986
2495
8291
5361
764
2340
5526
2315
7567
5162
577
638
2352
3409
5132
1362
5764
4550
5403
4908
781
1924
485
8217
4020
1885
2500
7657
2877
4343
3229
4897
7876
4913
1545
5188
8313
6832
574
5297
7492
5000
2985
5714
1624
3349
6055
4499
6859
2354
3906
2789
2732
238
5808
7837
4641
2379
6288
196
554
2157
2094
5689
2045
1554
7772
7092
6497
1682
381
2866
6716
4160
2211
8455
6095
4113
1400
7248
4232
3643
7501
8393
2728
602
4492
7793
6039
1540
526
4119
8514
812
3955
209
2955
4033
6777
6762
5770
1102
973
500
5607
3357
293
5066
8615
6513
3427
3805
2723
3397
5650
135
477
2524
4218
4569
6793
6444
322
828
7895
6864
3135
6100
1801
3471
7059
1838
6278
5156
6209
2488
6693
7646
7590
7688
50
977
4959
7025
8564
4828
2956
1214
6293
3666
355
532
5058
1765
4584
3911
3184
4506
556
5629
6494
2310
6389
7186
5423
7070
873
2893
7120
1619
8394
7922
7122
5083
5326
1235
8302
3055
963
6980
6562
465
3899
4279
7320
5072
7571
6457
8506
7040
7585
3954
4573
3603
113
8635
6243
779
3946
7437
8147
550
874
6944
2041
8166
8033
5050
5866
4399
6025
1459
1607
2609
7517
1276
5144
666
239
7276
7736
4461
4154
3275
3096
7641
3389
2974
7373
3697
8622
6015
7432
8118
3974
4552
5092
2659
8371
5400
7161
3806
8518
8504
3620
2033
8293
6928
5332
4790
5720
5304
3336
7260
4537
7525
1322
8625
2432
1295
5983
3674
3916
5666
800
7951
7085
2401
4200
4856
7269
4008
7301
5260
1528
4729
2606
5158
7549
4668
4871
4141
4438
808
5653
5583
4387
5342
870
2411
1779
762
6196
3282
435
1064
5567
5288
3102
7405
8169
8428
3581
2975
5155
2193
3590
4851
8158
3625
2927
3283
4256
6689
3475
1373
1155
6733
467
4203
1798
1982
8006
5384
5039
5445
5676
2272
1919
534
5562
4866
376
6425
6032
1871
2924
7153
6029
6399
5336
254
736
2399
3057
903
7606
5545
6317
653
7794
5855
5623
7580
1245
8358
1100
4253
8034
5114
3652
7783
7066
2306
7384
8753
2067
6837
8029
170
3621
8094
7973
1772
6169
1420
7804
6872
3872
4674
4365
5190
3931
6246
8294
843
2424
7013
4430
3105
5790
3088
593
507
162
6166
8778
2527
7891
6889
971
7799
3933
7649
1369
4377
7371
8508
3377
7871
6363
4260
1462
6787
2108
2824
998
997
7221
2121
5460
6217
4661
8441
3028
1121
4145
6268
7596
193
7993
6081
2198
5574
3919
2794
1305
8152
5024
1024
6993
492
4041
7205
4689
4405
1217
2009
4597
1631
6103
6089
5258
5340
4799
3850
4494
1868
7191
2210
3979
6891
8439
1467
6367
3010
7906
5907
2029
1730
2220
4223
1046
8431
608
5536
2205
4435
5698
8001
6780
4844
4073
3115
533
6311
5875
476
6551
2473
3744
5894
5193
1720
1762
1960
3626
8733
6639
7915
148
756
2676
7249
1002
5992
1411
5210
8344
6181
1824
8644
8678
4705
7825
5123
7622
6863
2856
2874
6080
7414
1997
2574
272
4653
183
7141
3851
386
4478
715
7728
4079
3977
7632
5922
1503
702
1289
2972
145
1273
6591
5228
6068
184
179
2212
1055
7908
5380
2601
1921
4596
1041
5250
8076
3770
5869
3405
6811
94
4471
7298
328
7757
6521
4324
1436
3719
4694
6634
3820
3948
5487
4264
1377
4182
3540
4571
1840
5788
2612
3365
1094
4670
2050
55
2657
8482
3718
4971
2065
5029
7599
6570
1008
4055
4209
3958
1981
6188
6904
8554
2303
5600
785
2225
2122
8555
5524
3457
3273
7729
3687
1653
5530
6982
892
7424
6906
4360
4205
4710
3579
1723
2068
6473
1203
3209
1615
1313
3811
6445
8761
1207
1492
380
1776
7327
7430
6094
2366
76
896
7255
6919
8196
4570
2117
5903
3
3686
8172
2038
4951
6691
1451
8785
6461
8651
1030
7653
4508
117
7024
2813
573
7459
2452
3258
6362
6683
7075
2600
1190
5440
5189
6198
4707
1947
4222
6354
5679
3796
7227
3220
4294
3600
5549
6995
7169
2599
3456
1194
8339
6292
3374
4038
5364
2779
2907
3875
5345
3147
5206
3809
7342
6698
2802
407
5113
2487
6760
8599
2151
5646
6603
6024
3100
2477
2529
6420
8687
5333
6322
583
3249
6802
6452
1750
5842
2763
348
5759
4204
4932
4295
4989
5477
7595
404
7479
4760
5796
7822
6344
1755
3335
8429
4342
4586
7974
4741
877
5933
4965
5420
806
3307
3442
7314
8308
3506
4122
5936
5602
4432
690
957
6542
8529
2148
3650
8144
1704
2305
7629
7471
2551
288
3157
8269
5108
6257
7210
6778
7080
8606
7717
7455
7251
4835
2999
1504
99
1335
60
4769
173
5292
2515
678
350
1253
6101
8307
7445
7764
5654
8673
3990
6667
3331
3932
4734
283
3561
2359
1131
7354
8342
6499
859
3036
4466
2662
429
6991
8159
6021
5430
6838
3292
7132
3960
5115
5209
3929
5847
7738
8538
2138
3854
904
611
3723
453
6925
4317
1836
680
4378
8151
3327
3038
4301
7680
6496
1790
6011
5895
4748
8608
8588
4603
2773
3553
3191
181
8037
294
7792
6202
8030
6406
150
2848
6751
4698
8686
846
7711
3044
4195
934
2995
2059
2842
6593
7560
2519
4544
5417
5625
1689
2024
7990
4836
7916
4380
662
2229
791
1402
1570
1304
8438
6125
1933
8639
4043
20
8724
7208
2438
6668
5715
5891
2588
8487
1128
776
3759
7805
5948
5590
5880
3014
3797
2256
3532
7294
6662
5085
6189
186
6743
3029
1077
1633
6333
969
3361
4404
1522
552
8035
2661
578
8380
425
7187
2771
2243
7508
634
331
7911
7687
1738
2357
2797
3054
4914
7292
1378
5064
7832
2136
3303
7831
8419
221
2805
910
1912
7213
7797
8176
2475
3828
1966
6498
7958
2451
7920
258
6781
4351
1066
964
6324
1324
8539
5649
2113
3863
8350
1775
5238
1093
8459
3968
1610
569
2582
3478
6532
3302
6931
1086
2112
3853
5309
4332
4759
3740
4807
6183
1209
1613
8448
993
7140
8022
5254
6722
1826
2329
4245
2406
1737
2559
6644
2651
5236
1197
6654
2510
7982
314
2577
1886
3623
5128
6421
8149
7433
3431
7319
7608
854
2952
7905
3247
3429
7795
7819
2714
3087
8636
7012
2831
4953
7484
7037
2876
7940
3024
5606
6616
92
676
463
1262
5084
3221
2708
7735
2837
3659
6711
5585
7063
7572
8160
4580
661
6836
6536
3101
110
4937
8470
3773
3488
6669
4883
1994
6895
6466
2775
3971
6883
4513
1705
7241
7162
8466
5354
449
5241
1903
5740
4075
6640
4669
2064
5299
3882
7670
5446
4845
1175
6728
4092
6379
8488
4949
3795
651
5700
3462
7446
8244
399
5476
5612
7262
2573
4053
8123
4262
7724
5178
6057
8082
5751
510
8273
3375
7018
7493
7526
6489
4271
4174
5596
8193
5078
4184
1081
4234
962
4541
2645
6463
7692
3582
1993
3078
559
1516
8002
3486
3261
3588
3368
4657
5174
2541
5810
365
6585
3342
1753
2040
8697
2171
5149
4140
6394
8475
5485
6943
211
1856
6418
663
6831
3683
8612
3263
3761
4080
3150
7271
3868
5589
8723
2270
7719
3654
3094
1574
3969
1409
685
8752
8603
3408
5137
4436
341
5838
5830
7774
3639
6962
3995
501
2195
5398
4044
7278
320
5305
5614
5935
7101
450
1380
4290
4919
2912
5959
3179
188
2472
2587
1493
6234
6851
1733
7145
6936
3510
2869
7382
7217
3707
4231
2455
544
225
3304
7358
5142
1060
6351
7936
7257
689
1676
2698
3518
1922
255
8067
858
5816
4328
7730
2268
3082
6141
7095
8115
2638
4112
1275
4468
7157
2976
950
4921
1991
8259
5872
8580
8449
2466
1084
4446
2447
5226
4066
279
7061
5164
3136
1480
4967
6423
1017
7593
2023
1891
5509
1381
5131
5166
4709
4688
127
2338
2429
1299
1284
7830
7930
4180
2471
7071
8772
2726
235
1428
65
3004
3395
7627
6429
792
5699
2804
1773
7842
5809
3360
245
1807
8417
7054
5082
4485
3956
6258
6792
7239
2605
7000
1938
4017
6301
5281
8276
8096
3653
879
790
5176
1583
1974
8536
4848
2021
1702
2819
1827
4395
4126
6304
7926
4878
2407
1589
3414
7577
5377
4456
1023
3428
7823
3477
1573
2505
7716
7048
1558
3419
8088
7293
8494
7759
6620
7273
4800
1224
6940
6018
7953
2104
4110
1037
7686
290
6491
1850
2930
2747
141
4530
1914
8637
5337
8319
5747
8209
7393
5484
4258
7847
7954
3345
5735
7725
8751
4999
519
3739
174
4564
8682
8141
6149
1210
2982
1385
8451
4419
2360
4665
396
6641
3284
2339
4521
1869
8462
6049
2602
3689
2733
2616
93
5782
6084
5111
4149
8258
4909
2826
1758
8369
6505
7334
5358
1156
4643
3031
5474
4363
3434
6759
4998
4069
3525
1364
1460
3891
2115
7925
2564
5555
2597
5864
3810
3878
6553
5473
2942
5915
3605
8365
6253
2655
7219
6628
4724
6929
1679
2493
3713
1551
367
53
5956
1147
3609
7109
4391
8718
751
2443
6608
3385
2485
1970
3953
5563
3433
3320
1941
7228
4384
4045
8440
755
6437
8289
7786
5854
3310
7038
8583
5532
529
6275
721
8501
1137
5557
7465
6259
5573
1693
2129
4261
5584
5467
8591
8654
4402
7460
7387
989
6156
1463
3733
8773
3836
1479
4025
6378
6690
5143
7475
2206
6405
6416
1585
4448
374
5373
5931
2288
6740
5859
2947
8689
6655
4978
4568
8282
7620
8310
8787
4096
902
42
5469
2690
6568
924
1638
1349
5330
397
5327
8303
1143
5950
4423
7910
2228
3663
5592
5146
5475
1344
3390
7619
3074
7813
7821
8359
4985
7844
7408
2746
4352
4621
6902
4292
7778
3548
3167
2223
7886
2692
2145
4907
5787
6635
1584
5047
5504
4646
5194
1760
4948
2793
4408
2841
7420
8489
6352
926
4744
3840
101
1365
5523
1560
4300
1614
1665
1961
8668
4445
3001
7290
5597
4532
5025
4298
6138
2821
149
5998
5308
2786
1333
4772
847
4194
4181
6556
6844
592
6848
4414
3110
2736
644
8245
4130
1572
220
3816
4420
3799
5548
4287
6680
8360
6785
5786
8492
3812
729
2006
8168
2412
4370
4733
5890
6186
1088
1971
6633
2749
1279
1979
3193
6355
382
4429
6815
2114
5662
4898
1652
1424
6030
4973
5410
7969
987
4341
5348
3158
1468
6238
5682
2594
8283
5734
3019
5843
7562
8185
8397
2905
643
1465
654
3537
6597
6097
2636
7395
2950
6212
5251
4081
4608
7995
6172
7028
2257
175
6769
5095
270
3116
2993
5046
6755
1205
2382
197
1863
5468
6685
793
7909
5624
4755
3555
2012
1622
3156
4293
1339
7615
5772
398
6702
8262
6518
4972
3049
4265
7403
115
336
6269
8740
4529
8515
3319
8264
2304
1647
4804
4751
1680
1969
1157
7486
2737
7946
5962
2832
6192
8631
3034
4886
3531
3675
1422
7072
5042
4306
1756
3589
1129
4409
3775
1959
4137
5533
2878
3015
2496
6646
5264
7022
7214
2521
6205
6321
881
4695
8027
7096
4623
2328
4929
1266
6211
4745
6251
3048
1628
1691
4777
8356
4344
7652
1430
2015
2334
8106
2347
1243
1069
7136
1268
719
1353
3208
4412
4242
2591
2943
954
7500
4116
8640
3901
357
5261
5231
7918
4108
7565
1033
8005
5886
1079
6306
2508
6758
3511
63
6476
343
3624
8584
6373
7366
3406
242
8357
2882
5243
2327
2427
2523
1575
5153
693
6896
4543
4743
7256
1948
682
6738
8472
5272
1039
595
4548
1329
2019
8279
8692
3473
5391
4314
5480
7144
4693
3710
5338
5520
8537
5152
1782
5285
3411
2887
4123
2430
7356
5799
3072
3661
3092
7671
4975
3068
3012
2517
1120
5582
8208
3507
4241
4625
8509
5906
8226
3059
7203
5051
2903
6558
7377
1015
8009
210
1498
6939
1796
7074
6947
7533
7714
3535
1754
3047
864
7557
1427
5571
656
5999
1968
3176
36
6281
8205
952
5048
8553
1587
6347
8757
7594
6688
8353
3641
2629
8774
7177
4566
7081
880
4885
7855
8207
6137
5393
3972
7845
3250
6078
3630
7372
4877
2611
7244
7193
4062
8194
1007
1649
1222
7325
3634
5743
2459
1036
3289
5954
2961
3610
2717
1307
930
2057
2557
439
7984
5127
1751
5134
7218
8442
417
7921
3738
6631
7206
5076
1713
8414
7589
6986
1052
2387
4624
7563
88
621
199
8199
2127
2373
1736
2385
3881
5621
4212
6402
1778
414
3266
2231
6482
2325
1169
6606
2445
6199
203
2437
21
3985
454
2197
4318
3534
2377
91
6537
2375
2853
4663
4039
18
2772
6155
8601
4505
7268
7537
773
305
4642
5531
71
5586
5196
7618
3783
6511
2219
8618
6426
1326
5802
5161
2948
3424
5535
3452
1791
6868
1160
2418
4910
4667
7838
280
1096
191
4376
7733
3341
470
5184
8366
3909
1501
1319
4407
7231
3359
1777
1945
5924
8710
541
3346
536
1697
6131
215
5897
6984
2178
2074
7310
5829
7234
7183
97
4904
2750
8679
3914
7584
7802
5668
4676
2497
3808
5635
5220
8726
2946
2320
814
1499
6692
2652
8181
4151
3311
8010
5953
17
7365
8768
2039
2543
2624
5289
2835
2850
1787
1785
8008
3364
8111
2152
4968
7900
2048
5172
8532
6502
1053
7612
5874
6134
7086
5203
3108
3699
4467
4793
495
5917
7079
4392
4124
2239
440
708
8533
8576
6334
8721
2711
8399
218
5822
2165
3146
5793
6013
5020
8589
6122
3207
4296
1759
5296
281
6264
7202
5412
5977
7734
709
3262
2937
3599
6147
8458
4425
618
2743
1547
1627
6302
7812
6998
2532
8558
8557
2164
8476
5077
5499
6107
7767
645
1283
6074
249
5745
2584
1376
7781
4511
5263
5505
166
1553
710
4864
7137
1626
1769
5511
2014
4839
8329
5637
5918
4868
7436
4987
3152
8614
1162
5638
953
5280
6501
3081
3997
2149
5856
6390
2370
5075
7979
5905
5040
724
3479
2062
4950
5781
2032
7675
8323
4557
2735
1323
3597
6222
6424
3393
2949
746
1258
1082
5893
1537
461
5863
2526
4727
4120
3459
2608
7005
1724
1054
4645
6670
206
3679
8362
7083
488
5884
6544
821
5542
8201
6956
7650
8328
4781
2911
451
1651
2116
6718
2004
2562
389
6567
3823
1325
8500
8507
6578
4054
7527
7253
3737
1316
7105
5428
8228
6291
4393
1491
6744
1049
4516
2431
3418
4036
7313
1880
5021
3355
3825
6788
511
6819
4977
6892
5601
5728
7362
2081
5648
4607
4630
3287
1515
1456
6934
7014
2404
2890
6810
126
4115
2646
4299
2078
8247
4088
4638
1598
4578
8402
8148
983
6309
4172
230
2474
3041
4011
4686
760
6507
8120
3222
8746
3272
2448
7877
7434
3079
1113
4870
243
4774
6834
7861
2079
7163
6028
7754
5688
6659
4355
6875
1405
2287
734
2356
4838
3704
5414
5378
469
8763
6060
4383
2754
6027
6459
681
6533
1701
4400
489
3602
7849
2920
675
8719
3254
8134
3326
6146
8095
6161
4394
1050
8427
3943
7156
1269
6485
2889
5370
7539
1788
5974
3187
4601
1255
2647
2716
8137
6233
5435
576
2244
2137
1566
6215
2348
6525
1709
8563
4139
4525
7780
1136
7181
4125
4368
8582
2567
7350
5749
2419
631
5001
3572
5663
1535
2929
438
740
6576
1670
8031
2642
486
582
49
4190
1091
6989
7338
4375
8432
8051
6652
153
7429
4515
3884
7304
2769
6839
718
5929
757
2058
1877
338
7368
8170
6339
8497
5438
1538
6182
4754
2063
1236
6010
4320
1200
7045
8203
3381
4275
5976
3356
1059
3989
7185
768
2978
872
3109
1150
4813
1265
3114
5593
1009
1642
652
8210
5527
7981
6446
39
5013
359
4706
749
8153
7510
7723
190
3936
5030
754
3383
6552
5644
1771
5374
3681
5661
5913
4696
369
427
3543
3782
8368
8317
7442
7361
1714
3141
4386
2614
3199
4248
8219
1972
8337
1109
5005
2008
3119
1987
2368
6546
7722
1672
6443
3573
3892
329
1474
783
6411
5934
2307
5937
935
2297
2417
7170
972
1716
298
5122
594
6283
2778
8091
4374
2724
7345
8252
2670
3538
7490
4052
4027
5187
5942
3348
5791
8250
837
6102
213
2919
6629
3435
75
2263
2896
4118
441
3294
4761
921
7846
2395
5730
5949
7645
2426
3228
57
6612
121
48
1421
6647
4103
673
7555
8571
1192
8613
5157
1171
4398
1482
8071
5756
1999
5945
8490
5617
4476
460
542
5961
5993
2741
3322
3973
354
4633
2414
231
72
8783
3760
1138
480
7415
8670
4902
2109
3215
7851
3089
3404
4818
7828
8540
8638
275
6706
5387
1083
7694
2394
6938
5525
5758
5750
2250
7198
3139
1199
5994
6988
3103
551
8021
2106
227
1368
4576
4259
377
4177
6129
6935
2697
3407
7782
4498
2828
4732
4671
6040
2705
3987
3248
4450
6520
7247
5259
5492
8183
6900
7530
3847
2654
1486
8042
1092
3035
5704
1911
883
1010
6140
8108
7001
3022
6009
4796
3826
6715
1140
1111
8747
4475
4131
3539
7369
3352
6673
2590
8412
623
6908
5818
7806
2295
8645
5576
4648
3309
4153
1164
4930
2085
4750
157
2321
1434
6435
1696
4893
6969
1165
7287
535
8408
5073
6636
615
373
8544
7448
4263
7435
3677
8389
4875
8377
2381
3394
2264
1355
5577
8175
2783
8053
6791
8570
2092
3449
1013
2844
2103
6128
6451
3206
3008
5406
5861
8477
4063
1045
4451
7609
7547
479
5129
2689
5159
7931
5343
1334
4920
5094
6824
2951
1700
1183
5852
7196
2550
6468
7477
6665
7718
4858
6952
8040
1605
6464
3159
1678
6085
74
1661
2001
1502
30
5177
8081
1580
2803
5269
8069
5718
1395
8057
4884
3487
8503
7752
2187
2788
5813
3656
7165
2317
6682
4699
5224
2428
6364
5821
4567
1828
3833
4372
6609
4189
7635
7308
1454
5453
4319
6677
2351
6242
7689
2847
2276
7747
5837
7715
2284
2966
1449
8731
3700
1511
1173
3025
6771
6828
6106
6623
8216
8527
2820
5334
2774
1161
3646
8026
4742
6048
6676
1718
8496
5771
163
1337
4403
2503
7929
1300
1413
6190
394
6932
3027
2900
7245
2520
4961
4545
780
3606
4925
4714
4111
1047
7634
4345
1550
759
1221
7357
6200
3256
4791
4188
670
160
6403
3076
6909
5798
7744
1267
4722
3552
1582
4379
4986
6901
8418
8468
5785
234
3594
6571
3694
5322
7785
1609
362
434
4000
5301
4018
274
5266
6808
4481
3975
4988
2355
6951
2397
1073
4406
2240
167
77
1195
8391
3204
1841
3399
7412
7168
1752
2640
796
3242
7004
2964
1351
3940
5581
4109
379
4440
8671
1448
6439
402
498
4560
6997
6075
6290
2619
1159
8047
8131
4881
4173
4514
5616
3930
6881
4030
5008
6228
5404
4353
6575
5775
4148
786
731
7222
1878
7790
2144
4943
7696
2681
6143
5271
2918
5540
2776
4912
2227
7289
5570
1132
2280
3880
2285
4509
8552
3517
3337
8703
4680
229
2292
5318
360
991
8434
1048
8314
6455
5943
2235
1184
6356
8592
750
1875
627
7404
7956
1748
6749
7971
6151
2099
2977
4853
8249
799
1302
1391
3489
711
6805
7866
1176
3286
3213
4891
4559
6752
4996
1608
8725
7230
5041
23
8526
7820
2072
8180
4763
8239
4522
3876
4524
3126
7097
7853
3316
1338
5329
4208
2656
1270
70
2509
7043
830
90
4994
372
2502
2555
5291
1907
8545
7578
1105
1835
1794
5390
6475
5980
7050
1989
3716
6260
5776
1303
302
4615
4595
6519
7381
6976
2241
4738
7835
7705
3894
6773
4458
6465
8522
4367
8446
6148
8452
340
3651
2904
3729
5722
3023
7211
5481
2203
2161
5347
3299
4786
8220
6092
1234
3143
2653
7502
7391
2255
1437
5967
34
43
2983
7498
6307
2201
3576
4238
5667
159
8000
2134
6059
347
8760
931
5870
6374
945
8498
6601
2633
6845
2247
8351
7535
6284
1384
2346
6056
2547
7693
4715
1383
7396
1793
1604
4547
5070
5341
5074
4802
7003
6506
4555
6458
5564
7514
4650
1930
1986
4776
3366
6053
6471
5490
4134
2234
524
8605
2007
3182
7746
2546
6996
3073
5823
1654
6395
8336
4599
8373
546
7053
177
4049
2632
1706
603
523
4647
8701
5687
3188
6761
1223
707
3300
807
236
6495
3494
6918
6072
5459
7582
3908
3832
633
2133
6968
1822
4362
7706
1596
7811
1916
1410
4752
5369
4444
3774
7010
2269
8295
3547
6224
5278
898
6582
2457
3504
4861
194
7131
4627
4561
7036
4683
3658
133
3323
2100
617
6572
2265
4579
401
5418
537
8330
2933
5765
7933
4609
7111
3657
4303
5090
1363
8128
7261
4473
4061
375
5840
2740
4001
8661
929
6194
8364
6220
581
6438
1865
3281
6014
8495
6121
7049
6529
1174
8032
1637
4519
1403
7386
1473
4267
1170
3829
312
4138
5383
8322
4991
8457
7411
2902
2829
7497
5892
2849
8097
3464
192
7328
6340
1799
7329
2258
4162
5630
6827
5185
5068
2000
2628
3742
2814
296
8043
4677
6160
2279
2107
8290
7330
1641
6318
8743
8145
6861
6326
8602
1561
4825
6431
986
3521
8345
5724
4426
2350
5126
4449
862
8547
5725
1728
7190
7656
748
5783
853
300
8321
3671
3523
1780
1600
735
951
6397
1230
7881
5694
3559
2398
1517
5306
6413
2960
7182
1001
3045
8003
216
2626
5642
5547
1257
5529
3772
665
694
6790
5695
7826
994
3549
4433
4147
2071
7637
1525
1965
3862
3003
1025
6527
1708
5608
3052
5032
5091
2650
1571
7574
7078
925
2868
900
7945
7047
5362
6745
8297
8659
8154
878
259
4322
5857
1951
1254
2922
2030
944
1581
7901
852
3755
626
4678
1524
636
2742
8214
267
555
2696
4857
3725
4936
1158
5832
8036
886
6256
7267
2631
5379
7463
457
1168
4773
7791
4009
4618
5437
1567
3463
4712
2781
4829
6741
3856
7375
2596
138
3230
7023
4283
570
277
2010
580
2806
5350
6360
2154
3924
7057
4288
562
415
7856
5012
4915
1546
3612
871
1564
1639
8401
2051
7154
7011
3305
6434
7554
4808
5522
3824
8649
4323
7410
1675
548
487
7064
683
4071
4325
7865
8437
567
1934
1973
1722
6297
7605
4074
8200
5216
3879
5290
7240
4785
8315
1290
2671
8188
2
4964
4390
7035
2688
3493
5019
6678
5101
4289
7124
3905
988
3747
6216
6866
7588
705
5145
387
6020
4863
558
3616
6453
4251
5795
1187
7343
1453
5062
1764
2940
7673
4016
8780
5575
5037
7180
6517
3934
3437
5457
69
5613
4700
8415
4711
5900
4266
1578
3439
3993
3730
8098
3843
2190
3066
8019
4983
4682
8667
422
1630
4843
6436
5609
4901
5240
1347
5626
2809
8505
7274
4496
4685
3423
620
4728
8405
6910
3466
3777
6357
7841
3999
6847
5973
1441
4431
418
8530
7701
7919
81
3372
8652
7524
4463
2621
5514
7104
825
5686
493
6855
5432
2914
6016
3224
3246
2936
152
3000
3252
7556
2665
7297
7704
2673
1809
3550
4889
5733
4460
437
506
1909
1766
3080
3347
233
2575
3467
4840
432
2525
5742
7212
1238
169
2077
2504
4175
6316
2274
3271
3830
3009
8335
6303
664
7788
7032
4805
1847
2980
5375
5239
4097
2005
907
5671
7326
4992
3142
860
4012
3722
464
4277
2037
4517
5639
2989
4315
1005
4144
1833
5063
1407
4220
6430
3568
3754
7548
906
6262
4373
3708
1003
2378
1699
3177
3886
3981
6775
975
691
1533
29
2365
6276
5422
9
6142
589
6924
4465
8730
5984
240
4135
3957
73
2156
5117
2719
655
5826
1843
6965
7708
35
8759
1690
4129
6230
7947
3584
8050
1939
7033
8015
3040
8340
2744
8013
1006
937
4168
5519
7119
1650
6467
4186
6915
4592
260
6380
1336
4046
5560
8125
6296
1233
8263
4888
4170
6840
247
4655
6348
5516
4359
3016
6240
3734
3858
51
6813
4812
313
8272
4207
7178
3426
8617
3086
3846
3117
2571
8423
83
6338
3259
6480
4143
6880
276
3822
7176
8683
4350
4185
8737
8593
256
6315
8435
6661
4068
1497
1520
8473
1955
7948
171
5817
7504
3396
6299
1011
8653
8100
5928
5395
2199
4427
2316
8766
6561
4284
6076
6948
7084
2216
7496
4684
4094
787
6854
2815
6083
3970
7250
4334
1146
726
6717
436
6204
3614
2222
3367
6232
5279
5450
383
8512
6225
966
2061
5757
3444
2858
7603
714
3451
3520
696
1527
1342
6747
7473
5205
5528
426
6003
7041
4278
3325
3839
3877
2570
1888
6719
4015
8024
8236
8513
5488
3778
7564
7215
850
1057
4735
7044
3133
7332
4629
6565
912
5043
5234
4824
1632
6580
4611
7238
2361
490
323
7614
767
2433
7720
27
7950
8221
7223
5811
1849
1118
7020
6548
5086
7753
2337
8641
6249
5313
3592
4918
8784
7355
8574
2016
2054
8056
5604
7604
38
2685
8684
7745
317
2863
1282
7307
3728
3745
8275
2166
5394
6783
8616
2679
4882
2214
6796
6964
8392
8378
741
2800
4970
8621
2861
2710
4771
3765
3058
4273
5706
1768
1894
6621
5382
1374
4924
1263
5902
2003
5578
8597
887
324
8776
244
2296
5182
784
6447
2518
1471
5835
8694
7962
3757
8103
2275
775
3821
1206
4417
8762
5657
8436
2480
7179
530
5385
8325
310
6709
1890
5109
809
5518
3095
2082
6088
6602
3071
2994
7220
6483
8720
5780
1611
601
3556
699
8705
7677
5910
2080
6967
5009
263
6721
3601
1876
1306
8471
1783
393
3939
1902
2764
7939
5148
44
19
7138
3952
7534
7488
742
4104
3912
2312
6795
7659
1201
1490
4233
2990
3403
3125
4876
7536
5844
717
4254
2420
4331
12
8087
6117
2245
6933
1293
3628
6942
7892
8132
4767
3896
8587
3963
3790
128
1481
3173
4136
4354
3197
8499
8230
1962
8367
8566
4500
955
3705
6807
8202
8352
78
7923
8708
1507
8215
4662
2566
2583
923
6488
4900
32
6241
1297
8548
6736
8741
1237
8464
1415
6756
6031
5500
2167
3453
6884
1618
1186
1707
7512
1308
5803
2992
1294
7758
938
3794
2313
1889
7166
795
6990
2070
2461
4955
5419
3218
744
5777
1478
8629
3343
2470
1666
8714
1544
6697
5632
66
4211
8567
7427
3541
7902
7450
2971
2888
2759
3887
6417
368
2278
6046
7598
416
8280
6664
8155
6481
5792
4019
7864
5805
1440
505
5979
1927
3225
3554
31
3897
4007
4507
1215
2660
443
471
1992
7961
7644
6071
6590
6637
5506
737
6062
6949
7462
6308
419
4809
5325
6595
146
2658
7763
2131
6798
7317
4441
2958
7575
5186
5568
8372
6774
257
428
3270
4531
3438
3392
7859
7991
8284
6165
1423
1314
6043
462
8271
1746
1090
7879
4225
7280
5479
5044
5315
2434
5257
640
3527
829
8619
7621
6876
289
5633
164
8486
6862
572
1837
2208
2561
5986
2311
2111
3420
3514
3151
4035
222
798
8447
2314
7959
2945
2770
7065
704
4230
3363
1834
2694
7129
6335
6619
6563
8375
5932
4100
5672
4664
8680
7760
392
5319
1943
4010
3163
3505
8011
5389
6508
5824
5888
2238
5739
5171
4070
7976
2018
8390
2618
6310
7469
3529
3544
2093
882
7470
4527
1227
7896
6250
4459
6231
2859
5921
7756
2839
4240
8534
8695
5221
2386
7965
5248
6675
2374
981
3703
3636
5282
1387
1312
8493
2283
1725
6349
2097
4385
7833
5760
4178
6136
1881
1617
6178
366
5539
5978
8420
1188
2822
2096
7125
7456
7359
824
4421
5328
7712
7318
5057
2273
1616
6375
6638
8579
5344
5006
6835
8060
4831
8479
4593
1634
6372
2580
4583
763
6885
668
8586
1937
8382
8424
2175
4830
8090
7339
8374
6957
5744
8387
4892
4626
3771
3075
2120
8461
7949
933
4250
5594
8235
325
3097
5208
4512
4497
4833
2281
3898
8102
1182
7216
4040
6170
6849
8260
334
7346
5605
6615
6180
4917
2413
7015
1065
8007
5359
2456
4510
5049
5680
3767
6087
3515
5665
6583
3706
2046
1893
2885
8246
1534
5116
2246
7352
4723
8126
4167
7236
1357
8341
182
1301
6899
2102
4397
6958
3976
4631
5081
7699
6941
7288
2739
4091
8086
5538
2880
7399
64
1399
2872
3285
7134
6797
5331
7616
2512
5631
4938
3387
2932
3401
2970
831
649
2780
2622
8164
6
647
5965
4064
6626
855
2341
2686
2987
6154
848
3966
1181
7275
5339
845
8788
478
2851
8543
4539
3051
3274
5179
6651
517
2909
3950
7171
5107
1288
1852
7506
134
3766
6041
3351
3006
2699
5154
3415
7569
3530
5381
5784
5705
2720
109
5769
1860
7336
5982
4083
8709
6539
1018
4681
5645
5881
6605
2965
832
7316
3260
8681
4939
4887
5611
6710
1244
1022
3354
605
1599
178
2921
974
2358
7042
1240
6223
6191
7116
4945
8664
3502
3278
3384
7966
3587
4817
8079
1548
4159
1918
7607
7302
3788
2302
3869
388
4005
7452
894
4934
3338
3984
5944
769
8480
3720
7383
3454
8261
7451
3648
5572
3445
6907
2637
6586
3885
8346
5397
4687
1612
8416
7254
6617
3593
8287
4346
6666
4022
8379
3831
3211
6114
1864
3871
4976
6992
8758
1625
7409
6945
4226
2389
5222
3688
5267
7532
7875
1743
6305
3870
7413
1051
2408
4814
7155
730
943
8388
5685
7630
8061
3388
2254
7133
4489
6977
2713
269
833
3727
6753
2879
7963
1117
6799
201
8334
8549
3607
3701
5225
6266
7518
1242
7784
5603
1372
4854
1401
1629
4927
6555
8735
5103
8112
1844
2700
7768
7750
2712
522
8268
4574
5801
2693
8238
7068
1687
5455
660
2160
8204
5628
5627
385
815
5118
8750
3591
8044
8306
8318
8286
4268
304
1438
5968
2663
3231
540
6735
6001
303
8058
8744
3061
151
2248
2777
5227
7942
6560
2792
378
1496
4042
1392
7884
3171
4820
3476
4422
2959
3134
1901
2047
2150
3233
4034
6173
1127
232
6686
1389
8025
7664
3238
8023
1734
604
8474
7640
108
2300
7542
1846
5958
1247
5914
5067
4227
6754
7311
4834
1692
4101
7315
4050
958
6096
6244
6208
1949
351
5478
3748
5867
5716
5211
1786
2169
6277
7766
4084
1674
3938
8234
4816
1774
1576
54
2840
8600
8454
1954
4302
7321
8716
1664
571
7347
8650
223
3670
7808
6279
5018
4002
8395
942
5355
2687
1811
3927
6737
5104
1594
6509
5213
2176
527
6091
2204
2925
4867
6440
2299
2862
5141
7199
553
6857
5828
1577
1442
2996
7762
7117
8298
140
1988
2323
5839
5357
2135
3164
384
98
7103
766
7370
6999
6970
5738
7697
2188
4654
4690
758
2916
613
6564
8150
5622
3373
2237
6391
6427
4549
3499
8038
772
6971
4121
195
5599
4598
7765
1472
5130
7494
4024
5191
3855
2934
7912
5985
7363
1213
6414
3922
391
8142
1897
7638
5812
985
3332
2147
4206
4337
8453
1126
5402
3632
2968
5465
7027
8320
5674
4382
6112
307
7932
6065
5168
1998
5436
143
1272
3890
2871
327
3329
8213
3190
1644
8224
3649
8595
4594
5926
591
8568
1354
176
566
7335
56
5827
7242
4401
7322
5265
8242
8229
7702
1256
3484
7130
3665
6784
4163
1539
3893
1447
2031
1397
6559
474
7917
4415
6656
3235
5133
7030
4216
1139
241
124
3935
5673
7087
7741
1536
5170
316
2396
1298
5247
6794
6086
6247
1029
697
6295
2277
3860
3669
262
4587
1375
6158
5034
2560
3468
6454
6566
7431
7376
8267
932
3861
8411
590
5729
6746
7201
8560
7195
13
6694
84
2119
7873
494
7663
2491
2906
5920
4622
5461
7443
805
5710
8672
3685
22
6804
7850
3185
7458
1318
6035
2630
3575
6346
8309
2191
5587
1928
1148
851
287
7798
67
306
8675
4411
4605
765
5565
7259
8384
3921
7561
8734
4803
5300
600
4215
6916
8706
4106
5415
1135
5035
5431
5675
6460
111
8578
1505
455
5120
2565
788
7836
5212
8524
1367
1076
984
1816
6273
299
475
2553
1089
5693
3371
3617
52
7878
671
2091
7544
6298
2249
7118
6345
2834
3379
7624
1124
3412
1026
3542
598
1606
6632
4327
888
8481
557
1848
657
2827
6047
4716
7123
1444
8212
3175
7468
4717
2084
7128
8254
2963
8463
6090
444
669
8206
2598
7810
2725
946
7110
7478
6108
3842
840
2043
3785
5946
885
6023
7207
8064
7639
2981
2894
484
5218
6239
6768
3140
7643
2767
6176
3205
3203
2581
6410
1761
4
2002
8403
7890
2683
3714
7740
1488
5165
8634
8643
2446
3910
4453
1549
7401
2668
154
6723
7658
2086
7602
5054
2695
3465
8092
4739
1565
4428
928
1983
1133
2130
8782
1831
2478
2641
5941
6599
4731
1932
8396
7051
3889
5372
701
1343
5819
4310
856
2170
2957
6729
6886
2807
2954
7863
7485
8116
1178
3635
6587
62
3536
7270
1984
7960
8624
8460
6809
4176
7807
7642
686
3480
503
5779
6767
5207
7777
3784
1821
5815
7127
4470
3709
6255
1489
3721
6823
5655
990
47
7062
3217
3005
7194
8632
2572
960
1366
5217
7546
2549
3485
2362
2464
6197
8222
3947
1950
7999
3084
1529
4822
1657
4526
1371
1569
1112
7592
1154
4228
4837
803
2818
6779
3578
3925
8195
7748
7978
7709
7997
1021
3918
1476
8523
6528
7197
8130
7568
251
2589
4339
3267
646
2476
6707
2830
8278
3245
3690
3446
7894
6975
8316
6448
5556
607
4798
447
5088
2162
3680
6019
520
5766
4850
2184
6920
5513
3903
6118
2537
6274
4810
6782
3334
3655
4906
8433
8107
5963
3070
7839
6193
2811
4974
2923
539
5919
3251
114
1320
3083
5515
7913
5119
3178
4291
720
6879
3269
6903
5245
816
7771
2857
5620
5447
4085
1483
8135
332
3386
346
8422
5448
2422
4849
2253
5517
5836
7428
1873
2056
8767
2627
1500
947
6713
2489
5493
7883
6577
1917
6365
884
6549
4944
6337
1328
6643
1660
4652
2680
3398
8445
4572
8184
132
3328
1814
5
1673
5407
512
4928
4028
2110
599
7854
5016
6766
2158
575
5566
1179
4480
8677
7472
412
3391
4536
6512
3642
6705
6152
7389
7579
5366
628
8099
635
7188
6383
6213
588
3574
8700
5199
4946
1123
2440
1668
2425
4746
3533
2319
6897
6526
3769
4313
4922
916
5833
6387
295
6825
4639
6428
7184
4997
770
698
5017
6516
5684
8049
1719
4565
6870
4457
1595
585
8642
6687
5546
7660
7046
1141
2897
3667
5876
7888
2675
8187
2865
7581
6581
5321
5002
6487
5031
4935
6063
45
5106
3915
80
8122
6764
448
6320
4879
5841
1683
8348
6973
7576
3818
8381
5896
3726
6082
841
7779
6878
7927
7611
2751
1246
2579
6547
6704
4013
1296
5449
4789
8059
4434
1684
7422
8133
6731
1264
4014
2715
4309
7776
5014
3804
6111
1348
6833
3735
3902
8190
2098
4065
8519
8231
4538
4636
4282
7713
7543
1688
5286
4860
3448
7667
1620
867
3524
4105
456
4589
616
6725
2810
2252
674
2309
4192
3678
6974
3378
1953
3186
4783
5198
6113
8722
3888
6002
6214
4859
3065
5512
1115
5904
3711
6816
491
5987
2172
3168
3629
4023
3020
516
95
3841
4775
4056
1874
7158
8562
3904
6770
59
8177
6477
2301
2174
5501
2603
2261
4029
212
2055
5580
2784
3967
7224
4396
5099
3295
789
6772
1261
2643
2363
5192
1663
1330
2576
7684
1842
1898
5885
2088
1464
630
248
3633
6206
6867
4198
8173
915
4274
3712
8046
158
3702
1623
5541
1845
1715
8105
3631
6005
1931
87
6329
6865
4142
2610
1432
7457
3450
5559
8525
6763
5458
1593
8581
8143
3596
745
8754
3112
7655
7636
609
3787
8690
996
2915
5588
2860
897
5901
2333
4311
120
7444
6127
4933
7628
4305
4437
1655
2507
424
1895
4903
4150
2282
1509
2899
4823
5558
5825
2189
409
3237
2027
5721
5443
6408
2499
4756
8585
586
4721
207
2490
2022
321
538
5471
822
6649
8535
3865
390
7796
7076
5778
8089
3042
2796
6282
1645
5773
7789
3627
1935
6285
1280
2364
2514
738
7553
5405
1149
6588
875
7531
2217
6332
2462
278
1859
8430
813
7233
7312
8712
2392
3241
253
8370
1259
2875
5981
6167
3508
1513
28
1311
4236
2941
5053
5947
8717
7899
8227
2410
1004
2986
3118
3312
5703
899
4031
2785
7898
722
2702
5591
6714
3091
7943
1040
6026
6950
2884
6037
1071
3491
2544
7528
4307
5681
1458
1075
6618
2910
3814
4720
6720
161
4958
24
5277
3874
8052
5494
3951
545
261
4672
995
3277
3138
2083
3743
6739
7272
189
4455
326
6221
4057
2585
6000
4321
6369
1956
4534
5569
818
2444
1358
7108
2066
1710
1292
1412
1958
5486
1557
4333
6701
165
8633
3791
1749
8756
5252
7331
6630
1198
2139
3991
3762
3288
4585
4764
168
2962
6921
2522
1340
3798
7559
4795
5425
6267
105
3844
4612
3376
4210
1562
4255
8178
2752
7113
4640
1455
7055
8607
7676
5491
6822
8565
3069
6613
3318
8174
7992
7449
999
3717
4792
1681
358
8198
5882
3691
2020
632
420
5850
7466
6887
4371
6126
1229
8127
3032
5181
4656
1014
5061
3160
4984
2817
5853
1830
2052
5027
2388
3945
4962
5737
5015
8146
3317
5497
6841
118
1896
1556
6538
1659
8241
345
2944
8444
2563
3128
2034
4021
8012
4787
8749
1603
1250
3050
7633
8594
518
8066
7742
1813
4285
1153
7669
949
3330
5314
1202
214
2345
3673
642
8124
10
8020
1602
774
4894
1804
7550
1225
3837
5365
4213
5508
6229
6472
4899
1542
2538
5845
4911
4546
6614
6479
5462
5551
2481
3370
4811
1074
7378
3961
3236
1669
6913
1211
4765
7147
1695
7870
2468
3430
6171
5293
452
7303
6358
8502
1193
5466
6972
6052
7344
2123
6812
4276
3577
1085
219
6157
5797
5543
761
1910
8413
5169
309
3571
2979
2790
6236
3859
3751
7985
6392
2798
3693
7934
5320
286
1278
5324
2400
16
7082
8253
5079
2492
3062
1866
8039
6038
2331
8182
4841
2335
5360
5323
308
8528
6830
1038
8521
413
3067
4518
7529
6554
1185
5276
1915
3732
202
1829
297
3982
4237
2836
6033
528
496
2128
3522
3926
3121
6381
4389
4960
3551
5753
7737
3501
7857
6377
1309
2230
1414
2988
7897
3801
7583
8301
6923
1180
836
8296
2667
7091
3978
941
4872
7089
5223
2405
5470
2852
6700
6724
6054
8575
6235
7739
8167
4666
6179
2124
1208
1189
5283
4673
6371
7885
2709
1904
4179
8045
8409
2926
2530
5180
920
131
6162
5731
4740
2251
4252
6726
5883
1443
8
1726
8665
129
4357
33
3928
8326
5862
1757
1658
5712
3962
2185
7112
5951
7989
7491
423
6650
1656
901
1990
5871
2469
3469
6681
8233
5553
5195
8590
5270
1867
8407
3567
4146
1784
4660
4847
7094
4747
1643
967
4059
8663
4447
481
7360
7591
1803
6978
1151
3189
2342
7173
7482
6218
509
3852
5456
353
8742
4486
6540
5235
1563
2369
3037
3503
7416
3917
6336
2215
4691
8770
8596
7265
1703
3099
2531
2634
4493
8139
2186
4272
1350
3907
6500
6820
7009
7815
4591
8101
7135
7818
205
3166
352
6034
6983
4424
8257
6611
1177
5997
6873
5311
8361
713
2886
142
6961
4183
6888
7770
4308
861
4501
4487
5789
7625
6474
863
6594
4006
8068
5215
7143
6584
7232
5003
7093
3498
2997
41
7090
7707
8465
6911
3039
961
4078
7225
5284
4219
7941
2791
6313
6515
2132
7333
2917
1418
8676
2460
2506
706
6648
5851
4926
4244
5820
445
200
180
8162
8270
6067
3983
1317
5763
6671
5295
7077
2864
584
6419
2556
8285
6104
6045
1854
5388
6400
14
5502
6450
6319
3845
8421
8248
7100
6672
3586
909
5424
5444
7056
5909
8016
459
6064
1426
3268
7874
1114
1106
204
625
6109
4249
956
7617
2833
8129
6803
2163
868
7545
8559
1469
3085
5692
1231
337
7417
7904
5204
8333
3358
5010
7509
7801
6422
7924
919
3595
6937
3672
7107
4247
2666
1241
1648
4164
6727
5848
8647
7149
6985
6415
3996
1012
2371
5912
849
3033
1884
6625
5971
810
5112
2938
1119
7423
531
2578
5233
8727
6366
4197
7800
5957
2644
1817
5683
2729
5413
2607
3660
156
6175
1946
3214
8232
7674
119
400
4156
1923
4093
547
7843
2209
5242
3417
801
3124
970
3834
1711
2344
7438
6748
7996
86
6007
82
8732
6543
1510
3752
7860
8400
2704
1485
1431
3560
6272
4832
8657
1781
5100
6404
1125
1172
5664
2028
4905
7019
147
8777
2192
3137
2516
3497
3482
5636
3519
7685
3400
7570
7026
5121
3130
3432
2931
2322
8265
497
4703
4604
6829
5930
1452
2075
6456
8243
3776
89
2684
1552
1352
2017
1027
5183
7937
4577
4329
5056
1361
2895
2076
4737
2745
6130
8711
1940
1523
2913
7402
237
5634
7523
5670
2867
5510
292
7487
8699
3949
7481
3496
3563
7868
5552
1591
6530
2101
6514
4246
6674
1228
7994
504
4697
2402
8218
1635
2901
2125
5878
6569
521
7098
2639
8572
8109
7397
5310
6960
405
5353
5071
5990
7073
6574
2294
7447
4269
6300
4993
1636
3944
3580
835
4766
3340
5246
2755
8556
7039
4280
8256
5367
1116
3018
8136
5346
2808
7374
2870
5147
6159
3324
2393
716
7067
2682
1905
1810
7552
4563
2677
1281
4551
5916
3113
3490
8765
8225
5060
1892
2545
5105
3569
3474
8161
827
7889
1851
3640
2458
8014
5237
6959
458
4082
8688
1484
7235
2787
6036
2262
7419
4090
6401
2180
3676
8223
2648
7034
6219
7351
8386
811
1286
8520
250
1406
7499
4338
7775
1597
1068
4165
564
198
703
8410
3470
1239
8516
8781
8191
4490
433
7246
5275
6653
917
5989
3148
7761
5160
8736
2672
6263
2701
4762
4161
5363
2087
6926
514
2823
7439
6503
1543
2568
6708
7690
7029
7453
5303
3835
7341
1832
4896
1601
6042
3011
1475
5399
6898
7651
4635
5023
4865
7597
6325
3764
8764
8715
5651
8623
6953
3749
4801
5660
1152
5253
4152
1789
4553
1087
6817
5069
3308
7511
0
922
6133
5988
6469
8485
4464
5229
1056
3290
797
3849
4957
5879
6814
3030
2501
3362
1103
5807
3280
79
6207
6116
782
6187
4257
2511
4590
1248
2967
6987
2390
8110
4235
335
4312
4469
914
3611
1519
712
820
688
1887
1226
3763
1251
7980
1346
3350
6871
3965
7558
6409
2290
5794
4191
8693
6557
1839
5544
1359
5804
6856
2416
1457
5719
5521
7440
3768
2593
6286
4753
5386
6742
2266
5439
1745
5972
6486
743
3243
568
6806
6818
1396
6342
7520
1980
4923
8332
3472
8237
1058
587
5175
5442
408
4895
8551
2595
2969
4616
1963
155
6177
7192
7907
116
817
3481
6022
6493
3615
672
4916
8775
2674
3195
2939
6750
4133
1861
7803
5059
8186
4963
264
8627
6185
2484
8376
6341
1321
6070
6105
1446
2843
5736
466
5887
4582
1419
610
1232
1000
6994
7467
5298
6145
5396
2825
7654
1095
5102
2935
7862
2049
2330
7406
2768
1740
3695
8669
8266
3255
6963
411
8157
2625
549
3297
1327
1588
2179
8104
282
1332
3867
8398
3500
8338
7731
8656
4032
3200
794
1964
7814
3756
6663
6852
1260
8070
3598
2838
4632
2542
7668
3440
6119
3060
3279
2011
5911
5774
3053
1977
8660
7200
3155
8074
6396
3964
2482
2202
7691
3129
5409
268
4495
6850
3613
4558
