5526
7122
4617
6853
5238
6803
1410
4453
5489
136
1190
5175
402
477
4898
7707
3365
6332
8611
6530
3422
1950
7742
8538
3328
6031
2244
5416
4563
5482
5275
1775
3754
315
2421
4644
7377
3124
8647
6204
1344
5172
5201
8453
1871
4123
8060
707
2470
7779
8567
7929
5295
4729
217
421
3758
7052
3656
1865
5459
6494
5112
6098
6004
6130
8707
7425
6883
3114
5045
998
3674
8668
985
8490
3792
4137
388
4830
3629
298
3466
7521
5928
8462
2803
1886
5905
3177
2286
5345
7445
2221
1205
8159
7400
1067
8136
6466
7387
2404
4233
5194
58
1082
1694
2191
1054
7909
488
169
4295
3348
1592
550
3533
364
1537
3722
8464
1838
8410
7627
508
7688
7936
979
42
4155
3209
2864
8424
8595
5147
1826
8285
4621
3932
2989
822
3447
2869
7702
6802
7442
6399
4747
7069
5605
5217
2338
3097
4939
6893
3405
3624
580
4485
4873
3571
2169
102
5454
1547
2817
6857
4796
796
6289
798
8540
37
7363
5051
8293
8081
2482
2094
2893
1348
7609
1309
8188
7820
3092
4430
3144
2524
1134
3523
3460
1821
369
6600
1998
4668
2942
675
5853
5559
3560
1862
7582
4115
7053
4507
3325
1975
2836
5287
8712
1024
6408
7016
2968
3269
3623
8267
8484
6924
7675
4422
7728
4120
3481
1170
4526
8380
3910
2135
2195
6573
6234
5740
4556
2410
7426
4236
2088
966
6940
4420
560
5827
8057
4986
6104
6641
5177
2429
4302
8615
8437
8133
45
6126
8520
223
7672
3036
8726
3896
6715
8040
6915
2230
4100
1919
1239
7418
3220
3848
7091
2272
5365
6844
1470
6911
6792
2757
3043
5077
2570
6377
7113
3763
5132
8699
8694
688
1464
934
4262
6081
6076
6631
5762
8015
8235
1870
6121
6092
4685
1568
963
6564
5058
3515
945
8273
6178
1307
3980
2467
5048
1785
4078
6509
2799
5850
2621
5707
7194
1878
3061
7366
8229
2649
5795
8630
6369
610
4219
8411
313
4936
3608
5532
3039
5300
4404
6591
2462
4190
5405
2914
8658
3661
448
1864
162
2209
396
5671
7968
6661
7328
370
3733
1585
791
7600
7402
1599
260
206
5608
6613
2466
8141
2575
6868
887
2901
5385
4066
6277
5076
4159
1938
2491
4157
4863
974
4025
265
173
826
5748
2867
2566
1706
2553
2171
4955
4934
186
2008
1423
873
8276
3475
7031
8504
5714
4354
6452
2632
3730
5188
4416
7007
1818
4297
698
4949
92
3930
3494
7040
4232
5884
8201
7435
1428
4827
6830
7394
606
8063
1038
5712
5268
413
6637
5436
8457
6685
2670
2314
6103
1564
6407
4966
1182
1479
2624
944
6275
5055
6463
509
2975
3770
8020
4425
1282
347
5607
5374
3013
8258
5010
4271
855
1945
4009
4226
7847
6028
3191
1931
5871
4242
2489
1029
4392
2686
4758
462
8467
1653
5363
7329
6080
5052
7059
1887
1172
3765
2723
5768
1453
6055
8307
7863
7529
363
3164
8731
5420
2148
5823
585
5723
2595
8171
3864
7570
5828
7268
4809
7389
6380
5761
5108
3799
7986
4443
1181
6287
93
97
6246
1302
6698
4382
356
5469
59
2037
2501
1277
5975
3815
2878
5306
4959
5038
8361
4237
6431
4041
7294
1782
8607
5708
5997
4636
2458
2644
1541
1896
4976
4662
8354
636
3088
5942
4022
3811
1266
5582
1984
1254
4010
6626
6909
2627
2740
7896
3418
3371
1657
1712
7829
6549
3017
1487
3142
7126
2305
817
7159
7477
8051
6220
177
1545
5835
8100
7663
6180
5931
5152
6517
3504
5646
4276
1595
1200
6285
1949
8206
4303
495
5413
1566
7396
5982
3940
4957
3716
2897
3128
8214
4678
8048
3638
1783
6882
390
3069
5703
3417
6559
3597
3543
7989
1863
1095
8324
8711
1762
913
4152
4375
2721
5174
6248
1100
7949
66
3172
7547
4072
7488
2536
2964
2748
4774
7940
8633
2250
5192
5278
7221
3034
579
3026
133
4402
681
4762
1315
1210
8704
6108
3908
8270
1373
4608
7541
2996
8566
3698
7333
2043
5030
7575
7638
2109
2959
4548
981
3587
4117
8421
1915
8033
1142
8563
4632
1004
7075
8363
682
695
7539
7826
5226
5364
787
8123
6507
4757
8116
1203
7542
6732
5847
2976
1231
8135
8026
7430
8387
1245
5564
8425
4724
3261
7960
60
1670
6904
7505
1869
3361
212
628
5387
2101
7873
1265
8755
2647
7622
2563
5501
5178
1456
8450
4395
686
4829
7253
7937
1808
2194
6846
692
7794
1294
7758
5386
4105
5965
7881
5455
407
7985
4058
2274
4604
3384
55
3905
4808
3819
1390
5127
5930
6360
892
377
3810
1306
2459
7763
3539
2081
4513
4140
1578
178
1284
3618
8643
7291
6793
1430
6072
1664
5218
6514
193
7984
5150
4135
3990
1851
100
2689
7274
5408
3757
7619
7407
3861
8073
1127
6313
1035
2513
2909
6391
6404
4284
2894
2099
8009
6815
2889
2873
8124
2612
7790
6866
728
769
7067
8777
4962
3622
1241
4093
4223
5432
740
2567
1959
348
3605
4018
7420
4598
3946
3
6929
3021
8736
7259
5523
6048
5209
4049
2402
3789
4436
2313
6716
7745
842
2361
399
441
5979
6855
5331
921
3136
4968
1153
4071
2390
3642
8680
3439
2142
2578
3871
6384
1734
2015
1078
3115
2691
5124
2530
8788
5621
8627
8640
6148
588
2963
1077
7839
2182
8200
8142
6560
7476
5500
8427
3301
7437
146
1049
6440
6575
3435
795
5060
6158
2243
8336
3256
1709
3817
176
7349
6875
1184
3383
7776
1400
3032
2745
1119
849
5064
799
5541
5129
1036
8635
7009
1768
5398
4760
2535
5390
406
3735
3917
6554
4565
5406
3615
3108
1128
8281
8509
4064
6264
6598
7950
6173
1156
7311
8724
3950
2441
8447
4306
3402
1030
1999
4021
8037
8330
6102
8458
1081
8080
2103
5083
2845
7765
8082
8174
7318
8376
841
3764
225
4471
1061
2284
4454
1249
3485
2736
8294
5738
3110
2853
622
7489
543
6428
8594
4184
900
5185
1160
5370
1356
7229
2519
8692
1968
4906
2677
3252
8384
8138
5317
5255
5724
5800
3430
6642
5944
845
5791
2328
70
3704
7085
2571
3699
6265
7635
7697
1590
409
3561
4525
2029
5242
8331
1868
4537
4649
4517
7073
7716
2486
1379
8211
6625
2981
5478
3345
5092
1728
6693
1801
5732
418
3508
6505
8497
2813
5084
6987
17
3924
3305
1192
8454
6606
7572
973
6529
1286
5709
318
1553
2320
8661
6773
2331
8754
10
2608
6320
7236
2935
5684
4228
3945
1672
8327
3851
3174
1861
1133
3395
1010
2213
1462
7500
2907
5504
7908
911
1066
3429
8389
6859
2755
246
8312
1252
2097
1689
7114
1289
3346
134
26
915
1677
8145
7188
4973
4119
5378
7681
4180
2725
6
895
6889
836
2610
4489
200
5259
5758
816
8286
6314
4442
1178
6162
7849
2782
4006
8609
3904
5233
8562
5916
88
445
6712
5887
5581
1875
4777
3721
454
7563
112
7071
1746
1285
2800
8634
8550
7337
8628
7004
6293
8372
6069
5604
2005
4273
1846
3265
1438
6811
1164
2403
1357
7892
7990
5717
4014
2572
4403
8220
7308
5068
4114
5577
4711
7487
3919
4559
33
5715
4764
2728
611
5519
7953
2580
3272
1092
8621
2590
7000
4681
6479
5073
8254
7406
3527
8652
3522
8764
6361
674
5841
2746
5628
3837
6706
5565
7858
4737
3872
1992
3563
5980
7991
1157
5863
3060
7321
1328
126
2263
4932
1622
6297
7099
1969
699
3408
3858
1026
2940
5868
600
3978
3249
6783
6155
7368
6822
6017
8449
1255
6435
649
1941
80
6403
3688
1947
5873
554
2660
7621
7160
1859
2724
8743
3852
6656
2658
3899
1021
4125
7704
655
5249
3459
6708
3388
482
5866
7644
8431
8087
4878
2202
7213
84
5686
2709
6694
3263
3596
8139
7549
589
8649
993
525
1811
4884
4576
90
2133
2233
4745
4515
8696
7446
8760
2772
2383
323
899
6302
400
374
8050
906
2798
7623
3670
690
3445
1913
6539
7350
4573
7359
5251
201
5
1993
3768
1316
6134
219
3258
5292
547
5415
1028
5282
5669
7650
6124
569
8203
1936
1552
3250
5803
7288
5879
3570
4732
1279
5543
5548
3708
1800
8446
5641
4553
7243
2713
5665
5961
5674
6022
4839
3000
6787
1731
221
5212
6036
2290
3477
4993
5279
8089
6582
2855
5354
5144
980
6441
3922
6001
5495
7930
5158
5110
2761
1662
8382
2376
47
4913
770
6259
2105
8681
1500
5591
6325
5991
7662
5011
4364
4707
3892
195
3747
4989
3351
3938
6650
8730
7646
1701
5974
3769
2743
1191
5168
2183
1432
814
1990
3510
5652
1724
3374
8779
1533
697
4532
2694
1091
6825
5938
7679
5579
151
8749
1506
4246
8383
6847
163
3994
5633
2758
4250
4766
2048
1497
3257
1929
7559
6434
2253
4753
375
2500
2785
7032
4352
198
6368
4413
7894
7537
7723
6671
4951
2442
2483
5341
6339
5243
168
3612
5018
4696
6757
3297
5397
2406
7019
2532
8574
7878
4012
2192
4798
8670
1149
4414
603
3426
551
6040
8700
57
5753
8720
3681
8
623
523
1965
609
263
5106
656
8002
4313
5224
6379
5283
5849
7313
6078
6192
7997
2422
3226
5567
3840
4601
8027
2596
7448
3530
4314
299
1448
2208
4034
4258
4995
1046
6630
578
2690
4600
4483
6392
2664
236
7899
6623
7136
5498
6546
3155
3458
4461
5286
7598
3509
4518
2849
8345
6795
2201
7286
4903
6998
2102
7941
5571
1436
5860
7076
7302
5007
5116
4894
5190
108
5687
6749
2598
7857
2391
4554
7104
5491
2271
8415
2408
4687
7273
6409
1813
1962
2927
3680
7378
1895
7711
282
4446
2205
5933
346
8690
8787
2259
7841
1321
2053
6084
142
8766
5165
6643
5678
2226
4824
599
106
6745
6389
4298
2054
6958
831
6089
4646
1648
8251
6617
777
7806
5815
1988
2504
6438
1644
5438
1697
8130
8542
3742
2814
7049
2360
6967
7754
8629
3337
7620
7496
4027
2398
3081
494
7234
2475
3696
8489
943
6648
461
4004
4580
145
7267
1446
4259
3015
3016
1401
3877
8714
259
3952
3335
6935
2465
21
1324
2258
7729
8729
6044
2701
7814
7170
5375
616
5880
1571
7757
5316
4540
8773
2910
4051
546
4550
4106
2116
3101
4779
6020
373
6255
3236
3846
4067
4087
715
1416
7033
3909
1259
5619
4098
4879
262
5788
7269
4336
4799
8377
6670
1609
7778
2431
2611
7066
8716
8578
8655
1269
3086
1991
2
997
74
2947
2132
4341
4552
2523
4046
3783
6587
1596
3808
459
8189
5380
6843
4908
2110
762
3244
150
6762
4042
3906
564
8157
5937
4348
8059
2932
2779
2671
3428
8734
6997
4068
7361
3423
6937
6778
2515
7280
548
1745
6019
2456
1161
8660
3607
4509
3686
6622
612
6784
3934
736
2452
5315
3318
2764
5022
1183
5722
8656
2020
7658
810
6061
5021
5536
8352
1468
5596
7048
6910
3531
5248
1228
476
1478
2495
4175
8556
8522
5334
7083
5400
8333
1927
3772
620
4856
7848
2420
7072
1041
3569
4069
6849
3117
453
139
3513
3109
7034
5545
3529
5452
8323
3205
3649
1819
4020
2198
5812
5858
7590
7971
6261
4492
8486
6615
7700
2433
4804
650
5556
2218
5433
343
41
2306
2106
4931
6350
6274
6592
211
4628
6327
8319
5407
7323
2350
3247
1115
1534
1809
6594
3737
4979
3233
1338
8301
5907
5552
8031
7528
3713
1458
7232
780
5670
2092
1103
6335
2312
284
3762
1660
1530
2000
516
2838
3160
5477
5973
7421
7974
8288
4927
1750
5273
428
3891
3452
5266
5811
3145
7843
8190
128
1466
6932
4689
1366
2335
7877
2242
4697
4496
1880
8768
4235
1312
6758
380
5688
5305
6550
5893
7889
6645
2614
2843
2453
8117
8580
5467
4992
304
7578
7504
3593
3534
6357
7436
2997
5095
5277
4377
1778
3706
5877
8737
6869
4967
6647
6136
4339
2412
1367
5338
4767
652
5062
3936
6205
7141
5651
8475
3771
3073
2342
7427
4655
5079
2061
7443
8597
7531
5911
2417
4682
8143
2641
3985
4050
4491
5369
6394
1733
7875
5895
5506
166
4788
6680
1718
7596
1435
6052
2679
3130
3767
444
1011
3514
1683
3640
6326
8772
6920
5518
5531
5969
2180
1224
4170
1525
197
4821
2628
1145
5310
6627
696
1932
4412
5311
6639
5221
439
1112
4679
4000
4871
4648
335
6766
1504
1944
1074
6923
5706
4545
5176
7204
2735
1629
2783
2154
6874
329
6097
1739
4372
7807
2386
5910
8107
5856
1052
8003
8335
1761
7306
76
6090
8140
2460
718
4318
1797
5377
6115
3541
4705
3867
4369
5897
4362
8429
7493
1006
1922
3281
4901
4008
6577
5041
7235
8441
1032
3443
6443
5163
4261
3310
7241
1597
6160
5659
7246
7409
7096
3227
4659
7616
3355
608
2949
4972
4440
4948
2001
6662
1045
2006
4179
3625
6480
2257
3601
5846
1832
6528
6490
469
8375
7050
4289
8132
1512
7837
2857
6831
1681
5682
2674
1334
8205
1372
8513
7355
7432
8741
8769
1489
2685
8095
2168
5816
847
2517
4227
2211
2518
6954
8564
4351
1204
391
1089
7602
2551
143
8470
1354
4357
4597
1013
290
1440
2707
7636
5427
5353
1360
1253
5689
3208
7263
7257
676
4586
2075
6252
6970
3309
7341
1216
7749
5574
7587
2266
800
6649
8746
2719
5497
4210
3636
1923
2369
2323
3579
4200
897
1275
6427
6163
8204
4549
2044
7886
8735
7823
8501
181
1964
7058
5402
2899
5472
615
7258
4603
7812
6595
6723
4332
7081
2051
1457
4074
7798
2125
850
4867
5663
7334
750
1654
788
6439
976
5592
340
4713
3159
5779
4047
29
1817
1577
224
5166
4388
2821
7383
7064
4876
5170
3091
8061
2484
4584
5822
7036
901
5804
6344
5720
8448
7423
4847
5313
6584
4629
1972
7155
5093
4128
7470
6288
4933
3011
4746
1535
3230
3694
3900
6621
6782
6717
5247
5189
7694
3554
891
7783
7247
6603
3690
6886
8311
6780
2316
2732
6984
4793
6569
5918
3497
385
1790
2826
3315
215
3331
5037
6806
2021
1206
1976
4130
7969
2074
4585
3499
2884
2077
1384
2710
961
252
3651
8472
5236
5366
4883
2756
8682
1185
7680
3057
1088
7844
18
3700
6236
1234
7452
8218
6829
4915
2384
2014
50
2224
7455
3677
7338
4249
2753
7373
2359
5611
8693
7784
1050
5829
5917
3165
2012
5773
7041
7816
4738
7928
4183
6710
8481
5473
4280
6266
1403
3583
2451
7086
1607
2310
3476
3260
7192
4428
6619
1475
2547
2217
2413
3993
4470
185
4717
2969
7024
274
3349
1389
5086
270
1837
3137
6777
1848
1136
2371
5984
3947
6894
7888
5648
2931
2528
7800
3802
8780
3779
342
4214
4910
2032
8434
8099
7147
3210
931
3322
2537
8570
3568
4290
3939
4534
7956
5162
7996
6310
1743
2793
8103
49
2508
1515
7376
7491
4897
7526
3407
7952
7499
7540
5362
4380
7883
6039
6538
3641
7945
2730
7722
6734
6469
6184
3826
7634
4622
3961
8351
4144
6772
2293
5439
3490
7682
709
3185
7012
815
1827
8697
8055
6956
7079
4657
7134
4975
7738
1483
7330
6276
7495
5521
7519
8491
3276
5739
6556
7284
4002
1396
5337
467
6722
3894
1353
3639
1684
6228
1824
2828
6835
3003
4822
6169
4488
3537
710
5126
6267
7080
722
4293
7055
3441
819
6820
8274
1794
6283
1742
5393
4920
8216
4199
3008
6682
7551
2222
1465
3438
3134
7517
6488
5117
8781
1726
5721
5953
3929
2568
7918
2227
2626
730
2297
3182
4664
1385
3105
8150
7118
2669
4255
6254
6186
3555
6864
8234
3280
3451
3188
1447
20
8717
6168
432
1405
2392
7283
894
882
4842
7637
7010
1971
2705
1358
1240
4583
3147
4877
3860
8400
5801
4736
4572
3168
6183
6944
5049
3502
959
4107
3153
5764
3576
7656
5164
7392
3339
368
5613
3409
5623
4765
571
8452
6405
6445
5151
7365
538
987
2966
4499
183
8056
2577
6079
499
3610
4169
8552
7520
6818
7677
5642
8265
6058
8783
4282
5480
1347
429
6744
2767
6537
4134
2444
4456
4783
947
3077
6075
3986
1593
1040
4510
2832
854
6454
7890
7005
5161
6841
1574
7691
1603
1877
6457
8035
6223
946
2958
357
717
4383
8638
1258
6665
6767
2436
4721
8392
2046
634
1560
7226
2617
6317
7868
3775
6421
7565
4326
2526
103
4607
2548
8164
8343
1717
6502
8185
6599
1658
8110
948
5972
7508
2295
6878
6386
408
4036
7629
6018
2650
5442
1656
828
2792
8403
5392
6568
5486
4109
5660
1150
1355
6281
5589
3645
5029
7465
1085
647
1233
7414
492
890
7169
1018
5080
1906
1198
8348
5395
1207
8202
118
3382
8253
8017
2943
4812
253
7042
2654
2920
1365
877
6563
8137
4035
247
3035
3652
2308
2592
2720
3552
6085
1678
5653
833
3267
8774
5555
8460
2529
5735
1582
3075
8659
296
7897
3472
2167
4866
4832
4498
1009
6521
6833
1952
4912
1158
2556
6201
245
1250
6419
6437
5546
4220
6141
8474
3806
7325
6858
3828
2181
2352
7434
779
771
4003
4396
5197
3390
5154
7336
2581
1063
6101
6499
1093
5231
3776
2510
5448
592
2499
6852
487
700
672
4814
4030
3751
4194
5173
4761
5595
3491
2812
2887
7128
312
117
7934
7760
7859
5440
63
6370
558
6542
2112
1856
4045
8313
1956
8525
6286
4085
8686
8111
481
1650
6059
8579
6433
2265
3063
1402
3613
358
141
1257
1980
275
7830
2851
751
6212
8233
3933
7481
1394
1325
6848
4735
379
8614
5184
6009
446
744
6010
4615
3248
4037
1893
2463
2063
2534
8243
607
7444
683
7030
4308
6785
5588
334
4108
3635
7133
7887
660
8664
4281
473
7931
2143
7588
1419
2609
7045
654
8071
2239
5667
110
2871
1508
6917
7755
8368
7429
3987
2377
4317
2584
2019
7416
2485
2155
7977
7271
8416
4311
8127
7006
1349
4868
3298
6532
5351
6447
5235
2118
4240
6127
271
7022
6448
1760
3201
2937
3874
3542
7473
465
3984
7264
5749
3657
7710
8514
824
5245
1374
6487
1215
7344
4511
6738
5745
1686
2300
8733
7838
276
8039
5069
5182
5729
3830
5321
187
2026
4361
3080
7872
7218
4953
6752
5934
7200
2925
3791
4432
4346
7611
7527
4160
3099
2337
2957
5028
7140
6677
825
2251
1083
6218
8275
2356
6659
5149
1780
4079
1641
8287
1565
6432
6279
7846
6814
3553
5540
7976
2388
6474
6515
1937
3988
5985
7382
46
3964
2739
5291
3432
7554
7277
7501
2372
8723
3359
6541
2684
4418
2565
2979
6351
4221
596
3157
7507
2862
167
3453
1702
2808
4514
5423
2256
8006
5148
4316
3380
2353
7300
7320
5453
305
7238
3727
1624
4567
984
1903
3487
7183
6113
6797
8524
486
4162
5609
6856
1682
758
4397
4209
2616
4683
6442
8535
1445
7460
3882
8038
3176
5634
567
3358
3398
7248
2509
2069
6300
2734
3655
6774
4596
6484
7607
7518
8679
5089
98
7142
6242
1359
7270
6731
3732
5169
3609
1420
1857
1450
2780
5304
8102
2126
6544
8422
3470
2104
2726
311
2166
3023
6879
7399
5885
8284
8687
3784
3801
422
7618
1842
3750
6278
491
6050
5329
85
294
8398
1628
8128
5042
5463
5754
2498
8129
5410
5514
4360
528
3102
5737
6985
6144
8217
782
6245
960
2774
5368
748
3222
6217
4780
8553
3126
7967
8702
8515
7454
2030
1459
7262
7920
6966
3454
2766
3582
4337
4555
1280
1611
6060
4024
3619
371
4845
4524
1221
2157
5358
3394
7089
6253
7061
6366
2646
5396
4217
8290
3949
8266
54
6921
8675
2729
5578
7903
2971
5912
2883
8393
6110
3621
4265
7305
6364
3386
8195
8417
7020
1099
8126
7797
3780
657
2928
5899
1415
794
65
1679
2367
8067
8456
4410
190
1107
5125
3329
5941
4960
786
5222
4645
8476
1669
5569
7397
687
1698
5186
7431
56
5134
684
7522
8264
5698
1555
8176
2318
7299
8521
7015
1377
4819
1914
5111
8047
1621
7975
6304
4111
4516
3911
972
4750
8213
3084
5307
1368
1391
3141
289
1690
5662
5293
6519
2298
6062
1521
2141
1444
6928
4560
7568
4310
6839
5649
3760
5553
7249
4650
8084
5360
8277
426
5383
6972
1232
3915
3304
1550
605
662
5878
3179
8325
4670
324
1900
6748
123
4674
3996
7287
4089
866
7310
8657
2514
4023
8610
5831
4692
1615
3442
2539
2091
7295
5115
6021
5412
1051
2603
5622
2324
292
2618
3391
4716
8518
6191
3203
1563
1188
2117
8318
2620
1177
302
6398
713
5323
7895
4643
6132
875
6863
4661
3412
7809
3679
1132
5576
6430
336
2930
3536
8695
321
4288
6981
366
2706
5960
3959
811
6262
1195
3573
1260
8537
7913
2158
2642
6585
7027
5281
4690
1422
4061
8353
7298
4618
4815
52
7021
6109
1175
8240
5826
6451
393
928
7927
1007
300
7912
4272
457
7670
460
8212
7438
6807
6725
3271
1612
1981
7761
8244
7933
5865
5638
7786
3055
433
903
7999
1830
6968
4806
1816
5580
1961
8232
5107
2741
31
5796
5616
4365
7891
1586
5842
5943
2400
5781
3717
1710
7121
4803
5626
3956
5568
8572
1148
5205
1517
5196
2428
4164
3049
5003
2235
8477
138
8685
3235
898
3646
5203
6378
631
237
6188
4797
4637
1027
3893
1296
2637
4881
2060
6256
2661
6011
5133
1522
6578
6735
333
243
7733
3059
2854
331
4328
1823
3644
1370
12
7566
3353
5908
8379
474
5939
3283
5617
7163
4759
2276
1540
7759
1671
7219
5683
3022
5020
1908
4569
6093
6307
1118
689
1810
424
2025
242
3433
5542
3749
5818
6128
7631
6410
2111
4268
5267
3743
5513
8651
5391
1270
7384
4892
6676
4433
8480
8260
5105
8541
8168
1738
971
7408
7043
3521
8366
7468
8637
4610
2520
3550
8257
3004
6334
2279
6718
6199
1169
1310
1137
6417
4896
7117
6922
6047
1059
2696
3264
4775
3245
179
6553
916
708
1852
2804
884
2057
768
7129
8219
5102
8010
2888
856
3167
5643
7358
6333
4630
7536
4368
2206
3321
7978
1199
604
5447
7386
534
6796
1376
1068
6669
6382
7773
7917
3773
1264
3580
8523
7664
1940
4536
3683
2095
6580
3746
721
1773
2786
1779
414
1411
1111
6461
1901
4656
1417
4370
3151
3278
36
7866
4720
8487
4331
2156
2678
4222
2016
8297
273
4575
5593
1680
6349
3192
7737
7282
5836
3062
436
99
659
4304
3857
6299
3392
7168
7612
235
1668
8181
4171
6482
619
3373
6495
7148
8506
3319
8314
5537
5367
6371
81
2246
4579
4512
345
3684
1033
2418
4557
2988
4531
1667
2087
6902
5121
5446
4429
8304
7304
7713
6042
7315
7939
11
7726
4146
4163
1849
2833
1943
451
1953
3434
2919
6672
1833
6026
8405
5274
4547
7453
7111
8224
8230
3943
1016
5509
8395
1766
2778
7466
2292
3266
7276
3333
3591
2974
8549
1958
4588
3822
6016
6056
160
7319
8751
4850
7910
767
7947
3865
2573
2722
5597
2079
4386
5409
5082
2389
6329
6037
4840
2179
4999
4358
1613
2411
6729
8505
1898
5819
5462
1575
4599
5204
8028
7553
5964
4028
2700
5435
7608
389
1399
6961
2262
1300
7523
2294
3962
285
463
4706
5584
3658
601
3599
4053
844
5809
4291
5645
2018
940
8222
3202
3146
7209
3482
4625
4112
353
6522
4926
7440
7922
962
4858
2542
4593
5180
1044
2635
5624
8227
5832
6489
1298
905
6436
2652
996
4202
6088
8761
3842
2505
2481
2593
7256
4450
4347
2185
2238
3873
6629
3823
4958
513
3478
1305
5520
1412
3969
6481
4727
2215
6955
6146
5550
214
2805
6194
164
6336
8500
7862
967
7047
258
5120
5444
2970
7652
1894
8068
3734
3602
1815
874
5650
2977
2768
4635
3306
2345
4837
6872
4468
295
443
244
4626
4206
6372
7001
7103
7768
478
6788
8554
7683
125
2703
8362
1048
337
542
5766
2820
5837
7515
3058
964
3581
6449
5825
6624
6824
5026
6295
2693
6983
5140
2865
5875
7792
5508
8727
1704
5071
6551
6899
8455
1047
3498
3336
2718
4882
4320
8430
667
1994
1102
4916
6237
8292
4671
526
6579
3072
3714
2902
1727
7648
6263
2827
6346
2784
8042
5702
6298
4718
5044
2464
6876
8152
7472
1576
860
8098
1643
7314
8440
6152
2010
8721
2574
2665
8320
3038
1473
3718
4043
7630
8762
1835
3116
7693
5664
4173
4333
1084
4733
3739
2131
6496
8626
3106
2434
6931
1551
2999
5590
6562
7214
2502
5493
5618
861
6892
8298
1556
6689
1776
3564
6167
4860
5782
7577
5502
3193
261
1080
2900
4653
1519
6759
5109
2815
2797
3999
6418
7120
1705
8208
741
4594
832
7821
7230
950
8104
6065
5894
3138
2416
7855
4324
1469
3357
6012
6809
2164
135
4040
7046
6165
8175
5741
6190
5820
5959
7098
701
5929
958
4296
2984
4891
7228
3627
3963
5870
4795
4844
6751
3918
7617
3079
3140
3577
6609
2162
6884
3217
5046
3687
4562
3617
8036
339
3111
6203
3516
1014
3914
8662
5143
4551
7094
3316
3643
1293
4345
8445
1747
3367
4963
1970
846
2161
6952
5181
8163
1584
8612
7643
3464
6139
8496
8302
5135
4198
3240
4564
1237
140
4211
7222
3463
423
3578
6077
6995
6270
2856
8283
8156
584
6476
6241
7856
6006
1498
8782
8106
6561
6013
518
158
3790
8666
1283
4132
2752
1636
2036
8561
1573
5808
5710
3326
1146
1907
4508
8601
5534
8378
5529
8381
2737
4952
4376
4391
2717
7279
5833
5426
8691
4285
1123
4406
455
7346
2432
1699
4080
4401
3586
8049
2214
2080
3507
3710
5017
2791
14
3364
5845
466
1057
471
4698
7649
4852
8360
4342
6257
6015
5919
5661
1380
1090
4371
4381
6330
4121
2876
7961
2933
2249
5955
1042
7405
2913
7804
5346
1673
6691
1916
6739
4570
5915
6249
922
694
165
2731
2939
1854
2397
7944
3809
5344
7576
6396
1218
4900
5479
2496
2525
2186
5340
3565
411
640
8119
2866
3883
34
6467
8619
199
1604
4848
1187
3812
4441
5207
4638
7176
3199
8122
8187
5810
2990
8092
6426
3255
2708
5118
5726
2972
2344
624
3549
3366
6321
5771
182
3065
1888
6907
6768
6049
1581
417
2633
6620
3795
4267
6095
4458
3503
1174
4790
2818
7735
2438
1062
5034
6753
4215
2858
7853
1626
4723
1631
2994
2407
3127
2159
2760
6375
8041
3890
586
7777
3376
7747
734
8184
3397
4447
1449
1570
3352
2033
1935
7115
2137
2146
851
7502
1942
3012
3156
1881
7130
3495
8385
6342
6464
4482
2291
4225
8747
1193
1652
5031
7595
8568
1322
6219
5913
4763
6726
8428
314
4248
2681
7395
257
7013
2370
2881
5464
927
3559
8338
107
7979
910
2098
5271
1740
8596
5914
7827
4415
3574
2093
5389
2938
7106
5614
765
5299
2506
5074
8118
386
3551
1101
1297
3731
7869
7512
2895
6692
880
4859
5355
4980
7818
310
5658
2170
581
2781
7112
2425
6821
1220
858
2011
2601
4484
5998
1844
3958
1308
919
7734
3982
8326
5128
153
4494
171
3785
3025
559
4942
6593
5457
5206
5183
1843
7902
6570
8023
2872
3951
3489
4997
1235
6473
597
3532
4245
909
5417
2207
4861
1496
7372
2175
6786
4943
8066
4399
5210
1346
1319
4129
7543
91
2922
3403
5647
2107
7044
3967
4178
3604
2140
593
5544
917
3598
500
5449
6493
6590
7082
8512
119
5986
5629
5301
1902
7655
932
5971
1490
3198
1332
1583
1482
24
1799
3001
1905
6501
2028
7538
1144
4835
2533
7088
4642
6654
4929
8191
3518
7482
1236
3838
5657
5644
272
3876
3436
4165
2160
5081
3010
871
7347
3207
174
5156
4334
2190
1803
1076
6311
4448
6736
6208
1647
4099
35
7686
8144
6801
6337
8759
3232
2435
2716
3340
1409
7739
3071
3425
1828
3889
2270
8390
2468
8011
4270
2330
1891
2108
3741
1230
5736
6444
7624
4978
5070
5549
6118
1567
670
7220
3294
577
6068
893
7613
1330
6023
7840
7326
756
4633
6002
2912
2666
5533
3234
387
1481
3096
8223
8560
1645
1437
2277
4693
862
228
2830
7599
4561
8091
8177
755
3798
4355
1343
1928
5747
3437
507
5043
5999
0
6143
2212
2311
4427
7585
761
720
5139
6096
6400
89
2346
4924
7441
447
8131
531
2430
1787
3186
6355
2840
1562
1227
8146
6154
6345
6471
5443
8021
2645
4477
2699
1335
923
4658
4789
2916
7475
2188
4722
8115
5637
1605
1960
3338
4899
5223
7060
7457
1418
8101
4773
5228
7660
2941
3761
3462
1618
7199
3053
8388
3678
4695
3944
3068
5063
8114
1105
8555
7205
5654
8677
6959
8706
7592
450
7706
8046
4709
6424
6024
6459
4530
2795
3052
4459
669
2440
6014
2449
109
5136
6397
2216
2492
3378
484
8280
907
2303
7379
4828
293
6292
8250
5807
743
7647
6638
2042
3363
3885
3814
3229
8728
3991
6640
2084
8698
4039
194
6543
4640
1276
821
1713
6865
5466
1317
5468
5898
7535
3854
4389
2697
1924
5869
3457
6596
4349
988
7534
1897
7029
2816
3847
4363
7628
4019
3163
6497
4888
2687
3827
8419
5876
8577
2363
5085
2589
4196
2076
6280
4614
759
2457
5492
7093
5922
6099
6555
5471
2174
563
2351
8557
2576
6547
7281
6652
120
1772
7926
830
6315
3948
3040
5008
6635
5229
8052
5451
4017
3526
879
3002
4338
7597
4818
4335
8070
1272
7712
4886
4060
4445
6033
5040
1973
3895
7667
8667
6147
6632
6867
992
1725
1781
5730
7177
7580
4013
3007
4505
1323
430
3709
7601
2675
8740
4801
852
5347
1179
2929
8303
5794
2281
630
704
3995
170
2557
8544
4195
4715
878
1165
648
6213
416
7132
4001
2973
7107
1559
3971
5414
1064
4147
7762
1429
729
5376
5130
8019
6930
7860
6919
8644
6000
7865
1492
1834
7769
248
6699
754
8016
2936
1474
1518
8269
1759
3288
3833
8186
2478
2004
691
3753
3998
7801
5024
1748
1524
5252
3669
1918
7189
8155
1012
5793
6179
4065
4056
5538
4161
7357
1850
4424
7467
1212
4623
8032
7197
4977
5679
3246
5261
5872
1507
6720
2114
2879
7817
2307
6045
8291
4541
8468
1393
7906
1124
949
4192
867
7187
5141
6120
6181
175
82
5562
7605
5515
2187
7161
5570
1516
4956
2607
6269
6038
3404
2052
8045
7411
2401
5006
5099
4455
6105
6826
6916
1676
3287
8582
3295
8625
62
2695
4026
3937
5963
6800
2540
7718
5059
8618
2953
361
4778
2382
3290
1637
1614
4917
3975
1341
3473
638
2944
7767
4752
8516
2597
5742
5032
8221
8528
8215
4714
2041
238
2585
2493
1754
6393
2602
1163
3941
5862
1527
4076
6761
671
1675
4234
838
6988
4300
1620
2296
8673
8151
6963
4743
7008
7753
6260
5005
952
6819
6941
6531
7871
797
7150
2083
970
4166
6226
1060
5854
6527
6034
7196
2668
2304
5137
3347
6406
883
3793
1268
7870
6760
6189
4704
2638
4543
6215
5769
1382
7316
122
8158
3368
6094
5890
3844
7802
3362
1222
8511
1579
1225
8199
5326
6291
5053
665
4825
1168
2151
5047
6667
6684
5594
2365
8076
2455
8784
4641
8180
8617
1569
5254
1079
2904
3505
2123
2454
2469
8654
6697
4457
3752
4407
6520
5379
8581
2605
2130
3399
3634
1494
680
1839
6636
8347
2560
7123
2115
3074
763
7803
6895
522
1883
7119
4691
1732
3831
7459
732
7981
4988
5704
241
805
3693
2319
956
6206
2283
7084
7158
4994
5586
6492
3888
2788
8529
8494
7450
1752
8074
1008
731
3807
541
7525
4889
4725
2986
2801
155
590
2564
749
8688
6003
458
8508
7206
4851
5785
8775
6196
3161
3239
6341
1882
1116
7135
8587
4256
2569
653
5298
7751
8396
3744
7661
5951
1086
6823
2395
3354
772
6526
920
6660
7510
5612
3241
1
7202
2980
938
2152
5668
5756
4122
6545
7788
1805
7785
7074
7317
3979
8299
338
4102
4816
2121
6340
7474
4312
4754
4504
8593
8079
7506
876
7714
3029
5411
6832
8471
7272
2915
420
7651
6724
3850
801
4506
3200
1666
5700
8198
6225
2138
2219
5900
5705
4472
6714
6082
4919
8646
1651
598
3154
6294
2683
7412
8532
5563
632
1606
4243
5923
4944
4409
6951
6633
4321
2049
2340
5470
6703
440
4400
3419
7203
591
4007
2634
5978
5699
4462
3196
4969
3726
5335
1528
5932
410
5727
73
4708
4985
6695
2090
3663
7250
1197
7845
2917
812
1511
1246
1978
5488
733
8558
3921
2846
3923
8650
7907
1627
8503
4751
5198
1691
3028
8022
404
5852
5067
6413
1278
5760
511
5940
131
5056
1213
8228
1711
3748
1617
3166
8078
3989
6763
8605
766
6483
1075
7494
8744
6740
1425
1925
4578
1267
1520
4126
1151
7403
5882
210
1000
8545
2476
149
7312
5123
8492
2562
5557
1031
6027
6456
7692
4611
6251
6420
7954
5373
5138
991
320
561
776
618
3237
8259
3360
3415
4449
1122
4090
7143
2750
3449
4566
4700
5909
7181
5072
6504
2622
5926
4791
5989
6202
4405
1874
5790
68
7959
3916
3005
6086
472
6769
3488
7191
496
1072
7166
4592
7261
6138
8713
1509
8374
3213
3673
1930
2906
781
6477
3788
7105
2926
1485
3143
1529
8786
4322
3103
6157
172
2823
6301
760
2247
3468
2672
4776
2280
5431
4749
7212
4922
1371
5352
3480
7900
3953
6387
1804
1791
645
2978
3131
3545
702
2511
3603
94
7731
129
192
4820
4539
1426
626
4264
7746
6975
7462
6880
7375
501
1336
3018
8573
6756
3471
7564
256
425
6111
6572
4974
515
1730
1339
1757
6557
3736
8725
3856
4124
3082
5994
7569
8083
540
4784
6309
990
6137
8748
3279
6290
617
6135
6381
4294
6331
113
6906
7137
872
5635
6576
2874
6149
2594
6771
3044
4055
746
8256
8451
2653
3300
1510
5280
7530
7309
1135
8355
189
4426
8409
520
1238
1202
1867
249
2640
8683
5510
8193
6303
968
2248
6696
792
4954
6227
5625
7571
2613
3957
7410
4875
8493
802
7184
7911
5244
4688
8096
5639
1982
7415
2950
344
1351
2245
4387
3803
250
3725
28
2629
6912
2385
6980
5719
6947
5035
3085
8641
6122
4589
7995
8622
912
1493
2861
1630
6651
8678
8642
4033
7054
3525
7497
3427
2176
6816
1350
7447
3020
6151
3479
4088
6523
6051
5525
4675
868
7709
7780
78
8085
2071
216
5987
4602
5711
8373
7604
4118
3253
2447
6946
1070
4344
641
1986
2240
644
4712
3800
1995
4663
30
442
6083
7174
4340
180
2336
8543
8245
2038
6978
8252
6244
7419
5481
3332
1271
4156
8295
2663
7353
983
4299
7970
5656
3898
4143
5372
803
1873
2150
359
5746
7087
7573
7824
3728
3046
9
8423
5050
8402
2960
1363
4213
6586
930
267
1692
4519
6268
5000
4631
5695
7884
5752
7456
1065
2237
8113
7201
1736
5906
4857
6799
1623
23
1784
5324
3774
4136
4918
1879
7144
6513
8672
8090
1755
4081
3104
625
4811
7038
4769
7606
5159
539
642
4463
7
8589
7919
4529
1058
6503
7492
521
6948
4676
823
8517
1176
8527
6733
4535
6914
8432
6415
1097
8170
1247
8603
4287
2488
7449
5122
3033
4158
5603
3766
5419
5171
75
3420
6663
4542
1866
5606
6029
2203
8209
4544
5778
4260
8262
6195
6472
3682
2231
2355
3275
1337
4702
6455
4782
5834
5990
2199
7938
4330
4274
3381
6965
6597
2427
8469
6993
3863
8268
2751
2762
7752
4730
5066
7239
4373
5966
4434
394
5091
4940
783
3302
156
4605
1219
2364
3243
7216
3474
2153
7244
4805
5666
1693
8121
5672
1514
4807
154
4207
7695
2546
6343
456
48
4581
7690
685
995
7065
3461
711
6690
2315
1796
5904
7471
4500
2252
208
1722
7993
7874
2236
5996
4928
6996
5250
3675
229
8329
829
2343
1700
6067
4870
6804
549
4869
2885
637
5676
1455
7478
8598
5896
8029
209
8207
3839
4982
2309
2322
7062
8166
2918
8608
2443
533
6247
6828
1472
5103
5199
372
1292
5499
3149
6395
3585
6284
4902
2847
8590
712
2531
5680
6458
506
570
4523
8112
7982
8300
4950
3204
2903
2474
8025
3181
723
1303
7422
3312
7583
4654
719
8534
2139
7025
5772
2834
8473
8109
2415
2357
5461
8162
2704
2615
1889
4480
5284
1484
4356
745
1407
1398
7676
7603
4574
6376
2896
5460
7852
77
7404
5090
5925
6308
6324
1966
4238
2967
2055
6721
8160
233
8530
8742
3912
7880
5349
3431
147
1735
3173
4786
1001
3907
8247
6953
7139
1983
7833
1287
4176
6362
470
6373
5636
6177
6679
1005
5094
1463
834
8757
2787
784
5381
5554
480
7736
4323
7210
2891
4748
6153
2588
8519
1580
1043
7335
2512
5220
6567
4478
4131
2445
7615
7524
6628
4385
4810
2880
8488
7750
5202
4907
6666
2982
1777
2023
6074
3562
2399
2582
148
2882
813
5325
3030
4719
6518
2773
553
7799
7240
3467
3511
2682
8763
7774
6383
5399
8339
693
6808
4652
2763
1125
3293
1763
5981
6709
7479
7678
485
4103
8093
2790
1167
5191
6805
2129
1714
1688
6478
3524
3955
1948
7233
929
3738
7152
8249
8012
1543
64
8600
6535
3334
288
4212
3927
6943
6485
6979
7380
7625
7770
2992
4669
38
4699
4278
3045
5487
2479
4710
398
3928
7185
3745
8498
1056
562
5265
6150
5757
403
1121
4755
4263
2954
3740
6197
1152
4054
7932
8237
5237
1769
4059
5535
4319
2619
864
101
1674
4756
2128
5429
7343
4197
5312
7417
5098
2631
2852
2326
4865
3225
7703
869
4527
4731
8344
8438
2396
3647
3317
115
5348
6133
1591
4503
6117
483
7028
5054
7822
5993
7278
392
6851
7584
4965
2381
3469
7348
7051
5371
5728
902
401
8196
7766
4872
1989
955
279
2794
1025
7245
7951
4279
3664
1876
3180
6548
6041
2643
4133
3125
6536
4283
8271
5696
7633
5403
6131
2587
2358
2591
309
2848
2193
1812
2733
6142
7172
6686
8466
2024
7097
7307
4794
5522
785
724
4946
6601
1831
7666
6989
412
4577
1331
5424
5935
555
2662
3720
4113
7362
2228
1130
5751
1933
8708
6030
658
3178
7223
5496
5630
4673
5014
6091
4181
1807
5456
316
6512
6616
1587
2072
5318
7567
635
8548
7182
8075
886
2007
1996
3486
319
2559
3689
4606
1723
1921
514
4142
5153
1716
2165
5314
3341
6873
4728
5342
8172
7810
5601
7626
8624
7017
7339
3723
5155
8367
5057
3528
2948
7813
808
6063
5227
8004
3632
2802
6460
8147
83
6681
1546
4520
1538
4151
3259
7127
2886
5241
8507
6754
3370
264
5145
1836
4201
4817
7552
2163
4204
8632
6491
5952
5484
7669
6933
3777
7157
1655
8585
5587
8173
6129
3637
3148
8165
4465
5692
7242
6348
6359
3517
8710
2082
1209
2405
4374
3575
3019
512
3083
5036
8308
6123
4230
2273
7252
3350
2692
3027
5817
6701
3050
6465
8401
5528
5019
3701
8616
3547
2339
7642
6363
6450
4343
3327
3484
13
3444
6764
72
2961
2325
1413
4970
1917
5494
8778
4726
8785
435
7992
5598
7815
1544
5289
5474
5777
8043
7581
8531
5677
6425
4619
7514
7413
3389
4421
5867
5179
957
3122
222
5962
6500
6838
2841
3194
4627
7037
3171
4984
3323
8463
4366
1386
3859
5027
3311
6834
3903
7153
1758
3589
6385
5572
3406
6229
3965
2623
2210
5861
6328
8539
5805
2196
3759
1806
5524
8340
1513
6971
1558
8034
4590
6312
2521
7955
7574
7369
7371
86
6611
2268
2070
8337
3123
5441
4945
6583
614
1502
2264
307
1471
4853
6073
8263
4091
5988
524
7904
6174
3719
5039
1263
7173
3152
3702
1139
8322
5475
3668
5874
7962
5290
5418
5320
982
3089
6775
840
325
5949
3274
7942
4167
1251
1244
5004
5394
5332
2056
8718
3343
939
1140
6658
8072
1301
6969
7367
1707
6973
239
1039
157
1434
3042
933
19
6779
2255
6064
6945
1855
7787
807
8317
6700
3841
8342
6719
2022
7290
6429
2288
5743
4229
4826
7381
3805
7665
6322
4208
3113
2811
2050
1281
2260
7149
5336
1017
213
1974
3633
4224
6837
2347
5632
2541
3054
7364
978
6416
4843
2261
8569
6239
6221
1055
7915
3446
5388
848
7211
4587
7461
2034
3756
7957
1196
3107
7345
3183
8282
6655
1786
2655
8332
1290
95
3886
1884
853
7741
7428
4792
7958
1638
3878
7327
5193
40
6423
6887
5211
6913
613
7717
3455
3829
437
7645
6159
951
6166
8461
5246
328
6171
3584
1853
5551
5382
7632
8328
2742
5258
490
8586
4231
7018
8583
5361
8443
4353
3628
888
7296
1642
7101
327
6862
3387
4981
7251
7225
8765
7393
5216
6175
5404
3705
7180
8414
3797
1217
6552
3100
5718
6790
1208
5573
6675
8226
6057
4057
7513
111
752
349
5767
4307
2550
4015
205
2332
4770
8499
1789
2225
1659
1120
5485
2299
3665
330
2702
2373
6605
6687
6900
6888
2698
61
2144
8086
7964
4739
8436
1847
5195
4038
4831
2197
1542
663
7593
4075
5903
764
4987
545
7653
322
2715
4168
2480
2127
1427
4082
7208
3289
5219
7109
6316
4439
4329
6390
1094
3977
6817
7289
8044
5883
1601
2017
6845
4073
4177
3496
5967
2362
3307
7511
4104
8602
8316
6683
5902
2329
6711
5512
7696
5814
1608
1141
7685
4070
7458
857
2759
5322
220
2375
8789
4487
367
3866
3285
7490
4612
6468
8623
8547
8182
7391
1909
8669
7963
2991
7586
7966
6704
8413
8094
2522
3630
3662
475
6614
7782
4686
240
8064
7998
3215
8604
7719
8546
3133
6414
629
5599
544
2599
5640
2172
2229
3385
3695
5437
6107
1770
1523
2062
4394
5731
4479
6114
8018
4417
4193
2119
4101
7850
6860
3976
7401
3211
5725
2446
1340
2554
3440
1685
7689
2860
8479
7546
5789
5844
5309
4495
2807
6125
6854
1532
6475
7324
4138
1439
7039
575
8705
3221
4667
1180
3238
537
5851
8369
5208
3594
3931
7972
7026
1248
705
3519
5025
230
5146
8125
7095
2267
6571
32
7002
5783
5516
804
1957
7811
1361
4275
6106
7237
5425
2625
1488
5428
7876
1189
859
2461
7483
1491
8620
3195
573
1899
4921
5257
2962
3076
7352
5855
1526
6258
6850
8771
5891
2473
5240
4998
7557
4110
820
3672
6949
5319
7674
7068
1299
2712
6747
7108
8684
2027
3393
2471
7901
5948
6462
7721
1751
6100
2558
5302
1431
4253
4677
4379
191
1640
7227
3616
6005
5539
3880
7116
3935
5615
4286
5476
7834
737
6210
405
2819
3129
8648
5065
326
5547
5343
6374
3707
8418
5830
355
2824
5119
530
6727
975
3703
8309
8753
3501
2945
6318
1634
1345
6608
806
2911
4277
6145
1020
5675
2796
4502
8671
7167
2089
2688
5806
7303
8365
8334
4996
1737
8584
4423
351
3920
3189
1501
7771
1495
941
4435
5957
7861
4148
8238
2490
6046
6534
5505
1480
4390
8148
6730
1703
7925
6994
7943
5924
4044
6897
5294
434
3804
2136
1369
497
8108
5096
283
1920
2905
725
3401
8407
2289
5802
3650
2066
3667
2545
1226
8738
1022
4490
7916
3379
5583
6939
4083
4239
3567
706
6007
3875
1561
2178
7980
3711
3588
8412
7351
5232
7464
925
3320
2487
1756
5296
6728
3224
5097
6827
2354
5401
5012
4672
1505
5260
936
6365
8077
5517
71
5792
1753
7684
5187
4781
889
7589
3685
3410
8444
1616
6861
6646
4772
6964
3845
6043
583
774
3112
130
2448
8149
1131
4895
4029
8399
1963
3868
5780
1904
7831
904
3094
3869
809
504
1171
6746
643
7924
2863
1433
7988
3942
6112
6087
6240
8000
7195
6198
44
202
1364
7340
7715
5061
3834
5950
8483
7154
6890
4885
1015
4359
5160
3284
1625
3051
6008
3493
3078
1414
8097
5821
3620
8639
1154
1113
1665
3897
3369
5693
2064
3835
517
7331
865
2850
3654
1845
5694
2387
5673
3692
4419
3983
5527
3595
8559
3538
5078
7687
6957
7743
4384
1979
1288
1792
7948
4834
1114
207
3218
4802
1003
5798
7484
1110
7740
5262
1531
3206
2908
2544
7724
6506
121
3832
7560
1327
1926
3794
6525
5848
7562
1106
2472
1600
5333
3782
3729
6789
5976
6925
1023
870
3056
3296
5983
1767
5088
8255
5945
1318
4327
7533
8296
4616
3187
5631
8478
2379
5813
6881
306
565
4740
6974
2003
5303
8433
7748
2516
5797
2278
1229
1383
595
39
5995
7555
3558
2651
2561
6770
4292
3006
8346
6156
7864
7451
2583
7297
3566
8689
4501
6207
6871
4451
7175
3175
3047
8613
27
4890
999
4444
5968
5734
266
2380
1071
4938
7973
498
2993
3884
1557
1820
6905
7171
6908
5359
431
7398
2477
7879
7165
3066
4187
8134
3024
7360
3492
1333
352
6354
6470
251
4031
4582
6898
6607
8426
2341
2147
7388
308
8576
5889
7503
6025
6589
5824
1822
7374
4684
7265
679
5958
4464
3282
4315
6798
8502
1825
2892
5690
793
1788
5001
6657
7819
1719
4935
5859
3820
2831
1073
2317
6510
6243
3139
6323
4595
6927
3037
6612
234
1814
4052
6705
8394
3600
935
532
7285
6412
2769
4855
757
6224
7610
2657
6271
1037
3064
4367
4460
7498
536
837
7725
3014
4768
6273
2507
2173
8058
2241
7548
4186
5936
3132
7102
4411
5421
5100
7433
3413
2714
8210
8653
4408
2145
5356
7217
6877
354
3299
7156
4905
8154
7532
3548
8386
503
8007
5558
4493
7545
5308
303
4634
2059
4393
6644
2639
3825
16
1695
3606
4154
3456
4971
2749
4048
1946
2275
6936
397
2223
1166
5786
8606
8005
3535
7463
2424
3512
5838
383
4838
152
4476
1262
5023
5458
1696
4937
8551
2426
7851
1461
6813
4467
5716
8371
376
196
8359
2987
7699
3546
6653
6453
8719
8752
5256
1708
218
7516
3231
3377
6991
4813
7544
6216
908
204
6358
3816
1362
4964
5200
8406
5114
3009
1162
5610
4703
6891
5620
7657
1108
576
843
3330
2134
4744
5483
1951
5888
449
1802
3540
3291
3313
673
5503
8715
5357
8088
4680
8722
3292
1910
2890
7591
2673
6054
1002
8008
3997
7594
5350
3121
7224
4841
7659
8356
677
7640
1720
1381
96
1201
4665
5701
3697
6842
1467
6200
6741
7301
2393
2956
4528
5263
8236
6750
6486
4431
2009
5901
8408
6986
7882
5627
6999
3626
1774
4862
3818
4254
277
8062
3855
2321
914
5297
2676
1342
7215
1967
2031
4823
8663
5002
7023
3118
6119
1274
7708
839
2378
4305
3228
1295
8565
2789
7796
2113
714
3041
1143
1841
505
3400
2604
4139
3849
6176
6306
6511
5422
8349
1934
8069
6765
6319
1639
3268
3216
7198
1594
3214
79
6508
7179
427
2234
3836
678
2096
2287
3270
6934
989
1329
1291
1858
3093
4185
8183
4086
7035
7164
4533
4097
621
2809
1211
7370
4836
7835
4941
2073
2327
6193
4923
6347
4266
6901
4771
773
5288
7727
7614
6581
4084
5691
4893
1352
7561
8495
3572
8770
8571
519
633
4153
4609
4874
4701
341
464
5016
1395
6602
2040
8575
6776
2065
2189
1749
6942
1549
2924
5234
2497
7255
1421
2368
6668
8636
1663
1860
4887
703
1098
8739
4521
1765
6498
2348
5947
1314
3119
5330
651
2771
2711
3375
5445
747
4620
1404
3483
2002
7668
4005
2680
5490
3421
2859
3879
6674
2586
1129
994
6742
3960
6238
4095
395
419
2282
7789
1460
5384
5142
5920
2366
4032
2334
3981
7138
8599
6781
7509
7014
4983
5956
1261
6353
1326
716
8459
232
3556
4189
6066
5239
7671
7775
1795
4497
4127
6233
7275
7056
6161
6664
8030
5954
2837
7791
5977
1764
3862
3755
3277
3778
2770
926
2301
602
6388
4522
6565
6673
268
2013
7825
8053
1375
627
1454
7193
3592
937
986
2965
5013
5264
1397
5328
2068
350
2419
1499
5697
3881
5770
977
896
666
4150
1441
4486
4568
8272
4011
4398
2232
6231
735
137
5530
6566
1173
5585
8261
5511
7125
4990
2835
8024
6992
4216
3992
4647
7673
7178
8420
7639
6702
4639
8278
2727
5744
3520
7100
4141
6185
5450
2995
5104
1320
6634
3169
965
6540
6743
7828
1661
2439
3067
8588
7439
1034
7556
4925
6791
2149
2423
2047
3590
5434
1117
1548
3254
5970
7293
5575
3973
502
6982
2503
1572
7342
5327
6896
6938
5225
4191
6187
1194
4309
6976
3120
5655
3557
5776
4538
53
790
3286
8482
2667
3450
4325
5759
4145
1138
7011
7781
6170
5285
7935
4378
2269
7805
2839
5131
3660
4063
8358
2494
5465
452
4846
2333
6250
6794
527
8350
7641
1214
8442
3926
3344
2124
3416
7836
1378
6678
1159
188
3031
7698
778
3712
8404
6524
1476
7744
954
87
2659
3853
4092
1741
384
572
2806
7390
6182
2552
159
8750
3796
7898
1985
5774
4904
8246
5561
7469
4269
3970
587
7231
3887
2184
1069
1186
7207
2998
1503
2579
2285
2983
4
5857
1155
4558
3197
3966
5839
2955
7550
8161
4241
5946
3448
6836
8533
2200
8169
362
3972
7808
742
6977
5087
7914
7124
1687
280
3396
4096
7151
4624
7356
4473
3090
1744
2630
1892
2934
184
6071
7923
1632
1304
8248
365
5881
7867
4787
881
5864
2738
3614
4452
6885
127
3465
535
4475
5560
2810
5075
1273
2086
7795
4666
7701
4218
1019
6688
6422
7842
8591
4742
1536
1126
8305
3500
3158
1452
2058
1715
8105
5784
5033
7654
7190
4880
6618
1443
8239
1392
3135
6352
8370
4911
8289
