1725
3356
2812
6984
8044
1566
784
8614
3467
4668
5653
3088
7576
3899
8121
6731
1251
3837
4225
3323
2418
5788
5604
5386
1324
837
8654
6461
6184
2526
7171
5464
2720
1549
8144
1904
6016
8241
272
5322
548
3701
2500
496
6728
6443
229
6227
5041
7286
7838
1115
5194
1854
6319
7864
5187
3411
633
3337
7071
8751
4832
8584
8459
653
8362
602
1427
7617
6975
2573
4056
1808
6622
3371
6660
3459
4570
3983
3766
4602
3674
8422
1649
1066
7380
7465
8588
532
6153
6139
6212
3792
5944
2949
1741
2400
5218
5971
5299
6611
6564
4157
8301
5695
6102
3890
2614
8699
7717
2513
4886
734
5045
1584
4126
617
6165
911
2959
376
6518
2924
7960
3935
5833
5548
8449
2658
8117
3613
2732
2167
6292
570
3136
7710
639
7821
7492
3670
4951
6913
8585
4372
3573
4470
3638
518
4621
2035
145
1188
4741
4816
3071
8630
4522
5072
8032
8470
1356
4204
2773
5561
7079
1794
2737
2793
1853
95
7708
4514
5064
3155
352
7246
4611
4969
322
6170
5394
7738
1670
8273
7204
4915
4099
931
8690
1169
1268
7372
934
5651
5249
6325
7764
8161
3824
1516
5572
580
7170
2137
1005
2331
2806
8101
4696
8659
6439
2420
8591
8644
4888
773
3853
6561
5317
5343
6902
5383
6487
1939
3826
4580
1176
469
6426
4250
5825
7041
2258
78
5662
5011
7029
2273
6113
107
2416
8035
5005
959
3465
5439
2384
6431
8072
1793
2182
4175
6801
885
7679
7242
8522
6201
8653
5237
1813
4889
2034
5240
1610
2853
5099
2889
6992
3581
2311
7835
1585
5204
6442
1728
6974
592
5433
1819
6066
5775
2443
693
8240
5442
5759
5212
4203
2349
3463
772
8351
375
7682
2850
7288
4332
1546
7748
949
425
1530
8615
433
3622
2915
8661
1899
3312
2919
7298
3396
332
699
5171
676
5080
5803
586
1590
7474
1923
2870
8543
7490
3252
5705
1909
5535
2729
8428
5689
5416
6336
6785
4331
3968
7725
2283
6340
7974
7045
8024
1423
1057
2394
5139
5773
7447
4405
93
1407
6009
1480
4205
412
6884
1932
4186
3025
4127
7896
7628
5479
3702
3709
5217
3250
6827
6546
8598
5197
1223
4820
4443
7150
7283
5903
2689
7817
6630
1008
2246
4229
90
6413
6680
7127
3177
2703
2048
1653
681
4146
5304
806
3967
3096
3161
7421
3869
8544
6307
7430
1118
7091
6072
577
7229
866
3810
6954
1956
7302
2691
7607
4089
1985
3556
7193
2168
5936
1245
5596
5002
1158
4985
8601
5868
4743
554
5148
4503
838
2811
7880
703
8346
7560
2110
2576
6328
1196
3514
5629
8435
2828
6403
0
5657
8568
4109
3389
5943
4574
5414
778
2155
7749
422
1174
3385
2916
3137
25
6779
3716
3492
7640
8120
3895
4458
4850
1496
125
3808
3763
2654
3887
3663
6222
7898
109
6636
5831
6972
6147
6315
7297
1733
6462
832
8418
8094
2313
7417
7527
1654
986
4008
8409
4676
8276
178
5491
6063
2355
1179
8693
4480
1067
4185
6087
6202
7580
2948
402
2342
396
2372
566
3999
122
7605
2647
7032
2261
7730
3868
1647
5098
3424
2826
8046
220
7296
7825
5779
5529
294
4234
6089
4010
529
6689
7553
8583
8187
7722
3453
4826
4953
6470
1200
1598
6167
2364
621
2509
6018
7114
1181
3728
1396
241
7016
2886
2210
4418
1138
80
5024
1499
6592
2622
3619
3882
8440
341
2133
4639
6025
1950
3678
2172
5914
3498
8509
7908
4315
7973
5956
4553
6593
1521
3817
4925
225
5696
207
5276
2818
4279
7487
7792
6310
941
7429
1265
2114
768
5558
7770
1637
2843
8758
3952
1189
7209
2071
3433
3175
1716
290
3934
8412
8323
4523
3209
2677
187
8171
2890
3057
450
8406
2776
1052
8726
7505
1578
771
8497
7110
2846
8771
2746
860
3973
55
4724
8226
2624
5174
6719
1848
7223
7226
4541
5684
5368
7629
5619
8778
8708
278
789
3134
4572
1947
6295
5031
6752
1954
4389
636
7343
4396
3047
1912
2087
3191
6176
1044
6434
889
324
4825
6164
5582
5523
7893
3070
4378
1884
6732
2478
7818
2177
3987
7754
5583
5177
5330
8763
3723
800
8257
2121
774
6597
8139
8127
7402
6758
3661
3937
6291
5205
1754
909
438
8172
8401
6526
922
4197
2925
4687
7055
5747
4200
6761
3148
8719
5635
2775
7797
4612
2641
745
2631
2860
71
1866
5310
4875
465
411
766
4184
1738
1937
8557
6359
2692
4241
4788
1709
3410
5003
1460
2908
6316
1375
3515
46
1870
5268
6112
3918
2326
7736
5251
428
234
1737
5402
4589
5668
3417
7729
1683
4217
2042
310
7704
3776
1081
8143
4238
2851
68
3811
5851
365
6041
1306
6014
4123
3520
3020
3805
8358
7163
747
371
1139
4447
7658
5946
919
4453
4141
4478
7281
1508
876
8337
7715
3992
6500
4231
8597
6778
7390
2726
6693
8075
886
1711
776
6608
4257
8028
1315
4340
7218
3031
59
6203
4033
758
1426
2519
7668
3832
3382
3908
2281
8
730
707
1668
3441
1234
1389
3724
2417
5267
1448
4930
3249
8669
1279
3629
8218
1091
2906
264
2247
3383
1824
1102
1192
1281
6881
3981
5556
6371
2943
7514
3200
2050
3015
7151
8572
8740
4800
7413
6574
7323
3244
6007
696
6084
418
5020
461
1225
4059
905
3426
2585
1261
218
2752
2016
2588
5125
757
7012
5118
1582
1723
727
6261
3456
8715
1606
5935
7399
6267
2365
6759
5105
5839
8512
8325
4512
244
4218
5670
4642
1710
4391
3035
2863
7280
6825
3616
965
4393
3273
795
2667
7056
6206
208
6075
7732
6387
791
7463
1650
895
5473
5843
2804
8196
4187
1513
3213
7756
5455
5411
7274
1030
3523
5195
3050
1843
7755
674
5778
821
66
2490
3143
7046
3553
4852
8667
5152
384
4264
7590
6926
2455
706
3438
454
8289
3579
4718
6878
5209
4733
8012
2298
8496
4027
826
3667
751
2425
3527
1429
4228
4009
8378
3303
750
260
5
5015
53
2656
8286
5083
1135
4301
7765
8546
7947
4551
5220
2502
4100
6219
1150
6998
6609
8475
3111
684
6979
3626
1528
121
4924
6099
6830
948
8560
871
1597
1258
1411
2235
6064
7926
3479
4797
1719
2264
6179
2539
5968
2223
8350
4105
902
8256
1692
3733
8442
5528
7752
6053
7006
6218
8287
6966
8065
4707
1271
3955
1908
1852
5462
6623
7599
6073
1226
3756
8216
1540
7845
2424
7894
6650
7993
6492
4049
6204
7227
3106
6956
7585
719
6494
2858
385
2657
4792
5021
7543
1859
8195
4472
5308
7600
1763
54
8473
714
6136
4328
6522
4720
8679
5155
5714
1921
2713
6682
2795
1545
5274
1239
8757
3272
8264
2701
4048
6283
7788
6230
8252
6124
6326
7866
6991
6717
4723
7452
7622
3098
6116
808
1742
7264
7930
1958
5526
3567
8332
391
7085
7098
2475
6367
201
5389
8445
3298
7237
6236
5426
5040
19
4341
3876
8548
4181
6378
1388
7370
3019
6398
1885
7174
5969
2784
1613
4976
1579
7776
158
1825
408
4525
5277
3077
3563
6925
4701
7037
2181
6671
1746
6983
1867
3508
1980
1538
851
1849
939
7386
4690
67
5398
2483
4357
5344
1154
7313
1652
35
4518
4353
542
643
6474
6177
3550
1447
8373
7199
2708
6502
5990
5974
7389
3153
669
7551
4806
4643
7757
3068
1892
2873
764
5055
4164
4862
5483
4540
4088
5602
4413
3324
6644
5898
2950
5697
4079
357
3624
137
3721
2106
717
3714
4666
5445
1197
3765
7946
8649
4188
2815
610
8151
7608
1473
1775
2734
5028
1394
6430
1175
4626
2469
4517
2788
270
7869
6598
5593
7381
3569
5206
5233
8554
1437
2782
4195
4542
565
4609
6510
2142
8514
4610
3482
1291
8705
6746
7407
5153
6418
5327
7943
5907
8152
6614
28
8356
7528
3287
8329
1303
7444
8367
2946
7183
5777
8559
2596
8555
4492
5115
5889
4858
2134
819
3735
2961
2200
7481
6253
1441
1436
5808
3369
4320
4054
1275
8062
3354
4138
5335
8520
7909
1308
4339
4321
8785
8294
3381
1611
8200
84
6130
8413
7831
5178
2779
3694
8016
809
7897
2869
6514
5924
8717
5199
1781
4004
199
6205
3268
1079
8249
8212
5896
5270
6448
2075
2239
7478
611
2990
6497
3233
5633
7783
6646
3281
3542
5806
223
407
4249
1659
7552
4135
7513
382
135
105
434
5030
1894
3309
2601
4294
7033
8188
5931
3099
7396
6634
3373
2504
5824
4407
1835
5764
3602
746
4191
8626
2314
5716
8159
1364
786
5042
634
4493
2061
2954
5690
8535
3886
1445
3114
2570
981
3898
2337
545
7095
6996
304
7369
3795
2935
8631
4995
8247
2836
2421
4369
7210
8504
2319
2012
7842
2091
7236
7691
414
85
1963
6808
5503
8590
6282
1633
4069
4905
1646
1561
8745
8251
3534
3242
409
7680
3041
5636
8123
8521
8233
8782
8655
7059
1753
8618
3474
448
6363
1942
7841
279
1529
8148
3507
3544
946
1299
4221
954
4851
5911
2412
2288
4490
5047
6893
649
2224
5466
6558
5060
6002
5737
6137
1093
6887
4944
8400
4013
3202
1390
4034
3472
4078
8518
2169
7814
1272
7321
8528
4548
3121
3708
6995
6281
1629
6349
2738
3296
7094
5988
7499
6870
6314
6707
7591
3605
249
440
4028
7975
2323
4524
933
5091
8789
2038
8547
6254
915
4860
6599
3603
2671
4654
6690
6428
8282
7537
3086
4750
1035
4987
4080
4066
2778
4014
7017
2221
380
540
823
7981
6704
4887
2176
1218
3995
5682
4787
1076
3269
6244
7847
5666
4152
7878
5627
4880
308
2942
4973
3147
2880
7709
6828
286
5427
5855
5595
3572
5589
5899
6162
4753
2391
8567
3282
8678
1556
1458
7326
485
8156
6419
5017
1944
7876
5236
5617
8665
3302
6490
8154
6237
8746
4116
6129
3294
4721
4786
3484
7154
7451
7855
2286
3462
6542
731
7810
2508
3055
7301
4628
8408
8330
490
3184
6625
2366
609
6464
742
5228
8001
1257
2976
108
7077
2489
1353
6080
2173
2159
7412
4719
6287
5409
5741
1297
3112
7168
2083
6029
8357
6364
3489
5271
4495
1685
1177
4560
2517
1991
3767
4883
1304
1663
6454
4130
5407
87
8658
1471
6814
4392
6427
3758
2291
4795
1373
1807
2047
5939
4289
8662
701
1842
930
1405
1769
7521
4324
8352
882
5813
1564
7002
4101
824
2753
7586
4426
3672
6327
7092
7655
6897
7165
5577
2932
4310
4874
1430
7813
7427
483
6695
5506
7480
6842
5847
1498
6786
7935
1712
350
3893
8596
3707
6755
836
2081
2103
4169
8140
3548
183
5742
2488
1449
7827
4504
2957
3274
5404
3069
7589
6289
7697
2739
4958
8508
2992
2046
1130
5478
8011
1998
2771
3598
2301
7674
1037
7233
4738
5527
3185
4265
7028
1732
6860
8266
491
1227
7982
1635
3042
3838
720
5432
4292
785
2499
3189
4395
1792
8493
7875
22
2929
7008
243
1542
5652
2518
3847
2184
2436
5649
1706
3336
3227
4193
6535
2363
2427
736
5782
2441
7026
3677
7609
4220
4895
2259
7494
5346
1021
4913
386
3496
2938
3478
5677
3168
4838
7782
1464
8349
5423
4684
6232
5124
6683
2398
5735
1097
7712
5190
8345
1080
605
7963
6396
3942
4578
8344
2347
526
6839
5221
3074
5821
8407
2706
2700
1156
6737
2888
1786
4742
2681
5834
4268
614
662
5149
2233
5264
608
1440
1105
501
4356
6381
2772
3162
4659
8731
1524
390
5230
2571
2934
7332
6479
11
3054
281
8246
2545
1024
3461
2018
1031
330
3668
578
3656
5087
6475
7200
5870
4712
336
4505
6796
3334
2057
4575
190
4863
2002
6088
4567
963
936
8040
5706
7027
3045
3429
8510
1717
5729
6140
8049
1014
1882
2663
916
4918
6923
6568
7562
3790
8634
3262
8029
3208
4526
1619
1074
3655
2841
6620
75
6964
7769
3907
7410
5723
656
6380
3094
1744
5170
175
5500
134
8391
6115
4403
6562
7539
7692
7854
4096
3772
4452
6899
7501
4801
7265
6841
6445
6784
5075
6533
8455
8258
2676
97
5151
7042
7861
6318
7903
7400
7271
6019
761
5820
7048
7918
1559
6489
8712
1625
4781
7021
7126
2832
8181
3476
4308
4182
6797
2910
6864
366
5717
7820
7011
5989
7798
3344
798
5239
6567
7279
8695
8073
4682
6477
4713
2986
7995
4777
5419
1911
2211
8084
3230
5772
32
6390
4704
7353
852
4568
2747
964
6698
7261
8052
6549
7913
237
3688
6128
1446
7805
2175
2257
4744
4579
7768
3320
3950
8467
8083
5585
2808
1062
7795
5147
1643
3643
2939
7149
6521
6037
495
179
1112
3963
334
2510
8099
6757
3466
874
740
2382
3519
6266
8238
2744
7624
4598
296
3413
3328
2058
3755
8754
4506
3051
5766
1644
4698
4112
2305
702
5713
3880
3513
5776
5131
6313
2014
2094
2659
3311
3978
3747
4261
5138
1072
4290
6716
6503
8265
6547
8565
8684
8556
3115
1671
2433
4485
6135
940
5917
6058
8306
2056
7365
1
2530
6299
1211
210
1702
6450
4803
8149
6449
3700
1230
4207
4244
5415
3592
7976
1450
3717
1689
6706
2683
6930
4427
5306
5982
4384
8110
6837
7347
794
5122
5026
641
197
1168
5730
7689
2761
6169
6068
7696
6906
5876
3264
7278
5507
1662
1413
8772
6553
2561
5511
7143
5802
3821
69
4070
3863
3962
4412
8341
818
3109
5564
8018
4998
2533
2995
4561
5757
7828
4267
7779
937
1829
722
7049
6338
5744
1162
7743
3259
3152
3397
3234
45
6540
5867
3460
1953
361
2927
5006
3416
5534
2250
6738
4487
79
4156
6882
829
792
3659
3116
4198
5560
666
2834
2718
4994
5301
8128
4352
8558
8155
8312
6300
505
3423
1419
564
7105
1046
4939
8482
6119
893
368
8262
3212
6401
8574
7099
5928
1013
2875
7850
4309
1677
4988
7713
5749
6296
855
804
541
763
6040
3151
5710
3127
1108
1830
8015
4110
4734
5932
3948
4149
1727
3552
4916
5288
478
8100
2362
3951
2008
8091
5303
3183
8299
2448
1551
8773
1573
2503
6833
7937
8369
6496
5050
1166
913
3276
640
7744
6601
1133
4256
8599
8539
7523
8651
7000
7375
7705
2361
1502
6173
1982
6886
7741
4017
328
4115
5363
7716
3165
3159
907
2318
1216
4544
955
4943
5873
5332
6869
1638
861
1833
8157
6940
5065
7202
3291
7929
8067
1320
8169
6578
6126
5497
7621
8533
5476
1089
1959
3780
3979
5405
8421
2810
5975
2549
8000
2993
4546
4756
1931
5862
2029
3529
2763
5498
2037
4984
3322
777
2407
6973
8108
5973
3292
6626
5919
3683
3939
6910
3455
2296
5547
2367
8210
1648
4474
935
1270
1398
1190
3139
5586
6999
5656
4311
7140
8082
5334
2723
8677
3193
4019
2438
7050
6174
120
4664
7570
4209
945
3904
6686
1316
1872
3794
1186
6530
5578
6339
77
3976
6990
5392
6352
4483
7292
6888
7317
3326
7052
7397
6317
5866
5794
5621
6248
7578
8430
2914
2195
7466
2449
410
8761
4807
2249
6903
4581
4600
3236
6836
1418
4023
7786
6429
4262
7830
8359
6851
6781
141
5290
1399
3836
1874
775
1381
6733
7122
40
8145
7504
4942
5886
431
1041
3875
3378
842
3891
8059
453
4312
2215
4368
2960
6679
6700
3798
3012
7382
624
6793
7141
5157
6505
7315
5340
8370
8191
3305
571
7111
4893
4037
5891
4804
3367
7767
3779
1614
1642
1442
6917
512
321
6655
2881
5316
8160
4296
6332
2462
5481
1286
6531
8215
2285
5192
8680
5606
4603
7888
2013
1916
6525
5108
7362
6198
4075
8130
3436
4861
7649
2524
7445
1000
3307
5719
4498
8638
7258
6311
1343
3128
5089
4111
1784
8134
1943
3555
242
2527
7435
914
7790
8003
5161
5235
642
6156
7100
1428
7994
6361
2265
1901
8005
5811
7131
7044
4906
5849
4928
974
7464
6668
1292
6309
3759
811
7082
5912
319
3198
797
6575
8098
2105
8076
7771
5425
2618
6459
868
8268
607
3403
606
206
8397
1779
2695
3642
3662
7996
2237
331
1159
6278
2586
3991
8113
7290
5981
3712
2217
3203
8069
5669
3945
4444
2426
5865
1519
5998
7186
6949
3652
34
7411
7646
2582
5538
3049
2904
7884
6452
3083
6750
8394
1184
1317
1658
372
5983
5888
3452
4326
5551
7074
4176
680
3636
1661
1593
1370
5901
3092
7843
2446
589
1850
7349
6293
3499
3063
6345
7239
457
4645
6787
6944
7856
2431
517
7597
5736
2819
2506
6323
3762
7214
7097
4429
6850
1626
2199
7459
8243
4904
311
2011
1207
423
7251
8675
1889
5654
6821
670
2130
6149
7403
3358
251
2117
3317
8625
3720
3964
4631
6047
7961
7479
7348
3297
7244
388
3595
2097
3911
6763
961
3510
5570
4671
8096
5319
3391
4015
4240
1003
2295
5762
4076
8417
2440
6517
5499
3820
7991
5393
1621
8334
1612
8483
1004
951
2396
4451
8056
3665
5356
6791
7811
1604
4954
1987
4877
8217
1518
7304
2072
2194
7289
2240
2625
5874
1935
2661
4922
4430
6022
5168
404
1851
3640
7061
1636
2769
5180
7675
3844
6404
7860
1747
3676
318
7394
4455
6457
5001
4370
364
1759
5920
1984
6577
3232
2913
2495
8097
7118
2635
7495
4140
7426
6382
58
5257
6121
7088
5076
4735
8426
1147
5915
6024
4651
970
1295
5980
2308
5738
7751
8606
5010
5273
825
7933
2686
3362
3194
8178
5474
4776
4599
3149
4510
1086
3892
2290
5109
215
4759
4725
1928
2884
6373
4143
5700
2017
7166
4093
7067
7951
3248
8755
2764
1468
1724
216
2201
5897
1933
2988
3105
7702
1568
5490
3803
1686
3359
1487
1512
6415
1816
7925
2696
405
3606
1237
2926
5906
2555
1060
6783
2232
6865
7530
2637
5229
3687
3900
976
724
1077
2511
7178
4688
3742
5107
7376
5359
2532
2897
6277
2279
4172
6715
2093
3777
6388
7645
3118
4805
7337
1796
1431
1266
8185
1222
7078
4454
4043
8525
8765
309
7270
4038
29
5037
6824
5477
2444
4991
6010
3522
5079
6627
2765
2252
1367
6355
1731
7144
100
5156
8030
2542
5360
5515
1536
6656
1235
8756
5575
2267
6320
7047
1465
4584
1039
857
1734
5025
3749
5637
8039
4660
2673
5605
2698
6150
7735
344
1726
6409
235
3346
2674
5683
6209
6141
6076
5250
4422
1461
6199
5822
3325
1641
3480
3956
3080
5182
3451
1767
2070
500
3473
6967
7633
1287
6249
4974
5371
7423
2688
252
2905
8589
881
4565
8255
2322
3897
7507
3822
4737
629
2964
1888
5642
452
8013
1267
6777
5289
7160
2912
8441
7373
3632
6591
2452
4491
2039
470
2531
683
1065
2053
6672
2650
2817
2839
4527
2868
3958
2472
463
160
7139
502
2066
4166
6607
4633
1383
2567
5733
6721
3865
8372
8639
7634
4673
1409
7753
2028
2147
4336
18
4052
8627
1140
2214
300
5590
7441
780
3223
3170
2569
2299
4917
810
5077
325
7393
8481
2076
6424
1595
2068
6645
4730
4055
7986
7983
2547
972
3295
7637
7039
6537
5918
7010
50
8019
4683
7282
5754
8538
8452
2911
5059
7471
5361
13
6726
4521
962
102
3101
6506
7663
8051
6874
3368
8092
3957
5269
7957
123
8561
1587
7076
3464
2307
2651
1688
6659
4592
2501
3477
7311
5444
3988
7840
8635
2203
8383
8613
6691
4901
5679
8305
1878
6812
6875
3032
508
3486
8307
6929
180
4108
594
7420
5135
7307
373
2095
4398
81
5068
5121
7932
3241
2837
7739
2340
74
3646
4892
2553
2260
6303
3488
7153
5541
5110
2636
5283
4511
6883
6740
3685
6235
1172
1490
4168
926
5550
1191
2493
4134
8168
519
1104
715
6862
2855
2027
6642
247
7800
7015
7806
5175
6942
2192
6515
4148
2179
4848
1380
5600
6981
6919
658
7868
7211
1506
7036
2465
1300
5625
7482
6855
342
1401
5740
239
2471
94
7450
3066
7760
7003
5215
5456
7958
5967
7367
3633
6628
1096
7128
56
3921
7833
2842
8750
8657
6245
5517
3205
2401
1250
2021
159
4435
4979
753
3617
7203
4840
5805
7542
8239
5726
4360
741
625
2685
7208
8193
4226
5349
6005
6166
7232
1972
1989
6604
585
7161
5183
1970
8636
4401
4853
6420
3503
2813
7615
2100
7001
4613
1826
1467
5132
7627
3444
4291
8622
5531
7922
5571
8086
3343
4891
4178
1602
2800
1752
2540
5136
2998
6329
1262
5732
5090
3834
2749
8492
1006
4766
7116
8502
2672
7787
1703
7934
2783
2996
2595
4508
6896
4270
7728
1765
5255
4882
3180
8647
3395
7035
6274
2797
4604
2280
3769
1136
8742
7089
5608
2809
7217
3138
3226
6527
735
5034
3927
7967
2891
2124
2059
6213
3221
7871
4754
4695
4167
1975
3635
2270
1981
1805
841
8550
462
6297
2505
7966
8205
1285
4467
1694
2557
6034
5019
195
8308
2665
6970
2230
7839
6927
3828
5435
5574
6826
7970
7978
4571
3002
5587
4300
3104
4515
3980
3596
7249
7051
3421
8387
1110
5216
6377
2690
6766
6482
1020
3648
3862
8519
128
1036
572
3257
5624
2816
644
3422
132
7456
985
1325
1178
6675
807
4002
2108
8486
2356
7952
4349
618
3657
7133
3256
2877
2712
953
6196
1476
343
5704
2077
8523
5016
1374
7359
4144
8774
5530
7802
5471
5852
76
6045
12
5242
558
3750
7461
620
539
3171
8125
3591
1996
4949
8043
6868
2963
2985
739
1812
8179
6257
4381
3338
4165
5337
7999
4129
582
709
6168
1640
4041
3028
5993
6171
5681
4866
4700
853
843
924
6832
3120
6346
8594
3195
8617
509
8503
2297
1992
4121
312
5128
1009
3166
1617
7428
1333
6994
4772
5141
7475
1690
2730
7989
8534
599
4459
6565
6543
793
7950
1760
1393
7625
7683
1960
6356
2335
7453
1278
854
1433
2781
5054
568
7339
8377
3483
7659
4935
3799
2670
7746
6969
6065
5518
2204
7940
928
6554
5374
8316
4845
3584
1857
3293
7733
3856
3561
8227
7824
419
4834
2909
394
5401
3044
8386
1469
7129
2611
3370
7555
3612
8620
1068
4638
4681
7086
7723
4746
7357
2520
7054
2186
626
1979
2827
1331
3807
6879
8775
8150
6255
4104
4085
7916
403
3533
7425
7303
8166
6217
2024
2568
4530
3487
950
661
5510
3448
6684
4377
8213
556
306
5804
2609
3219
6520
7062
1799
8425
1748
3666
5307
5568
2736
5994
8022
3729
7619
2166
848
4731
1751
2040
672
7263
3781
8331
4285
8609
2722
315
8608
7852
1120
879
8376
118
8234
3743
6214
6849
2272
2978
3210
8063
3304
3746
188
7502
875
7328
5049
3376
3517
4615
2977
726
3124
6765
4703
4433
3878
2583
362
2697
2578
4898
4202
5875
8604
5210
3809
622
1073
129
3284
6904
6334
7740
5659
1212
2974
6960
8600
88
8619
6411
1838
2359
2118
6652
5745
1520
7080
3218
4400
124
7651
7216
1213
3660
7312
4790
7090
70
7136
1328
4710
7152
1238
5256
920
6610
6677
6001
7415
1045
5104
250
1241
839
1820
2594
6504
8725
1249
6794
269
1029
7587
7809
5663
7004
4255
1452
4473
6046
2358
8469
4275
4293
3030
3736
5200
4337
2955
2865
142
4582
756
8783
153
1505
1350
1507
4761
313
3504
8338
7902
1586
3254
1410
4876
8434
8319
5790
3778
3575
5448
8293
7252
3443
212
6654
5486
6031
8645
4272
8020
4344
4855
5708
6077
1167
2411
6822
3641
2099
5470
7440
4652
6161
4419
117
3970
5468
3491
3521
2491
7924
7879
7684
8781
3454
4528
5785
2451
7470
3511
2080
7106
2901
3167
493
4180
167
4053
4012
4136
209
23
3812
1255
3851
8664
1832
1165
4183
3551
2162
6936
8183
2725
3446
4972
8342
3251
5584
6952
5958
2496
5061
2791
7579
2222
3920
1232
3546
51
7955
3253
7834
1718
867
3695
2866
2563
2754
5947
3140
3023
6955
583
6730
2973
4929
4709
910
956
3600
7923
5628
8610
8633
6880
1059
2294
2086
654
8419
3008
4556
8250
7418
2225
1019
6290
6033
828
7652
5198
4382
4329
732
4376
5887
6160
4793
664
1800
4636
3407
484
4794
3915
7330
6030
4783
7862
2025
2187
5900
4415
302
6616
4955
2523
4170
441
5449
4468
5043
8175
2383
3237
5167
7405
439
2991
8577
1358
3100
4926
3006
320
6647
273
6348
155
2126
6294
6239
4058
1475
8744
6491
1834
2435
4103
1366
8336
1713
1387
3545
2089
1656
6890
4705
5384
4465
7672
3231
5948
958
6572
7582
3566
1645
6092
6613
1289
2360
5609
4489
1861
3786
5106
168
16
6943
5976
4477
8041
1042
6708
6280
133
3698
2317
7804
5985
3922
4764
6511
694
5029
4305
1801
3697
2825
2132
5728
2807
5828
2796
6666
2278
6465
6393
1886
8290
3361
1699
4653
3122
5293
2854
6649
7773
1907
3243
2972
6495
8431
498
3682
3261
3360
3285
979
2997
5513
567
5934
4829
6453
6809
7906
1695
8034
5282
805
5252
8050
4219
4914
9
130
4752
282
8551
4912
3342
1840
1809
2887
5373
7438
5774
8537
8291
3129
154
7780
8707
399
1601
7912
7083
1229
6834
5598
8786
1525
8697
2922
2065
6743
1560
2405
968
7344
8116
894
5112
233
858
1101
538
8532
4005
6095
7355
2956
6773
1274
6440
984
7352
2485
8656
7949
5962
3559
1047
7745
1714
5929
1592
5291
6856
1314
3022
8224
7724
6444
1180
2940
4997
762
692
5576
7857
5214
2896
4379
1204
8411
8036
6421
632
5559
1111
4316
744
1382
8002
4990
6260
1095
8203
6228
4768
5245
1674
6908
8263
7636
6780
416
5162
6947
994
5391
7577
4907
489
3495
1684
2357
6103
4036
1254
2903
6818
3835
8228
2920
1758
2669
679
205
4050
7363
6993
1673
213
1856
1312
5645
3816
6771
5709
8562
3800
4739
6441
3075
2968
261
1455
5085
1342
2104
752
6585
3645
6183
7189
6155
5173
8343
8026
7700
989
6425
6191
3796
2476
5158
7364
6383
6372
435
8141
2202
7483
8066
1244
5159
7921
8575
2536
1032
2064
7844
2883
7458
5353
4634
6078
5761
8021
5524
4139
4692
8402
8788
1514
2150
8468
5783
6529
973
3494
7374
5904
1243
3974
3649
1346
6938
5114
5562
4350
5248
6835
3333
4081
2711
5429
456
7531
8374
3372
6050
4774
6275
7548
4251
7575
5796
4597
2645
6231
2751
5219
378
8732
4999
4773
8389
5365
3841
5842
3906
7190
5403
4965
4900
1527
5263
8743
4967
8027
1087
1107
5272
8476
5694
2584
346
2344
1594
3192
3058
4563
2975
6769
3620
7538
6042
4102
6633
8375
256
1704
8106
3583
5675
4531
4963
7606
1875
1384
3994
103
4856
897
8180
2369
6288
1099
1157
4689
4859
1064
4760
2989
3310
240
6302
5441
4469
4179
5672
8687
370
1001
189
6238
8415
3929
2589
7156
6848
468
7623
5509
5835
464
2338
8741
61
4288
4740
4623
4665
7346
2693
8611
6918
6250
6111
2983
6687
5592
6402
8223
5279
1785
2482
8716
8637
1301
596
4986
4993
7157
2345
1839
873
2255
3538
4438
340
3043
7322
2196
6741
2392
274
5859
6570
4983
5247
3029
1691
8760
6480
938
3067
429
3352
3458
5378
2346
1817
2655
638
226
8267
3401
6408
6083
5992
1083
5453
3570
8071
291
8666
8542
1252
7574
6753
3984
2642
6226
5553
3428
6122
8735
1553
4996
5923
1922
4196
8587
5454
3388
8721
6392
8464
5573
4562
2790
3229
3182
7865
3437
2160
4239
1246
2153
3415
329
8053
769
507
3916
3365
10
8245
7
8295
7361
7794
7019
1193
8221
6110
8511
845
7065
4287
7231
4513
7158
7676
8244
5348
1494
4543
4629
3854
1926
5643
196
6131
665
8340
2116
3658
7112
6069
5201
2615
4618
6907
6516
7612
7664
3087
6342
8398
5154
1990
1462
1749
4062
1010
600
6745
4596
6172
6197
1855
4114
7870
200
5607
3363
1547
3135
5501
4769
8385
3084
4160
2198
1485
1202
1309
5676
4702
5275
6556
8595
2069
3123
3609
5406
4532
1146
3313
7573
7431
7224
7874
6603
8393
1069
1338
3024
7822
691
8540
1337
8309
7177
2638
6764
5347
8676
4899
284
2714
6638
5246
8444
1756
3518
7489
4966
5797
4835
2410
8089
3145
4648
6989
906
7155
2999
163
510
6965
1173
26
6455
6466
8126
2879
3157
6433
3894
1276
1846
7414
3775
7907
7846
5459
2794
487
150
1391
4867
5408
4716
2378
8190
245
437
2015
6877
3402
5261
349
143
7228
7401
2623
3757
297
4630
2894
7385
1415
7253
4348
5893
8621
5420
7212
1219
2633
6670
6776
3289
4818
7832
6391
8124
1676
1280
8563
7235
8165
4646
4711
2643
2562
3845
8077
8663
8008
516
2497
8709
1336
4325
8186
1318
2143
8318
5078
2140
3910
1132
4821
2878
3431
3330
7506
8220
8646
8734
3881
8443
3275
8569
6188
6586
1976
5739
2967
5871
1750
6667
8058
4661
8131
4635
6357
6524
4833
6074
7448
6023
4161
8700
8014
6555
1152
4243
4931
7138
7784
6653
293
2245
2898
6790
3512
1745
2616
2831
6681
2678
4212
1999
1049
4706
7454
8652
6271
3265
8491
8261
1876
1879
1698
878
4445
5537
3562
5546
6152
6696
1782
8403
4545
7687
6545
4729
1084
6624
5472
6039
8720
7939
6699
5622
5300
8184
3524
1618
6400
4770
6744
4113
7987
5311
2728
5333
259
8438
5566
7807
3427
2789
3199
7262
5058
2719
3814
1129
7188
6269
6200
4074
8581
4828
7681
7101
7184
7175
3178
6096
4778
5358
1444
2758
1862
710
3509
3601
7561
8081
1517
4605
7666
7327
3526
3647
6643
7007
6632
3188
4032
6702
6579
6067
3447
7853
4404
5864
1116
146
1026
712
8776
5905
3348
4347
8487
8038
4343
4879
184
6351
1479
1420
5758
7737
4380
2125
675
5450
6729
4641
2486
3318
1231
957
6978
562
3977
1700
5137
3884
6012
2731
4462
1170
2262
5845
3588
822
8429
4822
4106
8230
8078
5970
5318
8683
527
8592
473
7043
8769
1453
21
2098
6559
1669
7446
7031
1571
6270
2275
7962
5413
8553
4118
7121
2403
4715
4870
7220
8103
5321
8368
1994
635
2522
4084
2131
7536
3867
5447
2251
4042
2123
3110
8047
2512
4507
8202
1484
1434
5238
2423
4775
5639
8384
4791
4083
5665
5458
7398
5818
2287
5056
5715
3877
4757
2593
5542
1682
1242
4338
6399
4437
5872
6705
5027
4124
2833
2395
8691
3829
1871
4431
177
2163
6866
6867
3944
8388
6663
782
6916
971
3691
6532
6446
5434
975
7103
2577
3686
8339
1233
8297
64
1071
7340
3280
4086
5913
287
5533
4896
2022
6697
8420
211
3734
139
1672
2931
2598
6922
4558
5164
3896
888
7221
6760
977
3888
5922
8229
8730
1806
7990
5144
1707
3240
7611
458
4252
1941
7707
7053
5387
2814
2801
987
1983
4222
7525
1821
1554
3033
4208
7718
5000
7959
4557
1533
6485
555
7486
5760
6798
3693
4680
5957
8031
8694
5320
4397
2928
2604
7254
5046
4000
1665
918
1946
2620
8643
1743
7025
1492
8087
7566
3928
1957
4854
4686
5701
3089
7181
5428
1362
3631
708
2861
1721
1016
73
7766
8269
1858
6804
7248
148
2309
7485
8321
3761
5211
8513
4667
7532
106
4497
3614
7671
7234
685
4499
1526
8456
3364
5557
3996
514
8292
3418
7998
4763
4428
401
4590
3374
4977
1334
1934
8283
2921
8068
4637
1263
2000
6071
1161
3804
4547
705
6057
8118
5986
6070
1770
7883
5890
7984
5505
5399
7072
6044
1772
5937
3224
4342
3160
7477
4908
704
2755
4934
6571
2236
232
5591
4827
5930
7406
6618
4849
6220
4463
413
7928
228
597
3611
1949
4813
7616
4697
1567
3119
1788
8381
1339
6829
8570
6366
5638
5999
8235
6207
1881
8272
7931
2220
3300
7550
721
3072
1256
3671
546
525
2803
5661
2551
2847
1562
929
4823
4365
3176
6262
8739
5641
2254
1896
3843
8237
3475
1910
6587
5096
2324
2477
7293
1541
2430
7310
575
6108
3169
7796
7388
8122
1103
1509
4408
6986
1678
6934
3784
4410
1027
521
2480
3341
347
2484
6631
1359
8006
6911
2434
8288
1038
8225
1311
7497
7742
4016
3125
389
1082
6858
2602
5366
2640
7419
1495
2368
2634
5882
4142
4068
2165
467
2375
415
1486
1282
8045
504
2777
6247
3001
523
5033
3936
3953
2552
6055
5203
6871
8465
5658
6863
8153
481
6210
7093
2467
1417
5484
5616
2351
4936
1022
4812
6844
3037
1622
4374
573
5062
849
827
7024
5686
6629
4040
917
2799
5850
6082
5793
3003
1534
993
2473
2320
475
8714
2127
6211
713
4909
5244
5163
992
2067
3039
1163
1997
4549
5504
942
1205
3986
3445
6669
1113
4199
6133
2341
2970
3842
3286
673
8706
4500
4539
2041
2675
1902
7567
1228
5771
6789
2164
5480
6928
192
814
1634
1119
1917
3217
7164
3331
615
5145
31
2316
298
8133
7336
5146
4227
5881
5693
2088
5830
1451
8629
6854
1588
3355
6664
2937
4151
7881
2101
7014
182
2969
5412
2289
598
2456
7563
6272
1335
2981
7863
4330
5035
191
5799
3399
5254
2464
1962
2907
6617
4765
7005
1372
5978
835
299
1628
2951
4476
6971
6308
5093
3327
3181
1377
2756
1607
5884
3975
2302
377
2129
5612
5640
5189
4211
912
2343
5372
60
725
2768
5443
1887
6186
6114
1762
2487
7167
5921
1259
4411
5594
1236
7941
221
8660
7720
5338
5328
5644
5438
5493
3366
5671
2161
3502
8060
6852
333
4394
6142
2397
688
3864
3580
3085
8335
7132
4133
2463
1550
1203
3390
8277
7087
2944
3960
424
3108
991
7247
1630
2882
2612
5038
1660
3319
6405
1098
3858
5569
6840
171
1220
8114
4494
2735
5400
3239
5377
6747
4920
8138
3753
7901
4959
1283
219
3673
7185
7104
98
1305
6920
3225
8280
4162
335
1798
7886
7639
3377
7662
1988
1955
7526
4145
2138
3216
1552
3684
1569
7196
6894
1655
44
6548
3604
4496
5941
8111
7058
898
1058
140
4031
2007
3833
7358
6322
2128
5846
8605
5465
8189
7512
7476
5262
7070
7500
6422
1017
3704
2514
3440
3554
6241
574
6478
6229
5120
2603
6859
4060
2422
2626
20
3931
5950
1109
1581
2277
4215
1544
5731
326
4383
1290
4406
6021
6541
8607
6853
7914
6662
3196
7250
2717
1968
1491
5718
7938
5819
8147
6134
6657
1313
7919
3585
2276
5685
5188
4536
5370
5088
6588
6566
4616
7954
1206
5436
5858
6534
3710
3425
6714
8566
8324
7762
7706
6958
5792
8623
2268
5516
1459
551
4902
7750
5664
2466
7661
969
6056
6125
6062
2933
2457
5953
6123
4021
1365
7300
4728
5382
6982
7069
2766
7176
2936
6175
5186
2387
1412
5817
5166
7030
8197
700
1961
1288
2325
2979
865
444
5396
3738
4586
812
7837
2145
655
4601
5634
4978
5266
2263
590
6937
7457
5861
3081
1535
2180
1924
7066
474
2381
4420
8552
6563
2958
2020
1771
7992
161
7334
6768
5752
2062
5451
1755
2271
1293
4647
7630
8395
3339
8361
7467
5461
5892
8363
8182
4957
4573
4
6895
3791
8219
4280
4235
1131
2090
5691
5367
1575
1995
7789
6846
6132
997
2599
1028
4968
1106
1260
5945
1023
4755
8593
5278
7325
338
530
126
7422
7378
5073
1474
3026
2864
3246
7763
8472
1632
2406
7201
5927
3813
8102
7678
472
4018
6583
7632
8348
6512
1729
652
4440
8404
3380
7379
3857
4128
4236
2063
2538
4799
4271
1149
8064
8451
2402
6857
7115
4163
5070
4865
7159
8517
7205
1504
8298
5014
1620
4318
8495
3539
834
3586
3819
8767
6369
3982
6117
5964
479
101
2188
7256
8208
8668
1432
6268
5997
1488
3271
543
7572
8454
263
5007
2219
8738
2867
2516
3989
82
4359
3220
2613
152
367
6770
1815
8462
8762
5674
4313
686
3345
6180
4846
6692
2371
2704
3449
8648
4529
292
8682
7654
6306
2085
1768
4424
1183
6997
3206
4836
5022
4569
5446
8023
1477
908
2049
1214
2248
1705
6735
2748
3997
4067
2209
6181
4873
5743
7472
5067
7665
3404
1349
7660
3764
7102
4260
5938
7320
3848
4844
3267
8616
2178
5567
6143
1472
2243
6602
3201
2606
6362
5460
4307
4784
265
2206
2149
280
7669
3839
7785
4927
1055
2414
5082
3589
7517
4785
1844
671
8748
3392
6331
5512
3827
581
4385
3770
8450
2617
7826
8718
6838
5532
1056
7057
5053
351
549
1930
678
5196
303
7650
1034
3577
7408
6980
7915
5902
7508
1025
41
4051
2644
4847
5857
6195
3903
7493
2102
8173
355
3760
236
4206
4063
3727
528
3439
337
8749
7559
7260
8602
2242
6397
4868
30
4897
165
6736
5315
6673
8526
4745
4327
86
6414
5549
1217
305
619
3582
7829
1589
8432
4881
4947
4122
925
7900
7791
8759
5485
1964
6394
231
3485
4030
5259
4423
4992
8070
3469
8603
7556
7064
3172
1144
3912
3679
2544
6595
3815
6225
749
445
1141
2148
2120
5926
996
1789
4808
6762
4842
2627
4699
5202
6635
2458
4796
3874
6648
5489
677
601
7667
1810
2649
7060
1951
587
1790
6374
3471
7314
6284
4233
3179
3998
7588
5313
4072
6924
4064
552
4938
8458
1326
7511
6285
1090
8488
7592
6600
6914
2044
1570
1402
932
1583
2709
7147
466
2429
7383
169
738
2005
1574
1085
6550
982
3238
4950
3173
1194
5827
5390
900
8119
7677
5522
1319
7944
1171
2630
8104
4216
891
2682
4585
181
2212
202
1117
7277
4057
3021
5352
3011
8164
5440
6816
3163
6720
5103
4094
2051
2334
6158
4606
660
1666
3258
353
1425
2900
5018
8484
7695
170
2952
2652
6410
5692
8320
7648
3288
5008
2079
2971
5379
1123
6711
374
3965
1696
1043
998
2556
544
4269
5295
5832
3214
2767
5430
5611
3079
7460
398
1007
1397
7462
4747
2632
1414
3597
4802
392
4519
5581
7642
1708
6048
5113
6807
421
7808
646
7449
1329
5126
3144
790
6185
1895
2432
246
5746
5703
6192
5119
7936
8689
7895
2084
4550
8780
6243
2716
5421
1209
3785
5285
6941
1735
2757
4932
4090
1608
7891
1818
2060
5755
3158
4831
856
8129
1210
4442
7124
3850
3090
3351
6823
6233
6946
4693
258
2218
3095
6987
6658
5069
3103
3505
4436
7434
4762
144
6038
2244
5965
6891
7436
2966
4662
7610
6256
6432
4583
2459
591
2074
157
7442
2575
3215
65
5940
4971
7887
4885
1831
1215
5502
363
7997
2874
1828
2193
1900
2030
5856
4663
1424
2856
1400
8146
1971
6194
6240
2228
8281
3870
4535
3943
4213
3917
7848
8194
4284
4975
3549
5032
6953
2541
6802
2872
3669
204
7395
7294
1457
5494
227
3434
2715
2844
7335
5369
5815
7377
271
3696
4872
7515
4627
8711
4952
4857
8494
3787
3301
2597
7404
5860
8333
1804
359
5838
6508
6519
8460
2535
754
2332
6145
1837
5854
3040
8506
2454
2648
307
2144
5265
1969
7324
3925
7269
983
4552
7942
4047
2073
2774
8471
3630
2460
5143
62
4192
8737
2227
112
7781
1877
1463
616
5599
3966
7022
7721
2031
890
5130
5140
1523
7291
111
2450
4617
4119
8275
6337
1764
4298
3005
1531
1563
5081
2315
8322
4726
7604
3830
7108
2721
1869
8271
718
8259
4502
8158
7213
3926
4194
4177
3156
7911
5222
3879
1240
83
8296
2743
4402
3263
6389
1126
695
8624
2521
506
5614
3681
5711
1811
7816
6385
1439
689
4884
1675
8414
1657
5302
6079
2798
2393
6252
7953
7473
7125
8209
3831
8315
7503
3901
1408
1221
6026
850
2336
3793
4679
3715
4095
2310
314
1277
647
1795
5418
1599
4839
846
4173
151
5111
7971
5253
4258
3406
3961
7267
6105
4588
6725
6640
3623
7557
4132
561
7137
7690
3164
2507
7910
6350
6106
6637
5753
6406
8728
5618
8364
6619
3871
8766
6215
3590
2119
952
89
4878
7287
999
6523
4475
4456
6843
2092
2930
767
2327
2724
238
4810
4006
5023
5521
7565
185
7013
3594
6221
2515
2619
43
1697
442
3340
5615
5375
6187
2373
1199
5241
1125
3971
2052
5877
110
1802
2352
8135
6756
5613
1321
3739
432
4869
864
8531
1048
1002
5036
6509
5350
1340
8278
8436
3706
2183
2111
6501
6584
1327
7867
3394
1891
8474
8033
6273
1952
6536
6774
2399
1224
1986
6905
5894
2004
588
5725
488
7498
6513
1558
612
6436
7238
5520
659
4388
6661
7182
872
4736
2820
1511
870
3400
7969
1532
6538
5795
7613
8576
3587
8752
5812
4223
7245
663
2822
1284
7620
7554
63
6301
1330
8461
623
8779
4591
7644
6467
8702
7653
4767
1051
4941
3650
3637
5297
3412
3141
8355
7777
7123
1623
559
1722
8764
7510
815
5243
3535
2607
1948
1945
5916
8753
4981
3885
5100
3347
194
3905
6847
131
1915
2587
668
8347
8222
8303
7569
3730
877
3873
3725
3314
1631
595
7409
6370
5039
1322
8479
803
6051
4232
3207
2498
214
4147
3593
4749
6582
5791
1363
1927
3628
430
7685
8396
4190
1914
5807
3379
3690
5339
4815
5134
6590
5095
2821
7647
2474
4210
6712
6968
3283
2
57
4155
4658
1596
4245
6060
7917
4675
7308
2608
6190
5395
5193
6815
3017
8109
7529
4622
4434
2006
6251
8499
6101
1198
3056
230
5597
5678
7518
3409
6710
4045
1114
947
4779
3034
7169
6811
6674
4817
3560
7488
24
6020
3599
3408
5885
6754
5388
3059
579
4751
1344
6435
499
1145
6576
8405
7540
5452
5756
5580
6915
1012
4073
4937
6861
2154
2848
4894
5552
5954
4025
7356
4087
7345
553
4632
6224
3073
3332
3266
4335
2442
8162
7023
2216
569
339
2171
524
5543
5991
3013
6748
2428
1797
2994
765
5786
1929
6795
4771
5536
7331
2876
7266
6208
4387
5646
899
1993
4414
1616
4933
2112
494
2666
3133
6800
277
682
1378
8285
3959
6138
1687
2122
6460
393
4482
6265
2354
1121
3316
7761
5424
33
1863
7187
2141
476
3457
1385
8701
884
1539
6098
1774
48
3432
7329
1898
6507
4811
4640
3102
5579
5329
5648
3036
6950
8079
3802
537
869
8439
5789
4789
4464
2152
7384
7134
7284
5101
844
6463
7433
4117
2339
3064
1537
1392
2559
6157
3004
813
3228
7240
8399
1624
5949
8703
4131
5225
4001
6379
7255
1493
3065
7571
3923
7342
759
8453
5051
6499
5004
1903
8580
4537
8747
7084
7222
5324
4024
6094
3315
1873
7885
4367
1651
7113
8729
5309
267
5699
8501
6901
2534
4758
1557
7081
5667
4091
1404
7801
4678
1264
3782
1435
7859
7135
6091
7241
3719
5009
1967
2353
6589
687
5763
2191
7524
289
2229
3866
7803
1128
1497
4366
5086
5431
4439
4577
8505
7823
1368
8722
3846
3849
729
436
743
5883
6
4714
5837
5784
4798
7849
3543
6539
7351
7146
7206
816
5848
3107
4354
6093
4154
6819
8270
783
8632
6805
4595
1757
42
5496
6360
8674
5492
3713
176
788
1905
3731
630
8466
4242
2078
2139
7815
3751
7197
7075
138
7877
15
2802
903
6353
4593
2558
3290
1296
2962
1680
3531
2982
7546
2468
4375
460
6594
5620
7198
8379
6193
4956
8382
7734
1966
5208
116
4174
4962
3722
203
3053
8177
7858
147
648
7192
2980
2610
5963
3578
3703
8723
1481
3732
2525
5323
3000
645
2226
901
8366
8698
2786
477
7360
6820
7195
8524
2565
6312
8692
4457
4484
3933
1355
3010
7496
4670
8304
3393
697
4432
6703
3018
1033
7688
563
3806
1369
162
6298
1379
5781
5734
2580
7191
3536
8390
4061
2546
3353
8010
5184
5840
6163
2312
8686
2158
8671
513
3245
8199
4843
5952
248
1100
6035
2348
4361
4417
3744
7882
8579
4620
354
5647
7432
6458
2792
6806
3969
2253
1376
6493
6685
7230
4837
8254
3932
2197
1134
6945
4607
5727
604
3938
8446
1155
4125
4282
4281
3131
6551
3872
7693
8211
1919
4299
6845
8673
3420
2439
1515
5816
7686
5102
6234
27
8380
1273
6817
3985
748
8313
5380
7316
2830
5809
8274
8260
2702
8080
7424
921
7120
369
8727
6678
5213
6085
5826
6718
7979
6483
7927
7673
1847
3450
1681
7073
4416
7439
6471
5688
5172
5910
3940
8628
3571
3061
6258
8573
4092
3357
4201
113
2892
3142
1787
7130
4022
760
4824
1015
5354
3737
980
943
2109
2043
5961
3664
4677
2852
6932
7812
1182
449
6011
8310
6407
1783
4717
584
6097
1348
3052
4533
2605
2135
6118
4819
8042
4259
406
1906
1543
7547
2136
3097
6000
3501
2572
7836
7392
3634
6709
2902
3078
1489
2750
6792
2694
6368
799
1078
2566
4077
2256
1822
4189
4278
4460
4355
3788
1501
7670
3405
3797
7522
6782
3
6898
8242
831
91
262
6727
7350
4390
6003
2156
690
7774
6276
4748
4814
4587
2415
5650
1913
5707
7119
5698
8214
6951
8447
4970
2113
3204
5554
395
6939
2646
4672
2185
4029
531
2189
5750
787
833
4501
2759
3825
4566
2304
3435
4488
7533
6701
6885
3773
7309
115
1061
6605
37
3321
2241
5345
2660
1978
8541
7980
6015
6304
6734
3375
2390
4625
7107
613
4071
5207
2653
3076
1092
4346
4555
3946
5588
3260
4921
8685
3150
4910
6473
6749
327
4158
5996
2600
7920
2941
7596
5129
6305
5539
7020
7904
4708
8424
8300
8641
5995
3235
99
4026
5966
4538
1965
5280
482
7641
1164
4371
1609
5097
8500
7259
6043
7368
7040
2333
7545
5673
2862
1070
7038
5084
6912
5355
5341
1603
5294
3914
5508
3398
6560
6472
7285
49
7618
3506
6375
6456
6032
1572
2001
5351
1466
8207
3564
6803
1890
2917
8681
4297
5977
3197
7699
7657
4691
2687
1600
8037
5488
1332
5457
6347
4263
8416
4871
2082
4153
4466
317
8204
7009
7215
4286
3823
2266
7145
8009
6957
892
5525
4809
6008
1151
5232
944
4253
5286
7173
4011
5841
288
5123
5814
486
7601
1548
7443
2413
2923
904
3186
8612
6909
8317
2146
5863
5984
4274
7063
7225
5298
6739
7972
3547
7018
7194
6081
5385
1018
4421
7338
6004
6086
7068
224
6104
7656
3576
5955
6889
3919
2574
8410
6977
1247
8170
4097
880
8088
2445
2170
1148
8586
2036
2741
3818
1791
4020
3387
6321
2550
3771
7581
8530
2548
7109
3618
2379
8048
1893
3654
5227
426
1777
379
2529
4319
723
6935
283
3493
7614
1253
5463
5116
5092
4448
5417
3680
6242
4306
8515
4266
6027
7595
2592
3497
1715
1580
1897
802
3335
4649
3132
6799
8478
3350
7257
3949
627
8136
2306
4003
8107
7455
1040
6615
7889
781
5702
4961
2238
2554
7148
8784
480
3855
1776
5630
628
4399
3117
7207
779
5066
417
3859
5721
2987
2947
7638
3082
770
2386
5074
2330
6052
5117
5234
8485
8105
7899
1137
8093
4732
1845
4980
3306
1880
4989
5475
1864
4727
3091
3038
1814
5514
8284
2282
2945
8142
5071
497
6476
8279
967
266
1938
5787
4098
7988
1693
1456
6151
4594
6488
8174
6335
4425
5565
1142
8724
5545
3705
1478
5284
1454
3048
593
2096
8371
5063
39
7584
7469
4082
4039
8787
6921
119
4694
7391
2835
7603
5767
7594
5482
6900
1836
5357
1823
4283
6061
2300
1127
4534
6486
8498
2762
4302
927
1421
172
6596
2492
8314
1153
5844
1395
6279
7520
4333
2494
3752
4351
7945
5878
7179
6612
4830
8650
3481
7333
3568
5364
7694
3913
6962
5768
8696
3774
7892
1483
1310
72
2680
6468
2115
4841
5960
7643
3902
4254
5908
2026
2205
3516
4314
5185
6120
1766
7775
2787
2639
3801
6017
923
348
8536
2045
1778
6127
5869
4303
2662
7583
1053
2019
1555
6676
8302
3014
7819
8392
4481
7799
275
4273
4323
6090
6641
657
4608
3154
533
8489
4890
6216
7558
4276
6259
6028
7305
6395
3146
4471
5362
5231
6933
7747
3470
4655
2404
6552
2560
4214
1357
1868
5012
8231
17
6159
2849
5422
4248
2564
8490
8085
7872
1925
2408
5044
5801
6581
92
447
5397
2328
6775
8311
164
7703
7468
2895
5942
1354
3860
3190
4137
4644
4446
8672
7273
8477
3299
6354
5133
7985
3972
173
8640
3211
6813
883
7626
8095
7416
7698
2840
316
4046
1730
1201
471
830
5979
1143
8112
8582
8198
2054
7778
6892
887
3557
6528
8670
1865
455
222
8353
4230
4362
114
6959
7956
5381
7851
4559
2269
859
2857
2234
5925
8328
7275
4159
8365
2321
6985
3007
6416
2742
1195
8713
7701
4923
4035
6988
547
420
1565
3607
5722
3308
8132
3565
8564
4614
5610
301
637
257
7437
8578
345
5769
3046
4450
5048
6333
1780
4509
3222
7727
3270
4479
8571
3692
8545
1371
2829
6580
3644
896
8527
2479
5281
6831
2157
7711
5603
1803
5751
323
1122
1503
5169
7516
8507
4903
6423
6330
1406
1443
2274
2668
3419
2377
3840
5632
4520
7319
1720
3990
7977
3093
1302
1591
6263
8516
8326
1347
1510
5469
8206
5314
3528
4919
7731
5951
5437
3621
492
1160
254
4322
7965
3278
2350
7631
253
5655
3610
1605
7759
7354
2231
7793
6767
5326
5555
52
520
5325
6107
8736
1977
3540
6384
3711
7726
4911
5495
995
6412
511
6724
733
2745
4486
6873
6365
5519
7387
5258
4358
8457
2208
3768
4564
1360
8433
8004
3130
2213
3384
728
3627
2770
4247
6788
7905
3726
3279
8074
1615
6189
1294
2190
3530
2893
4674
4619
2376
2899
3941
1883
2389
4345
3930
6931
840
3500
3490
8437
3541
6606
4364
1973
7162
2107
1386
8529
1011
5150
801
3789
96
