8570
555
6205
148
1937
7346
7495
6652
5425
5023
483
5001
4762
1833
3882
6143
7567
1647
8675
1469
1054
7204
5923
2349
2292
3026
6521
1568
2889
791
6466
4983
1508
5596
7937
8362
143
5615
4587
4571
1651
8285
988
293
4457
4900
4712
2955
512
2574
6747
2635
8504
5729
6126
3412
5304
7628
7360
817
655
6098
7592
6638
5650
917
746
6793
8569
3499
4297
5131
8203
2018
4190
5768
4582
6698
2516
3752
8247
4911
8505
3596
4790
3805
2560
6006
3603
2630
3010
1944
6139
7992
2020
5675
6077
5263
8350
8538
3676
1617
4965
5214
554
7298
2921
680
4843
21
2143
5393
5505
3231
3750
3595
545
1369
1327
855
2418
4249
4490
1230
5118
412
7321
395
8290
1240
8216
1274
5943
835
5781
8016
3679
810
4068
4191
4060
8548
5323
1144
6680
438
3291
8085
6555
3414
8749
4453
1173
1089
4566
1781
6169
1586
2311
3469
7673
7388
8020
5275
635
5827
2190
5841
5209
8315
8127
6814
8131
4702
3323
8279
2126
2384
8354
4227
5661
3452
7218
6890
7179
6457
4902
6606
5696
5632
4610
8746
2247
8312
8123
2269
4338
3186
650
1110
2430
2213
5847
4469
3312
3196
1400
3673
6999
2809
5368
274
2623
4287
721
2246
5144
2093
3449
795
3572
2256
8162
1563
2017
1481
4004
1381
1480
2229
5147
1914
4196
8336
7988
8457
7041
2476
783
608
960
975
4507
4538
5241
7431
8676
1525
5363
5248
8526
8589
7621
5394
113
4203
7821
1267
3792
6727
4058
7268
1812
4398
4061
7027
2050
3077
7006
7991
6030
7886
6819
7244
2772
7163
3768
2537
7824
2945
5862
4660
4367
1603
6775
7174
2021
7003
4830
5005
3638
475
8743
407
7766
7899
3758
534
6514
8737
3958
2519
3460
7180
1627
867
882
8609
1717
1364
306
1360
1503
1853
1051
6582
2114
7111
6332
36
750
4719
8034
8558
3916
4549
3022
3132
1494
7722
8687
425
1038
5157
3290
6655
6443
3552
380
2342
4037
2922
8718
1450
7275
4568
351
6062
596
2179
4826
4157
5788
7169
3250
3279
196
1966
4462
2153
2825
8304
3782
2354
8387
3925
6660
2024
2407
6783
8163
2621
7332
8067
8039
3206
2065
1375
8682
7166
5733
1378
6463
4176
2451
8090
7697
3439
5413
7345
5746
3696
184
3501
6503
590
4062
162
3169
6537
3142
6306
2943
1492
1630
5931
4854
8219
1000
7856
2140
4492
491
4009
4299
3500
8180
3523
336
6695
6047
4312
4370
7159
7521
7387
354
8773
8668
1071
7167
7397
4729
6220
951
6439
6806
1052
505
4402
619
8364
6797
2764
8515
7262
6271
2692
1328
6691
6565
6359
7559
4805
8560
6678
472
1816
1346
137
3559
1667
7005
5464
5621
5120
2952
5858
2023
1858
3502
7296
5870
6612
4041
2287
3492
827
8065
8223
4617
4392
3953
2767
1306
1599
3163
3754
6449
5656
3944
7333
7701
4796
4459
6088
3498
6702
2173
3486
8339
5871
8041
3377
6204
3089
556
1998
1850
4628
830
4082
8605
2030
1785
8227
132
3179
5848
5053
4182
7072
7029
2781
2348
1116
6931
8101
211
8597
8280
926
1564
3538
7143
5312
1939
4921
3468
2712
6506
3780
6857
6853
5518
6168
487
241
5619
5860
4914
2481
7957
7486
7642
2732
7064
183
4096
2079
258
4117
1687
8208
2028
169
7181
4296
7696
3522
2049
5249
3198
6264
5512
3809
4442
4027
5523
6388
2026
2087
1422
2134
8565
5857
4734
4341
3682
4432
2852
7274
5958
8654
2227
8104
3446
6230
2813
8421
2164
2596
1549
40
5669
7652
5692
4751
1033
1158
6592
3222
896
194
8241
4320
7188
6501
2319
6711
6520
6713
8495
6625
1962
8213
4942
5189
5604
5611
8594
8513
1732
7343
1294
2879
8147
6196
929
8530
8168
1266
804
7542
4149
1760
3033
6682
3067
8236
1099
5233
1641
3400
8308
8460
6662
3526
690
1803
5507
7386
6018
1551
3838
1941
3521
7806
7134
5625
1801
4867
170
7132
6179
123
6777
6495
2671
8684
261
6765
3461
7316
1901
2824
312
4613
7283
7302
4705
5516
3087
8334
1943
2288
2698
6969
3737
6437
2715
2850
1797
8614
3238
6493
8766
6004
2456
6309
1371
6133
7807
3860
1246
5070
5833
6825
3097
5965
2265
1244
228
1131
8207
5439
5220
8700
4419
3237
4897
2191
3241
7475
2478
7500
1950
6318
528
8073
5034
4423
1860
6844
5700
2851
1977
6951
3408
430
8107
5623
8182
2308
6576
3956
8576
7012
7413
3799
424
1738
6216
7053
2787
5803
4812
2680
3579
61
829
2293
8573
7510
6075
1255
275
5740
4065
126
517
3866
7446
6720
548
4739
4044
8471
5307
8759
591
3173
4439
5897
1386
4033
6346
2842
3537
6628
7553
5515
2152
1581
8378
1875
2376
4242
6476
868
6962
4833
6471
1842
5434
2909
1295
4265
7512
3602
7803
6661
4086
6778
4064
7340
642
7455
3319
8009
5235
8629
6865
3681
6600
2244
7023
6261
8686
627
7290
4612
6028
504
249
2177
5794
6983
3941
958
3406
7976
6380
3852
1107
2602
6180
4923
1523
1191
7511
5478
8522
3409
7423
2691
114
6113
1913
5673
629
3095
4022
6759
4551
2599
2738
1337
2139
375
2507
4839
6764
4927
8188
1912
5292
6795
5807
6696
3624
4475
6187
856
7082
1799
3745
6386
3978
4067
6411
4471
6757
1447
1773
6232
921
6895
1986
3662
2963
8275
3308
738
1694
2187
3019
4048
1302
4496
6704
6538
77
115
3841
8435
7657
7281
3265
7924
5634
7309
2613
3791
7284
8069
5352
579
1207
3292
7140
6147
7038
4244
8577
6920
618
3904
1967
5535
2864
3120
4119
6952
2355
7832
4769
790
2149
4770
234
3389
2624
2653
7684
577
1996
901
448
8670
6200
739
8256
1066
4704
5784
6911
2480
1737
4678
1418
63
6855
5372
6451
4692
3550
6896
7645
4970
1528
6604
1840
6365
7355
3938
1161
6653
8645
6701
1678
4857
3822
7779
592
7088
3631
8355
798
355
4365
2647
7299
7248
7629
7045
6511
895
1502
1426
310
8738
3814
3566
2304
4173
6671
7074
4547
5271
2435
2836
712
5101
2129
2728
4307
5344
1876
7575
6832
3983
5422
4536
2006
1499
6162
4822
7467
970
1907
2704
2590
3008
276
989
94
8140
8060
6279
171
1216
7711
7979
1166
7319
2793
8036
6199
6690
519
7850
3798
5983
5948
3309
729
5339
2981
1712
6548
6924
5387
646
8358
4710
5889
676
362
3058
6736
7497
876
8641
1886
7720
613
3129
2777
8178
5867
4665
4658
5136
4397
242
1706
520
1979
3437
5957
3476
3100
8618
397
6554
1567
7558
4776
7523
3051
8116
6343
7028
647
6485
7110
1652
1356
2454
615
2273
7317
5123
4110
1719
4143
3438
2420
6901
5743
2660
3159
5106
3194
6998
4785
945
1325
7246
6198
3115
6809
1698
7149
1974
3145
5864
1835
5102
1115
8757
4160
1373
8171
2556
557
7037
1077
6218
2936
7118
7914
4866
7504
4552
7813
2862
377
2607
3612
2839
4188
1727
1420
5473
7224
1205
3560
3324
1145
5378
8491
4521
7215
127
6610
5038
7569
6524
268
5742
5907
3703
7076
2634
1779
8487
7221
7548
4035
5614
2406
6743
7230
2068
4744
1740
5395
2915
4328
1707
3125
3471
6571
7289
6923
3995
7907
7056
1479
7378
821
8053
4128
4192
1313
6977
2313
1831
4085
2218
2060
166
5278
4201
2838
2861
2413
1991
5961
5109
6641
4202
7466
529
1303
3864
8473
850
4400
8377
5281
4512
2961
3675
2353
6549
8328
7250
8761
5243
4806
1510
6502
75
6482
4508
670
8152
1059
7651
2688
4407
2207
776
511
4562
8463
3415
2648
2059
6591
6422
2064
6185
7060
6667
8674
8102
8786
1335
2457
8160
4841
1352
8669
2211
1406
130
2385
150
1940
1259
2569
1190
4466
4652
7083
7867
6654
2679
2174
2664
701
4429
2832
6850
1015
5035
903
7902
3119
1431
706
3846
5306
674
5880
6982
8244
710
3147
7018
8037
7608
1442
2535
442
6132
4605
6593
2161
1363
8506
4593
4753
3654
500
6542
1448
27
3954
1184
2546
467
8344
4438
6802
2154
4021
6129
7493
5787
6489
8490
8058
7528
5755
4672
1565
2108
8413
3101
12
8734
7419
361
8456
5560
7463
4685
5593
2465
978
1283
5286
8696
2186
66
3697
3124
7550
3893
5269
2270
7956
1942
6183
2040
488
1834
4585
5027
7238
1504
3225
4528
5405
5056
4504
5296
4406
4377
4909
8740
3998
8192
4916
7000
4109
8233
4723
3223
7749
4278
6419
7154
1699
1851
2455
1075
6862
890
124
6081
7473
2260
6991
1593
7168
1847
4546
6492
2151
5258
723
6636
8540
3733
8566
2404
4997
2248
4112
1118
5934
2668
6313
2675
5079
928
8783
8651
1849
4987
1894
7187
6164
4170
3042
3587
1793
849
8306
8634
3427
1256
1398
4597
7205
478
8052
1559
8264
5956
2510
4591
3280
3245
637
8292
3514
4179
4947
6237
3694
1804
7941
8114
7490
2022
1013
6468
7681
5466
154
2055
2713
8143
5969
1491
7091
1490
5879
6810
3467
6469
317
7725
5732
3462
4794
3863
6007
5944
4353
314
2778
1359
6033
3731
5852
23
1055
6272
2917
3422
8010
836
4623
5345
5710
8432
1802
1333
4260
3517
8100
2249
7331
7470
1753
1056
2097
5452
5305
1299
3994
8451
2122
1889
1972
1024
669
7401
6005
7611
6350
8681
7753
3135
3039
4291
8075
6405
2115
1575
4629
1374
5398
4974
1934
833
4831
4412
1039
7197
2771
1512
4542
8243
8697
6569
6874
7066
5310
3388
3110
6826
2676
418
4574
5273
6142
5437
6735
98
6647
1312
270
8489
1152
5681
4350
5429
4671
3762
4601
1921
8653
1395
6734
7214
7763
8439
4758
4682
6958
3536
582
5986
350
7039
4915
2365
1864
5554
489
42
5488
1439
5538
3992
8122
3281
5469
7797
3968
3188
235
5088
4688
3898
3167
6927
1151
6897
5552
8586
4405
8544
5785
6302
6285
1032
5942
7002
1610
4394
6556
516
7639
4708
667
4945
140
82
7241
2473
859
3304
338
6574
7515
3341
5353
4025
5786
6937
6974
1819
2856
939
2960
3749
3116
8666
378
1065
3496
8446
6665
8727
5455
8074
5530
1197
413
6710
8324
6915
2282
1023
524
7007
1827
2821
6763
4382
5639
471
6078
1235
5584
383
2460
6079
6433
3484
5698
6319
3504
3699
1464
6846
4276
4722
5207
5176
7441
2978
8519
6771
6297
4322
348
6135
6751
4373
5172
356
2423
3787
7670
7198
8571
4283
1639
4787
5590
5778
4855
2464
3203
3393
7661
8397
3862
7342
3407
4395
8337
2666
6397
5154
4327
3623
2828
122
2039
2403
2721
6080
2124
7879
7909
943
6019
1389
5199
3677
4768
5351
2203
792
1845
3564
2658
4218
7443
7686
3811
1501
4596
2192
6014
8477
4185
6835
3156
5426
6929
3911
530
1724
688
3086
1784
8133
3578
4905
1484
7425
7578
6284
6435
4808
5337
4594
3024
6270
6978
1403
4288
3865
6540
6303
3695
1416
3764
6103
611
4533
6784
8408
2241
8537
8103
5820
2106
3980
563
2085
8125
8716
5179
6567
3358
3649
2201
5553
6228
3305
8
7418
7788
7556
2013
6378
6246
1697
5185
8429
7097
2301
675
5765
4879
1918
6362
4912
3705
2690
2559
358
6789
7954
7982
8578
1224
7659
8445
7381
4437
6921
7814
7437
54
4985
1713
2440
8373
6918
2833
2150
5329
7499
7277
620
6238
6177
8701
597
5581
142
8385
2750
3107
5872
8183
6398
3885
324
8552
3114
7707
5932
8054
3000
3622
3252
7102
8391
7926
2487
6602
4961
256
7985
1749
303
1127
262
7191
3298
3991
3585
6149
6351
178
5953
745
695
5431
4530
152
997
5355
6055
6368
2677
5091
865
2980
6409
5049
8534
6729
5036
4738
1292
8176
4674
6109
4489
2802
3774
6807
708
2699
7100
432
3434
6454
6746
7798
3815
6512
92
278
5288
5014
3528
5776
4055
3068
2327
8529
6036
679
6721
5456
7461
14
6154
5950
5605
7402
2309
6715
5990
6146
4425
4180
3776
2638
8604
5588
4272
6478
4800
2743
1454
5766
7785
3429
104
1285
6432
6922
6987
83
2471
2717
6623
8318
7435
4135
7844
8703
6000
5866
185
736
5011
8656
3475
6282
4797
2453
822
1865
1987
1277
8598
630
3072
286
7743
5921
5191
1273
1938
3657
8541
6926
1771
961
2104
298
2410
4293
885
7369
5491
1656
3913
5658
335
6352
7344
2826
2331
4174
5389
2756
3570
8644
2529
5
2982
7857
1515
5173
4958
1871
5524
8259
2956
7635
614
2661
2979
6209
2655
290
828
1063
8533
7768
1050
8169
3592
3337
1079
914
464
4592
565
465
6932
5114
7876
3103
216
7025
1872
7213
751
3440
2628
5702
3942
5668
3689
5347
753
6626
7955
749
2641
1880
64
2290
937
5194
4570
3661
4181
1140
316
2934
3547
6634
5094
594
3783
4359
1916
6617
6893
8610
4962
4980
4472
8146
8462
2408
6925
7987
3795
8708
6595
7087
2912
2950
5527
1117
6943
2088
4572
1655
4285
7451
5229
3660
6438
3004
537
5317
2310
8402
2170
8015
1866
52
6547
5899
4232
5648
3756
7058
470
7009
2988
1690
2168
654
147
3191
1572
8470
4941
2565
4500
2427
7866
5808
3166
3239
7623
6899
4467
8302
7273
49
2974
587
8725
3453
8228
5343
2925
6479
8384
5165
6940
6700
2720
1764
210
4777
5699
6020
5952
6624
2572
3083
8639
5660
838
8723
5098
1270
1747
1120
3858
1774
6887
5974
924
4727
5877
4256
3800
2539
71
1064
1276
1577
1249
6274
4525
4422
7405
8753
7508
3271
8394
8691
5570
1638
5532
259
2402
7357
3228
232
3967
7945
8273
3902
6281
6012
6859
3060
3844
6650
8427
5984
4141
8423
3607
5602
2817
691
2670
3466
959
6243
1167
5759
6108
164
648
3249
2360
5401
649
341
4681
3513
3076
5223
5908
6672
780
1298
3376
5012
2411
3598
4650
8410
245
8145
1683
4214
4083
4357
2592
3555
7278
3372
6347
8567
5831
44
4236
6967
2305
6096
4501
427
446
7755
5366
5521
2930
6957
8523
2996
3909
3952
5774
4861
2296
6708
7165
2066
3174
6611
6395
8368
6345
8721
8029
1671
8655
2651
0
4860
8728
6392
4481
1540
3987
3823
3533
7904
6122
8333
3044
1404
330
4361
4390
4896
6067
8252
888
848
8338
2761
1704
58
3966
1278
7557
3540
1848
1574
7392
5219
8105
7750
6496
3182
6127
1247
8499
3908
513
4000
3473
1198
4932
1544
4436
5975
4268
4480
1902
7036
1488
8056
8372
6366
1839
4745
7715
7861
887
6240
3688
277
6097
3627
4792
8245
7306
8587
8002
8200
1792
6794
863
1471
3352
5066
3364
7993
5709
7035
2312
1202
7890
5916
7650
5048
6473
7577
5876
5761
6594
8671
5476
5849
2330
3029
2662
4913
4697
5985
1653
7860
6902
5259
1579
5041
7588
2084
8726
3339
1206
8014
2155
2197
4539
7414
5029
6416
1096
1136
5085
4862
7888
919
1104
1078
7304
3331
5514
6517
2486
6504
6913
2830
2157
4621
5546
6843
5167
3969
8212
7212
3556
7522
4949
685
4842
875
1729
6816
4516
6379
5694
1795
6038
7744
15
3487
6053
2893
3621
5547
5250
8301
1100
6941
7999
7842
5641
3482
4468
4515
5377
2033
6203
8437
2437
6255
7208
3801
2570
5798
2236
8295
7853
7600
8082
5227
2566
3921
7146
4643
6668
7872
5720
59
7194
2678
6273
7456
5672
8094
3949
1017
5285
1769
8771
8038
3104
4611
2251
7291
5519
2031
8276
3797
8704
606
7399
4345
7944
2242
4545
3582
189
1330
7903
479
2474
1148
1223
1463
7913
3812
3367
8745
3127
1601
1936
8134
5887
19
3976
4928
3273
2326
6568
2805
3035
5428
3230
9
3260
7532
327
1985
713
3853
2597
1893
8129
2538
3111
7124
2937
8520
5579
6123
7986
2582
4095
7801
6910
1736
5836
6101
7209
1300
1251
6265
8299
6114
2820
1696
8017
4246
4655
8300
367
5717
4979
5073
3894
6171
7228
2470
1621
8425
7465
156
4648
6015
4586
2926
7450
5999
6414
5994
7757
5545
7869
3971
5555
6208
7555
8128
6002
8398
5537
8647
3294
4066
3458
571
6418
3269
5099
1744
8375
7613
6225
5541
5663
8089
3825
6679
7541
6828
3214
2377
1460
5447
7141
5783
2351
1411
4294
3543
5475
807
6145
248
5587
1545
8349
8742
7276
2429
4989
5883
6364
3628
2294
976
567
4461
3640
3545
1383
7426
7607
8254
3275
3706
4969
325
4939
3833
2162
431
5044
4634
1003
4100
5749
3259
6217
1150
8449
3030
2707
4645
2395
7158
4161
3251
8117
6642
7839
5132
4732
1990
8431
214
7581
5810
1772
5522
2837
2058
931
994
5280
5566
507
2450
7210
3790
4693
4325
5863
3551
8388
801
2397
5373
7081
3524
7411
4228
4752
8549
3497
8071
719
1409
5332
2748
2052
6741
1692
8750
1424
6474
2967
2358
5392
337
616
8650
4554
7182
3645
8251
16
6963
6085
3416
1947
8238
6105
7030
8479
2509
5824
4760
1957
8239
7831
4966
2461
2685
4840
473
7683
8434
2254
900
8497
968
1467
4509
1178
7633
803
7783
784
5152
684
3109
7354
7682
3581
6768
5397
4786
3391
7164
2117
6685
7576
4824
7626
4816
5982
3744
5287
4651
5528
5196
8640
8360
496
6557
5911
4097
1836
950
4224
7075
8111
4030
4662
771
8426
3164
400
693
5193
3903
1397
250
4456
56
1660
3456
4381
3423
2495
6949
2255
7119
6321
6933
6111
6013
7647
7122
2874
3907
2654
3919
6971
5544
129
3175
4936
1156
3413
7973
1219
2250
2776
6579
6598
1440
8022
839
131
4620
6016
911
4619
4667
5929
177
1682
6424
1619
5922
4219
1767
7731
7172
7432
8314
3149
2645
5670
101
5127
8417
4399
7943
5618
7560
4304
2118
3777
5471
4032
8403
90
2585
4470
6888
7062
1477
7554
8480
2361
5557
3542
4105
7848
8237
7978
1731
4982
7897
3519
6916
73
7561
5371
899
8707
444
5647
6124
1076
4757
7292
8356
110
2564
4656
5166
774
2580
5021
2882
5003
5237
468
5390
5752
5163
207
2705
3443
3653
4990
5419
7385
8311
5017
816
6234
3857
4933
2737
1585
2806
295
4140
1393
3255
5415
7396
718
6011
3826
1380
5551
3278
6990
4684
4286
3426
6707
6774
1199
5642
7596
4093
3150
8399
7838
1734
4778
2147
2775
6801
1843
7583
2299
2396
4084
5465
347
6138
3520
3128
6024
4171
4689
3192
6110
7011
4576
398
8430
2285
7148
5282
7572
2042
8496
7676
6423
3477
525
5769
7764
1999
8514
735
151
6815
6948
7737
2176
2394
3922
5620
3419
1891
6269
998
460
3212
3357
6860
4430
7747
50
5501
6148
4414
8113
7530
7161
1088
4138
3955
5340
7236
7694
6558
4313
1141
558
8062
946
4845
7678
10
3600
8374
5169
6500
1824
6001
1546
4340
6249
5404
4848
4724
6425
2165
8393
2886
4899
4261
5159
1475
2919
2531
2525
3431
2895
4850
5008
8762
3258
8545
3927
7800
5197
5108
5920
8095
1264
8622
7965
2594
8136
4835
7310
7152
5657
5714
589
5989
1981
1486
5859
109
7618
6188
359
3619
3064
5083
6812
4215
279
8579
111
1783
8248
7307
884
2333
6760
5816
7436
2433
3881
6224
3819
3157
5433
4640
6737
174
4904
4828
6834
7963
2987
7939
4837
5973
3765
7849
3267
8221
2398
935
5811
5482
4877
553
5303
5295
4756
1263
5139
1742
602
6278
7315
6633
1541
7847
7231
4352
5391
2603
5946
1672
8257
6722
4775
1310
7818
7513
3736
229
2073
1239
1882
6455
1218
7145
1047
3381
6481
2424
1446
8424
6786
7494
8021
2316
6182
8059
1162
2047
5684
4661
495
7297
6664
1762
4305
6371
8628
5331
5376
7449
5549
3934
3965
7434
2865
5822
6327
4049
3317
1004
6872
1326
2578
4284
6384
6900
1350
1001
5190
2990
796
4124
5122
6730
2694
8508
1778
1721
7726
8450
5380
4578
4351
6431
3386
4103
4003
5562
8678
34
2011
5910
3478
5059
4803
2883
3738
4465
7735
6445
8464
2475
1688
2834
979
3099
7127
3151
2933
7390
2171
3962
6637
1106
8643
5153
5421
7674
8419
2314
8739
2075
1372
3444
5141
1693
4132
454
6712
7114
3704
1354
8357
7604
4385
8602
3630
1686
5084
3986
6400
1074
4104
435
6420
626
1493
39
4495
7162
1789
8418
2614
3616
1605
8472
2863
8702
1509
8661
8591
2701
7760
5971
6885
1592
3931
8524
5573
4999
6697
5745
7373
5898
3009
5246
973
4799
7337
6277
4252
3293
3544
246
4080
4764
8532
4026
5015
2240
2733
794
7990
2844
5320
1465
4641
702
179
456
8235
7372
4231
8583
8789
4002
7781
1884
6666
2968
2739
3629
663
6268
7070
6988
1765
1969
7206
3479
7242
3926
4131
5775
4111
120
1584
4239
7116
2159
7632
7929
7687
1517
2422
3065
8582
5075
1955
499
698
6790
6945
506
787
2082
7239
5564
2286
5913
6152
1432
7040
1179
5418
1459
4178
4063
5805
2469
7664
715
5030
8590
5177
6589
5164
4316
8159
3817
3189
3717
2339
1988
870
2584
4919
7016
568
2133
5262
1390
1020
4247
6339
3725
8517
1396
1252
7587
8196
4844
3229
2629
1917
705
2130
5386
7447
1049
7131
4917
4212
8486
3053
7313
7286
2853
3848
4424
2866
628
5204
3
4998
8625
3488
2502
754
6406
6294
6585
3424
1058
7580
4558
3113
837
987
5479
1531
439
1227
8649
5093
1268
844
6770
2840
8400
4580
503
3788
6892
2665
4139
6758
734
930
536
2363
1168
1222
4513
2458
5348
7245
8781
955
4647
1203
7880
7915
5192
5068
6227
5575
7219
5284
1867
7080
2112
6296
3876
4324
2216
3392
2627
8157
3153
6968
5232
4444
5520
2568
5409
5703
3112
4195
5244
2054
2587
1070
6404
4649
5203
1958
2334
231
7471
5432
6572
6609
4821
5716
7609
22
4654
5294
363
6528
3580
7765
5817
8660
2795
2069
7235
6290
3565
5964
5333
6831
1807
7868
1067
6370
5925
3877
1102
7518
4379
6515
2881
686
2100
99
6780
8673
6223
5592
3318
4666
2620
671
5912
7065
197
7739
3011
3530
4531
2760
1498
7834
5734
6074
8382
6979
4346
3639
1965
7356
419
3829
8045
2723
4314
5652
6244
7527
4633
7654
3872
6946
3734
3936
1997
8778
4901
6908
7835
2382
1665
5970
1590
7421
3459
6773
5571
543
4735
4959
7139
4699
7233
3692
2997
3593
3964
2506
6986
8440
812
7048
1226
5739
4204
6738
5671
898
2444
236
5103
1421
6960
7820
2791
4001
4802
7740
3080
3122
6505
8050
3975
541
2043
1009
3999
799
4823
421
4484
8444
3887
3493
5236
643
3599
474
3348
2959
6211
733
1657
4838
8657
5240
6725
892
1068
1929
8695
983
6292
8088
2964
3226
7398
4199
5790
1542
7189
1495
3589
3264
6090
2399
5121
502
7170
6938
7668
8066
2368
7184
8048
8165
7352
4731
6718
2608
1648
8542
4220
30
4458
6025
4263
755
252
8465
7968
866
7383
3532
1408
4172
6936
8305
6212
2188
1684
3049
5216
6587
7195
6578
5947
5701
5834
4964
1856
1626
2352
2212
227
4336
2724
6065
7996
158
8098
8575
1757
5617
3646
971
3038
4659
1376
6792
3425
4559
8561
7730
3441
3074
4589
8154
2515
5060
8442
357
2053
3216
3138
5576
5349
3014
7055
8764
7935
3915
493
6717
7756
8516
6328
8722
107
2204
775
5751
8642
3007
3849
7537
7519
5254
3929
35
2010
3363
5558
6876
2048
8500
7958
2948
6325
1978
7718
5302
3506
5616
4885
4673
6670
1289
575
7920
1612
3827
3208
3059
1347
547
5260
459
7282
2123
8453
5080
2091
1338
1290
673
603
6358
7222
4343
8685
6728
4090
1703
6324
944
6470
3626
8461
5585
8452
1716
2923
3204
208
5904
5667
4590
4518
3209
2669
6829
5572
2896
3472
4801
4042
2198
3847
7901
5181
5470
6361
6334
1165
3340
3722
3282
7422
328
730
6086
7415
1606
2920
5738
7898
5531
1946
4836
5338
1927
8509
4968
7882
7024
5459
3369
831
7688
3606
1311
3001
2119
4986
7507
3613
5313
7225
7128
1061
7099
1027
6956
5218
1837
8348
51
1462
4598
5869
5850
969
1355
4230
6093
2295
233
1925
1476
6947
6008
4165
5225
6389
3963
6387
2074
8186
2684
401
7946
539
4478
7547
7685
105
1739
5832
1857
660
6603
4750
3257
6994
6870
5238
7267
5381
625
3516
3508
2482
3234
2220
5534
7959
1182
6293
974
8631
682
5051
4687
4784
8092
6260
4874
4887
7599
1915
2233
2880
2548
5022
5358
5800
564
3772
7552
5037
6614
5730
13
986
8493
6742
4944
2298
7602
5290
5885
7314
1796
2975
5683
8096
1361
7368
5569
5666
1030
1635
1425
7410
3529
5388
1002
3714
1011
3130
6239
8161
260
2854
825
3693
8568
3211
6884
8321
1533
4526
7271
3997
8652
5276
3883
285
263
3272
1646
3310
8527
8498
396
5901
8733
4116
7784
4535
1060
3152
1316
5050
7454
5487
3561
5485
2485
2144
2300
7878
3910
2606
3784
4892
5882
1073
2907
768
3047
3470
68
1537
2983
2092
2695
819
4134
3055
3180
7817
8635
2642
907
2708
6905
5777
1613
5542
2110
1624
2814
7226
6518
3288
3404
2508
2792
2554
3668
6688
269
8231
2810
5206
3356
4403
5221
8170
4967
4029
2323
4918
8693
3946
7280
6818
2245
1873
5361
8187
8144
7705
5486
7597
6022
632
6046
6263
5779
7464
4194
3454
4245
3590
8296
480
8340
1642
5400
3683
5270
4893
8735
3700
3485
993
4807
1309
8325
2595
5277
2426
6385
5536
6545
222
845
593
7121
3651
5198
3531
1357
2004
2102
7371
3739
7008
7185
2768
711
6213
4216
4519
2929
5077
893
4006
4579
392
7514
2195
6341
727
6817
7919
8195
2991
5283
6631
2412
3034
2283
1954
2579
6391
8024
2419
1830
5682
225
3821
2258
940
8150
2827
5396
6639
492
2080
3031
1092
1825
6536
4626
8680
3088
3061
2132
5324
2972
756
3875
4541
7004
5100
1041
1975
7540
1809
532
8758
3270
4162
1746
7564
707
1591
3387
4701
6140
4522
2111
2729
2297
6401
3680
2131
4765
1588
3262
7640
5676
5653
7905
226
485
7995
4144
4864
7483
6426
144
2137
7348
2550
8057
6233
6403
4384
1810
4852
3702
8093
80
8512
5255
291
8019
5300
665
95
6248
6766
1526
6684
2984
1319
913
2766
8596
8550
1317
6930
452
5881
621
2800
6964
3195
8623
7627
4152
1733
3588
1262
5706
1314
5451
3481
5006
175
1237
6372
881
2657
7551
1430
3374
5861
2710
4098
43
5762
1402
4477
8106
7665
6643
5325
834
4012
2217
8782
6596
96
2318
6669
3665
4378
6553
4491
4487
4483
5888
5063
1086
2819
3539
4023
1507
7365
4334
4355
6560
2780
4749
3604
5360
5134
4038
3650
7971
8310
7136
1933
2237
2415
3917
1805
4332
8624
8688
1331
5441
1826
2371
4691
2746
2808
300
2575
3287
3236
187
2804
948
7101
1387
322
4225
4217
4846
5873
3345
239
3718
6181
7196
4206
2128
5580
4935
7641
8217
6799
6308
7015
583
8744
7823
7376
6966
8084
2958
224
29
6944
8564
8028
985
6781
4253
3244
7969
5230
2336
3335
403
8282
617
2261
7339
808
7199
3207
106
7183
7480
6580
2547
8283
6808
1587
7796
4010
5626
996
1562
5629
4267
6723
1756
6056
7147
3450
4319
321
7854
6767
3136
2848
7223
6716
3644
6575
954
5446
8126
1782
2534
7742
762
6344
6219
1111
6564
1123
5525
6878
8518
4588
5367
1861
1293
1229
2378
6393
1758
8714
8260
2532
273
5089
3568
3974
5074
7916
4197
25
2303
5613
8258
668
8546
764
6480
4809
7910
3455
3017
4602
6539
7517
1213
7406
7582
7846
2381
5845
2617
5704
1980
2499
315
2380
4815
2540
8588
8151
38
8617
2324
6841
2581
6840
3615
6450
7883
7042
7361
7804
8288
2089
965
4497
7570
8284
2631
1351
2035
549
4024
4486
7970
8174
4331
6659
1922
3574
4368
4529
4360
5598
1780
490
7830
7762
198
6866
1211
7691
6731
5972
4975
3379
8229
3511
3890
2014
5430
7702
1608
6288
990
912
4869
953
5747
4638
4163
5624
5988
4853
7160
2062
8611
6315
5026
3669
6863
3567
7089
7407
6837
4994
7270
272
2232
8307
3384
1971
2356
4479
4337
3664
7260
3096
4226
67
1543
4884
2911
1878
992
1176
2057
5804
5483
5773
2222
4865
4772
7819
1101
6552
4795
2928
766
2235
7010
5326
45
5731
1879
1394
1287
2924
4311
37
1992
8717
8214
4
7758
7617
962
3233
8153
87
5412
732
3043
8156
7776
8242
6852
5764
657
2490
1561
7255
4793
4018
7265
7400
6980
369
600
8044
2278
6649
5707
6762
633
1254
6821
5033
4503
6769
7220
3457
6099
4858
2687
1763
1705
6889
7928
121
3678
1649
624
7263
332
8601
3562
3641
995
428
8001
2598
3773
3144
5078
3575
5567
8724
3713
8448
5503
2037
3771
3835
3793
551
653
5601
3161
6299
1046
8121
4737
1566
2483
2498
2264
2711
5574
368
7865
6535
8615
8667
980
5927
7178
2160
4746
8769
3855
5603
7395
7952
2081
1072
6415
7637
3495
7420
956
2940
1188
7989
6353
6118
2610
3553
4208
223
1428
908
840
6894
1385
1919
1663
5384
5142
4335
5472
213
1214
1154
1265
6073
8025
8459
2477
7098
5770
5697
7176
1730
5180
1377
3839
2755
4113
2317
5680
1348
3248
4482
5818
1909
5341
4780
3172
7318
3728
7322
4725
4354
3184
5821
4639
46
1877
3399
4375
1823
7538
4977
304
7325
826
384
402
8222
437
4295
2730
4733
4137
3707
3892
2125
7109
2993
8351
3185
389
4599
6191
8120
2553
5865
6377
6714
6066
1081
1301
7502
8137
2417
5489
8547
6170
3224
5643
6467
6117
8775
340
3073
5517
3005
7440
2941
6989
6338
1445
3727
1676
7895
6803
1423
5509
1358
2762
2344
5252
8209
1437
8694
2156
3594
8692
6523
4349
1410
3687
441
6632
1308
6032
3432
7404
3674
8077
852
2414
4488
7234
1766
1482
5468
2272
364
574
8648
3396
2536
2551
6465
6369
434
118
7634
3359
5072
8246
7997
6856
3874
2913
6052
2857
6060
5736
1905
5687
4972
2252
251
4676
5772
1514
74
2552
5842
8142
7468
823
3410
6258
4369
8531
7584
1538
8390
7770
5793
6833
1250
4440
3802
963
3015
1095
1951
7923
5843
3869
3507
7940
469
861
1194
7972
2390
6312
112
610
6021
1700
299
6499
3365
6283
4464
4333
5463
5493
7095
5129
7138
6301
311
4441
1637
5851
1560
6939
3023
7649
2615
4262
6412
7389
3094
4007
3891
5481
379
3435
1644
8049
3670
297
3563
4076
7047
8784
4514
1928
3715
7079
5272
2347
5497
8720
3105
697
5495
2873
3398
136
6754
409
3242
5321
4374
477
3751
3227
3930
6009
765
1597
5097
1982
6498
2754
2182
8175
7719
3685
6091
2032
3951
4146
1594
1435
4789
266
8027
1899
3322
906
7789
2875
3378
8580
5510
4045
5646
2962
6997
1005
1868
7320
1963
1519
3527
6100
7448
7874
3871
1417
3710
8787
3263
5155
7710
88
7594
405
4094
2562
7733
2618
8026
7655
5057
5215
2002
4070
28
3781
4339
5201
4903
3884
640
5018
7059
3349
8198
7155
7966
8683
5577
7341
7353
2238
1291
8511
1318
1334
292
3321
5171
540
4646
8070
4102
2971
360
2231
3684
7051
704
1669
3295
7859
4730
6367
759
4420
5212
3977
70
6635
6491
6984
4943
6447
1275
6192
1569
5977
6750
5690
1461
1157
1616
7142
3959
672
4565
4743
6776
636
6644
1139
2557
5649
1863
3569
4155
3045
6215
6851
2209
7349
7780
5586
2807
55
2044
5980
6042
7624
319
8155
7826
8234
2306
1103
1232
521
6136
3311
4259
4274
7094
2181
4883
6322
8620
2
6017
195
7308
8638
6561
5595
7130
3831
8359
8510
417
4575
5148
2985
8467
1811
1535
1080
6175
4356
7605
981
128
2619
3240
5028
4506
8345
7482
1513
1093
4118
7227
188
8197
1006
8747
1910
7125
531
8502
6314
422
458
3325
3328
4040
6
5799
7591
6605
8409
1062
1629
5835
5234
1322
5442
7382
760
1269
7073
3448
1153
7671
3720
1496
772
6472
560
8664
5627
6444
6329
3037
6201
7539
1212
2138
2072
1640
4404
777
2965
2903
2894
1615
6434
5130
8369
1228
287
2307
8539
6045
3491
3403
3316
7787
4241
4511
1087
8613
3747
2859
3329
5104
2601
4690
666
8083
5293
8132
5763
3155
8663
8202
7026
1625
5606
7416
905
6849
498
8353
2966
86
559
5612
7983
7115
8776
2178
3390
3327
5750
2932
6396
6048
7327
6919
1305
4121
1362
818
8637
1478
3757
6057
4408
5556
1384
1034
4409
3102
4721
5963
2511
1995
5411
1520
3057
3816
1043
501
5819
5591
3020
6087
1976
4431
159
1236
3148
155
7359
6709
2855
8755
925
731
294
4184
8729
2725
6867
1931
2425
4108
7393
8599
4389
7840
5406
5137
4767
6830
6995
7516
7619
5757
5741
5461
5175
2744
6337
1470
1582
8760
7810
7374
8779
5158
1755
7953
3667
7144
1634
8274
3494
5782
371
2543
6197
7729
8715
8046
6410
8309
782
1524
5930
4342
5758
6875
6820
5160
857
8772
3171
7133
2226
265
7366
7565
4569
1019
2136
1618
7771
1485
1715
3254
5895
7409
2493
2405
5630
6245
4271
813
3106
809
8068
6563
411
5414
8329
5062
7663
8581
4696
5812
2858
2549
2095
4814
6796
1658
2533
5105
661
4148
3981
5202
2753
5724
7481
6408
5665
2681
7967
8376
3906
5315
3608
2700
1332
6214
918
832
2271
5407
1558
4714
1728
329
5748
8476
6906
3775
6257
7256
7573
7251
2230
1124
7104
6613
8204
4925
2994
508
3465
1113
694
2811
2076
6251
949
4984
8179
3346
7808
1718
2803
7211
1798
916
1959
1822
415
1968
145
2611
2794
2387
497
4963
2350
6699
8443
254
1007
1555
2995
8536
1345
737
3618
714
381
6993
5143
2449
4401
2673
408
4189
6551
3546
1012
3428
8332
3187
1898
1008
1506
5124
7603
1035
824
2878
2462
5868
2736
6333
2891
6317
5251
1453
5071
450
8061
5162
7050
3721
5600
1548
7207
2439
2742
3098
1643
3154
5150
3716
2589
3767
1091
6376
6174
7656
4548
7272
7638
7751
3330
2315
8767
4606
2639
7680
4876
8407
561
6253
4200
3218
3140
5561
5025
6429
820
2674
7285
165
8191
102
2905
7303
6622
2563
4455
6252
2719
4948
240
2496
6588
8342
4644
2383
7019
1722
1673
6868
3605
3181
4995
4050
1720
7403
2783
2146
562
4632
5242
7506
2205
8205
4635
4238
3870
60
6873
3803
7589
8055
84
6375
2503
2992
5115
947
3818
4348
5539
399
119
2099
7328
289
8554
7544
4123
2998
2637
7836
4126
5145
5513
3972
6907
5342
7938
8297
8210
5061
5992
78
3421
1196
217
1888
6310
1082
1768
4791
7841
5496
7022
4133
8366
7247
8481
4583
8380
8584
5110
3769
8562
761
4434
2225
2583
5594
8494
5753
4266
3840
7054
4920
3634
1983
8078
7815
2957
2488
6839
2391
3633
6483
4452
48
1170
4625
6116
5589
3635
4782
3070
4763
6791
6959
703
927
6787
2845
8677
7216
2210
271
7063
1455
5374
1108
6235
4781
2194
7013
2953
1521
1472
4054
6689
3062
7873
5364
4581
334
1595
5949
4543
8401
6189
6262
8240
3069
3708
2818
8785
31
1911
4637
7501
3709
5210
1044
8662
8023
7380
8698
5981
8626
3935
8646
7695
466
5979
5149
326
4269
7724
3647
1788
1159
6675
433
658
453
6513
6461
4323
2788
664
5311
8269
3402
3268
8008
4433
4956
3054
8741
5951
8063
5382
6084
3383
302
709
5828
138
3996
1169
869
8585
3824
7460
343
7269
8606
8323
6128
41
7034
7529
2709
5607
2999
5402
4870
1961
8441
3048
6254
445
5940
116
2616
5654
267
4213
982
4527
6458
678
3093
6402
7660
6242
1794
6357
6753
4726
4069
2279
3333
5801
7043
3785
5838
2434
7261
8138
7085
8313
385
966
4703
2869
4081
6740
8433
1114
932
1723
7135
2501
8250
1580
3343
6304
3284
2831
1924
5935
5043
2577
6130
8173
1221
8079
2257
5976
6942
595
2166
7741
878
1984
2343
2527
6618
1208
284
785
2683
6686
1323
4668
8124
6456
7610
3342
4460
5559
3510
3970
8709
4653
2441
3671
6683
7439
8319
2029
6161
1668
662
4057
103
1438
6340
6040
5814
5032
6326
8363
1288
4410
4988
6497
4289
6824
8528
404
1815
1122
2142
3512
1576
6210
2215
2063
1433
6573
5909
1210
7667
352
4657
570
6207
1272
5767
5662
7068
257
3071
7442
2576
6871
1315
6882
1604
4074
6532
4553
4237
7900
5047
8777
584
3920
1143
1379
2452
3834
6125
2706
5365
6229
7014
7391
4019
6029
5726
7601
3362
3046
5727
2812
5686
5200
2790
7951
7021
7917
3900
533
1602
6430
8559
4677
5998
846
5279
2609
2605
3134
7786
5458
8199
1451
3914
6976
2393
3735
5789
5268
8317
6914
3306
786
3918
8774
599
2977
7444
2268
8327
6266
3334
8525
7312
5350
5045
4820
7896
1119
1189
436
3021
6413
451
851
1846
578
3637
1094
1069
353
4898
6381
2400
2223
7998
7090
2931
6373
6858
4415
3401
4396
5659
5993
3091
3558
176
5855
3755
7827
2008
4257
2758
1903
1109
5016
797
5826
5069
6761
97
5135
2034
1536
4298
202
5004
3943
8386
7704
5823
6082
5933
4072
4028
5055
7975
7699
3430
3837
7745
5715
5565
7153
1040
1589
4052
6267
1623
237
3535
4371
3366
7394
6131
2113
8381
7877
6869
6236
2202
5334
2726
1666
4223
1412
4871
3370
1862
8706
1083
6417
5247
2379
3220
4894
2438
2277
7949
778
6864
6973
1112
5138
3368
5711
3948
3201
5178
1098
4290
7812
7049
4250
8291
2749
4523
1160
3464
4016
5424
853
1675
2769
7593
1841
1776
8731
8458
763
5754
2504
7677
6023
2841
4872
3541
8690
4683
4664
2071
6597
4804
6176
3347
5797
6586
1053
1281
3126
1473
7845
420
2016
4713
4717
7428
7948
7802
8112
3375
5087
281
1674
2523
3056
2116
3950
5780
7732
4614
6645
5308
288
7257
4991
455
4675
8475
2041
4186
2338
4087
8035
8080
7644
2973
941
7936
1436
2942
406
972
3947
8474
4306
652
2872
200
4034
205
7384
7491
6355
89
6037
7526
3028
631
8232
5205
3405
923
1444
7498
1993
8226
7822
6953
4788
2445
3759
6072
6311
6064
7706
854
2612
20
6487
6663
2468
2867
6755
4992
1896
7120
8076
6295
8780
811
3719
8748
5712
5299
862
32
2096
871
3730
7614
7031
5644
2234
4924
4957
18
2183
2446
3170
1677
5369
7358
7643
3748
6677
247
238
7723
6354
7563
8469
7962
3663
4168
8636
4931
3859
7477
7379
922
5291
8303
4445
743
4616
4707
7001
938
7175
1452
8194
2745
6996
8436
2428
2910
1344
1489
494
6935
651
8478
585
5829
758
7616
4755
1989
3711
8414
1014
5756
6490
4221
6058
4711
6349
5354
7173
7543
7782
5637
967
3548
6981
6194
1956
2479
1748
7791
1340
6190
3990
5117
1573
7190
8167
4952
5813
8086
301
8135
1121
7961
4510
3032
909
728
215
2200
2815
8270
6546
4101
2751
6800
952
3253
5628
3652
5678
6620
6847
2888
2105
8607
5156
2367
6516
7679
7232
5020
4427
4761
1286
7452
5915
4873
4929
6486
4561
3137
5301
7932
5245
8331
1026
1787
2782
5040
4595
4544
1234
3178
3549
2364
1791
1725
3355
5806
3856
4358
7203
6275
7330
8699
8185
3108
2843
1368
2193
3525
4454
3518
7828
6070
4243
3868
4618
219
1343
6095
1726
8220
8004
4976
4036
1598
1973
423
4540
2007
788
5839
2120
4270
6651
7568
4718
3360
4603
3698
4130
1192
8005
2514
3003
4448
3483
2625
4748
3597
696
877
4555
4520
6842
8030
2281
1695
1685
5529
91
4279
5019
1132
3554
6363
5689
388
4882
6881
8265
1828
4537
8603
8788
7324
6250
1935
5902
7825
8018
6010
3200
4630
2689
984
7692
69
1147
6616
181
4426
5744
1399
6950
5633
8756
2741
5423
4686
449
1133
1415
5543
2009
5837
8335
4754
3923
542
841
429
7721
7086
6394
2870
7243
307
5760
2267
6522
7524
1838
6134
344
1349
7930
4156
7033
1743
8361
8181
8619
5257
7474
6335
6071
5444
2686
2663
7492
482
4856
2046
1261
2321
1530
3879
1578
8563
641
7666
7912
7855
873
7044
2759
6676
6854
6693
5725
7615
8267
1505
2939
1633
8383
942
3642
2906
3285
3394
8043
7964
4499
886
8277
2544
3985
3380
6627
3436
1636
8190
5316
7078
133
1786
8485
720
687
5854
5111
1329
2389
8118
4211
6733
8428
991
4715
6206
4532
3395
2884
7586
7129
24
6838
2731
5267
7887
7759
3940
681
4615
108
8322
8139
7906
1813
212
2086
2722
3632
1689
53
5645
4889
4556
8272
7769
7862
5802
7734
6744
7736
1084
5184
607
3712
320
1449
6719
394
2169
538
7891
6494
1155
117
2221
6094
6934
6307
3139
5723
5256
2892
2214
1177
6805
5054
6186
4107
8148
7249
3610
3888
2528
872
393
6590
1045
1930
7279
6276
8592
5231
2799
8193
7717
323
8115
5597
1852
5492
6507
6488
6705
3742
8253
7571
7259
7106
1661
4039
8492
6464
457
5082
880
843
3899
3770
5067
6827
5362
2345
1392
8281
7417
6904
6421
173
5357
2757
1659
3301
309
4428
6788
1105
1662
6157
5905
141
8732
1407
1405
638
7871
1204
2916
8347
5735
5959
1341
2015
2944
4880
8184
3320
6167
3417
2098
2206
779
2067
889
7103
1808
2369
1248
26
3960
964
7534
5133
5408
4207
2263
386
6119
2636
4878
5695
4502
904
3895
8072
3190
8574
182
8225
11
4056
8189
8262
7622
6823
2505
2935
6692
1483
2401
7305
6076
566
2542
5416
2646
484
2051
7171
8164
4125
6674
4413
2890
2558
860
3474
7653
1820
6813
604
8466
8396
5435
3620
6453
5450
814
5403
3905
6583
2763
4996
1761
5330
1550
5370
4700
8551
3442
440
8389
7892
4309
2951
7424
4851
4209
2591
7201
6519
7858
2276
4608
7459
2969
7202
4210
2747
3789
5502
3361
4175
2386
180
8051
7585
8521
3810
6782
2526
4607
4622
1881
4014
510
1129
2056
6772
4485
461
6156
5622
4229
6629
7108
7445
4706
1146
5125
4142
644
8261
5919
4910
6027
5722
6440
4451
5691
8110
5002
1271
7229
6601
7157
8172
1370
6607
5795
4302
5900
7727
318
3850
3133
2189
7598
7698
1923
7457
5967
3505
1908
7520
2148
2779
3945
7574
4476
4198
6195
7595
5126
5718
1631
742
5096
7479
8047
2545
5997
2643
5884
4747
6151
2320
6584
5208
7293
5379
2409
2284
1238
3082
345
6054
4280
7489
767
7794
1137
7156
3571
7323
1365
4906
4115
4376
1174
7046
7375
1859
7545
5253
2786
3939
3006
7809
3235
5128
4811
518
2876
5314
1209
282
5052
3989
773
5914
4281
6898
1220
4550
1125
752
4564
1970
8501
125
2718
689
2375
5046
8003
191
57
2849
186
2027
2693
6259
7478
7177
4235
4663
7052
2107
5978
3614
5771
1135
5651
6475
2518
3299
4642
5297
7193
4774
5928
5081
6031
2640
7412
2650
6399
4473
6158
6732
3036
1920
4234
8406
3158
6178
1821
1869
5151
1391
4169
6102
5449
2734
4694
509
7408
8263
7084
1844
486
6822
1529
6566
5685
5289
8218
8266
4273
2703
7069
1800
1097
3861
4387
8593
5708
5610
161
5578
6247
3205
163
5599
1138
4129
3928
3625
6436
4418
5504
8352
933
6992
2357
168
7754
4088
5815
5346
3480
2954
8719
1527
7881
3307
6912
1130
1691
977
6621
3165
3932
3655
4534
4946
7503
3193
1128
1806
4315
5987
6726
847
3845
1427
5903
3586
3371
5526
4895
4938
7093
8712
8326
5563
7925
410
7150
4819
1242
800
544
8416
8166
6061
1890
3896
8268
3221
5336
3353
6886
7977
5494
4416
6159
1282
4922
692
2846
6287
4114
7889
4075
4255
4421
4493
5878
7773
8600
5186
4251
5064
2302
5261
6026
6041
5264
1953
17
3050
1518
1217
3013
2374
1607
2588
5846
8658
897
3509
1401
5228
4636
1650
2885
2448
2667
2253
4832
623
5448
2902
1553
7620
2530
7672
3786
3740
8454
7123
2899
4937
7458
5092
3168
2103
7918
4164
7709
1195
3433
8278
3041
1701
6848
1554
5955
2765
3277
4277
76
7335
7113
7484
3382
4863
7367
2337
1897
2158
7061
2868
1336
390
6342
5224
3354
6529
7934
3656
6928
6120
1187
4849
6356
2003
6044
244
5119
3027
5540
2184
527
1883
5500
1048
6804
7240
3411
4183
1057
8091
6694
5107
2593
7712
7311
5499
2770
6150
2829
1487
2175
6531
2798
4364
7843
3820
4600
1570
1367
6543
8087
3691
2489
4275
6724
6231
3686
6202
5359
5309
4363
4443
748
4046
4089
8595
5939
5825
8633
1547
7350
2860
1163
2101
1085
6107
305
4005
3611
700
4695
6360
581
342
2121
1172
1751
576
6615
6382
2697
2431
3121
7893
8730
100
2036
4011
7708
4960
6173
2946
5112
6534
7625
1964
4783
8032
883
3183
8097
6745
1324
6460
8343
6323
2280
6043
5636
8612
6749
47
8158
462
167
8404
7837
1895
1583
3794
476
2000
1183
6961
2524
2459
8415
6703
5480
1243
7057
1434
7728
3420
8768
3018
2622
203
7713
2735
2656
805
3002
8370
3219
1680
4233
2652
8119
5938
7363
4951
204
5638
1149
1134
5490
2682
622
2167
7833
8141
4091
1193
7200
2914
514
5926
5042
5168
8543
481
8316
4254
1022
7590
2145
5086
5222
3761
934
3842
7347
3210
6739
717
7294
7894
3573
6630
2976
6193
5550
2005
5460
8287
3726
2633
7017
7338
7151
218
7217
3878
4380
4728
8012
7126
3146
3515
7772
6891
5226
1759
6330
135
8482
3075
1339
7851
6965
7107
313
8765
6446
1090
1164
4450
6756
7533
2274
3385
3806
6049
253
6331
308
5211
2090
6657
8665
230
3213
769
2199
426
6955
6153
4573
2491
4411
2467
4282
2632
3232
6059
8736
8710
6222
7433
806
6836
2012
781
5728
4907
7
6510
7811
2816
1681
8420
7646
3957
789
3973
4071
8081
2421
5968
4888
3617
6785
7870
2571
4993
3123
1770
6034
4310
5674
1279
8659
2871
93
1010
7525
5608
1320
4017
160
3289
7950
370
391
1468
1225
3297
6477
6608
7793
6883
3836
374
7748
7362
4193
2077
3867
8630
8488
8392
7636
546
7746
3979
6845
4954
609
6877
255
7566
8770
3063
7020
4154
4177
7875
8031
6166
7716
6427
6903
8215
8109
722
7067
5477
2328
206
6137
4670
4950
5090
2696
6985
4264
8503
8621
4079
7908
5893
1556
6106
1611
4077
4736
5007
8632
6280
4386
8294
7922
5274
6706
6484
2442
920
2372
3993
6599
7237
4886
8679
5796
7266
4122
172
7535
8042
4258
4859
3160
6241
5174
6656
7505
4318
3984
1609
65
4834
7761
7752
6658
7703
4013
4973
6779
8365
725
1018
598
7816
2716
1353
8484
7778
1945
4303
4773
7738
2600
1900
1233
4818
3332
4741
2416
1620
4043
5719
7631
4759
6083
7829
1735
2370
8754
2219
7689
6559
3418
5013
6452
3296
8379
3256
5322
366
2163
4609
1777
535
999
5875
6526
1614
2340
2847
1709
7531
4908
1031
1832
2500
7329
3832
3303
6687
2796
6160
5195
5954
2346
2752
3276
5945
6298
3118
3658
6144
741
2322
7863
7700
3743
5548
8438
1750
3659
8320
936
8293
858
1952
1710
6581
3808
8007
296
2774
3246
6172
4393
1817
3302
3445
4868
2070
7549
1016
7884
6051
6226
7980
6909
4292
2877
3873
1185
5116
573
6811
5583
7795
1552
1645
724
2517
1414
5187
149
5445
5065
6917
3591
146
4092
3092
5791
4829
85
7546
1304
2329
1142
1382
7885
5809
2275
192
5239
3666
4766
7472
4524
2784
2291
4740
526
2672
387
1628
6530
3313
8230
414
3753
8011
4890
8763
6748
372
3141
5677
5511
1932
3779
4709
4940
3886
4347
4669
3583
2521
4391
1829
8346
8013
2522
2141
3247
8298
8751
639
2224
1028
879
5533
2604
7334
2901
2038
740
5737
4567
5705
6577
677
153
79
8367
3648
1443
5693
4584
1457
3912
2359
1037
8286
5217
1670
221
7790
7799
7370
1854
220
7662
4073
1870
4435
5420
7186
6089
134
3584
6155
7981
2497
6533
1342
5655
7947
6348
7942
1456
7252
1297
8108
1307
1790
5327
3373
2289
6374
4167
3961
5853
8130
2001
1711
4153
5454
7427
5440
2484
1260
2325
7805
2443
6648
3763
6316
6428
7105
8627
6975
716
683
2228
7469
1388
1511
5937
3344
3576
2541
2388
6861
586
6163
5467
6407
7775
5856
2573
7301
7137
8064
6880
1413
3199
7496
8224
5609
3131
5891
5640
1441
5457
1754
4159
7927
4716
2045
5265
349
3897
7774
4955
62
5664
5844
376
4875
8006
4557
7852
5146
5319
3988
5631
3889
1741
7462
7690
7192
569
2332
5031
4505
7864
2801
5318
1571
6050
3636
2392
6221
6970
7117
264
4847
3924
5996
4008
3601
1539
757
5924
894
6184
2239
5462
3085
7579
747
6063
447
793
1284
5298
5024
3217
7326
8752
3901
3503
3177
3701
2025
4971
3577
4053
3807
3283
3557
5427
7254
7911
3828
1557
7264
588
416
6544
1366
3489
7974
1180
2649
1181
3266
7430
515
6069
4563
605
5417
4248
5182
957
634
2702
1466
5840
6673
6954
4720
902
1596
7693
2185
5039
7536
1296
1126
1522
1904
7714
1622
6390
5582
3243
5635
1458
6619
1029
280
