107
271
381
38
372
156
203
395
78
276
242
215
152
265
340
371
205
352
127
315
362
53
19
139
211
338
65
306
140
162
150
309
214
342
258
98
178
256
317
305
331
44
207
0
216
131
69
5
92
364
367
149
144
82
96
357
55
86
36
28
128
61
251
176
274
255
25
332
324
125
52
304
170
297
249
93
37
292
227
10
238
289
21
167
102
287
319
273
77
360
245
158
177
174
246
252
145
195
281
13
302
350
335
295
184
138
250
17
268
253
124
294
272
210
106
119
76
348
236
126
95
166
375
263
16
74
353
347
213
298
208
387
222
261
89
279
73
23
212
254
31
382
389
366
54
325
71
168
198
377
129
229
147
62
146
241
202
341
143
22
336
235
135
81
130
224
123
390
159
334
280
120
209
35
267
91
6
232
39
392
189
108
116
20
4
196
109
314
330
376
278
105
285
7
370
345
383
46
322
191
161
346
9
165
243
85
277
75
270
344
310
58
197
8
283
72
68
374
351
190
380
63
320
133
66
111
27
193
379
179
64
88
349
316
358
299
354
94
153
239
284
114
29
398
18
266
247
122
182
49
181
240
328
157
303
363
361
30
187
24
84
217
313
34
365
67
248
244
188
259
56
115
151
201
260
359
230
228
233
234
87
323
1
384
40
112
397
163
275
394
42
199
369
290
171
180
164
118
59
104
368
288
160
148
388
282
296
301
3
264
100
185
307
155
121
337
154
141
286
33
11
60
231
393
386
113
257
356
312
142
50
45
2
26
300
339
136
329
137
225
262
41
327
12
218
47
355
57
48
291
43
192
175
321
385
132
311
15
186
378
220
343
117
293
79
101
391
183
80
206
221
269
110
70
326
237
318
223
333
200
90
194
99
134
226
373
308
169
83
32
172
204
97
173
51
14
396
103
219
