195
342
103
315
3
311
119
313
341
372
334
151
16
380
343
211
364
384
32
375
175
325
298
320
95
81
156
280
297
235
294
369
150
191
26
244
356
392
204
55
293
116
118
40
301
76
45
164
302
111
333
322
144
268
99
39
90
379
49
146
58
264
321
259
101
397
271
74
303
254
248
346
21
50
385
283
145
17
355
36
134
23
296
306
354
42
117
221
317
53
212
239
257
25
247
270
371
279
123
56
218
163
131
14
157
233
100
65
335
282
114
310
220
381
290
177
154
171
113
64
80
241
202
273
0
205
126
391
234
75
277
326
242
377
198
19
299
286
86
192
328
188
160
108
230
362
73
376
353
169
60
87
84
269
149
77
223
67
214
274
228
187
182
252
331
267
276
132
338
22
170
5
161
54
4
91
309
236
366
357
133
238
71
318
284
115
287
121
261
125
6
232
120
179
240
304
253
210
105
194
2
225
69
263
89
289
184
199
41
207
93
153
278
11
10
57
227
92
250
178
237
135
137
361
219
185
336
37
140
33
166
330
78
307
387
258
231
224
314
173
337
359
82
243
155
197
51
295
245
374
332
138
363
305
61
246
104
1
300
172
88
139
347
316
13
20
358
141
70
130
68
201
106
31
18
63
72
129
142
147
360
393
94
148
209
47
46
275
109
44
9
262
30
260
34
83
340
348
176
35
390
107
38
323
285
183
394
66
272
124
319
159
266
368
213
350
256
327
396
383
8
208
152
102
217
292
365
97
136
389
382
251
339
193
216
255
96
112
249
24
158
43
27
28
378
329
62
190
367
167
79
29
344
226
291
281
59
308
349
388
143
174
370
206
345
85
395
122
165
222
351
215
196
12
15
180
186
48
386
200
203
352
127
312
373
52
128
398
110
324
265
98
229
7
168
189
181
162
288
