24127
21865
19399
3486
23898
22465
31982
28194
27518
29061
3193
32876
8091
26618
4863
13741
32151
8208
25930
7074
39045
32404
13435
7651
1684
11092
16112
32816
22413
13147
377
5083
4558
9984
9897
36338
17281
24107
25244
31557
12138
10718
30448
27506
28697
13497
12725
25292
19291
15067
23573
7586
30226
11288
3369
2342
24453
6988
2649
24992
13875
23588
35269
6452
25021
37888
6808
33541
31238
2878
23058
20902
36297
13945
35747
24557
3926
28761
15888
32773
30242
35910
32818
24463
6876
28132
2233
22293
18814
35361
35995
3540
21886
30176
7665
28846
843
24286
22716
24030
18897
21260
21624
12880
833
9132
5895
6937
19885
8875
22318
32845
27056
7387
17493
15450
2643
9795
22831
8614
15300
28772
2168
696
352
21507
26317
8878
16890
3912
25794
36410
10226
13106
25728
34235
33839
29028
20200
33860
27628
16659
36557
10753
16581
8657
39058
4478
31036
14028
31946
31750
13554
22882
34497
19402
17140
28662
5118
21869
13965
22852
28112
2506
22383
13952
1124
4905
7544
30072
32525
7114
20166
12193
24451
32857
33741
12088
15231
12720
7378
1693
25670
17379
29280
24701
26643
2765
25935
27992
32825
5249
15072
36217
5435
14640
17792
15073
2019
2100
9912
33857
2450
8237
19846
29188
20431
35726
25874
14424
27902
23672
11843
39039
33758
3637
35592
7374
37867
10003
26416
1514
20879
26989
38592
25821
26950
6779
22553
1005
7671
26049
12280
36148
118
23895
1162
36097
23495
12603
21514
2251
1275
3649
15668
36685
37771
21821
2681
9804
8094
26302
16165
14993
9941
4610
10595
36336
22775
35889
18027
10878
13237
23846
37793
8354
28996
4777
619
29775
33435
15444
8883
19086
2014
20700
28030
12036
16258
36551
746
39011
21783
28464
15583
38563
37498
12032
21696
7921
24029
33351
20484
7042
8746
36196
29226
12233
3429
13399
11478
28377
19992
36437
24508
21464
29415
11875
33965
28424
15216
35530
8307
10474
31706
20623
10022
29132
19925
4937
23136
12984
16018
6579
24088
15423
10518
30361
5614
37063
26704
9647
28317
29252
38314
37606
29953
14915
5904
18085
18920
11896
1648
22042
37559
17823
1283
8420
14961
6392
36662
23717
24397
10053
19559
32585
33146
30264
30894
32540
33154
24390
37339
23598
22723
3150
32490
37654
25432
27766
23858
18393
24539
10030
25723
13657
34255
14444
32115
4766
17201
6285
13393
30369
7975
4046
18850
18764
22763
3234
24132
4975
3713
17920
9880
5073
32006
19335
30306
34205
33470
3715
17212
9155
31194
38088
27190
9560
16989
34778
35289
12232
4448
28859
30301
21683
26224
13075
2863
36858
1982
7177
37808
22294
22703
25719
25288
30130
26295
29968
22766
21875
14649
15875
25447
29331
8361
18972
1426
11289
31319
16747
31970
29030
20332
30682
7302
13107
12741
3809
1675
26476
6666
32164
36438
12774
8352
25604
1947
30382
12472
19096
7967
902
13382
1228
27568
8116
8858
16123
25079
24738
12139
10627
24401
10288
11832
14994
26405
26508
30845
34498
22164
34750
34336
19085
24019
28162
28620
14465
14665
7741
3048
14630
14849
14678
9955
17515
2235
7435
25243
15167
27070
21469
33969
28690
19251
19672
20380
36490
16812
625
7170
25068
31361
14705
9750
27641
5093
9665
30751
6721
12522
31747
35474
25304
10138
3004
30813
6415
33177
23931
10690
15609
5732
33756
5301
20409
30930
28357
25505
24663
34850
13961
32647
37609
30119
11472
14309
12917
35417
31189
1189
24955
19434
8911
14154
34668
13851
36065
3647
12147
13760
11278
36322
28962
31520
14689
18297
38049
18769
12058
7709
10150
29992
30513
16089
21981
32125
29951
2603
36848
11994
29486
29697
14485
36401
37600
14272
31355
12772
34627
5367
32218
6811
17204
8386
35424
36120
9278
29576
1665
2562
17897
24241
38884
13713
4758
11612
23757
24303
14391
34887
32651
5756
19843
24507
29129
25741
38156
6374
28626
22017
12716
5015
34456
11297
12715
29069
21157
22323
36639
25678
30788
7759
9840
13060
36306
7811
19074
24698
17006
9810
6966
33325
9529
25349
2166
17489
31472
34880
2750
38183
34242
24028
12399
24916
33096
35322
9225
4265
6549
17723
27782
23909
4684
30446
20461
29899
37052
22296
9160
10725
19808
18633
4582
17472
4544
14676
29166
20283
21231
26381
22515
7323
34624
30437
5245
16197
25126
35364
7820
23877
7607
23429
32438
22574
23532
30694
25534
13973
33304
23489
12801
23340
38770
12308
25667
24598
19485
31191
1281
18673
36542
26786
26202
33076
6321
9480
32290
36078
25822
8207
16480
4708
21702
25655
39103
627
17795
27191
36456
36821
22454
2846
11949
10323
37487
31800
19470
30195
30123
38588
14466
29003
9168
30496
9462
24434
30646
17775
4101
32256
27667
17383
25951
18541
28384
8389
23479
4473
17011
9361
18536
26321
8836
33894
33022
1128
15404
33941
14317
7969
29333
24056
4563
22827
19899
31697
31576
17801
11811
6376
31163
17835
13424
2319
2304
22660
14949
23446
38655
17734
16645
1758
27234
3723
38348
1200
26193
5718
20584
21140
16861
13539
26471
27914
30049
10904
18299
4615
7933
8850
15637
26351
4461
12562
11163
272
11283
15581
22963
2383
19390
181
35345
15260
31560
6601
18728
32348
22671
9559
14588
14834
39101
34407
12978
35064
23105
21371
13959
16015
38354
4790
33182
18342
21421
22256
31207
20621
13993
21014
38780
17107
16029
14821
7327
3547
2420
16216
3377
31601
20142
16934
51
578
2465
34342
15714
12970
18458
8068
28813
5726
2119
32317
2917
2942
20097
9386
29009
7369
2037
21239
32974
5887
288
38322
28870
8197
32578
27340
8742
21939
3249
10049
12556
29721
37329
6873
2786
23582
1854
30603
20694
38206
29965
16937
26817
1185
28088
2188
3049
2473
8706
37690
2557
23186
33914
5318
33030
517
23482
12178
32832
10190
38500
16
19963
6048
18713
15479
37147
16012
27972
27269
26673
13587
26798
32848
27994
34705
16474
22609
28212
11122
17685
22550
15042
12300
32862
4573
29443
32771
20120
34781
2543
14440
3982
4809
15584
37840
10333
23525
36187
1985
22975
36058
37693
18640
20633
24693
30103
20930
32104
19588
3006
6940
32167
29037
35877
6975
2386
32644
11607
31192
5857
23853
34025
15796
22495
32410
35303
15780
12831
39024
6022
38891
7002
12143
8335
4068
4085
38664
3630
13250
25359
3060
31797
8741
17441
15867
19257
29346
12018
35614
1841
6987
36820
35993
35887
7814
22119
36774
22595
30457
1133
20830
11482
6131
16936
6633
5767
7418
24311
24575
9504
6972
29370
12675
16800
28340
4671
8882
11879
2377
29833
9241
9019
6175
11479
24509
6100
565
19442
2114
15959
31798
1757
18403
25675
2797
9594
31231
15255
12431
4035
30698
29797
37303
19548
20665
8654
14827
4309
22959
37291
4082
1732
27010
18123
15729
38391
531
35041
3861
6592
21172
29101
29448
30341
16681
29960
33213
14959
10129
8151
35905
36123
21760
6103
5523
4118
19087
21155
23148
14962
6751
711
33570
11602
34321
6436
5842
14024
11548
9007
37747
28120
4167
31811
27345
7751
10215
14850
123
12835
13462
36889
27011
34482
1202
17526
30961
8684
38978
18790
16677
2070
1814
3483
23306
21551
35455
31810
22691
32715
37334
4467
24785
12555
24655
35175
20985
26984
14764
20526
31754
25023
9803
26077
27055
19444
28764
38488
35237
36758
25659
11416
19361
25433
29494
29846
22820
30987
39030
27496
1113
31483
33825
10837
36891
24008
37365
36260
33927
8517
21502
12627
34669
11329
36380
26052
19859
32300
5152
3207
25771
12401
15782
33880
32542
5029
30859
18927
22390
11783
34439
3695
4315
31372
20520
4666
7654
28760
1137
19024
32786
6219
6158
38174
27440
36966
9125
37861
32884
6078
64
11720
2389
20268
35945
38740
9235
5621
22267
7895
33190
12490
35185
6213
29272
9414
7184
15683
24697
12363
22624
33211
10855
28043
33319
23793
27901
30622
20449
7388
10009
10510
9186
35970
12406
8428
34577
15622
25279
9299
2533
1488
8309
24421
28486
36522
34992
3430
1324
19065
21547
35495
9097
3054
9274
15701
9736
37587
1923
21572
13445
30011
10604
38613
24764
14780
23925
9772
22035
834
12119
19357
300
4601
20997
37785
21379
26158
14107
5733
33967
32177
37150
2380
33892
36560
25365
12771
17937
23954
25875
22203
13709
16922
31164
18795
30524
32951
2664
33651
22556
37777
7357
8342
5150
37282
23739
28309
31919
29307
38672
29780
8461
17601
19920
13537
27473
1740
20439
11856
36925
27555
15108
23487
33616
39053
2629
30610
22481
11426
19354
38117
9813
21849
11646
8145
7702
27300
2989
16280
10833
38491
18760
31004
31208
38288
21573
15372
10364
21120
8445
14559
24316
28235
35968
26954
24792
11214
3837
20952
25397
6114
15762
11673
19325
5182
27615
13530
8811
26392
26242
11014
10922
5934
11584
14802
30021
9790
18868
29562
20561
5468
39051
19911
25484
15049
18036
37046
26724
36381
24604
30202
14599
25506
11718
17460
6632
33289
26518
35825
2551
35708
19391
1491
11679
9146
28047
25464
238
24001
35645
33744
32581
38235
30959
17982
9176
22311
19218
5753
2482
3183
397
35451
20477
12221
27135
24184
21056
8650
34619
16157
2197
19842
3868
23709
27921
18398
12976
23596
33793
32491
38435
8093
17125
26795
27722
26688
10285
11097
26685
2549
887
6535
35093
35774
25075
30243
532
17643
22572
32259
4127
12204
9906
29026
11497
3203
4740
8744
36004
38969
17521
18226
20529
37530
9951
221
34123
24714
35719
10957
23897
3618
22064
13350
34124
29366
7929
35617
4997
14841
7029
21901
515
15773
11434
27002
30379
18823
21154
6513
17230
14614
23867
3892
8921
8779
30115
9581
14524
1320
28805
4184
948
100
1847
21069
26925
28122
21746
29700
19037
19839
12656
35512
26110
33781
5014
34728
15521
27735
24858
17554
20179
454
22788
33457
29031
22912
2435
12935
22828
37768
28407
5206
25500
8918
14765
14658
27100
34217
4472
35502
25938
33568
30835
36888
11671
35488
30919
2487
13782
17908
32997
17757
23072
19435
11921
1616
36007
849
9943
26920
7480
16893
27941
17222
26306
17198
3516
23938
34518
37312
37711
38724
10716
9283
6622
19401
26117
7920
32759
28175
7551
6499
23782
38444
29150
30922
13482
28860
24787
17354
15047
19975
2672
8492
32627
152
34355
33551
27253
37557
26223
18225
33196
14000
34532
32812
35846
36555
25410
23979
10404
29647
4418
10406
26037
28083
35558
25546
27044
26924
17219
19879
2798
15452
35593
9962
5497
20138
33748
37100
19699
10248
13967
14105
33526
32888
17308
26018
10436
24613
24238
29881
29568
37378
8516
20820
33712
19144
31752
20240
28338
29016
25526
38476
2888
30043
2459
26254
4325
36739
36047
29874
16095
38303
4276
17330
30003
17265
36293
28277
6964
10018
12604
36243
17412
8340
37394
1520
10497
1297
22606
30046
34245
15164
8485
2767
14084
30351
16233
990
17597
2686
9791
29476
37975
2400
33727
13655
24625
928
23335
18985
17583
16116
18460
3339
6547
3923
20717
7025
9921
22373
9732
27150
19484
2896
19432
13407
535
9920
2992
12739
25421
7570
9995
30174
20869
38675
18220
6473
20239
1567
29303
3165
16853
6776
23549
13282
14941
32889
4211
37098
27363
24384
20029
5947
935
11181
6789
35920
20143
27629
34726
31083
24093
34584
4594
21839
34437
22658
15819
26620
5203
9098
28289
26797
17500
8872
2063
15336
12710
15272
23065
37132
391
3100
28146
37447
28372
35857
9590
1881
2913
21530
35760
1165
38276
17807
23207
27620
25120
30612
27864
17606
11076
25846
11635
13513
7824
6979
19690
11925
32206
34251
38791
21237
17350
19785
7756
13463
20656
23393
36009
17833
3298
12833
4861
10542
5878
23651
29160
18102
27888
15457
29972
20393
19962
35277
37448
9642
15797
20927
24985
34612
20073
24789
23397
4470
12004
15996
1042
4744
25092
26032
8447
25616
4528
3783
4408
38502
12700
37096
35253
31633
26004
5418
617
14980
1313
2519
21252
18179
12873
23307
8541
35384
35300
15483
15158
1103
27715
26228
27131
1763
17302
14713
775
24638
30979
11285
23398
8218
9574
18617
2785
16933
18312
19636
23906
28622
29891
31949
26725
7977
5398
35368
26826
27697
11440
31630
26455
11437
14661
7126
5042
4834
1444
4383
33208
13173
33232
20670
37602
38252
7782
17476
12784
8776
7605
25579
33703
1213
31150
499
37237
27449
26800
1558
27487
24642
20474
3337
27573
14817
1462
1266
13575
6969
2066
12791
12732
6558
28085
21463
2814
4694
22080
6298
27967
12150
36278
23737
37923
1914
36990
31447
6677
18785
25932
16691
6649
12879
37496
11939
38208
18752
14923
25278
36314
17770
31065
20281
13933
13353
32668
17352
7396
25341
34472
20398
31139
28958
35179
17882
25783
32656
10271
14883
31874
17447
27165
5775
30648
9306
5711
29234
33194
3785
21122
18182
4546
30658
26531
18682
36038
18210
29975
21582
2427
9401
36480
933
18699
13131
20592
32810
32669
10727
10673
37902
3688
3533
17404
8544
19773
26584
32130
17862
26564
38221
21458
22016
16655
5382
21494
660
21907
32411
30772
16944
19575
30594
664
8135
23052
30468
27524
32477
9199
28604
35983
16039
6929
10648
39062
3164
32704
36432
24445
32738
10225
33924
24242
13452
18139
7616
9107
31035
15026
38178
37809
786
32557
27120
28766
4698
29178
13826
38594
31820
23907
33159
874
4070
2254
14948
29455
34508
2667
37321
32601
31686
17329
11892
18178
26987
5443
39075
12327
36224
20505
3604
3349
12198
11666
702
3245
33794
31250
28608
8188
28011
20938
22441
14136
15390
16982
2582
13177
35643
16973
8383
34403
25280
36466
38485
11755
15446
38847
20948
18227
19161
6236
16589
26046
20544
29229
24780
22833
6949
4629
13223
36017
1144
22298
4691
6565
20392
36409
27608
258
11224
17013
26248
5977
29969
5882
14463
15512
302
12823
12946
32296
1450
21657
3166
19181
3973
37148
15098
11164
29142
10945
13266
4854
1676
10919
13963
24531
11854
20451
37544
7978
131
14186
3877
30693
35821
27597
1443
8770
36197
11266
38509
15719
22020
34374
13289
22980
14386
25663
6263
19324
33638
16770
31418
13233
34167
4002
26060
32146
14073
37392
19010
13342
27117
22890
312
35062
32399
3289
66
33700
18893
4564
31298
32405
37325
32336
3371
26130
6770
24244
20238
8740
30424
28203
35619
30160
26851
22557
16458
32517
30322
26694
30428
34559
29372
17328
10483
9801
38926
8297
14931
35809
37018
8773
19933
36532
26823
8703
2893
1007
5617
20310
3799
19433
31876
28917
38747
20315
25481
19894
10119
7593
32730
33564
37376
28176
14613
34680
2050
13062
17940
30865
18457
12039
32150
31693
338
16724
18634
2301
7487
19069
13428
36673
12745
14218
35937
20501
6289
32103
4569
37944
26192
23615
33720
31450
36823
11280
15696
22755
28187
76
18974
31048
28729
3247
25408
36669
359
23841
22251
32292
25845
15955
22893
2882
1154
34894
23892
20874
498
12125
33804
26691
7419
24409
5279
31448
37864
8282
35415
6328
37358
16373
11501
24533
7131
28645
23527
22952
18184
31511
8854
12392
25137
2636
18192
25255
20806
11834
17360
14794
20140
25204
37992
2926
26781
31534
7028
18669
5307
4568
36838
36259
31149
2844
35772
5974
6023
3176
7358
4579
38728
9102
31713
15832
14199
29752
24953
27378
33432
2932
36211
21400
35044
5650
9049
24413
18073
16365
19629
25610
19377
34687
21387
26352
798
3542
13203
24991
11933
6878
31808
16366
37844
24746
4933
36941
7690
12672
15896
37340
17463
22244
26356
37199
18188
25414
36857
12446
7120
8574
26778
19219
12179
36433
38423
38277
24954
26459
25439
14030
32532
14291
25405
3034
9129
2322
20799
19797
6501
18683
10992
31426
15647
15917
3587
8131
6122
36416
6159
9617
293
38078
20197
2979
10883
13676
3260
26293
16600
35434
13135
9191
1026
7917
23249
13201
26182
25621
1223
34875
3074
13298
15654
20230
34896
36574
8084
32948
1909
8220
14620
28912
36832
6494
6502
9169
9269
10026
9227
3505
832
31379
8071
25493
33684
18368
15347
35607
4782
15586
1341
28982
11561
7494
26949
27577
1668
15879
34075
8066
32392
9582
22542
3071
34139
683
29690
1879
5524
11204
521
8510
22303
8532
37634
13813
35870
20771
5117
14831
32306
38313
10767
7891
10083
13188
25104
16492
37475
37444
2223
35550
13491
29065
37738
32522
34306
28252
27923
30577
36982
35422
21580
2481
20205
28168
21137
16503
26079
10885
19674
36176
17031
5274
27880
1473
3719
7866
5893
17161
1664
32913
18202
27176
14638
25993
25371
11316
22699
20287
12681
3655
33905
3139
38983
2463
31383
28705
8621
34315
3277
21739
25769
9335
18034
22731
107
19622
33846
14590
34501
24213
16101
17069
21107
32156
19164
3473
5115
32709
3323
13373
25833
3081
17978
27729
28297
4008
31779
2665
32184
25925
15997
17979
8472
33188
10240
13722
24477
34947
11423
17008
31172
5619
13855
14950
23357
13739
3600
30010
9950
14375
35672
401
34347
3762
20961
21347
12906
36589
27710
19274
20726
1016
9489
18912
28509
31609
19327
13902
38518
6051
32629
12918
14173
350
5395
31033
4338
16215
12646
30567
618
13443
31347
31908
10099
715
13206
28198
21693
23090
34117
27544
30759
11644
12109
36743
25617
37069
6135
995
34394
4535
27874
27907
22851
8336
23639
29854
31028
1471
18726
34214
33449
26931
8078
30096
18070
37497
38270
34941
17336
21146
20712
10462
26693
7505
3887
28008
14168
36203
11234
11541
3051
3792
19121
21388
4920
4071
6141
31672
18039
32002
28062
36601
20469
19745
15085
23165
120
4343
11705
11664
35874
9843
36586
23296
1995
7168
31925
22751
30656
16852
28020
33604
15387
38317
4157
33040
26070
31864
15271
9969
8133
17938
35654
30088
3820
19561
1190
3940
13102
36193
31213
2946
20893
33777
13756
38331
30927
8382
11754
9744
13001
2661
28128
28746
25099
9197
30803
29630
5604
811
10098
8326
7037
14071
7127
16163
22678
1696
2408
4217
34386
20776
13687
6614
31558
19701
19521
18319
33706
32273
10321
8505
32851
913
3833
16601
24543
36518
21337
19501
8403
36896
6756
22486
18976
8566
7525
20597
28938
10663
1475
9291
28343
14086
38175
12170
12489
32840
11131
1258
27820
4248
29667
15882
18410
30285
24257
2190
1321
26737
5171
27280
14100
29187
19659
30672
16502
1062
15105
865
3470
5235
10428
35363
2220
18140
7301
21389
3412
15924
11293
28265
21462
23355
32742
11356
36753
14169
13100
4584
13042
19711
16424
32426
21317
32158
29640
20191
21818
33872
13111
33634
528
18017
2136
1411
33170
21450
9260
33249
29044
13847
33606
30926
15420
15549
38638
21370
19396
37200
30773
6273
31791
7049
16183
5266
17001
22631
7061
26051
1846
35833
22372
7085
32190
11734
19795
37220
13259
37534
14297
7004
37895
9606
32556
17836
32465
30928
17393
14290
36702
16632
30338
26501
6129
36479
24063
984
17590
17401
21782
20681
32944
4483
21699
14449
8272
35158
3167
5835
3465
18112
33088
35955
18615
38727
29407
4011
1205
10760
4204
11534
37235
15661
4484
18038
18892
19424
28403
12365
15217
18900
14191
2242
5219
25054
17428
34944
34821
17061
37208
38493
16988
29678
26285
209
32853
21319
9603
33387
27930
38096
25046
34769
5824
12014
8547
19068
16805
32349
958
620
27062
28076
2729
516
29019
39100
9288
28164
22604
12157
32000
8296
3463
2490
1910
5363
13232
3495
4627
7511
37461
17598
31080
36808
15630
10506
36890
38259
18180
13059
5989
804
9391
4604
28292
19105
30915
17918
37573
35001
12691
13951
38160
13448
33740
6180
17985
11504
22347
23609
126
21425
26794
28876
33955
220
9219
11073
2
1924
19421
22127
20679
25764
7409
29114
26982
27327
11514
7987
8964
18755
37645
12698
24207
22994
4831
21247
16848
33728
27775
34901
21664
19756
1459
11619
13789
25383
32361
21707
18908
30645
8198
33395
4908
28959
11645
13700
35852
18864
33025
19162
23832
24232
19562
11590
1408
11459
2303
11667
297
28900
2144
19497
39068
4066
1366
26913
25618
34366
37381
30783
16741
33009
11177
33595
3755
6765
27167
22314
12610
32641
35888
25588
2971
34144
9087
24869
38227
12956
34191
16212
16689
38826
35475
5853
7231
33309
11109
25373
36839
13129
7498
35892
30343
12387
37016
32894
12418
38416
34158
15597
6137
27199
34723
23579
25726
6
27959
32261
16516
27827
32960
3515
22736
34785
5308
8353
23995
23441
25903
15171
682
429
22612
12635
22981
13018
7150
822
24087
11836
20819
6553
17600
18071
29389
13669
34689
25282
4057
17671
24171
29589
26517
2093
22543
18363
17189
56
26904
18257
3667
39016
19592
22147
9980
33410
30673
223
34240
37542
18882
19363
29722
24277
29636
189
21377
20266
38566
613
20308
15753
21905
1029
8968
35965
27134
12029
10371
18322
16582
6674
6314
33256
31923
22725
10056
31271
8177
11350
8605
37906
31272
1072
26310
14672
10841
33302
34757
28098
26845
32968
37239
4632
25404
34956
5186
14188
31488
13214
13550
30318
3124
20668
23852
38468
24462
32904
28208
969
15980
24057
3080
38284
8193
33628
5577
14882
16066
12899
4366
14
22353
14584
35183
36511
34096
13012
7379
1785
13086
24733
10888
37174
28700
36049
18285
13464
6728
36614
7886
24108
25178
15440
14611
36286
12062
12519
18136
34012
13988
17300
26105
6144
17903
602
14056
10313
36239
38205
19290
11052
30254
13994
13267
10000
10512
38019
28922
17117
4885
16947
23837
13500
15279
20222
28827
36226
348
3793
34465
797
25508
11636
24645
11606
38139
18012
31877
1136
20710
12034
12380
4588
4554
21891
20265
29255
38823
16317
33404
23373
1496
36357
351
12010
37642
13227
29852
3757
15152
20307
1140
16224
4024
37566
24360
20305
3701
32805
33415
27113
1715
17288
36269
11829
5717
31330
1805
6402
2317
541
33166
15361
15915
33017
26524
27973
31660
12959
26830
29516
35757
24082
8809
11495
8867
20828
16395
26752
7033
38593
28276
15461
30573
16206
15658
6588
29938
28935
35484
38505
35813
13142
24961
32315
23969
36884
10252
11739
15348
10382
5078
24366
27143
8119
10206
2048
7765
30966
15737
3334
25078
26462
34553
10243
26888
8851
13889
19460
4122
22605
12202
18874
16567
31652
10081
13386
38421
33845
7792
994
7735
19303
38159
31529
22268
12983
156
28514
17618
14390
13080
1417
9036
17110
15204
25524
6096
18597
10476
32914
11149
22496
28819
23106
13521
28599
28877
27845
24469
1323
1906
38597
8816
2421
35883
28576
441
4999
33441
22255
38800
14555
14286
31863
30973
26816
6448
12083
16261
32516
17566
25871
15345
27123
25750
16196
17121
36509
10307
27477
27162
15652
39082
3692
38855
39057
17454
2730
20603
18272
3977
7630
7715
12633
16790
16491
15580
641
9865
22470
38328
14320
31854
36565
24907
27551
725
33375
4699
4434
38581
21282
10748
22701
4117
36607
28021
817
21878
39113
7591
7390
37554
7531
27247
24461
30964
6696
38829
5763
17596
1837
35713
7830
25572
5637
14902
22376
26994
109
26701
34558
10677
13704
26397
10394
19687
26744
6799
28650
13573
31038
719
1949
24020
5632
14662
8026
24455
6859
15727
4466
4334
20858
37857
10707
37752
30442
18567
3731
10162
31914
23111
1836
18690
32936
38099
34295
25217
5721
17625
31338
25180
169
30581
27299
16137
8203
11022
20729
11975
3127
18544
24450
6798
23959
9319
12355
27657
6920
36475
14445
36403
30847
20843
8127
14508
34164
9118
32670
17669
32051
16421
13319
2445
37294
14518
2378
26810
29815
24603
24499
30414
37663
31570
31377
35315
879
13896
16050
18577
540
18420
11375
8211
30381
14233
34748
34733
9457
24438
36536
16266
36149
35836
15360
6697
35190
1944
26738
37921
35187
17
25388
15730
353
35782
6127
5108
38072
24247
30464
21212
10560
32171
15846
16225
17064
8923
12473
38960
10170
22261
3937
32052
24054
11580
18467
262
10040
16604
26156
21285
17483
9470
13853
35503
32563
11683
32056
2601
20995
36631
6253
30272
36656
34153
27970
20499
155
33405
1413
33352
29783
25776
8542
12855
31148
28057
34467
593
25072
36779
22587
2871
3229
35353
15551
3236
23142
36585
510
5135
21178
33920
7769
38257
24837
13331
21902
2973
6441
35498
5251
34524
38869
9415
7884
18587
34489
20408
14053
16142
723
23388
33691
28330
18128
36219
3072
27759
5080
1345
30080
35597
1276
3201
15635
19815
6894
29894
950
6471
33111
19448
18990
2739
15691
30510
7907
5356
3575
28504
33347
144
37463
30897
26672
23359
6717
8016
31888
6407
21055
2760
19073
37648
2700
24100
24555
22434
17209
3341
9868
34863
13335
1489
25698
2933
19688
17305
29321
34307
3342
8163
25814
7059
19457
15486
15065
10494
26261
38569
32063
21162
35385
25093
34526
36605
3391
1111
707
37034
29504
35875
15927
30396
21183
3037
18962
23623
5354
34897
26544
18010
10367
13632
1682
32260
33987
23300
20135
15889
28056
26219
38311
11882
35325
1440
33534
12736
32996
20870
38325
30870
20156
5993
9190
33497
6724
8864
4026
31229
19011
12575
25257
19017
35291
20504
30944
25338
5151
14313
4295
16237
34581
35725
31753
15784
38194
20881
8155
408
30575
22516
38051
20434
7993
32646
16292
8216
11235
2688
36512
3263
27946
29261
30141
31337
3632
28476
38202
11781
10093
39110
6136
6327
7189
10983
27718
38931
15
22280
9202
5825
14439
19734
34443
36985
1647
11557
5103
32572
28853
38473
587
17194
7113
37269
24496
10744
21354
3401
9217
33833
873
4713
1091
37243
35400
3372
27355
11473
16327
36751
37164
9424
2501
33828
10300
10131
1687
18488
31117
15548
34356
18518
10279
9348
31757
33144
28512
1659
2381
12494
18339
30596
1627
3279
5045
805
16921
16783
6463
1787
20599
12624
33820
846
12916
36624
14644
18730
19590
14533
29606
9774
30342
24936
36569
10658
35457
32219
36703
7294
11581
7153
14881
1588
20540
9887
36544
13854
5515
30794
17384
38110
27646
27429
22880
27419
32414
36654
9575
8523
2852
1800
29870
11701
30929
28934
35992
23676
37053
13355
5983
37824
19441
8551
21206
17820
37061
18595
24565
10845
34652
24866
28564
3264
17076
8416
19453
17764
6055
28573
26622
11762
14650
35906
1387
6719
20314
3705
33043
3385
27425
36156
34598
8757
23108
13396
16885
6941
28953
23519
4121
11111
34874
7211
38289
16840
31304
14909
14522
36687
22974
17501
32061
6800
37347
26549
33140
7013
23420
32795
18766
15436
26849
11367
11322
26985
32594
38536
18945
30400
26264
1876
29446
15603
309
33237
26211
18804
28247
30345
24468
6609
17749
18364
18637
17022
17257
22046
38419
23971
29491
6210
6725
33307
6845
8833
14411
23825
23587
821
5606
23180
21311
7447
35174
12775
190
10088
15303
5464
34809
28975
28890
11768
30500
19697
4115
11706
31996
15249
26812
19936
38154
3020
19877
2555
13150
24921
32284
37742
5946
36241
24040
18883
8758
35279
10194
9242
5691
6007
17316
27420
4607
38327
37550
33915
30519
7115
28591
16118
9383
7874
16129
8259
34629
25954
27006
20196
15781
36258
5102
13698
36453
3794
36054
4080
36664
11721
7791
3202
38215
8812
16529
37541
2679
1858
4609
15407
18174
25658
19149
37682
11147
37354
38877
20246
1412
14125
1594
24967
31588
21881
31475
2084
10852
6085
21173
21047
1556
34101
23068
37006
29995
32756
21617
18930
3233
36006
23821
35061
10681
25715
24123
8718
38463
37285
19200
34053
26873
8002
26379
22860
30681
38769
38532
4007
13079
4063
23260
23504
24452
10797
8042
33426
31846
9047
23866
32402
24777
17933
18234
4725
13653
31346
32813
32434
2078
26763
7762
14896
22070
764
35780
14692
36008
11784
18965
20769
20457
27847
33722
14094
23697
23416
24853
10950
37532
6742
38994
13906
38726
3703
5832
35273
17925
9877
7353
6542
13562
21843
4131
21677
32379
26916
4992
10610
18537
6050
26152
29864
24356
28671
7472
29012
14898
27607
1855
19502
39056
24355
6118
19245
17602
2994
14420
23328
17310
16671
28520
5561
9908
30372
19041
15596
16722
596
7311
15310
37480
37476
7054
15048
12466
33667
6077
21430
12567
36515
18619
16326
27537
10574
5952
36911
11695
38125
19692
38839
19746
5310
6654
38329
30700
9316
6208
26779
25606
22514
32769
19045
26439
8587
29492
19271
13519
1237
29089
35005
36732
32323
20292
20336
21928
9158
13146
15060
12955
18793
27668
7617
26350
39107
1052
3325
7547
28217
18550
19468
22649
19624
15725
12180
29080
5144
7212
35251
17634
4702
33139
37362
2746
22646
33283
23759
27249
17057
23426
24859
14596
30366
19854
7322
33290
28585
7191
38144
37712
10149
6188
14642
25441
14783
38302
4838
2633
27527
5154
28272
20062
19388
20730
17254
17309
17104
15382
17174
26785
11484
20415
13560
24323
11532
7216
33034
25989
17136
35209
18910
14776
9935
25207
5179
28981
3584
9333
5568
85
13493
37028
37207
30488
30954
13015
21738
30806
11120
30093
17120
20955
25317
12626
2466
15831
35118
36128
10361
14253
5627
27594
28250
21499
29719
30168
37262
21998
12766
21176
22091
12506
1163
36608
35750
1793
15692
2915
4747
19066
19311
22466
9712
36926
39083
29634
18110
28130
6003
36705
31729
27704
6021
21465
23541
28839
38486
35948
1183
22589
27781
38521
21634
347
20990
17188
27717
4440
15940
35552
20030
30456
16330
11772
18096
13819
9178
21407
14139
13816
12559
27757
14496
4700
9095
11310
15721
38585
8917
27072
21988
26444
36700
12301
25133
15317
34469
15611
2177
31409
18000
19552
32622
5704
35703
31067
735
36157
12158
716
21990
17043
26099
29467
17552
4886
20716
14066
14954
13602
17849
32901
28824
29655
7019
34712
38630
5185
3902
15019
14916
32333
32136
37640
17012
10912
15876
33001
37650
33689
12149
10292
19285
32987
26084
14063
31310
5241
22214
32850
34562
20420
1099
6647
2874
17608
23241
3059
29464
25915
19841
13786
9499
6543
34399
28206
15135
9692
9993
2057
15805
1991
9289
24941
24159
33587
23202
20337
16231
28434
14930
35029
22667
33455
2283
16260
19649
4823
34313
32240
22930
24803
21570
10939
23178
31161
19990
20606
20507
13181
6417
24364
26467
38135
18805
526
15350
27509
3252
31467
9445
36150
14920
8954
9742
37304
2771
29095
8060
17480
11325
26944
37996
972
36583
23681
18160
8129
32589
38753
10220
29796
3855
21039
20042
35220
12516
11870
4900
38230
22693
31964
32733
36916
28328
27812
21029
20655
30391
2325
32132
25002
25107
5539
29641
36970
34059
30413
24637
6781
26063
14310
38958
35918
22071
7339
32191
22754
24904
29723
39115
20702
9429
15091
17834
26700
35323
20203
18317
29481
32321
18717
17622
1833
8714
20615
31196
18416
7806
13866
37439
37995
119
8464
36154
20626
2449
16911
34044
29304
17696
1453
14265
13220
37492
8292
3964
9112
31937
37869
18998
1834
23399
24558
19759
21781
3023
3008
9404
1678
16660
37458
7974
5457
29582
5149
24282
16062
33376
29977
6888
25335
27653
18888
3579
4322
4159
34898
25654
1739
26053
29957
18693
15740
9997
38035
35301
15032
5520
23221
31068
38653
24084
13677
11522
19079
2412
20550
9525
28931
13552
33276
23699
24208
34882
35576
12841
4273
15511
23242
31054
20784
12665
4432
27001
16797
37964
31826
8613
29882
3759
37302
18045
27398
23223
6079
32039
25311
28532
3530
9360
13752
34873
37739
2468
399
24644
6040
33240
21778
3243
34812
14936
32366
22978
14703
6329
10501
1430
10553
10617
7251
34042
19637
20385
27891
28183
15841
23467
11848
8739
6397
10974
34035
6160
12134
18238
38273
29138
12655
6735
14733
17451
17446
32123
24158
33371
29996
1843
20977
18762
853
30071
13247
4314
24809
12926
38784
13326
18664
16914
19050
27432
13040
39076
37617
18172
28498
30880
29419
14359
25696
4252
35555
1738
7529
24489
10426
6455
26044
3958
7714
35
26469
5528
22599
24176
9099
20011
3956
31699
21139
3915
29835
27749
15690
1869
8286
13591
28647
26974
6995
283
17756
33085
32931
37577
14673
33150
36354
17665
15488
8885
35102
1628
33383
20317
7976
35284
22090
15149
2833
18995
19964
740
24949
13110
27356
632
9075
30266
6750
11028
1466
33763
30598
24152
9704
20980
26034
24534
6024
2795
21994
38561
18657
33761
28044
5687
5858
30461
10013
38799
21477
15264
27795
6432
22208
1497
36571
22867
25456
17856
36730
5565
21681
22170
19788
35591
24271
9942
27349
22807
5506
13380
13735
6970
7712
31906
18891
34820
94
25681
6629
4783
37633
13817
25264
37079
35271
34938
34511
28899
14392
24911
32634
13305
15627
30869
14739
11146
23701
17231
30129
31642
26573
35043
9387
27233
10369
19301
21210
165
22133
3700
9580
34311
9027
28369
38167
33336
33876
38980
5007
19131
11179
8932
7411
18471
23980
4193
35896
11993
783
15545
9173
12531
3694
30440
18951
32746
20396
6659
37941
14694
23790
30151
4560
21431
8375
29911
36599
12235
12415
219
34958
20351
6446
28069
35285
24796
5865
37672
16172
18496
3746
5833
20129
17572
32220
17424
17993
38436
38073
31963
33080
16054
33532
20954
35962
37591
37525
33094
29922
7157
4595
11924
33788
25629
9096
29803
15319
10203
37352
15153
20714
18903
17253
25979
24418
691
37594
4667
27953
23342
29116
7200
34749
8395
36726
25680
35535
22584
2390
17363
3156
35489
32859
14348
24198
32802
981
19177
10249
32708
37804
35394
39000
624
30153
33492
32945
35154
4183
21660
35336
4551
13726
4367
36686
14745
22664
18836
38584
4827
29933
25437
8664
7867
10269
9053
37655
8599
27244
36955
4692
7232
14117
11061
10665
21602
13155
38243
11651
6578
29176
38629
10025
7493
37528
16949
20965
21396
28734
19493
23536
6732
30664
23433
22397
27780
13733
4091
484
9535
21797
5658
5025
35099
18052
12219
22279
14214
33862
35921
27040
3549
29247
1182
2640
26807
7287
36650
35827
31438
3609
23641
23166
11820
36837
32304
8592
27402
10698
31424
22439
3105
33721
3179
17949
1688
2590
6020
28352
32712
19005
2298
35362
36485
25499
19343
7758
17264
19349
32528
21294
30949
34064
2350
26335
26492
28869
15099
25081
930
29382
554
5514
21416
22457
24632
38631
34377
459
22040
37108
13654
28065
26434
11425
23354
37612
30344
12960
30359
4335
1898
36422
33335
745
7399
37914
26022
24400
37758
16624
15491
22521
15012
9537
11430
30460
30942
18715
36024
32345
28450
12296
28152
15087
20087
1291
16047
8884
2966
432
38150
21339
14008
31276
10596
16565
5815
32796
2305
31323
33686
14456
22770
2087
176
30182
19055
38459
2616
7222
37158
1840
32401
35206
3536
35332
38591
17743
38351
32854
3063
9909
31252
36261
22998
23809
8088
31351
3527
11362
5341
2387
10024
20587
36861
3091
2297
46
7837
32760
231
35121
34721
14389
25854
27069
31123
32163
35166
34390
17327
28793
28979
16878
4179
1723
18898
24484
32460
18958
19004
8015
38837
24497
4382
19525
30618
34445
32318
27364
24169
19146
13257
11524
32569
2870
35985
3172
37646
26083
29507
29021
21163
17507
2613
24226
38535
30261
7275
19989
35483
2710
14021
15355
15899
7282
35758
28818
34237
9836
4714
17114
9174
6860
18583
38527
15129
23524
3590
1095
14408
28776
10359
2712
12878
16542
33210
18738
16807
33548
5618
8014
3106
6214
6380
26548
10856
5128
31417
18948
14861
20170
4728
3490
28079
9766
19446
19228
30035
37459
29622
11245
23802
6688
38071
31064
19890
3610
6676
8876
22437
15283
11567
9054
30489
9616
18862
16538
29088
11211
38399
20276
486
26478
2284
25091
34364
34490
15368
5110
11355
9203
24417
20557
7988
21110
10414
16304
34977
29278
29574
2635
7766
19776
8483
23911
21692
31832
15101
34312
35410
12702
29651
14143
5194
15710
19420
29306
34300
10039
25850
35255
6955
8225
32800
427
26722
6849
1743
29309
36563
36597
24978
22108
27632
14955
23774
36066
33672
18928
14859
26945
24375
6752
26597
15349
6974
20013
10662
16500
30712
16969
3265
25962
901
32921
854
21035
6071
24106
5543
34537
23054
10806
31598
18610
34294
30425
21200
10197
571
28838
15428
19019
15501
7795
33503
13432
25804
32364
174
15425
14806
34920
9817
32537
38715
4910
31348
6522
8962
17432
32559
16977
13544
32561
23914
12106
2740
26222
21712
2273
939
14254
4061
6099
33669
12102
37107
37320
31082
906
26975
13708
10508
27242
13644
25540
5282
24826
14979
8380
4458
3835
28568
20899
7530
2864
38456
37521
17574
5314
35804
10073
7470
4848
15674
2159
29461
14241
24683
26639
37893
21769
24839
26118
11194
5052
34793
6333
34314
20364
25260
36863
8235
2040
8631
7334
30747
29853
33053
19744
33631
26414
24708
27517
9426
18148
435
37803
911
22726
673
14430
35326
28199
20707
12898
1666
12760
35957
31813
38431
15418
21279
3400
7303
31155
21597
22520
20056
33710
6615
10612
17306
27644
23665
20848
1935
12299
12998
16477
24506
24998
37821
35188
35139
7181
26796
3432
28470
27945
4830
8901
11852
5884
31301
17575
15962
330
7608
26347
18275
20312
4497
21757
37662
33946
16859
30371
29258
30734
194
7962
19072
13451
25159
355
9720
9332
24011
22459
15624
35629
38187
7040
3909
9946
22939
210
6145
20232
23380
28344
14217
32782
34865
27586
33362
37589
2536
28327
28682
14602
38880
21832
15619
6401
22907
196
11931
10475
13143
36206
13194
34145
20840
16438
26811
23040
31739
33577
13446
354
27103
8069
21940
38383
18604
33573
16052
5107
38666
19630
32200
21786
28570
11452
12651
1446
10682
15951
10652
4222
11709
11941
34794
31681
18209
15892
28744
29650
8906
802
33282
23678
19527
17438
17909
27110
36121
15717
19972
754
38369
30232
7910
13195
17465
8928
12245
4406
2064
25053
23367
25924
3824
17531
29091
10036
1330
21478
22532
3520
22817
36567
31500
20915
2462
35425
35943
14175
11809
17020
32982
26979
34100
32242
36528
9037
21912
13777
18513
7985
38749
2049
4134
31898
32954
4931
6730
16809
20360
1829
23187
10256
38200
6748
3
30891
11753
31311
15503
1367
4688
17543
2857
37390
12792
32705
4507
35042
30702
4049
21512
21052
20339
31646
30503
19938
10057
32312
14582
17457
12400
36398
24237
34106
26380
607
12317
29808
24501
10244
38977
19953
38602
3789
13277
33223
23505
27112
8626
25480
14352
33203
18087
11600
35881
24551
33607
26424
34928
17256
25567
19771
28209
11262
37071
17168
13535
1280
32990
16759
25289
1350
22143
10343
33998
6112
36644
25475
30763
9325
28614
12076
15513
19974
28913
31522
38010
4803
37500
18744
37317
37811
929
23414
24550
11916
1769
20709
24216
25995
20660
31776
11059
20365
11865
34380
6856
1974
17561
8075
35790
27777
16007
34797
16345
21442
23923
33647
5623
5381
21093
31044
19657
12727
271
23590
12570
25336
30896
14907
14189
2192
31181
36993
2300
36792
10971
30067
35842
27326
32652
27910
12361
14653
28780
23584
25673
10338
943
25542
25897
34747
15860
10555
19160
1634
22932
25712
18740
24878
6534
22816
12805
31505
37931
26092
30531
11263
1571
2749
20304
11366
36795
11032
11219
8564
28452
26690
19983
15430
23612
17450
33228
5488
1143
1120
17974
33895
32233
38716
419
13755
35666
28040
2221
37073
37133
10892
17971
35129
3276
18325
25221
35157
20968
11119
19428
15061
20389
35340
14176
26971
5469
5211
11729
17434
23131
9548
37289
1626
19872
3142
25899
23107
1285
15801
37651
17955
16874
7773
15712
30090
3216
22198
8944
6550
30019
17468
30135
31619
23129
26
214
4397
30784
26072
5542
3651
30815
1032
27084
28666
34763
36130
18423
30403
4791
17703
26599
24591
19976
26236
30056
3188
3859
18352
25834
35599
19058
20925
24772
2947
7237
1241
25361
23481
24376
29051
20903
7772
5840
2696
8628
8787
30753
27342
13051
37330
11798
18896
2644
27862
22498
7367
13477
23243
11415
27886
39072
6877
15735
9410
5390
24944
20237
36420
35307
36943
35691
5890
17373
18606
2677
11787
36977
10618
24852
34258
16517
6768
28118
21099
4575
3360
34849
16769
36928
11063
31818
9166
3005
27333
31170
14003
6897
21474
1727
20411
18016
19522
28800
31655
4047
24794
21824
11361
13648
18170
15617
11956
21853
20687
35606
34979
19175
12824
10200
9135
23619
14568
20635
10591
11033
23026
2039
22458
28539
1040
16618
12011
31501
9745
20892
13548
38706
36452
15263
14682
23726
2806
31584
19572
17635
22250
14863
14089
13982
3992
31212
462
16837
25997
22801
14149
16300
35977
11108
9221
19531
34582
22826
14492
34177
19054
14373
15502
5762
3917
11714
7745
31622
3024
14427
19827
8273
21663
11326
34519
37057
33300
31135
18356
25599
31801
32518
36356
10783
17588
1967
15722
30767
10853
38659
35776
21134
35583
6583
13251
9030
38398
28379
18465
16031
11703
5742
35991
13418
14101
4956
36587
5098
3118
15299
23095
19571
13387
36001
1941
16117
34125
13822
3381
5216
7686
34225
17895
12628
2578
3626
10417
15080
8146
403
6757
14578
3897
12591
13768
18461
29165
33963
33771
37290
5970
14007
34758
17349
8293
38062
38897
6923
33453
12262
13734
7484
33838
33358
18437
5668
1734
11543
496
20766
43
32905
14648
27850
21616
28414
14006
25759
37728
57
18487
28415
17038
32867
26805
5070
1791
16149
12786
11551
11657
38956
38340
23885
37545
38128
24298
37827
29615
25495
18244
9988
37870
19296
27966
13725
11764
13685
14469
25167
2937
20695
33421
1692
17017
23826
20221
13198
9874
15840
7685
33310
3908
3718
18116
5548
5360
18055
7202
34798
14319
24561
19013
1821
20936
2320
26221
19151
24570
34213
6443
37204
32403
7276
482
10770
28477
36126
21345
3115
37410
8187
28694
28777
18501
681
28826
16328
4283
20534
21854
6119
33161
20134
27599
11180
10391
37180
31542
20636
18638
12652
372
726
34884
32964
22798
31990
23494
28406
19650
33097
4120
5208
28428
24896
12141
24602
36443
30561
19289
18047
32930
30893
34535
35586
20070
393
26539
10334
9092
11340
39018
38046
34857
10118
28271
17098
1353
11189
17073
10522
7144
12184
7583
35471
28778
13678
32583
19381
6413
37911
2398
7780
26726
28411
29549
20446
38570
16801
10452
14274
28058
24902
16499
27050
14300
4669
12705
15373
19376
37349
20631
25491
35227
28026
11118
9473
5942
27865
28848
14243
9918
21828
11429
21051
33123
35589
18198
29905
33640
31354
4735
15409
35250
21281
9807
35370
28253
34252
16523
16740
30045
5600
16811
29947
35791
37441
842
28663
26438
38572
13410
18568
10479
38717
8887
36505
9106
30597
17810
21177
33506
1386
18113
35078
37582
985
12900
26445
5173
21759
284
26309
17042
12611
26185
30042
30578
30068
381
25674
35072
30796
5141
15952
12586
15030
19758
36517
5452
34695
17891
38794
7858
18454
18296
37162
11609
30191
8519
24394
1031
8058
12347
32328
17565
24786
11392
27983
10573
18666
25600
13625
22416
12534
11039
19634
19293
1419
28696
8559
16213
38647
6965
2170
21251
2699
23370
7688
3883
37540
27418
3812
28218
21521
21289
10732
13375
6703
21353
7652
7909
28704
4404
34352
20788
1117
15852
2315
1719
27495
4354
2183
6753
12578
11081
21669
19749
22196
35265
19948
25065
12375
6745
30599
27638
357
15547
24037
12813
28342
30635
162
23488
25316
27074
2032
3707
24133
15020
14059
13242
8682
4009
34229
29646
11506
362
28658
25694
7900
32343
36131
30
22623
28693
15033
33983
20824
18658
9531
8522
28598
17415
8842
37
30421
425
4771
5376
21898
34423
10373
26506
36923
29311
16382
3038
17362
636
33481
13508
10701
17419
15644
13175
19148
22322
35611
18483
34628
17283
37807
32946
31708
38335
26667
33354
8790
1219
14326
31116
20206
17959
21223
8316
15989
33180
9613
12000
30210
11862
30960
34160
15024
38737
38151
36404
23771
13469
30324
2840
9305
19476
24611
31151
16834
35020
37907
22747
38685
32294
37024
14639
27075
25342
3039
1788
19728
269
32461
14329
37491
24000
18599
13781
38620
9620
20254
22497
1096
9346
21930
1487
20113
2332
36364
10826
8238
23356
9253
30829
30208
33011
16139
27661
9608
11231
28500
35087
37517
31710
20688
34266
412
8899
27681
35464
32415
19034
25327
28449
34573
20841
38903
2121
33795
36168
15568
36067
12782
16927
1041
21078
34006
23332
12061
21632
5799
19851
29707
21667
3318
26453
36184
604
16257
18887
29838
26249
16957
8847
5870
12638
26012
17053
35240
24141
31930
8839
32965
17738
36771
5116
30315
16305
1736
17630
33644
35084
13885
38741
12228
5689
28368
9549
22232
20229
27297
23375
33235
27829
22479
5703
36287
30710
8387
13617
7368
78
3392
7337
21730
23550
36342
10870
33775
26283
21179
37972
10016
20459
36983
33157
27928
38873
6801
25452
32282
12708
38768
28872
37980
12160
20795
18858
34389
28245
35690
16961
35002
16772
3069
1196
3061
36339
24970
17524
11846
2615
33824
10962
17184
23153
25011
26385
226
18384
20680
4924
11157
32579
4042
18560
22007
6855
27263
31670
26173
13545
12395
10982
19581
40
24544
10477
1782
863
26562
32342
29850
3078
12881
11419
2024
4572
27138
8710
3397
1298
16731
37516
29802
24586
26041
3332
23706
14914
27742
25607
6427
28535
20756
11259
33546
38025
19654
5738
29416
38082
4177
12335
3222
27610
36855
13693
38017
12344
12112
15533
13093
36706
4158
33151
9863
11428
35019
9355
33366
34081
34833
21709
10872
4255
3724
14972
5804
37415
33472
28833
20288
30173
1078
31830
30848
24500
15787
35264
7261
14532
28237
15160
12517
33900
9195
23301
3103
4891
35025
27815
4447
22700
38428
29015
621
19709
21180
15537
27538
37030
27822
37257
32441
37666
4198
25844
35257
2101
16666
20908
26840
37853
23376
38798
35282
30786
19954
9270
336
26121
36995
30886
36793
3616
10559
35423
12728
864
25734
34195
34289
33330
33993
12095
6478
7404
7178
11282
13505
25234
27988
211
20814
35446
15798
9311
38562
22121
15214
30675
26512
26641
20750
27060
9514
21383
27982
3262
3611
16267
28466
25793
14844
34564
11782
9849
37963
6064
25592
12994
24272
6734
28028
18678
418
9328
32316
33681
6216
7905
14302
34615
4069
13916
25753
8622
31879
37421
2651
17079
28743
21927
3110
27571
38529
492
21390
10430
1305
38054
18608
21021
36373
26676
20035
32214
16372
15793
32055
34004
29428
15957
5873
750
22120
29470
20145
28721
7600
19747
34183
16880
15855
29339
6066
35636
27133
37639
26055
19222
9408
20465
11055
33752
5612
38066
5883
37756
29598
32736
35387
22085
32958
19029
14393
35283
9150
9367
27079
14633
24691
32879
25760
12951
33896
20614
16882
4958
39031
7918
31948
20775
30475
17680
4402
17398
29113
2108
29468
2518
3628
33909
15643
13083
21785
4705
17388
24352
23747
25520
35487
4843
32043
37221
6842
34719
816
29732
29592
24993
34340
30558
21703
1121
38346
37706
14273
11608
13827
9656
24202
31892
2809
3690
34118
21250
7871
38011
19893
24929
6825
36321
5166
13574
25625
35278
35254
32044
33456
28189
4036
9664
35346
25996
32398
11029
9100
26029
2584
1621
10918
38240
19565
26218
3920
27834
1084
31858
9331
3972
2916
13877
32856
39088
18442
29284
36011
1264
37708
317
31546
6315
18570
25936
22444
27403
10805
7942
25494
32828
28745
32464
35562
14133
21244
9432
257
11512
15414
31768
4155
1960
11838
22886
37494
24640
3801
6479
6812
30816
35795
20593
15807
28408
27623
34134
11578
21408
14293
12747
6577
18407
8721
20611
3629
19288
30903
16886
14670
29890
27377
10704
1972
4769
19568
1993
19987
27361
4380
21076
24721
26783
36987
35568
38840
34442
3893
21232
27043
2805
7026
22264
12437
15381
3255
33836
32791
20974
17496
23754
10329
19496
31180
16507
16698
30887
32068
29781
36194
14468
14325
24652
21220
15257
31496
29871
33113
36228
23259
27627
34176
26447
27730
22118
14525
13115
6306
12096
7034
32334
6176
27311
31516
16906
5386
25933
23784
38941
75
15173
23947
19393
31437
21814
15244
878
25369
17002
263
10234
1533
35386
26766
23924
15788
12123
12248
33055
6772
34528
28883
13436
6043
23130
11496
37228
28771
31440
21333
6828
3009
13749
19707
5343
37471
8191
21892
3504
1882
2469
22579
4104
30394
19889
31578
10442
29206
29896
24770
19546
24757
8991
22341
27285
3850
38438
5417
4600
25811
32833
17648
36895
18168
10928
16562
38667
28837
10091
38758
7092
10575
32246
26169
19677
2352
15606
29841
24656
25088
24369
23750
6715
16384
12026
159
6279
4683
24593
21658
11343
26890
11492
7446
23723
25442
10112
20190
5134
11877
21535
30087
38622
27338
29288
25975
18894
27090
25270
242
1859
29750
17535
23769
11171
27185
33656
4993
27151
38095
23786
16535
23056
24725
17113
15146
33507
11751
1818
7963
11661
35656
17767
28529
4736
38901
20800
5062
14049
6844
9114
22748
28165
9472
25863
36222
10097
3191
5553
18855
29198
5862
11213
15104
36298
32476
24554
29396
33826
19348
21850
36803
3472
36003
3181
24472
13899
895
9385
10637
13833
2674
3966
15445
1794
26330
17706
15068
17997
32966
4216
31567
14229
2736
28752
21414
23127
13390
3591
14766
8125
22129
33284
7700
30040
13947
20086
28446
33243
2631
29364
20947
4961
34309
14560
1469
7082
12847
9570
24078
22911
13567
34965
924
6426
27309
7440
15431
29337
28579
9765
14833
31343
19123
34736
9309
34333
19438
11095
2769
33262
38975
35859
17646
645
36984
38516
23139
18490
36315
10109
26695
38637
38162
11252
974
36254
27530
31398
34211
6761
27281
4454
36909
38930
7618
20195
18131
27142
32090
34937
6340
34507
21026
1039
