37314
19343
19052
31331
8444
1760
18325
32103
14226
35271
10657
27102
20312
27164
26540
13874
9241
26471
19790
31001
31842
15549
32727
22688
11446
383
15834
13672
37482
13046
10169
5170
1084
32594
28247
23890
8592
13289
31201
19263
17531
20090
6711
29306
10521
18899
28115
24326
22411
29697
17061
21735
9006
17198
24162
27286
18300
17360
213
33075
15617
28258
18070
26687
29249
13155
34860
2086
27828
33588
35105
12258
5791
5863
20080
33028
23906
3918
27753
3921
4016
14922
11125
5102
16044
5613
36183
16338
36850
6513
22888
7513
27263
29367
14771
3599
11196
13842
24856
11793
4349
29872
30460
11483
28091
33735
5687
19770
27786
35634
24661
2172
3956
28882
2457
734
3685
11609
14642
18712
37976
5410
5782
9003
15448
36769
31301
29373
4927
26778
38474
18690
30420
35632
21113
7757
18470
38216
7791
14946
8845
18023
8378
24753
17029
37991
37247
24926
142
790
32234
30681
26248
2509
4500
16631
33137
11377
23551
286
14478
24906
38056
23638
6451
31777
23441
3012
23394
12168
14614
988
13094
35167
19734
24886
18679
28467
20837
34878
11047
1492
7797
26481
10146
12444
19550
2044
11241
15936
25620
25782
27500
37170
4097
24165
36339
11495
15687
641
4570
17485
17363
34149
32506
10466
503
11754
21043
11680
9801
9268
8937
3296
37815
31600
30505
24773
6029
15581
8640
8267
7425
20898
19004
24372
25105
2164
35365
20266
25124
3484
20433
17057
10967
15684
19764
27192
31822
37685
9604
19019
5532
32332
5598
22794
14989
3195
18478
15725
23894
20638
25174
15535
14644
10376
13690
15439
39
37069
7633
7122
20757
36401
36646
16088
31088
37656
3138
14062
4348
8617
11522
5341
22829
37533
36387
32710
6903
8855
30549
12973
3060
4488
27050
28931
32734
31261
5720
26017
16009
818
1069
23960
2356
26644
20621
7383
17920
19960
16252
2759
33577
22636
11673
8735
5892
15393
26133
38964
35928
19520
27268
8533
32739
22218
23887
18895
27655
23182
29232
13797
28833
12683
13680
28817
6115
23647
21307
29201
18106
17986
3861
39039
25924
5121
12873
14507
720
33560
7482
38681
21414
32917
25691
35961
11641
33452
25540
21770
20688
22948
14936
2056
35889
11185
2577
18495
13071
34222
33720
18944
6731
31970
30770
37052
22234
2553
17845
24829
12779
7667
24652
5951
4392
3087
146
28742
17621
17073
34880
11919
24494
18058
28076
16824
36278
31718
19704
21283
17133
8569
14609
37190
28227
31584
10100
33342
26128
33314
33363
17412
4682
7697
3935
2235
1189
35738
3611
38636
33747
12370
20822
15537
6891
17923
4455
18226
23791
13826
24868
36176
27054
21716
27895
20545
35989
17211
8755
6281
30543
34657
32368
14261
2322
28546
16069
29368
7063
16817
37766
34047
33535
28234
954
26278
660
21504
4833
14758
11531
12470
30860
3198
20463
20338
25357
13494
25722
37973
37617
21862
21163
1145
35387
5934
2581
25102
16523
22282
15765
11335
37318
36742
1156
35116
9393
29455
4032
33479
28731
33388
15037
24240
13473
22235
8315
29556
26251
34548
12127
21358
7788
37094
29957
35963
16028
19803
22396
19509
3221
6928
21265
10971
31950
10611
14433
13404
29022
25557
5778
36889
8062
6358
27127
22766
2941
11409
16174
658
2880
28132
31409
16471
5545
5099
1688
5493
3336
36353
18698
34745
6493
30040
34201
19868
32657
10419
31736
14584
28767
1970
21345
14612
38818
20890
17358
12290
16603
18071
35410
16930
25085
8494
34055
10125
17761
9608
17905
12455
6929
6284
35832
4879
16679
1896
36740
301
15898
10085
885
16991
37859
27131
20063
36843
28243
38784
477
12795
26771
30243
23427
22281
37332
973
29165
30700
34377
6720
13937
7121
22671
33559
17322
315
37997
36006
10150
35620
29199
28906
31004
6807
8939
16400
751
32274
26170
12597
35656
13126
1559
38252
9670
627
33489
25409
22650
22331
15894
26961
30424
4672
31200
13712
30312
37486
18808
10579
20428
17415
15913
10736
25213
18999
18959
10132
6353
37232
23187
25011
11632
30547
18176
26315
1844
24300
14464
6538
21620
24041
16061
7508
12921
25641
38149
22083
10935
26309
1897
4964
6156
29924
8496
26307
33854
18995
19531
27964
28829
24104
1318
26982
18279
31554
15591
10019
16440
13669
8508
5877
12657
1058
35449
26508
24084
6576
11854
9793
15002
36926
3050
5645
36697
2308
35185
6401
11286
526
5916
25333
15761
17
38917
6312
37669
34543
26448
14983
25502
32229
15829
25376
11536
33418
23389
10069
30897
6363
28891
3416
33991
36300
22262
6318
9848
6265
25672
15932
19874
38038
828
38643
10412
37494
38691
12088
17955
28874
34578
36968
18260
34895
10369
29024
7792
29056
37584
13239
38623
24590
12792
23780
33501
20615
8694
9948
23155
9721
29257
15627
4152
30678
26575
21367
13966
34728
23883
20823
35471
21541
24248
33074
6564
11711
26662
24337
35228
29808
36213
28331
16312
37141
22143
2966
4056
9858
20745
4635
29753
25194
24884
28765
4091
17805
6377
6913
17285
22837
11775
24786
20965
6827
16534
21892
23865
3015
25035
12651
19915
35326
31900
7004
14977
6247
31753
13342
21405
668
6275
32049
26630
24665
11672
21328
34159
29714
11142
2778
5618
4660
34577
1925
18022
5188
3201
8809
28471
21550
13778
19612
3377
1557
6663
25578
6322
3970
16363
26557
1894
2890
21957
35249
19573
11778
33650
12742
25769
4304
10145
13216
11110
24610
14443
38018
8040
35428
31012
26562
21393
24177
1579
209
25263
31505
10131
5525
31212
27439
13176
38298
20630
27273
8689
23553
9300
850
2201
38104
35627
6547
35515
18273
27563
23145
9264
30574
11229
17022
6775
2392
24708
34275
7717
5607
4106
5707
30101
1284
20861
30972
32361
15178
17324
30295
31237
14303
1157
25661
1406
18498
12136
35442
24703
22806
32395
15180
385
29790
37608
302
4099
37666
26452
35318
37343
20350
14129
34230
15604
12092
33578
12615
741
38799
6456
7472
10407
7993
10720
2455
22879
23371
14183
30339
1119
16621
3600
17738
6373
2765
23988
38261
8826
15194
31875
26939
37941
25780
26360
31876
21826
9651
149
32350
14369
31410
29653
8429
31157
38684
26112
14304
38918
15555
15602
37195
35379
5467
22792
38694
19741
13250
9715
30587
36529
12354
38468
20173
34083
5753
33733
28590
9672
6146
38060
8065
3598
19685
35902
2716
28255
10270
23280
22538
38473
36872
38560
17269
21742
5016
23747
20399
12337
10158
22329
16078
24698
16960
27910
37547
25539
11379
37212
7769
2583
34923
34797
6328
3589
27044
8238
5383
18744
20623
11389
13479
22558
37132
30725
36520
9327
14121
12920
3512
32142
29427
25186
35401
18512
23460
31355
36067
23169
36225
6181
19281
10982
33763
28816
20026
17709
10915
17173
33976
38329
773
8990
4483
23466
3859
433
26431
24860
28868
3790
7131
27219
13884
7520
15666
1262
20738
9982
9541
31861
25869
28190
38008
27356
952
32849
26888
14041
18089
29065
29450
22054
33700
16655
7406
8780
19867
8886
1650
15719
2643
4662
36462
21439
1550
37594
4783
6032
12690
13162
19709
17741
38408
5862
37251
7015
5907
17835
23835
481
16863
33803
19115
26350
5381
33867
13624
24380
16027
178
16762
36068
30987
6278
34692
2518
27464
32036
21830
22155
3394
12232
4751
1900
11164
2243
35213
32352
17938
26953
16311
16305
1862
6579
38794
20896
12227
6389
272
15929
31422
37324
1016
6722
17417
29388
15470
24697
28089
18005
3724
33784
17299
23323
33185
26308
11701
23405
26421
12457
16994
876
4182
32676
18980
38326
18347
37924
11943
3490
16908
33581
18522
18391
27001
11966
11539
15360
11188
2740
23520
9906
38579
4068
1669
27690
5605
10313
7915
29636
7283
6612
19804
1851
17502
31981
28088
26073
4580
23980
35114
38816
11605
7863
22810
13501
7939
28563
20125
20009
30697
7244
22507
35764
19160
26721
28803
35670
24418
38430
20577
2641
35537
20140
30011
31759
614
34509
36273
9463
31644
25985
4651
11899
13069
12270
19348
25772
16618
25948
3417
29915
23808
27571
37521
31272
32892
5272
20188
11669
3196
30617
13006
4554
14726
3345
28336
37467
24125
35875
26463
23333
8954
971
6290
25442
32679
20632
515
22059
24083
37772
38966
16797
7037
2458
24445
7065
19660
1116
26865
15748
31956
12696
19883
2337
7091
36578
16717
37868
18620
6466
5719
35423
15883
33123
12532
12891
36313
5255
37555
31471
20410
673
25153
7643
11540
927
1676
13012
16536
6706
3727
33849
23514
14565
30150
3758
12181
4657
38935
6640
28843
18268
4423
22827
28624
10544
17720
24917
8832
21968
4220
29090
19979
2159
24315
22836
29440
3122
3003
38319
26840
34875
25255
5078
37871
19349
1063
32158
35867
21396
15958
27640
38791
9138
9704
35385
1335
1837
37006
22034
37768
6407
29838
12317
26929
26345
39062
17619
33066
16032
39046
36341
34361
28597
20007
13811
19857
8103
5578
16187
31374
21308
38185
28096
16888
16467
34885
27043
9478
33126
7
25187
33631
28835
6568
1571
22428
18996
9621
2696
1832
22119
37423
27156
1708
37807
27384
9412
16815
937
22642
153
26097
33153
19439
9083
21969
22949
2601
25562
38068
31714
26420
35860
38960
24568
7007
15226
16657
13025
4359
19614
17723
29994
4173
16236
25480
11902
26433
35107
24602
30304
37412
10852
30786
4736
22532
11640
5205
35227
1909
2119
19468
15330
22450
5926
10354
23708
37303
35123
18614
13062
8136
16546
12518
5937
35816
7811
21680
25420
25592
32905
34608
28136
2916
30016
4523
18911
7601
28102
1017
14250
37381
27058
15859
4978
16329
34262
33104
19819
28123
15240
30405
23578
25912
17808
9151
2789
11153
7740
31763
19466
5956
28910
5482
4259
20625
33005
22225
12511
5763
37394
22551
31824
31079
23234
1270
38049
7838
14538
6038
16950
22868
9152
26232
13864
28654
23500
5197
11230
13144
29403
38999
6875
17283
10682
12782
28751
1880
26279
11321
10654
37451
21036
15320
32533
31615
9867
14161
26933
34241
12022
3717
3983
2326
21622
16101
24516
35351
30660
31344
9506
17203
17700
38333
21597
12131
16169
82
17048
33064
6180
35557
37122
1705
15896
21976
8524
5606
942
5964
39104
30470
16760
15102
19201
7671
21060
28962
12112
10147
35414
9689
32801
21938
20048
25247
6463
25925
16260
25646
24076
19484
34564
11359
27436
10698
27376
28591
28775
35489
22389
31671
36567
12559
27772
37044
20824
4414
23774
26580
11348
34366
34516
16569
32875
11556
13764
6804
13445
27988
7688
4454
4599
1470
8385
6033
23541
33167
7937
2125
8059
22199
35645
27642
32946
5501
16425
31542
6638
28075
26326
14166
9871
27869
26184
11382
4302
28970
37578
38587
6107
16217
1375
989
13574
9723
24086
38489
19869
6695
32474
22808
28042
946
24353
21986
21950
9308
16627
15625
7451
7397
25488
8935
33200
37561
38440
26447
32595
20535
4863
13313
10298
36746
11999
20380
10443
1377
6642
6619
12610
24237
13101
21913
29629
19186
28623
8210
34382
23932
29256
36892
22247
2383
27145
7408
11336
2779
24186
29365
37035
8041
11554
26182
10027
17811
15046
26427
30023
6708
2969
32665
10958
35750
15585
8366
18678
998
4987
14018
20457
9986
25919
32080
27722
12222
39070
4241
7947
15495
38174
2871
37566
9309
28124
30816
38963
9453
6357
15857
9956
22946
27070
16421
25786
8813
29297
17841
34126
9141
14327
2148
24601
16320
26414
7663
11693
11504
7949
34669
14747
8174
3082
24785
26569
19027
15700
12660
21066
4445
28641
6010
3622
36884
6458
38939
13192
11494
27849
4262
21781
22003
22588
17402
34034
27802
32099
37107
18885
9103
21577
33288
34338
32070
10747
16659
7988
13499
8583
25496
9467
35015
4453
13867
7702
6053
32819
22107
5698
6064
7746
18102
14783
26532
29690
11849
4655
16361
1459
29136
11743
7257
1123
10706
37920
32932
33995
14672
29693
23760
22519
4303
20752
22089
25055
35381
32019
1120
27551
19213
4489
28303
27815
29681
34203
25209
2724
4581
11232
11753
19446
6287
5979
13845
25697
36787
2750
8621
8921
18789
1426
5259
31659
9931
1409
1551
21548
12556
19083
8773
18141
3090
23814
24320
37791
10089
28443
28193
5809
29951
22210
30298
36571
17409
26056
2365
2786
17321
6052
7883
1483
9247
17746
17959
6667
1121
38548
4140
8293
33774
8078
21581
23377
33108
20712
4965
11994
34585
18138
23807
6973
21071
11739
20016
12331
2489
13975
17296
19253
12629
17936
27100
28335
9275
20696
34607
23629
21579
25121
2648
31818
15267
8520
37509
31859
23838
9065
5118
29486
37085
16384
593
29143
30093
3627
4280
2440
18547
31790
31022
3703
23837
12735
29795
30656
14591
5072
20038
7178
3239
26425
36281
16289
5116
30880
3928
10776
29963
13105
10973
11380
21542
694
8796
17055
28101
499
7800
14595
17763
34129
4759
6388
12793
38882
21313
12164
27023
34661
29262
36821
37194
21458
12659
15394
4244
23596
35907
3487
14792
26948
33526
29532
28206
33549
13066
35606
1332
3281
11734
25389
6446
34497
26701
37363
31843
9032
1969
30889
38972
36298
5917
18253
3711
10277
4795
25038
23216
14260
15946
6041
26764
7356
2507
29592
13178
25509
13191
2973
5390
20093
264
8009
31889
16869
22250
9278
2556
23047
24750
776
33409
18446
19932
37700
37855
5924
2437
22005
21582
12109
34115
18314
33531
36098
34879
25246
19821
17308
36561
22082
36352
21857
7176
38968
19751
21942
779
12712
12937
27083
21750
27320
20325
34521
29878
13357
30171
32630
19755
10702
37518
2427
2662
19434
24772
37457
33042
10960
36295
11043
32442
21612
20381
31357
34755
26744
34770
30766
23600
9320
349
23198
10551
34056
30187
16319
9746
25684
29589
12692
34735
33204
29550
35542
30468
34700
8357
35602
35090
37243
23573
456
15115
295
35983
13639
14262
28908
30815
7650
15297
3109
29160
8223
12194
36905
35466
11020
16040
6362
6968
15105
5888
1931
15228
25118
3942
30185
9025
38159
25470
32897
6812
19780
25945
7526
14449
2338
27177
19885
29662
8922
1140
34958
25329
15724
7206
35345
1359
19240
27271
37602
7820
6148
32145
29112
37606
35988
8036
9074
23235
22255
23158
1881
25172
29349
271
7605
29387
38529
26820
12774
207
33197
3820
20387
21797
25264
7043
20050
9762
14871
14619
1796
8655
35808
19335
6883
8556
29416
32520
11138
5902
28752
7635
34027
602
1263
35885
29045
37099
10969
16656
3566
3011
15313
21766
31109
13322
2867
17092
7686
38048
32382
14813
29129
15262
10184
21789
38839
38305
31294
19719
16299
27785
268
1077
18565
16454
10750
15953
11054
23668
2307
6888
17823
4464
9375
5524
31949
37516
30358
13654
14279
24993
3665
11511
34806
23700
29981
35923
30132
20390
17139
17232
30801
24230
13029
32392
32452
2665
19055
21715
1488
14321
38677
3227
16859
31772
25440
34259
3895
21906
24194
29501
3161
23571
3305
34062
20111
28228
20539
8787
3482
1818
17033
21045
32507
24741
32397
8665
3118
14338
35082
13510
9166
11181
25291
7721
8790
18774
35655
10400
37596
28879
13903
14592
2229
15545
8820
36503
17671
25778
32324
24027
36411
38573
22226
11331
19374
8441
21583
2099
3264
26641
14221
29663
7978
37567
5128
26380
6782
5688
19159
11461
6266
26836
5316
15901
28268
30582
24520
18605
28884
5671
26351
4729
14647
17628
17953
27172
32094
17821
19178
24116
13
6855
4492
38371
31498
6482
30973
4243
11889
11236
22159
36158
8484
12864
22279
27919
24519
22713
1
29286
7962
12277
2347
22404
37513
15376
15577
37534
22353
5812
32635
10767
19077
21810
30017
29401
36293
2908
15912
27608
19544
7793
34389
1684
25854
9231
29803
33975
35118
8212
16561
18814
9010
29130
25019
14853
20102
14980
13702
5274
26089
17427
9575
36575
33602
19416
11662
8256
24783
12120
29876
37542
1864
19366
32510
9583
17526
23467
2584
36564
33129
33540
23016
29938
36064
24275
23035
7011
37665
32558
625
7150
1506
22702
38264
4981
27223
13982
13522
26595
32381
25060
27329
32457
27800
14774
5881
33202
16828
11041
32071
27804
22509
15715
30862
24089
38208
7573
17493
10665
32066
26818
37003
36748
19161
10970
14456
36107
14333
37502
4230
10756
8636
34517
35772
23770
35555
17677
34127
38431
38508
2132
11880
24213
12940
32781
20158
2499
22695
23718
17385
29001
36977
10590
17825
24615
17230
36236
11226
4010
29409
37779
28807
26219
10959
22394
4618
1415
38198
15931
8056
19327
37206
7057
32211
31215
30723
9988
14961
2860
4664
28737
34080
10819
33367
29729
16775
9238
15664
100
28483
36544
17862
22977
20708
35288
20647
16412
27347
12361
28377
16961
25345
2413
16874
35032
30006
4566
6257
15903
5213
20836
9701
13952
12433
35274
6093
10675
29651
6945
2644
27342
6002
17167
3081
987
11179
9547
30724
32605
36906
34870
35083
6021
23902
38648
29382
10343
6381
13203
34113
9016
25929
21170
19651
29737
7507
24589
30799
31052
7964
2287
13245
11660
15961
13334
33974
15714
27737
1179
5596
27697
15869
26849
23367
16816
24869
6452
7825
11984
28644
38800
16493
377
21232
25082
39050
27443
35211
33273
18914
25427
10000
4756
15462
15358
3839
26354
29775
28264
30413
27076
10722
13082
7339
17125
37720
9820
26787
34435
19140
13048
20273
4145
35668
15546
37934
6445
7249
30579
8093
17382
26955
16259
35648
19909
37799
25145
12486
37499
37968
34533
25711
2710
22384
19413
17054
873
20028
2654
25556
37129
3234
36589
19591
10612
2794
9983
6434
33320
18128
13667
21593
8028
37474
31797
25612
18214
32107
26796
20296
96
24138
2238
1649
2131
25687
23585
8391
11896
38052
4461
14040
9719
12713
10886
16892
27879
28222
17262
20341
33147
6862
33543
26195
35909
37995
26167
1460
6800
36134
29499
4753
10082
2331
20774
31650
23176
27498
10919
12588
8588
38425
32515
29404
9232
37289
20469
37728
7135
17559
23044
9563
25981
12271
37775
12915
34994
15149
32335
30683
35312
34
11116
22856
24918
38416
15086
15342
80
14029
30904
27137
7805
35834
16931
21006
14697
23644
3425
2676
36420
29322
36231
19926
20232
26660
8341
28355
3233
14690
17588
22567
13454
32742
36910
9788
26176
13198
13817
34354
17888
21130
5603
3470
38772
30128
25036
9973
31318
22320
33715
19142
8147
37135
2321
38527
14769
19971
19254
32403
33546
9340
1048
27716
19085
9374
15307
1037
1453
14878
25808
22668
34623
31138
13902
3424
3585
25086
23433
5207
19017
29048
14731
5245
23986
29265
27414
20769
22151
13699
23073
30957
9819
14696
38268
1111
12423
20185
28358
20770
18035
14881
30408
5350
7388
32929
7831
34832
32177
1042
30976
10680
38004
31880
15461
3900
31182
1778
10378
8821
10423
25318
30313
33982
22785
9155
12445
5082
29573
17489
38539
20073
36681
20524
26812
19575
1378
33294
19569
29637
38318
31293
16620
18006
27059
37568
1871
22848
15832
15129
1495
37131
9831
6286
3360
10804
23589
18574
7871
34058
18845
21431
19079
24577
16767
21139
22517
9124
13409
29647
37014
20676
13125
17876
8245
16397
6740
4473
38284
3640
28736
11430
24722
2531
23643
35796
22296
38863
33483
6120
32434
27581
3913
38354
4708
27051
4628
1768
15000
19447
36232
37055
21946
21344
37819
10673
25391
6658
4124
34061
346
19970
37628
7836
26658
21365
20023
36737
15554
24575
17450
14054
17600
18521
17003
35777
36238
36947
19198
12667
14779
30427
32268
9942
23012
23101
1405
574
22663
3688
23579
22526
2839
35199
12974
31306
22264
16932
10642
39071
24139
20911
12773
23897
17820
5403
26069
31710
31595
19840
10716
6865
10552
16476
37271
19476
35762
34589
20108
2363
37644
7111
10639
20964
31426
21871
7714
23684
16939
11155
22694
15586
18288
25914
38862
4042
32968
3583
10725
3886
23146
28204
34917
25507
3541
24487
16884
2926
18363
21380
3301
13341
332
1458
8340
5059
18382
10389
37897
29488
29146
28689
14202
35028
28485
25790
24804
31564
31274
25311
13655
7556
38831
17212
19147
4760
28038
33727
9125
24947
38259
1184
38287
18862
12549
10299
10569
19100
6776
27906
15805
14514
28535
35660
20693
19506
27110
13515
28922
23212
31053
28661
20015
35865
25479
3953
30813
36081
15179
5513
38570
10118
27036
8133
18162
5509
35617
11201
21027
29209
21928
7047
3019
1510
3298
7906
21085
30095
3567
21282
28128
17728
12928
30641
35819
20925
34889
25087
8723
6431
14017
28513
1153
25936
11740
17460
35215
21089
10284
35584
17364
1101
9409
8260
36760
31657
14979
18983
18799
25755
8344
9601
34421
3801
35870
5851
15327
31443
13592
9291
13936
32603
32879
37160
30912
4180
29274
20850
5648
31482
17384
21632
37740
4156
4593
21483
35802
25179
16710
31770
36087
14291
38967
21256
9737
29478
23619
12230
37949
21208
35134
19711
22863
13989
15757
20422
4522
19218
30507
37330
21768
30247
21134
4485
22698
3024
37158
12852
19432
33813
2295
16507
27735
14060
1286
22971
11486
19968
36899
4845
11558
5321
1838
4253
11091
35622
2569
8572
17865
27371
22112
26996
21554
30139
11928
30944
14587
8624
28696
9492
25338
7895
3480
32282
3229
28352
4211
7371
29694
7147
28550
21941
10349
23017
280
11912
21087
14918
19834
10954
5797
220
27134
11145
9803
33402
12848
37670
10020
13774
31677
10114
25845
36735
2310
22701
3217
36077
15051
37220
3441
25092
30446
26422
34680
13037
27996
35095
1001
1463
30431
10527
18953
26123
2698
29825
5500
5865
26525
18867
27026
10999
28687
17040
24734
9288
26035
19512
29239
7407
19225
25931
35286
12879
27415
5903
5822
23711
38351
8505
31100
28860
14485
27677
16435
12616
12004
20019
22095
2059
22515
35842
9740
26974
34480
38550
4561
5393
36945
38727
21556
23238
27466
9215
29809
29927
17634
29664
33148
35728
1899
32076
17395
8328
26527
32025
30254
35811
9041
31063
32488
33070
24593
8324
5553
38574
11084
30975
35383
36467
12835
11106
1655
13419
8481
15745
1376
33709
28063
5450
25397
37745
12688
4643
37422
16219
22133
15291
18811
30473
10129
13349
12380
3604
26239
25062
31039
12399
5729
28645
9371
19831
1400
11192
11165
11108
38086
20123
31620
27810
32482
28037
18281
12955
7095
2621
12828
381
26852
38869
34794
16819
18352
36491
5767
20318
31632
24684
30027
28055
16681
10465
1457
38948
19047
2866
29531
8875
24513
18905
14339
19417
20376
2481
10997
14953
34856
1169
1548
29391
31147
7441
18507
29307
23947
24690
1974
24767
14
28497
30872
7196
1657
30192
9683
19187
22609
38015
22215
23022
28122
37660
20059
8490
29555
13005
9212
26882
12079
24672
15248
21516
30173
16878
8068
15207
39111
9354
1868
28511
3435
2824
1535
7158
22354
36311
12303
34063
7487
1830
38109
312
7578
21292
25968
3246
24562
37238
19518
27795
18961
12933
3511
18135
17557
30705
11698
8706
25747
34302
5119
1454
93
19850
5141
34441
33597
13962
91
27738
17302
18270
26723
35456
107
5962
18052
31971
35104
29766
14020
5407
12091
35958
17880
33143
27885
23968
31569
34415
23652
38217
1985
6554
24735
8185
2624
17319
34101
5325
3297
2731
32736
20420
16326
22678
38554
26216
38212
16457
30576
3413
18652
35560
16987
22851
14302
9071
4681
1765
22607
30702
27448
38365
6788
24412
8658
14499
2579
4762
15352
27718
23623
14852
6073
5252
3976
24503
13630
37444
15660
37879
2377
7137
23658
29746
35494
9531
7990
11157
6803
26460
33189
2549
11480
34464
17031
24929
26792
3728
15597
19844
6866
11437
4616
19377
16414
19758
17771
2562
9194
8370
26291
841
24219
17824
9623
4825
25657
33285
29863
30530
22626
6610
34336
18483
32290
20664
12111
1138
3247
37403
33111
21639
14430
2589
15631
33710
28385
22724
2613
23318
9826
3428
22927
13568
28173
20808
7755
15427
22068
18090
17086
35132
36258
11731
4427
15116
27822
6583
4935
35361
7117
32548
22847
16157
5922
29606
14451
7662
12373
25669
17874
38533
11877
6734
27921
21141
6940
30259
29042
36852
1014
24436
34379
24389
3353
37360
1913
25059
28278
22569
16739
1322
12343
25832
670
19133
36600
16470
16588
693
9616
29884
4835
29101
3556
32593
10597
39105
29217
19587
26487
35044
20894
35166
25492
35590
363
16037
38789
27755
447
24675
13641
39100
2009
4139
26138
35922
33517
733
344
9046
27778
16428
35513
32366
30557
25049
26018
38977
17469
2359
22374
36754
31614
4054
16650
8757
36348
24835
18978
33094
1518
16396
30853
18148
16573
10936
33761
31856
22238
8957
29071
10621
38331
27049
36927
2736
4363
4193
2246
6877
5843
33449
27254
28405
29339
24717
248
21403
35538
35317
14477
31121
7054
30831
38219
34851
13866
3954
38813
32764
19898
29888
35101
10932
6668
13098
12926
26832
3558
16448
27167
36118
9664
36857
19982
9939
14845
22803
37215
11709
33265
12328
17993
21696
35304
31629
38951
4934
37965
31692
3537
26537
31419
35467
34654
6155
3007
8079
10388
28139
24166
13784
37777
30772
18788
27474
10961
34321
22066
36423
27431
9634
25241
2012
2570
38003
20225
31664
20095
34380
19074
25239
4092
19102
23905
29725
12314
6460
3101
21537
24170
11786
38207
31187
1667
21154
14147
1505
16652
8565
26824
21025
22938
24038
20405
5310
20473
17510
38076
14473
33413
36964
4232
30464
20985
36478
11587
5887
24336
3924
3593
38125
17166
9717
22138
22086
25066
1174
31040
10386
37931
3010
25512
27130
6110
38672
32327
19714
31731
29168
38085
30777
21907
38449
19111
33340
19627
31371
3734
33910
12298
6506
3973
1186
4767
14350
18366
37563
11070
31221
8480
8069
3485
19933
19992
14135
26240
10622
13947
7343
38481
10898
6477
10784
1895
20031
35643
11720
5638
7022
35746
18139
8167
10516
22736
36972
34391
21610
10374
34694
24552
24599
22661
4750
34161
10638
1255
21273
11954
35724
20854
31222
5619
32236
24159
34666
22866
13124
32085
14418
11341
32314
26501
10153
6983
5919
14582
34936
34522
10571
23463
31814
7355
12757
14074
36127
36509
3088
28349
28571
31077
2823
30734
24064
36333
25855
3061
5950
26099
28793
9614
28984
22244
17872
15343
3503
16915
12407
12570
28978
3341
38335
3295
12130
21347
38205
25648
6264
97
823
5562
806
37453
20320
24434
28972
2528
29720
30873
8037
21700
35072
8087
25920
36105
22220
13345
35402
7130
16077
1928
32930
3142
31470
11869
567
30474
25884
4764
35872
34598
18076
7088
3326
18519
9828
14465
6773
20146
14938
36501
14082
37447
592
8004
11707
7349
28428
25411
36085
34930
38786
26747
20560
25184
20646
14782
36249
7278
22135
36858
10916
16796
26316
3106
33172
24551
23
27529
34130
21233
18746
8149
5453
20445
11601
26637
21616
14165
37671
5290
31309
33585
31821
28177
1327
26208
34841
35548
34530
32948
37409
26515
22147
8479
21763
27491
11433
27066
8287
6653
30699
31142
25568
37658
32854
28504
13196
19323
20740
34394
12841
2921
35831
13359
23214
25342
33494
15052
21963
25078
18662
16809
35499
37321
601
19384
23144
23419
28175
24215
378
16614
15692
30807
24051
18387
7262
25405
24157
15979
36656
14776
36883
19546
28399
36439
31838
6039
18597
23102
34648
9490
33060
25699
5374
17172
787
6111
33722
36685
21276
18447
2149
15858
8570
4017
16324
14185
7335
34363
36490
25906
32631
18685
20449
23190
3499
26215
38695
33705
31125
22127
6392
12694
34075
18768
12758
31353
33145
34511
27894
12957
27090
34759
2500
24180
16042
6158
2602
7433
20938
2471
37630
22290
38601
829
18639
34822
23092
11207
18241
24229
33428
18232
9200
21501
37984
11018
20751
16788
32300
2913
14596
37721
31735
28827
5944
36659
19896
9459
22062
16808
14707
20215
38080
494
11947
23355
311
15669
35727
12562
1439
36103
3314
22270
3023
11576
10435
17410
1216
15074
26543
34467
32182
17928
10799
25374
5365
33636
21285
16084
32935
31924
38410
7985
6736
8899
39088
22077
7892
26854
34792
36581
32241
7132
17076
26349
7076
1776
35678
12817
29203
30379
10405
9093
4699
37198
7910
6484
6409
22756
18386
31606
2459
32936
27758
8374
29524
329
20110
32924
17032
11440
4899
9953
5437
7452
168
21356
4079
36805
24201
12989
36076
34000
11402
38095
30956
9128
608
30754
36885
22984
3469
8521
14847
31874
24340
9285
22997
24849
35129
23099
11274
27307
12947
28679
38642
11009
5386
13121
22035
492
3041
19288
13583
1301
36825
3075
16698
28300
26221
11525
9639
13896
30088
1133
11574
12863
28911
1024
116
11004
8861
11782
36808
29270
27037
13955
30211
32345
14837
29513
25637
38241
35828
1163
29200
29496
14476
986
35068
1939
30367
9173
12568
809
37237
20839
6572
11478
25710
5044
1249
26618
1792
35149
17081
9680
27537
31148
17997
29225
29920
19391
14159
10463
9240
20006
9899
7466
32256
18780
33463
7203
25356
36395
11772
11881
33607
19325
19042
17411
22965
28552
16202
29412
387
2280
10219
29536
12394
25622
10187
34882
38614
24502
24208
4229
5132
31987
7651
21549
11249
23275
8507
8155
19124
61
13492
20977
22168
3971
316
4383
5375
12279
18783
3789
35412
24428
3616
5337
31973
19312
16600
15088
28694
24198
27288
14605
14814
38075
36598
13435
32675
31265
17121
36612
12700
25572
20086
31
612
21147
16899
32472
19654
9494
36487
19757
29333
8204
26202
29383
7670
4031
37262
23681
4301
28969
10878
318
13531
25497
34576
17056
19499
37750
17000
25455
13798
1175
968
20356
16837
23383
7869
18044
15329
35967
33416
32508
21462
22995
20899
34888
32525
30539
4393
2097
25821
13511
31778
27
9239
31974
14273
34416
19756
9853
32450
8712
865
15409
7183
29625
15362
6621
19656
5001
10324
34750
38699
13700
8719
20958
18909
32129
11887
26156
2269
28427
37622
25253
22070
36027
3173
31883
4297
27398
26054
5293
20622
7281
34582
33664
28724
3698
34599
13717
16985
32270
19283
33451
31119
25804
3319
2902
35031
746
1743
26838
36224
31078
8739
10133
37325
27549
13605
2200
18550
4712
11028
21800
5344
17378
14228
34301
21524
28491
32248
10884
12094
10568
37604
31683
20842
12421
30871
6119
3214
13490
31166
1764
30484
14869
13614
15996
37570
4009
33072
12316
20275
7098
14510
18179
9567
34717
259
33882
20392
31108
32835
15801
20681
37263
31985
36869
17478
12539
5174
1130
31448
39095
14470
33883
28864
10426
15198
11279
22144
17946
1247
20357
30951
12403
36679
24760
15973
33692
4289
35480
26762
9259
13878
25975
4397
28168
37067
10327
23954
16671
7080
32225
35608
4373
25993
33514
24611
6190
6869
28408
13849
4269
28439
17773
22018
12867
10488
32503
30640
30903
3340
24731
18246
38029
6594
28480
28889
17925
1993
25258
22052
8797
19394
18014
10582
19673
26947
16735
20072
16958
35797
30433
6857
14087
4552
38514
7720
31316
18680
4892
29758
38308
29819
38641
30270
10181
33372
16862
24106
38520
22706
3243
1882
30330
14810
16981
20460
16562
12512
14599
25741
39034
28451
23691
8947
19036
29495
33391
16755
11275
36163
34026
22200
16379
20489
18394
6343
31067
34205
29111
38413
28040
25439
6116
13619
1812
24880
36034
13347
25190
29357
21590
27444
30355
14140
37544
30560
5818
26962
25774
21122
21202
11755
29058
2923
16475
19806
27686
32471
17721
36596
38696
6186
23178
25298
23903
13172
24217
26363
12953
11555
18877
28992
34429
32399
34344
38866
4809
32700
25232
3862
4598
18081
27580
18129
1584
8532
21237
29696
18118
17569
16368
19619
16087
38921
6537
20074
12217
19698
7338
29361
10864
9360
34795
32842
38559
29730
24990
14843
17814
3510
31005
14778
25107
16017
5160
34093
7363
5772
10507
15469
11776
32667
9555
14506
30273
26711
36385
19037
21446
9457
20593
30157
26193
24504
23171
15795
8981
3866
34660
24045
18132
12698
20735
39060
14903
32481
30066
14976
33417
35995
26548
8089
29510
37641
6168
34734
30524
39018
19922
30675
26518
9625
38911
12786
8590
27630
26942
23066
27035
6055
34932
37400
32287
18370
37587
37256
2241
24803
10325
5287
6742
34529
757
36209
9450
22352
18682
21948
11550
24572
23132
31823
18392
300
29895
29337
34810
11533
35628
8353
35279
20260
2542
15284
18787
38079
19505
26095
36922
24980
674
26268
5457
36845
7867
5051
22933
21654
6961
27838
16606
10938
16913
32911
20018
38851
19372
28107
206
10827
23958
26039
26245
18395
20440
12520
1065
4703
8811
26160
29642
32441
18926
22190
33554
38290
17063
22592
9408
36940
28526
22057
33250
18491
31539
34935
20385
35182
6213
17516
20857
23879
3062
14959
32565
4967
13821
31011
31935
4609
5505
33756
35827
28507
20135
24317
1360
25996
28244
2422
38201
6858
11441
20902
34691
23285
7973
8070
8802
34253
14428
20191
33696
3120
10877
19973
14374
20677
34150
19067
17848
37143
37719
37113
7461
35864
29356
24357
37711
38073
31625
29362
37530
11783
8831
30671
10535
26506
19540
16526
20666
24269
23839
25471
9084
26313
15891
32186
26599
32228
31144
29180
36390
31979
37500
21118
10917
12823
12049
18546
36563
13159
24390
34574
7140
931
22300
22930
32118
19411
9553
29788
27272
11498
34542
35239
31175
18198
22392
18670
21210
4284
23160
846
13405
30331
9993
6479
8683
6210
20039
13907
22996
33229
16790
20921
5408
7661
10518
37346
37689
15371
34264
7976
33667
28666
5092
10478
27258
29780
25789
35874
20982
13892
8371
19427
23172
28187
17265
29687
7429
26903
291
36728
19646
11903
38256
12251
13544
24798
34218
35110
28612
10040
8535
21984
25257
22191
35607
38093
23822
6952
35881
7346
32886
3282
4649
9163
13077
23314
4591
5060
16335
11363
11210
19301
14894
34858
1022
5565
7853
29471
19455
37706
24451
27450
36194
28647
36992
16365
8310
23602
12702
8138
15251
31350
5558
9599
18706
29591
8575
9980
19527
29640
13835
14633
29479
31008
5126
7261
13942
31538
22388
12621
6058
35968
410
3104
298
12542
11557
27135
86
13658
26608
27717
21594
4839
17491
20599
7389
18377
27783
20488
25725
34665
6516
24131
2050
3505
8880
27805
10336
36650
24967
18875
32015
2089
27159
3906
8304
35882
30631
29905
35441
34476
17430
21509
24363
9455
8715
38575
12072
35785
38215
22148
17323
6472
34898
32348
33878
19946
17521
37538
36511
26428
7064
4390
25519
1468
18390
22274
3597
31372
11566
34708
9975
30083
38462
35581
2023
33282
23237
12296
23448
29954
17338
9552
7463
19526
32176
30177
35419
11512
23567
38005
7506
32689
31730
6784
38
24135
23032
21939
28044
11001
4270
14824
12330
11306
10737
5204
28450
18204
23310
33876
21757
34360
24995
4884
35338
4362
29922
23682
33453
31679
23852
18660
17329
32213
27147
26434
6273
22887
29351
17752
18856
1637
27341
2279
996
24746
33927
12623
9811
35495
39116
27460
19266
37155
36777
17336
35181
6339
30730
8566
28920
26954
11203
33287
4834
1598
25934
24481
4278
12145
14618
34547
17372
14940
38091
6831
32224
23731
15458
21693
11037
19865
26034
33420
8192
38897
2223
18200
27664
24747
18272
11661
23577
25514
26698
23179
11612
11568
14819
38105
32154
18152
9659
928
36893
31546
16120
19452
8728
1008
24003
17724
33967
34953
10059
3337
5495
1264
28691
16121
19024
16494
30374
22178
36604
1342
2317
8152
13548
7885
20316
23003
20724
23618
10138
1015
22778
6268
30202
30236
18813
27313
28470
28786
27952
12693
37072
31725
36324
2284
15840
29861
30283
262
31702
22735
3952
5683
25799
30523
37278
17793
5041
10472
24122
17804
38224
9896
10375
5045
24343
31503
32018
55
25677
2680
35260
1937
16643
5673
35436
22994
8096
26529
26555
22757
37969
12830
15137
5696
15921
38330
1451
8422
7075
17829
32279
4163
38944
5514
4984
28774
28310
18740
27650
38459
32663
13086
21044
10447
13261
21645
34263
28253
22924
21217
33020
10485
21064
10163
37492
18568
33553
18523
9602
11655
37655
39082
8311
9645
10855
11034
2688
29584
5363
35070
1530
24295
15976
27877
11010
6851
20442
9959
1777
34753
21772
31026
20269
28030
6422
16519
22136
31486
23795
35206
10811
38317
25114
29422
21924
26850
14701
18365
3694
31202
1906
2228
13136
19379
23294
7392
37896
1261
3140
4274
36783
32159
5039
31229
26798
33729
32277
5736
26066
22169
565
8539
10953
20760
25727
20806
8984
4867
8278
3042
37848
17362
28441
5885
21422
10448
37431
17367
31176
14274
18659
18305
10888
3384
24366
13876
14626
36515
31047
14698
13474
3212
13287
19731
3706
20767
231
32953
2015
30372
35002
30727
5226
6269
22093
35109
25170
26493
362
12437
29882
9549
20005
8380
24528
32660
20208
6781
25795
27714
20947
16651
10550
38912
11016
26545
16795
14866
18869
36054
24609
23325
9094
10148
32626
30870
22232
3959
36660
22067
16900
13556
21534
20290
10319
3363
27663
6755
25670
7779
2922
13922
32120
19091
11328
21669
36662
6922
16296
6436
26480
38043
33255
605
24560
29925
2242
19822
12386
13596
18879
24464
37590
25025
878
4063
7644
17475
9364
11835
13001
14927
6205
2340
3568
34184
10525
11089
31686
12666
22700
37548
27693
22524
35692
24299
28754
31895
36268
12349
290
13828
2944
7656
28785
32052
22951
10315
4465
13382
7916
22802
17451
24224
27853
30511
37387
24060
3569
23740
22304
19134
36474
1825
14063
17344
26763
16684
18672
14110
38803
22564
30212
5533
9881
35843
2004
24377
19582
14298
27896
34279
836
34082
21211
358
7359
14058
14842
25316
38145
15234
37838
36364
6937
26973
28065
36450
19574
33789
9353
16474
33268
20580
4801
21127
26290
31628
35509
3278
7496
3933
20153
15430
9778
13558
18153
23761
22241
12206
19360
34343
14575
6613
35146
13813
30400
13748
31748
15486
5716
21630
14149
23316
39027
15515
34894
34283
19441
17834
36545
30657
21104
35994
18621
27221
3751
12482
28130
6641
35894
33412
10055
26910
10533
4626
10404
34784
6047
886
19990
27116
28460
27943
22123
22302
3423
26005
31817
22838
19663
35971
35047
16046
13145
1240
27040
30554
36089
3378
17616
29444
35321
18343
10741
31543
38700
13147
9967
30510
23396
26589
9885
35432
1607
14913
5318
15104
20214
6561
2949
26839
18105
35517
18123
21775
10790
29358
29320
36165
38115
37877
27287
2010
29219
27652
36842
20085
9745
8118
34303
29575
4002
24453
14905
32539
31570
8680
33323
26737
14032
16823
32798
26785
9312
38876
19022
35871
15367
32207
4553
32560
1608
16945
30158
9391
20036
81
6991
2646
13939
980
20402
32514
7873
24633
10541
9907
6571
21560
5199
33830
14885
18710
34812
15925
22577
15365
21701
4799
29057
9726
28773
15867
23398
24501
28299
26146
807
14528
27027
9698
11141
2191
11644
37236
19943
19749
37892
20614
36251
2006
8148
19489
37763
36338
22990
4344
26329
9635
4328
25373
17124
12172
35849
39025
2614
32005
8860
8950
36073
33741
16325
26684
31177
18796
23306
35372
8398
38467
27383
9626
728
29125
29635
14909
20521
5735
13053
18627
30496
20041
30940
1691
22598
14174
23531
9218
8112
17476
37475
38990
27591
10769
34225
15420
29596
33734
32788
28360
30442
27408
8099
21703
4013
29731
5282
3430
273
2963
22902
18492
26272
30053
26498
15579
36772
22038
28496
33343
2474
7522
18161
8029
21123
17869
20406
23604
38260
1248
23205
21171
2851
13979
34043
10070
2013
36951
18684
30859
22223
32855
20432
18431
25461
29266
37184
36525
14077
11343
7378
36430
21329
26343
28024
14036
16719
8215
16025
21638
21486
23695
5835
17571
33099
3117
34444
16749
31360
33874
32249
26084
24253
31481
18578
19492
9588
16707
39033
23873
31826
4502
19706
12166
11248
23459
17606
33338
29840
21691
1349
15410
4768
37620
16527
10690
18159
28237
16197
28522
23404
22117
31764
4120
24493
25162
8974
6777
950
1647
36664
36337
26236
13635
15822
16746
32785
1707
21614
35278
20989
29369
546
28402
11548
12980
3867
15272
14424
18764
31420
11391
24470
4204
24985
11271
29480
20082
27056
20674
35230
10208
30341
29037
28270
35638
12302
25401
1193
37598
31021
18008
1927
15503
13254
35950
37417
7092
28301
32284
17492
6342
12884
30644
13412
25729
15774
5908
30628
38819
12946
29936
9694
9765
33600
29185
8066
204
37416
3552
5106
5996
31384
13165
22608
10164
18592
3473
27105
24457
6670
22358
24355
33466
25277
1934
4725
37562
34053
13032
26207
16940
11867
478
36314
30695
14593
25430
14245
11166
30704
1662
32013
21382
3821
7052
36981
32179
8207
5675
19846
12452
32016
13649
21929
19664
3961
2261
35366
15517
2270
34168
6801
16398
13661
13581
22945
10727
7931
20637
132
31577
27955
10555
34886
18471
25792
33827
17498
24911
12872
13941
19392
38094
20200
10796
35698
5455
2865
36701
19183
37068
24658
31587
29705
14498
27087
5601
23496
9834
12301
29525
1393
14066
7114
21756
27762
3680
8862
2660
35699
7217
9171
2072
12048
9569
23776
29069
33165
7220
32166
2462
33622
24282
11099
35133
32430
31919
33610
34406
38397
33618
34014
1047
11339
19648
12585
12986
25280
16133
15357
29445
26178
32546
237
4315
30120
36222
19012
18904
36554
15239
21931
24077
34017
8737
15928
7274
24539
19260
10091
8067
37266
13763
1338
30565
15319
5359
7730
7537
2189
25890
14549
3313
20687
2972
7424
35168
9795
24705
38555
8593
16284
5764
15243
9149
10368
32437
5331
23996
11109
522
23206
10301
33162
37425
38292
12522
1568
16204
15799
7420
15128
23671
20881
31578
13529
27006
23749
27824
16928
17922
14604
35717
21294
27144
16209
2195
28026
16891
33010
9822
37115
10034
11914
1023
2555
30653
28896
6700
5786
6644
34716
31115
11909
12839
7044
30955
36881
13234
20071
10863
16993
7414
17688
30380
6748
6324
13854
33814
16482
18228
3882
5998
21262
10738
22472
19504
21847
4283
27839
13446
24843
9879
38828
14669
15775
28747
19294
1570
26264
22904
1117
12360
32809
34277
23493
12062
13130
24912
2503
1028
22444
4150
25361
16718
37356
25234
30349
34359
32480
11988
22286
12416
3540
19035
6336
36026
27866
25901
21351
20241
27986
14316
17570
710
3650
13113
12426
1106
9709
6316
12992
10979
22020
6768
27088
24071
31158
6415
10088
27372
35703
21640
22044
3701
3551
10221
26165
16489
9571
13642
25508
32599
37625
10227
38348
2306
10395
16675
4747
22580
29149
14413
14310
12925
15484
20825
35052
29147
15830
26032
28199
26590
18532
26026
1918
30522
8920
15014
12745
14665
36861
35512
13364
37882
21682
37036
7678
13127
8649
36308
2160
14524
12178
35496
7234
17122
31519
16504
30854
3494
24183
2387
12292
30570
17051
4985
12896
28271
18117
32942
2339
32065
25423
15947
36297
13424
20547
31242
32837
35564
3800
32815
37612
32536
18292
20624
30965
13745
10033
9098
26454
15171
23828
29433
15181
34650
38391
31812
2292
18644
37216
30578
16403
36453
36710
28719
14049
18475
14714
32845
33212
18889
5779
35543
30368
27146
30851
911
28544
13538
8154
8417
15987
7421
33434
24669
27933
16706
14718
22845
11724
15814
20310
33812
26549
15227
17770
3914
8475
32867
20165
13140
38597
33362
27108
37322
3752
11768
11032
36116
3581
22287
25683
10234
13541
32009
38775
27696
37581
9703
7297
32759
10786
35786
26901
4482
17391
33742
23033
33330
16879
23702
26397
34330
3066
14125
24978
224
3544
20371
19280
39045
22355
21932
29799
34252
21440
10994
15351
32417
11688
38880
32360
30613
21567
15154
12945
19923
19328
25984
22709
5623
14911
17420
975
14651
9901
2712
25511
1613
38620
4428
9590
6412
7246
29522
33350
13338
8032
11246
13195
6758
24591
7173
9817
3274
21186
18616
35940
5133
20508
9503
38585
31428
25742
4136
9933
3128
22431
6916
24113
23112
438
19346
1971
23534
799
33009
24450
31155
10810
34947
9366
28508
35689
21213
3148
23764
17347
35536
12670
37125
4291
31354
21573
2303
35685
15696
5030
6821
3891
36005
11652
10779
19038
14061
3457
5458
32175
30753
8695
7233
21787
8743
11006
12269
14988
8031
17772
18323
22530
4380
26030
24678
2030
4908
35469
31492
5089
38689
10441
19576
134
1418
23435
12299
17111
4944
28198
13387
12722
16610
5633
7282
16008
6992
16528
1082
37661
7848
13760
34211
33008
7119
20224
34546
3810
6218
8453
32371
5103
27208
14124
4119
4203
38498
30463
29070
21295
2713
37283
21576
17293
2791
31095
32505
33253
1854
16758
5165
6747
30198
29544
7521
36609
25693
6566
25690
17867
23191
29864
7474
13163
25665
33261
3679
15693
30432
12746
30869
21722
15600
24206
29064
17518
5123
26260
14131
3311
23584
29568
8517
34899
19433
31715
26131
38254
38103
31349
7464
36736
23344
12998
36451
25588
12930
38344
10230
37027
35045
36272
31363
32552
37045
18290
4560
38957
5725
26327
34329
33408
14703
6417
6182
23224
33315
23617
31878
23087
36896
9027
1389
28761
29560
18217
26631
27250
35192
31396
29738
27079
35753
33038
32909
37611
36143
7478
32406
11717
22878
7072
10687
4749
37755
23854
23559
2043
960
25197
468
9462
15624
14139
26166
19878
35334
10781
2976
24012
35291
37001
7677
27201
35088
4694
20358
9496
35241
848
20954
33798
4603
12814
10464
23709
38556
33866
17651
23989
682
5465
26673
24820
11624
2227
7739
19242
5462
14306
11485
6003
38271
4003
28602
2974
5844
11742
30810
25026
1211
23341
10862
10396
36686
32160
18705
2336
15054
8784
3244
17579
18927
5831
37293
25630
23453
14108
2150
25285
15007
26987
29778
30632
10170
4907
32940
37235
30320
391
18956
38674
38846
10803
11853
13081
3067
30282
32712
31756
9928
964
34887
34046
2780
1853
20553
31863
6030
13520
9789
15447
17002
21369
20934
39054
20499
35769
16131
31831
21149
32912
38744
23105
34442
11509
4897
26696
8977
3710
20742
26944
22744
32919
33611
19267
2423
36471
18562
36316
25296
14336
35740
10875
3682
26591
36148
37390
38316
29113
7264
20746
11442
11011
12420
29983
37344
5231
6099
2155
22129
7126
19449
17244
33381
34818
12711
34532
6334
19450
37353
26564
24301
19279
8849
21873
8416
18743
24565
38927
27527
9420
36250
34633
11598
2076
1654
26621
20027
18172
12080
7523
8362
33459
33662
11528
32271
5357
34857
7933
25822
11633
14099
26355
6815
22903
9753
5475
7951
21923
19274
32340
18185
18222
31882
23484
20895
20263
21539
34580
16434
8251
20668
26082
16597
1285
23554
2775
21249
28214
19855
27643
15049
33327
29276
21056
23478
25905
32353
29643
2217
4186
29679
21854
31473
31800
9938
24049
22738
127
24090
9821
20182
34975
31139
28947
35931
12581
37119
32053
34087
19991
32559
24574
7648
9245
35725
17181
4384
32648
7271
3
26003
34028
29398
3898
17803
19739
508
20145
36864
37852
35117
20503
10095
26712
19043
7413
9066
7738
6727
28783
32883
2793
31574
24044
11148
28389
22780
17568
10905
200
8384
32261
9223
15815
18046
13329
12359
16175
20438
10497
25949
25447
36211
1090
28784
21346
21481
12885
29952
16649
25876
2630
15401
15877
6000
36104
27914
22383
27949
10679
24530
1609
12215
29258
19431
28035
31749
6795
30991
6248
20439
33068
20568
28223
34146
14785
28077
25950
13041
19120
8156
21360
9042
123
15981
29507
27085
8578
6505
6673
36360
36154
8072
32257
156
35651
1713
34683
25412
31771
34950
32489
443
26086
34504
24245
36949
20104
37932
22755
9047
35403
29703
33575
24347
31325
35886
32556
19617
9307
1588
16446
28680
5991
23657
14631
965
28326
23724
14118
13036
38432
28665
22730
14611
31273
38272
7900
33446
13353
33929
12128
21257
15477
19006
15048
25056
25140
6309
28714
5111
12899
6873
8587
31211
11723
30883
8959
13110
35170
10318
17830
21156
37524
15501
6529
7187
2488
7665
33334
17658
33936
630
8943
14275
3391
9960
30508
10820
24646
7239
27658
2738
23486
12184
25652
8614
19097
35559
9766
14797
13095
31185
7456
37900
4227
21621
7631
23196
31069
7410
5737
27509
21267
18829
16916
15187
37649
11423
32915
11224
8460
23784
17479
28225
12212
32990
19605
23515
28668
20726
9357
29434
22813
37054
38924
37950
18209
27674
27639
19092
21067
12055
15728
15213
11938
22574
19087
34931
17445
33924
33556
31522
38487
9898
21507
33528
594
24207
34060
19010
11882
3159
36466
37284
8092
38936
5777
32184
17223
23532
9235
38108
23402
21525
28727
19412
35476
12791
30059
37847
5827
19645
2697
24693
9476
37983
36239
9736
38754
1700
30842
20349
8548
36875
19671
9210
10992
4481
16579
29976
20458
22900
21201
2360
19403
9398
495
6307
19138
3791
214
20069
19836
14353
24865
25487
29230
1232
732
9080
32021
36677
28
34424
38812
29030
35506
764
31517
9018
32698
2538
34469
32164
16802
30458
32786
4646
8586
27893
3286
306
31765
6429
1070
22257
11405
3057
10691
22632
11891
32882
7102
1695
6246
11773
36970
31688
827
18739
30373
27536
9543
11418
21317
36012
17113
33564
22110
26633
9460
23783
12540
12569
8869
11107
13591
6183
8437
493
10099
46
22378
305
16498
11506
4034
12951
16963
3661
6371
343
1872
162
33956
4503
17879
37292
11314
7511
2136
3304
17692
28475
12026
23352
761
36814
18192
33518
13713
35256
7193
18299
36601
38496
24571
36014
38009
131
10677
16407
34991
34540
13010
29137
7750
17007
20367
28688
14987
4371
6089
37290
6535
4154
15850
34319
10708
17237
24957
30020
32308
3409
1331
32866
28472
26753
25686
2892
4962
4997
36546
8513
13736
20189
9537
32708
36823
6317
24745
5014
1680
27704
7071
4571
6443
22467
1246
5146
17028
34134
4300
37214
7368
4765
3330
4688
12432
3189
1953
3176
14459
4812
