263
12117
8306
22095
29687
22610
18319
21648
4631
28152
22337
21515
17439
16276
4794
5789
33756
35027
38250
4366
23073
2370
14819
10274
19920
5854
30580
27788
19637
19276
23033
27390
11124
10257
13565
10910
11415
34467
13891
24714
18883
16581
12642
19451
18531
13957
10544
19797
10575
4554
1677
21786
28927
410
1585
29265
27857
18249
23018
16164
9972
16052
34928
4531
28661
12470
7371
15484
21470
34567
30625
30596
1591
36
4571
2980
25286
3150
13584
38650
33255
36705
32397
1694
25439
18941
21582
13524
2997
33424
27791
28122
22363
4312
29969
19518
22088
2610
17672
19689
31880
34294
18561
22276
30342
17846
2881
6844
8932
8032
36564
30164
12592
20372
38987
29170
1132
30168
26890
17694
4061
37083
17593
12029
11418
14504
4825
8370
29113
17900
21048
2543
31838
8353
2969
24754
4248
31502
4776
21347
22571
13058
1890
13337
10492
8264
19982
34313
15608
25933
36487
26952
16488
18583
3243
20847
4027
9121
26392
38493
1271
38052
35411
4839
386
28271
33946
33528
30540
22515
11494
34684
21127
2084
27961
16197
25945
23307
32712
2604
32477
29448
6518
13627
8196
29064
22377
7937
28360
13954
30597
10708
33269
13120
30725
19236
34445
22289
34811
18296
18930
21732
4189
29944
18138
11694
15828
10638
23860
2946
39087
5377
36378
11055
6181
3770
27798
10126
29509
20275
21404
4616
2609
6309
12398
18967
36600
4060
4157
25337
37876
6742
25497
9668
32129
22767
30582
18569
36317
12279
13305
0
29207
457
19794
17842
11620
1571
10570
30939
1693
668
34215
2683
20797
22873
20155
14044
29192
2903
16412
24740
1521
16265
25900
18981
31707
10484
34020
17203
35278
5131
5307
22765
24007
9969
22038
33040
14868
17190
23626
25259
17257
18279
21801
33972
21562
2750
29275
5290
3053
6231
2736
12116
31239
7289
38376
12293
22616
21182
6716
12011
34175
18635
16263
11711
3608
1487
5228
23215
1405
13329
12977
4897
22401
27559
5467
2456
23556
37
14391
14
15380
29700
12805
25076
15883
31138
27313
33808
36241
36684
3751
5217
16035
19447
9564
1250
35509
18760
18065
3436
23078
4121
32162
6854
34785
19300
5623
37195
12852
9677
9609
15954
19301
6911
3280
20765
12846
28301
13642
21718
5294
5010
7967
27100
36266
10810
14738
7713
26678
8470
30523
32299
7857
4734
11442
17539
18264
7416
16439
18068
18216
11169
29624
8316
34597
8686
9842
11705
7926
1867
29667
10623
2246
24696
26352
11853
38853
11229
8347
32652
9151
546
13517
34933
29585
3439
38301
20858
24738
858
7478
20945
3039
7979
24618
10659
15218
13390
24195
170
29551
16643
12296
37263
31821
22041
32259
1137
21954
34491
8623
7089
19575
11289
17936
12869
17785
34193
13514
28528
24017
5727
17390
13230
14450
29289
38715
19197
34907
14473
26332
2404
6081
5889
34144
33466
10703
26675
4446
33960
32465
32981
25728
23233
8210
8650
28791
32746
23970
4675
17473
31800
35384
873
29565
30024
15677
34085
33888
8591
34055
36659
22204
12409
34046
30401
38277
22212
6143
31885
14508
4588
12840
2410
12240
13581
38099
13227
6916
17804
2917
1402
23371
32656
710
11654
18945
1463
22991
35408
39039
8052
17739
27987
38281
19718
35227
37147
25838
37754
9896
16034
16682
38096
18523
17185
32963
15154
26565
12496
25361
23249
23795
20584
6350
38148
4566
28732
30870
2594
6039
16900
2122
27984
14483
4317
4082
32530
14282
22810
8771
38137
12460
21855
35481
11516
29226
23352
24459
5749
8859
26219
15473
3796
38736
25251
25629
2529
30819
33461
6284
28578
2746
4704
12498
23718
23303
28059
7376
19943
34707
12049
23209
35281
25120
6678
36401
2933
35706
6842
16104
6625
16726
28378
9181
18958
23296
9268
23935
34974
6230
33472
10828
24597
13290
2222
37660
5196
26528
14390
17264
37353
4779
28236
25427
25917
29720
32300
4533
18971
19551
12664
9045
24976
32464
37693
15326
23074
29437
5966
18828
13076
26432
10316
3919
35566
32872
274
34960
3113
32871
32978
34220
24208
38607
16064
904
5136
7275
28733
24024
4534
34228
31996
21247
12698
20489
24397
32409
25393
8496
25612
8538
32311
28284
4073
9882
6280
13379
18354
397
23399
27562
17422
28036
7176
32889
5925
17114
8788
34545
27094
13210
11518
28890
8381
21926
6649
26284
20216
19230
31839
31315
28736
32443
34603
3584
4622
18521
8468
21955
27198
33357
29011
2450
38203
22513
8882
24532
12884
3778
5488
37003
36531
10862
32875
8965
36741
26367
27903
5134
2894
31705
34393
13993
30601
10041
19049
21521
20879
8586
16357
5521
28198
35
16959
9017
18720
23251
6922
14415
31799
6814
37687
21112
37275
30
4559
36237
31453
28156
35382
20206
13878
8935
10546
32368
26614
22670
16481
15061
18863
6384
13675
29247
22475
14030
12868
34143
33095
33863
33286
3203
37043
17778
31374
18056
37678
9179
2135
28840
38484
29212
19168
2753
22369
29892
27549
17155
35449
2541
22054
2717
35247
24709
2372
796
31852
3783
10556
25990
16882
23309
1789
8607
2629
5753
6908
1825
21715
36706
38309
9044
2896
26513
27878
19780
16454
37674
38287
3656
32365
20001
855
34251
36805
16899
37851
29724
38350
2751
21534
33456
35169
10582
5314
31951
23363
33025
28657
15988
10849
30243
21542
15175
11552
15843
14430
14695
12787
11759
16799
33624
9580
21751
21346
26602
4871
18951
1213
35924
6004
22792
23155
8335
10312
25820
17318
22538
18705
28749
17499
1464
21023
11072
31532
15407
32830
16455
34568
10220
19283
1824
15792
38171
20062
35293
26706
32741
9081
26717
14505
14808
28507
6817
15072
10540
755
15282
36519
29690
10654
33988
20996
17967
15398
20924
10967
3798
32536
27140
3505
38331
39021
18185
4049
34268
16208
18460
6823
4105
33571
27356
27713
22383
18790
23488
29463
18674
15427
5866
31729
9358
25389
29167
4146
22059
23433
24173
1229
25333
35295
23768
33219
14300
26550
16766
14903
34580
5068
13807
24418
24128
8456
2293
19765
1754
15703
21103
12855
35452
2094
1497
4013
35776
36377
20806
29834
11313
24854
28461
29559
8648
32099
10146
18381
16794
9560
29082
27849
26424
10460
38032
24038
13193
16331
36946
22322
36093
34099
5407
38514
11360
14173
37117
1156
15296
28278
7248
36200
30311
33398
2345
31565
9656
5906
19010
31236
5785
27245
36257
9010
4553
24592
21813
38242
34876
12268
14471
4640
34735
2469
21205
20985
28063
27502
32776
35784
3159
30084
38799
20676
26973
31338
27514
4394
15505
3456
37199
3049
19211
14151
14746
26848
13211
22374
33531
38842
23305
18940
13246
24631
20868
15793
21263
34156
5300
27071
25359
37714
29885
22819
5199
34212
18743
31653
4525
31029
10486
849
17386
32757
36670
33650
22508
4755
6332
35077
29874
6388
3482
15864
32815
11208
18564
19662
16698
2351
16153
22708
30790
28486
37059
22980
36560
10514
5653
11924
38749
21596
3421
38473
15515
8173
23272
30753
3488
24252
33280
30371
25613
18013
19813
1973
35229
33407
33682
37280
36813
1061
18060
37970
29001
10557
15875
706
36520
3622
12627
30852
26968
8132
36743
36089
1206
30571
6863
27399
29604
6857
15649
27605
15822
38914
31279
29004
10757
20072
9089
30143
10015
9210
28081
4913
18242
22358
12769
36137
33134
36491
32394
20827
17906
22782
12015
28469
5190
33590
27210
93
24666
16436
809
35214
24861
7810
5962
29782
21317
8535
6378
8189
1793
27839
8646
36699
20406
30531
10422
35016
27772
11594
12405
21281
10045
27910
7394
8853
37012
8254
2064
19607
664
3398
7390
7360
34619
28847
18014
18519
30907
6949
35220
23232
16201
35579
33989
6869
18456
36164
19101
34976
35518
25912
2623
22139
4805
7983
36893
18202
31926
19420
9915
23234
11740
26658
32617
15991
17809
9302
32452
9483
12230
19744
21265
33819
6537
20146
25162
1290
20218
24931
4838
29022
18462
30304
4565
7746
13796
30949
8557
14023
2044
36587
4386
27592
3816
32114
8713
21514
16038
22998
7110
10263
2143
32696
28004
16728
6308
18662
4503
8483
24315
26119
12653
21367
23489
598
32058
20918
6492
22028
1150
7919
18907
18447
12308
4024
28941
32030
7642
17309
18177
38276
31026
18803
21678
11320
15666
1449
27344
12132
24603
420
28625
3433
29026
33417
12304
37422
3040
2280
15216
13803
29058
26647
23783
4974
16824
13736
35740
25062
23054
30848
24190
15595
28089
5067
24944
37708
32893
4347
28544
7762
24645
33814
18955
10438
36630
13791
27447
34869
36183
37979
23805
31808
37193
32725
38290
37380
12829
37968
36358
17092
1376
30621
23192
25257
13988
3677
33198
15114
5534
15985
17782
19950
1197
5509
16011
2124
5924
22924
26785
884
25380
35589
18320
32471
22920
12685
29477
1739
12275
11329
29089
11529
35793
26264
32600
28845
7529
31810
25712
22938
32622
27426
37643
3282
21557
30182
24440
92
13389
33392
15089
19731
24699
5267
33867
33237
5168
20840
22324
19550
10351
15364
36542
23746
37728
2040
12603
34789
22191
330
33229
18260
152
8088
9884
29621
13166
12277
28913
12776
8872
2668
10760
24019
30788
35149
23285
28038
6312
39053
14435
32029
31956
14234
27856
2089
35109
9319
8572
33959
2794
32659
6546
12444
36126
33877
8769
22864
2642
27561
2978
4717
26475
26927
5041
28646
38299
17400
13679
37744
12545
9048
17475
37792
6729
36731
1460
30632
6057
18097
32073
32716
37898
5434
28258
36716
142
12053
12689
10869
35106
18409
25009
27521
35143
34350
6344
38432
19821
15088
7835
11908
29173
24557
4034
18667
6891
27084
20301
23542
32575
35540
8083
20618
8622
16908
30430
26870
22651
1480
32595
5189
9691
1356
21572
33235
26560
19062
26960
2321
22796
5239
12353
38238
27290
21633
4415
3990
34812
34003
5313
12334
10793
451
34122
32475
27063
38370
2958
20037
18129
4787
4807
15207
463
8360
39009
1274
371
37952
8854
38983
3503
34283
24541
36375
11032
3642
16920
21449
27988
