3705
4481
751
1482
8193
7247
6411
3519
5984
6278
7556
5927
4976
3469
4950
3351
3569
7687
6835
405
752
5187
6537
205
1666
5320
1845
5045
472
6053
4972
648
3677
2564
1402
7742
4896
660
7507
2733
5399
8346
1186
585
1228
4450
2477
7794
3414
5102
7908
1805
6782
5865
5245
7756
1190
6228
7592
2908
8481
6451
363
1705
8601
2586
3365
1278
259
8577
4353
4959
1245
6702
3472
2831
354
4308
6029
1302
4418
6508
2650
4791
8652
6660
5600
6860
2176
1673
3463
5241
5387
7333
7198
5067
4562
5703
3547
6367
4211
4587
4660
3383
850
6044
3865
7928
15
7977
1121
5201
2939
5775
3160
7195
3239
3422
6381
1706
7703
4909
4035
957
7041
4503
4325
4155
1903
798
5437
3214
8706
3314
178
5168
2326
2208
2675
7551
5966
5916
8183
3061
5139
4411
5299
1384
7356
5544
4485
359
517
1352
6546
1719
8030
3402
343
6847
1071
1636
7091
6717
1894
1741
8140
1496
6605
6355
5000
7252
7291
5014
8528
4970
7704
2202
7773
6106
7375
6876
8745
1376
2591
204
3828
4039
2075
5144
6263
4581
2453
6088
1849
2454
5893
8134
634
4720
1256
4592
613
350
6400
8646
7939
6754
6986
4764
1752
4073
7118
2482
5293
1044
5119
5913
3694
2424
5366
6068
6224
2382
4445
2134
5602
4184
7816
3479
1591
3649
198
8676
7035
8252
6038
1148
3177
6568
7554
3117
3675
378
2064
7206
1800
2209
5047
2980
3797
4544
4709
2549
8629
5458
1641
7879
7259
681
4008
6082
7932
7848
2641
6872
8219
4399
4153
4740
531
1557
1062
4056
4172
6894
7021
6473
6298
1501
1767
902
2118
6718
840
7519
5083
7394
1214
1834
7516
3228
7215
2051
5607
7605
7466
7207
533
3938
2129
504
8530
3304
979
2515
6151
7675
137
758
1354
6821
3809
7196
8185
8468
6866
4266
5705
7586
3911
1144
398
2353
361
6285
2067
1957
8025
4508
3637
8129
2437
8108
5296
1789
2221
2701
1840
7216
8191
7712
627
5739
216
7288
2372
3122
1571
3346
7144
5060
4852
1583
1194
4676
2862
6208
6338
1995
7307
8309
2983
3123
6557
3407
7643
3031
5687
1001
4862
7819
3800
5761
4596
4913
6148
5253
5280
3475
1458
406
5525
7631
592
1668
8100
8364
8300
6174
1700
6694
8780
595
8635
1349
1485
8516
6749
5256
1607
8731
7050
4192
7628
657
692
5084
3108
3885
6809
4719
2840
5664
7697
7255
8303
6460
2141
2866
870
3666
8776
3805
891
6715
4250
526
3522
7493
5203
3075
6015
5918
1048
8073
8043
6634
1322
622
7638
3260
2819
31
5961
1034
4468
4051
7378
422
2559
5112
5973
2590
3708
7744
4032
4734
6243
5696
3356
3662
7874
118
6390
7122
5403
7269
2468
7891
5259
4570
2347
2497
177
381
2521
8697
6958
7103
8489
7337
4700
1653
1084
452
8612
5750
4866
275
6900
905
480
7040
459
141
4985
5145
4580
7236
1037
8061
8754
8053
6482
6097
7857
5688
2884
498
4042
2516
6840
2596
3306
2684
3477
311
2730
5379
6852
929
8395
5207
6953
6144
2244
2823
4324
8008
505
3953
6244
6124
8153
3264
7263
3040
3052
3219
7416
7737
2089
5373
7610
5358
6780
3542
1550
7107
4748
900
8035
8167
5615
3492
7860
4884
8339
4275
6979
4183
2171
5726
3395
755
2026
7381
4387
52
5580
1867
5645
8419
950
6202
3448
3533
6593
6064
2677
4879
2716
6951
5821
1416
8664
213
7160
1578
3560
6461
4414
4657
5035
930
8467
1446
7666
3398
1751
3990
6796
4965
2496
2397
7933
3243
3979
7838
7023
7428
2715
5408
1920
3350
1423
4849
3085
6570
7716
6258
2764
2631
7821
4312
3823
7853
3688
6162
130
6489
5461
6820
7120
1399
867
1826
1560
3613
2048
49
8441
121
1711
4841
5476
8784
880
1904
1396
1111
4020
4147
3145
601
4690
6363
578
5167
417
8772
920
3722
3081
2072
8484
6622
7651
3982
6396
373
1876
6536
4963
8702
1386
5663
2385
1626
7214
7242
7243
6588
7
5502
2328
6016
7669
2720
8301
3028
600
6392
7048
3212
5284
7961
2346
92
140
5996
5488
1939
8106
3752
2640
1465
3097
6456
4139
7278
2824
7872
7328
7660
2243
1928
6785
641
754
6122
3344
7172
7899
7319
4220
4686
4967
2495
5180
4981
2734
3147
8118
8074
6841
4202
1291
3164
7633
1513
3341
6582
5132
1609
1754
443
6366
959
7501
1080
6146
5325
2107
6079
2448
3948
1600
8708
7701
1608
2170
720
5804
2808
7213
2375
1459
1170
3331
2011
5809
6552
314
8059
976
8557
3093
3922
8299
4914
4953
2124
7391
7012
8586
3983
2490
5635
7059
4093
6817
603
4898
4213
7051
5805
7197
4695
7403
7099
6823
544
5652
3801
435
3696
7159
4165
5474
1277
5633
4691
2493
4428
3507
1467
4409
3256
2491
3379
2467
4251
826
8505
1773
7066
4939
2708
2822
3804
3124
4505
2735
5288
8580
4755
5075
1334
582
6786
7720
7685
6907
2550
6448
1559
6514
3933
4345
176
5178
4680
6201
1418
1433
4739
2642
2413
320
3385
6760
1747
7612
3098
5554
5572
3083
3636
5304
7426
6380
1630
4017
5881
8688
1757
3014
7235
7046
3343
7369
6052
3602
2568
2235
5671
4444
7112
5094
1154
3293
4135
3599
2461
5741
4467
6561
5267
7238
6772
2143
7267
3339
5549
686
3501
7676
3180
1590
2117
8126
8245
7694
639
8616
5827
4738
580
2189
2427
7079
8374
390
6790
4097
2774
7968
6967
4348
8757
3876
3338
7709
6042
4877
5452
376
8026
2494
6213
2103
7271
576
451
788
2169
5322
6619
6433
7285
1819
8230
1466
6250
3891
273
1085
5571
8638
5660
5242
7548
3142
3203
2485
5330
7478
5582
7258
2306
775
3280
636
8207
1099
4131
7096
2722
2466
927
2184
6222
4329
4113
3604
5903
116
8404
6646
7897
8321
6509
3165
4352
3773
1794
5541
3622
1827
4434
4765
2420
5733
2331
5397
7289
4013
2551
4628
7930
2317
2635
3366
5860
3943
6284
635
3516
75
8424
4525
764
8323
3995
723
1699
3450
4733
4431
6547
7087
8265
3601
2789
2547
2784
942
6217
2065
4120
4782
3207
8055
1289
2229
4182
2282
6591
6496
2100
5018
4698
2017
6610
3759
8771
3092
8294
5943
4511
4753
3786
8466
2896
1761
2034
2781
7652
4603
2049
626
7326
5880
2622
3988
6574
1790
1872
5087
2131
7158
2440
1183
5662
700
3388
2157
7915
5872
4075
1879
529
5706
8070
2250
541
1026
3561
5640
5010
570
4438
6850
1101
8094
2366
3309
5098
8554
1033
1470
2992
8308
773
4285
6493
3923
2767
8296
4892
4927
6339
3521
6586
1252
3275
8695
4477
5063
1802
1336
2460
6743
5306
3535
8190
3438
1806
7851
7074
5091
4901
1137
6563
8396
3580
8239
8470
7846
3399
2653
693
7496
3396
2970
1538
7155
5879
8281
1984
4037
4195
1725
152
6095
2438
4140
5009
5002
1326
4318
988
1417
960
5888
6577
122
7976
1730
3148
3296
5651
6771
5727
2947
2633
808
2595
3510
5226
5077
5579
7231
113
5305
4999
2371
3916
5344
1771
112
6360
2916
4371
3744
5708
8456
5679
5503
293
2133
1916
5539
1060
2063
5621
1785
374
6102
4649
674
2967
4916
210
3190
3724
7567
309
4255
742
73
4838
7223
6573
4421
7321
4735
7161
4670
559
2949
6874
1477
1541
2811
5073
96
6600
2348
6155
6734
3287
6698
4145
7185
222
7169
6954
7553
1731
1633
6520
6196
154
2593
2096
7407
5919
6268
4306
7521
5501
5642
2394
6970
7679
1989
196
4152
4417
8037
7313
2826
2987
5556
5693
2059
1888
2456
5186
420
4662
3509
1510
664
4575
1539
5832
8226
244
3896
3137
6666
5443
2177
6512
7044
688
2302
2355
1791
7025
3209
822
6352
6672
5250
892
8539
565
1530
4363
894
1141
2268
5170
50
2399
1070
6737
1120
7241
2166
1006
8016
1979
4880
8315
3748
2782
7303
7836
5808
4283
7165
7996
1455
5953
6949
7866
2165
8707
2443
8348
5545
5904
999
23
3456
5378
2101
5495
1588
7163
5273
4781
7470
1564
5599
8581
5070
5134
7409
4393
4245
5868
975
8080
2964
6117
3068
2830
6292
2335
8493
772
7559
2343
3242
6629
1843
5463
5859
3323
4337
7250
1184
6054
2721
4743
7982
842
34
562
4301
918
2942
5650
3484
70
6434
5869
1691
2289
6403
1961
1833
7992
4121
5889
938
7640
6076
7322
2973
3393
1891
985
8653
4377
1619
3555
2404
2557
306
2500
1664
5117
3617
8047
7055
4471
7566
8240
6712
2986
5677
4316
1967
4979
6901
4685
2600
2797
3653
3538
8105
6364
6176
3746
7105
5513
5987
3906
3795
2091
843
1540
7143
6009
7757
2122
7767
1909
3887
7850
4517
6414
6668
7570
1436
6615
7683
4600
5221
2223
5798
4096
3945
4890
7063
5897
7038
4368
5709
8102
1816
1500
7001
5947
6613
7627
6806
2274
2937
1253
623
7659
2258
8503
6862
2966
58
4819
1663
3594
8220
5738
4678
833
3267
2288
7956
8615
3204
4244
568
268
8654
5331
3596
2791
4497
2792
7201
8365
1429
2702
8103
5151
3655
6327
3546
3386
2388
983
5350
1897
317
8051
6405
2076
6645
7474
4646
5567
3681
7710
8714
8442
6236
3968
8469
3071
6519
4419
1968
2393
682
7090
254
4437
5611
6972
3955
8460
3743
4001
6178
7484
7270
4609
809
1457
597
7115
2922
120
1208
5190
2036
7761
3404
2478
7829
7277
4440
5740
7261
1726
5213
573
8623
3493
5074
6890
966
1321
3647
6711
8788
2039
5021
3234
3814
4239
3023
4267
37
2962
3006
823
3337
131
1567
8704
2849
6439
5552
4046
3403
7673
6802
4227
604
928
6114
1814
165
7954
1317
3951
718
6011
2613
7031
728
5121
6576
3996
6040
4586
8777
5142
7430
4564
8491
3281
1739
423
3618
203
1109
1724
6916
4689
4983
4599
6664
1163
1981
1280
66
767
1199
7162
2714
1782
6152
6607
4154
4065
8705
2878
6632
6950
4226
2786
3924
290
2211
56
2513
2524
167
3178
2914
8260
1525
3975
217
2238
3756
5106
1258
6293
2445
650
6865
5528
2749
1932
7936
2121
5308
1251
2739
8497
5108
8681
6193
1882
7205
8012
5109
6270
7985
2793
2284
881
1351
7600
2883
1073
1086
7364
3470
4134
6639
1737
5172
8789
614
2414
5864
8121
184
5095
303
4115
1536
6289
4780
249
2562
2737
4980
4899
3912
3143
8057
6851
1454
5979
6303
4320
7388
5874
3500
7475
4817
8109
3490
5586
4456
5934
6545
2639
2938
4273
5157
1461
6262
5184
1763
4620
3111
2597
1077
6479
7390
7175
7653
8644
3013
948
328
7166
1413
431
3558
3116
1526
8131
2029
1201
7881
8063
584
6291
7842
4248
4731
6992
877
3229
2584
1777
1310
8415
4814
2021
7314
434
8039
1818
421
3881
8637
5281
2041
4287
7494
330
243
2405
3559
4164
8099
3321
4708
8069
6549
5506
3632
7101
4767
3223
5341
2558
847
432
1545
2770
5054
2290
3841
3503
5628
4254
4360
7330
2834
266
2903
2694
572
3109
8064
1288
1886
6133
575
3301
3018
5902
7316
1430
2664
6525
4763
3929
1249
7462
1703
2079
59
1075
1412
1606
4920
7347
8112
6974
346
4591
4452
8347
8529
2798
4323
4205
2534
6971
8232
302
8622
3429
462
8436
5055
4031
5658
1164
807
6885
7173
1634
4474
1279
6966
818
3322
7156
3069
2254
6983
2458
6936
4885
7727
7078
6849
3518
93
3508
7524
6649
4796
2560
7102
6096
5756
7750
7015
4451
2748
2620
1772
7149
1745
2338
7396
6807
2944
3482
8645
5395
5770
6332
5372
1698
8510
2654
1868
6739
8431
1685
7552
817
5901
3741
8538
8605
6169
5323
1566
54
2308
4317
2717
3575
5285
7901
4330
3030
701
6978
6766
3055
6781
3449
1744
768
8781
5724
765
1301
3539
4962
2968
5115
1750
2173
3747
2506
7875
5472
2248
2646
8499
4470
5363
4989
2139
3552
1275
2601
4768
3549
35
1612
8610
489
7941
6725
7637
5921
4565
456
2810
6924
4489
440
8228
4881
1211
6963
7700
7763
2481
1182
1043
3529
379
62
6941
6153
4998
6255
5390
8269
940
189
6139
6566
2032
1736
7274
5243
3515
949
4663
6551
1119
2956
7141
4821
3169
5209
2999
652
6065
3138
5806
6406
2567
6630
7395
4516
8573
1471
3150
4083
4774
2690
7839
5975
2368
4199
1495
4784
4751
987
538
7820
3498
6430
3261
2519
7222
5732
540
7058
7398
7361
1537
4055
3033
300
5118
6463
8633
4820
8082
2991
2778
5892
535
4225
2762
5900
8272
3751
5237
6164
556
8748
5483
721
5531
7575
2232
3390
5812
8367
7595
5212
1638
4123
907
8522
5429
3848
209
3049
6843
5346
7780
5811
7943
5238
1531
1142
8231
8356
312
7657
5352
8768
460
280
6092
2071
6412
2398
669
68
8422
820
6232
8285
8017
2598
1516
2727
6765
1753
3411
4132
2106
921
5944
2817
7858
2291
6154
3485
4645
2303
5831
8641
83
2924
3197
2525
5027
6177
923
8250
8446
8583
523
2492
2307
1205
8600
763
2378
655
7217
993
2108
598
5318
3714
6099
2014
5489
7043
79
1708
6304
8305
3295
2309
7187
5069
3005
5744
4364
1426
1895
3753
6238
6589
2508
6882
5419
3015
4664
5576
5675
7350
7401
6215
7618
8767
8725
2974
4362
5799
1484
7072
301
4577
8192
147
7497
7617
5845
4883
1697
1192
8215
6769
1066
4956
3446
1604
8194
7146
8357
3969
7580
4029
5122
8685
1743
8659
7006
2084
6214
7133
782
3413
2989
743
106
1081
2799
4943
7708
5279
6275
6507
4447
8656
2066
5204
6713
6024
3290
4036
6030
5348
2088
8354
2198
2887
2351
5867
8029
2055
7577
5835
7254
8701
7248
3729
803
8423
1946
27
8764
6527
1535
164
8752
3315
1009
4906
2697
6084
4103
5757
8733
7186
6753
8182
3650
3680
7776
7512
5328
4811
8101
6080
3294
7970
260
973
8385
4453
5778
1554
5965
8227
8561
4297
7568
4730
4955
7309
4617
1244
3817
6357
1058
6803
7264
60
4746
7299
6888
5202
2743
2643
609
8712
7181
3964
3327
644
7702
8345
1113
1878
6560
2147
7190
7151
8576
8427
7919
6861
8098
7555
7909
1716
5354
3727
3074
4713
2804
1682
2955
4027
8366
5745
4222
4378
3772
464
2425
436
1499
2010
6018
1996
6072
1346
4567
2858
7980
996
4085
7775
8710
156
4522
2349
7852
3329
3167
8574
3394
4694
8205
7950
854
5908
1156
1808
3704
888
8738
2682
6104
3832
7969
3460
4614
4869
537
344
1721
735
5232
827
5116
7590
6826
4214
1333
4722
166
7232
1841
2662
8154
8314
3692
951
7619
3012
2572
1019
1388
5365
3880
6227
6087
6921
4328
8435
838
5797
8575
4576
1489
5246
3057
3378
2102
3634
1504
6923
4744
3646
7422
819
6126
5114
954
2040
3582
1015
5680
5842
5162
3939
4759
3113
7265
8295
6166
5644
6134
5129
5179
1068
6337
3776
4535
919
4655
710
5887
7138
161
1381
509
8392
8028
7958
78
4259
6678
7862
1911
4079
7142
4321
2031
709
1720
88
5137
127
493
2585
6792
8550
4212
3047
2864
4319
5529
3798
3640
3831
3888
1605
7295
2383
2917
977
7453
2305
3430
2323
8000
1123
5491
1338
419
3259
6864
139
7060
4582
3639
5828
4228
1492
4724
1372
5217
8689
4652
3263
4124
2264
7835
6707
2771
3300
2407
2205
2647
3452
2256
7336
5839
4623
7564
4016
3652
242
5381
3377
3506
2950
7124
5862
4094
3750
7302
1938
5261
1410
5082
7645
8173
6382
7949
7639
5262
1424
1452
6365
6884
5008
8223
6069
7211
7541
3830
6137
3408
6481
6471
2681
6980
5459
4666
448
577
7010
454
8036
5653
8432
4504
4160
3176
2
2260
1825
7404
2658
175
6683
5388
1128
7224
7522
6693
3026
4314
3195
7335
3981
187
5849
5813
1387
937
1533
402
7583
7304
6581
3171
3318
2415
3730
42
553
3621
4902
3774
4644
8643
1130
4878
1592
2754
7373
4111
6524
2374
1462
6674
1582
8065
497
1124
2696
7036
7089
6447
521
2504
1669
5731
5311
3173
1177
46
1918
6910
1546
4176
5686
5734
3901
8455
8608
4281
1393
4673
5924
7569
5282
2377
1445
3231
8233
2203
4553
6109
6195
1325
274
7296
3586
2667
6310
7273
5481
3733
2800
1036
7966
5929
428
6686
7275
3320
4679
4169
941
3232
5962
4648
4216
5632
2140
6905
8176
7884
6720
8376
4472
2092
4701
3102
4813
7797
3082
1378
3308
6598
8450
1031
699
5041
2839
399
3867
1355
8540
6584
6334
1709
6647
6180
4585
4785
5519
7691
6302
1835
5037
474
85
5982
6791
4675
4291
1740
7300
3889
1908
8718
6996
4462
5537
2360
2432
4380
4555
5031
8669
6776
3584
3781
7219
1601
6221
8274
5174
8327
6426
2387
5523
7342
1869
2599
3957
6533
2062
5715
4760
2247
6008
7514
2451
8426
1172
518
3433
6470
6641
6757
5349
8044
8545
7032
1797
4728
668
4304
445
6653
4189
7604
7423
858
4286
7833
2130
6962
8311
516
6926
4238
5649
6408
678
1674
4495
2019
1807
8589
172
8083
4415
5415
860
1469
7121
4336
3864
5638
3066
5475
6736
6432
1986
3869
8329
8304
6518
5970
1350
3425
134
442
2829
8322
2670
1394
6007
2207
727
2969
4556
5422
5516
6212
4166
2389
491
6205
370
2149
7613
1237
8282
102
6608
3883
4822
4671
8003
2135
1644
4310
8711
4257
4264
4384
6498
4723
1242
708
5876
2941
6569
6502
3818
5730
2660
7656
1092
6467
8555
6118
4439
1848
6763
2442
4369
1292
4932
2190
4626
2963
3930
6485
3499
6315
1503
415
1168
778
3900
6908
2044
1524
5369
804
811
3641
3416
7962
4547
263
6203
3245
5589
810
5619
5361
3140
7649
1143
2671
2145
593
3345
7053
2298
123
3134
4278
4063
7439
3609
4668
6354
234
5199
8624
4018
5056
1959
5777
7693
186
2212
6093
695
5588
962
6083
6964
515
4366
18
5690
2429
558
8056
4515
5606
3643
5517
1521
7189
199
4810
1821
2046
8527
4023
1082
5932
7088
6445
5215
3855
1519
8218
7622
2594
7167
697
7662
8251
2230
8371
6585
5040
2803
1528
5158
4168
7533
1922
7064
4044
1285
7789
4466
4498
532
7951
3274
1810
8763
2098
1050
4288
4552
7865
7887
2856
7490
6308
8398
4789
7367
6738
4762
6066
3813
7699
19
3767
7311
1449
3183
1133
4246
1776
1788
2386
1618
4007
5135
961
6897
5401
7925
105
3794
4277
4110
6787
1837
5017
1670
2666
5152
2155
2012
8181
8663
7837
2602
1051
2197
3080
3437
1899
2936
7450
7906
8506
4235
8104
6251
4837
6286
6767
8564
6438
6378
3284
483
3910
1936
3513
3931
5154
8247
2907
8388
143
2796
362
5413
281
8009
5329
6249
713
5695
2193
8524
3380
3375
571
8509
5946
8687
1414
6442
6343
7798
4181
5999
2859
7771
5367
7560
4917
5941
6695
2951
5915
5052
8020
3728
567
6265
1689
2392
191
6501
4992
3588
5316
588
2910
1327
1683
4788
1118
4696
5508
2441
3044
30
1645
326
1269
5950
5883
8769
6490
2261
7792
7164
157
7717
6486
2982
5810
6435
4326
1614
5265
3474
3553
5707
3671
2603
8779
5760
6937
7057
5816
5612
8464
51
8124
6387
624
6604
7481
6444
863
4669
6123
4947
4077
560
3642
5786
3235
6264
76
5072
6404
7080
400
2293
2126
3132
7946
8038
3849
7444
5266
2252
4795
6229
4457
7402
590
6385
5104
8647
1406
7376
2623
1675
6028
4594
7654
3107
8316
2433
6710
3844
8734
8058
5563
7623
8289
5668
3034
2333
7306
7083
8332
4745
7379
7822
7608
6500
1637
4190
3827
978
1463
1660
8445
7148
6778
150
6906
3619
3755
8400
7506
7563
297
7895
8143
7266
3129
4486
463
3046
2851
2206
5059
7537
6968
6141
5718
2185
5981
7841
1266
5958
3273
6410
2818
4463
8019
7442
7420
4683
488
2395
1132
3053
4684
5985
2517
4074
5482
6324
4647
3706
6947
2237
6322
3268
4405
3056
3004
3517
8318
990
7520
8277
3326
1639
760
5085
3834
963
4800
3135
689
6774
7896
7647
4038
6640
3579
365
769
1098
7209
4427
8679
6617
3994
2434
1514
2240
3002
5857
3606
611
3136
250
724
4215
7964
8122
4529
4108
8358
55
211
3858
2287
7534
296
8052
7573
8360
6762
4272
6233
5224
387
3349
1100
8756
4011
2007
4309
6150
530
8310
8451
8158
8686
3690
726
3946
4903
971
4383
6797
6945
2201
766
5894
3987
812
2370
6681
8062
4410
4530
4292
8221
5623
1226
7845
3873
7005
1813
2552
995
8179
5003
3629
849
955
543
7479
4339
3624
7135
4574
2915
2841
7642
3225
8336
1656
4665
4634
8494
2013
7994
1212
6376
4846
663
195
7832
4379
6413
3115
8495
7591
5175
3977
4798
5983
4560
8125
926
6870
7445
5377
3312
2607
6863
2047
7145
3687
8266
6478
1696
5053
4416
1108
7813
1345
7754
1515
3682
8549
4513
1361
3159
4461
3757
5940
4223
1039
4717
7451
4533
799
3465
5661
7454
1257
403
1012
1067
2575
2439
4777
1542
1877
3218
1854
5110
5751
2113
7323
4126
1210
366
219
7817
2580
5954
6811
5182
5643
5445
1095
5015
7109
3230
3084
3543
879
1956
2712
6741
1335
6731
5577
6880
1958
7253
7736
2222
845
4518
696
5746
8077
2330
6026
3050
2300
6416
7665
255
4072
3114
1580
5922
5647
2310
1254
1646
6783
1831
7861
5852
2719
6271
4783
4171
5309
3623
6510
1690
425
4208
8593
4506
910
8001
5557
2081
6429
5689
934
3371
6578
4247
789
1952
8319
8225
89
1045
980
2535
1658
3954
2342
5779
7113
890
3780
3406
7208
857
6991
2756
5694
7825
5076
3531
4104
4632
4618
7085
5578
5127
3684
3779
1158
7298
7177
4159
1364
8408
8287
4693
6984
6314
4572
7092
1713
7948
2161
2828
14
1829
5123
2705
2890
3285
4949
8536
5492
5496
1629
5244
6650
437
6875
7898
2472
8787
5875
8146
8151
3464
1507
8350
2396
3471
6854
8244
3417
5620
4561
1029
3846
171
2016
197
6465
227
3041
2776
5480
1340
2812
7008
6187
7558
5337
3384
1318
3716
6135
3389
4149
5023
2725
2651
7983
1862
3445
8479
2341
7740
3210
253
5995
6157
7681
1225
6801
8742
5931
8490
1898
5826
2050
7485
94
7467
7026
7615
4934
7245
2196
1766
7672
7400
7491
1651
6517
7086
1828
3008
4194
6225
321
893
6409
7731
5499
8015
5064
5568
4150
272
2888
3739
2276
4151
7353
5324
8224
5884
6624
2159
5935
1662
2927
8459
4053
277
6279
7801
4642
4412
8775
2436
6564
4531
7221
3158
1722
4060
6889
4109
8722
447
6535
4118
3191
7504
6022
6631
2186
7435
5500
6142
8744
6393
6768
8534
7636
3989
380
2574
7073
732
1617
8579
2073
3361
6628
5814
6499
4656
2617
7606
2925
2777
3428
6675
6911
1063
231
7488
1309
2162
5315
7561
6105
8729
7495
2527
6340
1493
1853
3027
8551
6932
1963
4924
4863
3039
6940
7176
5235
347
6353
2713
6541
4224
1553
2728
3839
5898
2814
6273
2226
1315
3048
5384
4612
519
7630
5769
2120
5616
2668
5967
8128
6995
1966
5336
3112
5283
8421
4391
446
6623
335
2732
6663
6091
2685
8206
1702
2531
4269
4541
358
179
261
3670
6684
7987
7056
1353
5907
5851
1079
5781
4752
8606
482
7641
2056
7432
3567
6131
1180
7671
6113
6887
6723
4234
8078
5332
5847
2529
4558
1508
7844
872
2350
6116
2459
4984
759
1138
3298
2110
5833
5971
780
2579
1200
3220
3583
853
7894
557
1134
1404
2618
4426
2402
8135
6719
3348
8632
4538
1953
6858
761
3237
8040
608
8504
4433
6252
240
2870
8168
5562
4148
6170
1892
4478
3086
7830
4823
7194
4125
4588
4334
2977
3749
5534
6988
6020
4845
1926
1778
524
7677
8482
6853
7310
1337
2805
5558
5
1522
4619
2390
6167
8297
3572
3037
388
6483
8331
3898
407
5156
2105
4674
475
8403
5264
4987
159
410
3
2707
8352
8741
8156
5427
2180
2621
6931
916
3837
2953
3262
5013
8413
53
1320
3127
7695
5838
4262
1581
4041
3611
4296
8515
4971
1028
3333
8195
4786
2144
4078
1274
3777
1529
6373
1016
20
1964
6505
6603
4912
1314
6147
6800
7037
155
3925
8428
5530
1160
2954
1442
3857
5086
3461
2850
6034
3189
6550
6893
329
3062
5817
5710
6449
3608
308
5507
2464
6651
4398
2093
633
6436
1681
2294
3162
6805
3737
7228
5356
4084
8130
5195
8747
153
6415
2959
5793
5386
4944
2286
8088
4201
345
8670
7799
2123
2104
730
1332
6027
4196
5725
6269
2901
2750
6912
1389
3447
6075
8514
4729
2637
4651
899
1204
5339
2860
41
2747
3079
5249
3659
3099
4859
4539
4375
6521
1905
5807
1002
7171
4413
8148
6602
7989
3253
6985
5871
5963
2846
5729
2630
7033
2838
6594
3279
7795
7447
5882
8050
2469
8634
2528
7663
3250
1468
2806
1661
2877
6219
6959
2037
679
2154
5997
7576
3088
3453
6112
7952
8284
6362
3959
1556
251
5598
4636
3648
22
5192
6601
7779
8138
4299
5444
1616
2200
1096
4951
7878
4408
7054
6466
8678
8268
4806
3944
4918
6492
5326
2070
6761
1191
802
289
5029
8556
5307
8548
3973
7515
7199
6239
3094
835
1203
5302
1692
486
8203
1328
6703
7399
3224
1768
3157
1
7596
5498
6317
1856
5022
4935
1397
2358
3514
4340
7076
6372
909
69
6656
8402
662
5993
8113
2182
4571
6839
4930
3527
5776
6548
2421
3029
2704
8636
3139
5385
3962
2020
1728
6539
1146
3525
4100
2871
3853
8648
4206
4945
2199
4942
1947
3266
3565
7807
8325
605
4882
1944
7974
1527
2538
3118
5268
6511
3614
2099
247
5049
3058
5771
5518
1935
271
202
7921
2615
8004
1250
848
6540
5275
745
8150
2083
7410
5278
5389
3660
7305
2930
8071
6742
340
2661
6321
4672
1008
1945
265
5258
7722
5723
148
1271
5590
8389
2612
1392
5515
4064
3856
744
4519
1532
1586
4598
7239
7212
2336
6987
1300
7997
7360
5998
7290
1057
3908
6818
968
3194
7384
5627
5033
6341
6575
286
5078
1165
3213
6784
4928
1270
933
3657
3620
4004
2785
1544
7572
2069
136
1987
5301
814
3678
6692
6616
5030
3310
4082
3541
201
4654
3790
4047
114
8709
2005
3899
5057
5294
287
2279
215
2255
7049
98
8120
8690
7696
1022
801
3605
3455
4996
1593
8161
1324
3405
6021
3313
2686
6494
3154
5594
87
2530
4805
5815
82
1762
5274
4175
8531
6247
2231
2006
7188
8693
5938
7644
1432
3421
6267
8042
5188
7873
502
4180
7900
453
5676
2581
4867
4925
1298
1824
800
5038
5763
2043
5681
84
3483
4712
163
1422
5093
8602
2125
6652
8766
1365
3985
4271
4161
6904
2158
5609
630
5043
5527
292
3370
1622
6810
5222
1523
5230
1914
5417
5471
6618
6716
3879
7218
8382
8399
1647
4315
8409
8786
1927
1232
4322
4887
7549
8571
5297
5453
1400
4392
5101
6210
1985
7301
8444
86
6764
327
2510
3738
579
6506
8023
7355
7885
3427
6156
1179
7668
6059
4874
269
982
1558
5631
7459
6815
7815
8410
444
1390
5375
409
1937
4049
2832
7869
383
638
5219
4501
2845
6023
5414
3796
5630
7385
3317
3258
6794
3286
1487
4341
6824
4910
1263
129
6606
4217
7935
7988
4640
2995
3217
7331
1213
8169
8727
5111
8246
6793
3205
3391
5160
2489
7002
4809
2546
3077
7349
2417
7246
4454
2216
2619
1687
5468
7100
1733
5748
4494
8591
6194
1425
5466
4736
8666
3487
7543
6917
7800
3272
4876
2900
2948
2271
3255
2688
6682
6344
1823
8626
4376
368
2365
666
3820
6728
3236
8625
3305
4012
5216
2746
5885
7690
895
868
5231
6209
1913
733
2638
5313
6103
6003
5423
2127
7748
1223
5092
2703
3917
2920
6746
3758
8587
4794
5504
5004
1188
6756
3566
3362
6318
7599
4559
6472
4954
6261
5655
4448
8257
1290
6877
5510
7179
7998
8778
8349
1672
8186
8770
4346
6677
2835
100
8760
6727
8152
7734
3720
1042
5099
885
6242
465
369
8199
659
6160
4289
7260
1755
1149
8736
7332
6825
6211
3667
2975
8737
7738
2356
6948
2000
7065
2225
6886
3459
4307
8523
2269
1884
2759
6245
6526
2187
6696
3952
3302
1287
3363
3100
7411
1561
2847
7415
4778
1896
500
1779
1997
7374
2981
8487
8774
2827
2875
6830
4770
5720
4054
8045
3432
4521
2401
5755
5542
4747
566
1729
6179
1701
7818
1460
2175
1671
8773
8430
6474
829
1284
2381
5555
8569
794
3270
2889
439
1443
8590
7419
3019
4875
1852
7629
3155
550
791
8286
5194
3700
1642
4087
8174
3769
5421
896
8563
6487
4332
6700
7183
8163
947
5789
4274
8351
2905
8406
1746
3489
1112
8458
7764
4543
6935
6398
1348
338
5608
7019
8116
2380
4258
2873
1421
2514
986
135
291
7446
2934
6597
2589
3125
4473
1756
3502
2632
3130
7108
4198
173
4607
2486
5247
5956
5020
797
5140
6383
1420
3718
1659
3568
7670
6883
2057
1631
7616
856
2706
7499
1311
3089
1369
5450
2483
705
6127
1305
1486
2376
790
8476
5858
5189
8758
484
5133
4066
6896
8582
2614
170
3488
5105
8279
4718
8280
969
5125
4327
133
3240
6098
8018
8022
3121
4801
4941
132
8680
2652
4490
506
4493
3064
4688
429
4893
6813
3373
1116
5136
47
3612
3387
2163
3638
1356
8353
6751
2128
1000
7324
2931
1652
2074
4639
7867
646
413
77
7518
528
4829
4390
6676
1117
1276
473
1885
6032
548
3334
1240
8306
5451
8034
367
1817
2855
4365
4240
1007
1549
3554
1960
5713
913
994
3221
2455
5890
1078
1451
5146
8535
5338
1268
6621
8027
8440
5773
2895
3381
2911
3078
6925
2769
6599
5559
1391
4221
4974
7706
1367
3672
3762
2629
282
7029
1715
6061
3035
2790
5672
1088
5433
8621
914
5026
40
5345
6090
7452
6173
6952
2052
5218
5765
6898
2745
7973
2680
2757
8520
5227
2892
5802
4396
3754
837
4741
284
6374
3685
774
4891
4631
1517
8762
6257
691
4921
6057
7489
4750
3799
640
4406
5573
722
3597
5497
7957
5758
2655
887
7280
3742
3616
3633
5470
7128
8261
7984
1704
3701
1438
6788
2292
6295
2731
3133
7890
1635
8478
8370
3833
3199
8141
239
3131
4232
3874
1286
7903
3090
3179
2503
107
1448
7635
7182
2577
4455
2729
839
2179
457
2195
2723
8578
6579
3915
6484
7357
7889
8137
4926
1408
8235
5407
2296
36
5409
6918
5024
2340
295
6513
6417
2085
2410
6779
4114
7449
334
2755
6441
4977
6440
4638
618
1889
719
1122
7664
5269
6928
6300
1887
7888
7508
3051
7427
1680
7468
2868
7753
2807
5678
492
866
2024
8642
8387
2763
5585
3918
2462
2912
7429
3141
3367
6933
1975
4420
8264
6423
1238
1693
8433
3149
6832
711
7863
1323
4568
7942
2227
1972
6001
825
1792
7991
7097
8259
6758
7011
1161
6190
673
3877
181
6234
71
3679
5570
6515
4045
2210
8438
3570
7150
6927
3392
5191
4476
6260
3709
3526
5906
4922
5351
4633
4546
4432
551
3812
7192
6316
3838
7256
6323
1801
267
7480
5989
7788
4086
4311
1950
3699
841
1478
2112
382
5100
6562
3991
4616
3723
716
5626
8703
4343
6842
6994
8567
2295
8753
8068
2779
1809
7500
4911
115
3734
1714
6453
2627
2676
5039
3544
99
6319
3458
7094
3161
645
5891
2768
1010
625
7646
6121
6934
3007
228
8234
4276
7877
360
1370
8320
3926
4219
4692
5990
7371
5166
1512
2891
7240
1613
6836
3997
6670
8665
7372
7276
3986
3903
6993
233
1347
4716
3382
4370
7257
4526
5438
8543
7106
6100
1140
5910
3340
3683
8412
7431
1902
3431
6407
5291
981
7147
3244
25
5909
3961
4933
5465
3861
8448
1990
194
5200
5334
5691
7262
2879
1395
6596
2919
5976
3770
3511
169
7358
7286
479
874
7978
5698
7039
6659
4641
4627
8473
964
8570
1162
7728
3072
6658
6845
2985
6204
1176
883
3520
1187
322
1552
450
226
4203
4294
8492
5406
4028
1871
2857
1382
6503
1577
4952
6977
355
5141
5295
8719
7283
7476
3435
315
7880
7550
7777
1520
7565
6200
7803
2691
404
2571
7847
5721
3426
5581
1812
5986
1735
1954
461
6048
4870
6086
3868
6184
4173
4593
5870
377
864
7339
1864
4988
6036
2588
3325
8067
8434
1368
1358
3556
1971
2418
5700
5436
3635
5754
1236
7425
1962
7931
5173
7529
466
6356
2316
3523
3222
925
5383
3736
3252
1125
1439
2419
2554
4707
5654
7667
8049
29
4268
6680
4021
932
192
2843
4608
5425
542
294
6878
7831
5347
4886
8117
3585
8675
945
7465
5321
6060
8333
6206
7578
4167
5911
8496
1267
8147
7111
7365
1005
8614
1832
5486
6171
2852
4681
8735
5942
8142
2736
1951
1030
7047
283
3359
3808
3352
8474
7752
3119
5355
513
5460
7472
2842
8755
7972
2373
5456
8740
621
3940
1563
8291
5494
4407
5840
7855
8200
467
6745
6458
4209
38
3928
6424
1759
8512
3963
2337
6690
7926
4436
2115
487
7132
5478
5448
6039
967
8619
796
5603
2272
4261
7755
7341
5636
128
924
4779
2738
2943
6111
7902
2923
7562
6530
3719
4460
6041
1857
944
6119
5124
2979
1481
3368
5032
7805
3096
5404
200
8673
2484
3651
4229
7882
503
3587
2772
4162
3016
2183
2233
6491
8628
8381
2465
1820
2391
455
304
4280
12
1597
6377
1341
8075
844
1839
7611
4606
4824
2874
1873
3593
5107
4816
81
8162
4771
3316
5659
1625
534
4799
3369
6313
5536
6230
110
6960
5670
2476
6110
3276
3921
3540
299
6058
7883
7741
3330
7791
3444
3892
6869
1498
3674
3216
3106
6567
2001
4442
3440
3784
4702
3668
3626
2505
7922
2780
6981
8372
5896
7812
1308
739
5044
2957
5992
220
6288
7437
583
1570
7743
126
1248
1786
1572
2412
3248
7114
5785
8411
4566
3610
3466
4844
7692
1344
430
0
6867
237
5240
8288
2625
7626
4071
7924
1880
6013
3551
1919
8155
2015
4279
6638
5587
7000
7077
3807
5511
1718
4479
8317
3702
2285
6043
5335
8362
7749
6067
2913
5583
8091
3932
3291
8667
4050
3792
7191
6158
8761
8519
3104
4569
7705
124
1497
8013
3835
6437
2313
3550
6035
4344
6055
6325
449
7170
3941
3811
5790
3126
2265
2570
149
4484
615
3011
6902
5787
3775
3913
3707
392
1929
1863
8486
5357
527
4425
7603
3581
1231
8283
7018
2320
6149
3745
5405
7140
236
1494
8588
7202
6191
1330
8765
6943
3862
4043
596
1282
3376
7502
4897
8485
32
5830
4142
2978
5848
1041
7960
6808
7682
6394
2280
4024
1765
5597
8337
4613
3860
2488
3292
2556
8691
7871
8293
2976
6389
610
4067
3909
8033
6626
5327
3978
4000
4061
7809
2239
4249
4187
653
821
7892
8166
5457
2277
6553
5211
4772
6045
7377
6220
8180
5214
3907
7366
6402
4367
3695
4787
7870
3442
5551
3467
3530
3693
4835
6620
3548
3175
779
1427
3711
1233
4130
7272
6976
6259
1667
6846
8393
3826
6350
384
7625
1159
5254
5287
5968
8713
3441
2523
4482
2352
2312
972
5048
7959
193
6679
4487
8375
6333
1220
5899
8201
7180
8692
4982
337
1842
1272
3788
3480
4033
3815
8048
7768
4865
8699
4019
2636
2865
6833
6583
617
7557
6425
7117
8087
3271
3577
3512
1025
8544
7609
5866
7967
5164
3054
706
4270
873
6462
7438
7971
499
1440
6078
6469
5553
3409
3787
7769
5312
8249
3967
6476
7793
1216
6294
3686
1383
8032
5298
3545
1551
6237
5712
1178
6297
7589
813
3297
8024
117
1900
364
1657
6388
4629
298
5220
869
1021
7016
2634
6256
8248
795
1065
4904
7340
3009
2511
4381
4069
2078
5276
7929
7594
414
6050
1319
5566
3000
7200
5255
6172
1076
1676
3766
5634
2821
5257
3401
4868
4300
4185
5509
2773
1799
1860
4550
4188
564
1032
1316
6627
7947
5416
8136
3866
852
4975
2918
6089
997
7510
4938
1999
3562
7268
4350
7923
7129
1655
4842
8278
2674
4449
7772
1775
7370
6834
7004
7308
7389
6635
4523
7418
5625
4832
1830
7463
4919
7824
4492
1624
7732
3778
342
7511
4141
3764
7774
389
4966
7745
2270
5624
1547
4907
4430
2698
323
3654
8066
1329
2430
602
45
4305
3364
5270
3265
1836
2357
7526
4284
3105
252
6189
785
749
685
7965
1576
5782
3153
8584
1677
7433
5641
3905
8006
4856
4356
2537
6025
5788
5920
4112
8084
2080
7098
2844
6688
746
7116
4137
3025
8263
4435
3661
7071
3564
6724
7157
8452
4422
6829
6311
1795
6689
6081
5593
989
4551
7781
1628
1464
5917
956
8477
672
2854
4400
5292
2327
5697
8115
1844
753
7859
4014
1273
4536
7134
6397
5155
43
5455
846
7674
3336
5837
1910
7840
7650
2724
6062
8513
632
7916
4894
5743
4002
851
7979
6070
2025
8585
2886
805
7380
3958
4705
5514
386
6006
13
3591
8072
4968
2114
6272
8217
2060
8716
3208
5637
7168
5834
1013
3418
7028
3791
2802
67
1874
8782
1038
2251
5090
4802
1304
2644
7993
8603
8475
412
911
1850
3087
8011
2435
2148
7762
2474
8668
7790
7868
3536
8197
5861
3454
6531
2018
6939
7327
4520
1543
5402
160
2610
7811
7784
1222
2583
1649
3021
2262
1046
2219
4156
6480
4475
5097
2765
2906
4507
5685
737
225
7535
4889
2354
8677
4186
2752
7914
7405
3024
3238
7084
3423
470
4101
119
1303
6130
5895
1014
8397
2740
7458
3003
3735
2470
7359
3871
953
7210
7386
8326
4667
5854
33
3557
5560
4858
469
2035
545
2152
5665
3424
4973
5434
2848
4106
2278
174
501
8617
671
2027
8312
1097
6185
8463
5618
4534
2649
6726
4871
8390
3574
6379
2479
8558
8149
214
6455
1011
168
1450
6226
7938
586
3872
3937
8526
7131
4129
3128
876
2301
3354
5493
6559
6216
1375
7343
3288
8005
4469
3494
5774
3443
1229
1976
4548
5846
4098
5569
5791
998
4107
6420
1374
5617
2304
606
3374
8081
1632
5991
7509
2693
5393
2030
6614
1260
1093
4847
2825
4026
1589
1686
6699
8723
1949
6572
1155
875
4342
6335
5177
8604
1385
884
5467
2561
6017
939
7443
5978
599
6108
3342
4179
256
1978
6816
8532
2836
8674
1943
6004
4687
3202
1221
7904
2542
7230
3372
5392
1784
831
1195
1166
4015
2086
786
1206
7593
734
714
5065
7338
8720
7344
4726
7778
3676
6428
7203
180
245
183
416
6145
4483
1890
8335
931
1105
3170
6446
6587
6
5163
8178
4347
7986
4080
6944
4354
6538
4888
372
4807
6454
2408
507
8090
4969
6752
1942
7104
4758
4514
2672
3960
1688
5370
8657
3182
5886
3247
2501
747
6590
8255
8447
2003
1444
2364
438
6138
1480
4601
7226
7362
1035
5595
2033
3001
5540
2457
6477
6633
6266
3589
6837
3993
1640
7487
5181
2880
5473
5948
8085
6747
7530
8609
5819
3059
5988
6361
5286
4099
7017
8500
6648
1940
1599
5683
485
7733
3625
6033
1104
1502
539
4265
3673
5159
6522
3537
1175
680
7715
3966
2213
8700
2090
7225
7678
1202
3524
7392
702
4133
4095
6636
8202
1094
2926
8443
2659
2867
6094
7614
2543
396
736
1294
1173
4732
574
1717
2359
3843
8565
2156
8568
1472
2741
1217
4843
6037
4282
8328
4900
6922
395
7940
5673
4595
5479
1822
5829
8454
1102
3710
3863
3590
3771
5360
4776
5364
4528
313
6129
741
1055
6345
142
6542
5034
8650
7345
8014
5464
8405
7412
7294
2167
418
7725
6881
6253
1727
7995
4590
2220
3481
3163
2687
1804
1152
7421
7027
6312
4650
6450
8334
6755
750
704
3920
7912
6427
3415
1056
7282
8093
2997
8258
4721
1490
6120
8095
490
3496
10
6814
8208
5532
6468
95
6182
7464
5066
2480
4697
1855
6673
1870
7284
8342
6523
3980
2893
4009
6347
2526
3592
715
4742
4218
3436
6274
385
5794
310
8236
2965
182
4857
7473
5538
2921
6671
2224
5716
2267
1893
7827
7383
2881
2539
8384
2837
2711
241
4589
7723
3656
2758
675
1409
1090
262
4480
6990
5964
4804
3840
1621
8214
8212
7759
6085
806
1360
7249
2709
1948
1377
352
4931
1299
3904
4022
8672
3269
5855
6661
6223
1933
1110
2993
3227
4373
1883
654
3233
3894
4459
3935
7351
917
1167
974
1265
2146
5574
319
1941
1476
2816
4661
1596
6989
458
1342
8518
670
5930
8715
1189
1491
8330
4210
7758
4682
1732
1749
7910
4699
4010
3045
5371
4850
1998
4790
6287
2332
859
3976
3731
6306
7184
7544
2325
2616
2946
1710
2151
1847
1924
4464
4488
4388
6074
8437
3303
3347
325
8732
2569
1695
6969
6565
4429
2573
3397
8262
481
7348
8620
4293
3571
3400
1064
468
5736
3595
5960
8188
3972
4961
5103
6642
8599
7849
2094
581
2023
5153
1145
1264
6246
6744
2972
2367
4359
5803
912
4295
65
138
2299
5933
8521
4855
7601
3821
1654
8369
3897
3824
4068
4006
496
4048
8613
2275
4496
6946
7082
4677
3763
8170
5939
8379
64
5319
5477
2188
4597
1456
7571
2960
5068
1246
5714
331
865
6915
7920
8238
5547
3992
8184
5877
2314
6419
2533
3038
3328
8060
5820
6982
5800
6857
5667
6856
1992
4946
898
1171
607
594
694
8429
5792
2297
5604
7886
7393
2899
288
8596
7531
5089
6644
341
1555
7698
3420
2611
4637
1851
5526
3627
7408
2898
2061
8383
8092
2998
3358
6667
5260
411
3822
3168
4704
6735
6422
6654
784
3166
8682
6320
3919
3091
7095
4703
206
8054
7598
7714
5753
8749
6859
8111
3691
756
2054
2028
3360
7069
683
4358
4545
7680
339
7907
5592
1224
3854
1993
8546
6899
3890
6868
3882
1931
357
7724
7707
7513
6175
5440
1783
4630
4978
525
5343
4532
7414
4895
8537
1230
8639
5702
8159
2753
2095
7770
4331
4830
3434
2795
3282
8172
2961
1534
2002
5601
2097
4263
1901
4905
4241
8607
257
4081
3528
1643
5484
3206
8377
6019
861
6240
8717
1748
7810
8046
5853
5926
2473
8594
6012
6421
4948
4163
4990
3192
2592
4091
6000
3184
1363
665
1875
6299
4446
2863
5914
2902
3101
6733
2929
740
5208
8439
7804
3825
7540
7937
7013
5801
4076
1136
5025
6973
2605
6330
1881
2518
2242
908
1312
2487
1151
4351
401
5666
1054
6556
7315
6799
3665
3534
4761
5011
1678
8498
6218
5646
1239
1587
4394
5147
5764
1198
1114
2809
7856
8132
1359
7876
3965
5722
2665
4828
6452
1742
8343
906
7689
6056
2273
4404
433
5446
426
4579
1627
4231
770
4191
3186
2695
7406
7582
7486
3984
28
1405
6855
3998
5001
3782
8660
6848
6431
4540
1435
8110
2678
208
7460
6348
2541
3277
4252
2150
2700
1434
3663
1049
4793
3576
5955
6188
1139
5818
4207
7751
1603
7397
4833
2004
3810
4995
2339
1770
8189
3172
824
3181
5610
391
2904
563
3257
834
6457
3573
4610
7477
5768
3063
1594
4401
3598
2606
4840
5005
792
8597
353
5410
7329
8144
8096
7953
2689
3914
1679
703
3076
6611
6346
6528
6235
8243
1506
7483
6957
1798
2137
3802
6488
4573
8107
8472
2266
2742
7729
3852
2522
1858
2761
935
6730
4230
6495
2744
6328
1811
1115
7317
8002
1407
5682
5701
2245
8683
2236
3971
6128
836
4298
1694
8425
4725
8355
324
7597
2869
8640
1135
1441
5062
4236
8566
11
6186
4853
4659
647
828
8380
1734
793
2499
8671
3630
8627
6685
4997
7587
4303
7525
2334
4174
4389
2172
1259
783
5088
3950
984
5717
6657
1343
2257
514
24
5263
7387
992
2283
6168
2263
6914
1574
4372
1548
6071
7905
1982
7503
4040
3211
26
3669
6844
830
7482
4527
5704
427
4499
546
5007
16
6309
3020
4102
1059
3615
1565
7579
7806
1307
8694
3851
111
5550
1371
3495
5431
5314
4116
2872
3658
6073
6063
7075
762
3185
7726
3816
2215
7808
4090
4386
4302
7354
8533
7346
7469
2450
5535
8511
7711
6159
2718
3806
6827
7020
6207
8196
4839
3017
4423
3299
7093
8726
4812
80
7624
7607
1297
6665
6101
3970
5669
6443
7782
494
2315
8086
5605
5490
886
5949
3703
8340
7123
8394
7765
1069
6709
7585
3895
4860
2833
620
5841
5584
4542
4349
2897
5972
4030
569
1906
771
6280
6163
7455
8649
3196
7528
6014
441
4836
5974
3878
8209
7456
832
1846
5951
351
1147
8145
4242
5028
8114
4357
4834
2656
8618
8089
4458
2249
7981
4994
7154
6838
3188
223
6359
8198
2565
5210
2783
2935
3289
8507
871
8368
2751
1157
279
8123
8254
6759
3947
520
1091
5512
393
5012
698
6198
5435
5340
5648
3043
7441
8229
6740
4622
1052
2994
4382
684
1411
2520
1293
6395
8721
1053
5394
628
4711
8560
3845
1219
4611
8488
5823
3357
8420
2545
7864
2217
1295
6729
7730
2311
2928
4385
1306
5462
5006
4937
5596
5469
4403
6047
6637
5825
3732
6609
5441
612
1040
1973
952
5303
3067
2699
2861
7944
7318
5223
7505
4957
4773
6819
5656
8373
855
3174
4138
4025
39
4792
4749
2502
958
4754
6701
8684
2604
4872
5614
7067
2384
8157
1017
7746
8728
1665
7152
8598
6770
8661
7802
1934
3504
7119
6999
2416
8480
2692
4105
2512
6464
5520
7975
5138
1380
6748
1866
7287
8655
3725
8453
7766
3478
5432
5234
5657
7945
7584
5400
1925
6961
2111
7062
510
6595
7325
7352
1243
3607
5353
5629
2446
1074
7546
1193
2191
2444
1129
8164
4605
6277
6612
8010
7127
8097
4512
5380
1760
6276
6789
712
3697
2578
6132
8759
8416
8341
5198
4940
7602
5945
8407
2153
3156
4766
4818
232
4578
2168
6812
3886
9
2379
8216
7292
5844
4710
4424
4441
5822
4960
3713
2544
5251
3578
5766
5272
8271
6879
3689
238
5843
6290
5019
3765
8241
5096
3103
8290
629
5795
5487
4854
2945
6231
4193
2788
1474
6571
522
8611
5428
2760
5442
3251
6655
4178
3120
4058
8457
7913
8785
6115
6140
2628
970
4908
5376
7178
3193
2369
5271
3439
4714
4923
8007
3875
305
3505
1255
3760
8658
90
4070
3283
1339
7034
6371
7826
6165
1774
8730
5928
7688
3563
3278
8386
2933
1483
5912
6708
2218
8414
2174
1362
2160
1174
897
2234
1357
4313
8417
3324
3532
6418
1106
5051
7363
2794
6391
6375
207
316
5533
4815
7440
4757
4864
2132
2471
6181
5183
7126
4563
7963
