8449
8006
5009
8183
1386
2341
5197
3523
429
81
2441
5380
566
4773
7257
5293
3316
5967
5974
5963
4202
2676
1843
4894
5933
257
504
3621
363
6716
7578
1349
7266
5072
7132
2551
3787
3564
6414
4087
6210
8776
8207
8246
5559
4378
466
6301
4697
3879
4203
7835
4548
2000
3841
2667
8211
8400
7335
15
1565
5389
3673
6854
2243
7280
8714
904
5715
3284
7971
7423
1856
756
1184
1571
2395
1521
5881
2648
3853
2353
8442
2695
7077
588
3337
701
7090
3541
4731
7452
5792
4613
3392
4644
3480
6548
8171
4347
8052
5810
785
7230
7204
8230
8258
1485
5610
2646
3666
1756
4143
135
2541
4752
5305
4306
573
6970
2582
5239
8607
5086
999
6401
2990
6778
2811
668
3908
5261
3100
4061
3210
6149
4008
714
6664
6997
2663
2271
1211
7050
7773
925
3781
187
5230
2718
3962
6674
7391
2596
421
4592
6483
7807
5121
410
4441
4123
1821
6125
926
1871
8493
2887
1644
4986
4701
8125
1174
2390
644
6126
4664
6793
5244
6012
2370
5819
1581
6728
5532
1617
552
4324
2473
1705
1757
2360
7387
3676
5307
411
2312
5645
4822
7966
6796
3510
8709
4865
7233
5855
8637
5891
6355
7188
216
8135
5269
3440
2426
7463
7263
8199
7814
8068
1902
1282
2991
4859
3122
6657
8018
1726
3812
5587
1927
2526
4186
6437
820
5173
5068
1531
1369
3362
1323
8152
1033
1968
2289
295
2966
3942
6931
503
4217
6711
7127
8436
610
7222
2548
2594
4328
5749
4521
888
3614
617
121
6194
7064
5646
4309
4842
8628
3988
1785
8652
1608
1614
6024
4762
5089
821
7975
3135
655
5997
6622
4391
2337
1074
869
795
2349
6808
6971
6386
8432
1582
7539
4402
1179
4312
2051
422
3406
4704
6733
2198
5722
273
44
3792
4405
8380
2375
953
5604
587
6537
7103
4330
1882
6692
6175
4228
1878
8428
5754
6379
5212
1436
3858
5499
5623
5259
5821
7371
6774
4514
4128
6655
8642
4732
2620
5117
3208
8579
8536
1713
2973
3603
8112
5146
1517
3162
7116
7492
3777
7758
5317
3538
3381
939
1701
4393
1368
5814
2485
8500
2901
7900
6729
1694
3345
3752
1724
8526
5966
3691
3867
6236
6685
8632
7203
8490
7129
1893
3423
4755
7351
4319
1133
6969
7276
1905
6029
6766
6452
1566
8726
317
4555
6378
3532
7842
7858
5497
5842
8636
2180
6940
3282
1507
7821
3371
8601
2055
3644
845
6643
3723
2861
8501
4964
5055
3999
6457
8464
6944
8468
1881
8582
4349
2930
17
5787
7329
6334
5538
5381
1366
4416
2563
5780
6244
2323
6174
541
1329
7518
1589
6550
8011
1076
14
1239
4457
5137
4550
8029
6298
6616
4070
7027
798
4834
1464
7605
7564
8558
1901
7186
6053
3524
8535
2519
2009
6458
7381
8317
1311
1198
3446
8430
2408
8161
6603
8521
636
2440
2580
7909
5129
6780
2297
5996
574
5069
3851
2112
8437
2510
6516
1819
3929
3187
6708
5653
704
5494
965
8185
3474
7053
2206
2343
1172
7795
5738
5867
5039
5789
774
7323
1619
2706
2896
2687
3224
2070
5852
981
2282
5322
2618
2822
2295
3571
4398
5289
3041
132
2148
4493
300
5016
5802
483
1341
3766
6324
3249
2569
7011
1707
8465
6695
6398
4758
7517
2105
6542
4889
8502
5986
6895
7187
6791
8766
1755
5343
7313
4640
6917
5809
7049
4297
6302
8259
3001
2863
5284
4153
6160
5865
222
3462
3236
4974
8409
1061
7505
5217
6898
532
1101
879
3868
794
8431
1570
1640
7801
8786
4713
4745
3055
1486
7534
8012
6789
8697
6629
2106
3241
4760
8580
7675
641
7213
311
8044
7270
6887
4723
3741
4991
2722
6283
1848
5768
1607
4877
4469
7886
8523
3395
1827
8188
4060
1907
7322
4395
5548
2756
7285
6130
340
7034
1844
5020
4736
1873
2838
5011
2404
3729
6700
7808
6973
4662
2451
8402
705
5894
1284
6754
457
2033
5474
6028
5851
4034
6165
5595
6385
1652
5077
909
2141
8727
7017
6939
5973
4170
3998
1276
959
5613
6837
7559
131
4084
4427
900
8139
4057
4854
3833
2497
6697
4814
7215
2094
7718
3647
4838
7105
4481
2972
5880
3529
5597
7457
5540
7765
3275
7868
3917
5839
2824
1925
3363
1070
4572
7057
6639
6942
4071
3011
7810
4353
1143
1639
7528
665
8037
3274
4462
6116
7623
7494
389
5947
414
3445
800
4234
5588
2685
5526
938
6534
3758
2754
694
5642
8200
6719
7633
6540
6206
6427
6943
1815
3502
6377
1108
400
1645
6331
5148
4578
3107
7914
7123
1718
5473
6667
6052
4748
7218
4502
2402
147
166
4350
3228
6382
4397
2374
7472
3348
7131
2113
8765
6166
1223
3414
3923
5907
6330
5185
4510
656
5756
2946
1413
7431
7137
6494
7955
3388
3558
3369
2837
294
2137
2846
7552
3083
6836
1474
3065
1429
234
5928
6859
6320
597
1880
5927
5404
638
481
4513
1654
316
2442
1764
7147
5751
200
6555
1945
1192
3906
1956
357
6842
2841
1790
963
7520
6365
7153
6925
4180
4880
7895
696
2149
3611
7890
1634
7782
4315
3682
3513
8764
1171
5535
5603
5555
42
1496
2330
892
2157
7420
7200
890
6043
1738
6345
6249
41
1431
2576
1525
3465
4652
7400
1267
4856
2071
6466
406
1415
7422
6276
5080
2681
4282
7427
682
2981
8344
2355
2299
8574
437
5524
8667
2131
3411
6983
2878
34
1140
1433
434
1104
4242
1810
691
4559
852
3311
7303
7446
4449
5060
3831
184
2357
25
3588
8787
4099
4944
5406
8666
2570
4663
4862
7511
8232
1085
4020
806
18
4855
1702
772
2727
987
142
6726
3740
7194
585
1476
3393
4064
6
952
519
870
6841
7927
8177
4546
5268
4358
7366
3416
1604
731
1984
5283
1841
7662
4455
4503
3012
4239
8509
4946
4685
8081
7030
5679
5922
4233
3470
5010
6529
7996
1064
290
2815
7058
2220
89
6404
7327
5713
2924
7579
2130
1982
6031
8217
1957
7382
6152
1056
5025
3672
1364
6702
3891
4059
8312
8504
6832
2366
4293
1154
1813
1029
6880
8474
1840
1809
4849
5594
149
7878
4619
3790
6740
6124
6137
6645
3897
4151
4694
6162
7779
386
407
321
8213
8531
7229
5675
4015
671
567
5686
6145
7482
4454
4046
1017
2704
6835
3330
1662
1971
8671
6065
7699
329
8071
3262
221
5300
2539
3768
944
2061
250
1098
287
1661
8685
1123
1932
2737
224
1549
5338
7332
3725
3613
490
6727
6221
970
1769
2879
8122
3358
8159
4836
7956
3984
1845
7846
2739
2483
7047
4284
2407
1816
7107
4691
286
7284
2954
5004
1889
7667
8448
4500
3360
4992
6765
4443
7306
6337
2725
8691
8282
3156
2740
1065
1689
770
4686
6597
1492
2044
2882
6475
5321
1244
6297
7899
5516
4569
7569
2414
7305
6558
2022
4106
333
1759
2546
8419
4327
741
3002
3830
2016
8721
2626
1754
8306
2319
3072
367
6520
3678
4810
3205
3804
8451
4520
8175
6141
7392
1876
4900
5877
8683
1864
1144
157
7854
5783
5826
1910
5295
4622
4516
5919
7637
7916
2709
7577
6690
342
7998
4014
1348
4194
325
1270
6460
1103
4590
6767
7679
4800
5831
7614
4903
6941
703
6745
5133
6321
279
1483
6148
498
6924
7184
6198
2278
1096
94
247
3832
8733
101
4826
5294
8560
2798
8245
7316
6814
6245
8277
3663
8383
2819
7642
8512
3226
8674
9
1630
709
2065
3131
647
5132
6638
112
57
1114
5189
1501
1987
551
3183
7346
6197
7626
1768
7816
4718
8239
5910
3664
270
464
2217
988
7793
5032
2303
4049
4665
2916
1372
6543
7466
1428
487
3584
4322
2347
2776
4888
3610
204
657
6869
4606
3443
1001
4801
4819
5229
3309
8289
5105
3270
3750
5801
3765
4167
1962
4265
4177
7829
5104
3635
1032
5936
2904
781
7157
355
5521
5691
836
5176
8488
7048
3379
2516
4310
8555
1894
263
4670
2922
8290
891
7311
7098
5341
6429
5243
4250
8204
1037
2628
4241
5344
7930
2089
2700
7173
7210
3026
1013
746
6238
6368
6546
606
738
8608
7748
6601
4274
6662
1326
5096
1357
6577
3826
1742
1721
8453
7500
8028
5447
60
2784
936
7481
1002
5292
7337
5944
7396
8469
6820
789
4812
4440
6080
1536
6833
4547
8361
8127
6721
7377
5629
2694
4280
3919
1066
1343
3290
4179
5925
3230
5005
2306
8784
5824
7678
8599
7533
8473
2619
7251
3506
3976
4927
8040
2238
4181
769
310
3981
4313
5987
4978
6073
931
3409
4204
4400
5813
7417
2808
7043
6375
5767
8002
338
2871
2073
1676
1577
7719
7167
1888
2187
2436
7450
1484
8478
6949
6396
7336
145
2348
6812
1328
7272
2849
1591
195
8330
6568
7232
62
2010
6202
8575
4388
1409
5440
8718
6819
1289
6171
6881
7587
723
2890
126
2600
3425
6784
5985
63
3203
4024
5862
4551
3665
1675
3522
428
6216
7590
6794
103
8525
292
2708
2992
5471
2797
4924
579
5825
5611
2525
5681
8527
5959
1583
2872
8647
2132
8720
7653
8780
815
5472
7256
6358
7033
4199
2172
3085
2821
2911
3683
5297
1952
3368
3142
3526
2844
4218
5444
7664
5178
7095
8639
5001
3190
575
7834
3711
7031
6871
711
4915
6432
3661
2783
6594
4408
3167
7214
2921
4369
6121
8009
2877
5090
5079
583
5964
1166
2114
8678
5051
5251
3618
2762
6407
5310
833
3197
1288
1635
1304
3909
2634
8340
6908
7144
4982
5455
4248
1969
4340
7442
4528
2248
3128
1336
6539
8264
1207
375
4232
6326
4744
1940
6760
5984
8371
6849
6146
453
3547
4610
2711
3849
2264
6783
2182
2556
4198
1838
6405
2216
5312
8076
2644
3420
49
7700
4543
8255
6777
5906
2210
6353
4050
3705
5199
5980
4767
7355
7301
7986
675
5107
2645
4824
37
8046
3551
7302
6530
1918
5169
3968
7324
2418
2641
5636
1897
7340
2813
5143
601
7575
213
8333
8276
8329
4560
7840
6033
4632
7063
4746
6317
1161
1679
6693
8103
339
4626
178
2703
7277
4519
6161
1158
7501
969
8253
5396
2965
1963
4710
8692
8298
8747
6669
4931
4795
3882
315
880
7686
4527
2865
6300
303
5036
2758
3244
2650
8537
1444
5858
7607
7135
6294
1542
2425
8415
7690
7037
1281
1911
5585
1170
7566
5619
8194
8030
5478
78
6307
3159
6805
3103
4074
2540
8014
4227
197
1515
3115
1221
5335
507
8485
4421
6139
6056
5870
7433
3021
7487
6040
7364
3042
1388
4195
6761
6886
7455
3747
4415
7217
6936
1000
1599
92
1089
293
6668
8056
3077
4725
4911
6513
360
438
1401
3615
4975
3926
1806
2389
2036
7815
4403
5748
6701
2487
6715
1378
7591
7312
5042
8250
226
7522
3459
1286
5414
1729
3816
6208
7375
1834
4523
1854
7368
1698
1487
5903
8686
3856
1296
8147
1682
4851
3398
5981
2633
6219
2562
3918
1159
7693
6211
7293
2913
2856
2598
4949
1216
1478
5053
2471
7512
2625
3372
6212
4491
1749
1240
3721
3597
5908
8458
8387
6474
5491
7318
6954
6978
8365
7721
6653
6037
7013
8118
2100
5446
4452
4102
2041
1949
7142
4839
1075
6274
4285
8136
7025
966
5480
203
6340
2604
2686
82
3516
8548
792
7984
3248
3136
383
6325
2629
565
7813
3794
2947
5993
4399
5273
2553
2949
393
4852
6075
175
6957
2309
5806
4940
6222
2937
3237
4603
2025
7465
716
5235
8007
5
3145
7404
2458
1280
2021
4639
2161
1376
5798
124
4437
3137
3068
7896
96
1869
7720
4869
4299
7612
3364
4692
8719
474
2963
2203
4761
6998
8367
4476
7062
5970
6868
1627
4037
2191
3166
5358
2891
667
8395
8603
3555
7861
7171
7507
4373
6717
4524
249
722
307
332
832
1623
5370
6304
4367
2699
8629
2787
8725
4122
395
3310
8142
4567
8285
653
4628
362
2484
7762
3207
8758
7752
7703
7876
5484
4317
5732
3452
8581
2077
7074
1498
6843
1379
1533
7668
6096
5950
8486
2322
7837
4207
4858
6102
3544
3594
4276
7166
1332
7283
1099
8327
8072
5485
1745
2959
1514
7124
2720
4000
5465
4837
1333
666
8187
5483
3953
73
4630
5413
7441
5707
605
1417
4735
7506
2773
6663
7952
2469
3141
4793
443
8444
2102
7709
4633
5139
268
3081
4097
2794
2311
4072
2153
5757
5892
1389
7901
5978
6547
1512
6403
5519
6532
5438
8624
2684
2969
6439
5887
239
3291
5260
2935
8100
5331
4689
7474
759
7830
8591
1188
4392
6495
1885
4789
4225
5684
8676
3273
6231
915
823
4494
3817
5263
7723
6039
7041
4007
2777
8532
201
5332
1979
3105
4698
5457
8707
3007
5464
5972
5200
8466
6694
8770
5506
8681
4470
7561
8585
8214
516
3568
8498
3636
7161
1028
1986
6958
8337
3989
6314
4620
7656
556
7670
5621
8174
1719
336
133
5700
4815
2592
2724
3596
1472
4805
752
1290
7601
533
8320
5994
5160
8093
5771
3743
3886
6399
7697
5561
5313
1193
4126
2832
8172
5921
6818
868
6929
7655
5899
743
5631
3199
4721
2578
612
8082
7877
6129
6025
1195
172
3222
3336
2083
7261
1043
3254
5302
4495
2012
2170
6557
2325
7384
6772
6155
6228
5442
5166
392
5508
692
2467
7732
7254
3317
8517
3087
3286
1831
4277
1970
8078
4643
7606
2199
3928
374
3231
6904
6678
509
5280
640
6562
2970
7315
2175
7389
2559
3774
7632
5687
581
5830
2292
1264
5214
6684
5204
6299
8731
4650
3201
3902
5812
5285
2409
4677
38
4498
4247
3341
6564
6293
4756
7589
7141
3964
8384
633
5401
2801
3905
7682
2434
1937
7117
5225
2466
2870
4617
7413
3048
1462
6258
8206
366
5844
8168
6782
6535
6105
4355
6281
5917
570
3892
1305
2163
7976
7081
3132
2460
2524
654
3047
5174
2074
3095
7224
5026
7879
5562
8561
4676
1712
5063
5409
424
4413
967
6443
7680
7563
3256
4253
7314
2361
2183
1256
5541
2233
4374
3744
5718
4116
6679
4245
3109
76
2908
3622
6093
7036
7138
3003
7523
6524
5650
3044
1054
757
6280
804
3442
5832
7275
6072
7079
1947
2007
454
8269
2080
922
1309
3684
5817
3062
1347
3624
4988
3117
4424
4363
1022
2194
3685
538
5179
5377
7850
8538
4027
7054
1397
2723
1997
4533
3943
3913
2454
889
3045
1202
3469
5141
5327
2702
4737
2388
8417
6477
390
6346
3301
8414
715
3511
5644
2721
5863
4715
6356
1109
3779
2139
6988
1451
8182
3034
7149
4346
4164
3247
5103
6498
5556
5315
1687
3934
7273
5734
5241
2894
5224
2677
3396
855
8237
928
3238
6857
7800
6675
6575
6108
861
5509
8021
4387
4586
8660
8412
2286
2747
5363
298
5373
5872
3605
3503
2602
6419
8460
4863
1360
3990
6002
8495
1081
6930
3900
1954
5415
2730
463
7499
7866
8587
720
5329
6552
2256
3174
3865
7926
7460
8331
328
3066
3376
1691
1352
1761
6571
1981
2377
4899
3449
6996
5092
2107
7646
8132
497
1899
4446
6792
4044
6115
1812
6519
4602
6903
6627
4192
847
5764
1340
4344
134
199
8169
2806
2053
2224
4479
5286
8520
3265
4948
4792
3595
192
7394
2728
194
4364
5876
6821
489
4764
7490
8197
7543
8226
2082
6619
116
5323
7408
3848
3978
1119
1136
4777
2864
5352
31
6047
452
4759
4154
8283
4089
2356
5050
5360
4667
3114
913
902
4073
545
6485
4508
6271
5701
7086
106
7237
1212
2155
7304
5664
3278
3353
4461
2384
3930
8373
5203
1298
185
8061
3361
278
4794
3334
5258
22
2419
3119
6017
7581
826
8099
5807
4984
6442
8547
3200
3822
1285
7592
3617
2378
8133
5345
7182
3461
1425
4907
843
7126
3479
3143
5504
4654
330
5976
1795
1292
3486
7393
4009
7437
3323
1748
699
5580
5816
780
946
7987
5201
6580
3810
4221
2668
7290
7827
6876
8406
2336
7199
8121
3873
973
4063
7012
2678
169
8456
6484
408
1781
6884
4981
233
5671
8441
150
1189
6508
2318
5955
1215
2518
7604
4473
2842
1448
7838
2508
984
5926
2481
3641
4611
4272
174
5850
4023
1734
2557
5549
3651
3069
8238
932
1124
7742
1739
2393
3874
5634
1803
4182
2424
6840
5670
2867
168
5113
5800
5695
749
1018
2251
6005
7741
5539
7618
8120
3063
4935
6906
6079
1003
30
6858
358
2581
8092
834
8434
5218
680
8559
4679
5843
4774
5510
787
6705
335
1458
4574
1233
7658
1919
8551
6120
1206
6449
6046
4970
1751
6100
7249
2772
5330
526
1657
440
1746
5479
8566
6354
5319
838
5846
2643
4711
611
1164
4612
7888
1095
7547
2430
6322
6737
7087
6945
2123
6505
7083
6248
8589
2350
3533
8262
1647
6867
4488
1322
6196
5596
4952
5943
2528
7480
3321
7416
5254
1865
8278
591
4326
3938
3749
3890
5154
4407
6421
8429
2066
6339
3619
6584
5828
5693
4132
4883
2915
2465
5624
7805
4016
2550
7148
7799
3378
2595
7046
5144
6185
5815
4339
3004
2252
7170
4095
3030
8286
3251
3761
7353
6874
3542
2401
3852
448
3566
1469
7042
2411
5940
6217
997
5382
3071
1363
8032
5003
3963
730
7733
4638
3140
8588
3331
2939
6374
1306
344
7045
2342
5359
4083
6489
5612
7403
2753
5392
7902
6680
6646
7361
7297
4507
5468
2543
2449
1992
1961
1561
2647
3946
3421
3147
3534
4231
8158
6117
6592
4214
7806
4532
7267
5755
2446
4769
7778
3642
885
4410
7513
4608
1950
7910
8022
3775
2488
2927
241
7628
3668
4830
6310
1528
33
7409
1331
7611
3328
4075
6045
7009
4012
7221
7918
5558
8058
7708
6666
1424
2431
766
8010
5384
1579
6122
7560
1293
7713
2530
6823
5569
3947
3746
5262
6953
5779
361
4757
5463
5988
1153
6184
5155
5431
2329
1744
8148
8065
144
4436
3634
7833
8360
7760
1488
7119
2477
7515
4018
2536
1826
924
125
2234
1092
8454
6830
7538
4065
793
167
6652
7475
4404
5095
4439
7425
5093
4526
6409
7576
6507
4067
534
2405
2961
763
1723
6201
901
1765
7410
8023
3669
2859
7977
5616
8005
3501
5408
4120
1989
1631
8374
7418
140
5975
4684
3827
3688
248
1771
1200
6747
3992
8389
5758
7411
1696
921
4966
3778
4575
3839
7320
2011
1243
876
1473
4806
3855
5949
6828
739
4595
2177
6190
4058
5705
3455
1523
8743
478
71
2616
1789
6905
5565
8763
8682
1955
7788
7510
5153
5995
5110
3772
2081
5320
3970
5668
1218
7631
2448
1994
4754
1825
7228
522
8665
6344
1351
6961
6106
8341
956
5365
5989
3951
5247
7307
5460
4343
1700
754
786
6618
4922
8741
5939
1686
586
8287
595
3993
2577
6811
6660
5960
1443
1461
1177
2612
3223
4263
5979
3391
3562
2445
2269
6364
3252
8712
6284
5198
4627
6070
8690
6966
93
914
5874
5730
5495
7156
162
7021
1567
2099
1611
8001
1505
3478
2745
4486
6883
3531
6394
2304
364
7279
2230
6392
5942
3671
5177
1852
7151
6797
5318
1998
2771
8713
7883
2744
698
3255
5357
314
910
1475
8497
3591
5288
2817
7483
433
8518
8106
4171
562
996
8304
5564
1584
4840
8031
141
1102
6804
3864
3454
5252
5776
5582
1463
46
6177
6246
7040
1268
7231
3312
8222
5803
6111
1733
5769
1494
4323
1314
7751
6153
6469
7939
6585
2437
3585
8294
3847
7020
6433
2636
4930
6718
8396
2047
7469
858
8059
4939
2354
8693
7421
3616
5041
7584
2575
7913
5739
950
7541
258
8722
549
971
7108
5287
3335
2977
3338
4509
5924
2670
2064
129
4923
5716
7133
768
3798
5208
875
4040
2674
1411
5366
472
801
4623
6391
8219
3169
5255
874
4078
3973
7964
618
7309
3436
2444
4749
3679
4255
2024
8611
5523
3717
2535
2253
3467
2608
304
8672
7640
4318
2450
5394
7673
5628
2046
7677
2237
6691
54
1241
3955
450
8275
8397
3659
982
2734
3977
3927
7109
219
8279
4914
2586
7468
8687
4910
1953
6848
1923
4236
5140
865
8658
2649
8584
1106
4359
7479
3468
5094
7772
5746
6123
6658
6273
5014
7111
3149
8166
7198
6533
6462
4573
761
1588
3382
7753
8332
3438
371
3078
1908
3268
8123
5685
2971
3060
2150
4206
5454
156
3730
1883
2632
1479
6156
3102
4850
3325
432
6207
6626
1007
5592
7730
8421
6104
6829
7211
1394
4417
496
5643
3857
4320
7359
8178
242
2624
6892
2373
2040
8054
6621
7862
2138
4624
3549
305
4585
6081
7802
8041
5165
5635
2601
6853
8638
3035
1199
2048
6605
2188
4990
7864
1616
1934
5727
6795
5213
2883
5065
5706
5482
1628
3046
3985
6410
2664
3815
6406
8097
3458
547
7774
3814
2482
2790
2719
4235
686
5893
6389
7244
5000
4292
4161
5547
3112
809
4525
5048
4605
6044
6545
3667
3261
1777
5057
2940
8562
5099
7549
8181
2583
6259
7114
3767
3054
3818
2630
455
4456
7622
1920
1587
2656
767
1406
8257
2453
4237
8338
6094
602
7636
7989
1547
7554
5492
1353
2423
1020
683
728
2164
6824
6170
7333
7216
4720
7278
5078
2314
3716
7574
6706
947
5101
7812
5773
8069
5216
3737
4933
1758
5238
6157
7525
6907
4002
5291
348
188
3925
2162
2421
7726
1518
2331
7736
3727
163
6369
4380
244
334
6251
5398
2810
8310
3795
5669
5432
6062
712
3246
1995
6001
990
3933
1668
8499
8296
4131
8515
5439
3088
2225
3791
3188
1274
3648
6011
3093
2416
6285
4466
4987
7787
1837
404
3490
401
8728
7099
6163
3059
7159
7747
4938
232
4033
2928
6150
6686
164
6288
5111
3475
6357
6757
1641
4577
4629
7943
7714
7891
3512
3863
5931
1822
5941
1960
6269
1265
4539
3193
4726
4496
1165
8196
559
2804
6008
3959
4885
32
2213
6856
2572
3120
2274
5683
5301
4483
5729
846
8316
3755
3802
7239
6279
4719
3911
548
5405
5735
1846
3954
2561
856
608
5246
1163
2759
4463
7734
8438
8507
6689
8598
643
2351
6896
7817
3397
3437
2544
1213
3484
8617
4325
5481
3070
1269
170
2962
3367
6956
4383
5790
4172
6779
2531
5081
5397
1149
6659
1851
6855
2897
181
3543
6296
1460
4505
5399
2069
978
6598
5688
6463
2300
3884
607
3139
8541
8751
2858
7884
2403
45
1730
1580
5953
3153
5145
3260
2433
373
2545
3434
2412
7798
2943
4811
6423
356
12
1563
4695
4283
6034
635
331
4103
6233
735
4963
2030
5400
2533
7470
7775
5840
11
8307
4501
1252
5342
1804
5386
2958
3129
3628
2932
1480
7766
7791
1659
6112
916
2368
7963
7343
5253
4972
8080
7536
7026
4580
5934
3763
2109
6565
862
1027
5868
8596
1938
3714
788
828
412
1524
755
3536
8280
1259
5498
4286
2500
7524
3473
7724
7101
3281
4866
8198
1664
7789
5744
4589
7373
8325
6059
5784
1930
3936
6893
5182
3339
7140
1943
1225
1671
1546
1776
1966
3498
8179
7262
5871
7922
4311
3296
2951
7225
4648
4542
5152
8162
7395
7825
659
2852
8156
5533
1750
8322
5900
6311
7260
3869
8016
3151
1355
6787
4215
673
1012
8051
6825
4827
459
5841
5692
2873
5909
5935
4056
3657
2610
535
2895
6264
7974
1254
1677
3969
387
7334
576
1562
3793
5348
2494
2005
2799
1877
7165
2298
3646
120
3922
2333
2365
1072
7746
3213
2392
8645
569
1445
8160
8144
4823
7729
5425
8553
6600
284
8033
3734
505
4465
3305
5215
1929
6756
6753
8635
2223
3627
8736
5579
4032
2152
5156
70
8335
626
5190
3699
3972
1232
3283
4706
4356
6551
7537
4707
5429
3356
3412
3481
4459
6099
2552
4366
8024
7617
8484
4570
3148
8045
2492
368
1382
5193
4905
1725
7004
6964
7588
5590
5326
5710
4389
1087
3038
7745
1656
1924
733
7056
7991
202
8234
2866
4511
816
3447
468
1884
1157
8347
8653
4658
905
8750
8210
7702
4130
2086
8073
3782
808
2942
5180
3590
8235
5449
5770
7889
5487
8539
7453
2186
8242
3418
1181
525
4657
6661
5576
6242
5627
623
3018
5536
7264
4843
2567
6422
1653
2276
3956
1317
3593
7759
6933
7583
4307
7185
1222
7797
4661
4951
5430
6275
4912
7005
7406
1596
7106
3598
2231
2957
7212
1437
55
777
2660
5528
3303
3843
1470
1365
6215
148
154
1237
3652
7085
4035
6179
4396
2247
3067
2899
5901
3043
2008
7321
7551
2792
6023
5567
3214
4433
5777
7811
1535
2265
6847
7873
1946
7326
1799
2537
291
986
4634
1248
4041
827
578
309
7250
5620
7357
8407
1134
5314
7096
8252
7698
1743
7988
2781
7477
7163
2394
6186
2317
2413
6445
1324
6913
1569
2462
2741
1778
1398
2975
8479
6256
6985
4674
3756
3485
8191
5884
4091
3600
5829
2517
7545
3517
2242
7084
8321
4563
4775
2087
831
2746
2468
2889
5426
7657
176
7735
4868
8291
4932
3586
2789
5044
370
4066
77
4011
8413
3941
1539
6247
8573
7629
3212
6704
8716
2104
4554
8129
4348
2305
7080
1052
7969
4895
7287
1049
3949
572
4460
7493
323
2501
6806
7715
5375
1800
1625
365
3713
6291
272
2764
5362
6606
5697
5711
1842
7769
1564
3578
6278
7440
8379
3630
6879
1373
4210
2371
3939
5075
179
1508
2078
5452
2259
8737
7059
1457
4004
7929
958
7456
3029
935
8494
1610
4545
1886
2496
2690
3182
5034
4820
6926
1684
2307
8654
7600
2340
2268
6282
1390
3084
7271
8487
6541
4712
2659
851
857
4588
7847
312
6214
7978
4847
161
2260
5578
8034
3508
6142
6866
254
2701
1530
5745
7219
1260
3958
6295
6119
2770
7181
4928
5742
3698
6472
1129
5602
6232
5151
5507
8529
7075
2839
3401
2855
1595
8309
5467
5421
8755
8545
8223
5085
510
7627
2589
7531
4867
1047
8694
2605
4809
1532
4039
4937
6826
8700
5245
2738
7514
860
1407
3770
4641
8303
4117
5019
8563
4160
4038
3074
5632
8646
3333
7695
3390
2967
4953
6725
2504
5761
3692
6188
7965
8427
6042
8019
2512
3192
695
419
2607
3165
4979
51
603
3315
609
7193
6536
1922
8153
5424
5412
5869
8015
670
7414
2717
5609
5835
4124
7385
2093
4371
976
7348
6561
4345
7532
5702
5276
2825
5762
252
2538
841
2876
6136
6471
313
3134
1786
8368
2985
2110
1942
3028
3764
5864
8173
1482
7168
6183
399
6628
136
7688
5575
3733
1412
5035
7755
2400
6306
4921
524
4303
3239
4770
2103
8767
8689
6738
7449
5108
7349
205
3242
3715
7777
2692
8401
2999
6118
8633
4787
2085
7076
1339
972
182
5056
3995
1833
1471
4779
7245
5475
7281
2835
3728
6502
1972
8757
2249
1063
6468
1297
8604
7767
79
1976
212
7701
6049
5918
3352
6169
3786
2623
1817
382
3783
7710
2232
5256
6292
3022
8568
4125
3872
5651
1509
897
8109
7725
6984
5337
8167
6553
4113
1632
1887
3825
5914
3546
961
2362
8424
1224
4243
6057
7880
4522
1904
3829
5781
4566
3039
3298
3821
3805
600
7970
5205
807
7419
4104
2788
5130
4653
1510
4296
4591
4594
6637
3609
3020
3377
3037
2669
3966
3496
7189
6333
6714
6976
5070
6467
818
957
8710
4138
380
622
5998
2001
6329
7299
8476
6054
6885
3186
5991
6938
6455
2266
3912
3695
8491
3279
2766
6343
4601
8772
4193
6182
6225
7558
1447
960
208
4197
8592
6147
1354
7039
2235
6790
3253
8648
7619
5750
4472
6425
4886
1396
5040
5752
6372
4864
1275
2291
1747
471
5083
1648
7892
940
6412
2918
2158
2549
5916
6862
8425
8254
6089
4048
1155
5002
4209
1019
5544
8554
3631
3589
7705
4191
7345
5657
6187
5527
3709
894
6576
43
1978
1965
3722
8749
3813
280
5333
5410
6459
6770
5534
3428
3837
1402
2886
5572
5115
3184
7370
5087
4728
4475
6492
4909
3921
4176
5725
7358
7661
4100
2474
1226
1122
1228
2211
4418
5637
3491
3920
5257
4614
5795
189
7380
630
237
5660
7638
473
2919
3820
8699
619
1227
5983
6470
5854
2938
6615
8154
825
1399
7915
7947
5500
6255
3064
2202
3807
6450
1621
3754
2059
5021
2892
6373
3570
470
4733
1234
2843
3606
1559
8138
4244
2584
1948
7451
642
8241
5195
6648
24
717
6338
4518
1543
7241
6735
1613
5554
158
467
1649
6444
7356
6920
4808
7243
941
4804
210
7065
1008
4821
2476
799
1044
8096
7029
8673
975
7378
7289
6061
6916
1875
689
3354
4531
627
1308
6076
7634
3525
1023
1016
810
3935
8085
7855
3650
8416
2875
7573
2675
3472
6055
6022
67
48
697
8243
7110
8771
7459
5709
4129
4254
995
6436
1672
5682
4668
8615
3788
5456
5525
8503
1045
6277
5008
6851
1555
5073
3185
6019
8701
2090
4362
5420
3326
4139
1597
1811
3123
5334
1558
4977
3015
6672
1235
2613
230
5030
1110
542
8489
2272
5282
8462
5633
4833
7823
4025
6066
7905
3432
5788
4246
3267
2013
8677
7191
3548
1735
5929
5719
684
3373
6845
6191
5489
5965
4426
7091
2328
8363
1255
5930
8761
7731
5888
1870
2060
7598
7949
7863
6982
4962
5946
190
4947
8789
2850
2463
8745
6894
1419
264
4108
4145
139
5043
1913
1670
2936
5747
8020
6051
7489
4135
6946
3834
7557
3860
3504
6764
2098
1283
1497
7178
5658
5733
1441
5277
1556
5171
1327
3974
943
8614
4926
2828
2934
1229
4425
8
3304
7872
5418
3689
6313
3803
5461
7844
2154
2420
6813
4898
215
4258
4401
1395
6159
5861
1383
4556
8261
6631
1993
8640
4017
1040
4431
2593
8459
5661
7794
3575
6636
6785
2117
4291
1926
3431
6308
61
6416
8662
8155
4717
3850
5799
1455
58
8754
5945
1900
6448
1527
4377
7209
4219
7694
3961
7367
72
349
113
5520
6709
2683
2352
1345
5118
5351
2165
7274
5054
748
1939
6743
7841
2917
1371
993
1548
849
1541
4965
5124
3010
5223
8426
7764
2006
7820
5033
8119
5012
3176
7399
4304
7172
4278
2146
6775
143
4999
4700
1387
3413
6650
3264
5018
6677
7586
6651
4797
5196
2779
6611
8730
3133
6875
8004
2591
6991
5606
7174
2111
1798
7398
7000
5786
4492
2035
7671
8090
4478
4873
8126
558
7819
8124
4796
6967
7982
8586
4305
639
2511
2956
4208
1660
4860
7097
40
4375
8782
1088
2611
5836
4158
7999
8038
4267
6286
8612
1295
7434
4144
2258
702
1967
3053
782
1663
8293
8110
6342
2874
114
8394
3563
7894
2398
2367
4156
3076
8446
3099
7038
2834
750
2795
5274
261
326
7443
3799
6030
1836
2635
7832
742
1862
2757
758
3759
2599
620
1673
3701
2888
4114
7467
1728
3450
4593
859
871
903
2201
2092
1169
6041
3340
4262
2018
3403
379
5607
8452
3052
2072
3587
84
3351
4042
6243
8240
8656
2470
8077
8388
8706
6801
1674
5306
5221
7363
3171
2190
3313
4321
3520
7035
2926
3771
1818
2135
6493
8556
4637
3272
8228
5699
6380
3494
4354
3016
4043
530
6192
7015
1342
7094
2239
7308
1466
724
8302
3836
3404
2358
2715
4730
7639
6223
3806
5150
3277
7445
5264
4264
1062
4831
7202
6769
6588
7476
7471
7871
8570
2108
1601
1167
5236
4791
1481
8398
7859
2129
6370
5866
4468
2698
4187
1999
1839
405
6687
5961
2637
3487
1162
8565
3620
7208
7234
3400
3407
7744
5782
1915
6901
6068
1359
5029
2974
6800
3050
1467
1861
6723
267
2774
5433
3528
8315
5879
1860
4738
1057
1681
3027
4370
5652
7458
887
1780
7874
2031
812
6642
985
243
319
7497
1699
5240
4211
2903
6932
8189
1459
5395
3640
128
5999
3245
2885
4583
8111
4249
4090
8655
1612
6665
2197
5511
5210
5278
553
8403
5785
6586
8314
2760
3463
2193
3871
866
726
5066
5694
7571
8439
3302
2273
5149
2816
7527
3466
5598
4890
1796
3080
1137
4489
7447
7818
5522
2498
2475
4549
8225
4558
4957
8688
2277
527
4266
7331
3662
5476
6260
8137
4607
1214
4183
3809
2696
7885
6724
4996
2208
1068
5097
138
193
4841
1034
681
7908
8702
8715
7992
8047
6641
5031
992
3266
2034
8060
1605
4716
2004
2027
52
4448
771
8336
2662
5721
1797
5367
3924
7002
7286
3719
7073
3550
1380
7654
8404
2761
2321
1050
7645
2084
6732
7936
3581
266
1636
2987
2372
1313
1503
7082
7462
5162
7130
7118
3096
7461
6999
2729
5023
4295
4693
3592
4832
912
4576
877
5911
1598
737
7881
5848
6762
6235
2415
760
3130
7687
6644
7100
6413
4467
7921
1740
7940
7822
2640
4751
5184
5496
6132
1762
6623
2134
8003
4121
5411
4098
7125
6101
4085
8265
1247
5299
7407
2493
8115
8643
3168
3196
6158
6595
4062
8650
6670
4175
3160
3497
4119
3751
6384
3448
589
590
6620
4464
4141
598
7010
1779
8440
480
1502
6098
4512
64
5316
1767
1423
8513
3835
2952
6418
1391
8256
8481
7954
413
4816
4294
8420
137
690
740
1895
3250
7354
5013
1578
2807
1973
7242
790
6950
2818
8557
7935
1874
220
5114
7192
6613
5022
3703
7555
265
6250
3854
719
6947
7317
2285
8605
8102
1299
3979
8746
146
2931
6952
7917
1060
1210
8522
5915
8564
1303
7843
6698
4742
2133
4260
8114
7957
2980
4980
8602
2978
214
2615
4256
3292
2654
6591
2020
2346
783
2262
4557
1079
954
8249
4159
5827
430
3269
863
2017
5563
1446
1609
2515
4747
6625
7958
1442
3111
8433
5617
8079
508
3175
2214
2982
7893
5045
2826
5849
2142
2840
5047
4803
5417
5136
3971
3090
8271
652
7856
308
7669
3706
7113
2128
4647
7344
1041
7491
4222
5336
4950
4876
920
991
6363
7282
7934
839
708
3708
1594
6831
6336
8086
4334
2907
1194
8385
6544
1651
7630
4301
898
3005
3195
4802
3152
5778
8569
3875
7464
8053
7674
8753
7292
5486
2884
5088
4659
8506
4173
5209
245
3164
6734
3702
151
2057
5895
837
7852
6633
3552
3456
7938
6860
1603
6435
2406
1209
7973
7028
6781
6538
3308
3383
1704
1370
5938
5962
1374
2166
5614
4660
53
8036
721
6220
8703
7691
8328
3540
88
1633
3276
8151
7102
5517
2385
7424
1449
8443
7615
2219
7792
8057
4360
1805
5378
1760
7177
7625
7296
5740
1301
6087
8066
8143
8095
4616
3560
3608
458
7826
658
2996
5878
6415
7428
4642
4381
6688
615
4561
5067
5720
173
8528
3243
1004
7951
8297
4432
7405
1046
398
1438
4238
3177
2848
907
7565
4257
7780
2733
2079
7776
479
3453
8359
8342
7540
4669
1182
7240
3365
3294
8084
4781
8679
3539
6327
86
2585
2427
8376
3410
7621
677
6263
2800
423
2028
830
1112
2396
7749
6438
1772
4136
7051
153
6882
7770
2122
5649
7496
4786
1792
111
418
2363
6487
7310
3366
2379
2101
8231
4941
8343
1307
3677
4335
3710
1898
5361
2185
2732
1266
1933
8353
2097
2480
5969
5885
100
651
8202
7415
4423
554
7032
2950
6289
4092
8724
4780
764
3639
4268
6234
3599
107
6810
1703
5270
7839
4893
1300
1294
3846
7603
485
5194
7402
5666
1896
4540
6712
2845
4702
6798
5577
7060
5954
580
3877
6074
1658
6511
29
2809
8215
8105
4196
1576
6164
3862
4081
6265
1287
7785
650
431
8101
4919
6168
2014
5905
3896
8435
384
4887
6434
6229
7160
4945
19
1715
500
1983
3380
7932
8610
3215
5339
1823
6910
5753
8035
1573
4096
8391
259
171
5138
1557
2
4077
3876
341
7376
7347
6582
8777
3017
2156
6993
1593
6846
4414
908
634
8364
4517
3553
8392
4394
5513
3757
7981
4045
2565
1489
7383
8026
6850
8583
3643
4763
4376
1025
5470
7201
4690
7379
3769
7596
1420
494
5674
7550
2763
1891
829
4422
3726
8281
8669
1015
5403
7946
8098
6446
4708
6816
8128
5546
4409
3994
6915
7253
7556
7007
4813
8618
6599
6456
6673
3819
6578
476
8422
4727
7164
6173
6556
747
1242
822
1921
2651
4724
2661
8684
1665
1131
3931
3910
6521
3697
2796
1586
4835
4148
4275
7150
3344
2554
6864
5514
4683
5192
4289
577
964
4372
4651
2284
2428
7444
1454
8590
3040
8386
2056
2609
6290
4490
4290
4649
3297
1190
3161
4997
6624
797
4082
3444
7911
5222
5187
942
4908
4785
2831
2119
1791
1205
8091
3433
1105
3075
4544
2478
1857
4971
6873
3950
3157
8212
1477
7145
1219
2606
3625
8176
8267
3375
7613
1315
550
6464
6799
5052
6323
1763
8418
878
5231
3138
7179
3032
8477
8723
1731
6319
3623
4390
8576
6362
5219
2261
734
3419
7865
8075
5098
8377
7950
7641
7412
1695
4917
8785
1906
2827
4287
347
255
1173
2573
7898
6473
1499
5135
7650
1048
1890
4451
6082
6549
28
8305
1362
5736
444
66
2003
3784
645
3435
1400
2521
351
6612
2749
5369
1642
3318
968
8781
6113
5759
7906
436
4149
2603
4115
1624
7925
2726
2287
8270
4983
3670
5376
4168
6891
7235
582
7684
2979
256
1078
3535
6490
1683
8670
517
3258
7122
513
1554
6431
3604
5469
8567
180
5181
7983
2435
1058
1086
3359
3780
1375
4681
1385
7360
5309
4109
2880
3569
506
4529
6736
5804
5127
5157
4010
2050
353
4006
5571
1422
119
2461
8606
948
2334
8480
773
6209
5142
2588
8475
6995
3718
2514
7924
1850
6560
4499
1872
8552
2209
893
2506
6742
7454
1321
4565
8457
1238
1185
6383
1026
8664
2631
3194
3439
4541
2042
6617
2505
5625
225
6420
6963
2881
5641
4955
4021
8288
5163
6205
6176
6402
5542
8752
3417
6387
4302
4798
5161
1051
6707
2520
8323
8324
2713
840
7365
1430
1111
1091
4351
625
260
74
8467
5281
4430
5743
2621
3025
1414
3838
3720
2181
7436
6839
6510
8762
5100
883
3098
4783
377
6138
2791
5920
5937
631
416
7663
8734
7341
6609
1176
5353
3343
977
159
4273
7072
2296
8514
1916
1006
3126
6921
5064
2731
725
3991
2775
6739
8644
727
2941
3824
1490
6888
7152
540
3573
1766
2068
2490
2751
8274
7867
4635
4028
3880
5760
1121
7486
5227
6086
3982
1245
1009
3394
6154
3024
5220
1156
4212
5428
3008
6479
6408
4338
4506
1692
5388
7432
7595
7006
3476
6347
1618
8141
1160
345
8351
7857
3986
7933
8445
122
3211
1808
7294
3507
7390
6069
624
596
2168
5427
4270
1513
2320
8008
8292
7206
1991
2735
4220
4279
5990
127
98
2617
4107
5765
8542
802
4671
5206
753
4474
1741
5071
306
5275
5435
7509
1338
2345
2906
6630
4943
21
7644
4959
6788
2179
8511
4618
6181
238
8083
3086
4967
7516
102
282
209
4419
5639
8595
4714
5250
6522
4625
2495
5211
3940
3866
6497
3314
5873
2095
7869
2429
5183
501
5968
10
4897
929
3983
7542
706
584
251
5164
7246
6919
6897
6990
6491
3660
6713
7608
8067
776
7548
6063
6213
8313
2529
2275
6131
7350
4076
4729
5049
4913
6526
8268
6877
4110
7044
6316
5488
3426
2222
1249
8042
1310
5390
2743
7716
8742
1335
7647
911
5159
1493
20
1367
6759
8461
7652
288
6067
3189
7784
1038
1273
1191
3350
6240
95
3505
7967
6400
5228
736
8055
4825
5202
6865
7831
2657
7197
5119
1093
4734
5402
8663
7593
3975
7739
949
7757
7298
1083
8117
4998
2900
7995
5551
8260
3557
1130
7089
6006
6749
1914
2456
7508
7426
1138
299
4337
2254
7369
4882
1236
6027
4336
1251
6084
2742
3894
4420
3173
2280
3288
8769
23
6003
1506
2144
5913
3645
4579
6758
5226
6348
674
2464
1830
1262
1784
6987
6226
3554
1495
3499
5207
6581
1073
7804
5672
5242
8184
6133
5833
2324
1059
4333
8352
2574
391
3217
1732
8748
5550
2178
8311
6349
2509
835
8472
5712
3229
3748
4259
5116
451
6776
2058
8372
3796
8362
7903
4976
669
6144
5704
685
8205
6143
6480
5502
599
4788
1592
6036
3888
8049
4166
4530
8195
7689
1468
5902
1646
663
6934
7207
6730
2267
6878
3355
5958
8284
4163
6682
2587
2914
4901
6332
447
6352
8113
1688
8027
5772
3385
1141
3952
7665
994
5046
1115
6199
6071
3602
5237
1356
8229
917
4329
6189
87
6241
5823
1126
6426
1107
1650
951
7362
5530
3680
6107
6720
983
6335
5453
4438
8063
4562
2043
2126
4137
679
7504
6135
7585
1113
4080
6744
2364
186
2898
4536
5074
352
3422
6090
385
1148
5518
8227
3057
1272
4995
2638
5622
6032
2710
4453
4055
1814
8334
6752
3823
1770
5665
3521
7519
1381
4003
6393
460
16
320
6951
2542
1077
2029
3724
4105
5568
1010
2472
4985
7529
1847
6315
8339
7430
2910
3240
8326
3387
7503
8025
4497
350
4458
2642
7875
6696
1055
6083
1753
937
5581
1722
8157
2955
2120
751
6960
5794
7712
8134
4799
4504
5689
7352
2688
5462
7580
1802
1325
6572
1602
7016
5552
396
3346
8272
1014
7258
1529
2452
2854
8070
5234
5459
8411
3712
5537
3
8533
1708
6088
5766
7092
6574
4185
4615
1522
7660
2847
7743
5797
2486
1620
6518
2712
281
274
6016
217
5191
1405
1988
6064
5448
5290
7484
4365
6203
8089
8170
2655
5084
3092
6128
1868
275
7609
3386
6496
906
6417
3101
5311
6986
5731
974
7990
1717
4200
4768
6863
3033
372
1866
6503
6486
5763
3700
8163
8717
115
4111
962
461
3146
2221
2344
5387
3108
8146
7845
5586
6227
2338
2332
4581
5383
5303
3932
1504
381
2568
6077
8594
7648
2459
5271
4875
5956
7562
8308
4093
3061
7196
2218
337
1465
3948
3441
1186
285
7756
6844
732
6948
5441
5847
3518
8613
2410
1626
3202
8622
2205
6318
6703
4741
4201
4281
7386
2327
4428
3895
8208
2240
850
4929
1958
3009
1312
1334
8300
8410
1011
1427
322
7069
2998
5886
2945
6640
8631
745
4178
4750
3489
1135
1084
3753
6341
6482
6699
8641
8698
2786
5122
8680
2037
8107
5676
2391
3180
637
4881
989
7252
7295
3429
7683
4252
6287
2534
5889
8140
4696
3514
2386
744
1793
1435
8471
3776
4960
2315
8621
1377
5566
6204
7737
5698
4251
4165
5529
6361
1408
1706
7478
2326
6569
2627
1996
8729
8382
7226
7435
2984
3124
3773
2925
3495
2716
3607
8732
1404
1187
5125
5340
3997
5175
646
6563
3907
1853
6218
5493
3013
3179
512
4552
7288
515
289
1117
39
536
1439
8186
1217
5296
2227
1005
7023
7740
6980
8345
6050
6481
2707
7887
7727
2255
5897
1545
4341
7783
4019
4790
2752
4584
3306
2527
3577
4434
4298
6763
7567
7923
6014
3785
3482
7824
3515
8696
3424
6746
2912
5570
5512
8609
75
2802
1094
1990
8216
2672
6927
2782
955
8450
6755
4968
4682
4857
1150
543
2145
6253
8050
8657
4288
6607
7248
6962
886
2257
7602
8354
1021
6656
2953
2200
1782
415
5017
324
6741
4357
3227
2339
1330
3457
3987
3319
594
2547
1500
1600
7904
7919
1319
5630
848
1552
7968
262
59
223
568
2479
628
8074
2778
118
198
2167
5123
109
5515
4174
6461
6955
6872
7728
4088
2503
896
3797
3572
934
5131
4
1080
3384
5007
7401
2212
5982
8779
8164
2697
105
4031
7790
2857
7429
4444
811
5466
5102
7763
1752
6359
7388
2558
7008
4127
3693
7717
778
2246
7912
2522
469
6004
394
3307
4406
899
8370
8675
881
152
4069
1151
4870
6768
1511
277
475
3655
5061
8423
3172
6305
3110
6922
7526
1118
2301
4386
5680
2994
3565
346
1975
206
211
228
6018
2893
5737
8519
7897
2236
6447
7247
276
5667
486
2096
6366
2439
5708
2523
2995
4772
1250
6499
1820
3091
3915
8319
4226
8116
7070
3370
4269
3653
7014
26
2666
1434
8593
5820
1384
8378
6589
327
2121
867
2241
5601
7265
2693
3320
4447
2399
7438
6230
2976
2125
6647
117
6918
563
6512
5678
6602
5024
5120
5591
2294
4022
6428
1350
5837
5932
4878
7931
2513
2002
7941
3477
6649
2293
2160
6267
1835
1710
3632
5158
979
5391
6834
6531
1410
2933
6608
2455
4587
7616
3537
2380
3094
6525
7944
784
2499
3658
4818
4188
7711
6965
1697
13
6593
3198
4848
8263
6515
3629
7473
4030
2639
7624
6048
2207
6266
3023
3742
7979
7786
231
3191
4609
8357
7136
3405
6224
661
3870
4896
593
3000
4925
3690
3056
2308
1279
4189
2169
4316
8508
283
8496
6424
5091
110
7158
5659
3828
3257
5443
614
7003
2579
6610
1230
7236
7139
3574
7183
3686
7374
8620
3889
5724
6328
8247
4936
7269
3883
6010
529
3707
3170
1053
1146
649
2288
3840
546
4150
8236
2622
271
2829
4450
1392
7068
7594
5134
2833
3654
1590
4361
6239
2590
5374
3760
8356
2905
2502
1271
1257
592
7597
4384
108
5717
688
4597
4920
945
6751
7961
2263
6614
6360
7610
6390
3885
6523
1606
7325
218
8108
4973
7372
1903
2195
5458
1421
1690
2184
8301
4680
1855
4134
2049
3293
616
1142
7205
2382
8346
4861
3082
3488
2820
6786
369
5791
6180
1168
919
3483
2769
5434
6388
2960
1516
1440
8505
6504
2369
2422
564
5856
1453
3181
3881
6567
3471
7980
1629
246
3116
2062
4666
2204
7535
6351
4429
7115
8350
6899
6309
819
2705
420
5615
5450
7495
5796
4053
1801
1892
6465
8483
4051
3674
6514
1807
3637
6676
7397
1534
6935
6257
1393
4906
6632
5696
1959
5599
5723
3430
2909
6570
2532
1560
2045
6923
2755
1491
4271
5912
6937
8220
1974
5857
1337
2335
7155
2376
8775
8358
442
3259
3861
1175
6095
4904
1152
7328
7750
2680
1553
1519
7146
1180
499
207
3219
65
3731
2076
8295
4874
8661
7018
8788
6261
5690
1042
1711
5638
6979
2653
3058
5028
4828
6509
2226
7319
5951
7521
853
7546
1787
3687
6441
5368
5249
5890
3019
2571
4261
3996
3583
4445
2614
6454
3206
3144
1416
417
3233
6771
7907
6013
629
762
4169
678
3389
8393
8704
7704
2015
484
7530
1258
3980
2830
4385
5818
8546
1666
3638
4688
3801
5904
1858
3762
6009
2116
5656
6237
8094
5436
4571
544
8600
3509
8516
2736
7175
7681
5618
775
4961
5109
3561
1278
6193
6928
4184
5808
492
2397
8778
7635
354
2673
3125
85
3601
4411
1097
1788
7707
3556
104
482
5445
1655
160
3811
6972
3612
4213
4086
2196
5355
1291
6376
6959
8510
5977
441
6710
5952
864
6000
1030
8619
3073
7860
5059
1680
2359
1615
7803
2023
7439
5662
1145
6852
923
5648
4884
7488
1775
3965
2997
528
1568
3859
5393
4155
4412
3464
4646
3324
3399
3904
6268
155
5167
403
1538
8104
8203
1678
4969
2147
6303
4157
7722
710
5416
2920
439
