6315
6615
7028
438
3612
2351
1514
1987
7062
2853
6284
7316
847
8723
1488
5413
619
4887
5971
2862
1565
3975
2856
1497
4440
3786
4113
6245
3917
2688
6592
5880
4188
3944
1854
2529
5071
1377
6015
4527
1779
4612
8317
3682
7235
3742
1230
8182
4272
143
2742
2920
5392
3654
7172
2210
6179
2028
2453
4385
2738
6980
3273
177
1460
682
2442
4176
6771
2464
2889
7104
6987
8720
7081
8326
3043
4008
5834
1395
525
4556
5739
6006
1449
5025
1758
5384
3725
1466
1241
2810
8759
7276
4735
7290
2416
191
8449
4160
7124
2262
7396
1262
7686
5829
6476
4517
2970
4746
2666
6129
6794
7526
3522
1421
5007
2651
6581
3591
6063
5223
7823
3133
5449
6413
7493
6086
7132
4674
2251
7192
5516
3170
3838
8142
4192
3122
3950
8428
2945
6579
2184
1931
3859
6392
8030
6865
7784
198
4647
698
1661
904
6658
13
7992
2420
2660
6289
4641
2205
471
1049
2628
6675
6910
7455
2496
2519
7366
4217
146
6780
4995
607
8735
5328
1350
4108
3948
367
4817
6058
6641
7264
3147
1459
6356
1040
2361
8071
7564
4791
2803
3605
1441
7089
1742
3636
3209
4350
6222
1614
1850
3145
3316
2497
2850
1989
5232
4047
6422
7801
7491
5343
3395
5461
4328
2346
6062
3072
6843
7619
8514
7233
6444
1855
5419
8274
4781
35
2198
1461
4785
8184
2895
7178
7874
1651
3087
6052
6840
598
8318
1171
8192
1611
4592
4139
6349
6082
7020
6291
5242
2358
2684
5643
8656
7083
7681
4083
4623
3960
2791
6922
5383
7398
6858
1342
3743
3494
3899
8026
7355
3853
397
5683
5774
5976
274
7904
7728
630
5712
8417
7576
8610
2958
3412
828
3756
812
1190
1815
7252
701
6777
5807
3627
2562
5867
3890
7326
6250
5833
3701
1954
8766
696
318
7255
1020
1357
7537
856
2616
6384
2503
8686
7486
3061
7744
1208
1164
1382
1874
2683
2329
7009
6418
3867
2501
7632
8670
553
4065
3226
1454
906
604
3874
86
7458
915
7056
6068
1227
7357
1316
2021
1276
7283
4448
2152
6960
4511
7407
5949
2722
3002
340
3825
6890
7991
61
2291
2417
1951
7605
1612
2639
2703
4802
7982
2932
7019
5456
2336
7348
6038
4077
1594
807
1867
257
5973
5613
3958
3141
3557
2893
1094
1376
6739
8530
1865
1300
4229
719
252
7379
383
3906
2980
8450
2500
4780
5959
1886
7865
4147
8063
454
7872
3929
3113
7607
7039
7352
5277
5935
6547
5825
7953
5530
7794
1074
2611
1495
1433
2798
4173
3589
7716
2489
4819
503
4933
822
3413
3885
7003
7756
6138
4438
5809
8675
2156
7995
4299
597
6453
5531
1938
2845
3362
2624
6241
6697
7388
524
4241
8528
703
1492
3666
7135
1055
2
6557
6200
2419
4601
8456
6121
4349
6618
6705
7442
1035
5387
1217
490
7457
7884
2364
3079
6026
6173
3374
642
4184
2547
4339
5997
920
8237
4096
4597
6210
3230
6620
2955
6273
4813
4689
4457
4631
3387
111
1853
4846
3847
5352
582
3118
7324
6180
6585
1347
917
4884
4957
2746
2388
7375
428
2384
6399
7043
2937
2392
8157
4734
5121
4520
3430
8642
221
4557
7567
7983
2767
1473
3029
6806
939
6636
5557
4080
7824
5600
4564
5496
1320
5262
1102
3084
5982
6698
7163
4430
4128
4201
7568
7378
1739
5767
2432
2189
7516
3810
4996
3887
4763
2320
3415
5115
2839
4983
5579
2256
7299
4429
4013
644
6735
6548
5604
3559
3036
314
7329
7606
4290
121
2372
7170
7008
4199
1670
2348
5369
2944
729
0
3935
8732
2874
7451
8187
1674
1266
4484
4081
6428
5629
6254
7804
5354
6895
5630
6424
4307
7712
1933
2663
6314
371
1272
8276
1548
3071
1581
2325
7249
5752
3124
2697
7714
6942
3683
1903
5345
6066
2528
4030
6275
3833
6253
3466
5924
5355
3330
3509
6539
5353
7780
6898
2763
1151
92
7866
6822
7770
5998
3649
664
8490
8595
476
6406
1606
1996
3822
6136
8045
7409
1808
8100
6552
2089
579
1161
8329
3263
2441
6791
7643
3820
3987
8314
3190
1239
5625
85
2516
1830
3379
353
1800
6219
5811
3945
3053
5291
8139
7944
4500
1120
52
6917
3850
1237
6670
8186
4209
6336
5568
7227
6521
4064
7847
4063
8422
1555
616
3475
204
5705
4720
6708
4505
2904
3677
5732
6045
909
852
5930
8021
2820
7069
2369
4760
8397
8122
8762
6423
3347
2006
8768
6530
8719
8473
1429
3746
1486
321
4439
1513
1841
2016
6804
2096
7025
1101
6640
8469
20
2172
6875
8432
78
5589
8254
721
4833
805
160
3876
7303
7900
2606
6662
949
2701
334
1880
3378
5835
6631
3237
4318
3394
2267
780
6119
2854
8151
6775
4036
5545
6823
2186
7162
7762
8504
5666
6537
6055
7238
7440
798
4778
1207
7133
4476
8395
5429
3400
1001
1138
8606
276
7465
6687
3936
5174
2245
8388
1940
2584
3656
635
6867
8404
3120
7613
5361
7426
159
1575
7669
255
7577
2307
3171
3849
226
7317
2283
8426
4023
7810
328
344
672
5341
3668
376
7434
3188
5989
4054
4707
5692
718
6417
7358
5597
1312
2671
3646
1313
6223
5863
605
801
2043
7445
6080
8652
3172
6375
7319
6817
4424
5972
1419
6217
3670
166
1496
2294
3385
894
2101
985
8204
2084
3922
3745
5754
3556
3757
1141
8072
6516
4856
6348
5323
7646
5696
6057
3966
8668
8350
8119
3386
5537
5947
1524
3781
8176
2380
8008
289
7186
2943
6906
3213
5471
1535
6695
6748
8103
7604
4489
7763
482
2726
7185
4625
6749
4595
45
1623
7615
3091
189
6996
357
1583
4416
6861
7431
1512
2484
2509
2062
7922
3370
4038
6672
1499
5472
6049
6278
6527
6362
608
5624
3895
4296
6614
2414
8590
8148
2990
1296
4499
2619
5952
1603
7717
1823
1487
1353
3539
6199
7888
7164
4901
6525
5748
2621
4872
5535
4535
1943
7498
5682
7007
3276
1446
2998
1220
6871
7245
8320
6206
5108
439
6352
4186
8563
7980
1261
3216
6388
4725
775
2217
8546
3594
4458
7115
7332
1158
6688
2743
5236
8278
206
772
882
6724
7951
2914
5753
5514
4224
3852
1436
6682
2300
8406
8393
3140
2941
5775
3433
501
5688
1002
8307
4132
329
7705
5927
3468
1270
3480
2240
1735
440
3919
1792
7049
6542
7405
498
6738
5037
3414
3888
6169
5529
3103
1148
861
1711
5264
5134
6182
1560
6154
196
7656
392
5954
4333
3965
7318
4286
8225
1652
7703
6979
8584
5819
292
5178
5490
312
8000
5635
107
4712
747
7854
2470
6301
7223
8112
1766
6951
6175
8770
762
8202
3834
1354
6994
3952
3249
4496
6061
6378
4528
4756
3684
1301
8548
7655
983
7905
512
6449
6060
3442
4166
4770
1500
7454
3074
4187
8136
7748
223
6069
4283
2457
5008
2478
7273
4243
3540
411
6991
4616
7371
1401
3536
842
5162
2160
1695
2540
6311
6239
932
8093
7368
1955
7362
4142
2531
3706
1736
4784
6624
6874
1505
543
4269
3313
2730
4220
7428
6584
6887
6126
6609
804
5821
7305
3018
8009
77
4161
7417
2127
6324
361
2961
6544
3105
4811
4329
829
7724
6832
7675
808
4441
2536
7134
3101
3350
7494
2138
6243
1549
5179
2887
2161
5609
4016
4684
2494
5642
5141
3269
8270
295
1185
3109
1783
1288
8384
895
8491
4501
456
1088
6903
1579
4336
7662
3223
5315
7155
2720
2737
8696
6707
6572
3600
49
2011
7521
6946
7166
5118
2921
5313
6789
3896
6977
5006
5348
1022
5107
7288
6596
7617
3119
305
2017
603
5817
899
3296
893
7832
1727
4572
7113
4873
2597
2246
2438
6940
6268
1402
2792
500
1478
2852
2805
8580
2281
1255
7304
1114
1195
7637
2898
1480
8438
8028
1601
4801
5056
6238
1759
5940
2285
5158
3319
5089
7518
5366
1083
2556
1315
3780
3877
3489
3439
6575
6835
6373
5254
2323
5716
4421
7624
5095
3554
5938
1741
6725
3493
5762
6473
3451
1798
8123
5659
1811
4671
558
7695
3176
8053
409
145
5378
315
4153
2018
3418
8481
112
3179
8583
1386
4852
6156
2396
8238
7973
2580
2778
1285
5451
5041
3516
7022
8707
4174
6850
7351
7187
2309
7887
3892
2744
5737
5284
609
8381
7471
4894
5350
4238
1725
6158
3882
5573
8480
5316
2983
3804
5885
6563
5334
1958
3579
6937
5747
6554
1034
6627
4877
8303
6679
6955
2170
942
643
817
8511
6634
6849
4233
5917
1834
3770
8571
6153
7136
3942
2976
8137
6201
6599
8120
7629
4658
2557
2063
5398
5224
3492
1467
6753
3747
7542
1950
7610
2044
3462
5704
1238
4244
7076
1324
1501
3893
4787
3039
918
7198
3356
4888
8083
4400
8715
504
4407
4492
8006
6870
4399
6643
1328
5276
7219
7058
4600
1644
4899
2748
4355
5123
8787
1331
8179
2080
7701
8379
8166
4728
5198
925
5080
4308
3292
4876
5693
6280
1827
7479
1631
5550
4800
4938
2289
208
7214
3288
3358
1602
955
6837
2849
3435
7976
8305
8332
5634
8684
6165
3794
8227
2796
1413
4699
8568
3168
4319
7101
4626
1047
7766
1836
1252
2667
2913
496
8672
4925
3424
1737
6363
4675
2922
7545
5536
8519
6613
6518
8218
2919
1857
3082
6562
8067
7177
3461
6328
8738
948
4335
8195
5417
7588
7146
8234
4287
5018
6209
5132
346
7197
4793
4657
8288
1125
6330
2766
3686
6014
5230
2762
8251
6075
693
711
7063
7559
6065
6814
3081
8410
3046
4765
8430
5084
4798
8246
2809
6500
6214
7013
6920
4
5094
2474
8066
6050
1771
6808
1284
2367
2095
2248
1169
8532
5154
8695
3712
7787
5009
6374
4704
6405
8408
7946
2609
4816
7032
3858
6249
3779
6916
2579
1127
3710
1666
8312
6540
1672
4988
2374
7678
7246
3978
585
3453
362
1904
2739
4331
6534
4334
2891
8169
5965
6805
6370
1598
7038
622
4666
3661
6796
368
8486
928
8232
4219
5497
3513
5322
5469
6190
3010
2912
1700
2520
8639
8308
6379
5190
4247
2704
7500
8423
1391
896
3366
2649
7386
108
5067
7897
5750
6322
3198
6506
5017
663
7783
2537
1056
4266
6582
4437
4380
2601
6493
2105
1901
5175
8064
2132
6872
3611
1311
1780
1559
4921
7382
2452
3096
1891
448
6376
7685
5474
7347
8313
4779
2331
8520
2897
5059
5941
3679
2847
457
7580
3130
3454
2971
2162
1916
229
6779
343
2950
5393
6884
8128
4015
8354
6536
7310
5899
8273
7850
3217
2753
4551
8152
6912
3244
3791
8556
6350
5566
7771
6019
4341
7270
4332
971
4345
2554
4017
7871
4432
3332
6358
63
7593
1892
5404
789
6504
3441
5854
1969
1872
6258
207
5302
3730
5214
1806
489
1890
393
886
2051
5004
6888
6389
2376
6824
2456
7507
8222
3075
4502
455
2144
2775
7372
1152
8641
7795
18
1132
5081
2257
7726
7218
2326
7029
3979
1982
2135
6943
474
930
5402
5437
8140
4615
6466
5652
6503
2661
8465
966
5932
8248
8104
6630
1303
8224
5433
1254
5520
7725
3060
3722
2025
1563
2439
6819
5988
4874
2467
2755
5370
2836
8523
8594
104
2083
3971
8304
7239
1036
7751
5250
1871
7616
788
3248
3233
2050
6040
1941
6403
404
7037
2642
6659
953
2180
6382
8163
7308
2193
3562
2120
1875
6400
8730
6566
4251
6650
8076
946
6460
37
4348
2264
3398
6617
8330
2695
7895
463
7626
3664
1960
1202
125
3162
8677
7592
8575
1704
3565
7429
4941
7773
190
8126
5601
723
8352
2859
2593
8647
2710
3570
3239
2334
1139
4060
1997
4531
8525
5832
6520
2833
6550
8643
2272
3003
407
339
2007
5653
5792
5
4503
5227
7597
1801
8599
94
8596
6594
4839
1963
8349
1325
2190
2596
4276
4034
3573
8050
959
6988
5263
5826
2804
3416
7114
7827
1245
1236
3571
8543
1900
6089
1545
7340
1932
6524
6202
168
8080
4932
17
3652
6188
6929
389
2076
5822
7321
7153
2395
702
712
7848
700
3291
2915
2966
8638
1396
4978
5130
2699
2772
7759
7016
3427
2610
2545
568
7611
4619
3772
6595
2620
6755
2258
3474
7203
6212
825
7869
2270
240
6868
6144
310
2844
2298
8095
992
3115
824
5664
2177
120
5871
5694
2574
1550
8492
4462
6267
2386
8526
3588
7331
5203
2366
171
5140
8524
7005
1281
647
1507
359
3560
2532
2403
6743
8581
3099
418
1009
2465
8138
5052
8241
1167
3111
7575
4405
941
8325
3759
8654
5865
806
5342
251
7886
7387
3098
102
7345
2389
5239
4510
5312
8690
7302
816
8088
5221
2265
4664
1751
7190
3800
8470
1847
2055
4697
5718
4469
3778
7300
1468
2053
5386
5233
8724
665
3637
7441
5251
360
2173
8688
8153
6292
3864
34
8593
5279
285
3511
1445
1179
8363
8175
8605
4655
2306
3215
1295
6751
6415
5259
8671
3761
957
7413
4415
2570
8321
8099
5850
6803
8409
2466
905
555
5657
8728
6023
7746
7851
3325
1589
3078
2019
5879
1214
6923
6999
4589
1921
6742
7225
1397
1973
2094
7112
4632
7096
4412
2087
386
1191
430
5876
2426
3232
3282
8059
7861
6982
3520
7350
3569
752
3564
574
7800
7878
7456
2807
485
8077
4524
6628
1577
432
2481
4002
7427
4759
4731
6947
2953
2989
4587
3221
7679
961
2443
2316
2431
6484
3004
4549
8452
2059
3214
539
6215
5528
7393
5763
3107
8221
3711
6671
5645
2212
606
881
6716
5171
7753
8375
3997
235
8648
2425
8378
2112
7424
1349
2313
1974
6886
8499
803
8082
5441
3551
3309
6316
337
2506
5327
3994
8194
6559
6097
549
8079
1053
7213
4695
3051
6077
6114
1159
2517
8108
3025
4267
7373
5687
7208
7680
486
7902
7812
1404
5665
4246
8015
8478
973
7139
6102
3062
7057
1222
5848
7742
3139
6894
5337
2566
268
1906
1306
4680
8485
1829
401
1267
5929
148
2560
8038
2247
8487
5996
5256
2402
2685
1242
5906
2282
7674
6110
2978
5430
1286
3488
8055
670
3769
2303
7650
6281
3337
3409
7140
3303
4434
2004
458
1400
7400
6830
4250
7404
7448
8298
6448
1068
725
3760
1635
2959
2459
97
3597
1018
8016
7709
4654
7401
5701
7974
5271
4751
6815
3279
5721
126
5212
3224
1119
3267
2910
1383
6076
8435
5163
7157
5485
5980
4879
7809
1199
7071
5292
4252
2885
883
7996
1384
203
1268
5245
6287
3729
6966
2350
1453
2381
4414
4547
1776
8294
11
944
8701
8387
6691
6938
8183
8146
4567
7639
8529
4837
7171
2165
1703
79
6149
1721
4530
4001
674
4300
7196
8188
2104
2097
5439
3155
8674
5294
8513
2142
304
3986
6939
5673
7741
2091
5478
2875
5032
1945
1226
3552
442
6576
1671
5890
4642
4871
4033
8765
5280
2973
8043
5072
8692
6546
5660
1765
6515
1551
6072
8437
3752
222
626
3185
6529
27
4866
412
5228
7065
5986
7899
6408
6496
910
4851
5453
5487
8107
3197
6686
8289
1558
1348
6973
6833
1630
995
7410
4940
1080
7247
8268
5647
4095
5403
7807
2409
4442
5655
6645
8718
3544
51
6337
4769
5253
7072
4149
4686
5918
3676
1131
8632
8262
3775
7199
1014
7522
8726
4951
5671
705
7793
3930
6220
2801
5092
5583
5112
8736
4506
2837
1814
7687
4834
1802
4124
2391
2687
5011
5685
755
3563
550
5106
4487
7668
8230
7967
4853
1803
7469
5267
5183
6446
5540
8508
1483
2207
4660
2968
5736
4138
1928
735
1044
308
6921
7492
7987
5070
8631
1678
4326
8168
1980
4807
7647
8673
840
3274
6100
751
1966
592
1978
1184
8778
5617
4818
205
5176
4368
137
3182
1647
2118
2250
2148
8756
2476
3417
6904
530
5137
1912
974
1895
2421
7108
5963
5565
3842
6483
1452
2230
6327
302
1924
3392
7269
4317
6985
2993
50
5359
2274
4109
8501
5414
4203
3290
4790
5803
281
3708
3032
8598
3077
8280
2654
7977
5272
7683
7004
1140
8562
1062
3204
3614
6715
5494
7154
3602
2034
6427
8613
384
8374
3426
6290
813
4371
545
3271
3584
2842
4428
858
6720
2231
6661
4726
1619
236
4651
7131
1137
4534
8199
5764
7737
3469
4292
3160
2012
4622
3949
4208
287
1033
3391
467
3824
4301
1743
8296
243
1525
6320
3024
313
3655
6654
620
429
1526
1679
1493
8203
4067
6242
8559
8069
7082
2092
6122
65
1319
3970
7336
7418
25
7792
7085
8114
8299
818
1715
1790
743
4312
3178
4183
4179
7024
8017
4491
5594
3723
599
4037
2271
83
8206
202
8614
8767
1019
6492
1787
4705
4129
2099
6915
4389
6801
2635
3734
2363
8780
2963
1032
2046
873
7642
1531
133
3014
587
1078
5210
5113
6000
5111
854
4814
8455
950
1081
5951
7315
7849
2573
8357
6094
716
142
8761
684
4361
2141
6028
7903
7586
3351
7697
5878
2255
5610
1434
5567
6885
3673
1522
1566
5661
3549
1447
4838
3615
4758
5896
484
4305
8554
7508
5476
6574
4059
4701
3440
5606
537
8283
1464
4098
7389
982
2841
6032
1042
835
3884
8385
3169
5235
4099
6489
8534
2451
7707
927
2475
2640
3928
6760
1039
4523
655
5231
2773
5964
8667
7803
230
7591
1935
731
8091
4661
2677
4206
5991
3983
8618
6142
6730
6001
8479
8689
8747
564
1698
7544
3814
385
4930
80
1533
4214
5216
7380
2984
1274
1005
6044
5287
7735
7833
5448
5727
5462
3259
5942
3694
652
8616
4633
4560
1287
8645
2482
241
4465
299
8052
5031
4717
4864
7210
6983
2399
7666
1519
2140
6462
2088
7450
4200
4409
1685
7313
8472
3471
4242
6166
1682
6612
1318
1572
1491
7932
6477
6112
3228
4521
956
4559
7757
832
3090
2571
2882
1845
1344
6247
8507
4968
6766
8266
1172
2113
4304
4516
5201
6668
3854
1066
2315
5960
615
2749
1451
8322
2218
5676
1761
8627
6447
5395
5155
7727
1848
8669
1257
1817
4570
7708
3174
1878
5365
1746
215
1971
6933
1430
8515
8587
6700
3251
4604
6569
7573
2185
6881
7263
7627
2014
6380
6560
914
8577
4773
1289
505
3396
5493
2678
1596
8550
7820
387
2870
459
2924
6913
4900
1888
6790
3132
32
3598
8335
5191
502
5195
3463
1754
5628
7173
4253
5897
5706
2222
6677
6975
5066
3529
6402
347
6485
74
5931
8457
6018
7118
1363
2835
8745
3938
8353
5028
866
5889
1713
7311
8101
1688
7860
3856
3166
4809
5853
1537
2488
7460
2541
6512
3001
53
7644
535
2492
499
6710
3768
4006
7698
517
8604
8636
1106
623
1620
7390
3964
5882
4066
4573
5088
6155
4796
6494
2731
8655
5881
3367
8540
8461
4313
8777
1264
3989
984
4052
1639
1157
8129
2800
4218
1181
4435
139
6772
7295
8301
4832
8592
209
1628
8691
6235
7898
478
227
7821
1135
5741
3187
4926
5045
8527
1367
7006
2181
7990
1755
849
5015
419
2008
109
7736
4993
5164
5667
3364
4637
2733
8588
2905
1282
1422
6950
6387
2521
867
2927
231
1440
2539
7761
5440
6479
6012
4268
5102
1920
7179
4721
5649
5771
1259
7306
3741
777
3173
4896
8737
5483
4679
1410
5975
2648
3925
2314
4942
7175
5040
7525
2433
6558
1998
7765
1520
2940
4558
3235
5394
802
3479
4533
1104
8612
3503
5830
473
12
3590
3257
3880
1271
5465
7924
6958
2027
242
850
7412
1587
5299
6486
2736
2896
157
4255
6522
2981
2691
8085
6465
2064
6998
7935
3254
5504
200
1356
799
5581
820
7064
7885
4711
7030
5633
624
8116
794
5843
2558
4411
1469
5500
300
7859
1335
3835
7913
416
514
5410
936
6203
1686
1911
7215
795
8243
1479
6774
8058
2461
5074
516
5794
6095
1244
5116
380
3937
2495
4916
6463
2860
7156
1684
1379
5062
4306
5524
1334
1837
1302
3382
3962
6918
5577
8302
6859
2808
3883
3790
2000
4134
3837
7883
5377
5389
1820
5499
6234
4122
8174
2168
951
4630
4963
5486
7272
5839
8517
265
2900
8
2211
552
800
8518
1256
5240
2202
5044
6924
7543
6825
1498
5124
2868
6603
4620
6426
6605
8603
613
5713
6754
4922
451
5616
3266
1165
6508
8753
774
7502
7864
7353
2166
8161
1206
1732
1580
6786
1508
5202
4646
3324
4091
6434
2249
8685
3626
2986
7721
1113
540
1017
3464
6456
7595
3261
8664
5796
6826
4532
6685
6181
3193
8711
8626
7385
4571
4909
6864
7817
8233
3643
4975
6303
4049
1699
4279
6059
90
3423
245
5153
3700
1225
4101
3657
8272
4406
2462
3988
8051
6341
7979
4515
5933
2625
2638
3360
3739
427
3881
3272
797
2696
162
2003
864
586
2951
3498
39
4908
2645
2355
8258
2632
7087
1470
5605
2605
8014
891
2795
3848
2134
4950
610
6820
131
7608
3142
519
3301
1722
7599
6655
2463
402
7462
8533
3049
5979
3341
4915
8260
5857
2436
7258
998
3457
6487
2318
8538
6457
7474
4053
6841
247
2630
3585
4923
5150
7590
5093
3604
4417
5903
538
4159
6151
981
183
6694
6197
5063
7335
3089
5196
5765
5559
7653
7059
7482
3735
3393
8185
8402
3622
764
5273
1708
5021
4293
4708
4388
3007
2137
4297
679
4062
1490
3855
6140
5640
4482
4480
8454
6893
1578
7195
3512
859
5622
8131
6740
651
3481
2071
4261
2644
2587
8365
44
734
8694
544
5711
6270
2515
4360
466
8285
5360
6897
4025
5042
8494
4475
4078
6421
5526
5129
8678
8382
7512
3389
8323
2486
8223
8415
5423
6470
5400
2721
3799
2319
3921
3034
2911
4265
5868
8628
1946
4497
2056
7802
3773
1597
7561
5946
1999
2235
2934
7893
3126
2167
7200
6318
7571
2026
2287
7819
5283
6588
7150
3335
1309
2725
6776
1168
2340
2692
8022
8754
2623
8087
2335
916
6335
6541
8159
4562
5778
2618
6429
1240
8565
3586
7901
551
8424
1607
5110
2664
8149
3329
1409
3718
7280
2129
3321
2037
770
4069
935
6105
373
3665
4453
3713
6054
5534
154
1767
6712
715
7129
3533
8160
5919
5766
7829
634
1622
994
4294
7558
3131
2871
8097
7934
6067
2387
4167
7625
2702
720
814
4070
3425
778
2901
7943
6033
1556
4964
1546
6683
1374
193
3220
1610
633
3846
7103
4580
5385
4456
3916
5335
7495
6145
3535
5420
6451
7601
2215
5801
4181
5467
4805
2070
5620
5670
3080
5085
1991
1025
6433
2288
6481
790
1613
3212
4629
4956
2236
2524
5813
1707
4782
625
4716
7381
7531
5105
3052
5336
5405
6016
4427
7110
4582
845
3482
8310
8433
4685
4659
6340
5241
4057
3352
5910
6225
6078
3905
3055
7641
4994
4648
2522
2114
6005
5838
7916
212
4152
7929
6896
5180
5339
3355
5787
8601
7562
29
6011
6240
6607
5552
2029
7376
3796
7527
4337
8244
662
4822
6847
5768
3583
2216
8377
5003
1986
6073
3016
6143
6013
3650
4178
91
3044
5213
2001
2627
1794
7338
3596
6517
8255
2268
4423
7618
6441
1788
7811
7648
4446
8640
3137
4934
1425
1530
5749
1876
3613
2337
5220
570
4056
414
5459
6265
5511
8158
5786
3641
156
1308
5849
4145
542
2588
7796
408
7176
6438
6187
3149
2360
5968
7910
6680
1364
6394
1621
3073
2637
4351
5468
2383
4835
6797
1629
5090
8211
8143
8553
2507
8446
4391
1655
2422
4141
98
6118
1187
8721
4602
173
7786
980
3862
3798
237
1745
1332
7446
4847
338
8291
3826
16
7868
567
7769
3721
7035
403
2490
3504
7960
2033
2770
4097
724
1648
7053
3320
3681
1929
3401
4494
6205
6176
2128
8681
5445
4185
3726
4234
6464
2933
7799
2561
1007
5729
2892
5479
1003
3199
2717
1212
6088
4603
7383
2774
993
1337
6746
6703
5167
8245
3383
7693
4948
7111
6717
2724
5715
809
5157
2534
7841
6071
726
3909
1976
5139
2857
3633
19
6041
7596
2450
5379
8619
10
6474
1842
7292
2176
3202
4827
2448
6385
3011
1942
4965
4483
1443
1593
2469
3048
5614
4044
211
1432
1753
658
5285
2312
4810
5225
6533
2103
677
3294
5549
7838
8229
2751
1004
5199
877
763
3037
4768
1772
4911
1902
186
2555
4914
1547
2370
8110
1796
6992
5265
4757
1234
7449
793
6891
345
4575
8319
6257
5229
761
3840
263
4789
4591
4744
5061
5364
6431
3561
119
4443
4143
7232
3920
5218
3581
2434
1915
6501
3572
621
3333
4011
1405
4538
3635
8003
7250
3083
1174
4245
5961
7602
5875
2123
6191
7863
3403
5564
7248
3431
3095
3022
4992
6510
1977
6306
5790
6282
1967
22
4742
4225
3762
4902
1640
7464
8663
7843
4706
1995
293
5777
903
3593
3317
4148
6141
2974
4467
7791
8133
5005
7211
8624
3456
4935
2965
2301
5036
6161
275
4452
3832
7928
4986
6302
7202
8496
1084
7710
3206
1481
2473
740
1233
5719
214
7337
6391
1654
5751
5411
4691
1085
4196
5495
4857
3795
5363
7468
3432
6297
6513
4588
4762
2213
6329
6565
3727
7240
7774
1412
8150
4665
3326
4696
4545
3285
2444
5390
2446
1818
3841
2825
443
4158
167
7054
5555
69
1013
2445
8345
1909
2559
57
6345
6593
3634
6461
5894
1502
831
7535
1414
1747
7857
6598
1117
8661
2146
2219
7356
4752
5104
1082
7730
3908
4372
6092
5068
6064
6676
1896
8102
7806
2227
6221
1624
7789
4913
8537
3299
6090
2401
1323
2398
369
8623
5057
2045
8531
2582
7993
5810
7731
1059
8341
8370
6927
7790
3863
5883
3008
5269
8462
4422
271
433
6957
4028
7514
8013
5724
5297
1784
309
158
4425
6752
2239
176
6866
5695
5703
181
1277
8113
2572
4806
4997
1719
6941
7813
2690
4107
7939
2999
1994
924
5205
7148
3054
7257
6986
3196
3483
4039
2196
511
4226
2879
3473
7143
1087
2002
5937
5149
8431
4041
8567
5388
1962
2535
6347
331
5985
7077
972
2877
56
8351
423
1570
5303
6764
5133
7830
7047
7194
2081
7589
4959
6312
4410
1352
7988
3397
2010
7097
3207
6911
5305
3064
3823
4730
6978
1605
4402
2657
2125
5584
3009
1200
6639
8340
3390
3116
1358
3530
8046
7870
7422
6495
7201
6266
5051
233
3323
657
1658
2823
7463
919
5648
2925
7444
1124
1387
5916
1869
3638
8560
6674
8716
3576
3
8789
6892
6497
3926
1246
6490
1360
5898
2761
6344
7370
6467
612
261
759
6846
6334
1098
8196
7552
1673
488
8413
4727
4092
6276
6251
722
1947
7392
6633
5907
7021
5289
2005
8634
1188
7470
3495
8147
1528
5069
3809
2299
2311
7476
4084
2093
5603
4826
5454
6262
1786
6693
8545
556
1885
3827
7074
2719
7760
3753
7952
6967
8400
6681
3995
3639
7073
1592
5654
7040
3045
8081
2681
4561
6048
3419
1844
836
7739
7341
6189
1646
6787
3696
5367
180
8475
4018
5707
4596
5785
8356
6425
5418
5012
2280
1677
3194
3669
8002
3878
8772
5381
2491
1645
1012
4621
4563
594
6171
3946
6296
4593
2869
6435
1952
5515
5372
7165
2085
3738
4812
3977
4594
1375
8118
4543
1355
7046
4396
887
3502
7109
7633
2035
7333
2526
356
2304
689
140
2760
4111
1273
4579
3717
8731
7534
3314
1177
7948
4210
7141
728
5512
986
3992
4729
2734
201
2769
3843
1868
3144
1343
2594
768
999
5895
6914
3976
8785
5098
6810
6113
1370
6442
7244
5501
6908
4278
888
8290
7416
1075
1536
5689
8764
857
2816
4858
7226
5204
6902
5321
6017
1506
2390
1953
4624
8561
7889
1561
1864
1209
5644
4118
8773
510
244
3731
6793
250
6109
7181
8132
5926
2225
1692
224
509
2708
4855
4677
3675
7377
531
4682
7206
970
7090
3915
3542
1471
1054
6744
673
1838
6505
2286
4540
6737
3653
5994
5913
3260
1584
7540
5824
4618
4162
3026
7182
2848
7713
7779
4653
6734
7002
5909
6401
1439
6025
7831
5923
5211
2552
4338
2228
6346
3446
3102
1023
3910
900
1504
2991
2797
2732
24
470
2866
5669
4450
3108
1253
395
1979
5637
6099
8348
7755
3114
8020
2992
4794
2242
3163
7473
5612
4803
7098
7271
388
8135
3372
6600
5539
4085
366
6409
7296
4766
4363
1263
324
3764
7349
1006
1626
3195
4102
969
5145
6458
5578
4257
3208
5599
4216
1625
4776
1781
7692
286
4862
1403
8239
7080
6899
3262
5905
4536
1280
2864
348
494
4955
1160
6785
71
8040
2567
6702
4190
1826
4514
1657
2371
6395
4569
8361
7354
1866
1805
4614
5010
4104
1918
1668
1399
8427
8505
937
4937
147
1198
64
2525
7312
435
6635
5818
5621
7788
2273
2548
7834
2139
3959
6269
8453
1642
779
311
7556
5169
1204
6127
2636
3642
3860
4055
4546
4672
4168
2122
2440
4944
6844
8439
3599
1852
319
1970
5100
3156
988
2124
8282
8024
2861
8710
5030
4270
2054
8162
6611
5168
5827
2512
5391
8386
7017
1380
7191
4869
2543
8786
3152
7122
5572
8190
8750
4003
3695
5866
3940
4323
3057
3751
4662
3830
8165
2032
216
7274
5460
2098
1298
2830
6589
1569
3980
786
5521
7282
7420
197
6781
5351
5382
7050
8484
2353
6024
6084
377
8041
2653
871
7447
1482
6653
2948
96
2252
2735
6087
4125
5290
4713
557
4745
6332
5684
6667
8617
5745
3805
3873
6981
2600
3663
6602
5546
1638
7691
5077
7875
933
4171
5126
2154
7241
8171
5489
3715
4463
5662
165
2191
4848
7041
1908
5582
4263
4945
8741
8676
7654
3422
4981
661
7636
2317
5780
4223
4390
6907
3343
2505
7582
5759
4461
7994
3428
7915
2479
2780
576
6117
2042
4088
833
2243
6993
1392
4393
7125
5268
2119
1476
5977
7782
6183
4262
4280
5726
8608
4886
6532
4609
2342
5758
3476
8027
6404
4750
5678
8056
7524
6116
6307
1870
3777
3616
2454
5943
3369
372
2565
7635
4737
6412
7472
7818
4979
4526
7896
1223
7144
1346
5532
2523
480
7364
3467
6723
2757
3013
7747
898
5861
7294
1043
4611
8012
5260
2269
31
3506
7989
3491
4451
1744
6420
3006
2647
6115
5956
4755
4961
8019
1716
5915
1216
6692
1336
2204
879
5870
5773
8447
746
6795
1988
5147
6619
3192
654
5371
5730
4669
1408
6167
7475
8784
3030
6093
2709
7923
2504
3240
7936
3161
8733
2881
5416
6545
1881
7159
7481
6621
632
6876
7981
6773
1183
6800
5677
3252
4474
3227
2783
1175
3484
5781
8573
5743
5356
1697
1369
6196
3092
5921
1378
958
4222
8418
6037
326
3667
6325
2159
1418
1153
4264
7958
450
2602
8579
5197
506
3238
5816
1650
6573
5325
1128
5122
1067
890
40
2341
6159
3470
2923
5026
520
7070
2964
5446
6952
1189
6526
5016
4045
1388
1554
7734
6842
2563
2824
7301
4795
6729
364
4401
6120
591
4082
7917
649
3923
1683
1420
7279
3334
5060
8414
4207
4347
297
8748
6398
638
7322
4298
1862
8495
217
7443
2471
4375
750
141
3134
5966
6469
2867
8769
1166
6255
5709
4073
3901
2263
3689
8065
6354
7969
8364
5828
7797
4146
5257
6338
757
6997
2322
3298
3514
580
2362
1937
2790
5723
1283
4197
1701
1810
2595
6578
3601
6644
709
8115
8109
923
8217
1608
163
4026
2626
4522
3388
5024
2477
912
3159
4906
5170
2200
3813
4825
3106
4656
4936
8398
7758
4031
4068
1
3125
3902
5148
5686
6586
5981
4870
5902
565
648
3363
1775
5679
3724
23
8200
3191
3537
2305
5234
5571
3243
730
2041
7504
3167
3353
1687
1122
3973
3408
4749
1773
2260
2400
7569
3088
225
4883
5507
351
381
7846
5237
4235
3154
7399
8782
2061
1691
4275
7042
6528
4295
1416
4213
256
1037
8259
2714
8279
7342
3629
6342
7217
7100
952
7281
7750
2183
2550
4370
834
4436
2985
8541
1052
6758
1407
2073
3205
1851
7711
5523
8476
8134
8367
2418
8693
8242
1544
2296
5650
1359
2201
577
5333
1000
4478
5065
3183
6042
1936
5293
1310
6135
2308
2279
2483
2513
6961
4359
3436
464
8181
2673
2814
6411
3278
5470
8074
7406
7600
3256
4670
7997
6108
6732
1221
1511
5048
4353
7284
8555
330
4687
4117
569
1275
2368
1636
892
422
7930
6606
3628
4221
4678
6656
3985
4198
1250
5144
3875
7954
1133
3371
3913
3918
6690
4610
1509
2415
6074
8709
5955
742
3955
1557
1729
4340
2747
8542
7876
2838
4014
7285
3845
5815
8311
1660
7565
5561
2707
93
8441
4470
1717
3672
8277
2143
213
5447
1948
3555
8683
1485
513
5551
3817
4105
1428
259
6651
7880
7161
1061
3042
589
5039
5950
4650
26
21
4114
929
6002
4599
8106
8121
5795
6963
6031
4892
1990
2754
5632
1197
7128
4987
4663
195
2411
6869
1985
2705
8651
8620
2745
4127
8275
4578
5864
8702
4971
8743
7438
4719
5525
2382
6731
5136
6231
7158
5852
469
5519
33
6174
1142
5338
5846
7092
7663
6261
3610
821
76
6880
4277
7548
6351
4849
6666
7550
7075
6747
41
641
2542
2756
3097
6831
990
4566
5928
5974
3912
4649
8582
8536
8189
2617
8421
855
6813
5120
5911
8420
3000
266
1595
8589
963
4009
7260
1426
5874
962
3744
6713
3592
8031
7563
3505
2405
1778
2997
7986
3065
3621
602
6226
1448
1738
6459
5914
5789
4202
4947
5288
7660
3939
8425
7704
1484
5219
270
1150
2878
4518
692
2514
6008
5859
8752
3582
4541
8075
1279
2111
5286
6860
234
3331
4808
3129
3674
3660
7034
4374
5908
4365
529
3023
3996
5309
114
1129
6079
1812
5374
3019
2302
2771
6003
3270
4180
8073
6931
3869
352
8591
3932
3229
2546
8755
5194
7584
8111
1643
6393
3532
3603
8705
4738
4946
3211
1714
771
1116
3870
4989
4792
1406
3247
6455
781
3658
7659
5608
6407
7384
6321
70
8662
4741
2676
2533
3328
921
3758
4829
2057
4211
6519
2711
8482
8253
5858
3541
8463
5607
4568
4830
1027
2672
7221
8037
8521
8451
8574
5740
5886
6152
7265
5623
7963
4586
3630
3662
8193
2994
5791
3998
6959
7749
3068
853
1437
1591
5990
4607
1393
8295
2151
7483
6769
4918
153
1278
5590
1883
1218
5820
2947
1215
5397
1046
8372
4377
1089
4123
3250
6256
562
8679
1079
4479
7093
945
1633
7541
1192
5543
1290
2072
3348
5300
6164
5073
3699
7116
7555
4868
3815
5554
4976
3181
6480
1029
3897
6883
6134
7882
1073
7826
5969
6218
2408
7169
7962
5058
8057
1510
3158
4324
4454
4089
7718
5450
1457
8105
88
4362
3136
2967
3941
7031
3671
8084
3510
2009
4854
1944
7099
573
1095
3829
172
5558
7933
6305
1010
6224
572
1964
8751
6974
7001
2136
1210
7638
4433
8498
5591
1907
7414
2100
5800
3189
4447
3567
1203
2615
4581
8010
192
6709
3085
776
902
584
5855
3737
6561
6414
4954
2284
4395
6372
7533
8774
8368
3242
1097
4367
2435
601
7519
8600
4303
1130
1361
3774
7297
4786
5200
2413
7959
4271
316
4485
1444
2297
6699
5255
375
4939
1822
2740
3719
640
7026
5320
115
5995
8516
8749
6625
4972
6878
8231
4172
4977
4228
5399
7359
472
3375
7010
3617
4155
5958
1109
1385
5281
4061
4248
685
6696
2960
4488
5432
3027
2538
4550
3659
5427
8660
5295
135
8167
4020
1807
3566
3748
5408
8049
2290
8746
5452
1897
6828
4843
4777
769
1702
6331
3891
7670
4683
2109
8205
8708
7066
42
3765
636
5498
327
8235
5114
6649
1712
6926
7291
55
3651
72
7231
5142
7583
3496
1031
4358
8464
1893
1182
4175
2224
8220
7061
2153
1092
7515
7184
1398
5757
785
3839
6604
2583
1458
5373
6009
860
6272
4688
4381
1194
1641
3146
8544
164
6778
931
8191
2047
4636
2330
1680
3076
7529
124
3429
2650
8005
2253
6664
5482
680
611
6229
4310
699
8315
6416
2277
4747
7842
907
3568
667
8742
4943
446
5266
127
2310
1804
5401
6502
4583
254
46
3086
5182
739
4668
6984
4315
4920
280
839
7253
5984
5083
1879
278
987
282
8549
1229
1070
1819
2812
4231
5480
4419
3138
4352
5639
4273
15
5143
1134
2680
8602
8250
4754
7023
1144
943
1828
4274
4990
1051
4952
1859
6626
8198
5033
3411
4958
7837
6571
3346
2549
5002
4554
187
6962
5308
2429
4598
391
2788
714
4394
6856
4316
1637
5185
3472
6450
4195
8271
581
5458
7478
6216
5510
6377
5837
7538
6437
6855
3526
6410
1322
4193
4667
1474
8757
1251
7402
6792
3485
1542
7027
8034
5593
7700
3981
5967
7828
7628
8758
4236
3678
3460
7488
1769
8334
43
7487
3956
8226
465
8029
2015
1072
1690
7622
7914
8551
406
8141
5306
4330
2655
5079
5431
7578
7256
2058
1748
5187
3766
1213
5877
1681
2066
8687
837
1922
5484
8405
5675
1861
8412
7459
452
4903
1599
6719
7947
1777
6162
5710
8653
6146
1090
4032
2155
7630
1489
8474
7436
2670
8197
4783
5533
6936
449
3783
6237
116
1856
2752
5332
3868
5806
2931
875
1723
303
301
7344
7484
4072
2164
6889
2214
811
8725
7369
4282
8362
4638
3527
2789
378
6047
5184
1604
1656
6288
7497
7881
2873
5131
4163
1026
5728
6905
5760
7836
1411
1338
3625
2130
6684
5812
4498
2254
938
1155
6163
5049
6727
2324
4949
4376
2782
4723
101
7696
1993
118
826
4999
6821
6721
253
7314
5586
5668
3732
3258
7395
4373
885
3982
8779
5873
3787
1224
7970
5560
441
1291
851
218
6390
671
4823
2831
6839
8391
8170
4230
7950
7503
1983
3545
4289
3580
863
3528
8011
2939
4508
3164
4700
2023
6704
7435
3553
73
400
4346
8722
28
8607
6208
908
1567
2888
2675
4693
7699
6308
5368
5893
4628
4035
5043
1913
1050
5238
3693
2787
8434
5435
6665
2634
8466
7145
2209
2359
646
5547
5663
7798
5215
7822
248
3543
796
7095
6034
5436
1573
7942
3703
8739
7229
1750
1975
1930
2344
151
4676
5258
8177
6264
8500
846
2576
6783
1675
5978
1103
7909
3821
7325
3595
5983
3245
6811
6317
5836
4974
2115
1939
249
3861
1321
6310
6568
6799
6935
8214
1265
618
5869
4605
686
2345
4513
5208
5904
7015
3210
954
5319
6128
5805
1927
2578
3818
5708
4379
3359
753
1816
3477
6964
8089
7816
4106
5172
6718
874
6930
7343
8125
8090
744
6784
3808
5574
1762
5611
4165
676
2713
2551
3305
3782
5788
656
3914
947
6531
5847
1694
284
2013
7014
3801
267
2568
1523
1329
447
2802
6499
6468
3984
2259
5434
6111
6722
7740
461
5082
2221
5553
3361
6170
2234
421
7956
2903
8489
1516
2278
876
2052
4093
5769
232
8228
897
6478
1726
4608
6472
8776
6770
8440
4112
7466
5296
5035
4584
3733
288
2333
2223
4212
5658
7117
4841
6236
7289
210
1196
5799
6971
4471
5022
6452
2276
7259
6580
2065
7965
3886
560
884
3478
194
7858
7968
4553
1858
6259
415
3911
7999
878
7572
3698
4512
2238
3277
4690
4740
3058
6507
7261
8366
527
911
1351
4010
4119
1667
3289
390
5697
7815
3587
3486
913
2995
4836
3749
5119
7964
2942
5347
5856
2656
960
5274
5358
5424
5096
1477
6396
3691
5491
1247
7068
4537
523
8068
1770
3186
7720
5925
2158
1539
6195
6761
4842
7631
7919
4912
8775
4227
3295
3117
4924
7570
2518
1108
2765
6511
5161
8633
228
4733
1961
8459
1576
5900
7018
7149
5380
5151
3377
106
4639
3311
1835
819
3967
6567
6359
7499
2641
4342
758
82
6085
2480
7658
5128
4281
5731
4495
6383
2723
7346
2373
6096
5945
7825
2706
3399
2929
3121
1371
4860
6726
2178
3763
688
880
7867
1724
2768
2226
5349
7688
1219
5152
4732
1299
2292
7690
2832
8650
1663
1615
2339
4898
8493
3872
669
8292
4058
1503
7581
7921
6419
7682
7419
8509
6439
7334
6103
4555
2149
6622
6848
4071
4985
2977
1518
7839
6185
4681
1791
865
7672
2074
2121
4087
3293
7536
8646
6953
3100
5362
8172
2622
7623
5103
3438
3692
7778
3578
2883
7242
7715
4875
4327
6192
7267
1462
1211
7067
4891
7926
5428
4969
6353
4850
7702
7891
8054
7167
3521
1846
3767
2424
8649
5793
4771
926
3575
2090
3789
6271
1317
3127
5020
7490
532
1327
3444
6313
436
178
4477
1527
2603
5246
396
7689
1258
103
4824
8144
3607
7367
2946
6989
3236
3497
7119
3720
2220
3175
6020
1609
5346
2499
3687
8740
1186
2996
2679
4133
3702
6211
2261
1562
5934
8257
4325
6757
2979
2682
5570
1394
8535
1243
272
4074
1949
6733
5029
7729
6445
4408
6543
8698
2689
6995
1785
5892
3951
3284
8047
7423
7781
8145
5627
47
7391
4369
3066
8468
7033
2031
4753
5702
8576
8035
5992
2347
434
7055
6357
3866
3974
3340
5888
2840
5064
4509
6298
5135
4590
1176
6591
7415
2776
6035
2188
4890
8403
8208
36
8552
4865
5473
8373
379
5944
2117
7212
1799
7808
5047
827
6386
8783
6091
1366
8369
5426
68
6763
7339
8394
5376
8042
4984
3707
7620
4889
6689
889
6972
5631
495
3219
2472
3889
3499
5891
54
2972
4050
2404
5188
1232
8324
4309
7673
738
487
431
1795
6745
8376
2954
3201
3070
1849
4552
2020
5939
6657
7547
5278
5444
4103
3709
6021
2815
1147
4126
2817
4090
8609
6039
5808
3831
5860
4121
2694
8483
3645
2182
6319
2187
3306
1205
4120
6756
810
4042
7105
2764
6150
4910
7439
8712
3234
3771
7587
5226
546
2544
2508
1465
7278
2662
8569
4472
2377
1069
666
4076
3851
1863
2698
782
6381
8338
219
4115
8261
4821
3933
2511
5862
3648
8506
5173
7152
3755
264
2530
6304
1840
6213
8018
60
8371
3999
4189
6300
660
3618
2806
4881
4565
5587
1582
349
4051
7912
4574
2266
1934
7323
2843
1091
8201
128
1115
1664
150
1718
8763
2206
1720
1992
1782
7485
3287
5513
1676
1899
4617
1292
6802
1756
6283
8267
5261
7189
5761
1093
2024
1248
5091
6555
3894
8682
8443
7121
1341
5509
8630
4378
2385
6365
3697
3354
1435
7513
5046
2715
2858
3365
5742
8659
2589
184
3507
7937
518
5331
8629
3705
9
1917
425
7621
332
1065
3903
8729
2794
5181
4917
5502
4027
5318
4878
1472
4743
6968
2599
1923
7251
7511
6252
7554
6132
1024
6022
6701
81
8033
3380
1077
7011
2192
6853
1193
653
6762
7517
2851
6295
6098
5595
1100
1249
760
5831
3110
5518
6663
2575
6471
4931
4043
5602
3558
1914
5522
99
5127
7220
2327
1071
2652
4000
748
7432
2906
3844
7975
5248
575
6333
132
2241
4867
8497
306
4627
3688
2428
5055
6137
3879
1774
6970
1693
704
3304
6123
3112
8156
5311
279
508
2890
4613
4548
7480
7671
7938
522
4392
4169
7237
977
8471
6945
2741
5019
5422
1552
6172
1749
8130
4354
7180
7574
8164
4493
3785
4473
7130
4259
7222
7138
4131
8622
815
1574
6854
5412
291
7078
2406
2907
3523
1984
4970
5443
179
2397
453
7844
6845
1965
7785
2102
4364
2493
5618
7234
8389
8665
4692
7403
8460
4284
6900
1710
4634
8734
1015
8316
460
4962
6010
6360
3222
6873
4418
3063
5340
6177
3953
2078
7853
5517
1112
5138
5492
1705
1450
578
5596
1919
8488
8637
3318
1957
8247
1297
1149
4029
5503
6556
749
7107
4426
3143
5247
3067
475
2793
3647
6004
3373
4861
5541
5619
1662
8621
3265
614
4455
4157
1538
5455
3307
6364
4927
7168
8570
5722
4893
8717
3148
5746
6299
4644
4344
710
4403
5508
4863
901
5912
7661
3990
3225
8297
708
2880
8036
2179
707
767
675
2928
4774
3028
6925
1898
2232
4285
7614
8344
6669
5301
6788
3736
650
3972
3812
4256
2982
3157
6148
7397
290
4449
5845
6233
1307
8781
6646
4383
5013
325
374
6436
7985
1235
628
6976
515
2147
1030
6227
3218
6807
2175
8328
8788
6862
2040
968
6990
7940
7286
4973
5823
7120
1541
8293
4022
3017
2075
3606
844
3519
3297
8333
1431
4420
6157
2343
3040
8346
8760
8096
561
3406
3012
1600
5733
997
6440
5270
4004
4714
7425
5720
4444
7862
4232
6277
1123
7106
122
5735
8564
2195
7307
5770
713
3402
6285
7088
2855
3405
5038
8714
6706
2956
1339
2107
8286
5744
3447
1330
8061
8070
7835
3200
5464
8566
4048
8001
5646
7205
1390
2460
8360
8207
4258
6475
3128
3871
5884
7652
4079
2818
6030
1728
497
7906
3368
2716
8657
4040
3302
7927
2077
5425
2700
7776
4431
8510
2659
5598
3315
5087
4445
4382
2607
2952
2908
4804
4100
5324
6168
1110
8625
4322
3093
5756
3445
756
8727
2614
1345
350
4156
4845
2393
4991
7752
979
2378
2357
3620
3792
481
262
5159
2131
3716
976
75
4150
1096
3033
8359
341
5101
3788
7532
736
7243
3336
2781
2449
2197
4314
3517
7489
6509
2036
6919
7645
2487
6053
1381
8713
1887
2527
5802
5314
5160
3947
2569
1333
462
7719
6944
4490
7890
6601
2777
5842
3624
95
2884
8007
175
5887
1665
4086
2936
1882
3184
8448
479
6638
2379
7984
105
583
2633
7496
161
3574
7309
4343
7911
5109
8023
3308
5690
2674
5784
5000
2133
5714
6597
296
2811
4320
6104
7640
5375
1517
8503
6616
2957
3465
6294
1455
765
6934
536
3349
6491
4154
2169
6956
1653
4767
922
8127
5442
3443
3898
3241
5922
5014
6139
7293
4249
4831
727
2430
733
7972
4191
732
5782
5078
5798
1045
4710
6043
7941
4544
1365
1415
2822
5329
7745
2394
1368
7328
6583
2894
3246
7845
1590
4136
8445
1793
6632
6147
2988
2295
2665
4929
8355
678
1540
2332
4718
2785
528
5282
8269
681
7363
8209
5585
417
8032
1456
5357
7477
5698
6836
3957
59
2585
134
5626
170
8124
3421
7236
4019
7557
6184
5993
2786
5814
6343
58
5920
4928
4110
1173
5166
3740
5146
2375
5538
3816
3836
4799
4464
7183
588
830
8155
7603
6488
8309
2902
869
8429
8407
4966
1532
2829
6768
1813
3450
7433
7430
6274
491
7585
8658
1058
8094
6193
2712
8086
1627
110
6293
4709
6323
246
773
4694
3177
4859
2821
3927
6535
4012
7665
5457
8249
398
2194
2199
2171
6928
1293
1617
6852
1373
1146
5165
6969
5310
3339
5207
4384
507
6851
7877
6046
3680
4094
1757
7142
4715
3255
6355
2328
784
4739
7216
7918
8154
4885
5076
4895
590
5034
1926
8264
5575
1925
3900
38
3904
3644
7955
2447
6767
548
5841
333
6263
8771
8219
8092
3407
1515
2458
6160
694
533
2987
239
5317
4919
7775
2693
991
3253
342
5651
6882
3404
3508
8704
2338
7408
627
3865
8336
2643
4982
6246
6827
5755
3094
5901
6361
4577
6443
2437
5125
