6494
3668
1241
4735
1554
3204
1529
5233
8609
2605
5743
1698
5644
271
2001
1801
543
8441
5123
2643
1220
6291
7334
2406
669
8744
3343
410
1062
2141
5241
5401
2940
7748
4341
3022
4323
8572
6792
7826
1808
1054
4688
5649
845
6062
7120
110
4143
7985
546
8224
7698
3338
668
7388
125
2962
1757
3280
7658
5954
5264
8552
5023
7012
1446
1119
5456
5169
5853
3112
6670
7051
4764
7254
3712
5476
3889
7071
8433
219
5531
4627
4799
3043
5599
3628
8118
1733
8447
2883
35
8697
5111
7732
8254
4830
4647
2778
7359
682
8223
3244
4145
1201
2678
3171
2707
2320
3450
835
3973
5151
6935
2431
6418
8699
1209
2555
1973
1667
532
563
3838
5468
4486
7079
6534
8253
2313
3419
1925
7586
5198
1111
2696
7276
6649
1874
2577
294
1441
5326
2716
1171
4577
2013
4610
1262
5972
6239
6827
8334
1769
8648
6955
3883
6430
3447
3212
8091
8027
5917
7786
7673
6154
2834
8049
6304
2681
1219
1379
6305
306
6994
7531
6625
7233
5236
5427
4132
2659
1085
7899
688
351
316
4692
950
8341
5249
2903
7440
3943
6382
4761
256
6231
9
5922
4044
2690
8388
4941
662
8623
7072
6735
6940
21
6490
866
6349
506
6102
2401
7286
1301
5189
1777
7003
2071
3035
3050
6105
5768
6504
399
8540
7951
241
6205
615
8099
5174
6946
8543
1160
447
7663
2657
6034
2975
5683
2260
5740
3543
2010
3659
2468
2122
8599
1134
5596
753
3092
5682
5803
796
2637
8689
7281
6652
5166
1167
2012
1002
2519
5791
2882
6000
1249
4108
4142
15
465
3745
6276
7643
5217
3498
3504
6051
7529
2244
2800
191
6139
2703
5677
6426
4791
4778
8370
3086
5202
8432
1437
3394
3173
5816
5745
2111
5245
7366
1443
3518
6732
2510
2118
218
6733
7901
8375
6991
6393
4582
4568
2190
3917
8701
4955
5751
5786
7148
8576
5266
2894
3632
1403
2005
5030
500
8036
1881
3479
6848
6081
1211
7044
841
4444
5815
7356
6465
3725
8718
1796
2771
212
948
6248
5990
6657
3342
357
4458
3689
7125
68
2857
20
988
5828
2594
6380
3482
5557
3597
40
4117
6651
6130
635
7086
7067
7891
870
5503
4732
1766
8670
1896
1589
3862
7022
6902
5362
4655
7466
3376
6520
3961
5764
7145
2046
2435
2382
3293
1259
2120
4828
6462
3940
3557
2438
5267
6740
3475
7983
7237
6727
8073
6335
7699
6528
422
3648
6549
3582
3660
7608
8715
4259
2056
726
6928
2987
4261
2114
585
8708
578
7363
1783
8548
534
44
8310
494
1567
5848
921
6218
8298
3925
1598
258
1154
1753
3391
3098
1953
2389
7960
6406
3578
7129
8517
7066
6114
4058
2904
4104
4166
6920
5016
6557
1776
5996
2518
7282
4694
1813
2742
7455
5744
8414
2543
7984
4375
2688
4020
4362
5390
3752
4605
7235
2640
5393
5877
395
5379
7312
7095
1577
6714
2083
176
3553
4490
2022
3768
5252
4673
2257
3893
7961
7641
2965
2814
3750
5851
4668
5936
1182
1041
7660
6879
4587
5668
1981
5316
7545
99
6813
2009
1965
6116
4805
1440
6437
135
8233
7848
1919
8578
816
7301
4169
5906
7227
5614
925
7215
7994
4416
3178
7221
8745
3695
3150
4297
3783
8185
6559
6240
3982
4212
7220
8189
3379
1638
134
3640
7579
5483
364
7702
6408
1070
5867
5119
7761
5607
4751
6840
8122
1541
4948
2386
3844
1308
4121
5047
4317
751
131
1457
1538
4945
7959
1116
6716
4415
243
4981
6074
1512
7596
1222
8487
7159
4940
8237
5831
8502
1000
5697
2109
7103
4558
4504
4713
5033
6741
3279
4602
871
6832
8305
3509
4262
4869
5509
1854
3698
6645
2130
3958
1485
6035
2450
3845
6070
1926
4066
416
4998
3037
254
3686
3911
2281
895
846
868
4425
7415
4215
6003
6209
3253
6622
6447
7995
8545
5856
7913
382
6225
7556
3456
8516
644
1604
6365
3854
3575
6674
5231
4053
780
6587
2922
599
6278
5566
1937
7784
5629
7708
8054
2706
5908
6768
1059
2150
7866
4116
1295
293
7647
6153
6054
8561
8067
2181
1519
4331
2363
6411
6744
350
1358
1870
3226
4810
8313
1254
6168
105
3760
1136
5635
2419
584
2381
6064
4812
4845
3517
7838
798
5894
6312
705
4060
8616
1007
5319
7878
877
8060
2488
8614
7671
7404
5538
5514
7472
2101
429
5746
1373
3143
8080
8055
6891
569
8010
3295
7864
1299
7488
376
8260
8337
7773
4135
7036
7594
3301
1184
4283
5275
7509
2908
838
2199
3941
918
2937
8567
1349
1782
7403
4476
5601
2515
4595
5318
2273
4078
2516
4094
7397
6433
7372
5912
1383
8196
896
3963
3576
508
4457
2121
1093
1273
1900
6917
345
2182
7271
5872
3082
6343
7168
3774
7204
5857
790
6671
5507
6031
717
6489
3288
7024
8778
7954
1805
5987
926
4768
3805
267
4545
4252
5715
6385
4112
2070
2917
1610
1239
4811
2426
3934
6896
8571
388
7743
5769
7624
4724
1894
7283
6111
6783
8711
6384
5161
7986
4884
6096
7795
8023
5248
640
4405
869
8737
7666
5453
5567
2671
1694
1586
5126
3165
6237
1161
3674
2732
6544
3196
4656
7962
8265
7813
729
2110
4460
4838
5726
3027
7260
4204
4017
1356
5691
7341
1929
8690
4576
6748
788
6293
295
5439
4851
1047
5754
722
1066
7751
4174
1578
8363
1786
2595
492
4348
2082
6539
3049
4620
1646
169
2761
587
8749
1132
6019
2453
377
994
1451
5410
1170
8533
2043
4196
4920
7343
1734
7609
786
879
5863
5124
2576
1799
7160
1774
6527
6202
4792
329
5308
4199
7975
2498
715
4496
6097
1057
8664
8731
5662
2831
2512
7448
4128
5083
6616
8573
5282
888
3155
8066
592
5717
1862
8425
3207
3762
2220
1277
3855
4115
7942
815
7326
4185
7918
6998
3560
8246
3541
6628
6530
6853
3109
8494
2798
6476
1930
3585
1560
6578
2563
1839
8750
7111
6021
2533
4085
2664
8289
6232
2173
3060
157
3627
7367
1412
4171
1534
1087
149
331
3823
4776
2038
3415
8326
6061
146
3720
5862
4494
8178
7409
4294
1778
3880
2050
6391
8157
7152
1009
8221
2790
4284
2982
262
8656
7384
1371
7905
2398
2015
6811
8216
33
6550
6285
1695
8320
7338
605
275
8777
3520
172
4433
4544
6819
8070
8692
6837
5555
3519
6241
8763
202
4033
8256
2230
5577
1686
4747
673
7319
1898
8713
7980
3294
8292
2351
7680
849
407
1178
7447
1713
6441
6781
3168
7965
6475
1493
5352
2930
5675
7219
4379
8667
5861
1461
5094
7675
5646
8403
2261
2836
34
2016
8688
6962
2837
7721
6407
5019
5826
5160
8111
541
327
4045
2354
764
8742
1863
7523
6272
5100
5475
8114
80
2564
4973
8197
6897
8308
2060
6182
5709
5929
2272
5105
3865
17
5770
8437
4377
261
308
390
4849
2728
7745
5820
7685
5944
5870
4727
186
4445
4867
4684
2271
4420
6639
7199
2523
3146
2797
8281
4275
3312
1947
4923
3690
906
3162
4118
558
8293
8415
6754
8069
4040
6938
2777
3846
3567
2285
2390
3586
8395
5634
5727
7730
5940
5224
1186
7853
5998
4539
7612
3303
515
1818
7887
6633
6908
2011
1587
6303
1474
3944
1319
5246
4232
187
7275
7602
5438
2948
4750
805
4588
6990
1764
2270
7889
3810
962
1045
4992
6834
5377
7821
1651
3886
2359
5473
1465
4908
5755
6267
6043
2670
5645
8056
8376
3743
269
3785
3599
7695
1943
711
5993
7524
5130
3701
4893
8268
2443
5997
973
2513
2628
7744
2896
3453
4742
593
7224
2919
2236
5907
2780
958
2266
7691
4521
479
1094
2410
6988
2923
5185
5339
6277
3348
793
8051
6871
7333
7164
3307
2932
2134
7092
3157
6436
5235
1399
3133
4084
4840
443
1199
6599
378
6751
4609
8629
4313
3277
4898
4939
689
4459
2802
6199
4442
6603
526
5384
3568
545
6471
1074
6355
6775
404
7948
6132
3728
3919
2091
3999
4842
1032
2422
4260
4670
8222
6049
3938
6842
5581
5032
1535
4712
8514
4500
4991
2899
1933
7672
3158
4240
1052
8625
8358
4014
7317
4300
1984
7492
1557
8105
7497
3621
1027
1996
3068
2136
4515
6270
318
7830
5712
6888
3080
6165
858
5347
8596
2875
930
6839
728
3691
1627
6875
6953
2447
1067
5904
1004
4704
1685
1426
8467
5460
6010
4535
1333
2264
5365
1602
2006
2168
3220
300
2291
7921
1278
7231
2683
2504
4474
3922
7184
4222
3454
5136
4936
4430
7858
3458
6948
1691
4186
2914
8044
7327
4734
4220
2282
6351
5024
3434
789
1615
6273
5366
4589
8030
48
6017
4063
181
5254
6626
1476
575
8032
5639
7107
195
2253
5919
2724
2799
3134
8005
5097
6720
5869
657
2955
2830
8329
6415
6161
480
8319
6486
3088
183
6359
5285
3308
4193
6523
6099
3215
8006
8627
4398
7360
8473
1607
4787
8096
6279
692
8443
2538
2140
3333
3655
413
6409
7264
3462
2566
8490
119
8712
6322
8602
1468
7908
286
4479
4018
4285
4817
4572
7929
4309
310
1684
5206
8488
1156
6511
7655
5910
4064
7328
8147
5835
6693
3603
6340
4716
3587
5536
2086
121
3377
6605
5988
1331
4926
3492
3965
5713
7035
4154
3169
813
7274
5133
3387
4631
5837
7769
7820
609
747
4004
535
3237
1100
6726
5137
4038
3733
3677
5806
3714
115
7039
6432
4134
154
4801
4311
5295
1927
6866
2833
2295
8022
2330
2502
3876
6140
1442
5916
1754
5963
4579
7883
3363
3076
2297
1157
3606
93
7083
641
8659
2387
4052
1003
5116
900
555
5346
3641
1785
754
4447
3205
2661
7166
4837
431
8444
3864
246
7570
6682
8193
6057
6106
10
3170
6366
8155
3975
6583
8621
4902
7045
3262
4872
4288
5761
1068
850
8632
2184
7115
3437
803
517
7347
3238
2349
1812
2177
273
7811
8028
2952
7581
1472
8510
3047
3507
6737
6797
5007
1507
5776
2933
4559
6203
5950
4749
213
5983
8228
5521
2943
5257
2775
201
4916
1208
8453
2758
5865
1033
4708
999
247
5068
453
7149
8636
5628
2627
1213
899
7928
7945
3738
945
5568
3265
8666
478
3781
3497
6080
7580
5731
91
6492
432
4276
7788
4960
1770
1263
5876
2159
7292
7977
8451
2913
5213
5785
7734
3625
5813
3097
2597
5423
8381
658
7348
2436
613
3384
3538
3564
8469
5013
7968
222
1374
7576
8368
4388
1487
7189
437
8416
3988
8332
7886
6185
975
417
3316
6734
1347
6630
406
1097
3951
1830
7561
8747
7421
6668
781
4944
5970
8566
3857
982
3103
6055
5496
7969
7910
5765
6641
1804
677
3129
6121
7827
6309
6246
4894
6824
8772
6148
5226
4330
8635
2641
1566
7419
7393
8151
4598
5926
445
4440
6207
1080
5573
6774
8065
6417
305
2081
7325
7573
4480
1709
3428
4263
1705
2224
2179
5317
7591
8639
5006
2132
1322
6756
1842
1098
5477
7420
8738
2003
7229
5159
5370
4964
6104
5247
6444
3487
565
2783
4816
7822
8563
8400
2393
7236
769
3004
8247
6227
2019
5999
358
5315
5118
3459
1206
2746
652
607
8691
6631
4003
5807
3420
1840
6518
5072
3480
3828
8789
3054
3374
5437
5967
2715
6804
6784
5054
5212
6438
3234
3954
2252
2392
1520
214
8482
2964
3769
7620
5378
3426
4350
6705
645
5436
3484
1144
3998
3259
4896
7906
6867
1406
5546
831
3306
5196
2400
4769
6548
8373
4307
3200
7049
2322
7405
6177
2588
1823
2289
2611
6679
4475
7940
6909
2195
4396
5002
7487
8407
1318
3412
4175
809
4198
1410
1895
5371
3102
7943
440
5108
4636
5498
4661
6473
7837
1422
2464
4563
5798
5905
2805
2079
4197
3369
4427
1612
2684
7735
3414
3647
6076
8481
2808
3445
3923
4249
1311
8550
8483
893
6721
7251
8392
2949
5928
3646
5061
7902
3502
6526
4524
7633
5632
1941
8522
6623
6009
7862
1044
29
3051
3990
8103
7775
3461
2795
7634
8121
8076
2096
5749
3608
4702
946
3863
1315
521
6980
1445
5834
4435
4972
3395
8479
224
6249
8180
2344
8386
6745
1729
2750
145
1089
7288
2902
1585
3156
2773
1348
1300
1238
3053
1149
6798
8175
4482
2327
2852
7028
3166
366
1719
4532
3330
5627
2025
8450
1681
7156
8335
6179
1732
3775
8236
7654
4257
3866
4859
7593
5620
2222
3393
4717
6815
2089
23
3184
6692
4258
5375
2275
6306
2572
6186
1720
2920
323
5081
7483
8684
827
7318
8727
5029
2734
171
5258
2607
4329
5482
403
1083
6120
2521
200
7777
4007
7920
449
6812
8003
2587
6883
6007
2673
8299
6870
1456
5891
7057
2988
4443
1780
2078
7134
1275
2328
5320
5216
3992
6971
284
375
6086
3351
561
1661
8141
4546
3018
5201
2037
6572
4015
1542
762
7916
2517
712
1364
6330
485
6396
811
2960
5762
6354
1702
4518
1235
2928
6115
7143
8683
5413
1956
2700
6878
1998
1224
8307
8710
7456
495
964
7710
3665
8409
4455
759
7245
3778
8783
7623
686
5953
1635
1131
5420
1172
6686
919
5467
6894
7865
2198
2049
6012
2991
185
4737
2733
941
1730
4517
3016
3996
2579
6150
2851
4659
961
5642
6818
8214
5733
2569
8322
4815
4836
4129
8580
5311
2146
5020
1641
3048
5080
6464
8374
4136
814
3535
2057
5323
1922
579
5361
2080
5250
3630
8052
2711
6178
3206
8412
5884
6420
2414
2476
5040
4758
8651
7019
4856
7636
5086
2137
7778
4484
7644
3849
1517
490
3891
8581
459
7753
5966
5310
8574
1435
2779
3706
5293
51
732
3833
5335
4660
4403
4967
7490
852
4407
1150
1294
8352
2379
4266
8417
2374
6440
5964
2445
8035
7970
6141
8475
5947
335
775
3723
3383
2741
963
2128
5653
8762
7007
5466
2454
3572
3358
2547
2308
4574
8532
4530
2411
4076
6805
2496
1543
3556
2856
6087
7516
6851
3320
1314
8423
430
1824
4534
8072
5330
1077
1907
5098
6777
6427
1392
665
2004
3790
7075
1415
7310
4853
3463
7617
7460
8250
5096
7167
907
50
1050
8133
3758
8259
5809
4298
6860
1841
7718
2210
3372
1455
2360
739
2863
2254
935
428
5544
1006
1637
0
8181
1756
5052
3697
2553
8153
7098
3217
8107
385
6537
3550
3241
6100
5448
4648
7762
3878
1173
6170
1078
4179
4691
1504
5984
1257
7476
1875
433
8668
1559
5424
7293
2307
1390
8295
1013
931
5793
7
4463
1967
309
8592
6585
6095
6717
639
3989
6204
5880
8004
2689
5416
6206
980
2508
8672
1
6460
7041
439
8497
6916
2394
8588
6515
6063
3536
2730
3059
1029
5819
5961
3
1110
6872
6554
4969
7651
5344
8002
8213
5838
1302
4818
8655
2698
3782
5920
6328
5274
1872
6638
1005
7241
8177
2835
1016
8464
1710
2145
6424
1988
8440
8536
6208
3416
251
8287
1650
386
4253
6944
192
3353
4599
1768
7433
8767
6274
2782
7828
3483
1620
1494
1053
7696
25
2495
2068
89
482
3681
7907
401
2756
4308
1011
4318
905
5492
8240
5243
8225
3652
6857
7519
3747
4192
5694
4946
2651
7387
3176
748
1309
2829
6611
4511
1510
1462
1890
6546
1580
1432
298
3040
5321
4245
7183
6947
7470
5372
6992
8277
1548
4182
5186
6347
8560
1189
4487
6757
5812
420
8419
2561
1775
3471
6553
7989
5046
2826
8730
4914
4365
6702
5559
1614
7532
1148
7877
5414
7137
3305
6921
2216
3431
7692
3619
5392
2957
8764
211
7953
426
464
1467
706
6008
3274
7463
3145
4693
601
6776
255
2753
2506
4731
3403
7686
3292
3339
4439
8661
1513
2639
5718
8110
2997
8788
1609
2992
38
3933
6899
1292
3269
2679
7300
1908
4340
6722
892
1822
634
5478
7553
5332
1716
8633
2456
4025
7484
2462
3755
2526
7109
1197
5287
5779
1603
4031
3494
5938
4844
1198
1546
7272
260
5699
5943
6269
1831
7029
1921
580
5781
8188
7611
5965
8579
3688
524
5279
5981
654
1809
4637
3093
8318
8162
3246
2759
7408
2718
8539
6893
4437
5147
5702
5804
1479
5763
5469
4409
3741
2314
5302
2801
193
3966
7192
8166
2827
3245
1244
2593
6159
5359
7102
4592
4934
7406
7140
7048
646
3678
7635
152
514
8493
103
5689
943
8505
3623
7587
4369
1217
959
4305
7305
5239
4979
1285
1966
5539
5191
8438
3667
3421
3248
4752
7982
7669
3058
4597
4393
875
4520
8144
7996
4111
3319
7592
4736
6618
1569
4489
2102
4591
1495
5810
4507
3209
6961
2356
6864
7785
6681
4990
6977
4
6898
6594
3946
3508
1590
304
3914
4059
5654
8206
4177
5845
7869
4039
6913
5611
6914
2169
1992
5924
3715
675
2709
6788
3579
6287
297
3904
2970
1634
8366
1324
8733
7240
966
3759
2570
7804
5547
5792
8387
7780
270
3974
2754
5923
643
1069
8291
7244
672
3239
196
8460
6513
6609
4372
100
6610
596
5171
2399
2976
4662
2872
5305
1788
2804
3380
58
1917
2520
1187
978
2636
4984
4466
1821
4392
6922
3489
1402
6394
4042
4464
2489
3766
1508
3275
3359
2969
7533
5156
8168
4741
4075
1378
1039
8680
1339
6493
8555
6911
159
2531
4879
2143
3413
5144
2994
1789
4868
860
8131
8359
8330
2467
6428
5494
828
5253
3873
1372
6694
3994
3011
889
6348
848
7740
7142
2990
2858
2490
2157
2237
969
8495
1618
5394
1860
1117
7919
1871
7161
3314
5043
6253
252
4071
4746
3910
7661
1845
6704
8404
2727
408
5405
7128
3467
4640
953
5120
4629
4714
6162
6614
5543
6901
2947
3947
2558
938
8097
4281
2539
8676
8600
6166
783
4937
6666
2171
419
3140
4701
737
3601
6487
8456
102
3776
2794
1918
7005
2900
6833
451
3916
4519
3371
7489
5215
3317
7817
5170
1395
2942
7615
4292
511
3612
2575
996
6787
8297
8342
1444
4105
7844
3552
1332
2332
4699
1234
1722
6884
1376
7976
264
2591
6357
5340
71
7226
1417
2810
132
6595
387
3370
8116
2234
7728
6164
8480
2028
8630
483
2302
7893
3404
7495
7855
3969
2535
2573
1844
2702
6507
1246
6580
3130
1906
3531
6169
5952
2721
8037
5878
4107
5600
6561
5286
2735
3029
4669
7525
6568
2853
5025
7941
4527
4561
5914
695
1338
1892
3122
8612
2889
5158
14
552
3506
5796
3682
5955
53
5
1355
7006
4999
1726
2541
6939
4565
7285
4651
6356
5458
2428
4760
1125
3513
8064
2610
3106
5617
1704
5154
7505
3148
4808
2178
3041
2999
5602
2276
4485
6453
8503
3346
3101
6560
6503
1639
6137
4345
5444
3981
4324
7480
1253
7025
7391
1960
1398
4722
8357
4287
7667
8714
2420
3128
4697
8235
7207
3257
3945
3350
3577
7425
452
7038
1470
6123
5304
8048
3201
2633
4451
6143
4061
5585
1654
5069
2113
6271
6869
8706
1265
6695
4100
6066
1971
4996
2186
1303
2300
4765
5011
6360
8399
5121
6083
1949
6329
6015
6345
2621
332
7314
2844
3227
7521
2034
3272
4604
8698
2674
4889
8270
3357
6589
8365
4316
3798
5710
4221
4657
6830
4246
5402
4947
5459
5830
5774
6220
8439
1848
2284
8527
5598
5038
5844
7763
6647
8102
5443
5707
8167
4026
2608
7979
1090
1712
3831
3193
2312
3626
3189
6755
8001
7037
277
2116
5690
5773
4404
5131
3105
7353
3892
7458
2367
7737
7436
1593
3784
8720
5409
5177
2832
2662
1227
4915
2158
3780
4028
6299
232
7571
4523
2020
4652
8148
7146
1010
7550
8491
6395
2014
4824
625
3890
5057
663
2163
571
3523
3683
113
7446
1469
2986
1683
2299
3835
8445
253
3181
6519
4248
6855
3006
1655
4244
4966
8075
6372
5422
8300
8100
5825
3987
268
4723
1229
5490
4247
5087
6317
7357
5800
82
3228
296
6772
7797
1164
1015
6319
7296
3549
1903
4243
6517
3595
5225
1509
88
6828
3409
954
7151
5705
2192
7967
2007
5076
5650
8328
1741
2052
8264
5595
2482
5447
5817
5329
7541
1832
7912
8165
1819
1938
2288
2658
8309
4389
4709
4782
6506
6318
5512
3455
2098
8755
7683
8093
1714
8559
4677
160
4010
6711
894
6288
6500
7931
6327
8354
3703
1382
182
5457
3895
2769
6068
509
7259
1736
397
691
92
4097
380
4785
2208
6263
2250
1393
957
6389
7713
8448
4223
8525
4726
475
6109
6979
522
2966
2542
7578
1573
5277
7001
4585
5818
629
5533
4866
4378
2233
2708
1987
4590
4483
4469
2552
2612
6157
7988
6200
7806
3795
8593
3476
5207
606
8106
7303
4395
2791
1700
4796
2550
405
771
6862
1454
5229
7352
2256
1522
1414
674
5881
7725
6442
8372
5180
3495
619
1071
4938
8608
2544
1954
8603
4296
8436
5827
6323
1853
1218
7628
2811
4833
7374
983
947
4658
4265
8062
3190
3402
4065
5875
96
1562
5946
3392
995
3378
3141
4295
3829
7632
2855
4450
2127
1018
6079
591
7382
7380
7652
1617
8768
8280
5822
8350
6575
4050
3078
8704
7014
8551
2839
265
7297
6892
5883
2483
3197
3065
4096
5517
5271
5172
6126
7724
6707
2341
4352
4351
4786
3034
4600
4468
470
2781
7417
5064
5406
208
7863
7256
4001
7793
890
6376
6233
436
3757
2667
7020
3355
6065
8016
2815
6448
8471
5036
1380
8424
7552
3281
3594
6659
834
4562
724
2166
623
3251
2745
1377
8709
8681
7174
1183
6497
6850
6048
6771
2357
7805
564
2065
8617
2764
353
2822
7350
5404
1536
1991
4394
8402
3163
1179
5015
5935
7843
4366
3278
3116
5114
168
1873
2765
5262
1243
7653
5757
8011
5638
3110
4649
1767
32
3763
3302
5411
5125
5353
5572
288
1413
3772
55
4566
6677
5721
6558
3533
8500
1320
5345
5075
2963
694
2017
7197
3730
3276
5178
7810
4176
188
6176
7494
6023
3580
5948
4740
6854
3211
6016
8463
3815
4989
6981
1304
2170
1552
8324
7225
6344
2772
8187
120
2125
7239
1305
5360
5873
8205
363
6747
4873
952
5684
6281
2160
6861
7077
7681
1893
7299
1673
7860
6600
3249
5701
6691
467
3570
2501
6607
2785
2967
5858
2616
8364
1968
7269
4241
2372
8231
491
5408
6325
5782
8546
3635
1797
6689
6416
2540
5659
234
5163
5758
1761
2912
2712
5056
7946
1036
2600
5113
141
7825
3267
4381
7354
6801
8149
4336
1931
981
2293
7365
2971
5048
194
7757
6541
8389
1533
4234
1139
3964
3583
3675
7158
791
3020
3526
1056
5500
8200
3699
3123
7214
359
6844
4074
3656
2067
7248
3544
4156
204
7546
6158
6617
6195
1124
3327
5388
3074
2918
1728
3252
3260
6525
7094
3902
8218
7486
6256
4250
1251
6174
3700
374
5703
7547
7121
2135
5214
4209
1274
7465
3417
130
7438
5471
3096
3329
7171
1482
2369
2931
4021
2939
1787
5794
3653
8779
5421
6223
5522
1350
3765
3547
7234
7729
4397
1555
974
411
671
57
3052
8501
8520
1195
1247
7750
6753
4080
5874
632
6259
2614
6849
8013
2981
1876
6874
4436
7925
7522
1568
4370
3791
589
94
6996
4775
5238
2870
3323
4797
1923
6045
6885
5153
4615
3407
5716
6238
283
4448
8257
2053
3521
1140
8459
4069
7218
821
5157
6936
2743
693
4855
3083
3806
1205
6794
8785
3443
1288
3696
7939
4286
3980
4899
874
2925
2954
2212
6577
3684
7590
272
8140
190
915
424
6289
4513
2927
322
3836
1086
1762
7605
8466
8090
1833
4048
5465
2105
4757
1290
6181
7307
7087
5852
7952
5942
7709
6392
4237
5284
4919
4326
6020
2867
6912
808
3993
6188
5610
3620
6236
725
4180
6624
1963
1158
7315
4225
8774
4481
944
8232
1553
4928
6499
3673
1058
6250
6579
1744
741
4953
2380
3995
8272
3340
708
2030
6643
6072
7555
653
2241
5673
486
4277
6002
5380
2505
2609
3139
2660
3676
6027
7242
6022
3160
4173
2580
8290
87
1514
6543
1806
3692
5348
6024
4564
4321
5322
8226
1857
2484
7950
4918
7506
2620
2695
6710
2493
1852
5104
5283
8082
7396
421
5574
4696
161
2240
583
1544
2463
22
2677
713
3167
3398
111
342
8703
8182
3558
4963
8159
1280
2525
7198
5977
2869
6243
2571
6390
5337
2092
8117
6184
5583
2115
2258
638
5173
2217
1500
8558
1357
3879
2714
361
2980
6333
3081
76
5921
7599
2897
2862
4909
4846
4553
8452
8113
2511
8766
1760
2470
5434
3499
5268
6509
2031
1022
3897
7330
5864
8130
2849
6332
5529
13
5464
3364
60
7892
6590
8781
3337
829
5989
2202
7715
4386
3493
6930
997
6491
4089
6404
4400
5369
718
6564
2107
4068
1481
8045
1342
4152
3841
7165
6966
1418
1748
5204
6698
4282
7076
6029
5594
2885
127
1196
4406
3442
8296
7424
3724
3111
7512
6129
742
7046
7457
5095
3366
6762
5976
2165
1343
427
1976
8504
3960
5084
7034
7574
7187
6429
274
5088
3108
6244
4269
7201
7222
1387
5021
84
5429
118
3898
7182
7428
4573
4630
3670
1112
5363
3968
1540
6841
7884
8331
886
3045
7719
5918
7373
3903
3177
2762
6341
556
3028
6825
3223
5041
2152
2246
5592
7190
400
666
2507
7309
5060
2335
2906
365
8098
328
2672
1969
2074
8190
4650
5450
5079
5588
7113
3000
7173
6597
5255
5849
7485
4274
5051
3812
4268
2480
4885
4639
3210
4218
173
2878
8199
1699
2362
4187
330
3213
1563
7900
4901
5486
1202
777
3679
4634
499
8422
2744
8367
5210
5576
5847
7169
7774
5419
6405
3311
1452
7707
6725
1038
144
951
8132
5208
750
1396
8095
2448
1911
1106
2087
6942
2336
5780
2416
6598
1329
6817
5832
2402
1159
3861
7993
8584
6145
6400
4891
979
8769
2373
2286
2984
6156
5886
441
2893
7568
3856
7047
1692
2117
4645
3464
5093
2325
687
8732
2430
4417
2446
3819
2119
3729
3869
1188
6235
6508
2956
1221
6212
1381
3731
2292
3584
1354
617
1717
5101
8741
7923
2596
8442
6350
8435
4354
8171
8568
5000
859
5640
4607
5227
8306
6846
2205
4571
6483
6766
7842
7679
3875
6904
3717
7063
8654
338
28
2840
595
4037
6588
536
4860
1264
7499
8638
1001
3799
603
6142
5355
844
5065
225
5146
1341
8344
795
223
8428
7477
3793
865
4794
5931
3685
4123
4224
8434
3710
1570
2803
3440
3368
5058
7291
5892
4924
1850
4150
6439
8429
3095
7566
2548
1999
4835
220
810
2204
1289
4861
7500
7238
2124
2774
503
7101
5485
7414
637
4376
8207
7847
3254
355
4414
6669
7361
1859
3373
1961
8039
6334
2549
4349
7583
5063
6708
3243
1798
1420
5022
510
3912
743
3073
8083
6422
4047
3009
5074
1951
611
1429
4858
2334
6155
7569
3229
1204
7399
414
2027
4081
6294
2646
530
4144
1439
450
6013
301
5272
6364
7888
3789
2103
7944
6943
7890
8385
1384
832
5728
7144
5270
5461
4016
7298
6739
1511
2644
5400
7557
8170
4470
1574
4413
6412
4854
4593
8014
1765
1433
5067
6265
3764
8455
7597
4552
7249
2509
4315
6413
3144
7395
6822
6890
690
3187
1784
6654
7082
3313
3446
7938
4235
1582
5900
4718
1252
1518
1436
3119
2059
3235
3258
4686
5969
1758
6968
6661
3830
1499
1250
7701
2051
3085
3470
1902
6060
6107
679
4441
1268
5162
230
1061
3661
5636
3559
3932
2491
5117
749
4927
3529
3740
2887
3432
7358
4887
5934
8431
3949
4622
6719
7061
6314
7649
3164
7677
4184
3711
4819
6905
6574
6926
8129
3814
153
1820
2562
2316
26
148
456
3955
4877
7802
5651
5841
5488
4423
2726
5556
5089
7861
7267
820
825
1955
2719
7141
1212
2807
797
2396
4070
2556
7323
2998
4788
5071
2032
6215
6183
3107
1851
5376
4207
5374
2632
704
5230
4120
8735
3070
2029
8191
8000
8124
1307
4681
1742
3908
2995
6146
4567
1727
6903
1957
5854
3289
3555
6135
1286
8371
5240
2694
7021
2279
8751
5077
7606
884
49
2755
710
6488
278
5836
6957
2421
734
7849
5278
1369
6856
5441
7162
7551
6958
8610
5549
344
7108
6011
5619
178
5681
3617
257
4933
3581
1258
4617
3811
8347
3707
3216
6749
6715
659
4385
7335
6101
4594
5558
1630
8743
6829
8382
362
8660
4498
3532
7841
5430
8351
1296
1151
8086
326
5501
6919
373
311
3871
6387
3321
8594
4160
8274
3503
4711
5489
1584
4139
7181
497
8756
8033
4569
5164
7065
5741
2133
6882
5889
7972
1942
5797
5440
4586
755
7336
5696
7132
5106
6252
2075
5474
4492
1682
2201
3087
5748
3132
6260
2747
4809
2355
7118
7662
2427
2551
70
6642
2191
8511
7549
123
3596
6984
3749
6284
4603
6386
4774
6956
6434
8669
8462
6582
2983
3971
8786
5463
1248
8294
2227
6803
6985
3285
5044
767
5664
4335
1721
4032
4380
621
1924
1746
6524
4138
6481
3021
5753
7230
7195
5799
7974
6039
5537
4755
7185
937
716
932
1386
4359
768
7704
5778
4974
19
1084
7117
756
2731
7854
5455
5187
8696
4733
6331
4754
4151
7835
4122
1616
7572
6219
1665
2686
7705
1176
6760
3705
8634
8303
1489
6403
6196
7223
1549
5341
42
381
4682
117
6090
8523
6134
7703
4424
8315
1194
8015
6290
4491
1035
2944
2888
4529
8109
5200
6194
3299
1516
8378
1449
8476
4643
7992
7999
3644
4088
1177
1631
7355
4611
562
6280
6383
3077
7801
5334
4912
3444
2877
6113
5062
861
4982
5183
1772
140
3152
6531
6119
4110
3430
1856
3718
6529
2961
7211
6172
7313
1815
4705
1092
1897
165
4124
7080
5082
3604
3297
3931
989
3598
4505
6736
5487
7971
3014
4454
8285
6224
2310
8234
2167
5523
1579
4557
4719
8575
2333
1450
5415
1215
8160
2338
8418
624
1855
2921
5771
418
1214
5526
4871
7346
3310
6637
1743
2323
2474
567
1279
6374
6723
6149
4548
2720
7008
1595
6964
7885
2749
5524
6571
993
1291
3840
7493
1659
5008
7196
2649
5232
904
2112
3405
8063
4238
772
3221
5222
3222
6865
3031
5294
6461
1675
664
3104
6931
6685
2123
4638
5766
3753
5859
3953
6282
5276
2441
4093
4621
3026
1473
746
2277
7638
279
8184
5356
4917
8537
18
6989
3708
3952
7966
7053
818
3746
128
4931
461
8457
612
86
2138
1887
3884
114
8008
7104
5327
6167
2648
3589
6646
1325
8705
2162
7123
3505
2321
7560
4030
24
8700
553
8078
1076
6310
5833
6378
1458
8249
1539
8057
5626
1269
1866
7010
8605
7616
4744
1912
7991
7875
3452
6056
5078
4679
4384
2820
5205
2
990
745
6198
3433
2938
2935
7070
910
179
2989
2225
5925
2788
2776
5479
7270
3588
4347
5053
7482
7987
5313
1020
1210
4465
5497
3439
8390
8526
8136
7936
133
5895
8562
3172
7585
3441
4895
4043
8757
3976
313
3283
496
7934
5042
7794
7426
4426
8446
5004
588
3079
2675
2560
5932
7625
5686
2697
6251
887
1882
3920
898
549
8513
1594
6809
1591
7668
3930
4528
8278
636
5175
3057
8034
5382
3842
210
7981
7684
3807
6752
4098
5937
5893
5073
4537
1143
8775
3290
7263
4312
2625
7257
3777
2736
122
164
1989
4601
341
8719
977
577
5256
8208
1505
5890
778
1990
6640
7618
1271
5354
3151
1293
6761
6431
2211
5569
707
7023
5897
6635
8640
833
393
4633
5593
6044
7791
4943
6664
3658
4954
6997
5855
6826
3423
7756
7790
6313
7407
7530
2604
1671
8647
6446
5801
5992
7871
4646
8565
6697
2376
6001
396
3025
5300
5647
7084
5425
7768
2723
7332
1977
1404
4904
4865
5829
3336
6112
5739
106
3516
1385
1643
8128
4202
4041
2557
4892
6222
8489
3266
7510
3986
1827
237
2499
6163
7607
6138
5706
409
4997
7852
6398
4023
1230
661
8343
8406
2106
6584
1724
6806
8058
394
2606
2100
2364
4077
7534
1448
5364
8585
8722
1688
4360
697
1283
4642
538
7127
1351
8394
6042
5194
5059
8693
2305
3125
487
628
354
1952
2044
6852
3331
7857
3230
6800
2968
6562
6468
1751
2383
4140
2429
1537
2319
7595
5962
476
1575
8770
1152
2149
6731
7922
7250
8695
1394
6435
5397
4952
1475
956
847
502
4863
6786
6371
2881
5396
1861
8220
4162
4882
8449
3381
4461
7749
5109
319
7812
3418
6485
3501
2884
2035
2348
5896
2650
5129
5199
863
714
2039
7746
6918
4229
4087
2583
836
174
226
1102
1763
1109
1316
7880
7445
2375
6576
2879
991
7526
4418
7009
6028
2936
5824
4509
2457
8470
3135
4906
1014
4800
5661
2941
3824
2522
8061
618
8760
6932
3491
1662
5698
2729
2228
3744
6211
6573
72
2458
1181
7443
7897
5446
537
2738
7423
6451
5795
6688
4826
3870
7090
7398
7430
917
1970
6117
1703
2176
4164
8302
3540
8726
6729
4950
2710
8618
2290
3834
2909
6089
6445
4935
5866
7720
3400
4745
965
8521
8209
1962
7413
5203
8194
7650
1306
3271
3804
794
1266
5504
4581
1656
7306
4113
1051
4208
1905
5787
2478
6566
1298
324
5003
7052
3486
1781
8658
8321
3066
7453
6881
3225
1486
2026
2581
8528
6197
1561
4857
1825
1147
1745
2911
5127
83
2347
3424
8174
7186
6619
2655
5747
2249
1483
7265
5009
4772
8624
2108
7093
2262
5720
5959
4957
6877
4302
8267
136
1846
1608
5554
3100
4373
7689
4683
5606
2485
8369
2740
7515
5777
3736
7894
1532
7376
7124
7216
1599
7147
4291
4925
6790
4870
3905
6613
2692
802
4695
903
3298
2434
5193
8421
683
7200
1464
1353
4503
5431
6103
484
1340
3742
8398
2567
3389
1367
4054
4875
2040
6124
448
559
1696
5027
1345
5553
2239
3240
3010
6791
5192
4881
4541
5711
2350
3218
5641
1526
8591
3977
3530
1492
4619
2717
3562
1040
6746
5005
3858
5368
2041
4985
5933
2090
878
36
1802
3182
882
1030
3613
6505
7096
7619
4431
7831
7324
2064
5655
8346
6187
6131
6301
2656
2693
5666
885
7964
5091
7859
1679
600
676
5899
5913
1771
7100
2311
8515
5134
4210
7664
2622
62
523
1556
3877
4005
1995
5261
7629
2352
6443
6581
8242
7289
6941
3202
723
2486
6644
8198
7726
5527
4353
5195
4008
1636
4109
4700
2910
5418
462
2926
209
3713
7177
4993
2924
5314
3590
622
1600
5269
576
4090
5309
3649
4304
2088
1731
2813
6410
1677
2452
2131
2161
3899
4251
3408
7765
551
864
6712
6536
3525
8671
3208
5590
1370
7511
7540
1024
8068
3948
6667
7418
4255
655
3264
3270
8396
1411
7178
660
972
1749
7598
3813
7879
2850
1693
3827
221
1498
992
52
6672
8465
1648
3005
3770
5563
5417
3084
2722
7011
3787
554
4163
2185
2385
7342
4106
5957
799
446
6482
8362
139
3796
1231
263
203
7491
2247
5328
4689
787
3754
7800
4560
3761
4803
4279
2442
7630
3375
5973
6663
5263
3882
7122
1658
2642
4959
6868
5767
4149
7370
3012
287
1105
2653
4158
5535
5949
4852
897
4913
5184
1503
1323
4970
3650
6542
2183
3113
43
2214
5623
6993
1141
1031
2854
7622
7513
7799
581
8163
56
5092
4654
4831
7957
98
7496
7450
2315
648
7351
2023
6078
4242
2076
6093
5985
2592
398
1886
6808
3500
5637
765
7316
6665
7131
4550
392
5968
4739
6999
6189
1267
7990
758
7712
1497
1115
8653
4390
1869
2638
8611
7648
216
3631
3534
8311
2126
6933
3826
2880
7781
5960
1256
5150
3194
3809
1321
2417
4168
819
2269
597
940
1114
8282
4355
16
2473
2500
6399
8152
1723
7339
3546
8215
3361
1986
7390
4049
6125
1657
303
352
5551
8126
7138
2174
2934
442
142
7105
2565
7411
7604
4452
6973
3561
6662
913
7150
7371
1581
6769
2000
8286
5789
3300
5219
1363
8746
4886
1985
4000
1478
6684
8135
4526
2298
3354
6127
3399
3624
4929
7194
1166
4540
8040
2530
1644
731
2018
4338
8631
7210
6136
3939
5291
1049
6315
1836
3615
3137
7133
7452
334
3386
4618
602
4862
2768
3693
2796
7468
2821
477
3970
3203
4975
7867
4219
302
8273
5775
7106
1944
8275
6268
6838
1687
4628
1491
1138
4200
2104
8123
1447
6367
137
3651
4320
6593
1133
6789
6261
3592
701
73
7258
4057
6601
5049
2097
7722
2958
6258
1978
4183
7284
6073
8345
7792
8582
1523
5385
1800
8729
2602
2358
367
1501
8094
2494
4095
7442
533
3797
6713
2812
8238
3786
3349
4387
8694
3716
6750
1672
7539
3344
1163
7081
5860
3179
2848
857
5403
8255
2221
1416
3044
6190
4547
2739
8679
2047
6612
5143
3527
2950
5622
4371
5389
4467
11
5843
8211
8279
7881
2058
116
2243
5491
1889
8327
4325
8787
5197
7481
4779
7832
924
6006
8348
2793
2378
5070
2388
2342
6466
5018
3318
1711
3188
8736
5350
6495
8739
3429
766
8496
371
4804
2907
8261
6963
6456
8586
5265
1108
2345
6046
8626
1409
1225
5472
245
1346
481
7444
8509
383
78
7845
3250
343
5493
6615
7614
2601
6059
6565
4236
3510
2876
6216
7542
1207
2094
3554
2916
4839
7807
949
5066
8338
7759
189
1980
1914
2329
7193
3191
8383
6217
7514
3732
4280
1025
2129
5823
1428
7033
1232
64
3136
4743
231
5658
4578
5898
1583
5148
7032
4580
3874
774
2842
5336
908
4293
6014
6122
6311
1979
4612
6467
4956
3131
469
1676
1073
8127
1994
2153
2449
1588
3142
4949
5991
4827
3019
4706
3199
6516
31
4188
2766
6480
2951
1624
6512
2413
1065
4343
6959
1738
5589
2471
1750
1576
7626
5303
7441
6950
3839
3341
3195
3075
2188
3872
6634
8263
6680
2713
6687
471
740
7154
348
7471
7295
5679
7331
8179
6275
7564
2817
5298
3219
1480
5122
8642
3231
3888
6040
2619
4391
5391
402
3739
901
3002
3385
4806
6234
4687
6778
8301
4434
3959
7261
3224
4357
7337
3859
3972
3906
2946
7558
5911
5001
1649
8529
4703
1122
4823
2978
2326
8089
8401
2231
7375
7535
6978
800
1795
1735
590
7789
104
2809
1794
2585
3147
2959
4995
1327
7253
7674
8227
5676
4864
3024
5678
7559
1524
1490
525
5407
842
8531
339
2828
1297
7056
7760
6262
5532
1099
347
1964
2251
7091
4036
2685
2424
236
3901
1088
2974
8125
4676
4951
6454
4327
7610
5958
1401
7537
3365
85
5452
2699
7459
1790
1718
1792
6228
1909
6214
8507
7935
5152
6052
3332
8241
4165
1706
1558
4897
2306
4767
7868
143
3473
6743
7043
2647
8589
238
2395
2384
6498
5621
8154
8587
6802
7018
4971
7956
4328
7834
7179
7687
1135
1130
2451
8042
3153
3522
698
6336
4802
7998
2371
7548
6782
2409
3991
6245
3477
1200
1527
6402
3669
4446
5750
349
3927
147
5882
6880
2255
5188
489
6373
4178
5669
3352
3924
1008
2219
1185
4880
1075
3038
5035
7554
4781
7015
2757
4771
4780
7321
7851
307
7064
2680
5591
1120
5515
4189
1270
7469
1313
3451
2469
4988
1678
507
2151
8687
4672
8229
5449
8595
5986
7247
2455
1916
4725
4606
4986
4086
1126
8734
1128
3401
162
8758
2218
528
6758
5667
7563
4119
312
1670
7042
1807
985
2085
757
3360
6683
1162
4472
7383
1484
7927
8557
4878
5358
3803
680
425
8173
5506
1312
3843
240
95
4538
2806
5520
7320
7290
6297
1625
4635
5342
6414
4333
5495
1438
4874
8314
4514
1330
8652
47
2554
1940
7836
5351
1190
4921
7462
5237
5735
6929
4551
2996
700
1828
1883
2705
702
7277
1310
4438
8723
6478
6604
2274
7764
2760
3322
610
2061
3023
1948
7659
7776
6521
206
7584
7507
3542
7645
7803
4512
557
7191
325
2487
1434
2668
1460
6470
2093
8355
7816
2283
6047
7779
7846
8146
631
3121
8119
39
6718
5190
7997
7682
650
7904
1880
1261
2682
412
317
5010
7206
902
3287
7268
2985
7508
5273
7060
1858
2945
1397
6995
5579
2847
1680
356
6175
5901
804
158
4665
6477
7536
7345
4675
761
1174
8323
3719
6676
1021
8271
6469
840
2497
5909
7474
5605
2069
6895
6586
2586
8590
7518
156
1826
6286
12
7252
5511
4674
1958
3159
5941
8244
4728
63
6915
505
3411
7340
4214
5656
217
598
6337
3291
8784
1811
3666
389
614
5625
6975
4506
5570
3694
3848
4721
4046
3984
7562
6264
227
5811
3089
3090
1240
5671
7243
1997
5609
197
1287
4770
2265
7002
7528
817
620
8071
3247
4843
2472
656
6296
3937
6925
6193
5435
6283
6484
4932
7829
3091
250
6191
3149
1165
2890
5978
5995
2407
4625
649
2824
7723
7498
2377
7895
2465
4814
167
1223
6180
7665
7385
1352
7431
4170
880
7308
8245
4783
1755
5840
6423
235
5331
4790
7232
6018
6845
1849
8139
3183
2324
6370
4267
3286
4428
5885
4911
6551
2412
2866
2194
7069
8637
4690
2055
6807
6058
8142
3573
5454
2033
2874
170
74
5732
4813
5142
1530
8046
7924
5685
3566
321
8059
5179
4525
3061
6696
5561
539
1663
5168
784
7461
4549
7266
8210
1613
2663
2196
574
3436
3825
7454
1012
4613
6077
782
2193
2687
1091
3616
3427
4907
6084
2200
3637
7136
1791
7870
518
4382
5603
7588
4977
1739
7711
608
8340
41
4079
4367
8665
8017
7379
7017
1169
2886
855
8615
2891
2676
81
4968
3771
5719
5737
4666
6678
1453
8284
7016
2148
7294
7280
3118
2437
3174
4102
61
5672
6567
4027
3822
1121
6352
2339
3642
2156
2763
6906
4368
5692
7731
7767
8356
5085
1019
4159
7311
4402
6858
3726
6816
4125
138
3001
5982
8644
1606
1168
3127
1697
4653
2036
8019
8542
5306
4091
4303
69
3609
7915
8674
6620
290
6375
1668
1233
3548
7840
8020
6602
837
6949
6701
6085
5499
7304
3335
3406
2461
5530
927
8088
7062
7850
4456
4364
7026
2337
2408
8675
5050
4332
3268
5242
2440
5534
4680
5288
2545
8620
7389
7030
4035
5759
7876
2634
4056
8458
2590
2223
6952
6556
8203
6342
6353
8604
7217
2979
2843
3466
391
3918
2304
7262
5395
4278
3622
2652
1633
531
3662
6474
5513
770
6152
3154
4644
7176
1060
4290
5670
1773
4773
2536
1837
2361
8161
2229
3657
1506
415
4161
529
3069
3512
2819
1368
6005
8570
6910
6133
8420
8662
566
2669
2317
4738
6128
6092
7631
696
107
3794
8499
2701
2063
4987
1647
3488
6887
124
7059
7700
5223
4181
1740
7601
873
7074
3639
7439
1328
6823
2865
801
2268
7798
8554
3767
5723
46
289
6421
1260
1104
8547
4488
5714
3563
8405
6295
2002
4233
5540
4195
3515
1715
2816
3867
6690
1361
8461
1515
3120
6522
444
8186
8169
2524
7600
6266
8776
8101
7068
4883
7694
8248
1605
7637
2532
77
5724
7255
7273
6326
7475
6814
960
3607
7914
3900
4671
3633
5399
3850
2232
5260
5343
5974
7427
807
779
4055
8172
1137
5220
7501
5432
872
66
7378
333
2582
2973
5582
5110
2477
550
6075
6450
5871
7783
3942
616
7955
1459
5951
4994
5565
6339
4729
8164
3325
7736
151
4983
8361
8498
5784
5165
5387
1055
627
8782
8336
1551
7054
7099
2423
6479
7771
8024
6863
2278
6242
8026
8569
423
5725
626
2215
8195
8601
4820
3036
3382
8112
5550
8535
2142
4584
3722
7130
7917
5132
560
5708
3638
6608
5971
7819
2259
1737
6923
7246
6569
8
1317
3138
8043
7153
6972
4493
3928
7000
474
5259
7717
1153
379
1653
3671
8619
8597
1834
4421
8304
3936
6457
6254
1888
8077
1276
5280
2618
3929
3860
2584
276
6221
6502
3192
5296
8486
4555
320
1939
8047
3468
6606
1993
1037
5665
3284
822
6533
6982
2629
6873
7429
6810
5560
4103
4756
2466
5868
4024
7175
5518
7932
4157
8138
3896
5525
1545
527
7435
4720
4356
7752
3367
1660
3702
4497
1146
5788
7208
4759
5752
1226
2845
544
4422
7362
7287
163
3935
7882
3046
2953
5324
730
3324
473
2226
4910
6324
7344
7386
468
6924
6629
2164
282
570
3528
5442
7392
4825
6945
1334
7727
4270
2062
7742
7088
5433
2528
516
7937
184
259
7646
3593
4710
4399
3296
2841
5367
7119
2287
8622
3926
8137
5510
6358
6363
8360
7787
7933
3817
2871
6118
2915
337
5945
7747
5135
6346
6703
4101
54
6037
7733
7926
4942
5412
8553
8339
826
582
2073
4685
1564
6369
4965
5398
498
4575
7814
1017
457
1975
4067
1337
75
336
8312
2534
4419
2752
5930
4832
2346
2630
4763
7818
2077
851
2444
6974
3457
513
5802
8773
856
7112
5505
8454
285
1619
6835
4958
7621
1690
1272
1023
2626
6050
7796
1096
4217
8677
7772
1281
4847
2397
8384
6401
1611
4256
2623
1878
2294
7517
6069
5244
5660
7642
5814
166
6171
4126
7911
862
2751
7714
3672
2024
8518
8134
7697
4641
3185
6653
4411
5028
684
5333
8411
6831
6632
3614
1747
3636
3735
4401
8485
5149
2481
4130
4206
4962
2770
3511
8084
2139
5462
1725
1192
2095
2267
6765
8025
3356
3180
8707
2197
5688
2213
7464
5624
2370
929
2084
7369
3816
7565
2792
4822
3913
2479
6192
7437
6636
6362
5519
3214
8092
4499
5888
6098
4715
1621
8074
3242
6591
3388
248
6621
520
4980
8663
3618
3042
2209
1632
5139
6
7473
1904
1064
8243
1884
3117
1816
6987
7833
5704
1502
4410
1708
8379
7170
2155
5128
5307
27
4254
6425
1129
976
7575
3410
6419
3881
2187
5975
3481
1864
1193
4473
3017
7073
1847
773
4239
3645
6886
2537
2861
6709
6770
4850
1674
2704
2042
7839
3233
5289
1042
215
1891
3539
4194
5939
2425
6954
6547
8628
3008
8748
6859
3915
249
4211
2492
5301
1145
1843
6592
7808
678
853
867
2825
3030
1191
3347
1284
8391
914
6780
6377
8673
2868
45
3611
7676
8269
6656
8512
7909
2599
4029
6226
7467
540
3055
1175
129
3438
3950
4789
4624
4616
266
2021
5633
1103
812
6658
3851
4748
7155
8771
2301
7949
4153
763
2786
4412
8219
8413
738
2568
3094
8717
5839
7716
2598
760
1335
3126
7903
2767
4172
3326
369
6255
5325
1867
3039
7603
1597
2654
5994
6986
6458
8524
1531
90
6463
6773
3474
4516
228
1803
455
3610
2418
4334
7527
3390
2818
5103
6320
1082
8217
5017
911
2343
4358
2238
792
8583
6388
1477
3422
3818
6907
5695
891
922
2859
2691
968
1838
1592
3909
2578
8377
8724
3062
883
242
7213
3800
384
909
4762
5564
7755
4213
1565
7432
37
4900
3978
8393
4203
6210
1400
3962
5176
7973
1528
1063
4082
4155
460
8606
5980
2527
5846
7110
4022
4829
8754
1471
7349
5742
6144
5693
7670
1759
3907
1360
8018
2318
6510
6836
5902
8009
6257
