3523
4676
2977
7049
1325
6633
7483
876
1633
8105
3617
3648
6146
5203
4281
4427
5960
8141
8451
7901
7263
6657
4945
4201
5021
6926
4056
8310
617
1223
1339
3135
1700
4670
4774
862
7735
1270
388
5390
3815
1808
1650
5269
7717
908
5020
7537
6393
4213
8407
7281
8641
7985
4745
2784
1216
7299
2951
2910
4018
5107
4749
5712
52
8204
6661
2945
1846
6832
3987
4987
2701
12
2510
7361
5431
3593
6538
5985
3556
5641
6910
4268
3431
4955
4192
647
5459
6589
8294
7661
638
6933
5789
6132
609
3941
8735
6465
6263
3146
182
3845
5668
8106
1463
2657
6646
725
5273
3358
67
7915
8301
5233
1751
6100
7279
5554
4842
863
2847
4617
3548
3757
4200
7657
6913
3440
1894
8199
3243
1281
4094
7138
3235
5751
4180
5551
7472
4751
1655
2487
8155
7242
2599
6021
7372
6142
591
2535
7356
5427
3419
1770
5322
2706
7175
7595
5923
8398
7079
7533
6792
6059
890
4418
4160
4947
2916
7603
1552
4901
3246
5441
6614
4900
7907
2668
5048
8236
8142
2140
581
3426
6637
3803
1571
7457
1465
2007
5968
2745
1533
4737
5784
5504
924
664
345
8431
3796
4393
954
4507
2125
8035
6578
4985
3630
3570
584
4262
653
4662
1898
5959
5467
8439
800
6064
5763
3835
3238
7454
5092
6937
4760
8241
3627
1603
3887
3513
5413
5077
1400
8104
8325
3134
1771
3405
4928
7495
6452
6164
3327
2356
7489
1814
695
295
179
2443
5935
4586
2959
7940
1854
3791
4144
1249
4012
7891
3915
2608
8127
5950
3600
773
2219
2122
2254
3606
329
5819
5917
2503
6328
3090
6253
6073
8563
5608
2191
2613
6336
1425
7619
735
5718
3379
7846
2054
7856
8295
268
772
5224
7546
6842
134
6215
7906
3211
3588
4635
8251
273
5337
2311
5302
5540
8315
6062
7716
2989
7530
4483
1866
7722
368
4781
3017
4394
6502
7448
5083
7890
5493
6149
4549
2937
1467
4660
4396
3373
1201
6563
5110
2196
7172
7374
1500
1006
5175
799
1240
5662
3423
3618
8768
8654
3098
634
6919
7267
5853
8353
3715
3388
3415
4964
3111
3930
4338
6236
1016
895
212
2708
2710
8309
2188
2163
4019
2099
2411
8336
5451
7977
7609
2823
5519
5006
3875
1436
6849
5278
5087
3534
4564
7393
5963
5978
428
8758
2459
7673
3181
8651
2337
1462
7713
7539
1990
557
4430
2830
2991
2398
4451
7290
8296
8250
5559
7006
4282
1042
8626
6632
2769
1835
4968
2768
6267
3368
7685
296
4490
7601
2572
775
3624
4111
117
1926
1420
2585
2469
6823
4789
5285
1781
5058
4874
4000
4941
6074
479
1024
7461
4541
989
4330
676
7121
2170
4049
602
441
6212
2218
3492
5232
3276
266
6679
8055
3208
1518
4787
5546
1086
7423
820
4165
2372
5132
6868
7248
6125
986
5129
6144
5731
5865
3455
7176
5838
7800
8514
276
6466
4778
7953
4356
4950
4149
5850
8359
7342
5814
6944
8111
3269
5955
4771
4222
5202
4044
7339
8787
7984
8605
5041
2663
2242
8188
7508
5106
5864
6707
3195
5580
5381
3577
6558
7751
3182
2681
2522
110
3052
8456
2646
6624
5573
6940
6054
1721
3633
6335
6481
518
2353
826
1706
3761
2966
7602
1004
4924
550
8206
8468
5823
608
6548
2306
6274
7640
4357
4406
8579
4069
4907
2757
7544
8594
5633
843
1843
3268
3876
5282
8429
945
7599
2496
7788
1975
7710
1348
2046
7787
6881
5598
3830
4323
8511
5245
2931
5902
4379
2967
7160
448
8286
2555
3236
1331
2273
2776
5099
4961
1230
7360
6022
4746
6770
3304
6630
3651
4556
1651
3615
8725
7041
6730
5593
2620
7380
7498
2319
7567
4654
7391
1908
1586
3118
4449
4417
1883
2360
7389
7862
4100
4352
2110
3619
868
1960
8113
5208
7623
7014
651
496
3042
1652
859
7040
7047
4922
3676
2717
1643
4336
953
5436
2851
2898
1355
3271
4158
6198
3201
5292
8025
243
7226
3292
8690
1794
8216
115
6205
6030
8274
3843
6004
3818
7384
6667
4682
2380
835
8521
2087
5682
3681
3347
5101
3198
1747
8150
3366
5121
3139
5276
8516
7016
1831
3466
2614
750
5104
2773
3686
4600
4762
8496
596
426
579
2691
1166
5039
4147
5421
5962
166
5844
8713
5918
4655
4845
6685
3133
5919
824
5496
8529
8784
6501
6784
3363
3033
3699
2822
7755
4688
2189
6066
4231
1714
6433
7347
444
4897
4443
5365
5758
4699
8699
1012
2005
6216
852
864
3315
3323
248
2656
6047
3850
1683
5584
3076
1190
6677
4421
5725
2715
7408
767
50
6920
3771
7417
703
338
3657
8289
5014
2302
7693
1795
2432
3343
8349
5986
6749
3266
8075
4938
2876
5462
1881
1819
1753
2065
7935
2737
566
7873
2575
3945
3565
5168
8018
6155
7411
2759
1654
6041
7867
7783
1007
4055
3485
6420
8437
7659
8021
1858
7223
7240
4861
5936
4931
8620
6311
6857
8214
693
348
6234
6668
8137
2734
8613
4993
8589
6582
8362
1484
3786
8507
3691
2515
2797
5541
1777
1676
3635
8771
4088
205
3689
1127
1749
2588
6905
2780
5060
3664
5570
783
3154
6360
122
1178
8733
1906
2036
4532
7990
3640
5461
8222
7270
6959
6609
1390
3584
6726
6644
7481
6748
5256
4659
1659
6613
3170
2230
1635
477
106
4862
2913
700
4819
3820
157
4592
4305
1338
322
2936
6386
3978
4061
2463
8048
2719
4693
5596
4109
1259
4127
1690
1149
7439
2817
8049
4423
2368
1378
3260
7284
314
3662
7194
2956
7582
2027
742
6303
2873
8754
2284
6495
658
7731
1068
3301
6875
8578
3842
4866
6800
2732
4664
3232
39
927
8389
8772
490
5995
4026
5188
1884
521
3719
5098
4761
6654
1592
6272
3100
7902
854
6206
3147
2914
5185
692
3200
3933
8676
2492
7087
5815
442
7482
4939
7445
7276
1687
3239
5663
1755
6755
6639
1271
2212
3898
5126
2513
6766
5067
1617
1880
6576
1002
1800
343
6185
2387
5450
6114
8711
5537
6776
1663
2430
5776
5213
2917
1173
4047
3742
3509
6725
2185
5272
3346
4898
1728
1588
261
7878
8769
4585
7048
5358
4051
4223
918
289
5149
714
4936
7931
5884
4829
7346
4435
8610
7097
7578
7179
7327
8706
4525
5629
254
8637
1598
803
6005
3543
4137
5711
8543
492
6573
4211
4505
1049
5691
6717
5527
1353
4799
6531
5626
7500
2812
6388
6279
8607
2406
3797
4702
1447
337
8186
1059
7301
729
2300
8368
2080
4496
8708
4848
6124
6731
8750
7017
449
4207
1200
940
2642
2722
7019
5281
2263
1572
1132
1577
7634
6505
1630
5137
3694
753
7782
1489
649
6340
6365
6969
1385
2927
7577
8645
7591
7719
4678
6789
8031
3837
4279
4715
5375
4429
642
6226
226
5907
1320
3228
1445
6028
1733
2303
2606
1037
5631
6427
4520
5614
2032
4713
1416
7560
7738
5966
4988
4060
1515
2375
7104
2576
6500
906
1591
1902
7027
813
3567
4473
1429
2019
2194
5154
8623
6901
6136
4920
7607
1168
6395
7702
152
7397
0
4360
7164
8148
2269
7272
6033
539
7888
3132
8133
3968
7764
156
7390
6000
7730
5748
4035
5785
3826
6853
5372
857
2025
8721
341
8334
8037
6324
4480
2739
7233
6879
4601
4499
7770
2240
4407
6570
1562
3985
6483
4558
6131
4916
8098
5416
241
8512
2158
4801
6898
3073
3893
1442
719
3656
2292
6648
7119
5708
1350
3953
2049
8467
3091
7351
7511
2680
7921
1239
6092
5406
8434
7335
5886
88
6286
1287
6691
6259
386
2456
380
1054
4568
3982
6140
1639
3184
4937
8444
7822
6219
5138
6056
5500
4879
287
7613
5260
6699
406
1110
1090
1305
5517
4852
8525
4023
6245
4150
545
8782
2971
6399
2628
916
3428
1593
2832
1729
8122
2532
5336
8263
6696
1328
4902
2168
1675
2396
4633
7430
8305
6636
3660
7852
5974
8673
151
5148
8316
4948
4618
7991
2183
6865
186
2260
2549
8406
7249
324
1972
6656
8146
6688
2507
1873
3956
2277
6592
5786
5207
3868
1752
8016
6209
8000
334
3407
5780
6147
367
928
8469
7526
6291
5367
2707
2096
5172
7484
1611
1508
6883
6981
4957
4995
4306
2131
142
8484
8177
4303
1628
6156
8558
5753
288
1167
7078
7672
633
1625
1697
7151
3172
534
4574
4027
3410
35
1982
6586
1530
2632
2221
6579
1703
3191
6982
3051
7579
805
3318
5906
408
888
2903
2301
7109
7934
1301
2293
5578
5061
270
8587
1558
3995
1947
1162
5063
6278
860
3595
6893
4040
260
958
4364
6218
1966
4263
1193
2896
1015
8284
6890
2053
5535
7247
349
7475
5125
8695
5394
728
5471
2450
1234
677
4057
109
2193
2329
880
2994
4126
626
4059
1952
3186
7827
5777
8499
4825
2299
3902
1477
2905
3245
8788
2369
505
7029
8255
2153
637
1188
4839
4495
6758
4963
1176
2594
587
6357
1032
5685
8065
765
7895
7592
4068
6417
1396
3478
1191
5363
3443
4856
5093
5893
5150
7799
8302
7750
8510
5555
5374
1165
4441
2474
5346
2408
4161
1667
1131
6230
8508
4439
3745
8532
8551
2128
132
3693
3013
2611
668
8660
357
4921
4284
5325
2878
141
3092
4033
3704
7332
2735
6929
3552
8285
5894
8565
332
8391
8513
4557
7994
2162
486
5392
4121
5457
3140
867
3737
731
1036
6432
5340
8571
4642
2799
3010
1986
6270
4178
6676
4895
6728
2844
4623
7229
7556
4132
3981
583
3483
2932
1522
3262
3325
1335
2517
7805
2091
258
7271
2673
282
4046
8029
2267
5867
6945
6437
2272
253
5329
8449
4679
6229
8163
5787
3381
7141
7618
7905
4102
7832
5262
2543
7564
7793
5293
8006
4740
4387
8298
3782
5542
959
8151
2173
8114
8036
7820
2699
4717
5887
7711
3176
4388
6376
6751
6192
6374
1356
3057
5319
8091
8227
4798
6377
7130
6781
8447
5627
1917
5983
3467
2018
255
168
8069
2751
2305
4270
2457
2806
7869
3357
1509
5259
3692
3332
3185
3702
5057
1140
1104
8413
2448
1568
2056
6859
3792
4668
2899
7714
2685
7139
1666
430
5308
2377
6877
7404
6445
227
4694
1506
5723
535
8256
7023
7107
3148
3666
3744
2996
8694
5359
4521
1968
267
2965
7565
6479
3684
574
1198
2016
7899
4378
256
5825
6063
350
8505
3643
3119
4765
4792
6762
4283
6729
3886
3735
1979
1134
8102
872
3335
2063
2792
6414
330
2235
1812
3775
7870
2148
7182
5933
3759
3708
292
8643
6591
5307
4370
5534
2920
5866
8486
3149
7412
5328
6339
5009
3429
3734
3563
5501
6584
5034
3400
6934
6246
1051
2397
2476
5875
1415
6271
2682
3107
5140
3424
5072
7108
1983
3342
5506
7975
1308
7681
1225
7150
2226
5352
3217
60
659
3867
6856
5988
127
1079
8410
1070
3813
4198
955
3880
1217
1649
5448
3925
3155
6402
8415
7135
709
2678
7306
2530
2427
8079
4447
62
2077
2343
2029
8277
6884
7885
5981
6122
2105
3970
4479
5729
4690
1047
5446
4014
113
3420
4793
3649
7938
5961
2224
3507
6241
3068
6117
6348
405
2591
4235
4107
7026
5234
2560
2307
8299
93
5669
7353
2521
4215
8290
745
6942
4397
170
7286
987
4130
2868
3039
2294
7684
135
2610
5678
2782
6546
7453
7186
1148
7022
3222
5479
7889
4685
8196
3295
2023
3810
1927
7252
3766
2245
4217
4870
1933
1105
2547
5813
7943
980
6909
1456
2724
5701
2426
2803
4453
4802
6039
909
275
3168
8374
1362
8538
4519
6990
3683
5123
849
147
6375
865
3962
2322
3785
4894
4341
1078
8378
3801
1402
2139
580
2433
5251
2723
7433
4322
4120
1765
6557
4919
1457
5196
8580
6434
3322
2720
2629
4438
3621
8619
4551
5411
8283
7813
1360
7791
2962
1344
7054
3043
7487
6175
2429
498
5984
4216
7321
1366
6391
5444
4889
1341
656
6938
1417
1272
3356
1758
1849
7980
6897
7850
1981
6899
3083
3177
1480
8060
8777
4893
278
1057
293
597
6797
8101
7256
316
7724
1091
6320
7826
2149
4028
5317
3655
7410
5523
3598
790
879
4074
5575
5339
3048
3021
3725
512
6732
3840
4070
7003
8264
3178
4285
1076
5722
2275
5265
1905
7593
6612
7986
678
8622
1891
2675
6231
8192
5913
3581
2581
8372
7732
5793
4621
2961
925
3314
1363
2923
7032
391
712
3688
4292
8140
6634
6167
4741
2215
3947
3501
1391
6803
654
3448
885
8247
8010
1809
30
6841
303
8119
3398
8011
3470
1129
2842
5544
3895
934
7781
1380
1109
5657
6914
4611
8228
7919
6060
312
1739
5897
16
8002
199
7876
4711
7227
3050
8502
3967
6806
4579
2064
2156
6038
5043
18
2431
103
4970
1112
3030
4504
1778
6169
3167
7922
1578
4064
8432
8478
2231
5547
1031
6478
6251
5156
4038
5971
5042
7515
2537
8452
7088
8466
7189
2145
3613
7282
858
4978
4103
3165
5321
7114
8731
1008
6812
3005
6168
3763
1026
7246
7092
3264
7313
5898
796
1439
7311
8051
6238
5664
2785
8341
6931
3524
4413
6943
6097
999
8503
483
3812
509
2013
7195
1945
5383
1985
1211
1549
4136
5895
1959
8724
6493
189
7748
3990
3495
8043
1579
3059
5199
5323
4506
118
660
4153
1829
4152
2761
7687
7308
2203
920
2017
6160
6415
1807
5831
3123
8402
8457
2577
2826
1911
1657
2484
1251
1260
8540
901
2544
5327
7843
4651
2749
8661
8024
894
8385
310
8168
7293
2130
4375
2552
6228
2327
6285
5851
3932
8254
7459
4128
4266
6356
6988
1616
5442
3046
3099
8367
2796
2593
611
1832
884
877
1689
6444
548
2763
5032
1138
1170
5393
7081
837
3474
8275
7320
5064
2506
7957
2177
5453
502
5602
4468
7665
3919
4347
7847
4234
6347
4998
2587
4402
4640
2318
6177
5291
298
2357
4244
5694
4853
2891
2494
5707
447
6596
5183
2561
8039
7513
2342
6829
3183
5035
7650
4673
56
8493
1145
2491
1521
6912
8331
1789
3365
6489
1583
2261
5424
3497
2276
3126
8190
7068
6012
2220
6372
785
3370
1146
8491
1910
3678
3937
4293
5746
3986
2787
49
7663
620
392
7648
2987
4657
1534
4331
6107
2274
1368
6885
4374
6994
1048
5964
726
7837
8343
8089
281
2684
5396
8132
3094
1440
5200
3499
6300
6333
899
3839
1369
1317
2933
2835
3608
5030
1310
5498
8715
4587
5118
5231
1801
6002
2625
6086
2604
6338
547
4073
8718
8158
7338
5926
2578
8719
812
5180
6204
2098
2895
6069
5115
7403
8052
4526
699
2975
3836
2901
3628
5611
5812
284
5646
4461
5249
1354
6381
6042
5522
4416
1285
2545
7841
3690
1609
2200
938
4170
2911
387
195
3003
1939
2536
1934
3345
8042
3668
7520
3591
8674
7527
7456
4289
8363
3510
8470
7680
1000
3224
6362
3206
3849
5332
946
2026
2409
1661
7949
2090
2278
3638
6827
1364
6181
538
8383
8265
2687
8097
5792
6068
3511
7947
8397
2619
6506
75
941
1974
8307
1720
2986
1760
4637
4671
5782
2455
1083
7759
229
4800
4391
794
3539
6127
1283
1329
1262
5967
3403
2121
2497
8376
1033
966
6351
4954
4339
5326
5591
1510
7477
2866
5454
5638
7744
2934
912
1886
95
8476
3576
6284
4466
5356
8577
3274
804
7004
2085
6490
831
8684
2814
1717
6080
2106
1993
8418
3788
4114
6446
2607
4962
8763
8752
6775
8774
777
8531
1918
374
3531
5760
5834
5848
4086
1383
8729
5268
1232
3307
191
8167
4758
2309
4462
3832
8755
2290
929
5027
5438
2516
3038
6773
6370
8217
1511
4219
1459
4426
4569
7757
6508
4890
8746
7103
319
390
3259
6130
3281
1501
8506
5378
3371
6935
5644
2948
6700
7925
4493
576
8668
5435
4722
8276
40
4058
1209
6503
7586
6941
2407
2102
4550
3753
1963
5892
3717
7769
4743
6496
1116
4960
4271
3476
8278
1550
4857
7238
1997
1948
66
5031
4278
1741
8375
3646
2154
1
2882
3212
2993
5028
1039
5545
7188
7245
4350
2887
8333
7222
4042
8379
231
7055
982
7287
5241
6400
3922
6718
5826
136
107
6316
5615
5752
4296
640
3777
2493
1010
3661
2464
8656
5179
889
2467
2612
3116
4183
22
3421
1228
3248
1233
771
1309
685
6262
8586
5158
5271
4989
6864
3106
7558
5029
102
3574
7039
2609
3806
2423
3
6371
7522
150
6067
4581
2944
1723
6109
2045
7529
5839
4444
8428
3762
7549
8779
4755
6791
5515
5820
2554
5073
565
3636
264
8460
7136
3781
4834
2344
6163
5391
5176
17
1575
4738
3904
4613
2332
8492
7503
2304
5957
3256
8504
7297
3709
4703
123
8180
5970
1847
3435
6772
3188
5135
2072
2523
8537
3740
648
5430
1929
1147
4116
8394
2365
5594
7219
8445
7584
4815
641
9
3594
8756
6191
2283
7234
3906
8700
8218
585
5206
3257
1516
1246
7594
6560
1624
7896
5740
7059
8392
3680
7812
8027
816
6106
974
7090
6477
4401
6997
6922
4966
5287
4965
359
1438
5003
4101
5026
7839
4808
7893
8709
5856
4594
6439
1857
3560
527
3204
5283
6575
7728
2144
8414
2939
985
1143
3480
8689
3991
4756
6970
7965
3623
7399
558
7988
4984
6250
635
605
3754
515
5674
3027
1299
6101
4096
2382
3514
632
1387
1502
6759
6189
5699
3333
364
3883
506
1780
6681
2458
3402
42
8271
2038
8536
2238
3938
5924
1276
3192
3082
2705
6352
5223
7386
4869
2470
2298
5458
4824
3131
5050
7608
3828
6896
7069
5311
5702
6796
5877
2881
5876
4518
5761
469
2659
4002
5439
3712
7573
3015
6254
524
833
7337
730
13
2197
4433
180
1370
5770
508
1665
2178
2228
8473
5975
5212
7682
7239
5160
2622
7144
6407
3674
6467
1257
5679
8014
8614
8441
2696
2652
6711
4501
7749
133
3994
4818
5689
1909
5181
4005
6050
1774
3926
2584
3150
402
5228
8073
7466
347
2213
5204
6960
4816
4455
562
7736
6719
4969
2850
528
2957
2281
7102
5036
1451
4067
763
5384
3965
4881
1061
4115
6971
6476
4326
6103
8404
8181
3069
996
3326
1374
1087
2605
8117
6527
4511
6429
5706
5869
7773
1169
8422
7786
2635
8306
5609
5676
873
6615
7627
4362
5368
8498
2285
7699
6889
1291
4606
8388
7261
1478
8767
1379
7688
5652
4683
5857
8161
493
6213
8032
1949
6783
8489
2323
6186
4110
7359
3488
7424
575
6701
4081
4377
5618
5623
1207
8728
2414
818
5350
1235
7275
379
5059
3974
3525
2044
2533
7815
781
3728
8045
3679
4045
6318
4809
3490
5643
2252
54
5418
3976
4232
5197
1386
8443
478
4663
3993
1392
5709
2410
2067
7210
2574
4246
1035
3219
3980
6713
4340
3459
6514
4257
5956
501
5977
2195
4691
2995
3283
5728
3481
4733
1261
3934
1570
3896
2199
5387
6052
7708
1669
5097
5434
2435
3749
1888
7554
2256
6456
3695
782
2596
4846
2527
4804
627
1610
1452
8009
4628
335
1813
6053
2024
3066
7960
7932
657
2693
7201
2589
1614
3436
8382
2222
8666
8459
2389
8047
5220
193
8095
7298
1124
2831
6034
2870
1525
926
789
4195
4209
878
6522
7532
7541
6037
2731
7167
5703
7644
8426
6598
7630
7767
6499
4535
5739
2241
3280
4508
3374
3903
7959
5801
1063
6378
6745
2449
7585
942
1710
8208
247
6317
7371
6129
6029
6018
1085
4641
420
811
6788
5222
7073
1551
263
6430
5193
4142
1096
2650
6870
5827
3729
2070
4739
1893
1430
7825
1422
454
7692
139
4529
7857
3034
3739
6603
1989
6761
5449
7971
5954
155
8714
6807
3807
7025
8572
8066
6380
8744
4582
8462
2695
5873
4994
4747
7631
5989
7354
1080
4674
1944
8776
2035
3752
5607
3328
2451
1358
8197
8762
1677
3112
2766
5074
301
6722
7355
5216
7330
5011
2952
6323
8393
3765
7273
6536
2134
3870
8034
5247
3390
5376
1942
645
3905
3506
7383
6009
5397
8244
3450
1782
1487
1103
886
3250
6799
3473
6790
6750
4355
6780
3755
869
7676
6296
5606
4944
5025
4431
3468
883
5781
1206
7296
8603
6294
219
6200
554
1163
259
3360
1297
8178
517
6967
4095
4850
2553
4400
4548
6946
8595
5767
6480
206
716
5874
5942
6123
29
7264
4776
1803
6428
4794
3620
4644
4054
4561
661
1345
8474
3589
4075
5201
1619
5726
5937
3190
6472
6580
77
691
5808
4097
5010
494
7149
6629
4840
1767
2562
7506
4037
5053
1688
4487
346
7914
2376
4562
4141
1158
6695
4577
1045
7854
6907
4119
7525
5556
8433
7030
1192
4227
1648
1481
28
2634
5654
2838
3218
2972
3544
5788
5002
4381
3913
1304
4315
4368
2505
4843
1222
1237
1995
2810
2234
2349
6928
3032
4238
3089
5562
4911
2205
1845
6367
4712
7216
6817
173
8408
470
4117
764
3838
45
3575
802
4589
4131
1046
1286
5539
4788
8281
7185
363
315
484
4021
3349
6498
146
536
197
8033
6290
1071
249
3386
1268
3731
355
1560
4615
3159
8488
7250
3164
6963
2648
5759
5242
6119
3144
8164
1066
4318
964
1208
8617
6385
5695
5395
708
3872
6024
4218
3907
3054
2592
5659
8253
1238
870
6359
6847
176
6095
1340
2758
7101
4319
1935
5666
7289
4288
8078
1455
458
4361
6710
5210
5585
577
1973
4177
129
1161
3877
4730
1160
3732
1011
140
3549
8194
4404
7111
7491
7129
8366
8680
7038
5779
7945
8458
6824
8450
5637
930
3339
8631
6590
499
2439
679
3897
5889
4899
6497
2637
7507
5013
5051
6504
2558
5520
7880
7802
6631
6798
2418
2526
7116
779
1682
7606
5890
3881
3247
5979
7305
3044
5605
722
3475
4786
2081
6819
1432
7597
3999
7691
3961
4091
5443
8240
4967
1685
487
4990
556
2519
2321
7928
1838
3730
6532
1236
1100
7668
63
8187
5300
8568
8438
5279
6708
1431
2582
1135
670
6287
7911
6891
3659
69
5947
4010
377
5091
4405
553
4580
7162
7106
624
578
4475
7858
3007
5184
4943
4736
5880
3378
1698
2478
6227
1855
8600
1175
8523
5738
2518
5100
19
4478
3793
2040
2033
1951
4528
1576
4708
2351
5624
643
3529
7159
1470
1941
495
4386
3498
5900
1172
4680
7561
2202
4701
8041
3822
6530
1762
8716
4221
5033
1699
8387
3442
1678
5194
3215
7257
7566
3637
87
7333
2425
76
8081
7171
7076
5495
1899
2538
743
4882
1468
5373
8678
2138
6954
2884
4971
7488
3663
6542
2444
2748
362
6814
5885
8672
630
4498
2207
4908
8570
3361
2473
5415
8748
8495
7512
131
1185
1278
6597
3413
507
5211
3607
4844
2103
500
7765
4291
8625
5768
8773
6176
6540
450
7400
1269
4228
4759
81
5901
6665
5558
7364
397
6556
1606
4188
3609
1818
72
6581
7918
3249
6851
3805
7241
7458
3075
2865
3117
8567
4976
4649
4428
3773
4143
8675
424
4154
1027
5859
8175
8401
7509
1043
8145
5366
7000
2563
7524
7662
7779
5049
2393
1980
1377
6855
1346
6157
8688
7438
8683
8355
1205
4006
7077
2940
622
1428
7992
7818
4080
5713
1469
6588
8582
6183
6313
4471
3599
1018
3675
165
7633
7761
1735
7406
6529
1970
262
277
304
3705
6457
3061
5507
5398
2976
3477
437
5934
5525
6243
38
4773
3848
7009
694
6635
5167
4797
3161
7908
6001
4820
8324
3001
5334
7362
8332
2373
5756
3055
6818
5690
5560
8267
5665
7478
1139
1412
5342
5705
1872
5798
625
6651
2531
5532
599
251
8629
7821
384
6828
6593
410
950
4672
7614
2059
7061
3794
1072
2872
6249
7550
221
1319
1766
3847
3673
4134
41
6874
3917
3605
1919
4240
265
217
1541
4859
7555
6993
7496
3562
3626
4314
2460
817
365
1426
2361
1961
8282
6852
5660
4452
4607
600
1519
4565
8046
7366
6394
5862
2728
7993
1528
6089
7352
6918
6112
7020
7409
2669
6384
2381
4597
4371
7581
6494
971
1920
6405
6844
4951
555
8482
481
1693
3408
629
4536
7721
8633
5597
8698
5246
8403
932
2325
8399
8650
1098
46
5022
4191
5920
1629
6987
5433
2662
6908
1656
5744
1476
6327
1691
8308
2339
3804
4337
1681
5930
4725
7720
5347
3914
5075
7615
4515
8303
7801
3500
6412
7340
8195
5878
4753
6649
8380
5044
3233
6543
2753
3004
5613
3297
2416
6989
7336
2856
8747
3910
2512
1062
7180
4063
8412
208
4345
3354
7543
6804
4412
2248
3272
3959
7589
1404
7334
688
4372
7312
7046
491
4599
2472
4986
6072
1065
893
5257
7671
1930
2818
3216
736
6778
2573
6771
5677
1384
2973
4299
2756
8092
4229
8687
3063
6148
1197
6902
1718
7956
1327
7075
7666
3221
5938
1805
2688
7096
6275
759
5480
4448
4880
3189
4728
6373
4408
2214
838
2374
4502
4500
3821
2227
4414
5315
1836
1645
1424
6293
6390
6572
7133
7626
7387
8593
4692
8072
4181
2630
2388
6342
7214
389
5514
8020
7200
2084
3275
6049
86
510
8405
4979
5410
1296
2004
1563
4810
5655
3418
6983
5526
1594
3081
2566
7494
3453
1311
74
4863
2167
111
2636
2875
5721
2902
2164
6203
2727
2529
5672
7326
5389
3114
4187
5079
7058
8245
5151
4632
7220
5290
5305
3460
7809
3084
825
5601
2813
7291
2568
159
3427
395
8384
8338
2775
313
1295
2836
3385
2624
3225
8080
1084
5994
4932
6225
1244
7493
8130
181
8471
8173
1999
1896
1433
6233
1988
6195
1536
6422
1646
302
6622
3456
1977
6134
1247
7155
2883
6737
2711
5001
3458
1732
2108
5899
4287
8681
4084
784
7262
6821
7042
429
4700
4636
7660
1292
8322
6680
1731
3776
7278
2229
2071
7830
1790
2330
3457
2700
7431
2440
3394
6332
6031
6675
2800
7178
3187
792
1742
5916
6221
1740
55
4157
2938
7084
504
2057
7377
1473
2716
1454
3632
3205
7265
1044
5512
7817
4321
8419
1696
1441
1537
8591
4959
2166
5811
3716
903
4184
8147
541
2935
4092
2201
6194
1513
5565
5103
8109
6583
6404
7675
975
4220
3179
6846
3798
4602
8584
2009
3682
7045
6442
4814
8596
119
1658
7367
3942
7645
6171
7202
6032
780
1409
6458
7833
2802
8262
995
4155
2500
1754
7683
832
3931
7598
7419
4328
861
2446
5972
3045
2631
3293
646
5094
1862
5318
3929
8323
5012
2677
7318
631
7015
2001
5671
3251
2643
3596
2767
3957
5161
4689
6660
5868
5805
4076
2653
2790
6237
4043
7123
2672
400
3844
7548
5414
8230
5640
1817
650
2580
2764
6055
5379
1150
4093
6550
4243
2811
5239
6462
6845
6600
2698
684
2465
4929
7516
7091
3000
6423
3823
5910
7697
4122
2401
2475
1668
7280
4510
1279
6105
5244
2336
2385
8599
1321
7726
8517
5620
8015
3353
6048
991
8424
8373
1094
5603
5749
1950
1810
3541
2355
698
1038
8364
1427
2565
47
6998
1122
2930
7689
5333
7861
3901
5639
7217
2983
7655
4140
120
939
3105
3874
1745
6822
5499
4272
5047
5531
307
2114
8134
2942
5070
5422
533
8026
5452
6190
4643
606
6482
5186
7937
4465
6120
2093
1757
7970
4077
3210
2514
8209
8477
8057
1264
5905
2579
6645
1130
5550
8770
5225
3568
7292
6014
4382
1702
4567
8272
8520
5841
404
2086
6738
8453
967
6964
5595
290
369
65
3526
425
3780
1184
48
6626
5683
8210
2567
8562
5351
1494
4301
3308
6664
3502
7552
3254
1401
4009
5385
1792
1227
4784
6566
8225
6345
7926
2511
6692
2249
6065
7283
1113
2674
5715
2871
356
2598
2124
8624
7834
652
5264
245
4958
2979
4334
3067
361
5131
7804
5320
1351
2805
7304
7739
3199
7892
2857
3612
2083
11
1833
6617
8058
3520
7474
2501
3816
6289
5888
795
6011
7916
8176
3924
4324
2924
1548
6023
6139
455
238
2157
2190
485
5481
675
2082
1915
8154
2101
3351
7415
7112
2358
6682
2428
6888
7429
2073
1125
6121
7620
8483
1408
5371
5357
666
6585
8022
360
2129
5965
2383
1914
6659
586
8630
7972
3644
463
8162
6017
5407
8007
1498
1679
7117
4343
3958
3491
3387
5112
6223
7341
981
2400
1333
2747
7105
2900
7074
4251
294
7587
6258
7768
8435
61
3946
1067
2031
466
5860
431
4723
7325
8723
4992
5492
968
305
5486
2462
3277
5425
6733
8003
2264
5219
6334
7421
5806
3527
7538
6453
7064
5553
4437
2623
7095
4066
4260
6834
1448
1243
856
4484
2051
1517
4259
5736
1784
7695
2461
1119
2039
4821
285
5861
2111
4956
6690
6605
438
1256
2958
3641
7317
740
7323
3028
2950
6917
2366
8
7625
3047
6787
5636
4022
682
2603
6930
3572
5818
4782
2204
5445
8184
8783
7703
2627
7754
7808
4620
4008
27
1313
4016
1539
4546
4309
5552
2755
4486
4775
5046
3096
5599
2176
7008
3882
5195
5842
1761
6438
6078
4474
3058
3711
5108
71
2171
4783
4290
6642
1722
5399
1775
2921
8339
7792
7860
4645
1050
840
6397
7368
8100
3846
1662
6087
8050
706
2863
3851
815
382
810
6965
5270
3157
6978
3122
6911
7785
68
5628
875
8701
2255
4456
2076
7094
105
7933
8722
5139
6966
2223
4909
7828
7082
5771
4252
2504
6515
6172
1707
2859
6413
6947
7851
7679
480
3062
3733
3289
741
383
7224
7173
5791
8330
1326
2597
4605
6716
6035
6019
8759
3601
3899
8749
3125
3317
7571
2658
2869
2184
6795
2308
7212
1520
7706
440
3783
2508
7063
1822
7963
1029
6936
4675
8487
8170
5696
7309
922
3935
1791
8561
4450
5927
6742
6687
8649
6887
5502
7978
3778
2974
7505
8321
4460
4034
2442
2740
7887
3121
1932
1196
1021
2583
6861
2092
839
746
6860
7428
183
6511
5469
3714
4837
2524
3724
3604
8273
2265
944
3104
6443
4162
2117
2412
6306
8360
8219
4317
2352
6741
419
8761
8390
1837
1799
3203
7707
6553
6744
5747
2897
8518
1307
7302
130
7709
6084
446
5803
3452
8103
7600
896
1965
8616
3831
5089
3504
7057
3700
1330
4419
2041
5845
1573
234
4724
459
6090
1599
1756
116
7966
5226
3097
7034
8667
610
5590
375
396
4812
6782
4078
2208
3230
8124
4176
1099
5548
1395
6421
1372
83
7760
1904
1389
3319
3861
7294
2738
1352
8044
286
2880
2808
3944
1343
3298
3939
5675
6607
6165
4610
4934
8634
233
1748
5191
1156
7635
8549
6539
6051
5388
7917
8757
7443
6138
1827
204
8171
2786
6058
7531
7974
6858
7923
1828
2889
1892
5324
8229
5174
957
2371
1245
232
4167
2436
1994
8061
5447
4477
7122
3401
3472
5120
1744
216
3536
1101
3892
3432
6419
1164
3079
1962
6128
5369
57
6027
4731
7476
2174
2666
1126
8454
4053
614
3566
4440
4420
3416
7705
6747
8644
4795
4734
3392
5840
2671
4896
2287
4265
874
3948
6485
6116
4828
445
3542
8266
7742
1647
8329
2417
3130
8775
4320
937
6265
4940
1069
2042
5733
2270
200
551
3078
3779
2180
1601
6524
4876
970
2289
6878
788
2743
5171
2744
1806
5082
8243
7442
6135
2225
5958
1840
6811
7897
2837
223
8108
2855
2062
1523
6835
6568
2488
5688
689
5488
4133
8745
3336
8287
7316
1123
7221
1820
2468
2520
6833
6577
3127
252
5238
1189
6620
4777
7468
98
7842
1381
8071
6305
4082
451
8233
4369
7285
4346
1557
6801
6559
7157
5263
6932
7328
8760
2633
4193
1815
5931
7583
1670
7260
1590
8421
5992
4608
5847
6805
2821
3515
3827
2867
1797
4933
757
453
5476
5023
2471
8665
3912
1715
7166
1375
235
1118
94
423
3738
2313
4241
2645
3213
7444
8785
1060
7611
7499
749
2929
4
8318
4332
4039
5635
4677
1117
79
7198
519
3603
7183
8602
1419
4593
3727
8464
4596
5214
4173
5295
822
2137
4854
7331
4398
4071
3036
3819
4590
5911
145
1001
6182
4935
5229
8524
6046
8004
6170
3447
4062
8652
997
690
5579
5837
7632
8743
3397
6426
8396
5294
1821
7120
6045
6727
7269
8352
4163
537
472
1041
4624
3049
2621
5402
5943
5510
1788
3229
7170
5465
8063
4030
5076
3736
3377
1332
6197
5724
7569
1953
601
8242
1958
2852
7113
7774
7652
532
1504
2135
8086
2816
7723
8692
6396
887
8544
1613
5686
4481
3667
2022
3434
5586
4225
2718
6277
6863
3340
7803
8564
3665
7819
7701
5625
738
1097
4090
2403
5000
5380
8765
4255
2477
6326
503
172
2239
687
7398
3136
4710
3364
7208
4547
907
2907
2257
6319
403
8074
5361
8764
1373
6567
2779
7035
1540
3751
4277
6625
2232
2367
2783
4578
6594
1642
8279
3438
3493
540
2908
4872
4151
7407
5192
5086
3273
378
3774
8677
732
3954
8642
787
2841
1587
7013
7982
1460
6923
3411
3652
5128
7753
5909
6102
6650
2963
3713
1834
836
3746
2557
2712
1434
7559
2020
5078
3158
7206
5612
1174
6520
7838
1916
3969
7314
2686
6705
3645
3951
961
3128
2644
3311
4732
1288
4752
3454
8139
4750
5404
1177
8215
1182
325
121
8291
4185
2370
963
5538
8545
3888
214
1488
7460
6314
5490
6683
1499
7451
6641
488
8501
3960
4627
6706
5409
3430
5419
5040
3087
198
8670
3696
3900
8463
5382
6740
7467
7517
6825
6601
1302
1531
3294
514
82
3321
1137
2843
2415
3279
3879
1108
2809
3267
5355
4878
3586
7955
1793
4458
3505
6992
1093
1347
7174
848
1359
7700
1673
372
6521
5807
6698
5802
5881
2778
1128
8143
4647
644
2559
2438
4588
8212
1507
1503
473
3026
4491
1095
7277
5743
5085
7790
3014
2359
5280
7485
2181
6961
6697
6756
6266
6166
5297
3367
2384
2192
2419
5583
7795
6768
5253
1107
8350
1978
3721
710
4930
1615
6956
2840
6753
3425
8522
4766
5645
4325
6886
53
7215
4822
3375
4359
3344
667
8337
2399
2988
187
124
2141
754
3355
7243
8648
4409
3865
2888
7441
6473
5929
5670
5497
3108
433
460
2980
7002
3884
8494
321
6292
1976
1641
4516
673
5896
7345
6440
6441
923
3597
7152
4204
4411
4864
1284
6256
8090
7637
8183
1410
85
6595
3559
1544
1943
760
1581
1199
6658
6779
1157
3194
6628
2848
1003
5299
4434
590
5769
2246
421
4083
734
6743
8115
1612
8157
5230
353
6242
3022
8335
6153
1252
5341
3380
3037
1971
5946
1486
6672
8153
6252
3080
4424
4638
6760
1776
1719
5236
3285
3992
8636
589
26
4367
3723
1472
3064
7051
8555
2601
1388
8479
6786
1229
3077
1602
2664
5235
6627
8056
6488
6638
4250
153
7381
5159
6247
717
2651
7664
6840
4656
8344
309
7647
4868
4389
7900
3145
4653
6349
4871
2333
196
914
5124
7999
7997
160
5478
588
3113
8465
5764
2391
3811
1618
4817
5582
4050
8076
4851
7604
3647
567
4667
7979
2661
3296
6985
2551
5854
8001
5088
6094
401
7519
2395
3352
5312
8526
1861
7211
990
7946
5914
5464
2886
8292
3041
8535
3226
4972
3471
5642
7868
3102
3278
2271
8005
6621
4098
7628
8261
1052
8417
59
7866
747
1485
892
2655
935
7125
2949
1218
8342
6143
8575
7557
5487
4698
8669
2495
1092
3973
8738
752
336
2055
8087
5349
2670
2014
8550
489
4780
2296
7070
2379
1912
680
3718
128
8679
1226
2034
1111
6273
4779
5134
8319
5832
7621
6474
1443
3685
5561
4485
956
5656
2946
8612
1785
2827
7741
6436
3019
7904
7610
3984
5680
902
5420
2689
112
452
1998
6398
8430
1674
1314
3156
8647
4202
4552
8235
5649
4041
6882
1743
4757
6382
6510
1449
7145
1582
6999
8386
2590
8023
5684
8159
5227
6793
6337
299
3943
7450
4307
1852
8592
1446
8207
7521
3035
7725
7939
7501
1342
1786
7616
5403
4104
4261
723
8627
978
6079
3809
6450
7395
1277
1864
8179
793
2211
2765
2058
4159
4826
7480
352
1213
871
2015
7187
7268
8198
1493
2047
1491
7044
570
4148
7402
7193
5475
6268
413
6653
3996
707
1153
1876
4503
1180
7912
1870
1242
2647
1275
8737
8221
1709
2216
6703
8189
7612
1435
2704
4273
979
3964
7642
4877
3800
7763
2541
4298
2820
7964
7420
6535
3334
326
2175
1853
8326
977
4494
8203
4294
3331
7998
6720
7050
6862
5648
7740
5714
6996
6735
4915
1318
4811
7942
8224
3350
8223
6325
5182
6904
8259
7643
331
1312
7951
8328
5750
8116
5018
8304
8174
6173
2569
4363
7816
6794
3242
2
58
5468
5169
2772
3255
1458
1306
3056
4665
8500
274
5513
5871
2280
7414
4914
5491
1023
6344
8461
3698
6669
4349
1769
1640
3101
4770
8519
5727
809
8121
7882
6484
607
5904
7961
2774
1461
8231
2985
4598
2006
3173
8590
5737
5980
3616
5667
4354
2858
3517
1538
8780
6777
1181
8347
7225
2502
7903
1141
3417
4560
1136
171
8201
1183
8093
2346
4258
7733
5661
3975
8717
3391
1922
7205
5304
5243
3966
616
1495
6551
7349
1512
138
7840
4996
1605
373
5632
4342
4247
2638
8012
4145
7967
7973
4888
158
4626
8094
4267
1796
6673
3859
2815
6815
8202
1526
6007
5921
4867
7067
358
4276
7836
7590
7704
1315
2893
7976
4164
4189
4791
2118
3227
8354
7646
5178
2405
43
7562
2846
2788
2066
6179
727
8409
4652
2721
4392
6232
5016
1627
1923
798
6519
3639
8618
24
571
1075
7983
8252
1878
6329
320
7798
8059
2791
6569
3936
4509
7379
6208
5274
8481
2486
4885
2390
8182
6040
5870
3175
7796
279
5275
6513
213
6976
2250
333
4806
5306
3109
2730
7392
6763
4980
6350
4249
5516
3263
2481
7435
4953
8490
766
7031
5127
73
1802
814
7996
2147
7018
2834
4873
1133
6836
4214
4727
669
6280
2286
1034
2570
5473
3971
5484
2874
5846
7128
4849
6104
3653
6968
2912
900
8653
3658
7161
5833
4522
5095
8269
5489
6764
7845
7235
573
7425
1444
6201
6671
3869
6848
104
6991
2078
898
4395
8135
6406
7385
6767
7127
422
7677
344
8238
1475
5621
4196
6276
5719
6036
3461
8581
2050
1414
1120
2829
2941
1074
6411
2453
6518
4883
5969
526
3258
5096
2217
2392
6995
948
6491
3202
542
7228
3312
1863
4011
3231
2169
4186
7871
6610
897
3237
3889
1121
4858
4684
7209
7490
7690
2107
5953
237
2088
5472
4555
6043
5163
5428
7099
5470
1725
3878
5155
4729
1376
2781
7086
8497
3369
6283
6295
8608
327
4236
3300
3031
5852
4769
2845
1337
4385
8730
560
523
6952
949
8270
3143
4609
36
4024
271
7811
8611
8169
2702
4925
1705
6098
8030
1554
3858
1694
3399
683
3169
3313
4335
1622
7197
1607
3234
5024
5566
308
5630
1115
1215
1964
2113
7153
4841
4537
6704
1535
791
7510
7134
4544
1653
3726
7771
5408
8455
905
598
4631
1738
6315
239
797
2586
5622
6721
5997
1566
8314
6178
7375
744
3362
4175
7060
6288
2320
1897
1848
5463
1763
8138
1704
8013
1637
7756
5266
2120
2152
4884
4554
5903
7436
1294
5991
7350
8054
7437
1589
6392
394
7001
4072
8657
6906
6871
7315
830
5734
7463
5610
5062
1856
7140
4015
1711
5828
5090
3404
3519
525
720
6837
3669
5221
5119
1859
468
246
8533
663
3540
1159
7011
3290
7653
2692
7434
4123
604
4523
6475
7251
1030
5162
1081
5267
7394
8560
582
2362
7244
4199
412
328
6757
8685
5153
6724
5616
4591
7540
2182
6949
6693
6343
1547
6188
5698
1382
1102
2010
8606
3841
1991
2291
8107
4706
7551
6951
185
154
3767
2793
7814
3614
8557
3337
4245
8628
202
6512
931
6854
5529
2112
6564
3551
2480
1984
2595
7413
3856
80
2922
2548
1323
6369
7072
5298
6537
220
5563
2542
6461
4531
681
297
4572
7471
4687
7568
4517
6820
8609
8632
5432
4139
2089
5423
3670
163
2760
3171
7989
7745
5252
5437
2639
6071
2534
4576
3214
5745
1946
6211
6544
7274
5056
351
3764
2159
7829
218
4573
8361
1411
7207
7884
1273
2127
5816
4079
2602
5065
2694
300
819
3743
829
6455
1263
1282
414
1224
5209
2992
5653
1204
2853
7148
801
6895
250
5588
1212
6126
2968
4634
851
3389
3153
8099
5717
755
7007
3535
718
5762
1474
8601
5673
5405
823
3065
2877
8377
6831
7545
6528
7
4007
2909
5939
1824
2422
628
4488
7542
3829
5571
8693
8300
1088
4614
4344
6962
704
1250
5400
5872
4454
2679
3569
1887
5017
1931
70
8781
497
4422
6222
3918
7098
4805
7146
64
6020
3769
1450
4118
5474
8720
561
3758
4446
1220
3163
1701
552
7324
210
5466
762
5810
461
4286
33
3512
6408
4482
6619
2990
5084
1764
7028
3747
7036
7181
6663
8038
3406
8260
4604
1811
7651
1009
7575
3573
6802
8370
3582
7941
5240
3024
8475
4514
5754
5314
8358
3252
7469
366
6304
4559
6161
7447
4436
8131
6980
8068
3012
4583
3756
5619
8734
1969
1202
5157
2733
8317
919
988
3625
5170
6044
6689
3546
2186
4275
7877
5650
4327
8556
5830
1954
8682
7780
7924
3554
4768
7528
994
4256
1937
3120
2978
6355
8548
6013
164
5111
174
1053
8691
3479
5310
5289
5173
4991
6813
8732
636
4542
2079
8569
5557
2736
8346
7747
4681
4425
8077
686
6449
7184
7775
2550
1464
5774
5343
1604
7455
2251
7254
2011
834
7518
8646
4512
5248
4380
8786
6174
2943
8084
3302
5882
847
3409
8702
1631
5949
5879
4036
4269
7641
1298
3414
7727
3103
6534
882
8248
5114
6010
4017
6454
2795
3553
5567
807
7056
1014
4313
6302
5855
8149
3825
4796
4754
7479
3583
7772
3074
8357
5681
6081
207
6309
5600
32
2315
3916
2233
5795
1421
8530
6026
1203
936
1924
99
8213
417
1089
2161
5741
6746
100
3537
1543
3833
7005
236
2750
7486
7085
2060
921
6435
1397
51
7118
2649
7218
1620
2499
1907
7470
6088
7053
5809
5116
7766
5303
2982
471
4353
4865
3011
7547
969
4538
175
144
846
7266
6217
169
5045
5998
371
3983
3750
3008
4089
1187
5704
6379
340
6810
407
8185
4442
2556
5987
1759
6876
7163
2854
7952
224
976
1186
2209
5166
2819
8541
3927
272
2324
8166
3299
6387
2726
8705
6950
3862
5165
1274
2571
4358
1155
4237
1823
7574
8635
697
1816
7358
2413
2259
1632
5990
8742
3768
1055
7807
6611
721
5858
737
2334
7879
5505
6199
6361
3610
1850
6057
8395
1300
4459
4295
3439
4489
2247
7670
6003
520
522
7743
1194
1623
2288
475
7237
149
5730
4203
3672
828
209
2052
7696
2317
841
2268
3988
474
4403
6599
7504
3602
1336
4923
2279
3590
1746
5364
1585
7033
2746
8527
4467
6674
655
3687
4534
5080
1874
3860
6723
1900
5912
4927
456
1322
6310
411
167
7981
7881
7418
2918
881
1453
3359
2143
8423
1839
6082
7422
6953
6158
1895
4833
7143
7776
3671
5261
1293
3923
8480
6739
6850
6330
3634
2564
5460
2807
2043
5772
101
8082
7523
5891
1555
2123
4224
1830
6587
4540
6363
7213
5687
5952
8096
563
5426
3550
2061
1565
2546
4744
7712
4208
342
7110
1255
8200
3395
1956
5576
4524
6008
8664
194
5164
4513
3972
6137
4373
7307
1798
1865
5005
4813
4308
6552
7909
5081
1804
7656
7875
1214
6383
2860
482
5569
2864
376
242
7636
3207
4497
4085
3631
5581
5345
8542
7588
323
4835
7674
1479
7737
1152
6255
393
5198
5800
973
1890
4194
5330
3437
6257
6616
1253
3650
2954
2012
3287
6562
3611
6678
4168
464
4206
6463
6346
917
1779
3489
4376
5071
4714
4619
5821
7746
2509
1405
8552
5037
7492
7995
1082
3795
4563
1019
4013
1423
5836
4595
467
2626
8640
399
6662
1524
5908
6765
3372
6958
6085
4333
2885
2424
177
5316
3441
462
92
1726
1996
6555
7065
3129
2074
8588
2386
3138
7147
3802
2151
2331
6709
1492
8440
3545
8356
6468
4566
4112
1680
4946
6957
821
2969
8112
531
6492
4179
3286
5799
7950
4182
713
409
1684
7824
5945
3885
2485
8129
8340
8246
3928
3016
4705
7203
1532
2364
960
3384
457
3496
2915
2002
2640
3701
6986
6260
5735
1527
6184
5589
5716
5778
7596
4807
8311
7962
1106
2955
4469
6403
7405
5105
8365
8083
8381
2839
6547
7158
6091
1221
162
2237
6224
4860
44
618
432
6308
3309
6526
4169
3180
2150
6643
3503
3020
8727
4875
6702
1730
4630
947
8547
6214
7376
3772
8639
6647
1826
6574
3955
8128
6248
4242
240
1418
8583
6872
7401
5925
1724
696
4135
1882
8751
5142
4172
7570
5508
34
4726
6838
7927
7303
8638
6151
992
230
1303
662
5804
7563
1692
5004
8446
8425
7319
2094
8534
4942
4639
2466
4767
1483
1241
4384
3710
398
3866
1529
6154
5530
7874
6353
3018
5948
6754
3518
8249
3920
7132
4910
8448
4254
1871
7849
3053
3382
2528
8546
5015
1040
7373
6561
7497
5250
3253
2683
4472
6459
5794
7572
5503
2447
998
5284
3029
2770
2616
5335
2142
3072
7137
5146
603
5976
4952
7930
6264
3465
4233
3469
6145
8172
2028
3060
2119
8234
5109
5344
8686
5417
3891
2075
3095
8348
8144
8658
8704
3009
5117
5286
6410
3320
3890
2498
3484
5205
5574
5301
4311
4571
5617
3538
5651
7654
8019
2999
291
5370
891
5217
5700
6873
8351
853
7156
7343
7954
3834
8258
8239
4129
6869
3310
4905
2729
3720
7502
5524
4997
701
1787
7199
6924
2454
2310
4156
6015
6451
705
943
7576
4383
5692
3446
5951
31
5455
3270
665
1712
443
5145
8160
5932
3977
4918
4399
619
2970
5052
1600
612
4310
4029
5549
2394
7859
2964
5309
1750
7230
6447
3241
8312
7629
2762
7382
6110
2404
5568
5187
2243
5354
7806
7089
8280
3316
8663
3070
4772
4917
3422
1546
21
5518
4432
1686
1005
1471
7778
4696
1957
7255
8472
2654
3464
3855
564
2253
6115
1025
3864
5796
7797
8064
5863
3789
6133
770
5190
4464
2132
3412
8697
7416
8345
2354
114
4603
3894
4166
4048
4974
3086
6927
3002
4415
7071
8371
6207
5797
3787
671
6892
3532
8416
7694
7388
842
6299
415
774
1073
7658
1713
7258
4704
6070
2068
6111
317
8597
3085
8710
7835
3220
2341
4226
2236
5144
7794
769
2421
6554
7124
6974
5697
5999
1403
7853
4669
4612
2703
6714
592
3998
4830
2210
3592
2198
3462
1056
7024
91
3291
1879
10
5996
3141
8436
3528
3564
1869
2789
8766
1393
6880
1574
6507
7427
8574
8515
6541
3151
4721
6244
5353
7363
6939
6281
6416
7864
1608
203
4108
7066
3997
3558
1231
4695
5720
7686
8539
1842
5296
1940
7910
3330
5485
1266
8017
5362
5122
3622
7100
7449
1210
6565
1154
269
6093
