5050
7447
4979
7398
6329
6643
7453
1527
2813
5660
1111
2308
2919
205
3392
6831
1915
3692
8773
163
7188
8050
7213
3846
3331
392
3289
5643
23
4139
3976
6086
1452
3322
1234
1100
2160
6742
6244
6491
6931
6647
4651
3604
1190
8368
2440
2361
7420
7198
2975
2480
8417
6466
3672
7309
422
1043
6523
5560
4135
3595
8558
4771
5195
5971
5347
5537
5075
3324
6210
2069
3622
6564
7804
2474
3565
4066
5478
2891
3473
3170
2762
5571
2405
8759
2556
4326
5921
1388
953
287
5934
4247
6042
3386
2404
7199
8520
2101
7764
6928
8728
5467
5120
6037
7372
1054
6334
8302
3591
1864
589
195
5773
6352
1292
5427
556
4520
3303
1561
1118
261
3065
5228
2109
7829
8657
7045
7147
866
4597
1952
522
2272
4233
7701
6859
1444
2143
6510
3113
8466
1508
4952
103
5064
5338
3819
7770
8234
8118
6652
7291
6932
1065
7718
3874
5032
4430
6909
1357
8236
6166
5334
6332
8347
8332
3486
8675
6411
5992
1824
8127
1613
2247
1440
2960
4240
8534
4978
998
8756
4324
5706
5289
7648
4393
1967
4960
4172
617
5238
2806
3725
5391
1675
3213
705
848
7361
4446
7716
1813
102
1286
8263
6853
1030
6806
217
626
1755
4579
2794
169
6524
6506
780
1567
7557
7555
2935
3298
4717
5316
1757
709
3797
4255
941
3072
5611
435
1447
980
8101
2855
3360
2546
95
8651
8125
4097
3070
8354
4075
8523
3732
1242
5295
3219
7322
7149
6080
3343
5486
1089
8563
1553
1321
1294
247
6077
2671
790
1922
1654
415
4049
5811
1837
5857
4202
3881
7270
2845
1152
7429
4926
41
3027
5683
6050
3136
2309
8126
1875
7754
1480
5340
3327
1640
6442
6007
3990
1420
7593
8508
6263
5174
8289
919
4691
593
153
7863
6892
5596
45
8769
2930
4406
8346
4743
1467
6046
3884
3519
6084
2002
289
5894
1768
375
6102
2314
7744
4673
8242
5951
5628
3181
4827
2939
7440
512
7674
157
2780
4539
8005
4989
4004
5173
5592
4849
4787
4402
2103
1260
7991
3889
3656
8324
6953
657
5413
801
3054
3090
1836
7636
1107
4225
2169
8043
1795
3699
613
1649
665
4854
4398
4083
8151
546
5869
630
117
3467
7503
2713
7056
1423
5058
1068
4982
6642
3718
5399
1323
8474
7186
2316
2299
1386
2387
6983
3840
4604
7992
6139
1235
5449
6542
7838
1399
2634
2654
5769
1560
7054
6026
53
7176
3953
1656
2466
5200
6375
7319
4112
7017
8233
6093
975
7560
6437
5747
2373
8704
3623
4909
449
4662
8668
4391
7237
4477
27
2243
7252
8424
4400
785
3844
1263
11
8275
8751
772
87
5647
4230
2322
6321
5411
7693
7594
5423
5865
6672
8341
3493
7535
7143
2022
990
5979
3871
2701
7065
7156
7675
1302
6062
7407
7888
8581
3633
1307
4046
4033
2852
1051
4132
4901
7988
3022
6974
7576
741
4542
776
5700
5291
6669
5426
2990
5474
394
6763
4482
5121
8645
3152
7055
8061
4914
4027
6396
2032
5447
8537
362
3177
6027
1215
7828
468
4711
8316
4992
6101
8640
6692
4828
4216
2559
7775
5188
5708
7769
1944
7825
1193
408
2258
3236
2641
6631
2125
6653
8170
5309
6821
5230
4550
1700
7948
7591
1207
7562
1941
3529
8416
7052
2346
2691
7012
2722
8582
7463
7338
5287
2538
951
6177
5804
3790
5107
2462
5363
3848
5830
4290
5459
1934
6412
3616
602
5588
397
1138
5593
6038
6535
5907
4643
6781
7371
7801
3970
6034
5362
142
5606
5000
3701
5635
1780
4300
6835
6389
5803
6994
8102
7687
3308
3296
7006
1653
398
7378
1991
619
6644
4559
5001
5829
6788
2513
6734
6420
921
7212
774
7339
2256
1822
4277
4891
4171
165
3945
3982
3337
4164
3111
4364
779
645
4677
6969
4466
1556
4145
5768
2041
1943
8736
7005
2687
7475
235
2279
2998
7806
3075
2805
2508
647
4214
5137
7196
3966
7944
703
8459
6732
7144
561
6156
8003
4467
8020
3781
7450
360
6325
5835
3951
6985
1529
2114
4769
5448
1164
8440
8430
8136
7867
1479
5066
3963
1093
4586
1820
2086
1838
2889
5445
3274
829
2869
877
5840
216
4946
4156
1210
8502
5583
1291
7109
4983
2610
7083
4625
7421
7255
1400
8429
5268
722
133
3000
138
5037
1521
7494
5905
6044
8538
6313
1197
4756
6440
6233
4475
7712
4774
8603
4186
1876
1894
5759
4090
5575
5523
2548
7670
2015
6580
3030
233
6834
5177
2421
4333
1222
4381
7986
587
1371
5412
4208
3215
5609
6231
4797
5303
1667
3180
7894
621
2504
1528
3937
6649
1428
6902
6273
8196
113
4021
2968
4058
2240
6018
4461
1337
1939
5607
7395
4674
7731
8115
1407
3624
8434
8318
7534
1621
6880
7086
2871
1693
1747
5693
8515
3080
6770
7703
431
6307
2923
5718
3867
5091
5568
8663
7626
7653
2799
6913
3665
3183
7318
2179
492
1026
3391
3571
4999
3196
3359
5859
7498
1818
4076
3504
7496
3147
2074
1642
498
135
4331
1002
2577
2298
286
8390
2666
7577
150
7932
837
7327
2054
4306
1805
2364
4554
8575
4412
6300
3055
3092
4363
1792
86
7605
5009
0
7381
4783
1209
8414
6340
8431
6896
1645
7343
7435
2232
3010
765
608
777
1159
8598
8132
6320
4692
672
5485
2449
7814
7684
1698
8484
4639
7021
869
470
3703
7510
8078
2250
6851
8312
6766
583
8631
4969
7569
6673
947
1394
6586
4689
8467
1914
8447
1219
5470
7360
7016
7898
3388
6490
1085
6756
8782
98
2601
7738
7394
6339
2748
1088
5570
3971
5960
6664
7868
4385
1364
1201
254
5257
4243
6408
493
4296
3430
2979
7818
1995
718
1548
2782
1769
4844
2767
3098
355
2073
6202
2714
8253
4134
190
8191
6718
2708
984
2368
7666
3510
2246
4747
2525
4060
3084
5016
584
4789
958
6529
3774
437
4635
7791
3947
6828
2135
7933
1501
5917
6296
8602
8678
3747
2112
7257
7755
7792
622
7442
579
4405
7599
649
7810
1481
6786
3746
7115
2985
7015
262
123
5189
2491
5424
3437
4558
7993
5401
962
6749
3491
8219
1409
4037
4606
6190
5703
2763
3977
4481
1059
2372
1646
4150
83
5682
2741
8648
2517
4035
5214
4342
6257
6703
7048
7525
3524
3974
3962
7243
3709
4251
5821
7715
6380
196
1126
6194
4237
1110
1014
4115
7585
5991
260
6150
1187
5354
3167
5436
8297
1358
1221
4937
4707
8278
7158
5184
5775
7973
3106
2379
4264
1356
6013
4207
6630
2223
5457
352
8752
8211
901
2254
8452
3500
6910
3282
2149
8749
5870
2188
4374
7554
3907
6884
1839
910
2293
1229
6950
1259
8503
6739
1899
8727
4751
7616
6218
864
903
5962
3144
623
7010
3842
6122
2909
914
4061
6275
8517
4534
1319
7865
6688
5030
5158
3094
5518
5099
1884
101
5754
5418
2905
4483
4486
4988
2406
7774
8361
7759
2461
2264
3667
8276
8334
2597
1349
7878
7925
171
6330
5385
2288
7033
7980
5439
6404
5136
7700
7602
7081
2897
627
8097
7956
4749
6791
7330
3920
5246
8548
1580
234
4822
7315
2418
3958
1733
642
3541
3682
706
3512
7286
6294
4859
4687
8201
5852
2208
3503
4448
3100
6238
2094
7990
8306
6395
6130
1549
2963
704
3919
6014
2950
989
460
2362
6189
6654
8376
342
7523
4432
3831
6283
3032
3255
5328
1157
4177
7096
2163
2324
2144
3954
6869
2842
3941
2615
501
8721
5014
2225
5251
164
8473
151
3560
2801
5506
308
7389
7853
7063
291
55
3643
519
184
5223
7575
2872
5644
3464
7171
2619
4184
536
1266
6286
7940
6175
4077
1793
6761
8739
936
7094
7737
2696
7815
6328
361
4043
3890
3540
6792
3016
3007
8189
5914
2730
6308
1927
3858
6889
7298
8594
8691
111
183
735
2116
1893
875
6561
7300
6787
6679
2526
2100
1900
7544
6354
5716
6288
3036
5410
3588
8281
8075
4583
2187
7772
4768
7622
1149
5950
4725
8492
8570
1691
8607
7840
502
5841
3921
8525
8294
453
4329
6025
8255
2594
3562
1821
746
8046
350
7967
7392
6436
5468
5353
8154
4518
6478
52
8513
7656
4907
1499
507
5395
4984
6668
8744
2591
5709
4161
4022
3545
6504
256
4995
8770
5040
2736
1585
2136
2551
8299
148
2837
5315
7558
2686
8529
985
7362
2443
3389
173
8711
1137
710
3408
604
4690
1710
6234
1324
4784
7461
8412
3924
7811
1171
295
22
5335
684
1225
4737
7943
7203
253
2853
8533
961
8224
786
2043
6021
4294
406
1143
2721
8786
3142
8647
7780
1227
5630
5383
4600
3804
671
3452
1916
2863
2301
6157
2383
605
3130
1705
4934
7443
4525
5181
5471
6453
2774
6704
5301
3057
4698
198
7197
7126
2106
4485
5864
2265
5529
7030
3398
149
1913
6999
6867
4169
7100
6369
6182
1518
6242
2057
4592
4770
255
6943
7449
1299
74
814
5594
3779
2066
8353
3513
8388
8055
1493
6530
1671
2080
3811
7515
8599
564
6583
8639
5671
6661
2199
7849
5843
3004
7842
3300
6193
5381
5119
2692
4012
6281
5156
8288
2757
4706
1071
3873
553
8215
4713
3192
7879
7506
1767
3543
7882
7037
3875
324
3115
338
3888
224
2858
336
4185
8383
430
8637
6563
8017
8405
219
526
3248
2521
1990
2098
4705
4838
3484
6712
7600
4957
1807
5272
6386
7639
7411
3162
3101
7386
8573
1460
3378
8238
2514
5780
1491
387
5632
4203
749
8561
6846
8290
259
7317
5167
7521
4903
401
1752
8131
1253
1408
819
8765
7325
1611
1519
860
251
5927
1802
5584
4197
738
7571
2051
4599
7275
4973
8442
3554
4440
1612
1720
38
3653
8692
3157
6570
1034
8763
1090
5317
6370
7466
3245
7326
7552
4450
4758
7049
1158
2220
7839
7433
1414
5751
6967
3839
3796
7698
3244
3784
3673
6709
3935
4806
6143
8450
8454
5031
6558
5715
4653
2961
7735
491
4056
1058
7284
6719
5322
6922
7070
2478
4843
7994
1248
2815
8206
4213
6002
1712
6355
8470
7258
5243
4609
4158
6584
7813
5036
6646
4608
4780
1998
6409
4367
4459
1076
3923
4732
4851
3968
3879
7314
139
5062
8336
3193
2436
314
1424
2643
3930
3652
1662
8679
6525
5895
660
5587
5253
5165
2857
2893
1042
5144
4612
6764
1117
533
4663
1240
6813
8098
4830
4712
6549
6449
59
5021
8626
5680
938
2093
6317
3012
7528
3466
2679
3959
7650
391
2658
7160
364
5394
5463
520
410
902
8015
5489
8038
7996
689
2626
5685
5076
2190
5196
8667
552
6633
8783
8232
7880
5275
8300
3472
4096
3917
4284
3347
2401
8411
688
6291
713
950
6017
2487
7668
5792
805
797
3432
932
8024
1688
499
6059
7122
5598
3483
463
5286
488
806
8611
3526
3281
6065
4072
6481
1005
5390
5452
6049
7625
221
1950
4974
5749
8510
4232
5653
6243
7938
2740
7410
4437
2340
1831
1695
8133
4682
1312
7897
5818
7767
3996
1396
6918
6364
2604
4742
8397
4198
6298
2431
5280
1575
175
1702
1082
3071
7402
4358
2506
265
6470
4401
5916
6138
1000
6645
7885
3929
4209
3511
1563
8521
7578
1178
8524
4040
5809
8703
8465
4557
3338
5574
2995
8198
2453
2427
6373
5906
1119
6366
6136
5343
1704
2151
40
3883
283
6381
5145
2920
1489
5284
1098
108
413
8270
3573
1531
986
4488
4130
726
1668
7963
8207
3684
2263
5948
6515
3314
868
8235
5525
7334
1135
1436
3641
328
5430
7758
6810
1537
2938
730
3368
2294
2283
6513
137
3044
1871
6538
7924
5534
1179
3426
1832
5763
8449
4178
3121
4266
4582
3720
4464
5400
528
1901
3295
6172
7032
8778
3434
8422
4896
1019
5714
7428
5325
3551
7219
3824
6590
2108
5497
6180
7812
1756
7249
6555
3224
4679
1422
6941
7346
2552
6860
3372
4800
5388
6681
5113
4936
3650
3712
3286
8609
7350
5024
5084
5428
3277
534
6677
5521
3211
6958
922
5816
7090
7550
5813
3944
7078
6104
5550
2786
2987
6612
5469
3972
4340
739
6072
4094
4137
7079
1696
3853
5658
4117
5621
7740
7293
2366
7210
6569
2178
5406
2834
4397
2795
8106
6608
2948
341
1806
997
1586
6991
3909
1188
1589
2229
5541
977
3585
3020
696
3708
5503
329
5900
2728
4259
2126
8056
4640
6098
7644
3638
337
1144
4192
926
42
7886
4577
3344
31
1785
934
781
6811
4512
7753
7166
5739
357
1083
4382
8476
606
4036
4191
995
2334
8018
5356
3436
1125
6399
6439
8026
6350
2023
409
538
7208
6882
1659
2787
2746
4633
6621
3546
1288
3449
916
2414
2756
6600
4752
6067
4373
4365
1951
7089
855
4670
3609
7041
3431
4042
2673
7385
5222
4454
4221
4837
6832
6663
775
2356
17
6181
3045
8593
144
6469
6085
8695
2822
8641
2087
5839
4617
6573
8013
1441
8540
6936
8724
7642
4573
2656
2290
5969
3621
7860
4660
2082
7058
6540
476
1470
8000
2296
8743
3011
1389
7957
7329
1898
4819
6343
3773
7615
3290
7586
2493
1081
5688
2778
3238
2008
6959
1856
2089
1383
5045
1541
853
1041
8399
2345
6213
8404
3395
5033
6125
1601
6748
4047
6376
2583
4884
2925
7224
2841
1765
4588
6076
5608
1761
8718
1015
5482
8485
6191
378
1469
3834
1504
844
8420
8358
2864
5589
8022
2949
1823
6568
1439
6534
7977
8087
3185
724
77
7295
3440
6888
5530
2303
5970
1606
7347
2249
7543
1238
2302
1277
4658
5622
7445
147
4490
5765
7937
4613
8569
5299
3270
6694
4644
6168
467
2245
4912
5982
4761
1131
3261
141
7352
5655
5814
5069
8326
5849
8627
3361
3405
5595
5351
379
2685
1532
6110
6899
4620
7529
3165
1880
8732
3892
304
1760
6413
1411
2793
411
4286
4491
3898
6762
8389
4562
7862
6724
2006
7436
6347
4759
5352
2738
5237
2219
6382
1974
2830
2482
6840
3668
8261
1764
3302
8029
7955
5035
4269
8620
4411
4695
4523
8472
3163
5669
912
3330
6195
2817
8456
1885
2965
8088
5324
6559
5089
2676
1079
4107
1102
99
4360
2836
2204
6746
5359
5730
1790
720
4614
3572
2890
8221
4404
831
7075
2978
2870
7851
3413
8458
8780
1412
4715
4812
3657
5231
5505
2637
6521
5376
4054
987
4492
7487
3696
4114
4833
2712
8649
8246
4605
4694
4594
1244
3770
7497
5838
6474
4739
1559
2384
2428
2281
2613
2605
818
751
1814
3808
4649
7167
708
5451
7335
7532
446
2580
6427
407
8348
6279
1039
8277
1290
5192
3335
5004
3669
5043
8451
5234
2343
2171
8448
4339
4546
8028
382
7152
6609
6595
1230
2529
4065
3351
5269
156
6498
2743
3619
2947
5578
3069
8604
5939
6241
4858
5625
4841
4652
7200
2099
7482
5054
202
4623
6465
121
8035
6426
8002
218
7520
332
8469
1377
6284
7909
4091
6385
1245
5131
4801
7917
288
1948
3149
3798
1781
5705
3229
2412
5236
6861
5422
1341
7234
1267
4602
6526
5104
4948
3457
4731
3
2261
5670
5684
3040
3762
7478
8596
6335
8143
5637
3515
7953
5508
3589
318
1574
3783
7949
1459
5827
4521
1169
6462
6248
1791
2932
3061
1530
8092
7646
5466
4883
3777
3088
3902
4414
4128
6978
8750
6755
2129
4068
6428
7631
5602
6353
6208
8382
5553
7678
964
7029
6348
5146
5086
717
2530
3444
3283
510
7835
1080
1787
2158
3865
970
4804
4276
2194
8057
3146
8256
4420
64
4254
3382
4814
4343
2422
4337
2380
6798
1380
6124
541
3082
3387
8220
8618
7699
8460
5777
4031
5047
8279
4388
6028
2081
4735
3424
497
7730
1212
2647
4820
3802
8600
2567
4886
6567
2620
4000
1001
3578
39
5247
3079
3915
7621
8244
1057
4764
8652
3743
1833
6998
8380
8393
4928
6359
743
3995
5168
6771
5638
1930
427
7251
1609
2367
3112
3266
4587
7512
4869
6039
5825
7340
270
4959
3403
1643
7583
1326
1895
2565
3679
6253
1516
547
7857
5915
6006
4163
4727
5798
6089
2209
6055
6239
4575
6081
7673
7419
5357
7501
3505
174
395
8418
5784
7118
4084
4416
5393
7479
3736
3139
4845
1113
5620
2337
4426
2533
5414
44
229
7499
5601
993
368
4601
4678
1872
8530
7307
1194
4442
1933
3026
7107
2083
7793
278
7414
1858
6170
6550
7154
3906
2352
3085
4501
3321
521
1882
917
30
4028
1936
2999
3620
4210
4252
8712
2363
8662
1663
1964
5930
8241
7598
1582
5786
5374
2473
5855
8741
4280
8391
1429
5511
7492
8541
7064
3129
8309
1050
3705
1624
2839
6061
8565
3254
6796
7568
5109
8042
4839
429
1431
620
475
3132
732
3522
7537
1555
1282
685
5012
7707
1684
862
5327
7057
3805
7790
3544
3964
5973
1590
3383
7135
6808
7723
197
3468
5636
5429
7227
7913
3508
6602
3278
8148
5582
6874
1892
5206
8413
2731
385
4062
1077
3137
3173
3377
6099
4676
2861
5124
1854
3498
2629
8325
863
1121
895
6803
7939
6331
4746
5612
6849
558
2091
7833
4895
8229
7129
1571
1490
3897
2896
3475
3523
5208
2481
346
5760
4667
2706
3155
4278
3481
5958
2371
461
3870
2207
3900
845
4996
3028
2320
3630
143
188
5203
5744
7998
6544
7001
1094
6741
439
4853
8338
5699
614
5604
6285
5897
1262
6872
4167
1661
5676
5345
6295
6405
8339
3577
1740
4817
4051
6336
1354
2186
2450
3950
8374
8572
1498
3707
2141
316
6817
7694
3671
2455
7011
597
5114
8083
280
8666
4032
1959
1359
7321
494
5557
572
6822
3820
6754
4053
7926
2598
7456
2828
8694
7918
6422
1375
159
957
543
1674
1572
8568
6891
5909
2881
1255
6815
4508
5836
3399
824
6489
6403
4502
6009
525
7240
3715
2192
6625
2849
6686
5796
5946
8512
1677
1847
6976
126
7136
1598
8535
548
911
4810
7039
7727
4873
4419
7979
1106
5912
7099
1652
5265
3207
8747
2276
5283
7289
1091
3786
2733
6964
6751
4527
7581
5260
3206
4877
4319
8260
1348
5464
4729
4813
2586
796
6948
21
509
7864
8488
4427
1434
5456
4152
3876
4165
2358
943
3612
6303
4981
825
636
3559
2236
2651
3187
8497
4248
8322
8735
5488
6390
6205
6963
1007
8707
1021
412
4848
2130
6699
6226
695
1920
4656
1463
7341
8360
2595
7729
3227
6717
5163
1024
1060
7632
2496
4234
2616
396
4469
7745
1161
2657
3131
1036
2848
8068
7524
7608
7068
6596
6977
5199
3316
1103
8501
6250
5306
6324
7929
3460
5834
918
2520
3735
2749
7204
8559
5155
5527
1810
7280
8243
3617
19
4885
3358
3927
6278
6030
1454
4629
8571
1251
7412
7858
6863
858
4008
1863
6779
2683
3749
6868
8746
8574
6656
6605
6707
3366
5762
8612
89
7457
7446
5600
3532
4328
1465
4174
3384
5415
6001
7855
4505
6216
7101
8595
2155
3611
5151
2689
4775
7230
5892
4986
1494
2707
1595
7148
6132
5824
1055
591
211
7777
698
8375
1989
4615
2826
6901
5140
2330
4017
5258
8589
927
6666
2699
7272
383
8514
6261
6222
8588
6845
2180
6066
3479
4917
7688
4175
1597
5193
2716
6930
1709
6423
2760
3407
6793
3535
2726
5722
6789
4821
1165
5942
1724
8164
1682
4565
3734
2829
7717
2076
5442
4500
7889
2742
5820
7796
8033
6229
808
4634
3307
8774
1449
8706
6154
1639
3291
5307
3105
4235
2555
6945
2596
1237
6577
8785
7
4016
8787
4871
5681
168
6162
1174
3814
2633
1852
931
4522
2205
7872
7409
127
3877
389
1461
390
1061
400
1599
2575
3868
8251
7181
5249
2351
5945
2695
5023
5382
6237
6133
6117
3394
7751
109
1122
403
4513
8295
7848
7438
1205
176
4778
6908
1124
719
4383
4389
6433
896
2550
2335
3310
5561
7859
4947
655
225
7997
7146
752
2916
5904
7846
6256
7464
402
309
6689
4082
189
3325
5118
4129
8284
1816
8062
7922
7226
7040
8425
424
8007
8738
8617
4127
7582
8245
2962
1869
4310
3285
1072
436
4933
1748
7928
3476
3329
3580
944
6147
8086
2875
7900
8616
4795
524
7504
634
2470
1602
803
1067
6601
8672
8121
8226
5302
8697
5542
7564
664
6823
6962
4538
4856
7018
2058
2958
7268
3674
7250
5421
2399
4664
5408
2894
1542
2062
2744
5495
8453
88
1417
5952
122
4580
3780
3528
7031
4126
966
5225
7022
5056
5143
942
5935
2541
5067
7418
2177
8585
904
5330
6613
8701
6141
7038
5686
7776
5065
7043
1211
2590
1402
4762
5887
1978
1283
5748
7304
6750
1551
4059
5729
4533
4001
7773
5034
3992
4372
2779
8748
511
5310
5112
6837
4703
6541
7354
1512
7548
1988
6914
7965
3288
8445
7987
1957
4067
1062
641
7508
7067
6774
787
2511
6349
2061
7542
7984
6700
2931
2709
4227
3847
2164
7974
625
1955
761
6870
5873
2769
4148
2200
3520
6159
676
6955
8342
659
2266
2702
1289
1376
6547
654
6429
1596
4631
182
7483
134
1984
5817
4782
6842
3272
7337
7206
6670
1970
915
7106
5563
358
7551
3957
2650
7024
4547
2585
7874
7104
782
2544
4330
4991
7919
653
3727
3854
8286
976
1438
2630
2476
46
4940
2275
6855
386
7236
1896
5977
7802
7890
3598
1284
3427
518
1666
8509
8094
1986
7358
1535
3763
4201
6486
5150
8483
3318
4366
907
2039
567
598
5741
4545
186
1581
4438
5261
7695
1887
7905
6711
6265
8658
2564
8433
5514
4941
8204
5910
6351
8682
4544
3841
3024
7595
7637
8532
8273
8729
3089
155
3885
5017
1336
5369
3029
7401
5141
6799
3385
3683
1828
3164
7439
2004
6738
6185
7533
3987
29
5443
1372
3260
4551
1339
2825
4317
6836
2860
2463
1697
8544
85
7619
5279
6167
1849
307
2289
5407
6036
1604
6618
1506
6011
7273
8710
5216
5003
8407
7062
2183
6493
6597
4548
2991
3886
2910
6005
6215
4685
7579
2394
3064
3723
3563
8070
5039
4239
56
2622
8705
8576
7823
5417
8269
1276
2970
5300
3893
640
447
2490
7809
5044
4109
6548
423
6318
4423
2563
6916
816
2945
2964
7333
7945
2974
1650
305
1732
3654
7708
3311
694
473
6461
4776
6444
2339
2497
2133
5242
6197
1363
5949
1214
8105
4876
6267
6023
6260
7066
8337
4200
5545
3755
5752
3021
2494
5728
2599
2907
4718
1430
25
7881
8511
5779
4530
3934
7785
701
8385
2437
8040
3509
3086
4927
7742
5433
7866
1973
5619
7921
2321
4842
7061
8184
8019
6479
1577
4493
7927
4730
5290
8287
5152
4396
5007
7277
4779
8301
1045
1562
4074
3738
513
4636
1114
2138
5389
923
1378
5100
5723
4282
7363
6088
6460
7034
7379
8291
7713
4881
269
1919
454
2060
7324
2906
6220
2982
7008
5919
4897
2065
3553
4044
1301
5867
1746
7164
5964
7287
7563
4070
128
7784
5753
1249
5323
7587
7441
4805
231
8636
6582
4977
6131
7518
6961
1753
2142
881
5005
3081
6623
5444
5475
5348
6495
5711
5480
1
2465
2697
2251
5701
6757
508
238
3488
7536
6235
5642
4911
4297
5425
7311
5263
6862
2792
3198
5985
4555
4755
4741
7800
1243
2632
3239
7059
3818
37
4231
2221
4346
5928
6915
1345
331
7190
7150
2980
2077
4919
7364
2127
2560
2441
542
5331
2150
2873
2502
1703
2803
3809
2914
8684
4799
4291
5504
7365
4182
6514
2064
325
6665
769
8784
4
3778
8605
1195
484
7931
7108
8761
745
3862
8110
4754
3126
1719
2667
8632
6562
7660
8357
4971
3299
3913
4666
1344
313
6827
2776
5102
5431
3304
6671
6710
3200
8464
2253
3441
6269
5663
2571
7843
7082
6886
2117
3025
7455
1923
7553
8387
6361
4023
4874
506
6031
8150
2532
1172
3256
6877
2139
7756
8394
3680
1096
8776
3334
5149
8766
5304
2295
7914
599
5073
8137
6856
5733
6715
448
2642
2391
43
4566
6826
632
1141
7462
4334
1218
5211
5487
8180
2888
594
8789
6854
4102
4809
3002
878
573
4125
97
5293
2216
7092
8528
2725
1391
5420
1109
3792
4646
4159
6069
6254
5380
1066
2603
8779
7607
4618
4480
2584
367
3463
783
3214
7749
5987
5215
3800
4470
6911
6196
4141
8190
571
5492
8468
5465
8552
1708
2231
6499
4503
595
8463
4425
1448
7782
3087
4724
6311
839
5585
3035
1946
4007
727
2777
1120
8048
4697
5634
7426
1714
4078
8685
6105
4253
4408
2213
5250
1522
5438
7071
8439
420
8377
2755
8177
4080
2573
2663
960
4085
6651
4744
5745
7827
6472
8495
277
7590
5507
8426
6636
4834
2765
4963
5046
6893
1730
4642
7480
26
874
4463
7191
2388
4433
7734
6727
4720
6829
2471
5861
2929
1405
3231
1692
2385
7561
8073
79
8621
3969
8172
4124
3138
1641
8650
2306
3091
2588
6203
466
1037
6500
5207
7601
5498
6769
1778
2050
913
840
4564
6767
2579
4765
1578
8320
8090
3741
6464
5355
3048
7396
5081
5704
663
952
2189
7746
5631
5719
7088
784
4265
3043
7645
2820
3485
5125
6289
1352
2239
3489
6010
8553
7629
2807
7459
8225
4110
4024
5746
8370
6545
637
2821
8034
1044
624
2800
690
5082
3348
2638
3373
3872
3931
1129
489
1166
5846
6783
5881
2693
6187
2600
8400
4479
3370
3228
4173
3583
8531
6885
1979
5662
8187
537
8579
6960
6641
6082
3748
6517
1476
3093
4953
5432
2235
3567
4088
1497
7634
7941
3864
3421
955
1672
2747
2878
3410
3632
7026
459
8398
3655
1742
1829
861
1772
241
1474
3458
7640
8237
836
6417
7720
3053
633
5911
539
6204
1332
4439
5616
1987
7643
5580
7771
8745
5240
3031
4409
8638
4295
7353
880
5097
1783
2018
675
8166
5434
4966
8310
3039
1804
3265
697
1679
4990
6857
6634
7669
4728
2818
6598
6485
940
2966
7157
5618
5889
5540
5791
5567
871
5197
4568
876
1879
1327
1579
5366
6111
3766
91
815
5536
3419
4116
7781
18
7133
8292
1097
5276
4118
788
8111
1794
1486
2790
6802
661
8722
5659
850
5648
6424
2413
3908
699
1311
3056
725
8330
6048
3317
3156
1517
5848
6942
2623
442
2063
1269
5546
6968
7807
1410
1264
4861
3049
4462
4106
1418
5761
5361
1070
8567
6301
8205
1069
7180
4105
5025
3788
7794
8140
474
3141
5639
181
7437
5959
6784
6591
4498
7778
3896
7184
1006
1040
4767
2415
2458
7113
7232
84
1136
2028
935
6883
1803
3305
2162
2165
1850
7603
4153
3816
2592
2227
7873
873
1825
6838
4428
7172
5180
2660
2614
5801
6997
5245
8628
2121
3232
5026
8117
5789
3158
6201
7114
5874
2277
1982
4945
8114
7852
7679
7125
4556
5241
7954
7185
8262
8328
4835
2572
4571
5812
5079
1843
6970
3599
7175
4529
2009
3651
566
92
2255
887
7382
6879
3047
6705
178
3855
2310
1558
4994
7728
4038
1886
7947
1786
1360
6906
1334
3771
555
804
3006
2408
2827
5020
4757
7299
1907
2903
1881
954
6850
8755
6971
5734
3694
4312
6578
8714
3175
5288
6022
1384
451
2411
4524
7127
32
631
4195
5989
1478
3860
1628
5229
5807
6467
4593
2448
8564
2812
1859
3772
3552
160
888
728
5988
4823
4622
4006
8296
7572
3691
5677
3429
8436
1870
8103
3803
2545
8012
5314
2628
5454
1437
5154
7623
8364
1935
2184
5656
4905
2049
8152
4985
4867
359
1618
292
6392
300
3428
7380
5569
274
7952
6091
6302
4270
1170
3058
5175
2540
4421
5455
798
236
1466
7053
1333
114
1038
758
711
4968
4904
2859
4998
680
4285
3663
5623
326
8415
3794
693
1928
7652
4938
7961
65
237
4472
4474
6097
6391
1287
248
531
5440
8217
8608
4018
8545
5259
4144
1726
5201
4630
3287
2104
1834
4308
2659
4410
7680
4379
882
4256
302
540
5539
370
483
545
404
8343
4924
5370
3381
5649
7285
4211
8008
7803
979
3985
1328
5522
405
2648
8239
4962
8077
5661
4987
2997
7242
1750
4496
1191
8671
2068
4003
1897
1889
5402
2854
4918
4069
3740
323
2045
7647
3698
2503
8767
6543
2832
1771
1160
1525
6264
3469
4900
7387
3700
644
4226
1603
4133
3212
12
2874
2034
6546
6414
7779
4055
4242
172
6121
8610
7239
335
3942
7355
8362
8366
731
7841
4009
1046
5404
2662
2621
8673
7820
6134
1022
5590
5771
4680
4101
3979
5828
452
2252
7331
3096
5297
4399
991
4793
3276
6629
5142
4913
3791
4494
2627
4645
937
7427
4455
7356
5902
2197
7711
7511
2433
6003
2287
3593
1505
8265
1971
5640
3371
6760
8516
7102
2983
8063
4315
7895
6443
3267
4136
1004
8624
214
8590
820
1303
5884
1789
6619
1309
4560
7907
5924
8543
762
4975
5633
3550
5903
7458
6160
1877
6903
7403
1362
925
893
5526
3659
1985
1634
3442
4997
5170
1685
1808
3713
1992
3178
223
8446
2078
2468
4356
7192
2226
7183
8771
4179
712
6468
5793
1734
4176
596
5375
992
7178
4899
6306
7369
1544
2456
5267
4228
2134
2271
5913
240
57
7036
924
889
1335
1343
7228
7163
3397
5953
6522
1739
4030
1861
3825
5724
1851
1453
5692
3451
2182
6224
6251
8438
8396
7238
4619
5833
3380
2124
5147
6095
2698
1208
7256
5227
200
5667
7155
760
1873
264
1631
5868
1614
1592
54
4073
702
4057
2003
5978
1310
6337
2110
4204
2824
1796
82
2558
3689
7757
3145
8208
4206
3666
2438
3983
6230
8356
4484
5627
3362
1366
1316
3757
1457
20
7264
996
1960
5270
8457
5712
4241
4863
7517
1994
4627
1296
8772
7762
4332
7681
7173
1270
6228
7404
3645
7989
3637
6972
6338
4321
5178
472
8386
8130
7824
5832
4668
3140
3914
3067
5161
3662
2059
5209
8494
7408
4950
7884
1455
8477
7750
3269
456
4071
1632
7388
8781
119
6730
4262
1236
5093
4537
8462
886
2944
1867
2568
652
2988
5764
6128
4316
8359
290
4708
6165
3161
1550
4541
4738
4121
2203
381
6270
4964
6452
3492
852
6297
6726
4258
7706
8054
7752
7260
2052
4122
6848
4721
5172
729
8178
7003
4935
8104
8690
6293
7134
3677
6539
6063
7373
6965
7507
674
1874
5938
8139
3981
3250
8708
6801
3205
3345
81
2154
5742
4099
2153
8597
3613
8064
7899
7162
5205
7985
1524
5566
8107
3233
1841
1947
2534
1035
2047
1047
465
7513
3899
6174
7306
1749
2636
2152
4344
2037
4220
6475
6617
7739
5558
1487
6843
4138
5450
8146
1483
4390
3459
8715
3237
4413
2174
1419
1350
1766
4519
4309
4932
4862
2323
7151
4314
8683
4939
7714
5277
2717
6463
2753
763
6438
441
2070
4961
2319
7502
4943
2535
5668
8351
2020
3754
847
2953
8182
1862
4168
974
7968
2819
5794
4123
5856
2986
3123
5899
8095
2224
5956
5941
5555
1416
7692
4866
7139
3639
7271
5766
4029
7570
7519
7336
677
2802
7246
1200
208
5925
1353
167
4180
8344
2403
227
6921
2913
2181
1056
3208
2811
5520
3174
2694
3095
5721
1268
5576
2244
2498
5133
7763
8584
4422
5098
3558
4510
1779
1673
4916
5224
317
1279
6455
1568
3120
3978
1759
3538
5053
4702
3470
6593
1370
204
7584
1223
7201
2631
8173
3279
5898
2332
6697
4120
908
6451
8010
8580
1381
1689
7301
3576
7223
570
4802
3326
7182
7856
5108
4650
4327
6690
281
2097
7613
8149
2286
8254
363
1972
1638
3737
3133
3742
5019
2561
7832
1890
6713
310
3042
1570
5799
1012
5549
2292
1607
6819
3127
371
5645
5710
7169
3980
5153
1883
51
3357
6592
8009
3716
4616
249
8122
7906
7296
8687
339
5517
4183
2307
5888
7245
1196
6864
5087
7384
6000
4489
4595
5976
3531
6622
2528
5083
5063
1866
3594
754
2005
5629
1635
1788
376
5797
5221
2222
152
1116
3243
6527
8181
4846
6236
3375
2768
928
8030
4824
7743
3646
1018
2880
2625
6782
828
7073
1013
2639
1784
5373
6214
8665
8109
5871
3574
8285
756
1495
5071
5614
3787
6316
1534
5090
1731
8160
5664
8059
245
275
1687
8053
2943
6737
1258
6825
3887
482
2120
529
8423
8323
6939
7545
6068
6830
5271
4086
5863
4384
2946
8128
3857
6057
3975
4471
2291
7393
8165
7641
7817
8560
7348
1812
3453
5646
2238
2607
3676
1168
2831
2000
2612
5202
2937
5735
2040
2973
821
4569
582
5880
7995
4567
2107
6268
1983
2410
6043
1969
5844
3678
7141
6556
4299
1304
1797
7630
5239
6079
6637
2416
2419
8240
1507
5851
6536
6531
4352
76
7138
3813
7861
3807
3077
6758
7400
4104
5018
1888
166
6505
7676
4445
4898
2044
3143
2589
6497
1616
6377
7044
222
3074
5698
1932
433
4456
8676
6304
905
3561
6581
894
3107
7488
8085
4443
388
2617
7417
1658
3018
8760
3597
1637
6721
5319
5673
4301
4050
2954
4887
4166
4005
3108
3547
1281
8613
7279
418
1147
2495
1686
3328
5011
6129
312
789
4341
8498
2460
515
2202
8052
185
2989
8444
1025
2333
7844
213
464
2019
1617
1246
2442
4293
8194
443
4675
1028
7490
7376
4162
3536
3614
1799
7798
1347
3605
3901
7020
4218
8039
3631
1576
2915
3606
7214
3997
3332
1027
4908
2033
4131
1257
1305
3189
2027
6990
5042
3729
1588
4536
8623
1365
7323
6723
7007
1620
5285
35
8058
3418
3073
5687
4045
5965
5232
859
2196
3514
5477
5740
3910
5183
5850
6114
4249
612
1509
1694
3411
1393
6920
4387
1154
1308
6780
6574
4760
4025
2420
3420
576
228
7131
2193
7748
3722
7399
3986
2635
2270
2056
1180
6096
3843
2901
4528
5074
559
3076
1033
8213
6305
7390
1857
733
5778
5695
4855
426
5610
7259
4320
8664
5233
3938
679
1669
8646
6327
6178
1925
8401
7725
1433
1297
5484
5462
4289
1937
5132
334
7850
6996
8731
1776
7416
2284
5515
638
5885
7027
7531
7241
4922
4081
7808
7467
4906
4222
1064
8500
6365
7377
2936
3575
1398
7469
1817
7368
4108
3991
3895
5274
4514
5782
4506
6610
4305
4378
140
2395
4681
6371
1228
146
2278
5615
8716
5564
6310
1462
2483
2092
4976
6287
7247
8499
8004
2759
2684
7013
5127
2522
740
3037
1722
822
3750
3496
3323
4878
6676
4923
5617
6708
3402
4792
2344
4142
6816
6814
5294
6648
768
354
8606
8395
3252
6016
2370
3693
4457
7351
250
4716
4019
2425
16
8188
550
47
8482
2624
6056
8011
8656
629
3465
8076
8587
5805
8660
340
4465
6616
4460
7916
5802
3176
4196
7672
4826
1186
8307
3627
6571
1741
7310
2304
3706
3003
1092
530
6212
6227
8680
892
618
2608
3222
1379
7614
481
4244
5923
2432
6198
7261
4219
7923
1681
2566
8670
7308
369
5339
7870
4847
7588
3821
1690
8158
1627
1963
3103
7566
2479
4188
8174
2030
5122
8733
2217
4773
8093
6682
7124
3999
5139
4929
5815
458
2140
5929
6818
4093
2672
353
477
6731
6714
4970
1140
3688
2024
2357
2775
6406
2257
6312
8305
2447
6276
6419
1623
2700
6323
6146
4669
1809
7958
4357
1965
3600
1773
1226
3242
4714
5266
5419
9
3482
7076
662
6221
8025
8082
3490
6309
3618
6518
3179
301
791
3104
8123
1095
6820
8069
3119
2718
1981
5675
5057
716
972
73
5055
4796
230
7137
3350
8210
1401
3148
5772
2816
93
2542
5931
6199
3013
7691
7910
8614
7869
810
131
1374
5105
5996
2933
5371
5998
3365
3697
6483
1848
6272
3758
2531
7787
8699
3521
865
4403
7936
3530
4386
4955
3306
6624
7278
603
3685
105
692
2268
5166
8147
4103
849
2918
4549
2176
7415
5528
7159
7281
7911
4190
1250
6383
1134
7218
8655
5111
7294
129
568
7805
3423
4515
8519
577
2088
1265
6388
5292
4246
8633
4322
4894
3793
4336
884
2075
667
2840
1819
6768
1540
2955
1545
939
7105
6421
2646
5862
4972
7254
2113
1855
6989
7132
1763
6824
6363
3271
246
6173
3880
7468
6933
581
7222
4574
1738
33
2159
7509
5159
4189
981
5326
8280
7721
1902
7489
5690
6954
1593
6957
2941
7522
609
1390
8643
1569
4786
3050
8601
7789
6161
485
2090
5767
1105
1075
7620
6223
5437
4517
3433
2922
7128
5002
7283
2720
2835
578
3110
6041
753
444
2329
7332
6158
6833
8112
7028
7871
3998
1707
6812
747
585
1552
5377
1706
4436
5787
5106
4870
5204
6626
6805
6589
3349
7892
7123
5218
2042
2175
7366
2882
3217
6
1204
14
3533
3835
2838
7383
4288
7709
8168
6115
2010
3827
4348
8209
563
1921
7244
7761
6299
5519
136
2381
3241
210
4624
6917
8522
933
2464
440
2349
4825
1031
6575
2593
4590
6650
5908
4572
6171
5572
226
8230
7819
8298
5975
3739
6554
6620
6060
4710
3060
3339
2900
3374
4215
4736
1926
8247
802
3833
7233
8455
6683
7971
691
7473
793
3759
1758
3905
4672
6674
8629
6051
4829
8653
7303
2791
7493
4335
6607
3116
8764
8437
8527
3182
3293
1906
7288
419
3168
8223
3866
276
5577
3417
469
5957
2132
6951
4407
8138
7485
5217
1192
1515
6553
1968
7596
3253
673
841
3799
7904
6280
3751
2007
2977
6054
4283
833
1338
983
170
7822
351
5731
757
8282
2729
60
6345
480
2148
1167
2201
296
69
7119
7903
5368
3416
2798
2215
2131
3166
7451
4429
1274
8550
7430
7367
5556
4275
5006
7624
4375
4347
6887
817
5077
2055
3273
6728
6501
4349
5129
2665
1485
3922
7597
7484
7072
1909
4417
2951
4750
106
3068
8730
3586
1605
2096
3838
8183
2549
3195
8583
899
3518
5048
6425
8406
5758
6509
319
4553
377
1801
601
4700
3761
8157
6973
1406
2021
2570
1842
2669
5095
2331
6912
500
1073
4807
3822
5191
1502
4298
1826
1272
2809
90
3494
6401
6126
2262
8080
1395
4476
6680
4224
267
3478
2847
514
4803
5212
4543
2248
5
2260
428
2764
5532
6776
2554
5932
1220
2723
8134
6450
7610
1432
842
2282
3301
7265
6274
7661
1133
6116
6259
3644
2085
5788
1868
611
7391
3319
2557
8268
3592
610
7448
2102
7902
130
6446
3795
3062
2884
3601
5460
4369
6752
7481
5920
7495
7110
24
2173
3542
8777
132
2430
5367
7547
5101
5990
3356
2908
714
374
4516
2814
10
2300
6611
812
3590
8486
982
1625
3717
3264
1644
7454
6094
4665
5980
8410
1367
1539
4740
1647
8100
5547
7726
6881
8319
1999
7165
5548
2013
285
3714
3201
8144
4368
7651
3234
486
7683
6852
6660
2766
879
2524
6841
7359
8381
3297
6326
8554
1660
8308
867
3863
232
2444
4418
4431
5875
3456
4376
3647
5933
650
588
3125
3764
6471
5409
2359
7474
1086
7042
2035
8373
8067
8753
2705
6585
8654
6245
8222
1717
7659
5994
6926
7103
4143
5313
6743
2527
737
7189
2681
1745
2653
6685
2350
1351
5983
5533
1546
7658
2682
8036
5624
7966
3555
2996
479
3956
4307
4048
3230
4268
7500
3726
8027
5810
1727
8487
8159
2137
3681
2976
3235
1622
8162
4089
8635
2407
2297
6765
891
1385
2868
8526
4753
8493
4279
3008
3342
1162
7976
6255
5901
70
297
3932
2562
8491
5591
5974
1397
8311
2067
7689
7766
7514
7221
8507
7098
3333
5085
8091
187
1442
4647
333
5182
6140
7111
1342
1184
3160
6200
2547
7187
3005
1003
3686
4818
5491
3525
2785
1108
8471
1918
6944
6875
5509
2392
6992
2312
320
5679
2602
6142
7697
2737
3497
4435
4281
8041
773
8698
6400
4967
3789
1903
5110
3223
5918
2342
8266
2862
8250
8717
6137
1976
4157
3284
7671
8023
1387
2417
575
3454
721
1032
4920
4155
8555
7686
6360
616
7950
3948
7883
282
1150
6341
2492
3878
6519
8108
4808
929
2539
271
8272
517
3610
3891
6576
3204
3194
8549
6508
7253
6537
3961
3911
8081
2326
3041
8758
2195
2484
2611
5096
6890
2898
4659
4734
5707
2475
6416
963
3102
5088
6415
6148
5010
7194
4013
8321
5967
2883
999
158
7357
194
8562
1774
5490
2536
5586
4872
4229
7406
3188
7320
2569
5524
3225
75
5732
4212
7649
7970
5736
2895
487
5891
5256
7816
8327
8681
2833
7836
1905
432
6729
6123
5559
6240
6445
700
4684
8350
2668
2507
3363
3128
3517
544
206
6040
125
4041
2386
5358
6716
8669
4791
3984
1232
5650
5360
8192
6179
2072
648
4026
4362
5626
1369
930
3364
8021
8754
6873
7413
2259
2810
6163
2917
7604
8303
5379
2850
4704
6927
322
7093
6434
2084
1777
6599
3312
3063
5254
6407
7768
7470
4790
5781
2317
3425
6480
7559
4576
3190
8214
3556
8409
4217
6372
4154
6119
8661
2128
6566
2516
6074
1087
750
5273
8315
4271
6393
5094
2754
5937
4772
809
4338
5458
4087
1670
6923
5785
4840
61
4272
3502
50
71
5651
193
1315
7269
3928
8441
7140
8686
1239
2353
5806
2191
1252
6946
6387
8045
1510
4949
4353
8713
607
4696
2993
7235
6980
8120
6900
6358
628
3019
3596
8392
5130
5743
764
1840
6476
5858
3649
6551
6557
8659
7655
682
2
8317
3775
4394
832
6935
2981
562
6357
8167
5281
4292
327
7153
7854
4709
8345
4723
2046
7004
252
1202
8016
7962
2111
1231
6898
7112
2012
5926
162
6794
6488
7262
7969
6247
6696
666
4882
8071
5603
4020
2967
6432
7051
1520
7877
5392
2587
7312
516
6282
6949
7267
7609
5116
4788
3830
1993
8723
639
1782
1678
8227
1206
1846
7424
4763
4931
7951
1725
7025
6176
2451
263
3859
258
7274
7964
3767
6878
2397
4628
8044
6106
1511
5341
268
6667
1584
2789
1608
5435
3989
6988
6035
1084
3615
1435
2711
823
2036
6398
199
2123
3471
6979
6847
4064
7795
7530
2325
6725
6447
2328
3376
3664
4726
7912
496
4497
1566
3765
6090
2645
4095
3202
4585
2435
7217
2956
6362
8179
242
2445
4014
734
7747
4611
3124
2553
6638
8156
1313
3640
669
7046
1917
795
8504
3626
1074
742
8421
2400
2952
6087
1132
2957
6151
2146
5138
6744
13
5397
557
94
3636
6015
5198
5562
6507
1853
7978
8
4452
6209
438
5599
1587
7628
6458
8259
2212
8142
1699
2147
6773
8566
7611
8333
6775
5502
7887
3904
272
834
3461
2783
2934
5947
5882
2661
8630
6070
6706
3769
5666
1146
2537
1404
6155
7702
7667
2477
8726
7205
2724
7170
6058
1285
1533
8153
6033
900
8163
3446
4832
8696
1815
1565
3169
6693
6807
959
8369
6045
4380
1938
239
4683
4733
3009
4350
5298
2581
5573
1954
1664
1010
3240
4598
1295
80
5543
5164
471
8099
1392
4889
4850
670
2655
1421
2025
6858
8505
3353
5845
7788
5725
8378
3687
4958
3340
4449
843
2210
5148
5674
2846
1701
3171
8089
2488
356
3534
8335
4951
414
3785
7875
8365
3549
6777
3078
3926
4063
8199
1464
6441
807
1224
4181
6024
2382
6966
3186
2866
5342
5499
3587
792
3218
1929
2237
3946
1008
3933
6319
3548
2267
3760
6052
2719
5308
5605
7580
3114
3829
2582
7635
6640
68
2902
3506
6995
2865
6735
5398
2355
3083
6482
6206
4287
3710
646
495
1543
8340
5665
5320
3406
7960
7972
8257
7589
2285
298
2735
7565
2899
2079
3852
201
8329
3435
349
3258
5993
6938
6736
5696
330
5516
2119
6029
8031
7002
6733
1910
6904
3730
5176
303
3447
4638
2338
3584
1844
2376
6871
535
5403
1322
2704
1153
7460
8037
1762
6484
3845
635
1713
1488
6374
2026
5726
2640
2038
8212
6164
5349
1403
1123
5720
3719
7765
4149
4921
4591
7527
2469
1500
4250
2486
3507
4563
6895
7830
3309
6533
7834
5473
5461
7573
6004
1330
3135
6614
1591
1743
6418
5513
7592
4699
827
3537
7719
1615
3721
2512
8161
4111
7305
6431
3443
6368
6457
2926
1966
1148
4441
96
4701
2505
3122
615
384
4811
2048
2688
523
872
1325
5092
8231
5872
4260
1911
1619
2843
686
5552
6790
6632
3965
2911
6108
7423
1891
3602
1830
8113
3828
8542
5883
4815
1962
6430
1961
6987
4424
3539
1860
3918
1280
5800
107
7316
3412
3566
5128
7375
8384
6560
7087
4930
5737
6315
3209
1275
8719
5579
7179
2185
5022
5757
8349
3118
6691
4831
7313
2745
5235
5678
5756
6865
4098
3939
854
4223
1735
7981
7091
1213
6565
118
6217
1629
7760
5966
7229
8788
3369
3628
7211
2921
5160
5080
3352
7618
7050
457
6113
1798
683
4836
5072
6367
1361
1711
1145
5554
5702
4603
1173
5185
8403
6032
3474
4100
1931
3154
1254
2459
192
180
2942
6839
100
3812
2280
3448
28
1728
179
7023
434
8274
5157
3438
3648
203
8304
3313
2856
1945
6012
1513
2710
1523
2500
3810
4238
3462
5162
5510
3249
1199
6604
6100
2972
3495
5213
2274
4798
6211
6503
1029
2796
1048
3861
5329
1775
5501
3117
3837
6456
3745
3955
425
5826
7476
766
5544
8490
5061
2969
7432
4686
7225
2426
8709
846
7942
1456
315
4002
794
2377
6759
1155
2393
1185
4581
7783
1217
532
4944
2750
5972
6188
1665
1115
8740
6929
6993
4447
4267
3210
2523
8248
7425
5372
8742
2971
1331
1473
4355
393
421
656
2218
3439
1564
4415
3038
462
4535
4351
6956
5774
1278
8480
3894
8193
8155
4880
7797
1904
2751
7009
1676
455
5877
4473
3109
7370
2167
6905
7349
6502
6520
8578
5955
4570
2311
7662
3516
2715
4245
7975
6753
6615
3415
417
1471
343
8625
7266
7633
6266
1845
490
503
1182
2876
7328
2011
1514
4199
5171
6183
2844
2927
3832
3629
965
2423
6687
366
3744
2515
3733
6702
6103
257
1261
8475
1924
3059
4304
2095
4860
4942
6528
8689
8622
4323
7574
6314
5068
898
5187
6492
4257
373
6394
7344
2519
1023
1176
4777
3001
7920
2675
1865
3817
6511
4146
3527
7014
311
8757
2105
1482
2518
3014
34
3569
7999
4010
1101
8591
6083
5296
7035
8264
4325
2161
8072
7477
2886
7896
15
4371
6252
5943
2230
2313
3346
851
3354
971
1128
3153
1241
1723
4205
5321
4766
1368
4584
4632
1953
8014
6639
3414
4816
115
8032
7893
1908
7216
527
3658
7292
3801
7617
3581
7665
8443
4852
7736
3099
5854
2017
5944
1573
1975
8186
7876
3753
4313
4868
243
2446
3704
5847
6701
5886
3203
3251
723
345
6053
6073
968
72
658
7831
1477
8293
1346
4893
6984
2336
6020
5808
3263
6785
2365
4302
1484
4910
1472
5963
687
7915
6249
2439
6169
2157
2168
7248
8313
2347
4052
4655
4274
7342
1912
6064
2887
5750
6657
6477
215
1049
6603
6078
3216
1271
273
5070
2959
2452
6186
7231
1445
2145
8371
3280
3993
592
6107
799
