44
226
106
145
237
124
33
332
123
289
36
222
357
74
388
307
8
315
384
164
77
133
18
284
42
254
228
28
64
393
103
351
238
138
361
51
39
227
79
348
281
10
205
319
112
392
78
16
15
229
59
159
317
13
116
149
283
245
209
57
88
130
345
271
161
198
128
1
156
280
170
136
62
263
385
366
95
12
143
306
166
247
30
326
34
135
61
178
398
224
3
4
325
341
131
180
239
182
240
346
173
217
195
97
165
287
275
233
292
337
360
120
90
267
168
132
369
313
141
193
329
86
148
63
84
29
300
204
296
89
347
343
231
372
48
171
359
340
285
389
304
108
23
387
363
286
126
356
211
27
80
308
19
216
355
2
257
139
235
71
99
324
215
203
75
107
270
5
184
146
41
172
104
0
105
253
276
152
189
197
183
21
368
302
241
336
258
349
314
309
76
14
55
375
234
91
352
73
111
213
244
187
344
155
273
206
52
370
153
58
167
338
49
160
312
66
291
374
87
386
288
169
252
367
259
119
94
376
157
320
7
92
223
248
295
221
330
45
318
122
151
362
186
82
371
35
255
391
230
266
323
25
158
298
277
93
54
201
236
274
68
383
98
200
396
262
67
297
207
232
202
194
114
294
214
40
