0.6779661016949152,0.6779661016949152,0.6779661016949152,0.6772486772486772,0.6772486772486772,0.6772486772486772,0.6772486772486772,0.6772486772486772,0.6772486772486772,0.6772486772486772,0.6772486772486772,0.6765327695560254,0.6765327695560254,0.6765327695560254,0.6765327695560254,0.6765327695560254,0.6765327695560254,0.6765327695560254,0.6765327695560254,0.6765327695560254,
0.6779661016949152,0.6779661016949152,0.6779661016949152,0.6772486772486772,0.6772486772486772,0.6772486772486772,0.6772486772486772,0.6772486772486772,0.6772486772486772,0.6772486772486772,0.6772486772486772,0.6765327695560254,0.6765327695560254,0.6765327695560254,0.6765327695560254,0.6765327695560254,0.6765327695560254,0.6765327695560254,0.6765327695560254,0.6765327695560254,
0.6779661016949152,0.6779661016949152,0.6779661016949152,0.6772486772486772,0.6772486772486772,0.6772486772486772,0.6772486772486772,0.6772486772486772,0.6772486772486772,0.6772486772486772,0.6772486772486772,0.6765327695560254,0.6765327695560254,0.6765327695560254,0.6765327695560254,0.6765327695560254,0.6765327695560254,0.6765327695560254,0.6765327695560254,0.6765327695560254,
0.6779661016949152,0.6779661016949152,0.6779661016949152,0.6772486772486772,0.6772486772486772,0.6772486772486772,0.6772486772486772,0.6772486772486772,0.6772486772486772,0.6772486772486772,0.6772486772486772,0.6765327695560254,0.6765327695560254,0.6765327695560254,0.6765327695560254,0.6765327695560254,0.6765327695560254,0.6765327695560254,0.6765327695560254,0.6765327695560254,
0.6779661016949152,0.6779661016949152,0.6779661016949152,0.6772486772486772,0.6772486772486772,0.6772486772486772,0.6772486772486772,0.6772486772486772,0.6772486772486772,0.6772486772486772,0.6772486772486772,0.6765327695560254,0.6765327695560254,0.6765327695560254,0.6765327695560254,0.6765327695560254,0.6765327695560254,0.6765327695560254,0.6765327695560254,0.6765327695560254,
0.6765327695560254,0.6765327695560254,0.6765327695560254,0.6765327695560254,0.6765327695560254,0.6765327695560254,0.6765327695560254,0.6765327695560254,0.6765327695560254,0.6765327695560254,0.6765327695560254,0.6765327695560254,0.6765327695560254,0.6765327695560254,0.6765327695560254,0.6765327695560254,0.6765327695560254,0.6765327695560254,0.6765327695560254,0.6765327695560254,
0.6772486772486772,0.6772486772486772,0.6772486772486772,0.6772486772486772,0.6772486772486772,0.6772486772486772,0.6772486772486772,0.6765327695560254,0.6765327695560254,0.6765327695560254,0.6765327695560254,0.6765327695560254,0.6765327695560254,0.6765327695560254,0.6765327695560254,0.6765327695560254,0.6765327695560254,0.6765327695560254,0.6765327695560254,0.6765327695560254,
0.6765327695560254,0.6765327695560254,0.6765327695560254,0.6765327695560254,0.6765327695560254,0.6765327695560254,0.6765327695560254,0.6765327695560254,0.6765327695560254,0.6765327695560254,0.6765327695560254,0.6765327695560254,0.6765327695560254,0.6765327695560254,0.6765327695560254,0.6765327695560254,0.6765327695560254,0.6765327695560254,0.6765327695560254,0.6765327695560254,
0.6779661016949152,0.6779661016949152,0.6779661016949152,0.6779661016949152,0.6765327695560254,0.6765327695560254,0.6765327695560254,0.6765327695560254,0.6765327695560254,0.6765327695560254,0.6765327695560254,0.6765327695560254,0.6765327695560254,0.6765327695560254,0.6765327695560254,0.6765327695560254,0.6765327695560254,0.6765327695560254,0.6765327695560254,0.6765327695560254,
0.6765327695560254,0.6765327695560254,0.6765327695560254,0.6765327695560254,0.6765327695560254,0.6765327695560254,0.6765327695560254,0.6765327695560254,0.6765327695560254,0.6765327695560254,0.6765327695560254,0.6765327695560254,0.6765327695560254,0.6765327695560254,0.6765327695560254,0.6765327695560254,0.6765327695560254,0.6765327695560254,0.6765327695560254,0.6765327695560254,
