[0.69313844],[0.69311739],[0.69309003],[0.69305144],[0.69299615],[0.69291796],[0.69281004],[0.69266536],[0.69247748],[0.69224155],[0.69195548],[0.69162112],[0.69124516],[0.69083952],[0.69042101],[0.69001039],[0.6896306],[0.68930472],[0.68905371],[0.68889436],
[0.69313844],[0.69311739],[0.69309003],[0.69305144],[0.69299615],[0.69291796],[0.69281004],[0.69266536],[0.69247748],[0.69224155],[0.69195548],[0.69162112],[0.69124516],[0.69083952],[0.69042101],[0.69001039],[0.6896306],[0.68930472],[0.68905371],[0.68889436],
[0.69313844],[0.69311739],[0.69309003],[0.69305144],[0.69299615],[0.69291796],[0.69281004],[0.69266536],[0.69247748],[0.69224155],[0.69195548],[0.69162112],[0.69124516],[0.69083952],[0.69042101],[0.69001039],[0.6896306],[0.68930472],[0.68905371],[0.68889436],
[0.69313844],[0.69311739],[0.69309003],[0.69305144],[0.69299615],[0.69291796],[0.69281004],[0.69266536],[0.69247748],[0.69224155],[0.69195548],[0.69162112],[0.69124516],[0.69083952],[0.69042101],[0.69001039],[0.6896306],[0.68930472],[0.68905371],[0.68889436],
[0.69313844],[0.69311739],[0.69309003],[0.69305144],[0.69299615],[0.69291796],[0.69281004],[0.69266536],[0.69247748],[0.69224155],[0.69195548],[0.69162112],[0.69124516],[0.69083952],[0.69042101],[0.69001039],[0.6896306],[0.68930472],[0.68905371],[0.68889436],
[0.69314004],[0.69312284],[0.69310367],[0.6930809],[0.69305308],[0.69301897],[0.69297754],[0.69292803],[0.69287006],[0.69280375],[0.69272977],[0.69264944],[0.69256475],[0.69247827],[0.69239309],[0.6923126],[0.69224033],[0.69217964],[0.69213351],[0.69210429],
[0.69314019],[0.69312297],[0.69310099],[0.6930705],[0.69302743],[0.69296725],[0.69288507],[0.69277593],[0.69263534],[0.69246002],[0.69224868],[0.69200282],[0.69172735],[0.69143086],[0.69112545],[0.69082599],[0.69054905],[0.6903113],[0.69012803],[0.69001152],
[0.69313778],[0.69311531],[0.69308726],[0.6930493],[0.6929969],[0.6929252],[0.69282912],[0.69270372],[0.69254478],[0.69234948],[0.69211725],[0.69185046],[0.69155491],[0.69124003],[0.69091856],[0.69060577],[0.69031833],[0.69007281],[0.6898842],[0.68976448],
[0.6931402],[0.69312318],[0.69310232],[0.69307466],[0.69303717],[0.69298668],[0.69291997],[0.69283398],[0.69272618],[0.69259502],[0.69244036],[0.69226394],[0.69206965],[0.69186361],[0.69165402],[0.69145063],[0.69126407],[0.69110491],[0.69098275],[0.69090524],
[0.69313743],[0.69311439],[0.69308544],[0.69304603],[0.69299138],[0.69291629],[0.6928153],[0.69268309],[0.69251506],[0.69230812],[0.69206158],[0.69177789],[0.69146325],[0.69112772],[0.69078498],[0.6904514],[0.69014483],[0.68988303],[0.68968201],[0.68955456],
