5074
4382
1970
3473
1577
1029
1484
4582
1067
4102
2720
298
2496
4547
1249
4749
737
583
2020
1607
3411
4589
3813
3891
2588
3496
2312
2989
1940
172
2176
5
2203
1895
4113
356
4959
4092
959
127
4220
367
2715
2705
1082
173
2623
3711
4531
295
1803
2706
2856
1370
3204
684
45
2113
3403
2111
2719
3334
2582
2688
1850
3329
4848
3687
4614
2807
3659
2056
2105
2711
2302
2035
2329
2531
2975
711
4781
4767
1417
3543
644
3591
2122
2090
3462
2818
1015
3940
3379
2974
438
303
1284
4273
2404
4478
4737
3335
3516
4035
2914
4002
4843
471
721
163
2879
2242
2003
2606
2696
4988
744
2723
3642
960
5036
1066
359
3280
3140
490
4618
634
129
3233
3425
595
2845
2682
2225
1228
978
1824
1833
499
691
2791
2690
2173
326
1035
1392
3160
3421
983
3925
2155
1835
2128
4379
3950
2621
546
1548
4184
1690
2821
44
1874
3702
1531
1239
3177
352
14
2569
3965
4694
2212
3047
258
332
4697
4351
1639
705
876
3851
3815
844
4691
5029
2071
1300
1091
1192
2518
1490
4782
3985
3094
812
1177
2326
2703
806
4619
5054
3423
4754
1361
3785
3003
5078
2693
4348
4889
4010
1359
4213
2532
4570
3725
1893
1707
2446
89
3723
1775
2290
1420
4910
1188
1852
4469
1149
643
4846
2576
2909
4923
84
2434
3742
4243
3621
2591
4867
4250
2109
1314
1021
4768
1848
3305
1547
5046
1036
3138
588
2137
2656
61
3926
2467
1304
4141
347
211
248
2142
1157
2410
3089
1028
3201
747
2370
1318
4246
3299
3118
3178
2864
3518
1202
2988
3927
3485
1777
750
3484
2730
4354
1468
4968
3941
757
1578
4317
1011
776
3285
4876
1703
327
3583
944
4078
4224
2024
2079
2086
2047
2052
4422
1324
3405
4302
2574
4471
3134
1574
2756
1910
2766
4352
547
166
86
4129
3705
4083
338
3808
3772
3639
862
1894
2167
3213
120
247
1189
3607
3143
1401
3859
1442
2265
1481
1685
2224
3351
3893
2522
2932
421
1908
2240
3078
1649
780
1136
3193
3048
4568
1585
3747
1206
4416
826
3284
4091
832
609
3844
4938
3145
2868
325
3298
2297
2429
1598
2103
3954
1557
4126
1237
875
473
1847
4931
818
4015
1264
1135
4209
239
4953
2133
94
2912
2262
2842
924
387
3453
4500
2080
496
3961
2689
2865
534
1248
4972
637
3655
3156
4532
1799
4740
656
2660
3903
2034
1991
626
492
1754
2418
76
3510
3869
2812
393
1496
3172
2946
603
2379
2834
719
425
4707
3302
4573
3158
3802
318
2903
4527
4908
4455
2067
2721
4127
4842
893
1013
3564
288
2198
3775
3483
1923
3239
1357
3100
2397
4786
4960
3491
2031
897
3359
4893
3286
1877
4886
465
215
411
1119
1212
769
4942
64
1497
4474
2337
119
3922
4214
131
4259
1396
825
4985
480
4319
1556
2772
641
272
4569
109
3040
4554
2016
1478
388
572
102
2699
1258
472
1596
577
1436
3314
1218
1251
1355
2358
39
3551
916
1245
1739
4519
2562
3136
4456
4603
3628
2658
1125
717
1306
1889
3205
2611
642
508
1413
175
1949
4324
2017
766
5069
5039
4607
1132
3536
3409
2935
2945
4407
1164
2783
11
1265
4252
1411
2321
3670
368
2139
1891
392
3325
3574
3332
91
4470
1037
414
1422
3528
2204
3580
3933
3350
2636
4503
1655
1187
3599
690
3899
1485
4237
673
1533
462
2503
4322
4741
3444
2761
2863
4360
3346
2762
4299
3262
4103
5013
3154
3560
3492
1813
3969
2984
4050
1152
1664
3381
1913
404
2310
741
3026
923
1308
3605
4826
569
564
1976
554
3911
4174
4082
5008
3971
4731
5063
339
2396
1450
3865
1358
1117
4134
2241
3685
2678
1506
4216
4873
3716
669
4408
3028
3767
2808
3463
1024
1550
509
2347
2952
3693
20
1635
3784
4288
2187
3915
867
2609
4705
3066
3360
2565
1433
3514
662
815
2074
349
1900
2737
3377
2587
758
2685
3097
1761
1672
4234
4732
3809
1842
973
2383
3175
4911
4824
1320
2716
3791
1200
3700
4871
1160
3918
2363
1412
100
723
5076
4436
4934
296
2853
1750
4845
4830
3610
1343
482
2216
3511
724
3119
5071
4116
4685
3860
1720
2527
1717
4864
3967
3645
2148
3135
2798
1090
904
3887
213
740
2755
772
1465
1190
35
167
4772
4948
2362
4546
3500
2270
560
1409
2617
1555
2168
1981
568
824
4857
708
4991
663
1373
814
855
1816
221
2238
4449
4612
805
3663
24
682
1477
418
4847
4665
3428
4572
2050
1023
4377
4133
479
1711
3619
1692
4356
1056
3101
2276
1058
517
2653
890
2386
2964
3559
4650
2460
1378
3683
2258
962
1112
4862
1415
1962
1342
4311
3905
5065
400
3839
4579
1567
1049
4541
48
170
2859
92
1678
2539
2677
4400
1007
5012
1862
4128
2904
1511
3283
4325
1289
1552
3738
5089
1084
4140
697
2804
2485
2736
2556
3142
1995
879
1509
467
2149
3522
4858
1153
3150
5058
2956
4537
18
2718
3330
1836
4897
3937
3819
5014
4716
4736
2125
3406
3348
4450
3626
236
1897
1298
3110
486
3130
4561
1740
649
4520
3710
1179
4961
2604
4384
2381
1366
3814
908
3567
4511
2634
3092
149
2042
2967
106
3596
3755
4233
4516
5040
1138
3794
408
2672
1375
3787
1193
3362
1507
2642
2559
1256
1805
645
4283
1042
3121
5004
4667
1196
4624
1751
1098
3090
161
3197
3866
2335
3750
3275
2193
539
4347
2452
2941
1299
4340
2554
950
4836
4304
3835
4913
3487
2465
257
3913
4410
3595
3196
1568
2610
4059
426
284
3050
2697
4831
4257
2929
1955
4510
1643
1990
3455
83
3698
1738
528
2890
578
3030
3665
3706
1463
3430
4094
617
4887
2445
4907
3437
1665
4946
4874
4306
871
2451
1682
3443
2051
756
4921
3408
494
654
2414
491
3823
1636
4172
2843
4013
4363
4098
599
2453
4901
2077
3797
1231
1998
3185
1443
2750
1902
2659
3120
2759
4355
3641
1352
4998
3202
4827
446
2483
1151
1698
2350
3014
794
1480
147
4788
4764
2229
4653
1047
3886
4459
2320
456
4937
2763
3062
1403
4178
4656
4912
4153
2985
1094
1709
1646
2777
3410
4583
542
4085
587
2041
4370
3503
4533
2916
5027
585
2314
842
3975
3416
2994
3395
3929
548
3585
1362
3165
4604
2261
1619
3749
1819
4374
2342
3517
1979
513
5080
2893
4854
2295
4314
4033
2011
1602
2045
4047
1216
3037
2849
873
2638
97
3032
3988
4060
4703
1884
4637
1446
4566
2764
4701
3737
4623
2557
2196
676
1454
3539
1715
2492
4753
410
4206
1831
2458
3249
4992
2233
2877
3699
2166
3827
4855
5062
1768
2093
2279
4860
3001
1293
1425
3615
2566
1840
1814
3906
4160
4706
5028
4163
4420
1637
4710
3768
4944
3115
5082
4762
5044
3613
4138
1670
2992
3424
3412
648
4310
4742
1059
4980
575
4930
5087
2081
1845
2266
4142
550
1687
3457
2599
1796
1377
2712
4101
3128
3579
1191
4791
2691
1232
3996
1451
2382
3883
3602
1587
2285
895
4426
199
4157
1406
2129
1594
3507
788
1618
337
3234
1110
992
4383
1728
2930
4844
1864
4251
557
4504
3796
2441
2523
125
2389
1769
3882
3272
3744
1925
1209
1426
3998
3451
2580
1253
869
4287
2264
4534
593
498
2794
2110
4498
59
4117
275
810
0
1583
4769
5048
1162
3627
1627
2628
328
2775
2385
4552
176
1597
696
3871
2646
680
3732
3441
3241
1582
4524
5037
4179
1737
3774
2550
1004
164
2700
610
4592
715
3841
1186
4906
434
463
5084
3248
3553
101
2894
1170
3858
1145
3222
4418
2939
4165
1229
5043
4654
856
1124
4330
980
2209
559
1631
3386
69
1205
2961
4690
3818
322
4617
210
5085
1142
500
4627
1856
3974
3983
3789
4939
3164
2473
3850
2394
1052
2567
2472
1034
4217
2277
1869
1000
1942
478
984
1363
3312
2820
3889
196
2333
265
652
1735
1545
3278
2725
1973
1820
4406
4329
3811
1364
1173
54
3908
2299
139
939
5088
1389
1474
2837
2305
828
3830
2284
2012
4007
1365
4368
379
2138
461
4995
2920
3604
2091
4626
3989
1346
2581
2943
98
1340
979
988
3277
4903
3512
3383
3214
2508
126
3963
252
413
4585
4415
4200
23
2796
4488
3728
5042
4232
1341
751
1493
4518
1924
3486
2002
3848
4460
967
1562
4712
1385
4441
1731
3669
5023
1773
606
377
2848
2319
455
5047
3467
774
3033
2579
4880
4729
3914
4840
4004
1501
1334
2425
3027
2076
1154
2250
3029
4109
964
3793
4594
3024
3209
3341
1888
451
1296
4599
2546
2376
4428
4405
4320
1879
571
2891
4642
1329
1297
3075
3211
3661
2174
3017
3992
843
3008
2780
2769
4255
3242
3717
817
2120
4868
4792
3902
4009
4025
1146
300
3757
3433
3011
760
2283
264
1732
4932
266
3544
1161
1734
1470
2534
3984
37
159
2044
3055
2563
4030
4387
1096
3063
241
1795
403
369
1726
3192
2493
4969
4757
4019
2694
3477
2244
2892
2300
2831
865
852
4434
4563
3709
3657
640
4943
4375
1331
2625
2876
4336
2847
1633
2323
1666
887
4175
1184
3805
3526
4308
1673
3875
532
889
4613
4149
358
5016
1369
955
997
694
592
1074
78
3340
2461
49
4702
82
675
693
3729
4396
1689
4720
237
53
229
767
3133
1316
4508
4124
5030
3131
3779
4276
4444
4357
1899
791
2855
2433
3282
1866
3415
1213
31
3746
4894
2153
4945
3137
3884
110
1279
390
3662
1063
3468
4181
4977
1466
1882
1195
3198
1829
3782
38
4376
4726
4933
1001
947
2287
2958
3696
3036
2735
4135
2792
2782
350
1667
5034
598
3881
230
2411
1360
1992
1182
3751
4404
165
4300
2438
4256
3677
432
1018
998
4189
4885
3194
3879
3399
2101
3466
2615
1883
1675
1713
4026
1964
2161
454
909
373
3812
2747
156
1121
5005
647
324
3558
4409
118
497
4743
1554
956
5007
481
3566
3043
549
2640
1870
731
2934
2799
2255
761
1176
3162
4445
885
3015
405
4778
3616
1156
1626
154
3923
1575
2553
834
522
1532
872
1892
4432
3504
3051
2375
5056
2217
4770
4221
1907
2269
3910
153
3524
2811
3788
5060
1107
3307
3229
3317
591
2998
4077
336
3074
2239
970
4622
2407
4696
1432
460
4049
1464
2121
1204
3995
3936
5052
3548
4924
1416
3358
4392
2178
27
4289
1219
4123
3912
346
2570
1257
3652
1031
1758
2388
3125
903
2455
702
3838
1818
2215
3
2419
2437
552
1080
3846
1275
2983
1590
2910
2082
2469
1778
3556
4042
631
2695
253
4412
3972
2516
2558
1215
507
4714
412
1043
4472
4821
70
4062
4590
2156
4466
2280
2825
4037
1658
1873
3438
4735
1780
563
4925
3565
659
1430
2143
2607
423
57
981
804
32
4228
3117
2366
1553
3161
4658
1605
4978
357
3826
2612
4494
4758
3970
807
1975
4602
2797
501
2293
240
2969
2172
728
3658
2232
1243
1172
1379
940
4672
2349
104
4024
311
3247
3994
3114
5072
917
2500
1622
516
1255
361
2112
4263
4779
1755
2317
174
2252
372
1328
3323
3631
836
4182
2063
2937
2145
2652
2547
2306
3460
2900
4818
1772
4425
4152
2226
1085
3357
2684
3849
1826
911
1367
4723
12
4482
4915
2158
2069
5049
4465
2584
3877
4869
2542
4557
4635
886
1718
4327
2150
2253
1498
3039
2357
224
2391
2332
1604
308
1380
2757
524
5000
1350
914
4479
1523
2251
4096
187
4490
3064
3598
3684
1322
2228
2475
189
2878
4185
3129
1103
71
3831
2509
3770
2107
2256
2649
773
2387
1529
3219
4669
2637
1141
4106
2648
3102
394
2165
689
4156
1857
2913
4073
1397
193
1724
3734
3612
1295
307
4367
2664
67
4238
138
3434
2979
1839
3878
4079
2061
4605
3834
2981
3103
3509
30
2844
2724
1174
214
4435
502
3469
847
3765
3673
2880
4107
3541
1588
4522
2995
667
3909
232
3478
1987
4034
586
3221
821
4951
4668
2839
3107
4962
1629
1652
1524
4638
2902
1431
4120
2273
1118
1674
3576
1592
4976
3525
3292
619
3900
1650
2589
3044
3070
1793
2530
1999
4203
1252
850
150
1938
1841
4899
1551
2471
3261
3464
4285
3625
894
4262
2673
2767
407
226
3783
68
2850
2537
4475
3259
2596
3396
3042
5026
2662
2838
4553
918
2184
4851
3168
3864
4027
3730
4021
1544
1327
290
597
4242
4809
1338
3549
1126
2908
114
823
1116
1167
4733
376
1808
4074
941
4244
1645
1292
4424
2907
4023
4032
3676
733
158
582
3600
2670
3069
2075
2732
2378
1128
1079
1576
3801
1570
2529
464
1905
1580
330
3523
3054
4965
3407
615
4777
4883
3374
915
1680
3945
1281
4688
2692
4981
4892
3495
536
1916
4902
1800
52
4366
4597
3955
3951
5010
4832
262
3071
3375
3188
3270
952
681
2950
2671
3489
538
2498
3854
3238
3470
2318
2982
4493
268
829
2422
1657
3366
380
3361
2573
3979
1828
2443
535
1786
333
103
2401
4633
3254
2365
2742
5035
2213
4274
4795
157
4235
1122
2245
1271
1927
1225
3648
1822
1102
4227
4852
3668
3494
3499
716
906
4513
543
3126
4333
3449
4693
1010
2731
4279
3527
683
4964
4183
739
2450
3617
3930
1274
2447
860
4489
4674
231
4452
2519
391
1203
2059
459
3122
4550
4204
2561
4195
3045
4676
4191
4577
2928
1684
207
1183
1181
655
1909
2830
3224
1330
4194
3964
3845
816
3105
4017
3870
2669
927
2752
304
2789
4652
1747
4046
442
4044
1262
282
3216
1168
1100
2740
2887
168
1503
4750
2760
2919
1410
863
79
3431
883
3336
2029
651
1855
1440
1854
5057
4115
2457
793
1288
1022
668
948
2906
4344
4810
3874
4222
1382
2608
3821
212
4596
3288
2234
706
3155
2292
2053
354
1150
2511
4598
299
2417
4872
1668
2722
1087
1696
742
3274
3800
1429
273
453
495
1797
3344
1467
4813
2551
901
4761
2734
2898
116
4069
2779
2947
278
2197
3258
2819
5064
4245
25
251
424
2494
4724
1404
3530
4506
2786
121
4110
986
4270
4971
152
4865
3761
1282
3538
4505
1791
40
990
864
4853
2415
3301
4760
4280
695
1906
197
2803
3390
1351
4817
2315
1483
567
2520
1694
112
3532
4805
2449
3493
994
3364
3300
3653
674
3987
1238
877
935
1003
33
1986
4307
259
2426
2784
1609
3799
3085
3294
594
4800
2744
1804
2708
4615
2488
1143
1050
1038
4776
75
3727
2353
1267
4296
2190
2872
661
3836
277
3268
291
558
3448
4765
1776
1766
925
401
1996
4713
406
1599
600
3269
3956
3872
4443
3597
4544
415
1435
957
4837
601
309
1006
3184
3153
4609
2248
3456
1625
115
3682
256
2951
4349
3529
2307
4358
1983
4888
1211
1929
1475
618
1890
2119
520
2824
200
3480
1624
2062
1109
4966
3690
2507
5031
4492
3949
428
58
2364
484
4535
1336
779
3199
1368
650
2624
1620
1712
835
4759
1419
1020
556
419
2294
4954
3210
4721
1919
505
4111
4397
570
671
1787
1613
709
3824
1092
3731
344
188
1617
3542
3675
4014
4350
4201
3139
2072
4581
4240
223
1185
1628
4290
1956
2118
4539
1224
2905
334
2885
3400
4584
1946
4641
3832
1395
1335
3427
4146
4122
448
1488
929
77
5061
1763
4121
521
2380
2654
4485
3116
1199
4909
134
3764
2630
1994
1226
4835
1499
1648
2001
4811
3420
2602
2374
5001
1571
4695
1939
504
1922
1372
4265
2157
3623
443
3587
820
1858
3385
2246
2021
4515
107
2345
1767
3760
3928
3798
3013
3190
2931
974
3697
2408
2202
3629
4833
1860
1960
2243
2545
919
4640
2888
4048
203
4051
3991
2884
1207
4645
1247
3081
937
3452
1537
142
4700
4556
2147
3339
4371
3260
5051
2393
124
3152
1904
3218
4825
953
630
4334
1647
3981
841
4565
1044
1784
385
4399
4186
441
1543
1959
1984
2463
2263
4199
4318
576
4
2851
4644
759
3072
623
162
2159
2997
4381
4780
4936
4679
698
2965
704
194
4987
653
1453
1943
3369
700
3704
1789
3953
2402
3672
1458
907
2795
2343
3010
525
3695
888
1009
511
3265
5073
1381
961
3680
612
4271
3018
3345
2028
2026
2528
3651
4100
775
4575
551
3726
1641
3471
3208
3806
128
2083
2594
2006
1807
3432
602
4877
4411
801
409
1810
3535
3012
1099
811
4636
4634
1114
4145
4548
3276
1040
85
4080
1134
3876
4574
4431
4904
982
692
4926
5009
3060
4497
3575
2304
3108
1969
4022
782
4727
2942
1462
2927
1941
4071
2200
945
1863
2338
2957
3418
4266
4525
396
2986
2104
3236
1242
4628
4169
208
2915
181
1311
5015
2895
108
4453
4440
3686
2726
1601
4337
2601
2466
896
2068
363
2817
1017
316
3232
3614
946
3868
3318
4353
783
2544
1861
468
4783
620
2948
4055
3999
2815
3907
5059
553
2603
1846
3228
1748
2288
1083
4260
1741
1918
1469
2088
1414
4680
523
29
3833
3488
2543
2627
51
4856
123
3180
2254
3309
4335
4390
2987
1070
1640
900
2555
4517
2770
4291
3095
4388
2512
4097
892
399
2897
596
4437
4841
19
3743
3589
4099
3246
1339
2183
2517
3052
3733
5006
2136
50
96
374
2938
1676
292
2030
2373
2875
4662
3588
15
1518
2966
2435
4151
4919
4530
1513
3363
3919
1315
4045
4949
1444
2009
218
270
795
2102
4315
2169
4378
2188
1978
777
151
1400
4722
3578
320
2392
3593
1512
3079
1788
3173
3163
555
4545
4417
1538
3664
2096
3088
2235
3000
2423
1762
209
1394
4483
2524
3916
1865
3287
3146
1911
1027
4608
195
1078
2923
3367
3112
436
26
2702
4850
3426
4979
3609
3563
2046
660
2993
4763
3148
4150
2790
4447
1963
143
2917
183
4689
1837
4896
4219
1437
2271
2478
1853
518
2406
1686
132
1424
969
314
902
111
3666
2154
4403
3803
931
4611
370
4168
2575
4020
4974
1721
4476
765
1294
2778
1439
3689
1254
3990
677
4448
1198
3387
1614
1057
4958
2403
3898
4771
736
3703
216
3853
437
4521
4571
3810
4231
2840
1700
4321
2132
529
4828
4929
1032
1516
2124
2826
4812
4177
1659
4054
4036
3741
4807
1491
727
1561
2860
3170
2560
4075
2977
351
1106
1041
2134
1716
117
9
2211
2968
4331
319
827
1745
184
1129
435
1901
4941
3169
1445
562
3009
1559
703
1310
2005
88
611
4278
545
2813
1060
4084
2996
3191
1459
4578
3124
329
1977
5025
3571
155
1033
1144
2098
293
4861
2963
2431
607
1448
1272
958
3771
1517
5021
2499
2331
5020
2296
2571
4136
206
3736
1679
4866
4192
729
3106
912
3127
2639
3608
2911
2036
1693
622
5067
1240
3667
4309
3762
4814
2491
3474
2369
3714
1849
2334
47
4305
3924
1600
1798
1790
4339
1661
3630
1286
2686
1972
2823
4043
1270
3766
4823
1896
3792
1171
3978
2298
3533
580
5081
2822
249
4947
4413
3378
1881
1565
488
632
898
5003
72
74
1287
1163
3327
4345
1876
2384
3671
4718
2341
639
2657
971
4698
754
4429
469
3303
433
2291
1760
4793
3147
838
4999
2259
1815
1108
1197
289
2970
2633
133
4223
608
1611
866
2739
2208
3577
4419
397
4620
3459
430
2340
1623
1302
3343
2049
2525
4678
1542
4994
4148
3333
1101
5068
135
4671
87
1792
1546
4588
1934
3257
734
713
2505
4562
3384
280
4211
1077
1823
219
3638
458
2014
3093
2680
5079
2667
1333
305
4052
4990
851
1616
90
3271
1399
43
2632
2420
1871
4798
4277
4236
2962
3837
2597
3739
4065
4442
2521
1178
4463
2032
670
2117
2614
4040
2141
130
3436
657
616
1851
2361
489
4457
4975
4458
1944
589
122
2462
1993
786
4499
5019
2593
878
1756
4751
745
503
4600
3320
4536
95
1383
3025
238
4905
5033
1651
2874
260
4272
1961
416
1765
2990
1120
2131
4292
561
764
854
989
605
796
4248
2883
5032
2054
3590
1744
1867
4313
3756
1349
3901
2179
4794
254
1081
3917
4438
1843
5024
3337
2871
4967
3447
355
3373
1356
4008
10
2322
180
3515
4225
4230
3065
2087
1233
1175
3534
2019
665
3445
3020
1476
1441
868
2600
2944
4161
540
294
2206
2175
1677
613
285
4012
1250
3435
3349
2470
936
362
1706
4188
3993
4687
3502
2236
476
1048
800
1344
2126
427
2354
2474
364
1127
4632
699
2004
81
4863
2480
4683
3745
2328
2436
2741
1045
4365
2309
3151
1278
2327
688
3863
3263
477
3338
4056
160
4787
2151
1549
3550
3829
2484
4797
4808
2515
2313
3786
3501
1276
1569
2785
574
2655
4451
2078
3740
1113
444
1746
666
4881
4180
1222
1572
1261
3038
1514
1500
899
4196
366
1089
3235
2084
2085
2954
3660
1165
276
3328
4529
1325
4629
141
1921
1438
4090
1263
4275
146
55
3980
1872
4269
3807
4066
5038
1354
4253
3006
3144
2787
1227
934
2185
768
2800
3315
2351
1285
457
171
2043
2577
1155
3573
5077
1520
2583
2959
2661
1653
4785
1260
2622
1268
3354
4193
2070
2282
4473
3255
2675
4708
234
382
3322
2862
1259
1061
3952
3934
738
4343
859
4538
2832
566
4900
833
2585
3656
4130
4838
3947
4890
1612
2713
4558
3618
1095
3754
2191
4143
3096
177
2666
4918
1073
4997
3372
2629
3513
4267
3804
4058
1390
506
1759
3087
752
4719
105
2099
2195
3266
4086
2311
378
4755
2018
2115
4167
1584
1472
809
315
1878
1536
1234
3759
3720
1111
4875
2064
1223
1671
762
527
1832
1957
4898
2237
1486
3843
1273
3572
2495
2316
2809
3701
3195
440
5086
274
1615
4630
3296
4663
2022
4586
3957
3053
3080
3552
3570
2679
3508
4595
1522
3417
1388
4385
3365
4284
2218
2223
1743
1521
2647
4139
3226
3606
4540
3603
2308
4446
4766
4063
3896
3186
343
1139
475
3958
621
1997
3820
381
4001
1710
263
4879
3712
2192
4560
1827
4699
1770
2668
225
4249
672
1903
4173
417
1958
2626
3293
4681
4983
3019
4202
2476
840
954
4239
3472
3633
4486
2210
1730
3310
1785
4917
2698
1039
3715
1326
2222
22
250
2788
930
4631
2025
4316
4215
2464
718
1621
2027
2274
4549
4070
2278
3479
3862
2590
2477
2189
3319
4773
1809
921
5022
1982
3380
624
2405
4677
3371
1719
1241
5083
4816
2000
3295
3446
1014
56
348
1801
483
3713
1971
1402
3962
2922
2793
3046
2430
2482
3944
4158
66
2728
1408
4882
2882
4891
1064
3401
3252
2901
3035
2816
4362
730
3439
1697
4072
3890
2949
2814
3966
910
2182
3920
3022
3250
4212
4372
1783
4834
4398
179
1573
3545
3620
4528
2620
1105
2533
4018
1950
4159
2940
3679
3581
3422
2214
4745
4394
881
5018
4804
701
3179
3023
4526
1104
4606
1947
514
3840
3546
2960
2164
3594
4815
3394
2352
3959
3537
3267
2377
4748
1072
2339
1269
1705
2409
1319
2100
1016
2039
198
3413
849
2618
3243
635
1560
2140
4164
1817
1166
3290
246
4207
633
3049
2230
1812
192
664
2549
2346
4657
3505
993
4089
2683
3758
2835
1564
2616
1736
17
4155
4205
3398
2663
371
2163
2114
2008
743
2729
3206
2348
1701
1930
1669
4093
2976
4984
2395
2513
581
1055
2207
2456
1123
4789
882
1688
3289
1581
4297
579
2631
80
2073
5011
375
4421
3171
3465
4728
3852
3264
