916
1048
2753
3339
1386
3875
4946
692
2610
1451
435
3737
325
1672
896
2476
4020
3080
4697
768
2843
2081
718
3426
631
3159
758
4712
509
2622
394
1062
1083
2902
1308
4308
1618
1195
922
1430
1379
1286
1824
1678
2778
4856
2259
3962
5071
2648
4761
2024
155
3492
2478
3607
3479
2283
260
3674
4117
4929
2606
4122
3267
2905
4432
3171
2649
2893
3358
2496
2733
29
4816
3791
5064
2844
5016
600
3214
3291
2411
2731
995
1519
33
4395
1345
1838
4739
2853
574
3860
4034
3670
609
4664
2040
741
606
4458
4661
3515
886
3807
655
3521
3889
1643
4624
522
4444
698
864
2641
762
95
2579
2940
4338
2309
774
1172
2425
1149
2477
1955
3247
4143
2269
1567
1025
5086
863
3602
3986
2828
2494
4186
160
60
3840
3621
507
3182
3245
3617
2121
2835
3113
2981
2921
171
3282
4911
4048
1211
299
4960
3953
1855
4829
5043
2135
566
402
3548
3048
1136
3982
1745
2118
868
3549
551
2975
953
2252
552
3916
3450
3595
1157
2695
4362
580
4864
4879
4522
4232
2897
3961
1817
320
1230
1263
4197
719
4997
3103
672
4709
4396
2107
4959
5014
3064
1703
4517
1670
4324
4887
2200
4065
2546
2438
3849
2732
4188
2445
2004
890
3799
3274
2490
4205
46
1439
2311
3268
4758
4819
102
3028
813
873
2109
4916
688
1162
1437
3323
3239
3331
3046
3834
3101
3689
1311
2482
1702
2515
2035
3035
2288
4175
4230
1416
2663
4208
2043
649
2149
4039
3139
3772
3405
729
3364
2676
3876
516
3718
2038
4972
2229
544
4035
3061
3692
4055
683
764
4448
3677
377
2036
433
2316
4347
135
3766
2272
1275
4403
4622
352
4471
3190
2728
2623
1879
1023
3545
3132
3118
2116
3322
760
2612
4836
3359
1483
415
1751
573
1690
1737
4612
4151
1358
4226
2458
2747
4031
1191
4463
2202
1930
3863
857
4263
2948
1511
3444
3071
1862
2175
4399
4919
217
4061
3639
5024
2744
5036
2348
4488
819
1397
3369
2829
2827
493
4614
2749
755
2273
2609
4434
284
1658
3395
935
1639
5081
1812
2906
1680
4695
3403
1337
2314
2342
4737
4800
4500
257
3687
3286
787
4789
2398
3233
4289
784
4828
2765
2187
4450
1744
2102
4868
3121
3149
4134
75
1181
500
3294
3539
1662
1058
2466
2238
586
3003
1253
2750
785
2516
1676
1875
1039
1922
2652
3085
106
2529
4817
3161
4016
4286
406
2063
2299
1250
1805
1242
2785
2625
2067
806
4773
1110
2274
2085
1610
3579
4509
4683
795
5056
2358
1225
272
2960
1821
4218
4387
35
5080
81
4564
2394
2042
1085
4630
16
4203
2096
4925
878
554
3940
2651
2428
3695
694
489
4037
4330
727
2991
4351
3243
4857
2199
1688
2706
1568
1014
1050
1595
2567
1059
4642
4174
3463
4024
126
1222
3414
4217
2804
3279
2472
2207
2874
1143
682
3844
2925
1215
1109
3237
3760
636
4901
3552
3786
140
1764
4257
4892
1291
978
4706
3186
1775
4407
1409
4216
380
1438
375
4588
5030
716
903
4981
1344
4689
432
1167
4742
1436
1293
100
4071
229
3848
1886
3126
3538
1471
1698
1158
3302
1537
3024
1130
3658
3328
2218
4907
3908
3551
775
2707
1586
2303
4896
4284
3771
2659
2181
4818
2257
1599
4854
1921
261
2852
1804
2511
441
3336
4274
1140
4653
4152
2593
1569
2405
4704
2637
1612
569
3016
1815
4290
157
147
136
370
2738
525
3896
3129
3703
1818
1626
3467
1819
2705
4264
1307
2089
2492
3076
818
2933
1644
3052
1377
3997
4456
3951
3032
1845
1961
3914
1341
1686
2887
1201
2431
2317
1902
1035
1747
999
1493
3900
2216
4511
4677
711
2876
2675
2388
4028
5084
1400
2467
1636
1927
3000
4762
3582
1137
4893
1347
1488
3280
457
3255
2125
3735
1897
1019
4749
3922
1920
4170
3453
205
710
2604
1778
1660
2176
2461
1387
3943
956
1861
4869
2528
4139
1134
3854
3879
4354
4977
1192
3993
3780
1240
3409
3312
3501
1383
3726
4967
2194
1543
4611
4359
1899
666
127
4618
2000
4855
4948
5070
5083
3808
2938
1092
2080
2741
4245
2460
2465
4120
1453
593
1117
674
1649
2979
1303
5088
749
1868
4824
3839
520
4987
3527
3185
3950
853
3249
4166
202
2140
3956
3853
3044
3489
470
1873
3806
1065
221
925
4326
4885
2982
2208
3106
3970
4785
913
2973
983
3041
1550
662
2668
1916
5006
34
1216
4291
5069
679
2572
1233
4863
948
560
808
2209
2049
2356
687
1094
2803
130
2501
2489
4296
790
1808
173
1741
3543
2815
2563
1938
3631
3001
3503
4085
2507
2708
4580
3865
2205
2117
3020
96
1629
2878
338
3575
1223
4189
3654
1214
3240
3577
3519
3184
4213
1021
3508
1621
4638
1735
2688
4154
1980
444
315
270
673
2268
473
2917
4657
4283
2502
2212
4567
3777
3307
947
2097
2069
396
3472
1445
3194
1061
2071
4093
1067
3410
651
4643
3778
776
2956
1717
4440
4634
300
1426
815
2246
3311
2094
4540
2514
3241
3763
3207
2328
676
4895
1496
3466
4103
1719
2578
1905
992
3181
1122
3402
2798
86
3400
874
1971
1097
3996
844
748
2770
110
5062
4736
3610
3526
66
1984
3659
2434
1548
3224
2022
5087
675
15
4136
3150
4049
1168
2978
2946
4241
3165
3117
2795
979
3192
3496
4799
1574
2152
1809
4238
4969
973
1421
3569
3598
1988
1349
4363
1280
475
4277
4379
2403
2393
2361
4220
4023
1243
4628
4978
1450
4323
69
3923
3098
305
4084
3681
3043
28
2894
3781
4837
621
3059
2195
1080
805
57
318
3202
158
3015
3811
917
3866
387
1237
4574
3140
4109
3313
4554
986
2162
1730
1285
2203
1572
2801
4684
4970
3373
5010
3042
4156
208
2686
3356
408
3643
374
211
4746
1081
3935
3998
2861
1502
3228
587
2178
1367
2002
1906
3211
901
1447
1228
2687
3415
4543
4472
4141
4247
1188
2008
1966
1199
2384
4771
855
2576
2052
1800
121
3514
1624
3719
1635
870
771
1833
3963
5028
905
2550
1898
4212
2644
3025
4756
1560
323
962
5
5072
2189
1327
2881
2075
4419
420
2270
3275
3006
2554
3338
2634
4834
4932
2037
2868
3383
4138
4561
2947
4681
1271
1732
691
3905
4521
1086
2813
3593
3738
194
496
3204
421
3316
1189
39
1499
3471
2577
4090
368
4913
45
4815
3823
4557
1637
4607
1839
3534
1108
4255
385
2781
1077
3673
4957
3168
3825
851
3175
4476
3558
5078
3619
811
3832
3077
4193
1566
4086
1985
2160
2907
563
92
4625
1255
3419
2381
4796
3084
345
3973
502
3728
168
881
2329
2761
4889
3628
2879
4757
807
3852
4454
164
3039
743
3762
4292
2016
2442
2163
4700
3371
4075
4072
2248
2968
4934
2503
3257
3667
838
2664
3779
1893
4392
2756
310
3143
438
137
842
1427
3088
4076
1684
565
1266
1990
3775
4344
252
2185
4518
2417
594
1489
4009
3425
3256
1390
888
720
2584
601
263
56
2888
524
2548
2313
3710
1441
327
5007
123
319
1718
49
1038
4027
369
4130
3452
2775
3782
1689
3446
2581
2250
1748
1306
4497
4415
5020
3829
1830
3583
2260
1268
4433
1919
2875
5032
1900
3909
1941
4383
1978
3296
2350
2629
4371
1945
928
845
2992
2030
392
1939
1552
4597
466
3435
2172
2966
4307
860
3921
810
4779
4370
1320
4993
2643
2932
4365
4950
1049
425
364
1786
3641
4524
4578
1694
1681
2797
247
2228
1217
4412
2372
2600
1319
4119
2427
114
4986
1895
4475
3172
3597
2617
2351
646
2838
3153
782
1273
2355
3263
4763
2739
2223
195
91
1584
3957
4041
311
899
4593
3219
3222
1714
747
1111
3657
740
4537
498
4135
2858
2421
4484
4884
4890
3800
5082
4767
3104
2247
944
3221
206
3688
2573
2110
2849
1647
4010
1825
454
2865
3447
446
966
3862
1788
2957
3979
2735
1593
3030
4668
4780
2776
2415
4113
909
4805
4563
2774
1360
2245
1651
1381
4268
1082
1731
460
2005
843
4549
2281
359
831
330
291
4853
1867
3424
4140
2534
2971
2697
2439
2588
2566
1315
148
3694
4168
3758
4480
2560
2806
1795
2363
4485
1573
4042
27
3690
3550
4390
4054
518
94
1204
2986
506
2962
1640
1460
296
4692
4584
3037
2882
303
2265
3969
340
3305
712
2301
2099
3890
1888
3913
2354
4339
2517
4266
1044
1178
1297
3630
2418
658
4731
3133
3377
3119
1372
3484
1557
1105
3281
2656
3626
2673
458
4153
1564
3462
4498
2031
3731
4944
2895
1457
1041
1792
144
2597
2129
3518
2633
278
2638
363
4106
4288
277
2003
4236
4650
848
1530
4295
4270
1440
264
1673
663
1165
3872
4273
108
4881
772
1831
360
3138
2719
4921
2182
2359
1249
3230
4942
1333
514
3189
4747
4649
3455
5059
1159
4866
1726
4006
4279
547
4955
2495
1363
4741
809
4293
3295
1466
1878
3396
4732
902
2184
350
4516
1389
4064
2904
4314
908
1659
4334
2444
4968
3390
2854
1352
3576
3532
3007
1793
2796
116
1510
2108
4809
2918
1055
3340
2180
536
3623
4678
558
657
1944
1401
804
214
3318
852
4413
4137
354
3441
3883
2433
598
1590
4753
2254
2221
4539
2967
3975
2
3423
3434
73
3624
1771
3945
4404
4573
3553
2346
1431
3878
3180
2997
3151
4262
3846
924
4527
2156
2276
2331
2486
1503
3324
1289
4161
4912
372
3891
3136
893
4318
67
176
732
2679
4408
1733
3325
1667
2092
1533
2598
4237
68
709
4474
4452
1846
2377
4194
2196
1145
549
2044
4755
61
4774
4730
4116
2230
1495
4748
3615
55
2818
4905
5057
1882
1904
3366
2721
4221
3927
3711
3533
4382
3070
765
1254
1554
1343
2556
3038
4551
21
17
4260
405
965
837
4945
3254
1505
4397
1991
2406
2615
3097
4229
3584
3110
1828
4713
2284
1937
836
3287
3431
3622
4462
232
1005
4575
4801
4163
1501
2926
2920
1776
19
2574
3587
4842
2715
413
159
3476
1563
4586
2826
356
2138
1772
236
3893
204
53
4616
2977
2500
1229
1603
337
1123
3277
972
4345
4874
3616
957
4160
125
3789
2219
4025
4587
2322
1623
3087
4599
2580
4424
2233
3769
3432
401
3547
2692
231
4082
2820
3910
4553
4060
2900
322
3157
112
4352
1683
1622
2318
3937
1325
1559
430
4606
4018
3668
4421
839
3082
2789
2583
648
1972
1529
4147
3756
1053
3821
696
885
2025
4999
384
2587
445
1231
2387
1034
3958
1687
133
2453
1844
572
3512
2186
4200
1525
2661
4003
1736
576
222
2699
1641
919
958
2810
777
2886
1813
4073
4542
1384
1429
1150
545
3604
2078
1224
2481
1940
4979
4615
2964
347
1052
3147
1616
239
4447
4105
1866
1434
1880
1269
1965
4850
3757
4223
3838
3555
3915
2020
4364
1798
2942
4303
3578
1066
2590
3981
4707
1602
178
608
2114
982
2319
3160
960
792
336
3081
1235
2527
1526
2783
4880
5009
581
5046
1114
4013
1107
4195
763
132
2131
3653
1418
4461
1760
2915
4751
4835
2891
4202
3568
3720
3293
4603
822
4851
4477
3292
1865
4530
4398
65
5048
2833
464
2524
4126
1521
2701
113
4720
43
4897
478
4903
3290
618
1328
306
3784
2034
4336
3062
4632
4646
632
3397
2357
3824
4459
3474
4601
2437
3058
4271
3761
1634
3198
1449
4910
346
1120
4000
2179
3259
2264
2375
3663
262
3620
717
295
1562
761
448
3027
5051
2282
2845
3646
4097
4708
434
2487
820
153
532
4132
199
2263
2302
3391
731
4311
1323
209
1022
2680
3729
2402
1816
690
1245
1350
826
1274
652
619
1768
4878
4331
107
930
538
4666
4594
118
1425
3155
4701
1979
4276
3739
2059
998
3158
179
2450
451
80
3321
2934
1074
213
2884
3671
1152
2553
4591
4672
4386
1777
2791
3089
4843
4838
2098
4918
1929
669
490
2112
1433
4329
4927
4982
3054
4309
4261
4180
2908
5042
4994
4342
4121
2294
2367
2126
894
3197
5035
2023
2396
3513
2533
3680
4971
3833
3669
1949
1414
3629
4265
2575
3368
1073
4852
4171
3051
5045
4765
2759
4425
1522
4050
607
4125
1535
2325
859
42
3099
416
388
1174
156
3988
381
3858
3382
3980
2308
343
5053
3594
4936
4219
2144
2919
4490
1890
1314
2076
187
1962
2626
3707
2198
3793
4840
71
4204
2811
3701
3142
3458
3329
778
2714
5058
4278
4056
2685
3801
1378
3693
4794
3367
3742
4441
1840
188
2723
997
3420
4104
907
2236
4402
2954
1924
59
721
1369
2456
3393
4002
1419
2026
82
4849
481
2736
3912
869
2452
5049
1407
946
3933
4066
1918
3375
4823
1262
5066
3213
4357
4112
1392
892
2963
3468
163
4738
4519
3898
5021
4873
3897
1141
4128
4429
1663
4605
3167
4998
2150
2275
3427
2864
2399
2220
2475
1175
398
1412
215
3235
4004
197
4478
3066
2872
3857
1357
1720
1477
3977
3727
3948
275
1909
1469
248
4951
4703
744
87
3802
665
2334
2451
3449
794
4007
1154
667
4941
399
1304
4702
2111
2709
1361
2297
1973
1589
316
1227
1609
3029
2526
1342
4541
3790
2369
4891
1725
3812
4088
3733
4958
2993
207
50
4019
4660
1774
4859
3816
3952
1219
4583
4080
4691
3971
3596
3810
3589
850
1374
2605
450
4350
770
287
726
4991
2242
990
4074
840
2607
4267
3861
521
3590
4729
2225
101
3749
4177
783
3573
4242
4974
1182
235
3744
4826
2145
1791
3460
876
2073
3341
5047
3614
3079
2061
5026
3438
4696
904
2842
1782
4965
169
3899
1810
63
4209
1218
1936
527
2058
4479
1133
2703
989
1854
1856
3349
2047
2048
2095
4682
2333
4529
1478
3901
4804
216
4813
4825
3381
1252
3926
2137
3357
654
2972
3315
3960
1597
4045
3697
484
943
1365
165
3457
867
4964
2090
3650
4902
1527
3648
2724
348
3955
480
3869
292
5017
800
4502
476
4406
2848
4333
4791
2669
4565
3813
670
624
1370
1571
1068
3412
1095
4361
3768
2922
167
4839
1881
4651
3187
1454
858
1613
4754
4482
3635
3272
4861
2846
1691
3787
3386
1518
1849
3609
281
1587
923
90
1116
1373
633
1432
578
3146
1520
1708
3995
3557
2602
1444
2856
1657
4956
2627
487
2762
2773
2983
3141
1952
3176
2295
701
3700
2493
2549
664
2694
9
1042
2101
1403
2841
4376
4831
4030
4687
3831
2290
994
914
1770
4341
1872
1942
1987
220
3968
2128
440
4416
2595
3565
3618
2611
2332
968
4315
2525
1913
371
2519
4953
2880
492
4792
238
952
2385
3542
4244
2441
2674
2683
677
2618
3855
3826
3269
4473
541
2601
3509
4322
3199
3814
3250
3522
2538
3266
331
2100
2383
3939
1356
1884
4123
1063
555
2608
736
146
4505
2130
2366
4675
4546
1608
4438
1060
3722
3556
2958
1144
4430
2889
1016
3408
2046
3482
2832
2279
1473
2742
2312
3835
4535
2068
3525
1578
4228
3193
2226
3334
1594
2344
193
3343
1424
1675
3517
2591
437
1669
4335
2337
2455
1696
4210
290
4110
3725
5054
4665
1206
1295
2141
495
1653
2083
1542
4787
4070
3019
2782
779
1654
1531
2251
4224
3625
656
4821
3947
2010
427
4608
3882
617
249
3752
759
650
4159
2234
793
2391
542
3797
1661
4718
2800
3892
2065
724
3261
2544
610
245
1989
141
3154
738
620
4985
3226
2754
987
1260
824
1780
1986
1685
3010
3388
2480
3633
4005
4620
3067
1762
1925
1860
3487
3284
3135
3134
4029
174
389
1581
1998
1177
3566
1848
2551
2170
3874
3845
3002
1504
4017
26
2693
2613
2436
1296
2869
4798
4996
4633
3251
3546
3911
1911
2944
447
1974
2051
4079
3083
2070
3473
2863
1506
1591
4114
4555
752
531
2132
4243
1075
614
4865
4514
41
4044
3156
1633
145
298
1596
4536
1561
111
3191
1142
4988
129
1208
477
3102
3644
2224
4724
4923
227
1701
4550
950
2345
1487
4772
3298
4652
4595
5029
393
3036
1656
880
1354
2280
2520
3205
900
237
3265
2945
3662
3747
604
2710
3021
4169
1410
4669
3511
2961
825
2571
3723
1336
1299
3537
4613
1915
4845
4053
942
4544
1707
4962
1783
3572
2552
1040
4306
3477
1282
1408
1950
906
200
4100
5005
1406
2032
589
4198
355
535
2931
1009
4374
3217
4353
2910
2812
1265
103
1934
3227
1994
2066
812
1008
1715
271
4534
1119
4391
1180
4470
3740
44
5061
3354
3078
4626
4938
3406
138
1859
1885
2306
3919
2965
1781
582
2139
4768
3332
872
548
1933
814
3273
4648
4487
4400
4719
2518
2074
5013
2168
2779
1794
3642
3122
2616
2646
6
1739
3601
4155
991
951
3649
2624
1907
1417
1883
2343
895
1806
3413
1326
2903
4894
2927
713
3708
3436
4512
317
2305
4191
4328
341
1705
1910
3685
2698
976
2665
534
2639
4822
4769
279
3309
2416
4127
301
2817
3873
5039
2569
912
2133
938
3884
1981
3902
2012
282
1011
4298
706
1605
23
1700
3847
4585
3867
4384
640
3144
4248
2277
4670
715
3361
3433
866
1513
4538
4963
4405
2892
629
1820
2831
1472
933
4656
4092
2021
643
4118
294
723
4063
3248
4904
1331
3347
2631
2757
334
2413
62
1858
1462
4036
4372
2807
871
4150
4750
2420
4211
3094
1630
3559
1018
3991
3510
3348
1746
2011
3493
3379
2996
2323
439
577
2222
1324
1486
1976
637
2824
642
1474
40
523
3716
1423
3469
5012
1098
1088
1334
603
1481
3130
898
293
1339
2142
977
3717
2564
403
4145
2278
3592
1355
4388
2079
3120
1558
3481
985
4343
3231
2867
4790
2746
945
1963
1404
3660
404
3454
3652
4752
2463
4906
1093
3443
5023
2056
1620
1538
2171
4246
2984
5060
3817
3304
4486
3179
533
4046
1043
3870
3360
1992
1226
4637
149
1749
2994
2409
4673
3885
2255
2929
1759
4493
2748
940
83
2397
1580
1170
2447
3930
1766
1221
1863
97
79
2057
681
4062
1956
4914
1310
3748
1281
2424
4305
4847
2155
3310
830
856
556
1948
1769
515
1648
4797
152
5040
4598
1190
2768
4089
834
418
3005
4715
2122
3987
644
882
436
2939
1171
3931
638
386
2568
1507
2014
2324
4733
48
3715
395
861
3
4931
1402
3488
2412
2655
1256
733
1903
491
3753
1851
390
3183
2389
2821
2913
429
4102
4348
2734
877
4133
4766
2585
329
4560
4164
3174
1415
2062
423
24
4214
1183
2379
2999
889
1121
11
1125
1164
4793
1251
707
1614
469
2262
4181
3491
2700
827
3984
3683
3033
4234
5074
4481
993
2592
4784
1728
151
550
1967
2364
3115
3053
786
1549
1368
3754
1277
1287
4671
4734
3012
2822
1290
2935
268
4886
2558
4417
4592
4178
915
224
3270
1096
1329
2215
3225
335
4728
2561
2851
3470
1475
3705
267
2086
2660
1517
1006
1106
3904
3344
3989
2883
1706
817
4506
3308
4639
964
189
180
2188
3210
2296
2976
4001
463
1970
4233
1642
2400
2504
2658
553
273
4321
4332
1479
3868
4269
428
2429
3702
2352
4199
1953
4935
539
4069
1193
3215
1710
1375
4577
1877
3297
3049
1468
1524
2543
70
339
3574
659
588
2555
1926
3591
4770
1139
1750
2338
2210
269
3145
3506
590
575
3830
641
4108
2419
3679
3535
4142
3090
3177
1276
645
2959
1803
519
307
3314
1332
2009
2730
635
4437
2645
773
622
543
4021
5033
2751
833
10
2788
841
3554
3370
1842
4723
2443
3073
419
1545
2341
4435
4610
3109
2479
3730
4526
2232
3686
4759
407
1532
969
4301
1132
2167
2435
3345
36
2636
3353
2924
954
4099
2166
2395
409
1238
4848
769
4699
4558
3706
240
3895
1244
2914
3200
3008
3350
162
4445
486
4810
3637
3451
1220
4523
4162
1366
1380
2120
504
412
1030
3783
1807
4545
3651
2898
4098
1115
2857
3815
4917
462
816
1318
2799
2952
4995
884
5038
2899
2454
3063
3714
1576
2028
4460
4596
4501
4367
4783
3734
4947
3699
172
2594
4022
449
3486
351
3456
4340
253
104
4196
5022
3127
3563
196
4862
2586
2244
653
2104
8
134
1239
93
714
2949
2603
3985
1015
615
3888
74
501
3327
2285
3131
3928
4337
2718
2855
4012
4254
1135
3907
4954
1028
4705
1498
1270
3759
3746
4457
1197
4949
3218
3664
3606
2923
185
630
3972
210
1983
1631
4827
4033
3843
1322
3342
1069
455
3850
1802
3497
4528
4781
1853
3655
2115
797
3924
4059
1464
3461
4547
3376
1754
2084
756
3894
2825
2401
1547
2362
910
3023
3124
703
745
3886
2716
5018
1671
2758
1721
3478
182
4814
4928
4443
4568
3776
3990
166
1452
265
4860
737
3818
1156
1799
2018
3075
72
1079
3206
746
801
4722
592
2392
3092
2570
3640
1461
2370
4427
326
2760
3091
397
1546
4253
105
2667
483
3208
3374
4507
161
3932
1491
4698
1582
2823
1826
2771
591
1722
564
4714
2261
4320
3068
2410
3560
2901
2995
198
2249
2310
2267
4872
2289
4249
1103
4644
186
537
3764
2459
4294
4251
3842
2873
2677
3881
1127
4867
2650
4446
3871
3017
1187
4222
4011
4582
1693
936
2794
530
2457
2635
1835
283
2082
1422
1420
1313
3581
2019
1051
1398
467
2192
3994
1523
1583
2619
122
4966
391
3440
4240
3069
625
3809
1166
1836
1908
366
4980
1385
1482
559
255
3335
2190
3362
212
37
4187
5055
344
2449
1743
1261
4926
1544
1298
3232
4282
3656
1151
1100
1625
5073
2041
4176
3326
3682
3978
2266
358
234
4604
2808
2786
1330
1054
3929
4411
2091
2870
2632
4989
4368
22
2513
4165
3209
3675
4047
4654
2339
4581
1632
1753
3055
2217
357
2469
2671
4659
2941
2211
2722
4952
2727
5002
2943
1928
3095
4418
1465
3258
1359
2327
3570
1413
4680
2755
753
4275
288
2033
2928
286
312
1007
2702
3380
1514
4676
1957
1763
2712
3252
1089
4316
3803
3401
4871
4943
274
154
2491
4259
5008
700
3516
981
4937
1113
3480
3529
2271
85
2866
1405
2951
1756
5077
4900
3439
1335
3229
1351
3827
3805
1442
1959
1032
4410
1556
4520
379
4735
4349
254
183
4375
1729
4015
3603
1076
1664
494
2509
459
3011
2368
3936
4808
1931
4492
30
1646
349
5000
4008
3464
996
3938
3672
1619
1787
796
4426
823
705
2678
2148
4377
1036
2213
241
266
780
2672
2474
4144
4231
1894
1388
3691
2298
2147
1652
2814
1993
4984
1301
5085
321
2382
3040
1912
302
2286
4663
3018
1889
424
3045
3732
1713
4883
4207
2408
1196
2713
2970
3475
2054
2740
4743
2231
3804
639
1727
373
1508
2784
2183
4428
4185
911
4915
1617
2614
497
3983
2371
3880
5050
660
4077
3096
1697
4101
297
3661
1147
3050
2916
1628
3523
3114
4052
3483
3407
3536
728
3385
2726
1267
3678
1917
5041
3346
4094
4559
1184
627
3586
3698
3404
1814
3856
941
1536
4111
3392
242
3712
2365
708
3773
505
411
2386
4876
2320
1146
3588
1428
5034
1837
1435
1236
1935
400
2340
2737
52
3638
4358
562
1480
3086
1565
671
2989
879
1723
1258
3289
1371
2953
2258
4356
932
4235
2050
3796
4717
3034
2072
4778
4806
1975
613
3411
4775
4721
2471
4655
1257
799
2151
2834
1091
2045
4256
821
3317
3632
832
1724
2840
3421
3201
2127
1259
2696
4173
4990
668
12
1870
