3599
1703
925
3126
3607
4138
292
3352
2524
1250
3152
1471
4506
436
3762
2380
2492
82
4871
5017
3163
4560
3210
4511
2020
4144
2357
1602
201
2637
5004
4002
3067
3445
2739
3438
1691
1866
1860
4989
4999
1189
2399
3828
3089
2463
1501
4569
2223
2808
3836
3621
407
3391
4924
3974
4300
3862
4359
4801
4452
4434
3603
551
2516
4976
4119
4861
1285
3392
2004
5085
3178
4374
539
2909
1773
4062
3400
4991
3912
182
4015
2272
810
4186
2815
4690
1890
3012
214
2369
2933
1513
3662
1479
2994
327
3919
1552
3886
3329
698
3881
1933
1332
4088
3551
2263
890
1315
356
1243
3752
3321
117
102
4599
739
1582
4007
1352
2546
301
888
1359
4778
438
3283
4877
3950
1401
1021
2268
758
1232
4325
1
2474
867
4044
4145
3697
3873
842
1659
3250
2864
4441
799
289
2670
1138
3641
3892
3253
2051
3633
5054
2506
3984
2773
974
4733
825
1667
4615
63
1562
2258
4831
4635
964
3841
3143
2836
1739
2140
1274
2644
2962
1637
1406
3488
1539
2858
2307
4021
1839
43
2058
200
1607
1829
988
3566
3222
4977
4065
2370
4153
194
1254
5052
4974
2354
2393
1934
4469
3424
2326
3544
2681
1641
4565
336
2297
1980
945
1997
2466
1856
4136
1127
1967
3967
578
599
556
1937
3575
2839
434
2102
4570
3736
913
848
4742
3023
4425
927
4845
627
3562
2829
2763
1152
4122
1625
4022
930
3840
2522
3815
29
4702
3683
3090
548
2107
3374
4653
2484
3805
4082
355
2523
1071
3995
2000
143
8
3572
32
3136
4390
2120
4487
4327
2820
1404
2781
2421
2568
10
3113
2619
4027
379
1122
4316
938
4768
4131
4781
193
984
3964
4440
2168
3568
605
1698
4898
2133
1493
3734
2192
716
4769
5089
4180
1378
3278
3032
2149
4638
4028
4525
3890
2198
856
3652
614
671
334
3375
4151
648
3160
2706
2903
3769
518
2481
981
183
634
1696
4842
4072
804
4695
2329
5073
3717
4011
4161
1356
4857
4346
604
781
740
4382
809
1772
4628
266
4922
1767
1747
3179
951
1745
893
4409
4251
55
252
2986
4407
2154
161
2863
3821
2800
4975
1344
3277
613
428
2276
1668
1810
4058
2089
429
2085
2281
650
4726
2901
1932
1880
3833
3894
4329
2347
332
2778
170
1649
432
228
4066
664
563
2397
3557
326
3477
4074
3117
4014
3504
4125
2025
973
2550
1948
3825
2536
403
2215
1789
5080
1846
1806
3034
451
834
2635
3410
2230
4625
1036
4632
2288
4192
887
2494
2366
163
3418
3479
2607
980
3864
4245
4534
907
1612
4207
2376
1548
2826
691
33
545
2676
72
1151
3169
3202
3423
1665
879
4490
4106
71
4338
1180
2461
3183
61
2164
414
4947
3732
2892
147
1965
2222
726
995
3002
2356
4339
880
2402
3514
2408
3146
1995
3920
2805
3131
3700
4210
3661
110
2965
4853
748
3098
3582
3120
3714
3905
3416
2626
2033
4229
3349
1105
2414
44
2549
4814
760
706
603
1118
2103
2238
2227
1116
4854
4645
2358
942
4495
224
3317
3849
2730
2146
202
778
2069
4575
4241
2889
4528
4123
2035
1941
2336
322
3088
2551
3049
746
509
3468
1309
940
4354
1627
1931
2504
1982
2001
1376
2300
1760
2159
4294
2054
4582
2487
2305
1139
482
2897
4030
2528
1343
212
2900
4677
986
2262
62
2521
4847
3229
3309
2712
196
965
448
3673
4023
3239
2832
2340
4618
2184
3650
4077
4427
895
1679
384
1318
1014
506
2891
3043
1052
3712
4594
1117
3144
4993
220
1904
543
1203
3887
1321
58
2941
4052
2349
1449
2116
1547
3351
2328
1940
2742
18
2603
3914
64
1097
74
516
4839
312
1704
1509
1445
218
4484
3718
5010
2381
2883
1193
4524
3741
2764
2210
4868
185
1630
3766
3876
14
1149
2387
3744
532
1837
3332
2424
363
4666
51
2583
3395
3224
2582
3506
2293
367
987
3893
3279
4710
3474
3978
2985
2458
1876
4754
2240
2082
2581
1843
4465
806
2412
2905
2226
1770
1871
4129
2967
3996
1212
4912
536
3465
4403
3680
3004
2053
3087
1374
1519
2911
5059
3473
1613
2279
4085
2214
1850
4357
3394
3069
3186
1196
234
17
3110
1026
81
1292
1224
475
4314
2170
591
386
1841
2970
4705
1593
1647
3051
3733
3602
3952
2703
2625
2754
316
2303
4820
2161
2088
4777
4683
1581
921
828
1775
1594
3775
4942
1047
1822
775
1976
3648
2649
7
1455
4298
4455
4063
2609
2658
1985
2555
1339
1271
1746
3698
1239
2392
1681
3304
1920
4128
4508
553
1273
1143
348
1910
409
4097
924
1403
4996
1015
369
1601
3310
529
5057
5029
4256
3411
2443
4476
3312
1825
168
3519
3629
1284
1164
4214
2893
4307
2733
3637
4126
2479
2709
2391
2902
3789
1476
308
208
76
4707
4372
107
2761
3206
3114
123
3260
714
1960
3645
3294
374
2472
1836
474
4447
3158
3747
1595
339
4639
3495
15
4451
1042
454
755
3740
4714
2963
3234
4006
4185
4926
3800
1305
4421
2129
2315
3128
2674
4230
2991
255
4526
695
3026
3017
1106
959
2999
3854
3204
295
637
4433
4514
3161
4884
2979
4163
1410
2896
2379
3786
285
79
3726
2488
564
162
812
1926
3215
353
4068
4148
2008
4581
2843
3871
2662
3320
419
5027
179
1038
642
138
1288
2108
1166
4169
4727
4883
160
2923
159
2753
459
4640
957
5006
4785
3387
3643
3692
2007
4701
3795
3856
1975
3998
702
1247
4515
3467
2194
3361
2139
3188
3702
253
2510
1086
4545
916
1082
3975
3625
2275
4878
1527
4706
4170
732
2070
1220
75
3992
3265
580
1483
3093
3779
1049
3451
1572
972
2231
2538
1518
293
2599
4319
1768
4070
3760
4665
5035
4073
1466
3175
2618
1638
885
4649
2045
2454
95
3359
600
2614
3221
1631
1319
3461
713
554
1025
2319
1027
3252
2693
3267
4337
4698
2289
2388
502
1091
440
1345
2485
2251
1511
3719
4512
1061
2465
1750
3353
526
976
795
2651
1988
2344
2464
2881
4931
3525
4454
1102
4504
4386
1056
4937
1610
2604
1235
2666
736
1776
86
3341
1337
4146
2821
1494
265
3055
4588
2122
912
406
4080
765
2705
2518
274
2675
4738
3746
1128
2874
2040
4789
4258
1169
1757
1409
3969
2206
803
3357
1785
3798
238
4725
1840
1508
3616
1460
2229
2470
3711
4285
3167
1532
4143
2786
2292
3640
4263
424
975
5087
3105
2410
3957
2177
4536
1362
2041
4676
4057
2641
299
1942
1297
2012
2318
2847
3968
2180
1644
1278
3326
2744
1955
4782
3254
4787
4309
3181
546
4550
1652
5060
1873
3091
3653
2710
1930
3991
584
3121
2478
2737
417
571
2660
2612
511
476
851
2160
2187
1381
3897
2918
2267
659
2345
3276
449
874
2325
791
4532
3706
2729
3327
1979
932
2181
1811
4593
3111
2682
3801
4916
389
2803
1132
2875
948
223
4613
3382
2084
4199
2640
1439
849
1877
4874
1214
1722
2540
257
3333
54
1385
1377
628
3241
164
437
2904
4775
4116
4743
2955
4016
4196
1408
1340
2972
3780
769
3062
3816
2760
3038
1228
820
2953
1417
4946
3715
4299
3360
2968
1058
4825
523
172
2810
5003
1726
3878
3040
690
132
3270
1957
1425
4064
4420
805
1813
40
3783
4848
1260
3236
595
3571
1280
3993
2416
1812
759
281
4075
4920
1492
2699
465
756
4858
4802
4048
3965
4728
1565
3097
483
5000
1182
2762
1364
752
4393
4562
3761
4949
3947
5008
1313
3758
3725
487
1765
3455
1442
101
3233
337
47
4087
4083
3590
1893
3596
816
3478
35
2828
5053
2565
2147
4780
2774
4522
370
4521
1372
3230
377
1792
3682
3176
4173
4957
963
1661
4236
3552
1346
4043
2150
4162
3058
3405
1939
1005
4296
1605
94
1283
3376
1604
4797
2717
2861
4616
3966
1506
3331
455
3490
4081
2361
685
324
2135
1463
1943
1906
1289
4715
592
2216
4763
1853
1733
647
2792
1583
2359
639
3983
864
2152
2816
1800
5042
2594
3218
2898
3068
2934
1898
717
4412
1720
1458
3420
2652
2477
3006
4381
3388
4537
1962
2509
4483
2005
4717
1497
2101
2038
1473
3955
1958
1270
3401
1719
2939
3132
720
2924
2732
1160
1682
3316
4104
1640
4238
4324
3823
796
4605
2876
969
2432
1028
3926
3730
2257
4913
3048
3432
4636
4
2050
4800
4696
2722
5069
4592
1454
1984
3534
4265
2482
2302
1614
3790
3885
1277
570
1429
3378
2190
247
1556
857
837
2949
504
4330
1115
2557
2368
1236
5044
359
4165
3852
635
1291
1098
4336
3634
4546
3159
2759
4986
4799
2535
4334
3358
3539
4449
2602
4055
1225
1427
3518
1351
3129
1897
766
2456
2807
4017
3187
1420
3223
25
2109
977
4091
335
3954
3933
3753
280
1329
569
3030
3354
4602
884
4654
2079
4133
5066
3419
3035
4736
3832
4442
565
1266
5019
1006
797
2314
388
3678
2543
2403
1325
4995
4360
2409
2919
2851
3071
245
718
5015
1505
2770
3858
3079
4477
2106
1678
4222
1542
246
3493
3119
1541
999
1217
427
4835
4095
4548
1862
2765
2701
2791
1721
1590
560
3141
3486
657
1742
510
4060
1963
1886
4086
1491
1990
1076
782
4978
1743
248
3044
3393
3177
3484
4183
2576
1068
1927
1251
2032
12
1241
4907
2286
936
4278
4864
1304
1578
1550
2282
1263
4270
258
3580
2507
619
4886
2203
2125
677
4404
1892
4896
2166
1320
2452
42
4919
1363
971
943
3054
1019
3853
142
2694
1395
836
69
2467
675
928
128
1925
477
687
2831
1554
550
4089
4655
4109
4117
4047
783
1545
1065
3961
2023
3501
4225
3379
268
3425
3879
3906
2547
4756
1758
631
2776
441
2925
4347
1144
3157
3214
5082
3696
1206
779
2912
4576
4958
1219
4836
3578
3170
897
929
2980
1907
1751
4246
680
1135
315
4737
1328
821
905
2844
3063
347
3281
1072
402
3125
3282
199
2375
1706
2916
443
1828
5023
3516
3748
4376
38
2993
1023
1075
686
485
2503
3124
4475
1104
4426
1192
1568
2090
2221
2351
2878
3345
2545
3868
222
23
195
1136
1676
1119
1884
3263
753
4139
3546
1881
3318
5024
3340
1330
3099
3311
4118
4600
2143
1066
2486
1422
2879
878
1674
3663
1809
3874
4371
4411
2185
3749
1622
1833
1482
4662
2009
1645
1592
1024
2801
4685
1859
688
1804
738
4315
2234
3593
3275
373
1279
4612
3567
678
4212
4108
2447
3362
2959
827
2646
863
3286
818
2493
4970
3999
4159
1153
109
2059
4672
2982
4558
860
4291
431
4587
3924
2162
4556
2337
2690
230
3559
399
3453
4852
2915
1333
27
3155
4305
4925
1618
3456
1574
2121
2686
278
4201
1851
416
514
1946
1474
2111
2500
2157
2128
2225
4893
4280
1730
1999
5012
2367
1944
3918
1000
1909
1367
4568
2684
2056
2460
3743
1041
1470
4112
4855
4166
5070
4179
5051
711
2672
4830
453
39
1063
1522
2444
3446
822
236
2511
140
3061
2802
4084
4539
4184
5088
3533
3494
2746
852
3052
4304
3900
4121
1642
4111
4709
3524
4885
5033
4549
3922
4013
2819
2269
4446
1830
2046
1872
3515
2869
1741
2095
1964
2418
4049
996
4624
2617
4583
3386
2422
2264
4518
2823
3466
3072
1551
3622
4681
1560
113
2725
473
2852
1157
3908
89
2716
4724
3137
242
882
2411
270
433
2212
4273
3664
3904
1753
823
1016
1819
3554
2958
4740
4167
2976
1306
2981
4584
3759
587
4721
1384
4680
4132
116
1124
3970
4414
1736
3722
4751
2501
401
219
3211
3639
847
2174
408
2921
2266
1197
3861
2094
4181
1373
1423
537
1298
3448
3670
2182
3431
106
1858
3777
1475
2758
4994
1865
3686
1680
34
3273
1987
1443
1798
4716
4880
3737
998
4892
3617
3102
391
4005
500
4771
4953
4255
103
3029
558
2219
4035
3666
3619
1089
1057
1357
3439
3695
287
933
633
2322
1531
11
4824
3074
2631
4697
3302
188
846
3472
1173
2895
5009
3195
1077
0
1299
3859
4573
53
2585
4175
4687
4901
4187
2745
747
1564
1159
4732
190
4303
1738
3944
3402
3507
4887
4509
1989
9
1059
1302
344
1034
967
204
439
5055
368
4933
3536
1702
4798
1134
4297
3016
4917
4747
1369
4837
1472
3699
2840
4772
4400
4731
1354
3505
855
430
5086
761
3577
2331
2992
3953
602
2043
3628
3398
3492
2246
725
3434
4517
1162
4394
663
3704
4622
2668
376
1413
3581
3690
1977
3080
4233
3109
4643
217
2756
3872
3679
1936
524
2224
2964
764
3553
2573
3799
4911
3537
2218
227
418
4188
290
3903
4693
651
2935
1823
1303
2213
1229
1316
2299
4580
4866
519
2856
1503
2824
3452
1457
4905
5032
2937
2476
1347
3931
2313
3579
2653
4264
1452
3601
2514
640
1591
2526
4479
2021
306
579
3005
3299
1669
2016
357
4439
5016
4704
4834
3219
4563
1584
41
1447
589
484
2373
2711
4140
2648
1388
4396
3149
2352
1067
2114
1008
3151
4889
1540
249
3586
4529
2882
622
596
2123
2091
111
3482
1485
2343
1355
4485
4694
4812
5002
3865
3092
1902
1784
2247
4684
2572
4208
835
4535
4783
669
4010
1794
700
2838
4333
2382
5061
3791
1533
5039
211
2425
3084
4963
91
1296
3036
954
1096
1368
968
3600
3635
4776
3597
3166
1710
1766
2998
1386
3356
3855
4438
723
2324
3025
3336
4061
1424
3509
240
1499
3150
3803
1001
896
461
4513
508
4345
4671
744
3011
4927
358
2854
1129
4503
3050
1233
1795
4262
4849
2148
2750
1294
3523
4045
1276
1903
235
3513
3028
1245
2301
2735
989
881
4397
5026
4373
541
1148
3977
2788
655
582
4317
3687
3020
3208
2271
2867
4603
649
499
772
1727
3542
2539
1252
1827
3196
2413
1170
187
2459
2850
2613
4538
4437
1570
59
1643
4350
819
1430
1504
1290
4320
1921
1512
4242
1546
3173
2360
2291
2064
3162
3916
4158
2233
4606
3305
3895
4590
4472
2579
2748
4155
705
5040
831
1370
4921
915
2400
3591
65
3065
3541
5050
840
3827
992
176
1327
2199
269
3605
1322
3988
3138
2207
654
3569
4331
157
2195
130
861
2445
203
2130
4700
3404
1249
3247
2022
2010
4090
2880
3290
4730
239
4217
4633
210
3573
420
126
883
1705
1799
1054
2490
1653
4988
5065
1002
3190
49
3963
645
3014
2813
2072
1526
2259
3481
3937
4792
3053
2061
2188
674
817
908
2777
317
4890
1664
479
4899
2406
1172
2736
2339
4527
4591
2983
365
2952
2650
3818
3902
701
1393
1209
1567
2285
2598
3
1468
2144
46
4237
2845
3441
794
784
4561
2473
2679
1699
4282
3292
3802
4626
1690
2383
3436
2440
2741
1295
186
4793
3189
1013
811
3820
3106
371
2156
3710
2969
3589
2825
2026
4239
3934
1244
2890
1658
481
4399
4770
2657
1555
1262
4444
2312
2975
4039
2927
3499
3112
3205
3274
2407
673
346
4470
2563
2948
3280
4761
3073
4093
3413
4349
24
3819
1464
1397
3308
3415
273
3066
2250
3632
93
2320
2077
993
1495
2389
2664
1087
5068
4254
2888
1935
3216
3008
2885
1832
952
1725
3297
4826
2237
4752
4194
2333
2396
264
2996
198
1534
3000
283
735
2771
2087
947
576
3469
3531
1701
662
4363
1740
3545
1783
5084
2842
1099
3389
158
3727
3751
1611
620
3306
4992
1433
920
302
2113
991
1178
52
3367
1293
2592
2274
2795
2330
3307
3249
4200
708
898
2191
1265
5079
3480
1737
1095
4941
1101
1616
4987
3200
4617
2030
4240
3127
1515
4018
904
1179
3228
1660
3796
4193
466
2554
830
2018
4692
1673
352
2677
525
4703
1575
2092
2822
3877
1379
899
4114
2848
108
4791
3794
1487
3671
2719
2728
656
625
2692
1438
1869
712
83
2533
3487
5037
1922
1971
2189
2063
2930
1961
2003
1692
3784
4952
4353
1972
57
1774
4788
2659
3314
3417
533
2073
3082
2860
4559
588
320
1326
2099
3866
3226
4355
5022
1779
889
1709
3156
4135
4795
2071
1662
1441
4932
3959
2419
4423
3511
1793
2988
375
1597
119
4450
3108
1624
1707
4990
297
4555
3845
1507
4351
2112
1818
4686
3154
4457
3003
4678
1093
670
3623
4660
3104
1675
3535
3437
2065
3246
2471
2907
4408
2034
540
1383
288
3262
2767
3194
1689
3381
1585
3077
4659
4352
2622
2047
644
354
1801
2124
4934
3338
1256
4601
2057
276
950
2561
1407
2624
4579
1918
2048
789
534
2241
4755
2688
4448
4120
4038
4482
2740
4203
815
4656
754
3295
4873
1724
813
4209
979
2714
4361
4134
1882
271
87
2849
2859
3804
661
2176
2434
3248
5034
770
2995
2945
2961
4651
1797
1981
2243
4274
385
3427
749
4699
4501
361
3812
3774
955
3742
3383
2455
2726
3563
3130
3344
4025
1576
291
1155
573
643
2235
2335
4378
207
1156
1790
2115
2066
452
1717
2055
618
3502
750
1769
751
3540
953
2846
2
3646
1815
1120
2789
2142
3107
4585
1685
296
2558
489
4646
486
457
2917
78
1563
4928
1718
4003
2841
3368
2942
1754
4808
2865
1983
2834
3373
2348
2309
216
68
937
1489
2534
4460
3614
1163
2364
1275
776
4658
3888
472
531
1147
4723
4260
66
4530
4944
129
3720
660
3426
4909
3342
2642
480
2593
774
2560
4951
1199
3027
3981
3611
3198
1915
435
1073
4413
4551
2702
456
1951
3951
1033
362
1913
3560
1521
946
4445
1895
1240
3846
4032
3915
1043
1416
3422
4322
144
171
4486
310
4040
3116
557
1432
4668
4577
174
1391
2505
528
4235
3172
2171
1824
2957
4078
4971
3414
575
549
4641
1672
2857
1996
4253
468
4507
2596
1569
2515
2886
1778
2914
2977
1656
1108
2731
4189
2629
1336
1608
4197
3960
1748
2019
4281
2591
1428
4954
715
4936
284
3896
1514
4491
422
4432
3773
2295
3259
2236
1371
2178
4984
4572
4463
1437
2497
3435
4630
488
5031
3609
26
2141
1257
699
209
395
3485
260
1639
1619
1502
1684
4283
722
3508
3624
956
311
153
3298
232
400
3009
3842
741
3521
45
1174
5018
4965
3946
3328
1571
148
1914
1308
3850
2946
2720
4369
517
683
696
2584
616
5013
2031
3939
3458
5081
4248
1194
3142
4760
2685
1141
1412
1780
2468
1632
2196
3615
2290
1390
3313
1183
4054
4938
1878
5045
4661
4811
4872
997
3203
3644
1060
4856
559
2158
1165
3174
2426
2398
3033
1459
1312
471
99
1446
4817
1146
1782
1145
3691
1411
866
1314
1929
3675
4722
4224
2553
146
2036
4827
50
850
2910
1258
4675
1204
3755
4152
2606
1908
2928
1848
4228
4520
3707
2960
462
4519
3031
2404
2201
4930
2899
1952
566
4458
2395
4805
2469
2530
2341
4505
4026
1711
381
4753
4289
4745
1079
3767
5072
4340
4029
843
4418
3133
1414
1387
2525
2363
4275
4851
692
679
3972
2567
4401
4231
4637
1402
4380
1912
1900
3322
530
4079
120
5007
4124
3976
3973
1272
2076
4406
1200
1520
4130
1242
3659
3180
1100
2200
3047
4759
184
4494
3153
3171
4966
2132
1714
177
2610
3046
3772
1010
2667
114
2420
1307
568
824
2894
1062
1020
4368
464
90
4000
4903
1046
3782
3407
3076
1248
4473
3807
173
4631
404
2973
2308
2209
1264
491
652
1834
666
1230
1917
3618
624
139
1950
1415
96
2014
4964
6
1868
21
1331
4388
3547
2868
4480
3647
829
935
1186
4301
4107
1969
206
1749
1456
590
2119
505
2713
4647
2577
279
891
3668
2475
4720
4841
3532
4198
13
4863
4619
958
1816
2457
1558
3145
917
2544
1845
1237
84
3724
1609
2817
684
104
1849
1863
4174
2346
493
522
4531
535
378
2155
4908
1634
3763
4059
3449
3985
3399
243
4150
3745
4367
4544
1530
4461
1817
4816
1040
2601
97
4571
2766
4566
4815
4419
286
3829
4462
4516
5083
4164
2015
1142
5074
1879
3500
1728
4326
5075
1683
3929
3123
3558
1353
490
1187
2527
3986
127
2006
331
853
328
3370
4688
4429
3018
1215
1022
4157
4634
826
626
4846
340
4313
189
3364
4191
3771
3496
2429
3498
3756
3638
3857
3703
2306
1970
2134
3674
3990
4667
3348
2183
2287
768
2906
2249
3739
3337
1517
22
1074
3060
3503
1655
1855
4840
4967
786
2769
2663
1421
2971
3476
5046
4960
2278
3264
2707
869
4211
2353
3875
2502
1210
3860
3793
3676
4422
872
612
4497
1666
4689
2442
1588
2798
4955
623
3042
1011
4779
3913
1537
1949
4042
3396
689
1161
5041
2827
70
4020
839
4910
5028
192
3843
4204
3527
256
3139
2248
2718
3869
2671
1490
4496
145
1088
1185
1246
3303
1807
3293
4914
3285
197
4033
788
4102
3781
3037
2450
2105
4478
4679
2374
4879
2541
1633
3220
4810
3882
1734
124
85
4642
3257
4973
3007
1198
4310
4718
4428
1382
3870
3041
2169
3268
263
4456
833
1221
1786
4968
2017
1510
2415
4983
2405
672
2117
5063
3147
3932
2597
3454
2529
1636
4172
777
3201
3889
3530
4790
2100
682
1044
3319
3649
3135
3592
3185
2564
2298
4046
5076
319
4757
4597
2451
4053
4620
2423
1524
2002
939
237
1017
2615
1629
3022
3057
4071
4948
729
4708
3813
415
4682
1905
4115
3272
902
4891
1924
3898
3928
593
3115
4500
3570
221
397
4609
1361
3655
4232
3930
1715
1842
2940
552
1573
3612
1671
2211
1281
1626
4348
2311
4621
2804
4323
521
4284
2768
2566
2317
3429
3626
2587
3708
4906
3371
4098
4876
5025
5047
1048
4627
710
808
3325
1419
4806
3838
3070
2621
205
2837
3168
1561
4902
1646
4865
3083
3709
323
3685
4735
3271
3039
1916
300
2378
3543
3459
721
3925
20
215
1535
3512
802
2441
2639
231
2427
4691
3182
4335
3258
4729
3576
118
150
4819
426
1621
3192
2833
3064
3191
3315
544
1986
3826
4746
314
1713
3901
923
2232
4392
2871
2556
1516
233
4969
3822
3587
1755
611
5071
2595
2589
4611
1396
3658
572
2039
2887
3750
607
2669
2513
3021
3244
3193
2517
961
3450
4719
329
2438
4474
2715
4101
2654
1756
366
1338
3797
1418
3225
3656
2483
4050
2926
610
1854
2495
2531
4844
1434
2704
2588
801
1477
4471
2866
4859
727
4794
3884
1814
4247
4541
4250
3735
2943
4796
213
676
1190
3409
2661
1693
4306
3606
4037
1003
4669
149
1268
4897
3778
3921
4261
668
4557
1078
2151
1431
3217
4031
3564
2562
4623
2062
4888
2255
136
3015
4923
1620
2436
4272
962
2698
731
191
1081
1184
4103
1208
2283
1544
351
2580
2932
178
1311
1467
3330
743
3001
2186
3574
4389
3834
3444
586
2814
4195
3385
594
3164
2954
2204
307
298
1154
598
3443
3824
2377
262
3339
4244
3335
2633
3538
181
3096
3350
2081
4177
2978
4218
1123
3324
3608
2242
1444
1762
4670
4894
3475
562
3880
1350
4227
894
4215
1579
4154
2498
1349
4833
48
4221
226
1888
1861
137
3372
1045
870
1055
4343
709
1874
3240
2044
3962
621
3594
3289
2755
1031
877
1771
3949
3729
3705
3938
4734
1461
3909
1113
2137
911
4762
4410
2636
2261
112
3757
3941
2956
2743
2608
1064
4001
3936
4356
4384
167
873
1777
4875
259
3989
1635
4398
3701
3261
2922
1875
3948
1334
807
1959
380
3863
1191
1111
4915
1103
2037
