3381
3431
850
3454
980
2317
3643
1106
4671
442
2188
1
3848
3906
4592
4329
1888
1668
1199
2916
4669
1207
4790
4251
2847
17
2685
5041
4073
4481
4849
339
1118
2686
2061
2568
1743
5087
3780
3895
2569
1366
2963
753
2734
1993
3432
4557
4747
128
721
527
1041
238
1251
967
2610
4951
2074
1405
550
3090
4387
3022
3742
4322
4558
3811
333
3132
1788
2748
4332
4995
211
3647
1559
344
1942
5020
3946
3457
1780
4011
1448
940
2354
4643
2750
1092
2308
1318
2614
379
2299
2602
3468
1152
4936
3036
1969
3324
1465
4301
4502
4714
3693
813
2107
4797
326
4527
3365
3930
1370
1012
3459
2798
5062
3192
2680
3226
1037
3478
1375
4213
843
3928
2926
2326
143
3695
1485
1916
3672
352
2570
530
1116
934
846
2155
4808
3398
3361
2362
1541
3945
4613
4876
2258
4246
2027
2875
4800
2274
2741
4841
1422
4878
724
4831
5082
394
2728
4384
3774
2667
1577
3082
4718
3541
3122
244
1773
2976
4479
4394
2751
3995
1586
809
1798
2183
3805
4625
2116
4470
3069
2878
3236
1255
3242
372
4368
2275
2595
1507
1853
1751
1242
1851
1736
1096
2113
1433
3861
1615
3899
2483
3495
4163
827
1922
4006
1292
2654
1060
4027
3371
1038
2468
3033
4977
2669
4388
1161
2890
4851
2707
2797
274
448
1571
2474
2619
4733
2101
2897
3872
4495
4972
2057
1349
3420
580
2682
4168
4375
1749
5029
26
3025
3364
2585
3902
2924
2153
2832
4342
2836
264
1602
2438
4236
2737
758
3769
1957
696
983
3818
2634
2373
2257
726
2040
4081
1865
4954
3616
2731
2703
1402
2884
2760
4155
1744
358
1948
4692
502
1032
881
1241
3983
1452
373
2205
4280
4016
3618
2305
3476
3288
1815
2943
87
3012
997
2720
1671
4963
1297
4917
5066
2033
59
411
1702
3235
1171
2181
1913
2623
566
3385
786
2225
2822
3065
3153
338
2876
765
4823
2813
3668
3677
2697
3753
709
4270
1499
2259
1513
2600
1818
257
3593
25
3600
2653
2757
2804
1580
659
4156
2304
3887
1938
645
519
3377
2336
4482
3257
324
911
3793
321
1884
4359
2412
3675
3571
2331
3107
887
5077
1726
3990
1100
4704
3057
1138
884
2173
539
2464
1662
1874
2285
3962
3620
208
3576
4380
1678
1071
4417
2701
3609
4810
4773
3924
3686
2280
2645
3441
4707
4809
4603
2446
45
2706
4237
2160
4569
3239
2020
2200
3145
3649
3565
4476
2084
298
2996
3071
222
4918
2917
1243
3170
4716
2487
1910
480
3534
3843
1997
1767
23
1198
4529
3912
1562
3215
4999
3653
3487
4420
231
903
3622
2332
3220
2887
4855
2227
4130
3521
2167
2157
4381
3703
2975
1101
699
1270
285
2617
2302
4681
2630
4298
1741
3828
2028
4967
1197
3821
1839
449
2894
3623
2580
2358
1575
1055
3855
3918
4850
866
754
3119
4633
3034
631
1088
4260
717
1907
4285
1034
1451
4292
4048
2752
3483
5012
2922
3585
3554
263
3267
256
1192
10
470
4150
4915
33
4754
4229
3333
3876
2581
4767
1536
233
3691
2994
2855
1654
1328
4391
4315
1121
3051
427
2604
4020
1189
759
2067
3859
1554
2698
1295
891
4333
3577
845
2152
79
3867
1219
3185
3654
2081
777
1850
3720
1062
4272
5014
4421
2705
3139
4620
3001
3053
4509
2869
473
3999
235
4088
1558
3199
3168
3792
3094
4504
4035
1383
922
265
1614
1365
898
4913
1777
2625
4160
678
2646
4736
4750
3264
121
4838
1955
2899
574
5047
1204
2104
5019
4684
3998
3369
3797
3584
2249
3353
1549
2998
797
2268
3605
404
2507
4454
3913
1095
2065
890
816
4668
4970
2946
3376
4912
2888
4856
4133
3903
1904
4227
5043
744
1480
2972
1576
3627
536
380
4194
1990
2161
201
931
275
944
3315
1268
3831
1024
1496
1093
4555
2528
3612
4619
4847
1693
804
935
1077
2664
156
2967
1937
3781
4910
3674
2853
2535
4654
4034
1611
1360
4026
3985
2928
2008
1419
1585
882
3196
2098
1209
4900
4041
18
3526
1493
3117
5003
2546
3617
3305
395
3910
332
1399
253
1343
2613
1134
1227
3559
2743
4402
2347
2088
4025
4200
2478
2493
1752
1339
1972
4271
2056
2676
821
3391
258
390
1517
3851
2690
3661
2505
2121
4771
4514
3997
3531
4630
1215
4109
1963
3898
1881
2239
4021
4858
4287
5017
224
578
902
1925
1581
453
4230
4982
2823
2191
4510
4157
3788
4552
3926
203
3947
861
2940
2526
1530
4028
508
1442
4443
4978
3347
445
5050
4038
3074
2432
4195
1620
3098
3922
1019
4453
2461
703
2180
3484
1385
3591
3504
3143
1061
2841
1468
3467
2420
2369
118
1976
3817
290
2800
2730
4945
1952
2811
2496
2550
4278
2647
1285
1645
4657
2597
4572
3039
2132
4631
2629
4594
1324
1408
3706
2190
547
3598
2423
3202
1709
1437
746
2243
2189
3567
4651
694
2892
1276
4645
2997
4146
4116
3961
499
1518
3362
2826
833
1924
915
656
4013
3779
1939
3669
5051
162
4129
3589
1779
2397
961
1509
4439
73
3052
742
1325
4105
653
2066
5002
2986
1566
1378
3253
4574
1113
3692
4167
803
3323
335
633
3952
3073
2908
4093
3077
271
3332
4480
1906
2622
3964
2517
718
273
3511
3760
71
2794
4430
4580
648
1793
168
1641
4335
825
710
1992
4142
1248
4812
1766
4410
2465
4547
2204
1824
4554
3583
3737
1811
4655
1492
3552
1501
914
3948
195
176
2210
1891
1344
443
1233
3963
5059
1446
4966
2991
5052
4871
2523
1140
629
3482
145
899
2000
175
4341
1605
2082
3182
1733
1396
1108
3416
2094
3515
1933
1352
3428
3827
1165
3413
640
1836
3096
565
923
4763
3708
4520
432
3975
2824
3092
3469
1820
1466
4781
4640
4845
3564
4425
3863
142
739
3937
1723
1601
2814
2380
3255
2677
2140
119
2284
1813
409
3966
4234
3045
1162
4049
638
3405
4258
198
2391
2749
4863
1677
1950
3067
1361
2091
3370
2541
1473
3595
2203
2058
1572
506
3684
2434
1186
4361
1563
693
5033
3358
1684
4413
995
3415
2611
4571
3181
1627
62
177
2135
137
1630
3510
558
3246
3532
3581
4785
1246
1832
4549
202
4240
2790
2536
863
4309
3217
818
3158
292
3606
488
2388
3812
2837
1039
1157
4534
2092
3134
642
1323
1105
1863
1481
4988
4670
3839
4083
2372
3204
3624
310
3258
85
3489
1730
4601
715
1139
3470
5013
1765
1619
1003
3165
852
3768
3648
1432
252
4563
282
1111
159
4530
707
4339
4559
42
2480
4201
75
2166
2448
3960
4642
988
3615
1556
876
2254
3885
1363
2641
84
924
3287
1147
1583
2241
2310
2714
622
3893
4528
2080
1590
1367
4435
567
1284
2417
439
3109
723
1911
4340
2881
2784
4254
2355
2039
526
1264
1594
492
3728
857
3427
4683
1073
4057
3208
4772
1026
5081
541
3716
1006
2279
4551
3915
4819
3402
82
1091
2262
2350
1569
2267
2283
1469
3982
1075
2793
1720
4174
4249
3240
4345
2605
3078
5049
2895
1805
4546
2238
4066
4659
623
4187
2334
3212
1898
340
1635
313
3803
2699
353
1085
3505
2208
216
4075
1550
3894
3155
2014
3357
3007
1416
3597
2218
218
3864
4148
837
1787
3588
4755
4408
1537
1359
4219
4608
4406
3032
405
3316
369
255
1979
563
620
3694
741
463
2886
83
3040
1708
1685
4711
2491
4039
4874
1475
955
2835
755
3830
5006
1926
3582
926
2961
1631
188
4503
3799
2467
3629
3207
1479
1072
4976
3271
1790
4979
4726
46
3614
4003
4132
853
1051
3250
4646
865
374
3929
2298
3404
1303
3972
1049
452
3888
4108
3860
3548
3499
3858
1844
546
2736
3613
3350
4469
3886
31
4327
4983
3596
4674
889
597
4164
3866
3023
1030
4312
392
5023
100
3579
4877
646
3095
2060
1827
4593
686
1332
417
4400
4673
4887
251
4815
1462
2746
4802
3465
1306
929
1112
4901
1224
1104
3386
1731
5044
4618
3853
2577
476
371
240
4783
5061
1304
3494
513
1755
1725
4891
316
4775
58
2378
5085
2425
2323
4883
3379
4311
4538
4472
2825
2273
3580
1050
1426
3665
4433
2224
1345
391
1985
3659
4047
4879
3869
2745
4458
4012
523
5086
1317
4009
1688
5030
1249
2702
4822
4407
1133
4700
511
2197
1078
671
4376
123
3038
1099
3434
3544
3017
4634
4927
2593
309
2282
171
3722
894
4233
1946
4373
1822
3973
667
187
1103
406
791
2607
172
2591
331
722
4956
1135
3042
3290
364
533
1506
1735
318
178
2776
4531
4137
1764
3421
2573
1229
1947
2753
3142
973
4313
2064
4000
2779
3049
1398
2845
2506
669
4513
4834
3826
2097
4595
520
3574
3076
3151
3578
3341
785
5055
4196
2747
1633
4764
2490
3019
1785
1738
801
129
4177
2226
1800
95
3297
2263
2620
4920
2457
3424
4500
1326
1769
2500
4677
1444
1487
946
28
4369
1120
182
1337
3378
2072
1009
2844
2883
3018
4490
4331
1856
3518
4732
616
4705
3027
2195
1791
3666
4056
305
4324
1600
2704
2324
2062
146
764
1579
1082
3942
1007
4447
471
4666
3993
47
2349
603
2859
2596
319
3062
2029
56
2834
3782
1240
2137
2556
3536
4627
4115
2616
1203
1438
2933
1262
553
3320
1535
4548
3957
3244
2246
2145
2995
3900
3060
4848
3472
4119
711
1652
1025
2554
248
4307
4393
2566
3491
1005
3965
2148
2637
2808
2518
2050
361
4165
130
3856
4268
347
2817
117
4734
3630
2729
94
284
1826
407
1862
4968
1531
4561
2598
2724
4090
3006
3227
4352
3871
3262
3081
1570
2882
4817
1618
2339
4947
688
1564
3201
4827
1690
2959
2035
784
3701
2827
3689
3798
329
2857
1069
147
1960
2821
3120
2108
2437
2572
1000
4870
1459
16
2159
4354
1804
3013
4370
3794
3921
2127
910
385
1694
402
2111
942
3644
1406
5057
2213
1286
637
4641
2416
2806
1871
4264
4002
4366
3523
2639
947
2896
357
2768
4699
4629
1908
3466
854
4798
562
3916
655
751
2911
485
1084
2788
4198
4033
3430
4791
2732
733
464
2276
1294
635
3655
3184
3509
768
4294
2366
2665
4719
952
2945
1632
80
4419
2154
3243
3837
4364
5028
2385
3508
4599
1959
522
1124
1529
3309
4846
3801
3875
4031
349
287
383
3173
30
4460
5045
1347
1905
1194
4019
3047
989
4998
4886
323
1796
1931
3473
3054
3502
3959
4937
367
875
3011
1097
4255
3176
987
4573
705
668
1717
3987
3115
131
3679
4125
1525
2456
560
1453
1988
4789
2565
545
3327
1247
3650
5009
2879
1739
1887
4766
1411
2289
2838
3442
1810
4450
4175
4314
2320
848
3223
3705
4390
2099
1373
481
2319
3652
4830
2919
4183
3278
630
3010
4036
4357
543
900
4069
3322
2627
767
3068
243
2964
1490
270
2212
4475
2979
5035
2590
2486
456
160
4521
4353
1170
3009
3810
1315
226
3514
1300
5083
643
3354
4787
2220
3492
716
1348
2393
3079
883
2537
2395
3293
1696
4969
5046
2187
4211
788
3061
3275
1707
2202
3439
3219
133
1011
4396
2346
2543
1354
3372
4138
3562
3256
4568
4182
286
979
841
278
664
1425
5037
4466
2644
151
3640
1628
3939
125
2447
207
4957
1934
2415
3004
5004
1308
4492
2462
4136
261
2038
1817
4418
3608
706
4190
2007
301
3785
3759
2327
1962
1819
2054
3133
4942
4022
3161
2898
1336
3419
4113
3269
3815
2615
2368
2004
154
4695
3148
992
1838
3414
3195
507
3209
1869
68
304
4293
1289
4567
3555
842
2843
1528
362
4950
302
1786
4141
41
4582
2904
194
1760
3064
1532
184
4429
343
3870
687
1205
548
2807
3735
3055
4788
752
2673
5064
1002
4171
570
5039
1271
3245
1234
1582
647
928
4880
3519
2389
654
3438
330
4586
1758
2787
1267
4672
102
1814
4991
4713
2662
3373
1195
1230
2122
873
3762
4474
734
509
1018
535
2451
5075
29
2973
3395
3294
2361
812
4367
2110
2185
4037
259
3303
49
2018
2648
475
2359
3292
3757
495
2949
4223
960
725
1573
2314
3604
3925
4590
5010
60
327
3456
1058
4267
1454
1283
4029
2670
106
4805
2519
3314
3730
460
1849
1864
3974
3680
3834
676
3882
4061
4623
856
3529
337
1647
3407
4743
4807
4325
921
3163
4941
2083
2237
1159
4362
1273
1384
4576
4644
2100
2576
1076
4865
4774
2151
586
2216
469
2449
4422
4043
104
542
3556
2124
4639
2484
594
2338
