3975
3083
3599
2692
2936
2529
2042
4320
4285
2327
1618
4923
4489
478
5062
3108
2678
4944
574
4312
890
1466
1710
4628
4783
3421
4260
1565
1450
979
3917
4999
4394
1
2898
3089
4024
2813
4145
1763
4607
3913
808
4573
4441
2462
4479
4611
2752
376
3007
4781
2791
5061
4840
1842
164
2969
101
2253
4250
4143
423
4125
3711
1870
2637
1380
1656
2724
2704
4910
2051
4434
1848
64
4233
2487
2855
2509
1028
2004
2541
1145
4541
5004
5067
1053
3429
667
773
1362
1076
2160
2796
4676
1599
4150
4098
410
31
3789
2448
2786
878
1173
1266
2094
531
1608
3851
1001
4307
4345
676
22
446
2080
3792
263
3132
3783
1437
3216
463
331
3452
1892
4240
2359
4799
2764
3717
4495
4896
2287
955
1230
3777
599
3696
1504
18
1192
4644
2489
354
4790
850
4287
4535
898
959
4067
4919
932
2896
1552
3475
5043
2607
1530
4951
1367
1419
1836
1579
3347
2216
4831
4747
3544
1292
165
3025
3791
4539
1731
1696
330
2282
2002
2941
2728
2652
1495
4642
1136
4266
1378
5042
2902
2687
2593
4730
1247
2844
4472
2819
5066
2104
3080
771
4928
3667
2777
4839
2695
1514
2758
2694
3246
3867
2189
3328
2088
138
860
1638
2949
4675
3811
4921
4557
911
2780
2420
4703
2419
201
1388
1092
4911
3910
2070
4335
228
4777
1387
3462
2240
2730
1678
4931
280
834
1389
2838
3363
3642
2196
4034
2852
1472
4448
2091
3823
4620
4967
3882
4205
3596
934
2927
1265
1317
50
3876
627
2052
2439
4449
4131
1642
1142
3849
4322
1154
385
964
2010
3906
2912
1713
2232
4917
2170
1632
4359
345
3656
3327
4929
2629
1910
2320
448
2345
1537
1955
517
1059
3880
681
2268
2766
521
4670
4694
3071
696
4906
3573
2339
1081
4829
1528
226
2913
427
4329
666
3527
3925
3748
883
1877
4574
3182
4534
1663
5021
3530
3697
306
3677
4957
2820
2903
2685
2440
236
1351
2857
321
431
896
2743
4156
1726
3583
2645
1005
3010
3398
4207
4872
1069
4371
218
3467
2271
2641
810
155
2137
4076
10
861
1326
3509
4431
3137
3139
3798
4566
458
705
1267
4433
4671
753
296
1075
2089
2553
4908
2959
3560
549
5082
2409
5018
720
5052
1655
4157
1016
4213
371
4950
4615
2610
1468
819
3468
3779
4242
5034
4381
4101
249
2266
5058
1200
400
333
910
3030
3801
2662
4916
975
2572
3408
4731
2525
485
68
600
4598
2864
453
3643
2718
107
2625
4626
4239
2494
4158
3492
3712
4722
2797
4375
3796
921
2424
4454
4819
4835
922
3335
3945
576
282
2865
2992
2273
3609
2987
4282
2631
3263
5003
1400
3390
3049
732
1714
290
2978
730
869
1948
1320
1115
3706
1107
75
4824
82
1610
2859
2076
2191
2213
4599
1715
2983
1511
255
1607
3539
3622
3334
4349
4544
1014
3441
1895
1867
1831
2121
2117
1947
4222
927
4201
1561
1280
759
546
89
567
3909
880
4230
1166
4624
434
4255
1186
1339
466
4416
2882
3256
2281
2795
38
4549
2875
2129
4
3601
2775
4038
4948
115
171
4899
1628
2503
237
3768
5010
1994
779
4813
1974
3062
783
1776
4893
942
124
3023
4014
3386
473
2632
399
5008
55
1897
4284
3592
1272
3095
3332
2093
3381
1252
1701
3983
2861
2411
109
2919
1356
253
2404
2807
740
3412
4655
4756
2484
4226
4976
2120
2868
2784
1786
1559
4585
2264
153
225
1719
4820
4794
3634
362
847
3680
741
634
3233
938
1285
3989
3018
116
3276
3545
3782
1225
2889
4227
1512
1519
2078
1046
2544
3105
2009
3861
4766
1436
1581
3939
4588
443
3720
295
703
1868
217
1189
2605
3576
3341
3776
4979
2026
2911
1057
1962
2329
2510
2504
2776
3893
2837
2077
4179
3367
4063
471
3654
375
2074
4188
4681
4474
4660
1604
393
1541
3369
4151
267
4947
2383
2867
3822
341
4332
5076
3226
3134
1084
2195
2317
1223
2309
734
928
4617
2183
1415
4039
3788
2392
2876
4582
940
484
3392
3043
4656
3032
3503
2312
4789
1248
2258
76
1177
4123
3302
1175
3672
3869
47
4627
4762
3200
2738
4713
2365
722
2361
2223
4814
3504
870
2455
2020
1257
195
2449
4427
3344
3128
1617
2396
2783
2427
3048
2381
701
3767
2163
1171
2166
3955
4100
3505
990
2841
1497
1662
3351
3279
642
2735
222
1591
1809
4836
2874
3655
3272
4314
3770
1751
2141
4903
534
4214
804
2265
4289
3259
2862
3460
2293
3438
3009
4110
1240
277
909
2739
4702
358
1104
3212
533
1077
2690
4665
3901
2323
1330
2918
1938
3434
785
5022
5000
2952
213
2552
2413
1791
63
2579
4380
1110
3158
3293
2501
1364
1080
1987
1983
4059
1903
1279
45
3171
3693
820
1943
33
3183
2296
254
3695
2457
4981
3464
2136
3641
1630
482
1855
4562
451
2560
970
3319
1932
1908
1884
5002
497
3731
978
3036
3403
2035
513
459
1999
1358
886
4411
3715
2464
3067
1137
1549
3075
3661
2753
1878
3652
2279
1526
3145
2024
3210
314
900
3848
3477
689
3389
1385
5013
3110
3011
1429
4352
382
4826
257
2642
4113
1538
3060
193
609
1891
992
4393
1689
807
4025
3567
4017
2082
3366
3702
2825
2878
3213
2118
4243
1070
415
3758
2402
5083
4052
3657
2472
4526
4593
2575
4709
2252
4787
276
4443
3052
4099
3111
93
4719
2212
4185
118
2423
2100
1634
643
3886
3781
2915
4132
3325
4216
1535
563
1794
4390
4264
5040
3288
136
17
4334
780
769
1657
4770
4767
3572
3806
1989
5086
1888
4633
3713
2814
3174
145
3382
1583
991
4991
3143
260
1682
3763
4853
4281
3826
3518
1671
4650
1139
1103
1026
5084
1810
3417
1324
135
557
3802
3735
2034
1918
2934
1047
2595
4623
3805
4807
4324
4909
4000
980
2102
405
4780
5063
805
265
4467
2127
2228
4340
2508
46
3038
2571
4614
1911
1574
4211
3688
1827
4480
2334
3242
387
4673
1845
1605
4683
2561
4932
3797
4377
3301
4904
1796
271
2937
3915
108
725
4968
519
2890
791
2750
78
1871
2393
2230
3297
793
4565
1008
1505
3896
1585
3130
822
3106
429
2663
3446
2037
913
3606
515
4464
158
2460
2717
4023
5056
560
3584
3834
762
3835
2331
1423
2286
3762
1622
3237
4743
2991
3405
3265
2351
3647
1686
4946
291
1725
241
131
3277
1851
3771
1954
3442
3249
1532
2313
5054
4561
4837
1781
4860
4175
2140
1698
2895
866
1688
2576
2633
4501
2935
4874
841
2007
4399
3284
370
1900
754
4178
1963
4235
3031
526
1966
2225
4466
4323
4680
1506
2417
3994
4103
4914
4990
3024
1291
4902
62
3184
3502
1521
1803
4913
302
5030
1509
3935
3185
4765
3251
361
3624
85
2073
2193
3761
3252
4120
384
713
5073
4718
1040
297
129
3546
2506
3986
3941
3860
1626
4998
2371
2546
2283
2980
3911
2577
5057
5074
4506
440
2671
1934
4011
192
5
1887
1052
3022
1875
4943
2201
338
4135
4075
829
2428
420
4720
4363
1098
2047
731
4168
919
4232
1928
1849
5077
1846
867
2720
4649
4638
711
1353
363
1493
4994
925
2290
2788
1985
4315
1238
2597
4972
2187
581
2666
663
1235
1422
288
3074
717
3308
140
1740
3636
66
3676
4004
4326
4097
1268
4606
1140
1428
2881
3565
1929
848
555
3076
2450
1667
1491
273
564
2185
4091
3292
3114
2033
687
272
4485
3531
4432
4688
3399
1446
4517
729
3563
3113
1146
4391
1102
3837
1184
2388
538
920
2379
175
511
4792
989
65
2596
204
4438
2621
908
2774
3180
4717
4414
1375
2438
1648
1533
3361
2803
4270
4244
4436
961
1258
2744
1635
770
4180
5075
44
4751
512
4885
4882
262
3942
2835
5015
1596
2971
3063
2622
3808
2523
2967
1914
4907
336
2090
3413
1126
4687
1702
885
3928
1382
3646
3675
3232
324
2067
4065
3181
1138
1524
1448
4358
4616
719
215
755
26
994
889
2086
698
4261
2218
3278
872
3153
2145
2161
3863
1094
4246
4784
1546
756
1148
279
1909
2431
5080
2442
4933
3701
3472
3197
141
3420
4859
2897
3526
492
2394
3723
2461
2222
2079
2996
3992
4707
3921
3223
3737
2416
3812
945
1204
507
4187
1088
3617
312
3346
2335
4701
2156
4070
2805
3881
837
4663
2558
2782
1407
4538
1212
4463
184
3744
2564
2017
2480
2810
4073
1790
3485
1652
4852
3936
3407
2933
303
70
1359
29
776
4877
2300
2798
680
1365
3449
1727
3855
353
1100
2366
4796
4737
3234
1792
4546
4508
1783
25
3976
2302
3588
2038
2021
3522
4468
3810
1899
3809
2646
479
1606
275
1749
1470
2887
4855
3873
3077
127
99
3515
499
4154
4041
4864
475
625
3569
1548
1757
4996
3148
1949
5064
697
4522
686
3224
3231
2199
2138
3198
4774
2243
4714
4738
2930
2459
3510
239
3499
4715
1233
4122
3065
4194
2669
1465
52
2661
2370
3870
4121
3400
529
3877
3628
906
2950
1340
1399
1050
4042
3000
4870
284
1850
3364
1580
1863
185
3299
1207
4296
259
2398
2761
4221
2178
1774
4721
326
3922
2920
1357
2815
2152
2316
1793
2498
2408
4193
4496
350
3793
2956
1478
2490
1430
3670
2909
2372
4524
1734
3003
4684
187
4569
4253
3519
4503
500
986
229
2453
1865
816
2278
3746
2884
2122
3354
2657
3395
1036
3795
2071
1342
1744
2779
2177
137
3586
4200
5078
1721
3905
2907
1789
4558
395
3885
216
4357
310
3445
2497
4197
1007
2528
1336
3380
1315
1901
4528
3772
4982
1454
2130
3307
852
3402
3167
3068
4116
4888
4487
1650
1352
1071
1323
3457
2628
1992
3875
352
5032
231
3570
4716
2639
1169
2176
672
3411
1301
3059
428
2376
3221
206
2877
4086
1453
628
3244
3404
4773
1078
391
4249
949
3496
2880
2522
97
2627
4271
1217
2496
2128
2356
2103
2221
2559
1042
856
4705
3790
1780
1486
244
373
3879
4460
2985
1768
4844
3632
3379
931
4920
4594
2445
4368
1117
1377
72
4939
227
2368
168
4698
1147
1034
4584
490
4550
1706
4176
4275
1201
2403
294
2538
4596
2174
4252
2422
4026
2681
2667
2562
2604
5036
620
2314
1917
3443
2391
327
2549
2944
1756
2333
4871
444
3543
1828
4430
3480
682
1321
3970
3707
1623
1735
3785
1460
3918
1798
2062
670
1927
3514
4453
2325
1898
3489
1304
1815
3401
1997
3190
4365
1640
4563
4879
3813
2848
2513
1600
2410
167
2693
1513
3331
4863
16
2700
2702
3214
2682
516
3358
591
1090
4657
5044
2049
2826
2106
3388
2942
11
2665
1325
4019
3330
3497
1724
234
3944
1062
3050
3932
4360
4164
214
2537
292
4186
871
4268
3714
3206
1981
3046
149
4254
435
1839
2818
1520
3610
2289
1931
3459
488
1993
92
3534
3202
944
4938
2683
1004
2929
2319
3981
2563
2946
3756
727
4203
4300
1902
1463
4190
3207
1274
2833
83
2574
388
2155
2960
1345
3163
3681
3267
4965
862
937
3225
1611
3780
565
3196
613
3541
84
3220
2452
3092
4735
4372
4712
1814
433
4748
3140
4785
1111
1847
3626
532
412
4299
2603
1150
1259
2244
102
3188
782
2040
1881
1135
1543
4823
5055
623
6
758
854
3461
3096
4258
1485
4622
4127
941
1149
2207
2280
1006
2414
3303
3716
981
4208
684
787
1051
157
2609
4308
3312
3640
1582
2387
4210
4788
4512
1060
3524
2789
100
1276
4029
3673
4027
4476
554
543
1880
1964
5006
1553
4279
4153
4107
3629
3304
4868
2590
662
3605
577
2275
1723
4988
3201
1717
130
4847
1433
4915
1368
3722
2945
4605
28
956
2532
1704
4224
133
4742
3187
3710
3290
2443
786
460
2198
1705
4183
112
4815
251
2617
2324
1341
3730
3383
3604
506
1482
455
553
2543
117
4106
2849
4148
166
4936
1677
1654
3141
3650
4451
2866
1346
3482
156
514
5001
4423
3275
4961
4545
3963
3121
1023
1589
830
601
1441
1058
1745
3219
923
4793
2050
4739
1408
4142
3979
2540
3271
1944
4066
4306
800
939
1277
528
1972
2295
2771
4333
803
1264
3396
105
3253
4838
1785
983
1746
3414
3747
390
737
644
3521
1203
3728
972
3664
4060
1191
4791
1281
4548
2765
2817
4662
2385
3359
1651
4361
583
999
3721
3172
2533
1595
2916
4778
2731
2194
2707
2355
1603
2588
481
2713
4758
1043
4440
814
4136
2219
596
1926
4278
4643
4621
