3715
4161
4928
4634
445
1281
4639
4381
1273
4798
4545
2612
1940
4154
2320
4180
2856
4606
2487
3015
3313
123
4673
3088
2027
3112
4196
1852
4938
137
4534
1124
4773
754
4447
2672
2323
2285
508
1097
4350
4322
3724
743
1072
1009
1989
4155
3745
2458
2554
3317
4495
3265
1770
2286
3347
1322
1302
2743
3739
2790
2069
1460
4564
4230
530
74
2566
1202
1634
3846
4916
1719
923
4465
4242
3528
2890
2239
4824
4533
4760
1067
4081
1434
2000
2586
2641
1903
94
1150
2834
3634
3262
1720
1893
5001
1816
4227
3328
1061
4722
2145
4390
1114
4095
2830
4394
1175
1691
1711
4581
1071
3421
5034
3789
2738
2361
3512
707
51
2252
1646
3780
4152
1960
4541
3508
3676
4056
317
422
2971
3834
3997
2051
4715
385
3319
2975
231
5036
82
3119
2274
2573
1485
2331
4296
3706
1899
3646
534
3651
1672
4040
2999
550
520
4010
4348
3021
4548
1484
2333
3863
3497
4125
1519
3458
2082
3718
727
882
4958
2397
3791
5088
4376
4088
3494
25
996
4569
3120
1100
2745
4597
3251
2232
3775
5073
3010
472
4940
2125
2050
2923
2292
3701
1984
806
4924
2621
4851
15
822
2101
4870
466
4043
867
711
1473
467
3232
4644
4148
2556
1477
4386
2032
4086
1821
1123
4129
2460
1656
2916
4317
2885
514
1889
1905
4685
2681
2794
4687
3981
4700
43
1779
406
106
3211
4812
1985
3757
899
673
2752
3723
4060
2455
3452
4073
3209
4901
4780
4484
4272
2450
2625
2508
4325
3963
1537
3668
2495
653
2979
2913
1149
987
4540
655
2019
81
1504
3126
1429
2371
362
1436
4365
4982
4965
2976
4663
4349
971
163
3144
233
212
154
4248
267
4065
2325
1975
4855
3072
4939
1405
2247
3059
1935
4433
4659
293
3115
3039
4320
4183
4706
3428
1357
1052
4723
744
960
4932
1715
77
3025
1718
2577
3228
3078
1355
4708
4677
4699
3102
1743
4309
1841
4191
108
2306
559
4520
1567
2731
1524
2214
2653
1090
1073
4761
4895
3454
3554
2475
2033
547
1105
3422
4791
3285
2198
1256
1134
5085
1530
4889
864
4251
1083
4016
5055
3516
640
2210
4337
1296
1706
725
4852
3710
3356
1371
4847
1036
1381
2083
2820
851
4869
1369
3932
4493
3708
4999
1103
1980
4126
1008
4405
3605
3096
2739
2580
1131
4370
903
3451
4774
3314
4156
4243
2335
2307
1401
4052
841
502
2227
584
2162
4222
2682
1849
1511
4903
249
2259
1065
2968
3549
575
4189
1630
341
4332
2334
1659
1495
2770
2974
1662
1540
3658
1153
2136
1298
3866
441
1577
4313
590
2869
3899
3678
3235
4998
295
877
4169
1146
3657
1326
417
1936
2724
4343
3037
3457
501
3109
3352
76
83
3171
2563
627
1613
129
4124
1629
4790
4758
4266
4710
541
3321
2093
4882
2172
3703
3685
4199
1352
4511
3214
479
3613
1681
1151
803
2034
3337
4664
3441
1898
4734
2892
2521
2831
4781
188
3155
4815
2718
1299
722
4684
2717
2343
4915
1675
1990
4438
2233
3034
1830
334
634
405
4977
2734
3629
2030
4218
4705
2777
2826
938
5065
3143
662
3364
630
4698
2978
2944
1249
1277
3844
419
2940
3343
747
2579
4158
4481
4793
4570
1354
2943
1610
1476
1121
3003
1147
32
1604
2642
1278
883
2694
4954
3843
3906
1343
314
3529
90
1783
512
3635
4695
4880
54
4216
2534
1823
3163
2073
3449
3823
1892
1742
838
2924
2888
2076
4635
4896
2492
4636
2817
3958
2858
3067
4521
3713
786
790
3091
3400
368
3169
5079
1508
639
4518
2603
5017
889
2186
1741
3915
4656
2087
3393
2501
5066
4195
3394
4233
2449
3877
1527
1246
3598
5002
411
4299
1505
409
2156
3594
4670
17
4803
4936
5048
3868
2838
1746
535
1270
795
1363
1597
1516
1261
4848
114
95
2448
438
2105
300
3907
730
2238
4257
2052
3665
145
1551
2966
3879
4872
3178
824
3960
1771
3778
1958
1678
4166
2263
2816
857
1871
3852
1361
1682
3811
5043
3517
1337
4460
177
2989
4947
3867
4482
1023
2246
778
4017
2014
1165
4066
3979
924
4480
104
1448
4822
109
1007
5038
3222
3621
3815
1627
3075
548
4753
1046
413
3197
1203
2983
1967
241
3248
2866
3048
4701
2729
3286
2762
1012
2759
4990
4239
3473
1179
3596
4057
382
1976
1972
3849
5027
3530
4
2309
3359
3690
2659
1888
343
1126
1894
4598
1782
1959
323
4284
3572
4834
2254
3897
692
1736
886
2787
399
4878
1475
929
614
4080
2583
2222
3466
2533
3591
1955
490
4602
5074
1032
2248
416
4265
518
3812
2269
5086
1081
3237
4997
1148
1492
563
3534
1949
1260
3383
3085
4269
3092
4150
1859
1996
2395
4473
626
1544
821
2489
1884
6
1950
3798
4144
2868
2930
1993
1663
1837
2013
272
902
3477
369
3826
1667
4624
1829
765
4254
3824
200
2582
4228
101
1313
1805
3595
509
3057
2671
2812
1115
888
3438
3694
2368
2882
644
1531
4563
3227
4177
1997
4459
1465
124
1919
3986
3104
895
3429
3258
3547
4526
2273
2288
1265
861
1306
3953
939
3521
3957
2417
1217
3667
1503
849
2491
4000
4850
629
1109
2360
2376
126
1813
3717
3929
2042
139
98
4435
2313
2297
4654
1181
3510
3135
1579
3157
967
4738
1255
5069
3443
3845
1822
944
3650
2443
3500
3674
5003
2781
3954
1752
4165
9
3233
1666
733
1697
2322
3408
4867
1464
85
4792
1648
2649
315
517
1818
4535
3535
4519
3467
3829
3816
1082
1389
5067
360
549
4770
556
995
2629
1649
4213
915
3624
1220
2689
4777
4224
3851
4389
2920
2704
1866
482
5087
2412
3416
144
2103
991
4964
2600
312
1730
3279
1628
4231
1462
3785
497
437
3401
2764
1603
2312
290
3653
1631
1521
536
1773
898
1421
3161
1973
3636
2821
2200
3686
977
2509
1948
4031
4504
4955
2165
4437
2383
3813
1838
1806
1112
3984
58
440
3580
1142
1819
4912
2702
2543
3199
1028
3351
738
446
4108
1563
453
157
2235
2853
4911
1938
2669
214
1688
689
3172
1766
304
4141
3593
5012
4112
3208
2807
4752
4454
4811
4716
1169
687
1213
4823
3695
4138
2661
337
3714
4948
2799
3306
2318
4830
3058
3704
2867
352
3620
1451
675
2251
1523
1525
3185
1810
4527
2403
4555
117
3082
3315
449
3582
4704
2493
3134
4004
544
3601
2258
3628
229
4003
1638
4628
5000
4884
156
3334
4275
2078
2608
3468
5050
3908
1029
4514
1968
4142
818
997
1528
2987
1118
1006
1060
3762
1722
4444
1724
764
2164
5059
2240
2960
276
1923
2163
4168
1660
0
2406
3809
3241
1598
4937
4427
2542
4220
906
4201
4449
1085
2994
185
2381
1533
2249
2941
3616
4974
2203
969
3736
2638
134
2117
3445
4593
1152
2113
2555
2107
2167
4274
2889
1325
4508
521
1851
1353
1911
227
2296
2261
2771
2601
4496
3420
4785
1912
840
540
350
4071
2900
523
3041
1054
828
1732
4856
3194
2693
2730
2986
2626
211
3174
1214
3391
1555
49
3434
3759
2945
326
4294
2982
3754
1488
1867
1586
2378
455
989
415
2369
410
2544
4813
4672
3803
3255
4643
4919
2396
714
4530
3522
3568
3965
2365
2998
2293
2576
2716
683
1825
4179
195
4776
4618
64
1617
1690
1236
862
469
4198
4787
391
1079
1380
3983
1877
2822
3560
135
390
1145
4368
1716
1057
4571
1291
3070
4170
1895
3366
742
2833
3140
2872
2388
3597
3253
1384
4018
4428
2628
1748
3064
3307
513
254
1360
4061
4128
3682
618
2859
700
3218
1238
958
2665
3990
4789
3716
859
3446
2394
3735
4543
2115
2064
1330
3292
375
3821
2553
4732
3505
427
1447
2213
4782
2766
3562
2411
3506
4059
1696
2183
1198
3390
3810
1828
3474
2446
961
2342
345
297
2423
3950
594
920
2680
625
4385
887
1891
4241
78
2148
4341
28
3970
71
2964
1331
1929
4665
3543
3459
316
2255
450
303
3740
2188
1096
4836
4133
3456
1953
4763
4662
1924
755
4359
1995
1815
4441
4391
793
918
2212
1136
808
2384
1491
4863
827
1881
2679
142
3272
1900
1784
1982
3801
1439
667
4983
685
1044
2965
3333
2420
2656
5063
767
4221
697
2004
1319
4703
603
2366
1399
4477
3944
4479
566
4499
2991
2513
2086
3509
2380
170
2477
3188
4831
1590
2418
4450
3472
2842
4927
3539
19
2310
1641
844
1616
182
307
1906
511
4650
607
955
4082
141
2588
4260
855
3818
237
1189
86
3324
97
3363
457
184
79
3147
246
434
5077
949
3832
1553
1661
2168
3639
356
624
1642
4805
2012
2349
2029
2321
796
2111
4319
1915
1611
2919
1856
5042
3991
1710
686
2733
4115
2596
4393
1729
2429
1788
582
2437
4099
430
5052
2829
863
1222
1463
2319
2065
2864
835
1999
2062
4788
4952
3223
568
1584
408
2992
4146
746
1250
448
1876
4314
3649
2646
4845
4744
4736
1836
1873
361
1017
1747
1
4425
3133
2370
3837
4658
2118
4229
4323
766
3054
251
4100
2760
3484
3911
2390
2271
719
3731
2338
5023
37
4560
4918
876
190
179
2736
2040
1998
1904
3183
1845
1606
2711
3264
4944
1172
1494
4087
2741
4159
4070
4237
4515
1994
3784
5004
2722
4440
4921
2907
1402
3725
2710
4604
970
2244
1932
825
24
3056
2100
462
3326
3767
4258
2190
1305
4748
232
4111
2909
4648
56
4354
763
3
3376
2340
3891
187
92
3774
2773
4951
2845
4858
2515
3344
671
1196
189
2512
4671
2614
936
2058
3573
3372
2234
4288
4717
4897
2695
3587
3988
3755
4885
2786
2895
226
834
2784
1541
740
2921
4575
1062
3730
1921
1761
810
377
519
4361
1501
3023
3885
2798
3203
3622
771
4092
2305
1208
999
3071
3339
2484
2459
1030
4042
1119
1388
4509
3737
1408
4184
2138
67
4691
2854
2451
615
3165
3032
1831
3490
837
1969
2178
3278
4547
2181
2424
2810
279
574
1908
2015
3763
5060
811
2009
773
4981
488
3411
3294
18
1701
2587
333
4457
2025
1774
1218
2934
2675
346
1920
3711
885
4489
2140
4375
797
3974
2740
1914
1861
1890
4055
2303
471
194
3797
905
2776
4613
2684
3647
4779
269
1138
2876
1409
748
2022
2439
3825
2887
3732
2099
439
1587
3749
1307
2480
4661
3748
2003
2753
325
3537
3439
485
4528
2648
306
1623
2182
4674
1342
1284
1902
3557
2825
373
1424
2549
349
1104
4562
3662
1964
2276
2356
1922
4038
4765
1184
2283
60
3645
580
1576
1404
2284
1565
657
1574
3618
3760
2894
1591
2039
1692
1133
1594
4590
2662
428
2840
3941
125
3382
965
1177
1444
3244
4151
4374
3361
1566
4666
2031
1219
3368
1740
2498
133
112
1526
750
110
2079
3707
4994
1749
2434
2995
3558
972
1095
3113
181
4544
4488
159
2109
1224
1309
1618
2289
397
5033
674
5072
1875
2421
2785
400
843
3971
4264
3536
4120
143
4303
474
4679
3482
3375
2538
2996
2354
2560
4978
1791
4207
1228
3900
115
3589
1430
4621
3892
4802
820
1041
532
3654
2727
2224
4513
374
4366
942
3903
703
2131
2915
577
3386
3225
524
2472
2901
365
12
3260
3226
4609
1292
4745
609
909
3942
3192
1785
5011
3303
3061
1868
1581
327
4707
2144
2080
4586
3886
3698
4271
4766
3280
4714
1833
1769
1880
919
174
3792
1925
1800
1282
3250
2950
798
1510
4163
4649
1755
2098
801
301
2795
404
2535
1709
1308
869
1695
595
1907
198
2904
4531
3973
1300
4814
2106
2720
870
2709
3396
637
344
2229
4696
3559
3345
1419
4522
2085
4219
30
2133
3802
1206
372
486
2110
2166
4297
2926
2914
47
931
3800
470
3207
2939
564
4647
1088
1001
3556
2070
704
927
1518
3418
1918
4461
3630
2917
3177
567
3331
4694
1328
3205
165
652
3607
2441
4633
3659
739
4217
1486
4383
2486
4083
2217
4574
608
3146
2676
1963
3808
2146
3702
2815
4989
792
917
3257
3129
606
5019
2663
959
5053
4567
1215
2746
2519
1596
4808
3050
309
3491
287
1708
3796
3212
4048
245
1731
3563
1712
3590
2517
3073
1016
3980
696
2723
1683
4290
1971
4121
5083
680
3727
4008
1248
868
3159
4864
4324
1978
3571
1896
1786
2707
100
3103
2197
2958
3261
1442
2127
2267
2300
3502
3181
1734
3948
1979
648
1161
3338
1200
5064
1564
87
4392
3873
223
4411
751
2802
1076
4134
2516
