5403
686
7789
4775
3067
3957
1936
7991
7951
4235
4321
7709
3921
6460
6008
4845
6203
6744
8436
2719
8562
8680
2916
2763
7455
5781
525
8279
6316
5475
2710
3095
3554
6338
3825
4903
6059
6169
544
8707
8532
171
2266
4400
6430
6443
7568
6670
7598
7269
4821
7426
7347
5332
162
541
7280
6267
6805
3811
4879
6365
5358
6510
7971
8088
1222
3356
2625
8188
83
4557
6432
2502
5717
546
5203
3305
4925
5940
3376
6634
2177
111
2657
909
7083
2593
3060
3107
4290
3267
2294
3567
7259
168
6933
1025
6051
5097
6251
6396
581
1237
2020
8755
4402
7742
1407
105
8200
3368
8724
865
3849
1642
4102
8373
4142
8118
5548
4496
5535
2109
4984
6580
655
2119
1496
1514
6164
2493
1500
2448
1
3650
4288
1195
4037
4869
5950
5428
148
5885
18
3392
520
5223
375
822
7370
6004
1113
5449
7101
6614
214
7887
7246
3877
5934
5136
4042
5209
1874
5095
1894
7295
4886
3848
1580
6941
1365
8663
4098
5913
5590
5816
6161
7173
950
4410
3638
664
2899
7653
1061
650
5748
1051
7623
1375
1690
2414
3918
668
5966
5696
2965
7829
7115
6931
6118
7555
8565
65
8123
136
160
2820
2987
7577
3099
147
3859
4417
8585
8629
2672
4108
3306
3397
5333
6303
2895
6320
4838
5543
7199
1720
5083
1034
4736
8649
1869
2260
4833
4687
6733
3676
5834
839
4264
4498
3958
3295
6961
2617
3631
7460
2314
2724
7535
3832
7497
432
4184
1863
7369
876
1387
6000
3515
1121
747
4922
356
790
4514
2769
7924
6763
5557
743
6255
1106
880
3665
8184
3415
6890
4758
7262
7150
1336
1280
2451
8648
7878
387
7477
2845
2003
5363
3081
1430
3416
8192
6966
8376
427
1879
5305
133
4723
7303
3669
110
243
7007
8035
6297
377
2350
8374
929
558
803
1348
8056
2592
2421
2207
3618
5975
505
4377
2829
8769
425
5822
1543
2532
2046
3260
4596
8186
2228
3791
8607
3180
2227
4387
3199
341
8084
6623
8717
4876
3412
7288
4105
5125
6653
1725
8705
4010
2101
6036
4320
8645
1230
4401
5039
3873
8041
7634
5478
938
1135
8568
1521
5402
8142
7589
2214
4999
2600
1183
8248
4124
2507
7319
3595
5049
2380
1572
4942
8159
6584
4445
2235
3104
3841
1964
4006
1031
1413
3425
4065
1676
3928
3718
7052
7158
1246
1137
2874
4313
58
7335
354
4746
49
4847
6312
2578
99
1978
4966
4336
1705
3176
8746
2286
6021
5080
5672
5964
2196
8190
5902
1949
4619
6794
1426
6173
1933
2295
220
856
4853
4022
5569
7279
1217
3189
1285
6232
2130
8655
3974
499
1957
7527
6604
5472
901
7322
3961
1338
4381
8210
1156
750
4834
4074
4592
4559
2855
813
8534
2919
4073
8322
5122
5019
2200
5955
4470
3536
4682
2170
6123
2187
6843
7567
8375
6370
4739
3646
2474
4976
5421
4737
8211
8423
4613
4338
986
2549
6683
2647
4954
6850
3740
4617
1186
759
2376
4146
8556
3994
2520
6729
1876
7139
5000
958
3815
2042
7727
2136
5349
1669
1985
324
4813
6453
3019
2649
7958
3312
2857
8567
8458
358
2387
7167
2828
4919
966
945
6055
3078
5497
4257
8378
6366
7553
3256
3408
7543
7328
2844
878
3758
7148
5373
3570
1486
8032
7002
5307
7048
1303
95
7796
371
578
7719
2999
94
8351
1542
2860
1706
713
7526
2402
2211
3155
7258
6546
6671
2754
3012
5411
7813
6304
8306
1507
6375
2244
2868
5596
1015
1818
1208
3108
5029
1592
8395
6662
5841
2456
191
2040
8725
4035
1640
4224
174
7309
3703
859
5059
2753
952
6479
1240
5465
1247
3576
6113
942
2393
8197
5479
5697
4890
6262
5771
3770
3491
4079
5527
5817
3860
6987
1997
5310
2774
3105
4609
1250
5505
2505
471
7874
6783
1002
467
6532
6902
5634
1480
3781
7217
4689
5863
7740
4049
5191
6607
472
559
7072
538
3644
6732
5183
3797
5675
2587
3651
3890
2511
8448
6035
7098
6377
5046
3406
8636
819
1317
6983
3875
7896
722
4140
1022
6287
7286
8418
8570
7144
5283
2516
3755
4806
7818
1011
23
156
2897
6577
2974
5631
4568
3520
7180
1269
6484
8774
882
7453
7539
8729
5928
6943
2475
7754
4484
3005
7695
1995
8193
8080
8517
7466
4258
3966
8787
6833
707
6886
4862
6555
3422
4788
4672
1294
5069
4456
3429
3461
3514
8605
1165
8353
3371
7464
475
8615
6281
5638
4971
5563
4226
53
2384
1688
2612
137
1824
7009
8601
6549
7476
4443
7213
4154
562
4792
3226
3976
4964
2756
2117
4159
7313
5466
3420
8618
1272
3573
7909
5879
6519
2760
4796
5352
3509
8225
6968
6511
7209
1390
3455
8302
491
5396
5875
3629
923
44
8033
4468
2785
2626
2669
5765
606
5646
5580
6172
7445
6660
1622
4477
12
3278
3881
272
1928
4740
5027
5281
254
422
8414
5318
5010
8718
6041
4024
5174
3909
8268
2709
2980
3110
3763
3552
56
5808
7252
4403
3355
828
8777
7039
3834
5457
1536
8047
6205
8051
8015
5818
6412
6037
347
7205
3704
3443
4508
4334
4944
645
3343
1973
1728
7994
4499
2688
1925
3198
5614
3063
5514
6194
6392
1999
2164
1346
548
2589
5255
2654
1096
3884
6038
509
621
3749
605
2550
8762
290
782
3558
3115
1822
8111
4348
8637
2186
534
3955
4028
6090
3039
1104
622
8153
3053
6421
7343
2057
4641
2265
4335
1804
5381
1889
5426
2907
8145
3413
7715
7434
