5040
5607
7182
3990
2274
1424
5903
4320
7071
4302
1740
6891
4323
6497
8350
4493
4453
8575
3439
7519
1026
7979
2531
9670
9893
6936
4627
1858
3692
9797
9360
8957
7497
2165
3488
9221
9896
582
452
1449
7714
3683
7234
9356
8543
5554
4067
4437
1970
1244
634
2794
6966
5660
8992
9500
7860
3807
1784
4222
899
4571
5054
4551
3389
5449
2101
8953
3435
4254
769
5056
6807
1631
3748
9594
5052
2625
7782
3735
351
1466
1853
2802
7095
4620
3433
5392
6271
8710
4379
8238
7387
1897
7767
336
9519
892
3434
9785
3090
9177
3446
5550
992
1073
1867
9991
8310
9605
9438
5485
2590
2830
9588
4361
8066
4584
6800
6872
5015
8308
6177
6025
8593
5583
6605
4665
9714
3994
2127
212
4038
6283
5230
2388
329
809
6357
4463
9002
7058
8862
1044
9993
7057
3983
9659
5863
2635
814
9036
6835
8
4191
5980
4993
5773
7717
5186
4857
476
6909
3844
996
183
2689
7596
9541
8031
4669
3351
4188
521
2987
6303
6246
2883
3279
4080
5930
541
5374
1920
2800
84
8327
589
2774
6451
419
6157
117
981
3937
1928
209
2530
121
1723
7834
1296
6774
301
8814
9926
4482
372
965
9445
7594
1683
9736
9685
7045
6055
1011
193
7314
2804
5609
3209
7268
448
4235
7290
1285
3480
3103
3248
8432
6962
9790
547
9644
9534
3580
4503
4617
3900
675
1418
8414
5475
2233
8483
9236
9191
6615
3391
6960
9689
2365
5367
616
7518
2042
7660
4430
4002
3133
600
8464
397
3619
2144
3445
3705
5851
7104
3779
8847
2882
6409
5435
3240
1136
6260
8223
5883
3151
2158
9216
1351
7059
5927
5172
862
4926
6549
2845
901
9241
4780
8910
2321
9875
5179
5549
5712
1943
7543
3755
2198
6855
2295
789
1040
7915
9255
5680
6355
904
5012
2104
2132
710
5409
9629
2522
1018
6506
5956
4155
5700
9711
3283
69
3102
1717
3211
8777
1343
9733
153
4894
9720
4815
1318
7492
2994
1831
7472
8689
8116
613
8573
1626
6423
1162
350
6078
3109
7246
8995
9545
8585
8921
72
857
6326
3974
2247
3594
3638
531
5133
5908
8230
3542
1220
2002
2905
4760
6496
8204
658
595
6654
3072
9652
9350
7188
60
493
1281
9527
9568
195
4712
2558
5911
13
5511
5643
2315
1755
3800
7147
1362
2163
6691
4095
5145
9107
7336
842
7214
4092
1900
1553
8392
7598
4740
4277
9850
967
6063
8770
3736
5038
4307
7329
4099
8280
2562
8224
322
4474
2858
2402
5708
8742
7713
3718
4126
2786
6235
8340
8499
8064
9619
441
1452
5582
4399
7331
7161
5645
2805
8487
5142
1
3584
5999
3316
8300
4605
3757
2483
7667
6556
1807
758
2044
9256
3087
5204
123
2224
9258
2752
520
8453
1047
5147
7547
5621
5771
6668
5678
8563
4908
2156
6183
8809
8397
3251
5754
2512
450
2508
4491
2879
9324
1354
7255
8387
7661
2920
1241
8198
4907
230
947
7256
6475
2231
672
8896
9651
7527
1911
3263
196
7213
5707
1510
4981
1791
6728
5050
4225
5692
603
687
9542
6938
2790
4119
2016
189
5243
4071
199
8723
1471
7287
3546
8299
5501
1744
7790
2005
7282
5739
4788
1966
3471
7007
6834
2688
2291
2122
5858
2523
1325
6531
4589
496
8608
3535
2324
7499
2976
4374
7133
414
5815
362
6199
9558
6603
425
5666
3227
3430
8231
8349
1732
2908
3742
1174
510
9187
6443
1653
7719
6189
1660
3804
5781
6405
5161
8934
8558
7035
7399
6608
2164
2194
7478
9520
6474
6302
6822
6665
8039
2535
8256
3527
5444
8330
7393
3468
6707
1082
5005
2494
9607
5847
6275
9634
4231
978
2337
1803
3562
4298
6349
5695
9668
3303
8961
558
1189
4475
7227
2917
2875
280
8406
1012
8439
7925
6662
9803
9213
1643
5960
2792
543
2138
506
3339
9078
8339
3680
2633
4073
5234
1984
4417
8894
6846
699
4770
4241
7459
512
6363
3522
9957
2499
9339
2456
3220
8209
2825
354
9763
4724
6193
95
4726
4396
2995
9526
4615
4185
345
5797
1232
1659
5757
2803
8639
7484
492
529
2757
4376
801
6128
2219
6306
1847
9209
9905
7688
1929
4436
6865
1706
1377
7862
3294
4568
9000
8153
3138
1952
7491
5663
4919
3831
4844
9688
607
456
6975
6268
2578
9919
5031
3293
7089
7942
7583
1781
1989
2268
6644
1439
805
7562
4264
1566
7481
4591
2167
1595
8756
4129
1023
9988
5396
1206
3929
2212
6250
237
6137
620
5760
2227
8109
4702
1813
2555
4233
8375
8917
7566
1001
750
4976
8839
767
112
6741
825
9547
494
3276
2720
1489
6003
7954
1508
3161
9518
3809
936
5891
9756
1520
1112
1532
8440
3948
1697
9553
3086
1150
1427
1451
388
2480
4083
5845
8465
1330
8461
9179
9452
6880
3925
2317
1256
2963
9242
4801
4663
7899
8947
1833
4082
861
579
6873
674
6500
9911
1290
2551
5950
2223
742
2199
3003
6008
5478
1905
514
989
6187
2709
202
3888
9860
5614
2844
9361
3529
3828
8183
5055
1567
8580
7449
5425
1467
5687
5579
4901
8071
3695
1104
4383
6610
3987
5223
3011
5670
3920
6545
3396
6027
9003
2737
7465
9718
8838
6574
1606
1752
649
2918
8393
3082
9627
9570
2355
3349
1999
3250
930
6570
5810
8336
2701
3489
5839
8790
3894
6729
9846
643
1714
1148
7800
4075
4471
9630
8587
8175
3247
739
6487
1334
9405
3476
5662
9583
6931
2293
1065
8234
2832
6163
2255
326
6452
9195
4542
6579
5183
6789
9881
6663
7417
7444
8018
2469
9290
6437
2647
8095
5906
1008
7955
7672
5948
137
6661
2454
5310
4975
3000
9076
5394
5939
7046
3373
910
203
4821
1120
6976
9193
4273
3880
5997
4021
8188
2039
6708
2833
3084
4013
2114
8288
8854
6489
7121
7976
3255
5933
8719
569
1287
9268
4216
3058
1808
2912
8736
3753
1675
3001
9342
9341
7028
798
3545
272
1962
6317
1262
2949
2940
9876
9306
9391
2921
1794
7973
4494
9399
3845
453
1686
4995
1242
6593
1230
7306
277
369
6507
6490
1390
23
2788
9168
9928
1246
5642
7678
4425
6786
4107
1267
3723
292
7235
6963
9663
4692
9294
4839
9244
2977
7983
7132
5187
6397
6752
3454
9048
5039
7261
5004
8626
3696
5058
7928
3423
4291
1304
2290
4097
465
4834
9009
404
2174
4884
7515
294
5132
4149
9385
7673
1487
2923
2411
1730
5051
7712
1621
705
5731
567
2372
7359
1025
75
7470
4855
5413
4041
7124
2855
5118
1654
2717
9818
5265
3827
2653
1111
8830
2822
3910
1276
931
3997
7669
8500
9725
2340
6990
4175
2915
5470
2956
2887
9218
542
2705
5469
7475
8273
9880
9240
1757
2275
3621
7765
5287
3636
288
2453
5818
5245
1967
5279
7386
4853
4628
4454
8903
5018
9100
4489
1909
176
1533
333
7347
8257
3877
8037
7680
9027
6523
5347
8404
9261
3817
5218
2367
6617
2281
7726
8196
4371
4456
6053
4462
4927
3037
1580
2714
8991
9693
1137
3414
8171
3758
2141
4875
6706
8636
8959
6427
4040
5027
8043
9043
7196
574
2622
7970
8977
2054
7093
5235
6028
3961
6724
3081
8489
3044
8668
932
3306
3395
2486
5832
8378
3579
9754
6759
4334
6494
5978
4854
1665
7853
3232
3477
8035
1590
897
6958
8496
3769
9457
1408
6468
2498
5023
155
2868
2540
6378
5619
3901
8211
1912
3889
9141
3075
8456
5276
732
9466
239
7494
7346
7489
2870
6375
3491
8763
8869
4904
962
5221
5247
6879
2455
3600
9133
5351
3544
5384
1004
7142
3022
3501
6358
963
2251
7744
1981
3871
6809
6045
6762
8076
9671
5389
5041
6649
1196
4112
4644
8057
1727
3444
1383
6493
8946
662
580
8374
5450
7658
1594
5595
8106
8888
6529
4420
5890
321
2218
6058
4313
8966
7423
1828
5442
729
1742
2186
3574
7737
829
9530
7291
6254
3980
2442
6829
3383
2954
1159
8828
21
1395
1080
4597
1039
6081
7870
4773
6701
3384
4957
2286
5228
6674
6657
8087
7186
4351
6903
940
4084
4613
2357
2338
5637
6257
1211
5030
1327
2368
5834
4790
8061
9579
5667
7065
1635
3603
9056
1931
5704
2379
4896
1852
9934
8216
5119
8062
3752
8769
4290
174
6253
2525
7953
1528
7529
8741
2593
5014
3713
3543
8855
6318
8296
4255
2729
5752
2314
8724
1233
6351
152
1872
8213
6060
9069
6823
9943
9918
5061
838
3190
2278
7224
2707
2380
611
646
7115
4199
8093
8114
5222
1365
8635
2447
2173
4778
5257
7396
219
5423
9516
560
4917
9105
3150
1598
8023
5446
4413
4115
9596
7503
9648
4357
6115
124
7812
853
1506
9246
1765
2569
4025
4953
5120
2146
3771
6618
5375
1921
7292
3613
9621
1028
1378
9128
4473
7310
1925
1098
5011
3056
7060
1129
6150
2012
6230
7195
3176
9202
1641
8019
8369
6660
3202
8239
9332
7026
8479
338
1518
488
9303
5942
7535
9730
8021
5763
3624
3205
7549
9592
122
6868
7851
8950
5801
9126
6240
9938
5348
4072
6348
8454
9091
4520
5925
5146
7977
6943
977
4039
6705
7486
2560
6379
3681
5819
5113
1993
9604
8042
7852
5814
8909
2079
8669
9902
8194
7597
8291
1998
1448
2191
3187
6972
583
8495
8737
7471
4994
858
6999
1837
5795
7626
3460
9523
8532
173
4624
5535
5823
7731
2425
8055
3654
5904
1540
7778
859
2463
4986
5488
67
7996
6952
642
2471
6537
9093
5632
6836
482
4501
6687
477
2984
6679
9135
6715
5293
4652
9450
2502
9628
4525
486
6688
9647
8220
5875
3092
8214
6100
5894
2183
7149
1212
8697
3002
950
7927
2503
2604
4346
850
2640
2133
6143
432
3344
5085
9371
3964
6102
442
4528
5079
4872
2414
778
383
8403
5169
6716
9302
4924
5153
1584
7850
6473
7139
6526
9576
969
5557
8512
4881
5656
1599
3627
8077
6591
2824
8865
2272
4144
8840
797
9697
4202
7835
3588
5065
3710
3733
5665
2128
4756
4325
6949
9984
3481
9845
8315
7787
5736
6369
791
3965
1374
9972
2391
8819
4023
2866
7397
4274
5082
3145
7694
3570
4586
4590
2674
8765
3932
6336
9266
6512
6696
8552
4492
9296
5093
349
8148
6231
3693
341
9060
4781
1069
2409
681
5876
9796
3763
1087
7551
6453
3429
2117
3615
1282
2570
848
6062
266
3221
9378
1677
4956
5782
9824
8428
4044
7890
2384
6794
1838
3326
1182
1611
368
5618
883
163
1051
8708
945
3950
6172
7201
7140
6293
5157
7538
2693
2007
2520
8857
5454
1176
3740
1077
9980
4338
3614
421
3093
9501
8900
4136
2236
9292
3115
6234
2541
2377
2477
7022
139
2740
1802
359
9311
9474
6586
2349
5852
6584
2942
1311
8442
4008
8422
4468
5492
636
827
6408
1937
5090
6985
5896
8462
3175
9039
7946
559
9023
6133
9745
1099
5641
4954
4614
8476
7439
5628
8079
3338
1342
3642
6013
4945
1412
7099
8631
7552
4725
9040
5028
3380
3353
893
1350
1067
3550
540
1938
956
3170
7947
8642
3114
4386
6251
4934
770
8603
820
783
9408
2185
3139
3984
538
6694
1015
4218
6258
9249
8195
8887
3805
6274
4991
5562
5401
9471
4999
4446
6344
6170
7418
303
6539
6090
4268
5923
821
6192
2097
5225
787
46
9273
7069
1892
1815
7754
3448
849
8431
6148
7671
2325
5042
2842
2636
9687
15
6442
5727
9354
6614
554
6298
2036
4674
4928
5897
1420
19
8478
1790
3581
8090
1768
7438
444
6419
3564
2091
3886
2264
6532
8516
6374
3670
5776
8926
8450
6842
2501
2192
5318
6583
4803
5746
9851
7187
7244
1873
4449
340
331
9448
8997
7641
571
3402
3497
6114
6116
5518
42
1821
3177
1364
1188
4094
9564
9357
268
4387
439
8595
7530
6180
5098
6902
833
3218
4028
9613
1801
8421
3123
6887
9969
