8417
3362
4296
6132
1702
4400
2718
6428
2488
9695
1059
4494
7364
8067
1335
6046
331
5524
8998
8666
2038
2708
3389
5621
900
4704
4273
4361
7598
6787
9778
1337
7590
7597
7529
5639
1892
9042
1796
1270
7782
8986
346
7971
1204
5093
7681
403
8520
1037
9020
6972
9192
1424
8997
3907
3398
1843
8072
6867
8031
4326
851
7708
1042
2295
4167
8273
4429
1118
57
1676
4884
5361
8309
31
49
9108
2716
467
4057
3658
6630
908
71
4597
4138
1240
2238
6366
8878
7032
737
9892
5050
876
538
5265
4529
3693
2733
2892
7927
4198
5347
9219
8166
8600
5991
45
4830
5710
2791
1608
7174
1932
6429
4495
8047
1406
5490
3254
1265
7087
9601
8221
564
6421
7436
4283
6202
7138
9022
2071
1628
2387
6510
1971
1905
4324
6604
4868
2702
4513
8672
3465
5249
5520
4994
415
4731
347
943
9148
5439
3421
6697
9086
5497
5351
3257
5157
9417
1609
4687
7798
6640
8317
6978
501
9592
6115
3974
2465
2597
3886
7158
3765
1349
4819
0
137
3778
5998
3961
8733
7982
8038
9025
9165
1738
7022
9930
428
5287
429
6546
4392
5821
741
2292
7333
8674
2183
5551
3147
2952
3323
3691
3056
4112
2252
3201
8793
3761
9849
4857
3163
5392
9785
6583
6015
7991
1469
7764
5355
2854
9121
5037
7560
7659
6402
405
7103
3051
7302
4322
5222
2231
2603
5899
4745
1655
4492
4944
2437
219
4058
4895
6192
9660
9889
1548
6982
6150
6892
1427
7216
9236
5272
5248
4739
3196
4963
1978
4216
6138
4983
9439
7699
8685
472
1589
3156
3965
8931
9129
7363
2506
3008
2905
1966
3675
6572
8772
4816
1315
8410
9774
8456
3603
5519
7262
4958
798
9477
2298
9831
9122
7172
5207
7940
7082
431
621
801
8553
6266
7591
7510
334
5453
721
2455
1974
8746
496
9166
3030
3975
2210
1913
615
5420
5150
8222
1757
5483
4371
7469
8344
8005
8429
4525
7500
1691
1483
9538
1233
1259
9769
1659
7078
6075
6872
215
7136
3710
5266
8833
7605
3273
4351
102
6973
8486
4066
9193
82
6720
9754
278
1047
2372
9
4104
56
350
3087
6779
3192
1601
4982
7775
6655
2639
9728
4690
3608
6819
2683
8213
8522
8444
4736
5926
2940
5412
895
4291
2623
5336
5837
9825
4093
2473
1864
7372
1280
1652
517
3297
6492
9350
1168
3302
2872
7096
6968
4100
7405
7649
9071
8916
2979
7885
4050
988
2677
6103
9883
600
7043
3344
8314
2679
4552
8865
6804
3775
7697
5541
9972
8019
9663
1104
6953
9423
6573
1669
1722
6393
1797
8484
4712
6082
540
3032
7831
2782
4741
1432
3617
9921
8928
4311
4289
8887
1919
4547
4935
8345
3264
9276
7394
2193
3126
3637
1514
3334
5261
8168
6183
2274
1434
304
3978
4970
3507
6962
4583
7224
8977
78
3112
7550
2226
3582
2991
1030
6314
6675
6062
1031
5983
6772
2778
5544
7222
6621
9051
875
2184
3823
5337
4434
1710
9586
7383
9393
5861
4891
5030
994
740
9587
998
3385
5137
1476
5939
8791
1129
6524
5793
8029
807
7269
7006
5796
3923
8245
5867
7553
8830
5399
3994
8150
4948
4896
7976
5868
6507
2421
9508
3084
2114
2471
4517
5532
5625
6815
9487
2973
3632
4998
6969
6782
9189
2692
6603
404
8884
6211
7961
6335
2095
5253
2723
9275
1670
9377
6446
276
2301
7536
1218
7023
9346
980
4078
5833
6282
4427
3379
9690
4835
2367
5456
3260
8735
5860
3676
89
2549
6291
4137
8610
9688
3914
2649
6467
7517
3944
8603
6427
6000
8557
6774
9327
5934
6895
3231
1951
9072
3572
5203
5738
8893
4537
6361
7547
3959
6506
2729
2812
6286
4555
146
4168
5725
2762
6466
5776
7911
5212
27
8465
2211
271
4320
5371
2244
955
8332
8857
9788
971
3809
5673
8426
7734
1273
1631
4987
3321
1735
4899
8902
7669
2429
5200
338
1501
87
9855
8684
1580
2229
9579
9048
8638
1380
6759
9835
2951
5485
5143
1458
68
2644
6652
3118
8279
743
7579
6479
4621
2059
9697
575
5847
148
3246
4140
3013
4871
7972
7140
5302
6418
3900
7803
677
3926
5556
2682
9694
2751
12
1929
7875
2616
5036
510
9509
7970
8304
4573
241
3941
4154
2897
3574
5749
3700
2494
1377
7505
7048
5600
869
5317
6411
409
3557
4993
7295
2499
3740
1307
414
4003
984
3662
476
8117
9590
8680
584
4082
1161
9536
4199
9249
345
242
6362
1092
6727
8822
6159
8492
5291
43
1130
33
5721
4981
419
6407
8132
9709
8558
6664
1292
7071
8671
1119
3333
5000
7197
8924
1078
1302
3371
7287
7055
1004
2641
1057
7001
2043
6790
7582
9749
5018
821
6593
6886
7733
6501
9232
9912
4914
8531
2255
7179
7741
348
8762
5468
9146
3970
2185
2721
2346
6285
9756
3427
1945
6569
3245
3615
7678
6549
1880
9091
5722
6250
1556
4196
3720
9543
6174
5985
2599
841
5341
8285
2537
4750
5794
5900
5057
2475
888
2282
124
9199
4673
7223
4777
5670
9822
4976
2198
1540
8580
3807
5457
7228
354
6254
5103
9644
4789
3016
8727
6548
2532
216
6104
803
3733
755
4367
9288
4916
8135
2186
4985
9618
9102
8305
6034
4044
7467
3217
9787
2660
8198
8016
9269
2496
7771
1085
9190
5381
3407
1413
2348
4343
4952
5498
3600
9712
8842
8794
7331
2921
3842
356
1285
3280
9557
9654
1155
2334
9669
7488
6670
4880
777
1938
8160
3212
2799
6129
6179
4546
282
5258
7456
568
8811
1482
7121
8891
5762
9640
4327
8319
7966
848
5622
298
5437
7450
7259
9877
5654
3779
2753
2215
5831
3485
5342
1768
3368
5913
8209
4097
444
9268
889
2925
7278
3164
9418
4834
4377
2826
4775
1619
2687
7255
7379
5376
7749
7816
3522
9551
8807
2082
613
7184
3904
9529
2802
7279
1445
7789
7242
2858
7229
4106
8965
5271
2929
9668
3078
8487
866
3712
3098
7148
3352
135
1464
5358
2926
140
4089
4859
4975
1517
4904
3667
6637
2384
1851
4364
206
6657
390
3242
9662
8635
5139
2126
1636
3816
6615
4542
3882
614
1826
1479
3438
8371
993
5791
2310
5197
3915
5652
7272
989
3176
9360
487
3583
1152
5598
5182
9341
2189
1126
6823
4902
7144
7518
5548
5396
2326
7189
6311
1394
6800
2031
1793
1917
3486
2121
6904
8230
9240
3221
945
6659
1094
1164
1504
8703
7805
1027
4866
1451
2016
5221
4208
3737
4028
7341
8172
6535
8623
7599
819
3579
1873
4828
6802
3083
7874
8051
7485
6392
6396
8867
4448
3671
6644
337
4477
8246
3096
5715
1190
4121
3411
3200
8326
7944
1633
8771
3288
3298
3918
7142
7175
295
7427
5844
4744
5525
5557
2443
9871
4582
9383
4879
5275
9467
7304
1818
3018
8437
7083
7956
8219
6083
9014
7776
2828
883
3539
7162
3512
1378
1999
5352
3203
8257
67
1908
9241
5008
8954
9628
6854
1973
8203
6639
7887
9821
8790
4358
8890
6109
9252
9596
1143
6014
5777
8659
9779
5968
872
878
8301
4703
4374
1803
297
2849
2290
786
6519
1101
449
4408
894
6094
5496
7571
559
7220
8634
3154
4410
4511
5353
7328
5418
2333
5052
1661
880
8173
5305
1160
685
9632
4666
8778
8478
3272
4316
6440
3073
4268
183
636
1425
6735
9306
2558
4083
3993
991
520
9481
4236
2266
9319
8228
7552
640
964
6625
6203
1780
3933
145
2201
399
4467
5569
1804
7540
9330
3694
3670
1750
5863
8995
8695
3988
8561
1603
5971
3819
3370
3033
702
6559
6810
5245
9484
7900
8849
5790
1641
7537
8736
8524
8118
1316
2983
3497
7698
1888
240
9944
194
870
8045
7246
8697
2089
6486
7531
6834
2724
7336
28
2249
7807
125
605
7451
8795
8844
2590
7647
3957
8152
101
1795
1977
5123
2099
5726
3623
4108
9636
2559
5331
5674
4128
4593
6707
4228
6391
5507
4592
8001
7796
4033
7923
8459
9433
2867
885
8843
9834
1901
9658
7265
6702
96
4918
5076
1944
5034
937
4250
6874
4105
7105
2349
2458
8821
9965
210
131
2309
25
9223
268
363
9939
8056
654
1460
574
2893
727
8271
4309
4898
9867
433
4206
2533
6887
7002
6136
5464
5627
3701
5011
1295
1871
8033
8073
8090
521
8105
2736
3169
8288
2148
3122
2678
6061
2341
3207
2461
8277
828
1611
3732
9076
83
6246
7253
6645
8901
5449
1673
4607
8268
8448
665
341
5400
6207
9410
6329
9157
6731
8883
5806
5732
4713
9398
5122
9332
1127
7812
1336
6487
5388
1234
4738
4817
478
2579
302
9177
4883
6121
1324
4831
480
683
4349
5466
7076
6413
2317
4329
9723
598
4182
3652
695
6643
3373
7856
1146
6134
6480
3736
3287
9935
9962
7430
6922
8498
6575
4634
6934
6665
4535
6127
5815
1082
524
8515
3955
3954
5379
485
4405
6980
85
2074
9137
9012
5027
4571
3989
3563
127
2680
3499
5684
144
6026
6491
4267
6843
4373
3327
3804
2990
2947
2884
9879
8469
7713
6181
4115
3619
7800
7458
3460
5407
4209
5836
806
8258
8992
4459
9702
7620
6647
8234
3684
5284
3467
5786
8712
7714
9565
744
9238
8381
9827
7886
5559
1351
754
966
6930
1821
7908
1801
8032
9445
9036
7309
7168
1703
5646
2824
1253
5789
7461
4689
3948
3935
3306
9583
4334
91
9857
1933
5580
4560
9379
9680
611
6472
578
3584
9554
941
2740
1219
1771
1746
5425
932
8349
1276
6069
3607
6017
4961
6671
8071
7828
8969
663
6043
4737
1890
562
1231
454
5784
3367
2454
6173
4764
4641
1379
122
1716
2181
1369
2242
1968
7156
858
5669
6460
7474
2850
7478
8568
7334
6890
9711
553
260
6848
4350
7712
2373
66
2214
8331
6536
7504
1141
4808
2285
9791
5448
9144
24
1731
1178
2235
3409
470
7401
7393
9522
8171
1878
9814
5209
8375
2101
2866
8572
7091
9210
8124
3210
3759
6905
179
1926
9463
2436
4074
2581
709
7585
5432
7860
163
6316
8630
2024
324
6232
5594
7232
5145
5653
8184
2797
2726
4934
9795
5237
9328
3374
7548
3463
8981
6347
5805
7432
4375
3315
957
2636
2014
8176
5383
3840
2165
4347
265
7979
1236
9247
9803
1682
7843
5440
4759
5607
5153
5849
2412
6544
3415
5995
8053
3037
735
8847
5422
6985
4244
4642
7914
8463
4723
4559
8052
3471
4412
6927
4034
9373
9391
4130
6489
4705
9226
8307
3798
2528
952
3728
8270
3081
7303
3674
9661
4135
3846
9940
3322
9428
918
3687
2379
2486
1698
2560
4907
4337
5211
7710
9541
1819
3852
7636
9008
2464
4159
9038
3573
19
3504
7783
9244
8063
4235
7010
6698
3895
3393
5904
808
5788
7852
3731
7150
7762
2941
549
3348
4942
3963
9844
2498
9846
1098
2143
162
9425
1333
6475
1769
7266
323
1348
5101
9869
995
3150
8555
5046
6213
4026
8961
4450
4402
1625
8956
890
3855
2479
7580
1690
9820
3841
1519
5270
8875
7725
7975
6450
5699
1017
4160
563
9195
7981
4181
4742
6513
8709
6554
2445
6416
3643
775
3805
6705
213
7584
3754
8896
3621
1067
5286
8787
1828
6371
3244
1326
7057
7606
3047
113
4015
4788
1044
7493
2360
3997
7630
339
3548
3413
5754
9810
9621
9783
7429
997
3656
692
2662
6328
5819
8196
5334
8841
5475
7781
5155
5918
6700
7637
2792
3757
734
2626
6498
3958
4251
852
94
3562
3555
1139
443
2204
6461
4528
7072
5748
8713
4693
5109
7968
5631
7721
7819
7459
2541
4055
4809
3890
7368
2512
5306
9386
7237
3496
2643
7653
4304
718
4626
6197
6786
1363
8690
2277
1642
8068
1910
847
2732
6321
4773
8770
9311
2213
2350
9489
7337
5374
5452
2674
2166
6385
3180
2278
442
8730
2569
4926
2246
6965
3977
1980
4943
6323
8403
9170
1881
2109
