1615
795
2646
3200
4475
3443
1361
9204
3599
5834
9167
8540
697
8064
3332
1628
38
3667
3196
570
1461
4535
9455
9072
3093
467
3321
3710
4408
5422
4130
5535
5474
3513
4807
1941
1398
7514
8277
972
2172
829
3419
9241
7261
3559
99
1118
8723
8453
4883
3010
4459
3622
2034
6790
1032
5604
1514
6359
1590
3675
4287
9339
4421
9307
2088
271
3498
5451
1875
8314
4062
9862
3141
9271
6514
5787
4167
7109
8624
5028
2374
7857
8014
5577
4731
9202
7702
5883
1700
6389
8322
2676
5133
2078
4610
5428
7516
7417
8898
4340
5853
6501
811
7567
6949
6520
2260
4306
4591
7167
6614
9819
4670
5884
3501
8912
3688
9472
1838
1194
9272
9091
343
8295
1268
2452
2284
9434
6672
7788
8475
6003
4072
7907
2488
7459
9832
7171
4564
2963
5001
512
6999
8995
2843
7485
8560
5573
221
3508
1063
6241
2821
6401
8631
8041
8767
3868
5898
4047
3017
3070
7062
7681
8156
8457
1604
8641
4302
4508
823
9094
4293
3033
9606
5414
9019
7984
1959
6351
7747
6696
6980
5056
9935
4360
5233
6088
2640
4705
8643
9770
62
4078
9488
4116
5858
5708
5274
7399
7633
8172
6957
5218
241
906
1750
515
5432
7208
7971
1080
8298
1347
1314
1995
5303
31
4553
7985
1734
8859
1978
5608
1224
8053
7908
3446
8265
2715
2904
5232
335
7755
2859
3983
5212
8666
2315
4416
7362
4389
1451
5102
520
5036
6925
2054
9133
7775
9878
4112
5470
1623
7293
7437
5512
5582
6770
554
1966
8004
2897
2408
7373
9995
4239
2066
1905
5586
6633
7839
908
2129
2439
429
1809
7252
6429
7701
5355
9489
4006
710
5272
5461
1720
1672
6170
1458
7933
5209
6738
6737
6090
5240
526
7000
6673
3435
5845
6454
3668
50
6411
1794
8415
6472
7027
5008
6841
5248
7658
2058
6887
3006
8200
765
753
3149
5711
882
2766
7762
8201
1895
6545
6397
6022
2072
9686
2563
2891
842
4028
13
6174
4984
4570
7381
7316
1893
3509
3976
6689
4376
6566
9991
1122
5771
6953
1156
5820
8400
4083
8393
3607
1862
2380
2069
4884
9144
4189
9568
3087
4102
2286
7347
7001
7588
1007
6836
2272
6940
2134
3295
7490
8316
8635
9216
675
119
4881
5255
8104
4456
6502
678
7279
3388
4969
2419
2786
5016
4714
8879
470
4727
5844
3614
2696
7384
8141
6560
629
9154
8887
2329
2424
5732
1396
7778
3806
9825
127
4777
7611
4175
9632
7297
8203
6328
3185
7056
1494
1173
6249
3264
3905
5768
3937
796
5552
6412
1737
3888
2865
5786
854
4444
6092
4660
3162
1353
3745
3270
3023
977
9014
2450
4311
8379
8029
3530
4623
7508
2580
6524
3548
5886
71
7433
8111
2585
370
8092
6213
549
9195
6240
5758
1438
7479
5629
286
7221
5448
1888
2332
6171
7274
4127
9122
296
8956
1686
2042
4214
7662
7137
7303
6136
6329
9449
1714
3824
8239
9495
6810
6794
9468
2813
2403
9944
3765
4147
3237
1919
3026
6146
8576
3409
8174
6038
141
3921
1169
3125
3505
7285
3096
1612
1025
5483
1035
3354
5699
244
6588
9504
1012
638
698
8114
2911
9293
8290
2614
1553
8218
7340
3009
9689
6595
2404
3216
1644
6336
6250
385
8579
6341
9580
9780
8235
7016
3392
9058
8989
6833
9354
360
3692
225
1040
866
4592
4582
4126
1
9530
5224
3666
3721
153
414
1409
446
5809
9347
6058
9450
2643
4699
2893
2738
4677
1758
1529
8142
9282
6115
5945
3052
5638
2375
4590
3828
2695
3521
1377
6469
9864
3998
6191
4792
3619
5520
5250
5438
236
1141
7942
495
6040
4477
3693
2170
5983
9565
5791
3768
5364
2335
9131
8528
7471
8034
5492
9872
2025
9178
6916
9576
2754
2854
1456
3540
1371
1648
9408
7233
2927
9138
8687
282
4213
9940
1075
7090
5784
5041
592
4107
7721
8938
1439
8730
3803
2858
2866
1552
6651
2168
743
5979
7186
852
7828
2359
489
3081
7694
4819
2401
1213
2330
9667
9215
2717
8160
4209
9025
9437
7290
3955
8206
9877
9007
4615
136
7425
7898
1980
7315
4163
983
6286
3465
6393
3511
8113
6963
4665
459
5350
8233
2638
6107
8796
5195
2334
9761
4381
2039
7616
2971
7598
7652
5759
4035
3159
8953
5760
4971
7970
666
3616
238
1437
8016
4920
8157
8496
5334
4897
7174
9469
8361
9228
7330
8781
4353
2769
7497
1028
6751
7408
1778
5109
3120
7711
5887
4959
889
2674
2611
5938
6603
5839
1687
8788
7212
1074
4879
1887
8252
3168
3719
5937
2140
532
9056
80
7015
9540
7502
5990
3139
4732
9988
3972
4925
1592
3994
4558
5987
1924
9769
7426
1605
8036
4377
961
3699
2545
3753
4079
4657
9851
501
7529
6638
233
5628
83
2154
4056
8525
7557
4511
5075
4962
2095
9290
2167
5463
1921
168
3174
8084
9594
2444
362
6157
8719
4985
4781
2577
4989
8510
5602
1698
3644
4154
5994
610
9338
387
1610
1184
4530
5406
2301
3406
137
8990
1504
6761
3466
2607
3881
8987
6260
7792
7708
6662
1200
9087
2572
8182
3294
3948
3997
6914
6154
2624
7749
5872
2755
2208
1136
778
7331
5715
2045
8577
6523
4366
9494
5707
9711
9695
8152
855
1547
9657
8768
6394
374
2565
8755
19
218
569
7848
1989
6938
8420
7719
2822
4719
4778
9463
639
6795
7760
8437
7659
1045
5518
1252
6319
146
3798
6305
9411
2984
6180
5612
2719
3223
2958
8398
1780
9511
4709
1448
3444
7065
3919
492
4826
7607
9199
4857
7406
1358
7657
6807
5642
6791
681
2089
7473
5566
1839
9772
9360
651
8131
9662
8212
6552
2418
9430
8479
4433
7193
5180
8710
8351
1673
6892
1789
383
2026
8524
3251
3952
98
7079
4411
4473
7006
2271
1987
8279
8984
5417
5821
3327
9393
9965
2581
4702
2518
1236
2698
2410
916
8282
6680
2752
187
536
914
2314
9974
5599
3658
8870
8756
6870
8478
1066
6340
2848
2365
8392
7123
899
4890
5070
7866
9523
1478
4166
1416
6993
5092
2934
3623
319
9052
5764
7703
7084
9170
5349
6879
1609
763
4862
9149
6093
893
5702
7039
7879
3208
2774
901
6769
65
3024
5383
3758
6097
4794
3484
1312
279
1645
4071
4621
9663
2079
2889
8732
6036
2492
8058
3110
8325
4557
8866
6613
5588
5399
6585
1598
6505
6579
3402
1245
8304
3395
3222
2796
7880
9643
5146
85
2718
435
8176
9346
3423
8853
7074
8822
0
7255
4447
7543
623
5317
1629
5072
6909
2901
2850
1913
6503
4402
9510
8923
6797
7566
838
5316
9281
5686
4000
975
6899
6544
8319
923
4686
6580
1340
1501
850
5113
9301
9633
7337
7759
3748
1386
8754
2734
3691
412
2675
8356
9358
7962
9142
5801
6066
4345
5611
5298
2950
7465
6935
9823
9641
8680
2966
5221
1335
6190
1613
7119
7434
6654
6342
2320
5026
5723
7873
5266
7250
4840
9910
1431
9165
3514
2531
9717
3266
6952
7921
6487
6123
2383
5170
9673
324
7170
3574
5090
5256
936
2327
2656
1336
7902
5285
3594
8347
7439
5353
8091
3572
5868
2820
3304
3695
9465
3604
350
169
3308
133
1023
2282
389
6996
4466
56
5993
9652
5754
5017
6200
4246
9971
8050
1069
5367
5199
8143
6577
5020
4914
8226
6380
6041
5685
6832
5376
5165
3865
2195
2596
2138
8199
7577
4387
9506
744
524
6291
2863
8260
364
7696
2853
3015
6660
9635
1746
4242
2210
2456
837
2875
8809
4934
2434
299
5187
4951
7103
3743
9749
2550
6961
2393
3617
1944
4593
9323
9162
4170
6378
4824
5731
8090
4128
7072
6361
7268
5704
7783
3078
3359
621
2578
8785
2479
7579
7975
269
1190
4470
1168
1313
7244
8272
5500
5692
6902
2331
668
1143
4526
4122
5974
8483
6526
5423
4244
3759
1715
4728
1426
6549
6284
503
1736
9796
9768
1242
566
9407
1434
2678
5737
6230
6764
7416
3218
4123
502
9922
4104
5995
6494
4084
5836
685
5593
3515
5720
203
7138
1523
6602
6362
4622
1952
5519
2791
3946
5468
6343
3951
8229
782
3625
9883
9369
3834
7043
3012
1393
6486
4548
3642
5539
1934
1646
5066
6992
6504
4149
8818
9590
449
3871
77
4586
9740
5089
1599
7684
6099
477
8208
8371
9773
2083
4791
5710
2319
9800
7953
7456
462
2635
2100
7757
9438
9134
7064
7601
4207
8876
3942
5253
3661
7192
8521
5131
731
2460
9885
2099
1832
3268
7095
3430
9670
4987
9368
1483
7500
3131
4620
3350
2515
2899
4662
5536
8128
7335
2118
5430
4009
6140
9432
201
9706
9876
1603
9858
8459
6488
727
576
5765
2659
735
2722
9255
8979
9915
4343
8432
9186
7827
9137
9342
212
3535
7664
2727
5662
3846
6077
7813
4145
1064
1914
342
9932
7673
7220
6997
7257
9547
5409
3235
8757
2830
7121
6606
4257
1297
2874
6199
4845
6349
7619
618
5103
6735
805
8930
4716
2554
885
9701
8405
5850
4759
9424
3378
8782
4405
8094
6824
7307
7513
4729
2323
5022
9461
7856
2743
4379
7847
5556
5866
2546
7807
2417
2728
4331
3632
8158
4986
1149
8563
5291
8430
3306
2347
3849
2916
8049
1837
30
5339
2985
2255
6161
5415
563
2846
6706
5617
3698
9536
8451
1430
6729
6620
3723
9969
2413
4899
1152
344
4378
6598
9818
3374
5322
3173
347
7547
588
4609
1329
6392
824
6904
5924
979
3785
8276
7520
7448
1950
7799
9871
9659
7333
1372
4269
2228
9601
531
4348
1578
730
4100
4512
371
8306
8391
5894
8065
8674
2684
9239
9732
7950
8068
7194
309
5952
1422
6819
2680
2618
5347
589
4572
5147
406
1702
6262
4668
4935
9676
1549
5742
1103
4082
5108
6542
5992
5172
9990
155
856
8742
3053
3886
1328
2184
6534
3504
6612
8973
7622
1548
4555
1264
8745
5963
5528
1512
2002
9764
8705
2008
7558
6296
29
611
4978
3977
1912
4684
7033
1831
930
7470
8263
2473
2457
3838
7835
2650
3390
5714
847
3297
1229
1351
4057
6480
1263
373
6944
652
2972
2443
5182
1907
1632
4231
2059
5991
4250
1641
3301
4761
9026
5418
4837
4429
5880
8550
8708
877
5097
9753
7647
545
17
7420
724
164
7114
7393
9836
9423
7997
696
9097
8030
2372
5337
9567
252
3864
5120
8594
434
198
612
620
3194
8836
3493
9302
2558
5163
479
6114
7960
3384
6843
9824
7494
8744
5848
5245
7911
5855
6632
4730
9243
1384
6661
1563
3333
9443
8833
4720
5661
6645
7523
3591
8881
4625
8130
288
6051
3
3273
8925
128
4142
4816
8778
5419
7981
2009
1856
6331
8655
3385
3067
8439
9475
1677
6386
5673
5597
5806
9130
6120
6736
2203
4852
8663
7524
614
9559
3553
2936
8365
2196
2756
8465
6599
7816
9404
6248
4690
384
3620
4015
9249
9837
9996
4472
5954
4190
2105
7551
7323
3177
8971
9362
996
9742
500
7356
7460
733
1785
4463
5395
2462
1940
8505
2478
5544
4202
173
5777
3068
8616
1627
9980
6593
5396
1833
2514
5327
3525
7159
2300
653
575
5351
667
8224
9984
2533
9185
3328
9200
8648
7391
2968
5345
8125
3351
1411
2952
9172
1363
7184
9389
3779
1090
6269
5652
9498
8952
8381
909
5206
8592
6814
7117
5301
6005
5260
27
9611
1388
1781
6873
1370
7451
1726
9886
2751
458
8133
4954
6194
619
3005
2080
7772
6615
3353
5143
1051
583
9478
2430
2593
4495
2619
5917
2882
9507
8884
8334
8889
9952
9330
4876
2844
7334
326
9101
8784
2047
1942
7980
7057
3537
1620
6203
1249
4655
3826
7209
836
9188
3690
6086
1682
3260
4981
7369
785
5912
6912
3674
3725
163
1274
8761
5023
1294
5960
3512
4996
1441
9584
2212
720
8419
4700
2655
5589
6941
1712
2691
5019
5437
3696
8696
6817
4499
2142
617
7589
8726
8080
