5694
4610
5943
9124
633
6816
3467
9941
764
2750
4494
5610
7555
3407
7681
4856
1245
1129
1628
9943
1227
7810
5363
1642
575
8699
6415
8310
7036
8475
2204
1828
4864
4703
7712
6012
7514
1620
5503
660
7524
922
378
1228
6170
2678
499
7534
9033
552
5439
7966
8712
1546
5659
4385
9172
6592
5898
3202
1768
9824
9273
8979
9295
1996
8419
521
6203
2244
7593
1571
7166
510
7406
423
1285
8064
7185
3567
3780
1108
9618
5246
1103
9203
1711
8155
4749
9162
7829
8235
8729
5768
7988
2549
8998
6553
7503
968
1800
1779
1719
1548
7714
8843
19
4742
3635
3483
6846
7509
489
7980
5050
8260
6322
4389
9018
2641
7255
9670
1331
3075
3958
3469
9055
9171
1405
715
5099
6639
2530
4518
6154
8049
6199
8445
4397
7576
8884
3523
6208
5281
9354
2661
8103
3229
8436
6289
7104
1873
5352
454
3574
2261
4561
6692
8414
3279
4326
6357
5760
1083
2048
6361
700
3601
7455
4745
899
1299
5995
4579
4850
1569
7217
9207
2371
6455
6923
1932
528
9475
9609
5097
1846
7667
3156
2004
8198
6033
4449
5770
4384
7610
2938
7568
7498
7961
3302
3646
4111
4815
693
4968
4761
3317
4269
6338
1607
3206
9008
5261
6993
2358
5200
119
105
9936
4080
4658
1274
4586
2580
4525
8279
2782
4268
7818
3745
5329
8838
6583
8013
3162
6801
9907
1922
5232
8127
9987
7402
2052
6308
5681
1884
4145
4772
1175
3479
1041
8897
435
9876
2297
6649
6174
4998
1397
625
4949
3016
9230
882
3525
9047
5430
1893
4604
5820
9736
7533
8851
9913
2006
6310
7917
6340
1673
4726
1875
8963
8758
1824
2695
4029
2881
8079
2096
9466
5814
3686
6781
6544
6278
9222
9675
3475
1917
9372
859
3849
9507
8546
3751
6730
1534
6503
157
3836
197
7747
4612
3230
4730
2158
2383
934
2631
7225
2972
2453
8429
4401
9136
3085
1152
4624
994
1680
6620
5000
289
4090
4437
6703
7608
8968
8002
2558
74
9716
1448
4026
5883
9177
4372
9385
8324
9286
1248
7319
5054
5472
3945
7464
2456
892
6235
5561
3307
5900
1239
5803
895
2449
7165
8080
1911
5916
7323
63
5552
4364
3775
6039
9441
8172
1592
558
4044
1391
3701
2302
7879
2430
2795
3352
2068
7208
3368
5971
4321
9631
7103
9915
9330
3798
996
8657
1760
4868
2438
8819
4373
258
3384
9678
3666
9629
4585
4199
7112
1818
4022
7202
4458
7092
2520
256
1971
8335
5024
937
5619
4596
9937
5199
3547
898
999
5509
409
1757
3051
5904
6440
6105
9720
7258
7383
3541
4948
4253
1755
4990
9705
2515
3336
6726
604
4320
5799
7249
3387
4368
5131
5167
3324
338
407
9619
6244
1560
5673
1937
6393
4117
3805
9174
5100
3882
340
6565
2491
7590
3808
8956
6734
4741
109
8032
6367
8254
6006
3207
4483
252
9989
6798
1814
2321
5026
9948
9573
4718
9304
3362
2526
3540
4421
6246
4457
8197
3395
9383
5263
688
3950
7122
8051
4613
9435
8833
394
6931
1343
9310
7312
7082
7240
9700
4661
2799
9403
3539
4660
2164
2354
8880
9119
7871
5604
5206
2294
9930
4922
6414
21
5960
5821
5549
8695
6495
4334
9790
54
4531
9856
2525
1948
9715
1437
1489
7909
8578
1192
9511
9588
9371
9185
428
1731
8019
4863
4840
5812
972
6596
861
6995
4492
211
1525
1838
3921
705
9202
153
6934
9123
3123
7596
8074
4478
4337
5125
7375
7841
7403
5369
8883
5980
7523
3733
3624
8135
7422
4060
8426
9302
2376
5164
267
6919
5383
5521
1562
6216
5148
1863
1668
9109
7
5182
9156
6982
8442
9352
7560
456
1716
3186
958
9068
9600
6420
1010
6529
7245
9765
3383
4499
9905
3877
7890
4839
571
1291
4096
5066
4493
5816
446
5073
7756
5517
2773
183
6804
2394
1256
577
3760
317
9481
6817
848
5282
9787
1538
1524
1513
7385
9463
9963
8374
950
6169
4475
8476
7725
4175
596
2929
9131
6899
2180
6080
2076
6669
5608
3382
5715
8797
9180
1260
9593
640
7797
5587
4331
7734
5815
3526
6527
75
7167
9839
3861
6166
4865
6133
3697
6100
1478
4678
2282
2535
7467
2951
3084
4997
392
1020
3891
2975
627
6177
9777
3160
6656
8214
5974
1476
8326
8666
8770
4887
7894
9773
6077
4367
6197
9376
6459
6193
3374
6771
8646
5764
4996
1938
8629
5029
3806
3722
7264
9115
2014
9763
1130
8981
6835
1026
4054
9544
2034
3231
4216
4901
2318
8456
6671
419
8745
6862
2232
9498
152
4556
8530
4977
5181
3925
3953
2851
3458
4849
8499
8817
5287
4843
1665
2937
8184
3759
1908
8020
5014
4608
6093
519
5640
6960
9037
9375
3432
4088
9026
7837
7140
2886
8684
4858
1198
1589
8125
3357
9562
4939
3049
2229
9017
1320
7687
2554
2161
261
5754
4388
9092
2686
5118
5062
1459
9512
36
3404
6391
4601
6632
3192
1292
2593
6220
3131
8930
1200
7522
6063
2266
9015
6788
1844
3125
5512
8778
6829
9590
2727
2987
8917
8175
8440
3545
6178
6756
6502
6652
8379
2474
8505
5871
7532
6576
6202
739
8929
5620
5331
3142
7430
1817
6121
5151
1544
7322
2740
8839
6078
6145
8871
9801
3482
6446
6135
2141
2761
7819
9191
6828
5244
2751
8824
8891
1644
2590
4093
7269
5519
1326
6339
8700
6873
7056
3560
165
1048
1300
6790
6468
8722
4356
5800
825
3866
1674
8628
8749
4213
9021
9010
7463
4994
4404
8222
9261
9912
7346
5669
7648
2118
3663
9755
4140
1271
1497
7955
4452
4944
591
3364
1344
7260
1739
3630
5227
588
3712
472
8752
3228
9412
6158
3971
9896
4014
7604
1514
4701
2912
8864
5274
7705
2466
7927
1786
253
5809
3119
6693
7997
8017
2611
4674
4495
9182
1456
4664
1265
7619
5185
3995
8003
3127
9780
8479
8691
9656
2705
7410
3898
488
3132
2904
1764
2468
4827
652
2589
8247
4201
2312
2169
5402
7854
9843
1929
4639
1066
9557
177
148
1881
4923
3179
4679
636
4193
8892
9741
4893
3740
2711
1565
8552
5288
2823
8146
6733
8595
4352
4814
9994
3354
2576
4982
8039
851
352
5550
6156
2117
3638
1009
7793
952
9640
2058
2246
1556
5742
554
9738
2042
7126
8073
3455
7623
3919
5065
9044
2962
8259
6753
7351
1827
5205
5999
2994
4001
7288
6964
964
1402
2688
1164
956
8703
7273
7652
6376
5903
8726
1685
4600
1337
3143
8110
717
3484
9246
3254
2791
9909
8113
3962
4644
4590
2665
9560
1861
3691
1505
4712
5817
2189
2652
982
6485
1992
721
3510
7615
4236
6123
2144
8467
2273
2319
5922
5061
6347
2023
8372
779
532
8244
4680
3976
6444
9959
5639
6301
5230
8316
2852
9865
2931
1970
2568
645
9908
8158
7798
2249
7981
5471
2741
62
3313
4591
5567
9321
973
2211
1778
6906
9580
967
5787
1610
494
8033
5982
7338
4048
7824
634
8811
8898
8697
2327
8473
8203
8264
7044
2476
3335
2538
413
9066
3703
7629
149
905
9495
3766
4427
7200
9595
6329
1891
578
5851
9845
2126
7197
2902
2748
8307
184
5726
3472
3422
7520
24
6704
9339
6702
9307
9014
4926
5575
6277
2920
3427
1641
9422
8192
8022
3306
3824
1490
2701
4987
9650
6317
7920
9179
802
5104
6701
5166
4542
3037
9494
7740
6168
7479
3072
4371
3548
5067
5802
5849
6599
9996
1747
1756
8104
404
7098
3613
1024
8986
4825
8109
685
7364
2759
6086
6379
6570
4037
3741
1013
1197
897
8220
3644
6721
5375
6785
4261
3461
7825
2643
6265
6684
5629
4232
8959
4958
9537
1770
2939
1495
6413
6875
7318
6778
1997
888
70
8394
5049
914
3038
6629
1479
7129
3784
9838
7760
6685
2071
756
5991
8580
4241
8813
1845
831
6723
3753
6603
192
4857
3392
788
5190
647
9206
5737
5785
7002
3025
7754
3251
3828
9961
3322
67
1412
9533
6151
1267
4790
3903
7666
4496
2894
1834
5632
7448
8794
6305
5296
6842
8556
6386
9830
3275
8650
6610
8089
8946
835
2388
5804
7923
2608
6860
2016
1101
8147
1700
1798
2856
8506
4942
1006
2540
2974
4108
5405
3749
201
7027
912
1880
9904
5392
4524
3065
5842
4150
1683
4135
6109
7106
6980
9489
3286
6522
9294
7539
6429
2679
7121
4375
8856
9281
6283
3094
3910
7198
9349
5217
9992
4810
710
6064
9645
160
6251
6206
3571
6718
8656
2687
2395
9380
6990
9232
9991
6045
1062
6490
5582
1511
202
3519
3677
7146
704
3719
6945
7642
573
116
5470
8453
94
6852
7878
9041
8867
2136
6003
5248
4568
6387
4878
8200
6707
3982
1225
232
9691
4711
8661
3388
7562
6341
1976
6644
5394
6175
6589
4477
6913
7320
620
1787
5278
8660
5624
3730
725
5010
5221
8325
9491
1107
5933
2880
7280
4578
4530
7929
8748
6140
3920
2896
2553
8014
4764
3018
2934
1193
7663
741
123
8240
1614
6196
9847
2209
3879
9204
5725
4956
1733
2215
1918
8746
3761
3675
3886
6975
7943
329
8367
4860
3480
2279
9841
8443
4984
2414
3074
3250
1773
6732
9392
2025
2149
963
2630
2850
5828
5224
2079
230
1382
9807
4938
8435
1503
9229
7549
6084
2441
1492
2057
2408
6586
9653
20
8718
3242
729
1156
3487
5203
2346
5972
1077
841
4569
6814
4233
8263
1354
5970
3985
4912
6488
1973
10
5137
7690
2964
597
7438
8781
4028
1427
7717
7813
5522
9296
5497
3900
3234
4919
2031
7771
6419
2435
7804
4931
540
8719
9956
833
9529
4516
2398
1990
8938
9337
6014
8491
8494
8743
2954
5878
585
3636
2719
6898
1434
1749
1356
5467
6130
3835
7808
4210
5119
7589
9063
2002
6124
621
9326
8129
3110
8945
9085
6884
8468
7693
8653
648
8229
7248
3109
3068
3823
5424
7865
7591
1342
7077
7164
2323
3605
9689
7881
5845
484
5942
2399
5419
789
5034
327
8710
2436
146
3588
4925
5622
5304
1317
9739
3530
64
5551
3411
5121
6955
2971
2872
7758
6225
6450
4416
7169
5409
444
315
2915
159
8255
2995
1982
1647
1210
2411
4011
7852
6256
1967
6149
5929
6641
3692
8410
8991
5536
2008
8365
2316
3287
5571
6516
4207
7952
2717
3546
5601
3168
8631
3826
1038
6725
615
6263
5917
45
7116
7368
9093
5576
4468
2393
713
5847
3930
2331
8638
6789
4081
8630
1367
746
3653
6368
9681
3660
371
3737
799
7063
9359
6117
8338
5414
6139
8061
7436
9532
1462
7931
7662
8195
9264
76
536
4235
3904
3834
1339
4833
8642
2275
3696
9555
4635
5884
4158
3543
7835
8662
3280
7262
9342
4799
6172
61
3284
6319
186
2800
8389
2796
8448
1145
2587
1831
6888
6937
9144
7037
8123
2218
7391
3129
959
854
8357
587
4509
346
2272
490
2340
3944
5289
1876
6863
1396
7765
1376
1704
8099
1316
5237
5562
4941
1132
5226
771
5193
17
1388
8589
6548
4358
4616
4403
6813
9443
7291
1654
7025
3656
5776
3587
3501
8343
8860
906
7072
2217
1906
5063
9851
3176
7502
997
4113
5395
2380
8036
8527
9340
5981
7168
356
676
5319
920
8976
559
8521
4194
4163
5355
8636
3822
5114
4584
8299
1717
1034
9556
4861
5389
7901
6974
9355
790
5039
8592
2783
1170
8318
207
1576
1966
4845
2143
2432
3658
8121
4410
5881
6874
5958
7706
1821
8031
4445
8685
6970
4768
6040
3059
2197
355
1203
1182
9414
682
6878
7934
5093
817
1833
9804
1520
4078
2636
9004
3752
1705
9013
2936
8359
698
8542
9746
9053
5597
1426
9080
8431
2984
381
6594
2869
3594
3531
3180
9487
206
4450
5733
2155
5617
3433
3104
239
5775
1974
3875
2236
8151
654
3736
7622
9374
4683
5941
9454
6318
247
4763
4473
198
6433
2342
8463
1874
4132
5108
7160
5699
4716
1636
3762
4543
