1831
2759
6885
9120
5013
7023
2061
4643
4096
8221
6352
1775
3640
7877
2928
9298
2773
5481
3729
8238
9039
4686
3282
179
882
6933
3080
8319
3704
3963
1749
8722
7349
2940
7315
3520
6114
6524
6390
2834
300
6404
9572
3756
5987
6305
8112
3249
4622
204
5320
4326
408
856
6407
3683
1538
8710
9784
4606
6007
3318
6669
6982
4556
3655
470
4512
1164
9649
3255
9694
9926
3328
3653
1909
4073
7063
2638
8661
7029
2704
7498
9001
9719
4148
9768
5430
4533
2289
377
2671
8976
5008
2975
4735
1279
5632
6758
450
4515
9666
1710
3604
6353
2402
5764
6055
658
197
8104
8059
7520
9922
8169
1987
4271
3727
7901
8382
360
552
1379
6433
3765
2615
9132
7538
5938
5349
8487
5968
7692
931
9447
4427
2440
5468
1804
623
7823
9408
8108
2978
5745
50
4105
299
715
3332
69
2730
3885
4878
5074
2678
4973
7676
9847
6606
3938
372
5878
2967
8286
5712
2508
1
7785
4737
306
5180
8828
4836
4953
9586
2341
7006
2236
8305
6653
5683
6018
6310
8325
4709
9351
1920
5126
4408
3573
5282
2920
430
3590
1212
3577
4498
6444
1039
9239
803
990
9957
3398
8021
4747
5555
9858
4167
5329
6868
940
9636
2406
3511
8245
9902
394
2071
1850
2224
6625
8775
6664
566
1691
7614
5702
2622
5805
5962
1640
6294
7853
4338
89
1113
3387
483
2926
2216
5265
2183
3447
9116
1835
401
6963
2585
522
9715
1917
9331
6532
4374
7858
6759
4319
3935
2283
9398
1552
383
2925
6865
3191
4005
9356
2337
6507
5773
8657
6474
4795
8206
5868
6068
1924
9316
8506
8815
19
8941
4599
1187
72
1599
4045
7372
6005
8002
7681
8411
7590
3311
8204
9434
3086
7270
8152
7615
320
1342
7019
2146
1257
6223
2719
2706
4354
4931
1519
5918
2924
2126
7661
1238
6668
3547
3869
8243
2736
4663
2884
9154
960
8561
4322
2969
8466
9549
4614
4273
4406
8062
3608
2178
398
4759
9062
8307
8463
9290
4637
2927
4930
5603
548
1916
7425
7214
4310
5494
4972
7218
926
4433
2559
671
6752
4664
2144
479
8173
8345
7452
4541
1922
1323
5901
3394
4160
7634
6605
806
8409
1689
9527
7798
7276
3759
9111
4497
4318
922
4226
933
9505
4356
9639
9161
8639
9174
930
9531
8973
9620
9034
9672
5236
5608
1046
7142
9975
240
7673
7732
7070
350
6330
2568
1671
2753
1010
9431
6911
2266
9040
5463
3755
4251
2419
6203
6144
2155
6410
4020
5103
3336
1057
1914
6675
9593
1741
872
1845
5579
3925
8755
8505
7034
5205
726
4229
9705
1295
100
7495
5427
8793
9779
9385
3510
8018
7526
3261
4173
9918
821
6636
7441
9466
7147
2370
9470
3558
6985
7418
498
1131
7670
6511
9461
4428
3549
6921
9773
5992
612
4333
3581
3034
6647
5328
4115
4152
9723
6024
4004
2471
7358
484
471
9879
2076
7224
6700
9541
8402
5598
5564
7328
5795
8623
4960
3187
5046
7189
7699
2664
3674
1086
3415
7513
4049
8860
4559
7834
3195
4100
6708
4994
1712
8496
9368
9119
256
9258
189
1120
7718
3175
1780
2877
9924
9820
2801
2199
7684
8441
8192
6269
5040
276
8178
3058
6259
6716
823
8144
2451
9933
5994
8122
5055
6622
8097
7491
7544
1121
3382
6879
5714
1496
142
4925
5161
1545
5428
5917
9394
8246
7283
3031
3645
8536
7439
8846
8636
573
5295
4790
2810
4719
701
8938
474
6712
8643
8653
4992
2851
3868
52
7635
4521
1107
6799
6054
1078
5406
7591
2318
5284
4040
6827
5542
910
260
8212
3716
7537
998
9491
4437
9401
9613
51
6337
3853
632
6185
5029
8910
126
2825
8039
3749
894
1826
201
7912
7014
9145
5588
6961
5478
3621
1563
9318
5897
6808
9776
9328
9166
1060
2487
4932
4659
5851
869
3181
1513
1413
6595
3098
4670
8518
9047
6736
7080
771
4438
7696
1711
4619
7632
8239
250
8912
9008
605
5223
7512
6979
4331
6221
7477
1560
2281
2595
8268
5436
374
6925
4072
3002
9009
455
4144
6796
6107
6559
9026
87
3751
1298
9733
2410
2412
3768
2114
7421
8053
6247
4834
8700
7242
4324
9889
893
6814
314
3944
4868
1522
3368
6309
1952
4545
22
681
8226
2612
8184
3310
4078
6470
5792
5259
9468
1878
9232
2108
6910
9865
8315
813
622
4388
5393
1306
1943
7763
2640
2936
4658
1637
4621
6151
8211
2020
8975
4411
6591
2902
8678
5980
2368
6260
2888
277
3061
466
1012
1005
8094
9762
4139
9923
5628
1236
149
228
9043
1122
7076
6831
7857
4661
5812
3082
4254
242
7932
3742
6038
9700
7939
846
5042
731
7038
8333
7811
4921
5634
3386
186
3533
4384
1556
5045
5113
4119
850
6637
1167
5991
8340
3959
3974
572
6704
8240
304
8288
4831
5747
5225
7047
8137
2765
79
702
7247
8425
268
3307
769
3227
9189
1959
7620
2506
6183
1996
2102
4146
9822
6920
5178
7033
6822
6967
7466
4390
1886
8648
5551
861
1292
351
1999
7292
5150
1364
3366
2094
282
8834
9196
9500
6946
948
7815
3021
5036
9494
589
6186
96
2107
6032
5476
8105
680
1860
3689
629
3761
5738
8919
387
9712
9090
1625
5177
4996
3266
3229
4814
5418
2565
8724
3920
4228
2100
7205
9857
5590
4227
3188
4030
3952
4503
966
6641
8249
4998
2232
8878
883
4308
1700
42
2145
4317
2138
4436
8675
8595
9813
8953
7713
8956
4825
5114
9300
4711
111
2509
5547
1565
3529
9644
8241
4617
7204
7429
2392
2499
2271
9229
247
8572
457
6805
1514
3302
6338
3466
9407
293
8161
8291
5527
9020
5199
4887
5330
2263
6031
5631
1293
7051
4826
8141
6549
9942
9334
2118
5049
6354
9749
1147
5469
3399
9927
5084
2929
2540
6318
8733
7152
3220
3345
8040
3012
8566
2197
345
4677
4944
1791
1114
3706
8993
5009
9309
390
2919
1958
2033
290
9383
4708
4012
4513
2431
9659
7122
539
1384
8664
2602
8435
2016
6964
2516
3123
697
362
2171
7428
8693
3636
1627
3901
6229
8890
2060
9987
7061
3396
3695
1372
3455
7803
7223
7730
83
2789
727
688
6633
4991
118
8687
1847
853
6256
6181
6488
9167
6517
7230
9427
452
3709
9802
4879
5487
616
5116
4
6576
8427
358
1937
6126
3100
1742
1950
4291
3397
3063
7604
802
2718
3367
656
5625
4566
1593
7165
9347
9716
1605
4755
7686
3076
92
9976
9072
8454
8282
5037
8509
6172
6252
3296
4377
5808
9441
2209
8043
8200
5461
7845
3059
8682
6755
1099
3855
607
2679
6388
4803
431
6673
912
7045
7496
859
7862
2546
373
5458
8646
3722
5224
4042
3146
2751
3212
9133
7263
9638
4484
3056
5145
2464
1451
3601
753
5488
3871
3297
5315
868
7007
6763
4299
4997
3295
1076
7842
2120
9602
3584
8520
94
9529
6105
581
3142
6974
4234
1932
459
3403
1887
5051
8852
4580
8209
2869
9314
7873
1737
8185
9301
7517
4075
8811
9088
2019
9721
9350
7737
4881
1680
5314
4612
7929
417
5940
4961
5229
6986
8138
8375
3456
3158
7302
3357
7118
8645
2582
8386
5204
53
5168
788
6603
7099
8631
6490
1301
6689
8833
880
6915
7195
745
570
7791
249
6021
3648
4634
7500
4476
4260
2715
2934
323
6195
4856
672
807
6456
7982
3702
3644
7640
9691
5720
6033
2170
6108
9479
7021
4855
5189
7898
2800
969
3435
9969
7182
62
1259
5842
9485
4611
4456
8671
1966
3164
7698
9689
5200
6930
4555
1376
2435
6017
6
976
6162
4282
4955
729
2367
5825
1590
2391
9421
3127
1317
1660
6583
2032
4011
9191
1080
9900
5705
6846
6464
6245
4351
1267
1388
7373
9251
8219
8836
2504
1006
165
6020
4407
8146
7991
2739
2291
4347
3840
1569
5144
2285
5075
8638
7884
9901
9175
141
8024
9488
6397
7800
8830
7570
9740
5192
8081
8835
4807
7549
4569
9887
7916
1811
6520
2459
5869
8718
145
5245
4242
9472
1033
5531
2191
434
3028
5112
6297
6875
8410
7755
492
714
7553
3770
980
6601
1261
3996
6694
2048
7621
3186
4474
9842
2587
9377
2550
5534
6760
1768
9962
1679
8311
9060
3016
8280
3578
177
6115
8857
4794
5152
5624
1104
6298
4730
1986
7768
511
8424
7775
3216
762
8342
6190
2515
5975
2558
6506
3988
2880
9438
1308
586
3234
9850
2841
340
3160
8893
5691
2415
4980
5003
8500
1055
296
4710
3829
5538
3657
909
5645
7573
4061
8049
2034
4906
4713
7589
4117
5576
7462
7391
8800
3356
8
7511
7572
7780
7456
2087
3489
9946
6944
9734
49
8471
9075
9259
4038
1276
8431
9222
6098
4519
9216
814
8877
9070
3576
884
3981
7741
6159
7404
5451
8650
3205
9348
133
7378
3025
934
1403
1124
5924
4455
9650
9609
7521
2705
5780
8020
5831
5602
9966
6069
6358
7067
4854
1706
4721
6768
3425
3153
1044
7460
5630
5581
971
6210
4198
1536
8707
7004
5544
9763
2937
1862
8537
6096
1433
6152
7833
2996
5941
8296
9831
453
7738
409
5596
2917
7508
995
9142
1288
1533
3233
7212
9661
617
2177
2466
8193
6687
1953
3626
4717
4420
6320
7069
929
331
6273
514
747
9755
7652
5026
8400
6534
3014
6049
2080
2871
9660
9130
1515
5999
1666
7993
9061
7492
6220
8087
4633
8999
6627
8791
8194
1156
8914
6730
945
6057
1975
6536
6060
5207
9977
7123
8420
3878
4022
6384
5675
2225
1858
6998
5142
4033
7433
7717
6742
5263
3340
6960
2890
2226
9655
6890
7870
8635
1030
9490
245
5403
725
2723
3103
5708
8058
2922
7719
5583
8824
5724
1093
9109
8336
9310
357
2552
9563
9227
6878
5483
7087
2816
478
5035
3910
6343
4194
9430
7340
1349
3774
5158
1018
4340
8306
8921
3093
9284
7356
1585
4974
2583
8111
7056
1618
9830
1989
9414
1655
458
9453
2674
3843
2312
9891
795
1168
3512
1319
5817
9182
4595
9800
773
3030
143
2959
2277
3812
9422
3998
2728
1516
2377
3873
1471
768
9324
7841
2036
6624
2572
6212
4430
48
5139
7474
6540
5508
3582
6666
5715
7829
6644
1456
421
8004
4572
4070
4442
8242
6157
5343
1814
1160
9524
6936
5956
9953
4381
1884
7694
9275
504
3845
7911
5983
1562
2946
1568
6912
7305
9343
2831
7682
899
7642
3485
3635
5959
533
3134
7499
2212
857
6143
1757
5108
4313
8689
6025
7525
5513
3631
3144
5255
789
2835
9624
4531
1788
1495
2086
6082
6171
804
9737
6959
8660
3211
2022
5765
6696
2529
3973
8205
9670
7612
3341
7808
7617
4683
3048
2160
6774
5266
5080
4325
5294
1446
9828
4471
964
9246
9648
6284
7523
1823
1695
9456
9503
1726
549
2655
8827
1111
2037
3788
3327
4812
5676
6765
1586
7559
3785
3555
7547
3950
7407
6665
5768
5927
5750
14
4400
8413
700
4449
9454
5298
6874
1465
4563
5219
7913
642
2956
6891
155
973
5235
2308
8529
359
5730
5553
5659
3639
584
9099
6887
1591
3395
9213
7136
1880
16
923
5361
9153
3627
3269
8530
6917
7096
3352
984
4672
3165
5626
7111
1135
8147
6574
203
3253
5297
180
2702
9998
5402
5966
5350
1189
1500
9562
2855
1756
7837
1594
9180
2828
1934
1405
2921
6312
7410
2887
2190
812
9561
3190
5885
7366
4714
5243
7385
8659
1834
7453
4514
0
2044
1531
8725
5950
3571
4922
1103
9172
4939
3290
2901
2770
2857
5762
8230
5925
7550
9546
4321
7125
5250
9697
3712
480
4966
7983
3828
8546
531
4549
3242
214
8874
4207
7528
4171
9159
5822
3970
2782
9726
8760
8642
2811
4246
1547
9854
9728
2661
1687
190
4213
9188
8819
9358
8743
5213
4762
2187
4743
7736
243
5830
9748
7054
644
838
7238
1893
2093
6270
3294
3574
7799
