2089
2764
8242
6976
1647
2634
2860
3412
1096
7554
445
1407
8758
9894
7819
1155
5427
1444
7048
1973
2225
1441
8325
3244
9191
8671
6191
3012
7353
6091
7867
6704
1331
1237
4156
9050
3953
8378
6923
3498
2999
2918
8007
4602
4610
9813
1907
9066
8855
4802
8402
3366
6227
1555
7000
5993
208
4277
5687
6003
3998
2318
7230
6213
8172
2960
4720
2707
6974
1187
7951
356
2792
913
881
5133
8089
9383
312
9516
7988
3969
3851
9950
6664
5962
6493
6015
4030
1008
8609
2714
8386
5658
4912
2408
3162
5878
2488
6089
5910
1861
2038
9126
3904
3378
9129
6337
1594
620
1691
2876
1264
8015
6833
2922
4937
4038
6285
7087
2120
8580
5203
3135
8215
3664
3919
3512
9407
1801
4273
4632
7309
9958
2078
6302
5166
2651
2890
2721
2429
4616
313
8792
8404
5278
6642
1957
5185
1702
9590
1228
8757
5766
6380
8536
6372
2643
935
9932
7687
3931
6170
226
379
6861
3592
3905
116
388
6774
8384
3417
2346
3916
7326
2102
3184
1490
1908
8265
504
9823
4454
2044
5367
7213
1621
8767
5269
8524
1277
1570
7606
2849
3457
5274
5027
113
554
7054
4347
7619
5524
618
2737
2863
4052
8789
6406
2944
7279
5775
8849
4886
5987
6805
5710
8238
9598
7270
8813
6981
2067
7521
4035
5581
395
6432
2252
9873
8119
7594
7329
2644
5089
8058
2239
4342
9360
9276
9062
4291
2880
5677
4770
4337
5833
3054
4460
6735
8199
9463
2027
7471
7877
9402
8631
3470
561
4026
4431
9420
467
205
1014
6719
4096
7142
1940
5071
9101
2766
6053
7007
5973
3306
9016
9028
9562
7068
1221
6393
4850
7220
4099
1455
171
7509
447
4508
1106
8559
723
3404
1930
6834
1544
9858
5782
7249
7393
4083
2705
5190
9035
7704
8443
8387
3736
2844
1442
1961
8771
4436
49
2747
6047
3530
6722
6321
8269
72
1127
3636
3846
7136
6330
1963
5146
8069
8213
3399
1792
658
7975
357
4927
9355
1548
2517
667
1016
4118
1109
7655
6468
9326
5549
405
3431
2512
6665
5977
8358
7891
1614
9475
5999
7334
5969
5107
2627
6933
7081
9637
608
4975
7167
9832
6311
3671
53
2600
1245
2219
975
8393
9144
1039
4301
5574
2661
5830
7253
6815
8083
1330
1783
1725
6899
663
1711
3843
5225
9159
2723
5450
2091
9851
8426
1385
7530
2959
8391
253
4861
9684
6727
172
8569
6132
4628
5637
3151
5499
9635
7547
8590
6072
2036
3543
8036
4677
1545
9299
5363
2576
209
7964
8399
2514
3490
1282
6014
9575
8840
3626
7360
5349
2510
6167
5945
9847
5869
4464
3199
9887
8944
332
3373
1822
2699
1721
3220
5292
8120
726
2117
9397
6863
4486
9073
6690
9029
7598
7894
3753
9992
6162
6174
2388
256
8310
27
1505
4612
5917
2457
8051
2053
2128
6531
629
6562
5305
6379
6954
3602
3684
6168
6338
5038
3714
3528
5209
7030
5475
6355
6454
7459
1293
3968
1361
7582
550
5184
6752
9415
4907
4194
3230
2685
2900
98
5473
4023
3966
2068
2557
7621
2324
289
1518
515
1134
6530
1992
3078
190
5238
6222
7874
7210
9757
1798
7926
924
9564
2487
7902
7045
7501
1580
4900
6741
687
4999
1800
3376
2447
3088
4931
5839
9412
4064
296
7512
3679
7701
2775
461
2384
2483
8244
4329
1344
6130
6601
5759
2760
1571
9185
6415
7478
1574
6154
8703
9867
69
9284
960
3666
9198
7899
9818
1323
5995
2002
6622
8603
2730
1624
4011
7852
2159
5772
2811
5339
3829
2917
9752
5041
4774
493
2987
8229
2428
4534
5829
3290
8532
9310
7985
4758
3253
795
2199
6083
2903
633
7563
8785
9925
318
2770
5959
7238
5543
1425
1928
8442
4877
9091
9740
2195
5204
1124
6891
350
6810
1514
9432
9102
7910
1258
9134
2509
5636
6384
2864
7773
1352
2491
5310
708
8339
309
4227
3673
6524
1332
5797
9540
3933
791
9628
9141
4719
6572
682
57
7882
9314
3397
8571
2263
2041
1797
8865
4803
7103
3697
1855
9015
3743
2919
232
8888
9793
7830
9902
5327
9493
9900
2790
2505
7946
2438
9369
1259
5802
5130
8450
760
3744
3239
9845
1750
6199
4089
6971
201
5215
7992
7585
1672
3229
9496
6128
6142
8598
9380
3987
9249
8157
3099
5867
5387
9017
6570
1942
2528
8763
9899
6107
3551
1773
6914
2174
5690
1519
1225
5936
4481
1819
1969
985
967
6313
3171
8492
4443
1515
3307
720
9933
7875
6813
6718
8463
639
3209
8379
7077
8903
5505
9749
6287
1525
2572
4292
9263
7061
1858
5620
4388
6843
6787
802
4007
7482
9938
2308
9392
9756
446
2584
7897
7285
2858
6956
5834
2393
6691
6182
7427
1876
5219
4502
1846
507
5970
8921
3896
7986
5439
7102
3826
1383
7467
6056
5902
8478
4430
6583
3683
8066
3320
2636
6873
1741
4969
6876
1970
5508
9906
9131
5716
2338
8462
8417
4133
4250
6443
4471
9976
9810
9520
8854
9401
3630
3950
3225
1220
1436
6184
3951
6450
1557
9286
8936
1748
4463
1911
602
8960
2982
5116
3785
7712
707
5419
3
5639
9414
9044
3902
8523
8349
5921
5029
634
9337
2694
6378
3137
4790
685
9572
5121
7597
2113
4203
409
9931
962
4313
1564
7632
5251
5536
4373
1307
2474
6185
4816
8077
124
3858
4245
4670
7978
9265
4197
5892
4730
9725
5824
8505
2410
4600
8750
382
8049
3066
5715
2419
4411
6362
4643
1568
4823
5378
1355
4743
6140
1337
8810
9223
3658
4396
7577
6439
37
4266
7886
2744
7258
1476
5004
4872
1982
7051
1095
1184
1085
4971
206
1340
6761
3772
7881
8892
4469
3574
4449
7775
8396
2278
3716
3018
8604
5446
9783
8570
3196
7408
9302
8848
3937
9803
8371
4848
8827
6166
7379
1538
2956
7084
7659
904
1856
8151
2445
8351
1312
9863
7362
5785
3979
5423
988
9807
7423
4441
9474
8397
4433
6973
2758
2066
8707
2786
2797
3839
2748
556
1510
3734
8221
1533
2589
3497
6750
4764
6772
2985
6756
5689
1427
2837
8814
6192
4439
74
766
637
9599
3003
7601
1379
6490
706
9071
3521
1168
2577
9466
6566
2103
1369
1080
4095
7377
9225
3784
4022
7158
2269
6888
2618
4136
8280
2109
8977
4282
8551
2170
2550
5612
2340
384
3676
487
7247
7644
6368
2353
3483
6698
3698
4648
137
2794
1414
9746
3640
233
8922
6822
6623
2224
9522
5533
9172
1160
996
378
4636
5956
3208
8350
6945
1563
6852
6748
8544
918
8761
7311
9539
4762
9692
8957
9083
538
2543
7402
6299
4355
6818
8520
9581
6663
2701
8952
6088
3402
4331
337
6950
2250
4213
5463
3525
7020
2940
2287
3029
1661
2433
1154
3175
4215
1238
4706
1802
6029
7583
3970
3257
1149
9277
6733
3348
8853
2373
7062
5519
3068
2406
3139
4936
8473
6542
7110
6103
8136
8737
5745
7042
3423
6841
8987
9593
9983
459
4485
9762
7008
2934
9201
3922
1960
4744
4756
3044
6526
4424
4088
245
3956
4757
5117
186
7981
5405
7440
2897
3798
755
5513
3699
7717
3277
4691
4280
852
6591
5914
7037
9624
9109
1676
684
7497
679
588
9366
7448
370
9114
5904
5842
2202
9047
1501
8262
483
5599
1235
305
5024
9321
711
2563
8702
1119
6935
4501
7343
6532
7783
188
4165
7823
7753
3345
4741
3751
7815
905
484
8618
6408
5239
5931
4598
7550
8013
1239
7395
942
8547
3737
7818
3927
9588
2019
2215
9597
7982
3591
6635
6694
730
4037
203
1222
1787
8283
6394
9297
8048
1004
9349
4253
9138
1811
5096
4990
4188
7807
2237
796
826
7176
9441
5165
9313
2639
4618
4258
2207
8550
7418
1081
8947
8042
2411
7686
19
9935
1285
1841
3652
4946
4483
7688
4200
1451
2816
5228
8672
9946
7189
8879
1043
8684
8843
949
8608
7968
9687
2966
4625
9606
5279
3561
801
688
698
16
9592
4674
5619
7887
4973
9860
6699
7
6930
7710
6952
2335
4833
9507
3554
8836
6143
5616
2521
5617
5194
585
6318
1881
5814
4536
2196
2376
9208
8734
2630
3779
5961
5870
9350
6946
7631
5570
1142
7855
4387
1404
5595
8086
1141
9776
7936
7283
7489
3973
8797
2891
2469
2281
6473
4694
574
3271
9622
1591
1687
5998
3477
9400
2703
2935
8124
5502
6247
8866
6463
9547
7925
1910
3427
6652
3352
841
7193
2575
9944
246
5553
2889
8651
5586
1198
2432
5126
7604
8192
4053
8273
1820
609
8267
8503
1889
404
8141
6027
7125
8436
7487
4529
9916
5906
8519
4202
7900
6771
7724
213
3087
9095
8132
3109
5627
8833
2659
8568
9735
8227
5806
3028
9653
8406
661
1399
4380
3101
6669
2497
2946
6830
7333
709
2913
5000
4607
3500
7929
339
2226
6410
3656
4718
94
2626
4170
9718
3241
4554
7602
622
6190
2529
1629
7856
1206
385
9241
8247
6874
510
1920
4452
865
7400
9962
1308
800
3337
4256
1013
2288
2020
2640
4268
2915
2119
9316
8662
4405
8748
7565
7493
6446
3325
1735
3313
7802
3842
9424
5880
9997
4925
9226
2991
5816
458
3456
9527
5302
3493
140
20
7185
8032
448
7592
5396
9239
1871
819
6709
3556
3638
8059
1261
9862
4174
6467
8482
5676
6220
1035
868
2122
7053
7417
5287
7924
6862
4135
3262
3403
6909
9639
219
8185
7221
9318
1784
3034
9664
2771
858
1387
934
4530
8815
9329
4353
4183
4788
3426
6030
2532
2687
2990
1003
6037
6099
9059
9488
4451
7356
1517
8195
6872
8622
5132
3766
320
5273
6196
922
6529
8356
438
1668
4232
3233
5445
6351
1681
9576
8896
8277
513
6039
7914
9964
7446
9312
5003
8587
3955
9722
9232
833
3389
1452
9142
8808
7057
2728
8128
1821
6377
6485
8619
1613
759
5397
5019
4185
6249
7870
9094
6551
4480
6424
3859
3988
5868
8713
3505
8044
1815
6893
1218
9403
7101
6865
288
1101
5634
5169
6469
8658
5179
4324
1898
9171
9990
887
2085
2145
4447
8599
9190
7569
6466
5458
3098
6307
5092
3123
5718
8218
1601
8080
789
1866
9649
2662
5137
9413
3438
7623
7972
7346
8578
363
8527
6263
2232
7274
8468
8809
786
5753
4801
2157
5659
3419
2656
2796
5050
4941
9826
7240
6536
6001
9168
7203
1974
2605
9425
7218
4418
5532
1747
6504
3390
5897
9295
4708
2970
8760
9680
1440
9034
9498
2331
4702
6567
1111
576
6882
986
9953
6106
4065
4445
1615
3264
8163
5322
7732
8941
8239
4857
657
2317
7652
5459
4032
7643
5972
7033
5330
1546
9861
8769
9828
7194
790
2561
9202
3293
7634
4004
3489
6700
2185
8445
1575
3064
3400
4704
3685
8000
3816
8694
5351
5453
7284
7741
7698
7076
7143
8586
9979
8347
521
8937
3401
7941
6747
9417
8901
5245
8313
794
7226
5359
2968
6619
1108
1991
5550
7518
9041
4712
900
2431
1413
9502
6984
4667
4630
4354
2620
1071
7002
4009
1665
5457
5438
5642
1508
2994
6521
3852
8477
2637
6448
175
2238
1558
8832
2599
5417
8246
5887
8056
9275
7026
6523
1302
977
6912
8788
9330
9143
2819
7966
9963
4427
5778
8476
2538
3623
9181
4190
8466
6770
9623
7134
2415
6171
691
7682
6277
5761
537
8981
5298
2688
8781
3176
737
7735
3086
9056
6348
4432
9672
4804
9761
920
1093
4772
3909
4755
5578
4944
1489
6374
1576
8967
4365
1041
8368
8918
8440
1295
1978
1877
9132
6925
1636
1412
5312
4717
2100
5822
5476
9678
173
9300
8579
5248
8691
1000
6934
2204
1230
4093
451
8518
6714
4863
2304
2243
4010
5804
482
2804
6197
4272
2063
1909
146
4878
8487
6444
8636
62
185
6303
3754
5032
3653
9524
704
9739
3355
2923
5682
7503
3090
1394
3462
4573
8629
9602
5145
4455
662
5978
7713
8606
9442
8161
3060
780
4524
7933
7536
8377
9888
6186
