7669
1069
5075
9652
1055
270
9210
5756
3076
5273
4257
1197
4155
3343
484
9515
7336
3635
2317
6052
4001
4855
3460
5729
7643
4911
345
2272
8997
355
3415
9493
1058
1633
3649
2795
4482
8730
470
3704
9854
6074
5322
2485
6890
7866
6452
3498
3160
3519
7760
3239
6152
3888
5278
1635
7287
7666
5794
2190
7960
9787
8721
7731
5441
9019
3793
8197
3063
910
161
1657
9564
5015
9323
5439
4905
5688
9715
4373
2312
2617
639
1436
5336
6007
3414
9738
7963
4329
7066
4612
5327
8326
6165
8075
8601
9880
55
2464
7179
1147
7145
5110
4140
8215
2817
6396
1847
928
9122
602
5619
1896
1908
418
7442
9739
7858
175
8937
8071
9877
4510
456
260
6783
1582
7235
5776
4123
4980
9358
742
2761
5003
1638
9714
3825
3776
4537
9191
4554
9112
9849
3441
1236
4371
9336
7268
8337
9362
5584
3593
853
7582
8194
8607
2661
5191
8392
9650
9769
7203
94
5464
7014
4166
6818
4585
7496
1387
4947
2206
1355
744
4348
2052
9390
102
2033
8011
1620
9876
3672
7592
7148
2912
8701
9797
9188
6684
480
5007
1843
5834
305
3321
192
6044
5762
5802
5340
8781
6778
9047
1666
9158
3701
2600
1170
6419
7716
451
9324
6392
1920
4779
8504
8635
8225
7923
2396
8042
1301
1521
2061
3069
4233
8865
222
2245
71
9150
416
2725
9707
3986
8619
7258
5827
3148
1105
9576
5133
530
9704
7340
3693
7717
2395
3955
6009
7495
272
6686
1166
7588
4183
7639
2166
9582
8076
9720
7850
3049
3895
8719
2648
657
9674
2195
5703
7033
850
7826
7965
86
100
1524
8486
8991
2258
3980
2479
8792
7103
2926
6448
2641
8765
7419
7063
1167
1045
43
8273
4569
9533
7527
4387
3842
761
9813
9785
3819
9581
5878
5445
5841
9245
9837
965
6048
2042
5218
8791
630
8603
8813
9219
8832
5849
9956
7916
9014
786
4162
7457
9402
1497
5710
235
4488
443
5736
2100
2273
4553
7686
1503
3447
7283
1566
6349
2299
3778
1627
6601
288
5807
4163
6405
6417
7156
9572
4993
5634
2616
9628
6302
6613
6607
5655
4312
5989
7309
6711
943
8867
775
8434
7553
1701
3954
5669
1237
7828
537
6806
6498
284
1716
9372
590
2253
421
559
3465
3386
3493
449
5313
3679
6196
9978
1154
9697
7470
507
574
5402
4228
3275
110
1694
1621
3673
2096
334
999
7115
4065
3337
7689
3527
1061
5058
4195
1076
7827
8983
8037
2214
4320
3549
4721
6534
5862
1557
7573
716
6602
1001
1519
3554
1384
6570
9117
9155
520
350
1837
5069
6797
2458
8899
9668
2475
7975
447
3543
204
7752
3370
8857
8664
7214
0
6333
8295
1518
5004
7943
3515
6978
9520
562
4933
8666
5608
1802
2689
3201
1668
4899
1733
8020
5001
7911
9756
445
9463
5311
9802
1832
7166
6394
7196
6596
4242
2041
8398
891
1831
4551
417
8900
400
7050
6605
7887
9761
1584
3661
3688
8989
5523
4666
3707
2572
7932
8009
8262
1553
7973
4908
8384
9568
6626
2523
1741
356
2649
3998
2595
4205
725
5440
4740
7294
3789
3310
6664
1623
6642
8863
8716
3302
2050
4201
3282
2113
6251
6287
7020
7259
2344
718
2079
9782
3293
57
6294
8485
5031
8348
3731
331
5495
5973
7836
1215
6768
8629
2023
2394
5068
7924
5740
9646
946
7759
6490
6992
6914
9958
5706
3684
3834
9136
6125
7853
3372
6345
9167
9178
1456
8711
4447
1859
4107
5118
5670
1281
3437
5996
1665
3294
9621
3431
8943
9186
4744
8228
5187
949
3893
7786
9392
7493
8741
8307
863
3247
1257
230
2325
5166
2549
4039
505
3300
34
9808
3590
834
547
4873
6247
7134
163
7939
6269
2155
3132
6567
5617
2340
9302
3812
5963
402
4838
5316
3814
758
971
2670
3531
2509
6587
3692
8606
7174
6838
5450
9147
7095
9166
1534
6280
6053
2874
9617
4814
7797
2202
7591
4019
4187
7325
9651
8129
517
6187
1600
7622
151
1369
510
5276
6844
5398
2481
3963
1900
7847
8686
3341
5486
6495
2461
6787
7453
5214
3744
3976
2347
2512
7379
6514
431
7327
9244
7353
4895
1646
8881
172
5877
3917
7721
5835
767
6952
9475
9615
179
2093
245
3753
4519
2487
9131
8981
4250
3923
3245
3054
4465
6362
9010
9930
1645
673
3710
2844
2323
6284
3761
1757
7238
2550
9102
4427
332
8600
6939
9085
3022
8963
5127
1926
1452
6762
4326
500
8231
751
7297
6839
4297
4403
4072
2956
6124
8624
8357
6901
3230
3243
4490
4345
4099
9841
8216
4141
3314
7520
115
5481
956
1374
5383
6462
728
5914
8717
6110
2248
5356
7606
3200
6736
8077
4012
5844
1047
6981
1186
7012
4501
4825
5782
8099
9348
3352
433
4826
3935
2389
1220
3512
7741
4761
1343
3336
5258
2029
2966
446
4273
4307
2694
2591
3113
3964
2176
225
8001
8388
5516
6574
6456
713
1273
7198
6943
1954
4535
646
1337
3588
2261
9637
2728
9828
8642
5788
124
9557
9724
3765
4261
3800
951
5998
5668
9664
3003
6088
5767
4028
2477
4502
8356
5176
4060
849
7306
7185
3052
9727
7475
9584
664
1853
5387
4844
2365
8806
8710
8939
4637
2422
3890
7130
8442
5277
203
3338
8254
4866
2025
2280
8469
9525
3165
7737
131
9585
4087
5381
7838
6731
2998
198
9187
5407
3278
8048
1930
1260
4418
4027
9556
6738
5026
4327
7080
2002
7771
702
7401
6949
3845
4481
8198
1810
6128
113
2561
2183
1007
3815
8638
8640
251
3342
9764
1140
2896
227
8933
9534
4620
8317
7956
797
4738
647
9486
5145
2994
1389
1089
6565
3180
2851
2135
5939
5826
8160
8840
5605
7544
2873
3791
2677
2848
7074
7740
2019
5809
4204
8633
2387
3645
7541
9689
3822
8246
9005
1421
8269
5935
4258
6285
3184
6019
6794
6038
5
7723
6335
1702
9740
59
7510
237
2048
4865
1364
4601
5251
7511
1511
6060
2555
6403
6484
2968
4805
6918
3965
3862
7362
1028
2686
8567
7754
4645
5128
4216
6758
8930
2928
6790
2538
2716
4078
4633
2588
638
6499
6078
7269
4913
7488
7515
1287
8178
7153
329
9757
4820
2430
6898
8346
6237
7839
8529
2371
7122
3551
9612
5502
2399
8303
1781
8031
5480
4392
8842
6908
6704
5249
8922
9408
5006
3270
63
7048
367
1708
5646
5667
5416
8291
7199
4480
5638
5553
1601
4575
2366
5195
5183
4145
6422
2916
499
4306
6959
8067
5184
2556
5233
6812
1348
281
4765
7498
7061
2349
3340
4566
119
486
202
3552
7957
5871
6148
536
2040
580
2335
9335
1161
4760
5009
7009
9227
4668
1232
5982
1549
2974
8187
9501
561
4665
1649
5490
9067
7575
8035
6868
8574
5883
3767
9466
9168
3081
5394
2350
5155
4527
9114
933
8996
9538
3631
5095
6947
3019
1203
9393
4508
2008
7768
3571
8435
1441
1117
1415
4654
3848
5244
2620
8302
8907
5042
987
365
8884
7584
9292
6146
2767
9730
4538
2070
8835
9031
5361
6716
391
8647
9096
2436
4499
3920
5690
8362
9169
7409
4323
2760
2271
2799
7231
9249
4317
1736
6117
6610
3899
7233
5734
3971
1235
6933
1823
5421
8289
4185
8252
6316
6502
9059
7094
5784
6467
8479
7271
680
3244
3030
1156
2473
9287
8437
6930
1501
538
5417
6032
8408
6116
6916
9953
473
9400
1429
5718
7075
7044
6439
9574
4656
5919
9833
4334
4729
4827
976
6954
3292
3536
4794
2127
2428
9339
6057
374
5532
8133
4634
9670
4792
7621
1049
554
282
4232
1091
5763
681
3212
8033
8475
4956
1250
8455
7540
2894
42
1763
842
2007
1206
6089
6133
3705
8859
5380
9719
7789
3977
1556
1448
2578
6401
7144
1545
1744
960
8798
178
296
4470
2943
7059
5700
5679
5872
2177
1813
6159
1322
150
397
2531
4255
6925
5341
8756
729
3283
8493
575
2842
635
7065
210
8085
5410
5324
1567
8618
362
427
5448
6142
7221
6641
1978
2598
8103
194
9403
811
1491
6859
7051
4495
7491
7955
6764
4098
9549
941
8232
6608
1457
4987
5370
4787
3159
2558
8441
5927
9422
814
4054
1035
5981
8652
3584
6067
7006
9758
9901
3089
8592
8610
31
7441
1893
3426
8259
936
9054
4910
3253
1909
1335
1578
4200
8073
4992
8901
1658
7375
6504
4769
950
1986
7045
6095
5469
6728
724
1477
7307
9819
2560
6406
2141
4014
3663
8507
53
1258
9190
7387
7182
3242
8883
5676
6397
2393
8304
7690
9208
4164
3389
7618
3107
9995
3240
2142
6005
9529
6633
3525
8522
6623
186
2854
9361
6724
6181
6723
6471
4530
5264
3252
1084
980
7805
5288
8747
9846
1742
920
5743
1864
9711
754
9527
8829
4494
4477
2951
9976
7274
9890
6272
461
4128
6971
2373
8169
4454
698
8432
669
8150
9360
6855
1955
4890
872
1172
4871
9436
6331
759
4568
9991
1934
6457
5610
2109
2812
7610
3177
2756
6987
7715
3539
358
8450
6615
7808
9916
3140
4376
3752
5983
3566
7647
555
6412
9666
1998
2376
6476
9610
5454
6014
9746
29
6557
490
3147
5902
6149
7357
4576
8271
2977
5672
780
8039
611
292
7137
91
6013
3258
8230
5581
10
3401
2650
845
240
352
8682
7000
3348
1344
7328
3852
4188
6259
4631
3583
4301
7451
1704
8724
5286
7310
8074
3969
968
2645
8052
6033
5112
8705
1282
5664
3339
7748
2947
4901
3220
6744
9577
5371
8752
3924
8345
1617
7170
6207
4079
6940
7687
1377
1253
1043
1438
4523
3364
918
8807
4438
4061
1782
8673
8424
6431
9777
8182
6256
9676
242
9460
1318
7381
1165
5959
3031
4834
9253
205
7131
7015
5590
1740
8531
6446
7376
1644
6478
185
8270
6804
1246
1574
7914
8793
4667
7315
1690
9975
8804
3792
7139
1626
4564
7696
5339
458
7719
6347
715
9482
7899
1935
6109
9492
2207
6687
6775
8321
5885
756
8410
4767
8725
2813
9745
2329
9152
2536
9541
634
5202
5305
9207
5803
5157
2408
8935
9129
4824
5204
8845
1333
2592
5663
5923
5842
5511
7177
4801
7389
2823
932
1067
4858
513
7447
6122
9789
9471
9473
4942
5573
6435
4967
340
7819
2734
1866
5840
4338
271
2915
5392
5666
9265
2369
9443
4399
731
3262
6532
3098
165
5979
6225
6956
5830
3492
2092
51
7476
216
4917
9857
7692
5271
9257
1360
5171
6877
1378
5455
5064
1648
881
1748
8350
1224
2357
1158
8911
9365
3269
7150
8692
5529
1820
5547
5599
7906
503
7673
3158
3662
1183
181
648
1915
5828
4444
2058
4771
703
6547
8527
8179
5228
8022
6699
3616
9238
6621
4068
9972
6275
1373
9536
2772
7894
6741
5912
5531
4220
9869
4203
9606
1120
3419
6593
4661
6291
4316
8980
953
8338
6191
5355
7799
4682
9251
2434
9418
2663
7149
9669
6141
7942
2961
9561
9132
676
4603
146
5795
8777
9864
9128
8354
9388
4687
1936
2314
2310
3280
5433
1816
463
4150
5757
1928
7946
6215
5089
543
7895
5869
1085
5134
1433
2706
3274
1564
4547
2157
5147
3004
8277
7933
168
8892
804
3757
2016
4560
7662
2647
199
4860
8151
4773
1960
732
8913
3541
2259
5459
8769
5158
8549
3573
215
6031
5185
3077
7570
3911
5918
5429
6563
3457
1969
3439
4100
9037
8130
4766
6295
831
9481
1339
5140
9310
1317
9618
5138
2383
87
9277
3099
1860
3950
7168
7366
3653
101
8070
5107
9962
4815
129
5893
3128
5245
8646
7728
4948
5270
2424
3503
7803
2223
8055
3643
5048
7311
6961
2745
868
5409
8707
5760
8320
8173
3938
7545
4282
2657
5389
2255
4006
4464
5154
3064
4018
1906
8186
3504
6867
6825
6936
568
6831
9625
6645
6590
1024
4081
7398
2959
8722
7708
1352
5845
1697
4927
6305
7599
3157
1469
699
8764
2967
1559
1684
