119
78
112
275
162
15
220
40
99
125
98
102
196
370
353
16
150
377
108
394
308
207
254
93
50
253
251
318
91
375
47
240
43
166
264
345
281
81
144
245
104
131
184
312
213
37
153
85
363
392
25
283
89
195
255
97
130
259
287
12
200
246
373
66
145
276
192
73
271
225
163
55
44
94
244
297
214
388
115
324
149
158
382
260
157
161
234
323
171
186
317
116
263
368
383
256
60
366
381
181
111
362
41
38
0
313
227
151
117
100
39
23
361
349
322
197
170
155
335
237
387
208
261
18
199
134
147
137
291
22
2
143
19
216
309
288
385
221
56
257
90
86
54
167
176
346
123
148
49
107
57
270
319
205
77
27
224
122
11
218
96
74
379
365
230
307
182
241
24
7
351
121
215
330
301
293
105
222
168
294
120
235
258
306
334
106
124
154
303
198
274
178
68
302
350
175
141
159
201
226
262
398
58
20
110
6
160
128
277
63
269
61
75
352
338
252
139
236
53
305
311
4
378
52
360
357
389
190
62
133
358
136
173
72
285
5
372
10
210
138
59
238
339
347
298
36
45
185
191
286
129
79
343
249
397
364
