201
371
230
143
132
203
90
259
382
222
112
140
280
141
252
260
10
248
178
233
15
228
297
200
336
145
162
137
73
176
77
47
120
383
351
261
7
41
220
272
242
285
168
264
256
263
274
108
115
123
111
109
218
397
244
216
387
217
177
74
12
67
1
305
151
150
45
62
231
82
83
100
192
315
60
69
46
124
21
310
85
199
29
292
118
20
179
352
239
35
189
66
136
334
367
254
117
295
127
159
4
346
43
223
335
30
18
214
221
284
158
180
235
319
88
359
161
385
366
329
251
271
188
103
234
247
394
61
144
312
110
386
92
358
195
50
114
245
2
345
249
313
299
377
102
268
279
389
300
392
172
227
265
152
378
28
237
0
153
99
368
204
340
32
55
374
139
8
167
98
198
301
206
146
306
23
287
398
87
39
339
68
148
171
138
128
26
238
342
373
363
65
302
350
163
80
59
135
56
154
58
134
191
9
303
53
232
165
194
121
317
273
19
49
36
328
11
253
355
196
70
42
209
354
133
116
95
258
288
25
337
243
349
356
357
390
281
57
86
276
22
323
157
5
314
343
326
205
78
321
381
307
210
229
173
34
