107
33
268
262
382
366
146
319
391
109
88
294
29
302
94
217
292
46
312
311
279
61
333
349
389
207
381
392
201
221
323
101
300
121
132
369
310
57
203
291
166
106
150
66
156
9
159
361
211
162
129
200
347
31
357
39
327
164
144
378
395
4
208
309
89
230
282
73
97
83
17
170
38
387
184
304
259
10
196
321
25
44
68
224
111
42
142
239
58
340
299
114
335
229
316
344
255
308
190
21
289
160
168
155
181
296
240
355
252
32
326
236
165
250
257
267
62
8
143
234
290
266
133
53
1
218
84
220
147
263
360
74
231
65
141
285
193
331
149
2
78
341
328
126
367
110
232
152
63
385
123
370
288
265
225
334
386
11
113
368
274
26
86
318
329
356
396
99
85
76
242
261
222
145
246
16
202
98
377
115
81
337
276
210
183
176
247
102
264
35
28
180
293
227
167
375
36
112
3
140
358
342
72
100
56
223
248
384
49
343
269
5
12
192
393
205
41
108
87
172
298
354
131
22
151
75
390
283
362
353
163
376
55
124
280
359
92
315
158
187
219
286
135
139
117
103
281
95
18
352
372
174
177
137
93
59
