3590
5713
1232
8668
4036
4223
36
1594
3890
5255
6524
8034
3210
3456
2662
7198
7166
1414
1864
5628
2120
5037
8347
7240
1338
2355
6210
6371
6281
399
6942
2635
7923
6932
4473
4168
691
4514
8593
3028
543
6601
6230
4295
5776
744
5953
930
8388
6781
1671
193
5768
5186
4403
1202
5673
8050
2532
991
274
8069
4513
6296
2112
1609
5514
4311
4608
5721
5145
8479
4111
1376
5366
1236
5823
5573
1318
4206
7412
1980
4904
6095
4487
8781
7978
7827
5706
959
6652
4627
5123
2628
2884
3199
7512
5324
3301
8326
1876
6323
1145
3079
8098
2871
1555
5218
3947
8128
23
2862
2018
7392
6702
8046
5240
2102
15
8652
471
3901
3134
6589
4794
6799
8152
3722
1257
1124
802
1153
1156
2655
1542
7389
4871
5353
7566
1196
1173
8269
8638
6923
3332
3812
6764
3625
2977
3930
501
1144
2215
127
3475
6165
3487
5816
4862
1582
6940
2731
879
966
5092
260
183
2430
5074
72
5685
1831
3845
3817
4843
1112
1040
6727
5907
7887
6566
5880
2674
6190
6261
1026
2936
1953
4921
6268
2492
829
2285
3831
3181
6140
4868
5318
5581
3704
5661
6310
5444
1871
6247
3500
5811
1142
5967
5430
172
3172
1739
3189
570
1429
3026
1163
2814
825
334
7491
1719
7542
1895
510
5869
8684
2679
2649
6356
6677
5653
6861
4254
4407
5030
7897
5176
3248
7932
8393
717
6445
4162
4763
1764
4006
5683
6288
1189
2608
6374
1589
8440
1404
1659
4210
244
4112
6084
7130
6796
7828
5670
8672
5390
1683
7358
4522
3693
5504
1131
442
4203
7503
8782
2361
3023
6872
6811
3668
7327
5486
7187
4505
4820
4480
834
4068
5108
4891
487
8228
7309
5805
6644
8700
4644
5968
425
1724
1733
8081
241
5578
2036
3303
2789
8647
4532
8066
4325
452
444
7496
1351
2157
2304
6793
3169
8492
1708
3059
5978
678
5309
6255
1561
4848
3075
1513
3428
2764
80
2930
3572
4632
5686
2444
5399
8734
4300
723
708
7972
7637
129
2352
3442
4185
499
7371
2281
1090
3503
2198
5775
6264
2562
807
5351
8323
1550
7333
6676
4765
4292
7109
5762
5493
351
3029
602
2617
554
1869
8483
3366
8513
1447
2933
1304
8589
8131
3510
4382
179
1870
2567
6320
3883
3650
692
4997
4865
1833
2836
4991
143
2358
7632
3613
29
4993
3179
1181
4242
5925
1255
5917
2046
5890
8288
1971
6912
5413
2448
7291
958
2240
497
3150
4423
3853
3233
8036
8786
5199
1346
8444
4387
8409
5307
3598
7072
8783
620
6768
6533
4076
5505
8641
4354
5860
3346
4291
5650
3034
3814
6025
7593
901
2502
4734
7227
2669
7942
7235
236
2770
3327
8217
5503
1459
1011
6482
2464
4239
3958
3208
7477
387
6859
2223
124
264
5431
4228
2745
5417
4069
4744
2089
374
2353
2469
3107
5843
3874
6807
6399
170
8743
929
6100
8574
7501
4628
1956
1485
5063
3855
2425
8314
3635
549
2061
1746
5109
7706
7444
3684
1119
1749
8714
534
1108
8070
4554
6398
1342
3718
5684
1223
5606
3074
2768
4408
8311
2282
4062
8541
7927
2427
7173
6150
522
4063
2276
5879
8208
4696
618
2572
8368
391
2942
1211
1047
162
1405
1289
2478
8753
6856
7851
3095
6383
4037
4280
8780
7250
403
4434
2083
7722
5669
7225
6493
2261
6259
7941
6495
5544
7382
4346
164
3984
2925
3022
5018
5891
3548
4681
8231
1190
8239
8618
6846
8107
1409
8777
8160
7670
5728
4023
8665
2062
5346
5970
7182
5243
8324
4737
1325
201
4893
5722
3
3903
7888
4253
4875
2915
1250
2435
2546
5547
4565
4723
3279
4144
8585
5361
4119
4837
2070
1193
1820
7332
5456
1456
3792
463
6206
552
2325
6695
3851
4896
6235
1185
209
3071
7400
167
3784
285
3539
5464
8022
679
8291
6086
3709
4322
5677
2154
7483
5012
2783
2563
1853
4184
4575
7538
4732
7282
4950
8078
7023
521
1443
5089
801
6364
2310
5128
4171
7087
5119
1503
2543
2743
2774
1736
6752
66
137
3375
709
926
7062
383
701
1789
7270
1725
6275
2553
4739
914
5451
5146
5590
6928
1022
5262
1312
7921
1015
921
8366
7834
4321
4318
2377
3543
6423
2027
2030
8227
558
7764
7645
1510
3086
8552
6225
7655
8282
6201
1854
2981
1903
4177
1278
8025
18
3769
7229
7092
6082
8338
7082
8112
7026
8166
1355
5204
5225
2524
7614
246
7922
6689
6305
2177
3873
906
1082
8698
2472
2529
3504
6219
128
7909
3385
6550
3781
7751
2244
7519
2889
5321
2660
3981
8729
120
6957
6623
1494
4957
8696
3306
7730
2331
6899
2946
2954
1395
3546
4648
7423
310
6412
3926
5545
5499
6117
4989
435
3047
8105
3084
1633
6160
7060
2160
4256
594
4224
1511
5370
7789
2256
3964
7865
1319
1841
7878
8601
2072
3205
1504
6618
5521
1466
6965
7017
7059
8190
2032
7652
7206
5529
5168
924
2602
4758
8000
7799
5592
6656
56
4038
98
5528
37
4491
6489
6134
2921
4846
6510
5830
4983
3192
1934
4833
6179
1672
7746
279
5348
8164
4129
4874
491
2095
8715
3446
4451
7732
1896
2827
8285
3395
2197
2784
7773
5331
5540
7665
6837
4044
6748
6409
8241
3755
2485
78
6182
6591
194
2021
5984
7445
6385
5181
3925
1846
7757
1900
3347
4235
7
3265
6621
983
676
2937
8373
1092
3361
7489
949
1100
2255
1025
7703
6474
2483
5594
8630
3521
3638
5828
6918
5941
6738
936
4642
504
5796
4381
6670
5552
2002
6458
1894
7427
5460
2268
7022
467
8351
439
3679
2166
1522
7051
1892
1366
8392
5185
3967
5733
7433
2139
7917
7449
4701
6552
2480
7443
3115
578
7303
4476
4444
8149
5782
7027
2991
7316
6749
3450
7375
716
2600
8539
7356
5113
6164
3268
5414
6715
4781
7472
1451
1393
7470
379
8521
4599
7825
8331
8189
4436
1780
7994
8511
4496
1875
1365
2834
6350
3660
1972
596
256
7502
6222
343
3116
7372
5365
6987
4019
7690
8089
3326
6737
6449
984
7048
2473
5664
2824
318
8262
204
862
4182
5252
3723
323
791
8673
5184
5498
6557
1728
5936
7158
1214
3517
4180
8546
771
8436
4412
3359
4305
4299
937
6395
7886
944
5131
3398
2163
6853
6093
6382
6373
122
2576
5093
967
5479
7071
4373
5350
327
7536
6075
2709
820
1747
1169
1240
1356
8052
8367
1460
6634
8306
874
4482
6388
6325
7180
388
7669
1008
3451
682
8419
3600
702
4940
5000
4609
10
4493
4051
8099
7324
8542
6280
1037
3532
268
5960
1502
2918
6682
7041
7304
4864
8378
4845
5905
3939
873
2966
2395
5246
7006
1012
3610
988
5781
7313
3923
2528
965
5665
7183
5534
3194
3415
202
3117
7455
8303
4296
680
216
7346
8252
732
1974
3377
1663
6701
1197
972
6946
6212
4402
2716
4786
1085
1856
7755
2636
3864
4214
6260
7698
7137
2169
4823
785
2607
7226
8435
5679
2122
7545
311
472
1271
5611
7695
5904
8009
5571
4894
639
5788
4159
684
6658
7553
8184
551
5028
7038
5354
5120
5035
7295
5446
6693
2178
1997
8718
1765
2929
5245
402
3763
2558
2569
6329
5976
7311
893
7627
908
4287
394
3170
5923
7907
4207
1273
4972
1929
4638
5693
4093
2893
4539
6834
484
14
8565
1969
621
1529
3288
5295
1363
4290
8135
6968
8789
6950
2348
4359
1874
2891
5409
4827
3970
6922
112
7617
7704
2875
4663
7215
7583
4680
7920
8559
363
3264
2171
2777
6486
3178
3725
355
955
1483
2744
4720
5705
7102
7097
8731
8571
6679
8460
190
8267
1410
5813
4191
3278
3016
446
1419
2825
6760
142
3976
3396
6854
5081
6851
3888
5537
4332
2493
440
5959
3836
1922
6518
6251
231
4353
2428
555
622
329
2118
4574
5411
4053
5330
4294
5279
3444
4556
2335
3554
5237
4654
5833
2047
5384
2006
6352
6669
4790
5626
8722
4405
3800
6755
8778
4279
4376
1809
3880
4791
6019
4995
982
5356
4388
6880
8606
8049
4121
7486
5024
8497
6
8495
237
7222
6615
465
8309
5918
6622
7115
3822
302
5892
7383
7796
5332
7926
7877
4265
3437
1776
3445
168
287
31
4844
5059
7663
6154
8573
5427
815
3809
5124
7859
1029
3469
3982
3493
2164
8193
4545
7747
1655
3076
3612
1218
1534
6312
7126
6887
5102
8287
7934
7069
1019
4979
7938
2286
7310
5562
149
2666
3042
5950
1975
7306
4988
5478
5253
597
4616
1264
4229
2629
261
7699
2697
3907
3374
1284
1287
4225
4512
4971
8045
6473
4808
1662
3891
2689
7441
2455
2373
1242
5866
728
3240
8587
890
6111
4091
1027
6560
6216
1123
3051
5630
7634
5634
8477
7620
6907
6344
8439
4073
2262
7790
7165
6554
767
3362
7185
1415
7911
7625
3761
2905
3915
5865
4071
4659
6709
2014
6578
6867
1781
6603
4252
4718
8620
4310
406
7720
3850
1215
1495
5827
8100
5915
1715
1048
7134
2213
293
2537
4016
2953
2847
1028
4828
2423
7968
5975
4835
5485
8658
1943
3887
7899
6655
4179
2993
1488
6511
2273
5808
3528
6717
1302
7717
2592
8760
1165
5192
7837
2174
2873
3534
1439
5855
5791
6127
780
7384
3245
3540
4255
7034
3120
8505
1148
3571
4268
3992
100
3871
5235
5979
4248
6672
8631
695
254
5244
7842
6204
4506
1800
5668
6459
6785
6719
2631
5201
1301
4087
3163
7277
7712
626
3012
3783
135
8607
8174
5687
7530
7998
5422
7707
3133
4961
6789
5542
8663
1491
4630
858
4125
4856
5558
5482
7494
2243
4910
5467
1457
1362
1385
2780
4637
3483
1175
4054
8313
3015
3965
4152
2238
4666
8330
26
2399
8642
8363
8294
6540
2903
8106
1619
282
453
6439
7157
8692
3569
985
2949
7200
8120
5511
989
628
4337
883
6631
5360
4271
7974
4520
2672
3724
8156
57
2214
5039
1392
2788
8278
1526
8139
7202
1822
6774
3897
3983
240
6384
1431
8183
7168
773
8482
6070
800
4802
4466
5752
7499
8141
5994
1957
2555
3286
8064
6116
6197
2056
5026
3492
2143
3014
2277
2127
806
2366
3910
757
2859
3113
8012
3696
6000
4585
775
5489
5926
2754
8175
1041
7224
5743
1860
5516
8480
35
5989
430
5336
633
3547
7862
3298
7393
5474
2207
5141
3387
6429
2297
6699
8088
7646
8493
3488
2591
4080
8153
7088
3945
2594
4324
4706
2720
6728
1354
1838
6538
1944
1777
6681
4872
4425
4097
3798
6528
7700
7363
8205
4901
1937
1179
4362
5515
4105
3447
7518
6588
6105
5862
4780
7053
3461
4246
8550
8583
4104
6720
8165
1639
3631
6595
4443
795
5310
362
6245
2909
7535
4027
669
2564
7731
1625
5779
5919
4222
4581
3979
1711
3085
1909
6315
7170
232
3056
4486
60
6694
1560
7171
7285
8242
5483
2232
8509
6437
6054
6593
7606
2544
8043
7426
6375
6945
6583
5586
1225
3943
2490
2703
5013
589
199
4577
7820
5755
1883
1792
870
2438
8748
308
4704
1471
2853
4367
1331
2488
3542
7656
4446
266
1620
1421
7254
2830
920
5588
1140
913
7112
1109
8260
6340
291
3144
686
5786
1758
3508
7211
3795
797
2611
4420
6392
1164
6224
1086
46
8732
3507
7906
7971
4915
5993
5943
4931
6904
6775
8564
1207
4703
174
8254
6258
1064
5418
7450
5172
8429
3555
1486
365
2068
8237
4043
7020
7179
4807
4264
6327
4479
3139
6083
719
4504
5783
1455
5251
3136
4338
4416
3315
1938
6754
1798
4914
221
5933
27
6813
8097
4622
5963
359
3193
4917
2997
5133
6930
4060
5612
8421
5442
8744
6637
7988
5847
6883
6184
3713
7612
5014
3744
6629
1566
4612
963
8117
2545
234
8730
3708
252
5507
3316
1702
6023
2681
6231
8666
2479
3237
5338
794
4788
217
6302
2020
4973
1723
4882
8728
8011
2349
2797
5964
1007
1343
1572
3768
7413
2074
5888
5885
6037
7569
6132
2111
139
8162
7283
4857
2343
7163
2767
3090
7826
6596
3403
7197
3434
4150
1049
6481
768
2964
7267
8416
3680
6977
3971
4761
255
3518
7628
7880
1515
5688
2336
4077
6347
8202
5548
7882
1624
3280
5523
604
1585
3432
6166
4085
3606
2902
7647
1818
4892
6208
6428
7243
6433
8292
6743
7338
6516
2860
3324
1600
6659
6761
7220
4755
7898
6974
4319
1430
1438
5391
6332
7331
2534
5698
7490
1416
2899
8144
5213
7141
762
6858
4199
3956
737
1425
6460
6704
4697
3247
6575
8103
4474
5349
4757
690
823
2588
5490
7818
1573
7693
756
2263
1689
3701
3593
612
4673
5908
4389
7979
3148
349
4401
65
2960
7162
7378
250
2117
3973
6088
5595
242
739
4
5836
5086
7064
3729
7667
7598
726
3647
3594
1266
7872
1000
32
1297
8169
1453
3826
2900
1819
4885
1209
2515
8425
3876
8422
441
2541
1581
2724
7031
7315
4127
8320
7432
539
5401
5382
2217
8090
2945
8745
8739
629
4421
2904
2274
8445
7594
1235
6055
2516
1280
7543
7263
3597
2155
312
5551
3954
1034
7290
8518
1839
2058
5610
3670
3750
2861
4726
4661
7552
2590
5032
8726
1793
5449
6598
4887
7028
1734
3690
3142
5180
5912
2346
2314
6227
562
1815
1998
7014
945
2565
247
7895
4542
8434
3260
4378
6137
8123
6509
3364
1722
6610
5061
4740
5579
6282
8724
1052
451
5864
3368
6170
3112
5539
5723
33
3995
6005
2963
3931
8192
7963
4263
4580
7509
6178
6532
1375
8456
4811
6971
1231
7782
315
5352
8469
4278
4952
3596
1159
5591
8214
7484
4590
4606
6675
7801
316
2732
7348
3586
4655
5117
5259
4176
1186
7498
5072
117
4186
7738
4670
4762
2099
5928
3183
3491
749
6579
5049
2667
3061
2317
2796
5846
6387
1806
4495
8270
4944
4898
2653
5680
8600
2721
625
3825
103
8704
987
7660
3291
8575
5320
537
2048
5695
2269
7230
6763
2908
2360
7759
3249
8304
4136
7480
4946
4990
3706
1775
3681
7463
2654
3900
45
5541
2024
3453
227
6687
1035
4840
4624
3046
6058
5587
563
73
2010
1149
2393
4438
1603
2298
3847
5070
1364
7648
5448
159
2850
957
2103
83
3972
710
1557
5909
7505
2501
1269
2045
3157
2806
1718
6735
2854
6342
4626
1219
6661
3743
1790
2713
2702
8342
7544
4478
6600
5564
2182
975
3370
1630
6636
5345
3232
5023
4251
7448
2290
7255
8605
207
4603
3125
2341
2267
8360
1927
6582
5038
4312
2735
6838
3651
7124
5667
5470
742
3509
502
7517
1220
8298
7487
5325
54
1579
788
917
455
8004
2443
3615
603
793
5209
704
6299
5527
7105
5656
1951
5432
6901
7386
4329
12
3788
147
4850
6284
4397
2577
8397
8624
5174
4128
6924
1532
693
3581
5340
7326
1693
3737
3007
2512
1562
5682
4829
1274
6450
8057
2624
304
2944
4365
4610
7995
5488
3762
650
6059
8676
8405
8667
7680
405
8749
3780
2616
171
3211
8468
3649
4560
4500
8056
2886
5395
346
5991
7271
5716
1300
7964
8235
2184
7098
1563
297
3905
7057
5182
5371
5726
8377
2985
7461
8720
2357
2752
8255
4880
8387
3277
4472
3130
4103
6519
3462
2849
7276
4785
4792
2817
6663
1942
4559
6465
7565
8015
3490
7044
1681
5826
5949
5889
5177
1442
2115
7681
3429
5986
1260
4236
662
4530
4342
8251
4582
248
6573
538
8625
6401
8126
6920
3354
6351
1388
3791
593
4317
7556
5173
138
658
8322
7133
3728
4394
7164
6321
7993
7852
2033
2601
7676
8751
1756
7675
2194
6468
3937
4525
5758
1307
6045
6487
6303
2560
5734
6066
7622
7143
8312
3687
169
281
8547
3564
4607
1516
979
5425
2318
6504
1650
6766
3801
2539
5700
5264
588
2456
6278
3895
8197
7821
918
7208
7492
8449
3128
5927
1919
7154
1152
2540
3573
6708
8531
2829
6809
2323
3754
3433
2391
7510
4974
5742
206
1810
8310
3677
7713
7984
8384
6477
4564
6475
1992
3417
1400
6081
3848
4011
6980
1042
3710
3629
1157
4699
6908
3898
6624
5170
0
5876
4414
2593
5792
5940
6866
5631
6215
2
4148
1436
8664
7875
4593
4386
5254
6188
2618
7564
8019
8359
2191
6283
249
5419
5640
5801
6683
2557
4656
5343
6814
1252
2692
8060
3676
8472
1130
7151
6829
7091
8339
2970
3753
8334
2392
7052
2603
2347
1203
1509
6938
2815
4368
7294
8463
140
4075
3198
7514
8603
2799
5998
8151
298
8024
8759
6581
6349
8240
8076
1056
5868
6167
2916
2064
5935
6951
1293
4232
2712
102
3902
2695
961
7603
3383
5948
4026
7893
2499
4081
6253
4815
3603
2683
5416
3563
3049
5557
5913
8424
1010
5607
1147
4951
8763
4775
6969
5260
1198
7140
1872
8412
4558
492
1712
6976
6784
1403
2151
571
4284
857
7055
5532
8386
865
6092
7885
8284
8346
703
4705
5605
7929
7138
1735
512
185
3756
1939
5921
5903
2043
881
4810
7096
7965
6338
2205
2326
4398
3778
3123
4923
8263
7454
5655
2823
5355
1608
6684
3516
4583
2081
764
6958
6431
6028
4341
1160
2468
5211
518
6346
6900
1599
7469
8032
2865
7308
7516
7956
5739
3097
1370
7500
5731
184
1893
5224
6714
1981
7642
2173
910
1637
6381
5819
866
4847
4817
3608
3121
645
6981
6141
1039
7379
707
8733
1199
76
8274
5616
6089
1398
557
6820
5069
6494
4713
144
916
1692
1716
5284
5568
8784
3343
4789
7937
3602
4798
6625
2328
8446
2701
3039
6541
5757
7199
6844
7966
4145
7846
1418
6002
4672
5158
5206
1294
5961
1333
2247
7047
1658
821
3421
6791
4216
8211
5563
5055
495
1448
8218
4899
7758
8102
8033
8030
4619
1618
3388
8402
3166
8467
7802
2096
8328
6249
3143
3879
3138
1948
5797
429
4052
6744
1851
2123
7217
4984
711
1104
3093
6673
1785
1458
1571
683
1241
4484
7725
434
3348
3309
7918
414
2811
5111
6010
1182
1710
6979
3782
370
7630
2920
2093
4286
7635
5459
1120
4247
8688
3580
8080
2869
3691
115
2632
8348
4471
7551
1069
5312
1801
300
1584
8171
4710
2439
5195
5403
8742
8502
4485
4084
8713
5171
2664
4783
1076
3052
2907
8247
7601
7822
4175
1616
145
5178
2226
2772
220
2663
8532
6914
4538
3253
195
7035
6840
7377
6815
5495
6049
8182
7318
1617
7973
7007
1578
213
2855
7497
3357
1621
6778
2305
7977
6250
6211
77
7191
4752
6177
8065
1316
2852
8369
5920
2813
6797
4566
2144
524
8219
6306
3425
2250
591
4883
2411
4515
7815
2324
6286
4935
7507
6906
5657
1963
6792
7142
2961
5144
3577
5914
6471
3080
6411
5073
2976
1074
725
7339
1954
3030
8602
2698
4959
347
2613
3657
16
2508
7570
3634
7125
5946
239
2098
7990
1133
3796
2220
7033
5377
3807
6537
4540
8716
6657
3386
6739
6698
667
8013
5645
4462
729
2877
4364
4039
5362
7560
109
5522
2959
7643
5715
3225
6446
8201
7673
3813
655
4671
782
5175
1146
2820
4429
6175
49
8297
5644
7301
2892
5420
1549
8238
2340
1081
306
2188
5368
7711
3512
6427
6801
3833
943
8272
8225
6937
4759
7807
566
6997
8222
3545
400
156
2507
1986
760
8669
3096
2029
3401
3541
7591
2661
5911
5724
4021
6237
3369
8415
6029
7813
3119
4729
8017
6104
3575
1444
7532
6522
6098
1802
222
479
4391
503
4523
3126
4652
7232
2984
934
8755
8766
1256
4366
2554
2148
4433
580
4702
4356
3566
392
2332
4708
6870
3164
3158
3642
2350
1072
860
6152
4169
7249
7015
3799
4985
5130
6770
5104
4879
2755
1292
5161
5215
2351
7662
7810
5079
4611
7710
7269
303
6143
7840
7340
5388
5150
2575
6762
326
6047
7132
4956
411
7336
1489
7657
548
2113
8385
1786
4357
5341
848
4980
2224
5454
5423
8769
569
2028
6730
607
2931
2500
4922
1107
5566
7366
5790
7482
1607
2252
7425
636
2769
3407
4211
3365
922
423
7613
6386
8095
2816
182
6756
5372
5339
2826
6311
8329
3892
8656
7417
5297
3287
5466
7351
5856
4555
8691
6628
8476
7334
3255
4777
8619
2968
3122
4205
915
7504
3908
5056
1740
1602
2828
766
827
5567
6007
822
1050
7555
5619
7836
947
7167
8380
1499
7658
4912
5472
4439
4943
3648
6819
1369
7488
6805
8062
3920
5099
4149
4231
561
1731
2016
271
2471
1721
3656
8773
5652
5375
1757
5029
7900
2967
1583
2418
4055
3627
6198
960
6711
4240
5955
6757
7774
5878
4825
2145
789
3752
2822
6017
7121
3841
6929
3700
2402
6651
3344
2776
4527
871
3959
781
1244
6855
7987
4839
8706
3296
2356
1669
6498
3592
7195
2580
4667
8634
1217
2389
5639
2790
7948
8454
2424
3435
6300
8657
3535
7533
616
7599
5973
5434
1751
3996
5966
5115
4869
7924
3637
4604
630
7210
2231
7436
592
7111
4233
1427
872
8300
7345
7845
5027
526
832
3765
2758
5987
6404
7080
3661
4645
1437
6828
95
5041
7186
7539
4488
4571
4589
1762
4588
5883
3318
5200
3480
5136
7581
5378
1634
5020
6355
6608
7108
2844
4007
2950
3384
4587
2812
3716
2436
5280
962
7930
6553
1536
8523
2301
7434
7357
6050
7077
5210
964
8136
7960
4475
5429
5600
8592
8538
748
5154
3066
2673
7325
6619
4687
7682
3304
6765
6648
2450
4832
665
1645
432
5125
2525
125
6006
3195
4393
1859
896
7824
7043
506
7416
3484
5273
7335
5746
3430
7039
3173
1844
7748
8140
6731
6895
2008
7916
1518
1641
3561
6056
146
4651
4508
34
1005
2132
5886
2407
6273
7070
2650
5771
2201
6678
6238
4276
6444
8221
5287
7201
6721
295
5263
819
7093
7029
7411
4941
1334
3399
2042
421
4586
1880
5272
4237
8246
7626
5929
8407
1422
2080
4374
5007
7297
2212
652
4404
2075
1690
8604
6107
1933
52
4259
4234
3464
540
1697
8092
7104
8712
5445
1309
3476
2700
5230
8426
8609
7744
2446
8697
6767
3711
7854
2135
4954
7579
6836
8705
3878
581
1977
3989
5066
1498
1593
818
8186
7110
7420
3235
8381
7084
2841
1601
6685
7002
6569
6008
4967
3003
1720
7664
623
7129
2150
5065
2530
8738
7388
5103
6480
3098
4906
89
8233
2316
6779
3881
8071
3008
3156
7766
8455
7961
1088
38
8315
5800
1487
2687
8290
2344
3872
338
5077
4685
3951
5281
5506
3149
4331
2906
6869
4623
8517
1136
1852
8191
2289
6891
1296
3962
8199
750
3353
6062
5533
3290
4049
3588
5167
1742
7431
1760
3604
7694
6151
6221
6004
579
3213
8286
5363
92
61
3726
8779
5080
7146
7396
3749
5814
4682
6207
1128
43
6565
3349
8670
8308
4432
1688
7943
7476
382
6599
2932
1791
6313
5480
417
634
5767
1204
6218
5275
6551
6400
5389
7597
5477
7881
6115
4953
4821
1125
2055
6015
7754
8496
2137
1378
2091
7462
6200
6457
2969
3062
286
4045
2069
5443
6053
8671
4830
2327
6783
4932
8173
7800
4686
6071
428
8018
4457
6915
5058
6436
8633
8196
3371
6513
1058
7624
5045
7588
2092
654
4552
8594
1945
5051
4852
851
2291
1118
1465
5288
2248
699
5649
1678
7231
8230
187
3869
4748
1807
4014
3957
7771
1463
8500
5304
1976
105
3759
3372
4684
730
3045
7437
6341
869
8746
3381
189
5269
7460
7687
6418
3816
4099
4598
790
5105
1308
2742
5575
6136
2040
713
1737
8249
407
5088
3570
5135
1569
2345
6336
731
6747
375
4275
2044
615
651
891
8299
2109
3308
8659
632
205
5738
4218
173
6304
6947
4380
6454
8685
1931
448
1063
2958
4335
6067
568
6736
6712
2130
1835
7902
6771
1966
8423
22
903
1814
4724
8133
3321
5463
7526
4350
6295
7241
3966
624
1341
5090
4467
769
4158
262
6999
1102
2051
1353
2880
1538
1192
1960
2998
8277
2693
5765
1224
395
3337
6396
3933
2219
1904
5651
6992
6943
178
8364
4422
3720
6517
458
6169
2110
2342
8771
6405
4213
7547
8462
1116
8403
2222
2522
8302
7714
4602
7152
1323
3985
7586
8774
6865
6408
6506
4025
7474
243
6723
2913
939
1161
4008
3050
8451
7323
3815
7312
705
6440
81
2535
3101
8433
7045
7879
3297
2398
3272
7585
5803
473
5602
1381
7686
336
4657
2519
3289
5500
2227
1243
3241
7928
7871
1973
6485
7116
2019
7946
6462
192
3934
685
5306
1275
1420
2359
212
3520
1417
2727
7178
4293
7418
5658
4173
954
1878
5874
3165
1180
6646
700
5484
5301
5212
5582
1317
8289
5057
6410
541
2763
4664
3940
7042
6077
3553
1379
8280
8545
4065
8457
3785
6242
3621
4841
1753
1129
8776
436
4831
2517
7621
1520
7649
5617
3899
7376
372
4298
1674
5191
5323
5696
5773
647
4741
5114
6035
2846
7213
6243
8
6649
8176
2287
3632
8645
6491
4563
3767
1982
6530
6691
8301
4283
2390
8562
5110
6857
1282
3824
87
5437
1497
2097
5190
2001
1151
177
7531
7745
7359
1524
8229
2989
8353
8118
2988
8113
6571
932
3805
671
1889
7558
5233
7018
3329
1339
8047
5538
6873
7447
2372
6186
6358
7868
9
1083
2374
3431
5234
3730
4958
6317
2637
6703
1276
1543
6267
3261
1194
133
3999
6040
2759
3916
4499
2031
3977
981
8612
1251
1440
1657
7192
5222
2364
6706
7205
1258
1474
4646
8707
7839
4015
761
774
8628
4455
3081
2088
5157
454
8674
6192
5299
7605
1551
6106
4773
2034
4469
5901
5283
3067
2383
6810
3182
3790
6521
8554
7360
8161
5798
7354
8224
677
7819
572
270
6750
8358
6602
1865
4653
2934
4166
1018
5764
5999
5278
1091
2312
2570
3932
4220
3073
6379
2658
3234
114
2284
3622
2066
7081
7844
2696
5008
6122
4200
5549
7407
7850
738
7049
1754
1021
5383
2299
6590
3129
2128
2073
6333
5316
6110
5719
2888
520
4459
811
6529
7362
3312
3702
6955
6898
2691
8341
2876
5854
4771
2303
5068
6795
1559
5193
1984
1858
8234
2470
4537
4709
8170
6917
8400
8379
3006
4722
8352
8333
2203
714
367
353
3438
5249
8355
3218
1337
7559
25
4717
6287
3935
50
3140
6290
5455
1291
2280
3376
4814
1684
1863
348
6144
1246
3567
8711
6726
5461
4695
8632
6502
4262
8275
3239
5313
1330
7471
3285
1887
3379
1423
1843
20
977
3454
7058
2193
2559
2039
4863
8515
7835
4201
157
8522
3727
6172
5282
3203
6671
5380
5465
2736
2605
1492
2025
6370
7005
1769
5216
1478
2309
4047
3473
3757
4431
3474
2726
39
2722
3803
2295
3452
1324
6039
21
3643
2638
7816
6099
17
321
6903
2270
976
8035
7123
2496
6155
6729
2209
6153
2675
4010
4784
2781
6046
4647
4629
6740
2994
7174
8703
4066
7867
151
6503
8639
8206
7256
5842
2278
2955
5241
5239
2874
3002
5692
1897
8340
4698
2090
1433
1985
7589
4078
6534
6365
6357
859
6162
585
7307
1380
2630
4360
4157
1449
6833
2257
6563
5701
3950
3221
4483
6456
4890
980
4463
6420
6171
673
2415
6586
4992
7855
437
488
4534
4678
778
5153
3786
1106
3859
1475
4719
91
5221
4270
7812
6463
2124
535
328
1653
1521
7679
1577
70
2454
1075
1357
8501
3838
7883
8137
4650
7949
5727
6817
1205
6360
833
7976
5398
668
5394
6916
4962
875
8504
210
7653
8344
3646
5730
8232
3742
460
7076
3705
5646
5638
2397
6576
6594
7145
1003
2242
4190
646
6986
4470
3358
7610
1154
8533
5468
4824
546
3360
5699
4153
3628
4124
4217
5887
1030
5817
422
5053
7265
2506
8506
5040
3747
6559
6697
5810
5508
5841
2705
7770
1952
1306
6665
5319
2246
6863
3912
1044
7136
4800
3317
3682
3736
3821
6196
5884
5848
4435
5902
4430
2431
2381
999
6447
2063
1045
7982
688
6936
3584
8127
7003
3530
4067
3489
1525
160
6759
2957
7795
2805
6079
4573
3411
1234
3605
7604
4281
606
1868
2125
8083
7953
6331
7508
7056
5436
8073
5831
2579
5614
2167
1206
3501
8577
8116
2417
978
4764
4561
7438
3506
5559
656
3533
1995
5937
1983
6804
3697
1761
1699
3849
7144
445
7573
847
7776
4855
6627
3495
948
8177
8568
3152
7131
1408
8321
3663
8768
6003
6970
3426
3505
2856
4399
6874
2730
7781
1016
3420
1168
666
4204
2094
5513
7847
6877
5017
1321
8579
7527
6145
5229
2158
1970
7944
706
7439
2901
1399
6135
7876
1849
2552
6952
3828
5737
1424
2885
4886
3082
3043
6939
2523
2585
6935
8266
3733
7869
1187
7233
7890
5274
6892
7739
2710
4189
2101
3611
1967
7148
4517
1642
1770
8567
1528
6990
319
1407
5584
2807
8143
380
2995
3938
4288
6129
4351
4004
605
2682
5001
7857
6330
6753
2881
7237
5502
6189
6041
5750
8621
8051
5760
58
1784
8475
8145
6263
6359
7528
7996
7403
3988
8590
3389
6535
4507
6241
4161
8544
4601
7355
4551
3882
6847
320
4058
3292
8376
8649
8534
4326
6061
6497
3100
3160
478
3497
2239
457
3281
3884
5873
5992
7983
6289
6009
784
6191
3978
7849
68
3789
1936
3276
724
3524
8343
8382
8394
3154
3843
842
4227
6841
6185
805
7402
993
4244
2511
3531
2980
525
6662
7541
2810
8063
8643
6476
4192
1660
5315
6832
5044
894
8737
1567
4260
1817
2751
1778
3057
878
3595
4867
4089
5623
3770
8029
687
4760
3441
1233
5627
5084
6032
7957
1096
5711
5140
4120
1517
4481
1799
565
2142
6163
8007
6421
6479
6205
5096
7409
6705
5238
5285
63
7289
1222
1360
2437
601
1968
7021
5405
4925
7525
2134
4379
4668
5662
7302
7155
350
6220
272
3913
4117
2067
8591
4057
1691
2677
3004
4631
1826
3254
2172
7281
449
3574
3436
4876
7352
1514
1882
2857
8401
7113
2803
2914
1347
7908
7468
4490
3314
5393
3108
2668
8074
5872
408
7768
6639
4568
7666
7011
8686
4902
6927
2229
598
2912
876
6362
6369
1249
7742
2808
8044
1531
5654
7266
2216
2686
3557
7892
4691
2440
2766
5988
7629
4851
496
6173
8508
2108
2467
996
5132
5624
4334
1467
7275
3731
2465
5337
1065
7678
5147
2206
5152
3151
6713
3562
7763
4018
7216
4753
7794
3131
1101
1787
2948
4858
2952
5374
1139
5292
4849
8345
867
5207
8519
1336
4572
8243
8213
5710
101
2116
6252
3583
5450
3220
5740
2786
4804
8678
480
3522
8418
1432
3889
4779
2587
8350
3187
2582
8119
2199
2505
3231
6472
8096
8108
1183
2510
8623
7440
8614
2011
1428
5166
6036
2147
5481
3145
1955
433
4927
4096
4977
481
4449
5296
1772
3919
4926
7884
1327
5637
765
6531
1523
911
1099
7117
3330
3653
7451
940
2746
5822
6239
218
5469
2656
8006
253
7756
1732
5597
5641
8529
4050
1070
8408
3918
7582
2924
734
6893
5407
8179
6033
1068
7361
6076
410
1917
542
7571
309
5543
7873
6862
7945
5471
6933
4012
1178
6464
2659
6798
3551
7054
7803
2864
8470
6556
7590
4174
7572
2514
6013
53
1053
1508
4905
8374
4336
4041
6558
2452
4978
7939
1990
1924
8354
7889
6812
1009
1329
6718
743
4900
1332
4928
4258
4301
229
5778
219
3721
4277
132
8041
900
4913
5358
5491
1314
2843
1394
5062
3215
2026
6592
5951
48
6174
3552
1836
2189
835
404
6389
4154
787
1265
5809
1855
2538
4557
5047
3339
2676
6455
6087
2078
2279
4323
5232
755
6052
5188
8677
1461
7150
509
7330
2159
6096
4665
3797
7616
6734
7608
3662
1450
6614
4198
5995
2185
2333
4417
4313
6097
5326
2017
1402
810
93
845
4442
5990
4445
1845
8466
8283
7933
4095
7394
3111
6544
2221
4503
5520
3579
4809
335
1537
6996
8121
4613
4167
4369
2520
4410
3355
6956
6078
1605
2136
4750
7422
2371
3031
3861
6343
2556
5930
7677
4088
2839
7752
6640
8244
611
2362
7947
3485
6741
4535
5317
1830
4641
3808
1263
4261
7991
6262
583
2429
1122
1913
8293
6297
1172
6393
7989
1530
4524
4615
1570
1587
3162
5159
4881
1089
8679
4536
8305
3405
4749
4769
2634
7521
4428
2657
3477
2385
6376
85
1477
8067
3703
4385
1519
1386
2504
5702
2275
2652
3867
8788
5709
3174
5142
5906
4468
1988
2606
547
973
8204
971
8452
2038
1614
2753
2294
485
6308
3263
6244
3020
3295
1299
4131
3412
796
8610
7481
6707
599
4384
986
4370
6448
7261
5075
3529
4274
6065
3987
5071
5555
4996
6875
6823
4727
8556
5424
2604
8448
7036
8520
8765
2566
4450
1804
2882
5261
7760
6911
1462
4272
4497
2161
5247
5863
6794
6998
6030
8428
5406
3103
2146
1248
3666
2387
1113
6964
2107
1480
7765
6478
5620
2013
2922
5717
2872
7866
8681
7075
7259
6745
3665
1270
3993
8717
5082
5148
1452
3774
663
4115
3614
6018
637
1613
4596
7696
4805
3846
1824
4521
7595
6044
7219
8557
175
1541
69
6949
1006
8761
1201
3740
514
3176
3589
7406
7631
7343
4634
2186
590
5570
384
340
7300
4072
7247
6202
887
4605
7832
4494
7623
418
90
7853
8020
8031
6435
4866
2641
5596
5078
44
8413
2866
4909
2104
3313
4999
7534
1413
5769
265
1705
6925
47
376
5367
8129
1827
808
28
4082
1490
1
635
2241
2625
4877
6142
4947
5756
8512
2265
7234
2642
2119
3927
8485
2300
4031
7190
1867
4679
1667
843
4707
2129
1191
4838
2041
2114
7894
1704
7772
2419
2550
8005
1221
5005
7037
4059
188
6043
5894
8250
235
322
7478
5837
1941
1821
6821
8082
6882
4715
5291
1228
7750
3758
8357
2445
2596
313
6654
5447
214
2609
5965
4662
1071
5257
1668
1237
8719
7511
1441
5850
5054
5441
4306
5766
2867
8626
7122
1245
7811
1501
6139
6609
951
4327
1390
283
2835
6962
6954
2296
2484
1290
5732
3986
1623
5236
1033
8194
840
1877
1170
7457
4797
5589
3771
7524
3698
2200
498
3400
7193
6158
2707
8207
6630
3414
8273
5492
5300
5438
1564
6034
6772
5048
7397
1155
2138
6345
7580
8754
8150
6913
7274
2648
3974
6051
5064
1626
397
5116
258
5433
2578
4241
950
500
3478
2992
8021
3302
4754
7288
75
5689
2322
7239
6732
2406
4147
8629
4163
1445
6094
4181
4658
4501
5509
2059
4822
1574
6878
4689
8464
515
5009
3423
1920
7405
4884
6339
6147
1267
1665
3219
1994
3274
8148
1110
6653
1397
6366
2531
1636
8710
8296
3137
8101
1848
6555
7106
3201
4160
466
8406
7967
5421
2561
3258
4100
8404
3209
1656
4818
6022
7086
2896
3990
8295
4768
4803
2181
6432
2990
7959
6515
7068
556
3669
7843
6256
3024
747
5359
8319
1032
7940
7253
1552
3041
4669
8059
2982
3741
228
5408
230
7218
5003
8159
2947
927
5139
1446
4314
2487
8772
7830
1023
8198
7729
7685
6020
3894
3175
1918
7761
5165
5642
4130
7238
3626
5286
7467
3715
1078
6994
8687
8646
154
8499
1763
6989
6786
6542
2848
8077
6060
4441
7896
2421
7576
7322
4930
3018
1253
6910
513
759
2414
8438
2895
5226
938
608
275
696
4511
2518
3251
153
4249
8461
2761
5747
4413
7596
7951
4908
6488
5015
7188
5861
1484
5784
2308
2368
3044
2919
8507
6309
259
7030
3633
1654
1548
7829
6272
6337
1259
438
4636
7078
8581
3502
8580
4195
1553
8072
1661
3994
352
8220
344
7279
1644
427
1987
7373
3914
1978
5608
4730
6803
1060
5754
2149
1958
2410
1925
754
8695
2168
8569
6562
2646
2192
6394
7466
7823
5859
3063
528
130
1965
4289
5025
468
6876
4693
5648
6146
1861
6871
1707
4375
6879
2509
529
415
7954
2971
1298
7421
6403
1377
5294
3852
2190
3243
226
2973
8617
1979
1586
1479
24
5512
3089
1709
1077
7779
6292
2978
3106
8637
494
4576
2022
381
1020
4776
1177
4617
3793
6638
8142
7737
6254
280
8683
4660
7778
3356
853
7251
5834
7734
6234
5867
3087
3482
2253
6291
7273
3380
2420
3419
7221
7209
2477
1210
517
3893
1057
5004
3230
476
2077
1195
4489
1295
3038
7728
4250
5347
7067
79
3273
8264
6894
337
5678
4998
4194
4903
5138
6896
4725
6159
6378
5772
6424
672
4400
2734
4675
4591
4090
6063
817
4165
5815
1779
4418
8281
7550
2804
5974
804
8644
3458
141
4742
7257
4969
2935
3719
1588
3341
2037
1482
5203
7094
6850
1885
644
6982
4639
2999
1481
7915
3472
3835
4907
208
4061
8725
5217
3764
2432
6442
8648
8130
6276
8787
5189
2671
6751
3333
7175
1730
7120
8535
1095
5546
3299
1132
3457
3514
2486
1111
6193
2787
6885
3773
1714
3941
923
5703
2052
7244
2779
8595
7065
1930
3252
4544
5335
3856
7085
1382
5922
3671
1054
3707
2288
5852
6790
6181
560
4406
2086
4964
5271
7936
5802
6725
511
8236
2926
6788
1795
2476
5556
3655
4005
6236
6500
1230
3033
8524
5334
6525
215
1328
121
1468
464
3037
648
697
1604
7089
2004
5322
8721
8608
3099
3439
8399
7293
7618
5599
2680
6526
3866
5164
4003
3284
752
1150
1935
7860
7584
2739
1782
6426
4034
3549
3048
3674
1907
6266
6434
5183
6746
369
5270
4170
7236
6902
8598
6983
1506
2757
6991
2837
7189
8442
4343
733
4141
2054
6642
86
6319
3202
176
1212
3244
2972
3141
4320
5795
6574
3618
5344
5162
1411
7284
2704
1066
2076
6209
4801
2894
995
7721
6443
324
7762
3305
545
6959
3118
4372
8271
6881
1340
8655
5851
2131
3228
6072
6626
6645
4477
3078
6406
1184
96
997
770
3035
3712
5453
5952
6822
7184
3499
5812
4895
3865
4806
6886
7602
7019
1374
4048
2573
6647
6123
8757
2536
1717
6324
3818
8372
7838
4002
2237
3293
4361
8158
126
2003
8125
8253
7380
5663
7050
2489
2714
3083
486
4333
1850
4548
7814
1126
3262
7090
6108
904
4202
7009
5022
2940
7320
928
1767
8279
3132
8075
7709
3929
2728
6825
1213
6724
8578
7127
1143
7114
477
299
1759
7787
7650
2941
1783
7724
5853
2321
1046
3921
3185
5748
7856
2082
2621
4113
4172
3455
4498
4812
5179
2526
1813
2975
6257
6064
2426
3019
6963
8203
7196
6180
6214
8216
5258
7817
8636
5820
2023
1188
5266
587
2910
8486
886
8389
1087
8584
1899
2690
5900
2809
533
6660
8185
2433
5718
4929
13
7691
200
4196
6972
4437
1629
4920
1227
3135
2748
3739
8104
4056
4518
5126
6024
4344
2647
5839
5969
888
8087
6126
3307
4614
8727
1591
868
203
7981
4101
7577
2210
828
3936
4859
3311
8084
6674
7156
3955
5593
5744
649
4770
8536
712
339
409
1596
19
7212
7905
6441
6335
5298
5198
2376
836
2225
8307
4142
3659
4569
3223
7369
386
5957
6742
6168
2996
3675
4600
7364
5267
3645
1706
4584
5896
1305
1627
4960
3322
5308
1932
4032
527
5214
8693
3991
5364
5729
6269
4146
5242
3418
5376
5122
3197
7012
7103
1700
3294
2334
7661
1533
8257
746
1105
3325
3839
4345
11
8420
7674
7493
3862
8114
7769
3470
2802
4155
1866
8785
5674
3009
55
1727
627
108
4924
4303
1103
373
296
5510
1247
8570
8437
6274
4492
968
342
718
2319
5277
4030
4975
6326
6133
1469
2765
1080
288
2665
6993
3027
3946
8747
5034
2057
4889
1216
4302
2574
5875
3094
2684
970
4853
4197
6848
2568
6769
3975
5897
892
3468
7428
4911
8432
6157
6508
4452
3427
7228
6380
3694
4392
155
5016
864
2228
5197
3091
4339
4694
3963
5893
8093
7118
831
6536
567
4118
1926
3161
4878
1001
8723
2623
4860
8038
447
5985
3416
2614
3601
3070
5143
6587
4728
5576
863
1832
1358
5452
5660
2917
2458
7522
3032
3969
8503
6700
3695
3689
8675
4132
5083
3623
7985
317
8491
8335
5725
8709
8758
7010
3685
7298
6232
6884
1829
358
3323
2640
8459
1615
5100
4135
3654
4383
6417
136
223
6620
1771
8111
3639
412
88
4942
4094
2170
1891
7753
3834
4683
2187
3146
6314
6664
1884
8122
3466
8764
5583
3224
2737
8209
2612
6549
1079
7563
8447
3748
4465
2367
4230
763
2898
4371
6451
6512
792
7398
2264
3576
4897
3300
1989
7342
393
7735
6758
2503
5997
3448
2798
4733
2497
5635
7980
1744
8180
6452
544
233
694
4948
3459
6176
8037
5426
4819
1434
6905
6484
1361
6830
841
1670
6890
4633
3811
1648
2842
4215
1261
7997
4966
3997
4736
5565
7367
3968
7914
5385
837
8528
1162
2394
6467
6802
2060
2951
1837
385
6203
7962
2801
8223
1816
2481
3350
5632
5342
6816
772
4209
6085
3105
2633
7740
3515
2863
3486
812
7841
2965
6523
4938
8157
4440
8596
4348
1881
8259
3266
2983
4643
6453
7435
470
7410
3068
2879
660
7161
6643
586
5134
325
8172
6505
2858
7473
2409
263
6414
4994
292
1743
8735
1755
4677
4716
7639
7723
3877
3147
2723
3717
4916
8680
595
6978
5156
4315
7672
7992
4238
7607
8086
7404
5981
3352
4269
3404
4949
4963
1568
4070
8555
3055
670
4982
6961
5118
5881
6483
4735
7495
2521
899
6597
8226
267
2890
7278
3673
1073
6246
3319
8599
2589
398
4454
852
106
4426
6226
4363
3394
1652
7370
577
6650
4751
8134
3616
1349
413
2795
4986
6580
3226
1680
7651
550
8558
1828
2251
2259
5838
2928
1679
7692
2035
8494
4187
1359
8699
3188
2218
3269
1694
6611
5095
7784
6228
7549
8258
2733
462
7252
493
7385
2121
5524
2706
7160
3630
2708
2293
4746
2272
2079
1556
3177
4308
1946
5697
4965
3924
8514
4074
4020
3238
1695
1176
5519
8527
4745
2412
1673
1166
7296
2388
2586
4424
7969
5276
2551
907
5202
1701
7272
2851
152
3544
7464
5774
5807
4046
5327
2719
1847
1902
7341
2315
3537
4193
7353
99
7465
8627
5531
1535
2597
3013
8770
5149
6213
4309
1698
1547
6128
8008
2152
902
8481
505
5633
897
7452
4064
1288
7863
3779
2715
5849
1631
7715
1115
5396
1797
898
8356
6667
895
2800
952
776
8458
6042
5671
941
8395
849
2338
8597
7609
7515
7633
5825
4562
4579
1906
4140
3191
2236
330
62
2626
6568
8582
3222
1084
2840
1898
2939
2792
8375
8537
1094
6567
8091
4001
196
7858
6539
4042
722
116
7767
8188
7562
6119
6372
3523
799
889
7554
7135
1038
3363
7395
1962
2337
8411
7950
2831
7561
6733
2627
4700
6187
7430
5333
3064
5871
5821
1729
4766
809
3494
600
4221
2330
1575
2549
2457
3732
6967
3640
5954
8588
1238
6138
1862
1857
1686
1666
830
6641
6635
8622
5898
1326
8115
3735
5958
6777
674
3599
3766
3496
1061
5942
3560
8548
6607
3367
5293
3664
5085
2791
1024
5691
6014
3837
3810
8530
2141
4411
8167
5629
7314
3217
7280
8010
6149
6780
974
3772
5036
4547
5787
5675
2923
4502
7592
5560
5458
6068
7046
8390
2494
3854
3578
1628
2162
720
426
7952
5694
2100
2165
2156
2513
8767
925
8453
4533
1890
1286
7177
5844
7099
2533
6130
6265
8200
7414
4448
7833
8616
5231
909
5121
2987
4102
4122
7176
1803
3168
7689
2711
5799
1464
8138
6277
5223
2740
813
3378
6787
8427
332
2639
7615
6390
8396
97
3751
4918
4304
6367
2408
474
3820
40
1098
7557
8694
6090
6361
2180
6966
3382
1901
3652
3257
3857
5972
5526
8736
6960
134
5818
1823
2599
6103
7329
6194
5572
4731
3819
3479
6843
4114
7999
6545
4981
4013
4456
576
7159
5708
6852
7475
6354
3683
191
5643
715
5031
735
613
5256
3858
6470
6617
1208
5
3806
3829
5980
1635
5735
1676
4620
7408
7456
3944
5580
1961
7644
294
1638
5983
5535
357
5400
301
8061
574
2819
2729
1239
6229
1647
727
8068
7128
3948
123
3928
2943
8154
5857
8474
6490
5690
7640
758
7139
7147
2741
4640
3406
8110
956
