2899
7675
3178
1326
5403
6881
8624
7842
5817
6266
2185
4431
923
8115
5288
3402
6470
7420
3205
5026
1976
6070
3110
7143
7627
1765
8479
7092
4724
4255
2768
5298
2957
5861
6838
7756
505
4463
3363
5698
6909
5690
7753
7278
2804
3082
3497
5332
2505
560
870
5271
2678
2079
4857
7565
8123
3770
6428
4203
1413
6520
4245
3034
3543
3083
4658
4031
1269
7208
1970
8591
2797
2163
5277
4712
834
7906
5899
4334
922
1083
1461
971
8287
4990
2099
1852
456
2660
8476
4963
5098
6867
8361
8607
1419
7961
2180
37
4294
507
5484
2609
7539
3336
1535
2756
3024
2455
7590
370
1782
7089
6865
2825
8292
6287
1484
6596
7579
7392
228
259
3922
1253
7531
8370
3182
6677
2666
8724
7816
2659
6384
6620
7272
7134
4247
7385
6115
7308
7694
5452
6276
6891
2907
7746
5206
4196
5558
632
4979
380
5106
4248
7940
71
3637
7517
3686
3406
8650
1367
6718
6365
7457
6615
5089
2440
5856
7141
6998
5531
168
5069
3877
4194
5928
1993
7494
1297
2927
2988
2521
2742
4899
8128
5032
4224
3482
7924
6609
1101
5583
4601
4225
2839
5919
1270
2312
1474
5225
3756
6628
1425
4328
2873
495
7613
5811
8570
2950
6320
2231
6724
3593
3231
7711
4355
4456
69
2150
4426
7972
2418
7594
6568
6238
1371
3772
137
170
5943
907
6964
3120
8502
1478
4264
4647
7726
3870
5194
4869
4171
2358
7246
4527
5334
2332
1178
1773
4802
5767
3803
1245
6023
2718
292
6062
1703
4432
933
8049
1220
3138
8112
515
6978
8285
7174
2548
3716
7327
2663
75
7346
7242
2474
5761
4093
943
788
3718
2267
8199
2496
4723
2449
5510
3122
5714
8460
2084
6490
27
8576
1175
2420
3582
7294
8674
2750
7128
973
494
4829
1589
932
5810
12
758
1642
418
6187
406
1355
5172
7376
649
1728
1378
1254
5966
1226
2926
833
448
1949
841
6021
4651
4908
5827
2928
3405
2221
630
7584
4690
8153
3220
7305
1077
2933
2085
2257
7497
5590
824
591
7255
1518
4059
7951
899
3737
7482
4661
5699
896
7002
469
3674
3234
3780
2365
3697
6185
6372
7233
5873
8014
5434
1730
4652
1607
6790
1700
6094
530
462
4110
7556
1627
7687
1639
1870
5213
3924
8740
5676
983
4488
7830
6880
5706
8661
4243
7989
8061
2770
7535
258
2901
6687
1696
1094
3192
6156
4068
3276
5766
6945
4162
8575
8471
1886
3501
3677
838
6443
6625
5352
6739
6005
2562
4938
7372
3358
6537
6791
2287
4042
5914
8777
6752
8524
843
413
7686
794
5529
6430
6371
7461
7352
7279
3350
8215
6456
4501
755
6151
5871
875
982
1971
4946
6120
937
218
2453
7552
339
5105
3714
815
6376
3984
7927
1671
1301
7524
2097
7251
5188
3207
5650
609
2139
6082
611
1255
1821
8773
2479
4210
4586
7441
5083
4144
7056
2258
7185
7377
16
5388
5329
7411
957
4611
6517
7651
5726
1759
65
1456
201
4733
8394
3695
4509
610
7144
5900
5254
5606
3841
3277
8553
1674
5892
2857
3710
5008
2728
2575
2554
4321
5665
6358
3000
381
2601
6802
7916
7778
72
4638
2771
5165
7395
138
2512
822
4798
1644
5371
8008
7684
7035
3440
8770
6417
5691
1744
4188
4794
3315
8436
1978
7589
665
6956
6112
2038
564
1448
2921
4590
2151
7644
2571
285
8452
5393
6993
1343
8170
2849
6051
8301
2520
2547
2073
6704
23
3148
700
4655
1991
5632
4286
3124
2116
6912
2955
3438
5104
8486
6607
1155
4473
2783
6735
5552
1054
2533
8751
4475
7923
4582
8232
5662
3849
6293
3491
6811
6300
8239
683
3446
1649
7339
4146
7790
155
3105
3527
4381
7999
35
7610
6732
3382
8785
4600
6681
8184
8469
1915
4981
2647
2862
7549
6582
1134
3411
4947
4637
641
8026
4812
4563
1368
4677
6879
3943
3905
1464
590
3286
473
7710
2011
1556
3619
7754
1583
6672
5112
8256
1140
1951
4010
3764
4996
4383
8278
5424
987
774
7298
6558
6419
1350
4692
2531
6877
1804
4369
2983
3227
5002
4534
5081
6270
2259
5889
5405
7743
835
6197
3253
5103
6019
5381
3963
2445
4691
6204
5152
7158
4367
2981
3629
4466
3824
3041
4609
8566
7005
7696
439
6709
8665
384
2240
4887
8372
3622
3728
3340
271
6564
8271
6906
3655
2640
4763
1240
8111
6911
4864
101
5378
3646
4150
8554
5984
2137
5240
5164
4370
1311
3069
8032
2354
2061
8659
5088
5649
6098
4805
2021
8092
4468
3400
8537
5647
3985
2984
6020
4352
846
5601
7585
7888
6310
2529
6374
1963
6295
3513
3492
276
1106
3548
7274
5518
3731
486
7671
8310
8485
801
8060
1882
7427
5610
2436
7709
1248
3273
334
5146
8099
8461
5293
3014
4256
3008
3179
6984
872
3520
6990
1900
1764
6965
8619
2676
3881
468
7985
7907
4940
5957
2410
120
5626
6121
2162
3042
5091
860
3431
6424
1453
2109
191
4758
6124
3783
5229
4087
196
8181
8198
4663
5951
1522
7321
2337
6749
312
3843
1841
2877
7361
6631
2754
3945
668
6407
6821
3157
7443
6916
6132
5514
146
1557
7712
703
2036
4889
7291
8608
566
6527
7735
6269
1650
6426
463
722
2941
7681
1710
1732
335
3210
5623
4399
6104
4860
7643
3332
7190
940
5078
5107
5275
4470
8489
2724
3675
7736
7423
7326
5700
5174
3362
8333
118
1346
1526
8355
396
3518
1853
1325
3723
8379
6302
7861
5296
8501
3645
2786
5614
4241
1611
4853
6421
6808
3726
6117
2523
6113
6885
3453
5269
6666
688
5688
7802
1968
6257
5963
6581
8567
7929
7550
3678
6529
8090
6636
78
1890
694
5533
2132
3387
7374
6438
1819
8596
7217
7006
3860
2670
1099
898
7708
6543
8241
4879
5927
2966
8728
1116
2975
858
2389
1158
1622
457
8147
8202
2978
5770
1676
7068
7764
8385
3272
6813
2969
8634
2675
6024
8018
6660
3526
7271
5853
3823
165
1758
1279
5058
162
3871
5456
2894
224
5142
6738
4513
7338
7050
2762
2159
8294
173
6707
3242
2837
6996
1718
5166
7545
6873
5459
4742
8757
6271
6896
4951
7868
7990
772
1548
559
6143
7935
1864
8548
501
4589
7431
5750
7557
527
4896
6200
7887
7183
3588
4933
7833
493
8164
8013
4734
107
253
2813
6941
8756
6
8036
673
2872
5486
3344
2256
7570
3503
1610
1901
5368
2051
1108
1903
6216
4897
320
2551
3445
5908
7815
4428
6140
5883
402
5538
6298
6554
488
6161
8451
6412
4722
2871
4464
6501
5512
1381
4039
8761
5210
265
1521
1273
1487
5954
4185
8230
2128
5447
4696
6616
2522
1655
2519
1568
3260
8367
4272
1792
5975
5408
1001
4568
2091
2197
5145
4961
7260
7851
5723
7752
102
8320
4837
1665
8582
2802
6987
8599
4770
1918
6691
3373
3996
7378
2045
6359
28
3603
2478
1382
7626
3633
2329
3170
4528
2098
1423
7434
7604
5272
203
936
4587
3085
1779
569
1938
7650
7474
8691
3627
5830
5278
6478
5483
2319
600
5050
4474
7893
3311
5014
7885
7858
460
8541
809
238
359
3376
6754
1855
7311
6260
6312
1662
8775
8276
6058
3355
4526
621
8124
6555
2246
6955
5560
4578
1997
7841
3658
1861
8089
5557
5620
2648
2881
8459
8265
604
5882
5629
523
1102
1024
8238
1494
3640
7964
6072
5163
1115
5915
7629
4481
950
5532
5055
5580
8227
2111
7399
389
1958
5950
7211
829
4604
7082
1625
7436
1212
5752
2535
6093
4936
7142
6675
6887
8340
4935
3665
5821
8726
3988
4556
349
325
3968
3930
2698
5126
8139
7204
3150
6574
8235
6119
2004
5777
807
1110
789
8068
2204
3978
6003
485
4914
130
5120
5462
5157
4455
3753
3523
1515
5544
7641
2376
42
2860
7837
6950
2546
3670
6107
4615
6919
1910
4108
7341
2541
741
941
4147
8344
1185
4115
5600
6943
5627
6015
8286
4116
6251
8425
6353
3545
8343
5307
6167
8255
6267
549
5349
487
6894
7504
5350
573
4620
3925
1103
1004
5087
5220
1767
6496
526
4017
5800
4054
5640
2027
6157
383
7528
816
242
13
7807
7520
1863
1333
3002
4322
4228
4333
7083
6211
5035
3078
7956
5615
925
3946
5884
8204
3597
795
6055
2510
3773
5941
284
720
6779
1707
6633
6389
3798
6665
475
565
8358
3652
6032
2110
2790
2582
5003
2632
4551
121
4764
508
2592
5315
3879
2356
1003
3769
8788
1340
5261
1426
911
2096
1424
5686
1232
902
3279
1233
1376
674
2906
4318
628
7455
6638
1126
1628
8028
8551
7367
8034
3826
6278
3172
6613
5499
7897
6008
3424
6388
4689
1537
2272
2490
7109
2743
3965
804
4841
3833
2634
4215
7518
7496
4175
3961
1950
5729
4457
1656
4603
8226
2758
1754
378
6434
5733
2817
3009
8668
2776
2378
2170
2043
67
3797
3825
4550
5898
1667
1946
5728
900
4635
7921
5608
8435
1358
736
7371
5521
536
3190
2331
6381
2069
5978
2284
4558
6758
7649
3267
6949
1449
3788
6259
1483
445
769
6136
8722
3986
6218
1107
6400
4424
8392
200
5184
2367
1271
7381
145
1289
8423
8093
6011
4547
576
903
8277
4756
344
163
5422
2424
1988
5304
182
867
5346
2853
5938
1592
4989
4458
2186
3236
7867
848
8315
3525
1335
1670
3107
4790
3049
7104
8168
1793
5645
6947
8129
785
7578
7527
7722
1146
5287
6071
5425
7580
2460
4507
2652
2189
8498
4074
4372
8336
8107
7947
7714
8708
7073
4906
4916
4398
7106
4004
1319
4726
4704
6280
4430
2013
6785
2082
3415
3820
4674
4810
3319
1152
2594
6385
8709
4557
6301
1265
2583
317
8495
5232
7016
5857
6194
6022
2737
326
8359
5705
5547
5859
5809
6477
2264
2764
4642
8076
6643
5910
1327
2465
3868
3090
4594
2604
2262
5988
8556
1862
1038
3448
2707
3663
167
3183
6670
4278
3910
671
2260
6711
7350
1144
3051
2432
8734
1508
7176
1500
2463
6370
8687
1156
4161
6230
6101
5472
3557
3163
5586
6602
5595
6721
4181
4503
1191
1981
6974
3894
3456
7222
442
4434
6553
1873
3932
4213
288
8528
3134
5249
6186
4289
202
7067
654
5903
4944
5355
2669
7562
5325
1342
5374
5642
952
1774
7751
3499
5613
3811
54
3070
6013
2347
1741
391
2795
7449
5466
6931
3004
4952
4408
8305
6733
4694
8072
5502
2031
2156
1825
2992
661
7084
1162
3022
701
5237
2489
1909
6213
6247
8697
1816
4898
4782
2477
5448
1432
7373
1472
4923
972
6573
6399
6784
8269
7839
7572
239
6587
783
341
3886
4542
3012
8339
3342
142
365
1954
6806
5678
6929
2209
2840
6078
1598
5869
3239
759
5114
605
6985
6886
4308
6144
3131
5131
3786
8173
435
1574
8016
3854
3685
8321
108
7679
3098
1462
6541
3130
466
5127
1274
6983
3031
5300
3792
1975
8187
6657
6254
5182
300
2359
6777
7324
2010
6329
5592
955
6173
1571
4449
6264
5838
5453
8038
3023
4096
8414
738
992
4827
6745
6635
8450
7788
111
3204
1745
7247
5251
1896
6592
8664
6713
3103
6405
1457
963
6663
2325
4275
3226
811
5622
4552
3325
2563
4401
7292
4471
4071
3137
1470
171
364
1430
4136
7768
8470
2404
2867
4303
7855
2245
91
4537
8531
3982
3032
8312
3061
6923
8217
1786
2200
5360
4715
8715
3109
5689
7871
329
7733
7320
4850
8778
1105
4277
5040
8586
3304
5589
7130
2397
904
1618
8711
7725
5792
1205
1491
3604
2130
7225
8698
7567
4931
14
7534
7707
8052
3202
3463
1022
4182
6680
1858
1875
8063
2715
7973
6741
5318
5916
3201
113
3055
3947
840
2895
6451
25
6921
3254
2792
5746
1927
8410
6899
4050
3222
7544
652
117
1214
1653
3983
503
2022
5617
4484
2074
8723
4201
6781
743
176
3872
4866
6188
1851
5682
8729
8073
3401
4391
1222
372
5160
5402
4435
3890
4356
3441
791
6731
1713
8513
1742
8104
7784
6017
808
4876
5782
5432
2834
3164
8490
4279
6336
6697
5135
1603
431
52
3958
2434
8500
8606
2615
5219
3375
4425
8178
1980
4242
2169
3229
427
1868
1473
8690
1180
136
7164
10
5046
8759
2206
8654
2625
8681
4956
8491
2589
3399
5262
2015
740
5037
8736
6059
6183
7369
1330
7254
2803
5820
1016
2146
2176
5475
6137
2878
7189
4081
8415
5991
1772
7463
7432
6321
2856
6480
5148
5658
993
1721
217
2760
7977
2951
1092
4375
5868
704
2047
4422
6190
455
510
1366
5960
5911
6540
2711
4392
2179
4711
3037
1249
1814
6729
1699
2902
4566
6256
3026
8127
274
7169
7631
367
4440
5687
8106
1806
2999
7792
6591
1739
3356
766
5389
5364
6900
2722
5535
531
8781
5962
6467
7844
5192
7071
4166
5343
4324
6904
6088
144
4032
7166
6547
7168
6150
8234
6762
836
4789
2117
2913
8535
5887
7941
1010
6415
6326
1393
7187
4576
3423
3434
5416
5476
3038
3274
6397
5430
8688
7290
2138
7605
1582
8629
6178
6494
6398
1630
6250
3611
6447
7477
1282
7270
1519
5597
3601
5661
793
2310
7560
6152
2959
6804
8511
502
511
5551
1924
124
1889
2386
810
5007
4211
4567
2119
2212
3845
5340
3804
3938
2509
4086
3876
7205
3346
6780
792
2417
3282
6703
4621
5839
8233
4683
3393
6535
5497
6453
6649
2869
5500
2344
6746
2910
177
8400
4625
3613
729
7810
1929
5550
3126
8142
8108
541
1266
133
4187
6534
6334
6835
5138
2569
7879
8140
5670
5980
517
6884
3394
1463
4548
4877
5530
7219
2655
3935
3942
2029
1219
2721
7359
5757
18
5336
5076
4698
913
6263
3745
2508
4009
5624
2167
2980
2821
1527
1705
5791
7530
7108
5968
1276
1987
747
7674
3863
8119
1895
5671
6485
7890
8603
2989
553
3106
5998
2314
8024
2210
430
1087
3934
2274
8353
3831
2318
4561
586
2841
1334
447
6235
6730
5660
319
3510
4070
7859
3489
420
8572
5713
514
4386
670
5211
4738
756
3113
3789
6502
917
2327
3936
5129
7416
467
4721
7216
981
6715
73
4417
8352
233
2526
4755
3185
4623
962
6362
8362
8396
2599
7283
7826
7932
4314
3779
7209
3241
881
4348
1711
2699
6364
2850
6951
5712
6627
62
667
890
6346
644
837
6001
806
8375
4023
3174
5912
6618
6834
8209
1509
2781
8405
3635
8114
3233
5399
7786
3013
8027
5439
3193
1516
2602
267
6639
409
1390
95
7720
6532
7843
8171
3211
3750
134
8705
3957
229
6525
5283
3530
2587
1114
2301
2714
5080
7787
8069
4546
5064
2391
5490
1715
5200
6042
6165
1669
796
7739
4058
4536
1062
5778
1400
404
6938
4092
4496
5964
2892
702
2377
8583
6685
563
4892
1578
6995
8062
3036
1025
1955
6719
4450
4038
6313
7849
4160
3056
4389
123
3882
8084
2880
2884
753
1685
3642
7934
6406
7724
6081
411
85
760
3605
119
4407
4862
6903
6822
4893
3244
2039
8113
8141
6557
3048
7869
3199
1678
3615
2244
1401
3508
8096
3343
5495
6970
4894
6277
4478
4296
8766
6546
1374
5936
7273
7299
4240
1869
1299
4613
6135
5161
53
8631
7640
7666
7184
8765
2784
5036
5270
7266
3976
3702
844
1686
4332
2789
1708
3471
6778
8482
1395
4117
5681
799
2565
539
7188
3366
4200
5972
6133
595
3151
5933
7656
706
4901
8742
3866
7766
552
6355
6497
3680
1385
1626
4757
296
7967
7875
4640
2706
577
3403
280
4753
2076
3970
8496
884
6642
8523
2183
4818
859
4284
2120
5438
3888
6575
3778
4026
7267
1000
5989
7099
748
5604
6408
7304
3469
5067
211
2270
8463
2818
3353
2214
1789
436
1777
337
1826
880
7175
961
1309
7645
3534
6869
441
1798
1079
7330
4592
7856
4190
64
8081
443
5253
5880
1729
5738
8605
3166
311
8467
393
6255
1052
8240
7914
5836
6043
8411
6234
3777
1112
7573
8568
2295
6403
4064
2340
1733
6171
2889
2178
965
3102
1687
4666
1035
7192
4102
8080
3111
1496
7981
3016
8573
1916
7508
5816
5457
7405
4269
4120
6097
4570
425
4649
2835
8465
4540
97
1492
8542
2292
4605
5183
779
3389
1072
6148
2470
3519
7489
2705
8643
5846
4301
6503
4688
6286
653
43
3240
3494
7750
7413
3547
4292
1272
664
3309
3624
4270
6805
7207
4123
6116
194
5044
8686
1542
1439
1119
831
4298
5704
1373
1441
8600
617
8478
3216
1320
3650
8044
7257
496
2448
261
2000
6473
6281
2654
2289
434
3143
304
4107
3046
3472
6844
2650
2994
3848
6416
7655
426
931
1292
1288
3140
2887
1807
4974
6031
4728
6872
3354
3173
2606
1989
2848
6684
110
3857
5090
453
2127
2324
4490
6034
691
1672
2677
7942
8558
5209
5961
231
1228
8393
4572
7336
2174
1042
4025
5711
2798
7316
7678
7124
8738
5218
1049
534
8214
7483
1884
7633
1755
4803
2105
2876
5849
4274
984
6219
5744
1190
8183
7131
1743
1213
2866
357
4089
6601
5212
865
2056
5065
5445
3802
6634
6239
4280
5390
7536
852
8056
2937
1097
934
4653
4765
3305
8189
207
1587
5297
79
3887
3018
8623
1466
7903
6528
3306
8565
4821
1360
3606
6673
8413
5952
8059
4929
7700
4394
3392
1957
8275
3246
4678
2885
8545
1659
7697
4917
6061
6425
7097
557
995
5795
7716
8376
5437
2077
8105
3428
1268
1050
4925
7122
7039
8378
6789
2953
8088
2408
7827
8684
3952
8474
8455
4234
5338
3989
4555
4575
2428
169
8270
1109
4439
5825
350
2081
8261
6248
419
7306
2958
7095
1043
6716
32
1032
345
2642
3689
6979
828
5207
112
6103
4588
1871
1947
8714
589
6776
2963
8174
4748
711
5902
8025
2346
152
369
7010
3873
5674
888
8117
580
30
7702
8288
5006
8398
93
5983
3480
4493
2190
4268
8549
6922
4767
499
8667
6086
5247
3074
127
5693
2780
4739
2296
4786
6890
3454
4124
3904
5048
7689
7882
2476
8492
2248
7857
5187
4856
5973
4680
4036
192
8660
6341
3599
4436
6764
4149
1433
813
8712
2492
22
4966
342
4835
1127
2971
1638
295
2923
2863
7047
4554
663
6445
4246
7366
7487
252
269
8085
4179
3687
8283
1471
135
153
5353
3206
4697
1753
3969
7390
1771
333
4410
1941
4406
3378
1442
4293
1137
3223
8510
1389
4380
906
7618
1055
6325
4154
5793
6617
2281
2830
5054
8707
99
6714
497
3030
3744
7936
5865
1538
4932
1347
6244
588
6696
1648
7148
4310
6953
5895
5130
4121
8223
4627
2997
593
8437
7898
4066
8616
2464
689
6449
7506
863
4311
1999
6350
1960
8493
7847
851
1619
7074
6221
275
7873
4143
2896
2362
7765
7660
3610
4583
5567
546
1431
4743
7588
3953
1595
4319
7098
8248
1600
6866
2444
3754
4834
2387
3442
2865
4510
1364
70
7397
2494
2396
8453
1121
8048
1203
1525
6512
1513
2481
885
4137
7537
2736
826
1697
6992
7404
7328
7646
2662
8429
5683
2845
7132
7542
6882
5056
8297
46
3278
8682
935
2639
1029
1904
5392
5150
3816
181
7388
5697
1215
607
2627
4797
2414
5779
7178
6815
8228
6759
4619
1925
397
8177
8503
6544
8325
3081
5331
8247
2614
7904
5501
2430
2990
7982
3458
8574
3427
3522
4895
8679
646
920
1053
353
1942
5634
7587
7285
6181
1720
318
3907
4883
7672
1778
8638
6129
5375
4047
6174
5441
1503
3608
8589
3108
4005
2500
7577
2934
4371
7004
4221
2578
1956
8131
1443
3738
5444
1332
3293
184
1845
7165
2450
2083
1131
8406
6678
3609
4325
6324
7770
2914
214
739
1356
6489
8058
985
2507
5977
1992
5348
3852
3748
3076
4668
2379
6139
2028
2371
63
5125
3999
8293
477
8420
8166
8195
5397
7693
2412
5110
1796
4832
7481
2224
7334
4659
6029
458
3414
3911
2909
3706
2135
5147
2827
2932
8268
6954
5885
8391
1647
3283
7767
3033
2566
4382
3119
2360
5128
7157
3073
8094
3232
7252
2334
3144
8604
2716
2518
4775
1331
958
7011
4880
2796
7664
379
1860
4486
5407
7138
2588
710
8345
7602
3703
5578
4777
5313
4882
2787
33
2617
669
2553
1931
4662
8023
3310
8424
5562
5228
2819
7072
782
3477
4636
8101
1591
861
5096
7221
4759
942
5840
7196
7793
4847
3885
316
3812
3567
4814
7021
5197
6593
5520
4824
5901
6147
3614
3669
742
4131
6864
2249
5465
1788
2772
3821
4607
3326
7137
2023
7899
2826
1082
4848
4069
7303
2129
3691
2844
1939
5773
5829
4476
712
5154
1668
4048
7665
4986
8322
5231
4787
8671
4813
7680
6981
4930
6232
6395
4487
1775
3460
4307
6676
206
2122
19
8368
3062
4828
4771
7894
3147
7676
4878
4610
8192
3514
338
5433
7918
1716
4631
1098
8563
7415
4344
6176
4980
3318
4397
7817
3598
5747
2155
8137
175
7479
6933
615
4676
6863
8694
8769
2922
5718
1510
948
7240
4872
4094
1660
7800
1250
1486
5636
5153
3906
4302
36
1679
3955
5414
2333
4992
4041
126
5418
5696
5168
1880
2454
1602
1965
7850
3892
4792
4260
7302
3068
7349
1776
3512
5969
757
2133
6768
3760
5559
686
1683
3758
5181
4090
221
4165
3473
7705
1287
6773
4206
4055
5854
2268
7402
6393
7748
6387
5576
2525
1761
5837
1654
5306
6349
2908
8564
4045
3659
3840
3913
5639
1135
5316
7024
6106
2687
7718
3596
356
1998
2052
6823
4163
2732
132
2370
5897
5591
4174
5574
3161
1883
6608
8515
854
3531
1573
5801
3724
675
6410
4127
6488
1188
5781
7171
3524
556
876
1375
2425
2501
3621
3973
7601
1149
7172
3954
1635
2493
1312
2235
273
2544
3088
5924
2373
916
6597
4393
8017
5702
3740
2037
8257
2843
7523
3252
3554
1979
7387
2682
4433
3235
6530
6991
5420
2719
8546
7238
1661
8222
8304
3195
5435
122
2769
5446
2538
8360
4345
2667
7771
5878
5242
7502
4731
5545
2177
7809
3352
8011
7500
7329
3060
278
2517
6095
528
2940
5504
1524
6344
492
6519
4553
491
7054
8710
2883
1836
5788
2065
1629
581
5236
5769
2744
7543
1940
3133
6937
5549
8730
4512
5177
1251
7915
8033
7353
7232
8784
8632
5115
3651
5257
6079
3388
2131
4229
1953
6225
3377
2369
4337
997
6935
2808
6801
1091
8377
5396
8279
8043
3565
2556
8030
3806
6177
8206
6069
3104
7277
8067
4262
3807
7244
2690
2653
1541
4395
1402
6550
7884
7637
387
3338
6893
4875
1930
3956
812
4903
3666
6089
574
2016
4959
1795
8408
6348
5631
7063
6854
2557
6871
768
4871
7459
7129
5133
5118
186
2103
160
4778
6795
8335
2581
3330
1633
4320
5195
7218
5755
3743
6565
2285
6522
8012
3331
3536
8237
562
8577
660
405
6856
2364
6347
61
1207
2002
1124
2342
3944
7910
4483
929
3980
6373
8472
5965
8656
4340
2846
4
3118
2779
5299
476
7243
5016
2136
8774
3237
2552
5834
5667
7731
2536
474
7519
1514
1015
1553
823
1962
8458
3864
1452
6674
3897
3908
5774
3302
4804
2242
5822
4766
6179
6377
465
6431
266
2952
7546
6940
4799
8148
6038
1854
81
6848
4945
4448
6401
8041
4377
3939
6009
6080
8363
2030
7933
7569
2046
6510
6897
7045
7715
6446
4168
4795
410
8475
4965
7488
1176
4939
2498
2623
6012
3891
3285
2297
4423
1017
2044
8390
5053
6516
3832
892
8109
8609
3688
659
1259
8745
4949
2696
7014
1717
1221
3468
2568
114
2943
1187
8640
4013
6273
49
4239
893
8254
8692
1020
4052
8512
7854
3712
3682
4237
7262
6457
7514
7087
6830
6989
82
1504
6100
7473
3496
3794
2014
765
7834
1386
2427
2936
483
7173
4735
3781
6118
1657
3741
3732
4338
7639
6479
6888
4497
2986
1337
6382
2495
717
5041
2679
7126
444
2100
4708
4772
424
6720
6810
2954
1550
2250
4366
299
1370
7966
7976
4502
3704
1286
3324
1972
3129
8185
7313
5630
3791
1643
5852
5031
8645
3155
2524
2108
7403
960
4530
8167
8100
4299
3902
7228
2671
4125
6458
21
7939
5749
1563
83
6099
2656
622
6868
7744
2603
2059
7154
3862
6303
6946
3761
7400
5
6322
7036
1011
8213
347
679
5474
5946
4396
1476
96
1348
2126
7996
6226
856
3607
8193
8380
4957
914
868
4665
3335
4082
3165
7301
2939
7041
1768
2086
7755
5335
558
1943
1218
3767
3383
6343
761
6668
8252
6064
1018
5263
4230
685
5361
322
1059
570
732
2641
8180
4198
7845
3639
4183
1996
1878
2638
7070
883
8338
3801
8097
7471
7033
1585
1935
5450
3972
2278
5872
1388
2372
4454
7069
8249
7742
571
1427
4049
3612
509
3964
5930
2567
5543
7116
7920
3412
7761
5703
6352
1995
3011
4581
4580
6209
640
131
263
2838
8161
3136
328
3618
5167
4994
2864
7464
2175
7621
8330
8280
1201
6283
7558
3397
2725
5171
8447
1298
551
1027
1280
1241
4111
3384
1824
6826
1506
2321
216
3644
8488
8074
5708
7146
3146
7212
7379
6053
5012
6066
4744
2468
8673
154
7563
1336
2688
5555
1799
5807
8517
839
2001
2080
6814
309
8648
1194
8037
8481
5548
6833
2911
1236
2800
7453
3566
4418
7018
5136
5758
2024
998
8042
1575
7507
7012
2456
7773
3169
2717
6284
4538
8051
7355
3569
5579
763
5477
7962
5023
587
5030
8466
6825
6237
2433
2879
2041
6409
5867
143
1086
3035
5460
1039
2025
1141
1428
2140
5347
8132
4443
6769
5463
7673
8760
412
5805
6561
7749
4106
5526
7394
8441
2349
1182
4419
2543
327
2034
3647
1034
2058
1565
7029
5156
6077
5413
3586
4645
7408
3966
798
5509
2413
6552
1080
1318
3814
1561
7161
1284
5776
5716
4207
241
964
1354
690
4865
5117
5845
2701
1752
540
3595
3476
1243
5937
2302
1281
6584
4606
11
1225
5132
8066
8267
5646
6462
7515
3171
2017
4809
4485
866
3339
1477
7599
2590
3112
4646
8519
1495
1848
7181
4975
4874
4467
5993
2828
8522
5540
5731
6775
2712
2211
7289
1936
4736
1828
578
1414
7533
7886
7417
2767
1048
4919
6033
150
2
5061
3089
5541
1735
2945
4681
5326
5808
4008
3735
6794
6655
658
8719
3084
7794
1157
1446
197
1605
6000
6763
8622
2392
1833
6411
2393
6073
6819
3799
4730
7740
8669
3381
451
3828
1291
268
6766
2629
5940
105
7938
6084
4905
3066
1047
4022
3842
745
6694
4801
77
855
6279
3856
1437
4003
7795
4316
1609
775
5768
6396
7566
8789
4826
6109
403
250
2311
5004
7180
4612
7051
4312
4830
3
3787
6131
6567
5123
8507
6797
818
8494
7484
2153
3679
5095
3067
2726
5273
5945
7123
8543
4346
8003
3422
7763
2222
3699
5376
554
4114
946
6658
8477
1468
2905
251
8296
4252
20
6037
1002
4597
1100
3328
7475
80
542
4438
3818
6577
6125
438
2202
1562
3125
2807
3485
1
5248
6708
2558
4446
2745
4079
746
4745
7634
894
6288
2218
4414
3294
4941
8699
1147
5467
7424
1412
5379
5190
6481
1624
1007
2613
2171
116
1304
289
151
3268
990
6883
548
6726
2033
2976
4437
1037
3333
390
1399
4948
1634
3694
5216
5410
4669
5049
6242
1517
6317
398
5804
3583
4227
2502
6514
6905
2987
4387
6646
1480
3782
7979
5202
825
4361
355
8743
1217
4359
4266
8636
2534
4687
1409
2348
6961
2395
1046
8015
2962
6892
3257
3437
1210
8630
5823
8732
4376
1636
408
5241
4988
3733
2134
3931
4506
7516
3584
3007
205
109
2385
5987
459
4189
4713
500
4913
7737
4511
7846
5751
7703
3323
8251
222
5949
6253
8595
8696
7701
7000
2693
3474
2612
2125
4549
7040
3940
5344
3532
7548
850
6162
5992
975
5365
1701
6702
5771
3920
5979
3654
4046
3052
5162
8156
959
1063
3759
3168
5099
8031
3291
2144
7364
297
5391
1781
2965
8262
7993
2713
6963
2915
5473
1897
2338
6851
5652
4852
3329
2485
3875
2366
5075
8047
1458
2368
6533
1894
3284
5314
7375
5072
1856
5303
3281
6504
5028
4699
5341
994
4675
7668
1876
1969
3135
3837
4924
2229
2315
7586
1738
4650
5765
1983
8040
1631
3094
2308
634
7167
5198
4800
8020
4259
3701
6843
5522
8767
814
4444
7872
5385
8318
1760
6380
2791
8087
1074
6318
802
5725
4416
5222
5888
4288
8704
1606
8739
8122
2486
1691
3248
7986
7931
185
4088
8585
5455
2442
5905
1392
864
7811
7654
1560
529
5528
1898
1698
5986
6195
1599
2757
3075
1329
3337
3585
7120
7864
4793
4153
5265
1128
7296
3461
4461
4626
4616
7198
3357
7389
7370
532
310
3439
524
5238
4624
1840
5754
695
3763
4273
4732
5536
3568
2068
8231
7620
3550
3300
7987
5974
4629
6850
2147
6339
1961
819
6475
3504
8731
4138
5250
821
6917
1684
270
6006
8552
4562
368
1740
6487
2006
1066
8159
6265
2621
3928
7135
56
26
3577
432
7356
698
400
174
4750
7362
7360
2271
2062
4781
2703
7009
2316
1365
2855
7521
7823
4197
6294
1579
1283
5085
3528
6391
6498
6432
8151
3912
3631
6706
1757
3929
3219
256
3889
1133
3859
3851
2598
1238
2680
7648
5431
7037
5675
1906
978
7925
5176
2353
6437
6907
2831
4679
1061
3915
2499
4977
2591
7818
1345
8401
5481
1588
8242
734
6973
5956
8644
1570
308
2172
1113
8176
6297
5286
2461
4112
1540
6902
7462
8426
2506
6860
5570
3829
1615
8637
2763
2912
4953
5953
631
1737
7060
4693
8373
5796
6623
2466
7616
3421
1406
2145
6482
5798
6994
877
697
5607
6170
6007
3417
1547
1044
7699
87
8383
8219
7728
8550
2572
5281
4156
6378
7804
1173
1247
3634
3575
5612
7332
5568
31
4838
8642
5783
3316
6513
506
1488
1727
535
7052
1520
2985
240
5339
8539
401
4831
5227
2282
286
7597
3861
719
3533
5101
5223
7808
6774
7444
6648
2118
8323
5843
5621
5204
1596
4634
8727
7147
1202
6858
6191
1179
873
44
1085
3071
4817
6048
3539
2066
5904
3817
7659
1357
4157
7769
7003
6849
7909
4354
3261
5832
395
6832
7062
5651
4295
1802
2228
2729
5005
3313
7206
827
8136
8720
8409
5814
3715
6275
776
234
5071
2431
6452
7911
373
6977
6154
3560
3072
1307
6052
6606
4776
5663
5546
2411
4331
190
2277
4569
6245
8005
6526
7407
2276
8427
1143
800
3064
7492
5086
3162
5451
5068
8689
8243
2219
3994
6548
303
3097
1242
3167
2823
7015
5436
889
1244
8457
1613
2854
4664
8064
1872
2320
8078
2009
7295
4219
5033
2748
321
5320
2852
2208
3416
226
2165
2198
7992
1734
8755
4001
2093
4209
8428
6126
2561
2530
7525
4922
1523
1801
4499
1994
1490
4968
1295
2141
1823
7248
6175
6595
3620
6311
2516
7469
2060
6466
8371
4018
55
2303
2199
6307
6332
8544
8236
2352
6812
4494
1800
212
4788
583
2399
7019
305
8750
7595
3043
5637
4991
4505
6040
5995
86
5400
2195
5205
158
450
8434
727
3005
1380
4159
1948
6028
8782
7782
3813
1747
6944
918
5179
2482
7333
3006
7803
1398
2230
2375
7101
2697
2227
2704
6559
1843
5426
4024
7115
8527
6837
2394
8007
4062
5516
1090
8341
4043
8433
3844
3742
6701
6755
4427
2573
2917
5641
1231
2539
3846
2439
4012
6515
1531
6932
8220
4099
1810
7835
5063
1264
3898
6667
1397
7466
6114
5517
4297
4258
1881
5844
4773
2280
3149
1746
264
3321
6305
915
4846
4577
2286
637
6988
7406
8332
8653
4682
7160
3269
5732
8670
1151
4021
1832
7342
2810
5812
1923
7806
1632
5324
1075
3997
5330
533
283
7150
41
3263
232
7732
3370
2882
3626
2596
2751
4868
6756
1234
4053
490
1422
8776
4808
3998
974
2630
7026
7310
4097
5628
6091
7704
5625
7467
6128
7112
3785
8540
4290
1567
6476
5025
2483
4514
1748
6895
7454
996
5763
681
612
5018
3819
7027
3295
2055
1095
718
585
7421
2793
4727
57
6604
656
1145
3086
5084
5302
6184
51
1434
2040
245
7412
1058
8246
5062
4973
472
3194
8182
2646
2239
4921
1811
1323
2858
2288
1546
6368
7197
1394
1539
999
3636
749
7344
735
3189
7862
2555
7822
8764
7812
2480
8627
5931
3628
1479
5404
1296
6087
6455
642
7547
8448
2731
4020
7315
5151
437
878
8445
5799
5573
2363
8442
5734
3692
8601
4202
3426
7410
1505
4518
90
3867
5855
1314
5494
1359
8289
1167
4529
5505
5875
7917
1181
3516
7368
1663
5226
6351
6166
8483
8126
6986
7614
5230
6026
3950
3916
1891
4205
2007
5291
7551
7398
4811
5891
4379
7540
1078
3095
2755
1549
1036
4191
7853
8533
1168
2491
7059
2487
4670
7824
522
7919
8611
8612
2929
1339
1023
3264
6508
1621
2579
596
6772
4164
6999
1344
1057
1229
5588
6122
1959
1200
279
6337
5785
159
5780
2753
4997
1006
4543
3270
8695
8678
3123
1069
1239
6809
3502
4151
1982
3576
3623
2833
8308
8399
7612
281
1532
1830
687
8421
5282
633
8386
6338
8758
1316
1467
7997
6580
3671
8006
7522
7159
4459
754
1177
1084
3578
5609
8733
4972
6036
2585
1893
849
1933
4347
5942
3259
195
8735
645
422
1714
7840
8272
8065
2441
6111
7624
1435
3379
8307
635
4987
236
7179
3602
1420
7152
3784
6030
1973
7688
6290
3191
3407
1964
3044
4080
2513
5097
4667
3203
5896
3063
180
733
3091
2773
4061
4172
1722
6231
7526
3542
5818
3262
6083
7592
3181
3884
8302
4532
8569
8534
8250
8647
3433
4126
7723
1623
6027
7969
7276
3765
4122
7698
1641
606
6710
3751
4673
5806
6285
7249
8560
5939
1341
2631
2112
887
1019
1850
966
4741
1892
6531
1842
3317
1763
7237
4842
4622
708
446
2254
7456
1847
8683
8281
1692
8144
2423
2019
6196
7025
2398
2868
5756
2305
8387
5926
6067
3991
34
7635
7151
1688
2475
7876
59
771
3371
5982
2075
2610
2330
6054
7425
8313
8103
6299
2691
4780
7583
6076
3809
6641
7880
3594
6016
8440
7657
6340
5258
1067
897
6901
8701
4442
6659
8274
2597
3921
6827
6291
6210
1349
6274
3571
8299
2217
7102
4504
3847
6439
3065
3717
3683
7118
1447
7798
332
489
1278
1762
399
3507
2191
4254
7210
6712
7478
4283
7759
5593
2761
3587
5411
6354
6751
3429
3080
594
4746
4492
2207
1148
3495
6261
2089
2532
1051
3266
1159
1704
5155
3517
8762
47
4544
6331
4134
4385
5421
7127
7575
4232
7105
7357
3225
340
7100
8538
6049
544
3481
2991
579
1974
2982
7231
5907
5657
643
2549
3116
6736
2416
1071
7224
2328
1192
2234
7757
7922
4073
7760
8532
4900
3214
5797
2527
8039
4545
1530
4807
8628
3673
7079
3535
45
6060
140
2232
1912
7163
7593
6839
7418
1377
6345
5144
2101
3653
7553
2942
4632
5772
639
76
5199
2749
8456
8389
2471
895
1794
5955
6971
3971
2886
2488
7186
1315
5409
5863
8158
5654
7358
5280
8186
7928
1877
4169
282
352
6925
7511
7476
4907
5673
3657
6386
3455
8718
7034
4796
3990
7529
7133
7512
3053
8207
8703
3808
385
3410
1189
2974
4508
1405
5870
7848
7908
6656
7325
2595
6361
5011
1846
737
7493
8633
6233
5967
7008
5513
5372
6155
968
8536
7250
5581
4233
3559
1223
624
2816
5279
5175
4618
7946
1756
6536
2225
6433
6296
5913
98
6010
1064
847
1171
5312
623
3386
921
7023
4498
862
725
5268
8152
8191
4360
8431
3752
6240
6816
2503
5386
7107
1899
7729
6576
3793
4415
8172
7863
4754
3001
3630
4911
3869
970
6198
7994
3158
1154
2005
8526
6041
3374
6110
4886
6483
6972
6402
2220
1712
5571
4599
8149
2275
3320
5680
8273
4402
7777
7943
5122
7428
627
8680
7032
672
8354
1267
1338
3822
3186
7065
7030
4267
5487
0
6612
5879
1026
6761
767
7170
4926
4037
1597
2339
2067
5189
7836
7949
5203
5542
7505
5794
5308
2402
3895
416
8342
744
2622
8334
3555
1911
7480
6689
104
3348
7031
7125
3470
3418
8725
8646
4761
4238
4373
1033
1984
5921
5603
2088
7312
5022
3747
246
8010
7314
7114
2820
3667
5496
38
4113
3245
2438
7968
2537
7625
969
618
3464
1160
6323
8381
2782
4469
3359
2223
2437
5958
3790
7998
5111
830
7980
4521
1838
5357
6335
2739
1165
7638
3467
4214
5468
8716
7001
4044
8581
2540
3408
614
7776
4559
4104
6189
1369
8444
4791
3435
7495
2415
3643
4441
5679
1751
8713
6464
6767
5039
7581
1681
5170
2426
6472
3855
5860
4602
1440
4390
2421
7199
4098
1498
1637
8259
1387
6223
6241
2345
3556
6968
2403
1166
6632
1528
5461
1142
5074
4515
3937
7571
8327
1408
6820
3551
1790
5482
8422
2298
1372
3010
8314
3941
7
5491
518
1415
1041
4617
7866
3197
5787
3152
1822
4520
8348
5337
5295
8179
7281
5141
8516
8506
853
5406
2624
2124
6236
8685
7078
8022
1482
519
2727
7799
8529
481
6423
8091
8700
5342
89
2692
4078
4281
2374
7093
6786
4118
8263
3198
3021
1835
3390
4263
1572
4192
7446
6723
1749
7110
7319
7819
7926
2469
4517
3327
3500
6014
1230
4305
8050
4378
4158
3175
464
3443
5252
6130
1306
5387
8019
2472
7340
2422
7692
302
1138
5235
5923
1724
4867
4195
4384
8652
7077
330
6853
3705
4985
6246
3142
3919
954
6065
7663
6898
6074
8203
4535
5841
4783
5358
5193
6474
6599
4220
1690
3505
2956
3617
8772
8753
598
910
1130
6168
751
1076
1857
2916
3739
1285
2269
5511
7669
4574
780
3880
512
7662
1237
4128
5842
2576
1252
2255
8658
6818
7088
1379
7447
6927
452
7155
4598
6566
2619
4362
7235
298
6192
3465
7437
2341
567
6590
680
8672
8045
709
5255
2063
4709
6486
7322
1454
6958
6047
715
5113
3987
7043
4978
6146
2326
4141
5594
2350
6105
1246
5582
7541
40
5284
3479
2336
6737
1258
1934
4285
4751
5043
8284
1198
2161
4178
8205
1073
2979
4672
2811
7354
7747
2233
2215
7900
6743
677
2616
6771
6367
6169
8169
2686
4533
8598
4479
764
842
2053
6798
6163
2874
215
4702
5244
6141
2888
4596
7510
2550
951
6208
351
3974
7774
4482
820
5564
3292
2515
5709
8298
1118
7991
8346
3050
3762
301
4140
7564
6747
3250
5985
8350
5831
1013
1117
1812
4253
7878
8464
4015
5850
3749
8615
4155
3459
361
750
3933
6046
8382
1451
3805
2012
3648
3600
2637
6829
7438
6570
2429
2253
7076
6828
901
4342
8655
7439
2658
2323
7293
8021
68
6360
2304
2605
7762
7451
3713
3768
7608
6650
7066
1444
4585
7892
8763
374
1120
2261
3771
2851
1417
4573
1827
2735
5419
2752
4077
1543
2236
189
8693
538
2148
3019
4100
4265
336
8291
7468
2649
6948
5922
4995
545
4671
6862
5719
3698
8404
8130
2149
208
1070
638
8218
1450
5976
8337
4072
2452
7094
1920
4353
7983
1169
3385
5959
1009
5395
790
1797
1410
1497
2299
8054
6422
979
730
1122
6018
4065
225
8514
5894
1224
2213
2251
6207
4784
4060
5082
8244
3992
5322
8004
8783
5294
7721
4027
6934
8134
8780
1651
5740
6272
4343
8135
1831
7091
7891
3419
7691
4943
7409
6637
1361
247
3590
39
8649
7959
7881
7950
1834
619
7149
2586
8374
479
3308
3271
6050
2964
3365
3449
4317
6518
1317
3488
6662
2473
6127
6836
5802
4816
5285
1559
5013
3553
7140
3579
6492
4785
1227
8579
6589
4703
3487
4912
248
149
8407
4109
6824
6918
1750
5503
4472
4768
2459
6976
1829
5735
2708
4971
3564
4105
7952
7975
7393
6664
4364
1652
8547
4967
8677
4737
6915
6661
8046
2832
2618
5264
3447
693
3896
3490
1577
3506
6942
1945
6193
8160
103
1209
7937
7245
4820
4937
6057
949
2458
6228
4710
2035
7831
1584
3208
1766
4152
1260
7153
3693
7995
4029
2003
5224
4056
3114
17
8
219
4955
7775
6465
786
428
4779
6563
6394
7119
504
5217
7912
244
3452
6309
8282
2897
6611
6507
3101
6123
7559
4644
7781
5577
1404
3221
6468
6840
3364
5024
3301
520
1310
5185
6690
1481
3951
2661
7282
3351
5221
183
237
1990
4167
2891
2107
6243
5234
8771
2265
3483
5015
2920
6588
348
3436
8618
2087
7877
8009
7609
6682
1725
6461
5994
66
3141
7486
525
2870
6936
4885
6145
2924
8029
4193
752
1937
7442
141
4033
2674
6316
5328
1199
6282
4633
5415
7538
3079
2809
6356
8095
7785
516
5470
7501
8613
2196
3188
5158
7239
3498
3368
7667
2102
1300
4133
7096
1680
5323
7974
3720
5354
7194
3017
6610
5866
8430
3117
5440
2961
6788
8190
6622
7265
4910
5669
5256
5493
5685
4630
3975
5417
869
7490
2401
8717
1089
616
1817
128
7852
3649
4411
8752
7779
1887
4855
4654
6644
2898
3901
2836
5140
3450
6499
6092
415
3858
6328
3995
6629
188
7426
8580
4684
7343
2154
1791
3903
5876
7636
2720
5289
6605
4350
8412
1104
6817
584
8602
650
7259
8403
5454
6509
6579
2635
4685
5741
2947
4962
3591
6624
4404
6304
1689
6289
6306
6847
8480
1313
1564
6651
2930
7965
4231
3247
8747
1866
6292
4839
7307
6744
223
3676
879
7288
1123
6861
7264
4657
8329
1294
6493
7261
3722
2672
721
5017
2048
3696
4420
2237
2545
4881
2577
7007
6793
7896
7596
7717
7953
2071
2187
4357
597
3690
3361
1569
7022
3380
7433
5556
1353
3475
4011
4403
3160
1303
8083
8221
6357
307
6600
1489
2946
8676
254
4833
74
4451
7957
2777
2842
1164
4591
3345
5935
2611
2407
7958
179
5684
1844
8266
7193
7139
3918
6698
4216
4349
5819
8035
1460
3949
7685
8497
7832
5492
8146
4251
5092
5563
924
5029
7606
5464
1902
7978
8258
1645
193
8260
5862
2266
4579
1837
8555
7226
8419
2747
6626
6852
3092
5169
7430
3572
2317
7670
4915
1928
2361
3660
1139
6220
5290
927
1183
7280
6640
1770
1502
5575
1820
2381
7661
7860
625
8245
4714
1391
6383
7347
2143
988
172
1612
5722
5565
1608
5584
6153
6039
3509
6523
5739
1421
4918
3681
1914
5877
4304
912
6108
5524
4976
1065
5382
4686
1664
8395
2049
8594
3251
58
4204
6792
4368
2574
1511
7719
5587
3298
6855
8746
778
3334
7632
5527
4628
6342
7780
5471
4019
3153
7945
4132
5401
1905
1475
115
5762
5116
4643
7821
2357
6652
4223
5737
3391
8663
7048
6327
6511
3914
4909
2918
5052
939
1257
3827
2993
1060
2806
4405
8224
346
5000
7619
4421
5970
8587
6586
1694
3592
3217
6366
6524
1204
7275
3668
4861
8326
6982
7984
5173
8157
7401
723
6258
5694
5715
3057
1944
484
2967
2600
148
8120
3979
4173
1362
2805
2765
5369
7948
4351
7044
7791
8588
1256
4870
6205
7797
2580
1153
1769
8211
1206
6770
5373
5137
3541
5479
4964
1590
2181
407
2970
7568
5327
4705
7485
2998
5319
5027
6180
5743
1977
6686
956
3413
5243
6876
324
3398
262
1136
8557
4217
5398
1986
3981
5605
5489
5515
2564
5947
2628
2291
5139
4323
3307
2293
7220
7090
7622
4249
1785
5881
3757
724
2847
5602
5789
4363
5835
3486
6484
2405
4212
2273
1693
5149
5864
5981
1952
6538
8748
7053
1673
3766
4177
7472
7555
3662
7652
5724
1493
199
3540
1328
1324
2166
1008
6068
3360
7741
5717
1726
5478
7055
5121
3128
1695
5525
6505
1576
8229
5019
6928
7706
6138
8416
5736
6212
707
2095
8086
1396
7574
277
306
3755
3708
7682
6725
7772
1646
6521
8388
8571
4226
7901
6700
7414
1363
5480
5710
3926
4539
2388
1601
2018
8057
6603
220
1921
8454
4969
7825
7028
678
7615
6252
3725
6800
1529
6164
3177
1445
8121
6315
7600
543
5305
7591
8635
8290
2829
