6832
3424
5999
7066
1851
1257
6000
805
5155
3220
7810
2485
7773
4517
7210
326
4077
1842
2696
1170
8231
3663
6593
1923
5801
4924
3616
5444
8691
1974
5324
7526
5650
5291
7609
691
2959
2788
89
1008
2524
1965
288
1467
7374
673
5282
6690
4601
1289
2570
6294
5805
8284
621
1868
2727
4972
1286
5476
7537
4412
7936
6247
4694
6649
5662
6066
6298
2700
6899
5003
5961
3752
4166
1789
528
8356
873
5710
8486
7464
3681
4074
409
7884
2754
612
2036
3273
3830
4425
6990
1121
3659
8354
8631
6924
7585
254
802
6676
8265
947
5884
217
5879
7812
6631
7171
3571
6693
2972
4962
5746
7467
5034
2314
707
7230
1699
3126
8140
5349
2834
8340
2256
2466
1912
8081
5858
7167
8104
5007
123
5957
629
5460
8248
4239
8036
380
3782
3543
7322
2790
8138
5600
2192
4723
7605
3068
4088
4027
7141
188
1007
5545
1149
2514
4949
5406
5342
4992
7441
4392
3221
5729
1633
3476
5101
4532
7445
3133
7731
5136
605
7966
4717
7666
7530
4259
4142
5696
3014
3845
365
7130
4331
6088
7877
4177
5581
3685
770
2915
305
2243
2006
3908
1909
6456
6442
2854
4169
5664
6543
2960
6413
5378
728
5490
4328
1553
7578
6106
3631
2782
6174
7501
611
1662
4806
1333
1090
6557
140
7338
1155
2000
7746
1940
8425
5651
8634
2319
1150
1112
8405
1327
683
2730
3757
8590
5827
2241
7649
7915
3871
7587
8665
7392
700
1443
1928
8680
5389
2819
4817
6390
3460
5041
4794
4475
7815
1275
7307
7513
1386
3459
3440
524
5747
1140
3150
1111
5265
7939
8255
2327
6471
444
6933
8550
7223
2024
3022
7123
587
8576
8783
848
818
2202
3954
2685
1153
5347
5874
5531
2302
6397
4848
440
376
6633
4635
4395
865
1820
3001
6168
7339
6732
5065
2710
3300
2817
992
479
2412
6497
4468
4418
5877
3586
4330
593
7080
1673
4004
3117
894
8264
4322
4479
7314
6227
7306
4297
2259
8536
5906
5630
3399
7158
2704
5187
8750
4333
801
5749
2995
7520
2686
5234
6044
8769
1125
8315
62
5302
7301
4227
4541
3369
8203
3063
4440
2164
699
6612
8362
4452
2767
3321
7943
7855
7266
7294
4537
3751
7062
906
6465
6717
8424
3853
1273
2334
1742
7270
4623
1568
1086
3851
4106
6102
4033
8338
6058
8303
8723
4463
4758
4483
6201
2010
5031
3660
1067
1669
7900
5786
6135
4318
1891
4801
3380
8159
1848
4748
6283
1325
431
6770
2444
8294
3336
7898
8273
2847
1136
2653
1207
5339
5787
4753
755
2009
2688
980
3421
3364
5428
1252
6115
4279
6559
6272
4250
6991
2346
4830
2533
7285
7196
954
4802
482
3455
3813
5243
1827
7911
211
5705
7785
7072
3697
5233
2737
7790
1767
1017
8300
6827
4521
5010
6275
8568
1350
4295
7329
7057
4693
5152
3179
5385
2169
2492
7681
1786
5708
316
1193
432
3151
5597
7135
2589
5886
6745
6736
712
5253
7682
4553
4062
4080
6435
1071
4397
4979
8534
1088
8785
8599
719
4222
1865
4870
3552
4775
8128
8476
374
3407
3493
3049
5412
5074
7029
4459
8632
3275
5857
7845
2271
6950
7280
4313
1952
4490
3370
8734
46
7965
7454
3170
8571
3999
6457
2366
6610
680
6829
3255
6658
5861
2370
678
2592
8531
3374
2225
6462
3494
7403
2988
6529
6566
5270
4339
3558
3382
3265
5595
1145
718
2866
7110
1800
4711
6132
8220
7365
6656
7034
7302
6183
1665
7614
5911
3753
496
3701
2309
4420
6381
5120
2505
8577
8176
5892
4107
7719
5382
2778
7641
4610
3095
100
3111
8280
3916
322
6796
7440
1288
5281
385
5257
1204
5481
5743
1536
7880
971
5657
4761
2821
3833
8009
4002
6396
6868
8222
6966
5699
3607
2423
1839
3640
8371
3048
3471
5948
2104
4232
7398
5314
4666
3272
7140
6597
3258
2352
2506
2892
965
1499
4957
1226
7377
2736
7990
8608
532
4762
7648
2561
1773
6803
429
8505
7904
2865
5499
7891
5991
7180
8388
4382
3290
5423
859
626
2330
4413
8606
6139
2163
2179
5443
2471
3637
3027
1464
7616
757
8753
3344
4828
3201
8690
1440
6530
2082
7192
1708
5288
5036
7940
4581
2351
4337
3585
644
8086
5793
3518
1126
4241
4548
1768
447
4390
6914
7350
6351
5196
2733
8076
1177
6099
2884
2780
2170
6438
5124
5695
7927
6682
2810
2096
8028
7094
1822
1028
3452
1196
2055
2460
6386
147
3394
5142
6376
8359
1043
2620
6813
3105
6598
247
6346
1412
6640
2768
15
1239
2581
608
8310
2549
616
5620
8417
8370
4918
7215
6434
8602
5847
3385
3624
2973
6929
1881
6575
831
6226
6325
655
3160
4282
6399
2494
8312
467
2238
6574
6483
42
253
1873
219
5467
3506
5156
308
7275
2665
6251
5102
8214
4285
7517
828
8199
3881
8607
4984
302
6112
6790
2345
8212
7980
7725
3732
5459
6879
7860
1038
2781
5158
3603
2891
5487
1353
3909
5557
768
838
6484
6546
8158
706
550
6362
5883
4607
315
8279
1551
6350
2797
7549
5794
344
2711
682
1013
4969
6271
1179
5067
4486
3799
124
7647
4019
8471
1613
2336
25
4769
6588
2121
8251
2422
1041
1627
3973
1838
2443
2516
6001
8256
2597
5161
7968
8325
412
5643
2078
6495
2321
7624
6154
4159
2003
853
1164
8293
2248
5394
465
5163
6764
3295
437
1156
7889
8579
3062
1197
5934
4636
3453
3857
7813
6988
1183
6515
4682
4414
2045
8297
3542
8270
4426
1883
5972
2349
7809
4510
3081
5175
4139
3715
517
3539
2356
5169
2445
1270
272
3773
1628
6678
969
4999
1502
7789
3211
8438
2087
3930
1933
2381
796
7676
2998
1645
1677
694
5280
2171
2377
4005
2054
2183
5775
6905
1079
1552
7136
6111
5964
572
4808
285
2129
3848
2061
4351
3362
5104
1594
8582
1660
3904
2547
7098
2552
7487
3574
1913
2631
3763
3223
8707
470
6337
8087
4217
1617
5739
7178
3917
4101
7886
6875
47
8464
8687
5464
5305
5463
2650
4840
4275
4216
5922
1346
7894
8440
4950
8768
6920
2878
4572
5580
1203
1171
854
8736
1993
7139
6835
6204
6150
662
3051
1818
1959
855
7816
7825
6768
425
4600
603
2993
3064
6583
8463
2416
7395
8710
2719
6090
1515
4253
6290
4909
1648
4525
6129
4942
2864
6315
1331
3774
2341
7635
3071
2862
6802
6205
3693
4344
8336
5601
8524
6782
4902
3384
2342
5514
6609
713
8102
5326
3259
7932
6481
6753
8517
3534
1138
4906
8043
6466
8452
1837
4882
138
225
2786
2587
1941
1729
6304
2282
830
2315
1527
1836
7298
1063
7836
6646
6074
3443
3023
4011
5809
3302
6281
6104
4281
2358
2076
1855
2976
6812
3372
6278
2952
1700
6548
881
4039
1085
6401
630
297
6010
2798
6459
4736
2690
6036
6957
2659
1147
2465
5873
3035
597
4523
8458
2177
3411
5732
2986
6935
5223
3052
2908
6067
5578
5609
1743
4637
4531
2606
557
639
22
2217
7527
3617
642
5690
5939
891
7995
787
2456
7677
6217
8493
5909
2984
6348
3031
8015
7950
2110
7327
8152
1393
7531
5621
3605
1294
4496
3404
4847
7733
555
198
6800
3429
7736
3929
3247
5477
7514
4656
4236
4742
7864
4709
7304
6653
2199
48
6695
804
4240
5891
3686
580
7788
2292
7850
1019
1895
5214
4873
7379
1434
4357
4964
8456
6982
7003
3449
6747
4108
785
7235
4189
8299
6973
6039
7817
1651
2666
2712
7015
157
6934
8177
1480
568
2015
4363
1341
7197
7984
4121
1686
988
4545
5106
5917
7473
1243
6258
6756
5144
7710
2977
7663
6661
1697
1753
8521
1812
1178
2162
793
416
7444
6230
4664
8347
2841
2374
7597
1926
6289
4908
5312
1644
4727
4768
5518
1097
434
3931
7534
2478
8393
8252
8127
1603
6944
5306
6026
7115
5738
7655
2634
7873
3184
8039
3741
2143
168
6643
2504
5913
8637
2714
5035
4116
98
2012
1456
5970
2851
6303
579
3256
6731
7653
1208
7910
3468
5159
6775
4919
7848
7011
24
6715
5076
1830
3004
3569
2035
5337
8459
8620
6317
3153
2074
6006
1953
3042
7153
610
4566
349
242
6521
7902
7203
2447
638
5068
6618
3326
7623
197
220
3346
1004
2364
1485
5162
3561
8229
5979
4340
6616
1650
759
4094
983
7363
6166
156
4375
1263
2355
7667
5866
3912
2200
7714
803
4228
6518
7150
3053
421
4647
4520
6539
8407
7722
4066
7084
8357
8193
1655
3768
1378
125
3550
2669
4562
3692
2165
6270
7952
8296
1833
6654
8305
244
5296
3652
4270
5118
7129
4050
5300
6930
3728
1310
4155
5624
3514
2502
841
4998
5671
4243
5135
6555
583
1518
8518
8249
1782
3484
4284
8346
5387
1704
3189
2957
1387
1014
2674
6041
2409
4130
5224
8675
2484
874
368
4524
7447
7299
2021
7499
8383
7506
6211
2740
2857
5212
2486
6651
1482
7416
6657
2944
8174
5980
4433
6409
3091
2874
5172
2030
1427
8650
1129
3731
1659
7125
2068
967
282
40
4332
4010
6233
664
7961
7419
300
5722
5731
2161
3343
940
362
5427
6412
3867
7717
9
2411
1439
7935
8695
526
8089
4267
5131
6470
4543
1483
1099
6815
8017
6311
518
7555
2081
3402
5486
3373
3371
1020
6234
4470
8530
4538
5950
8663
1498
3791
309
8662
6310
1620
1760
4304
7002
3896
3163
5845
1733
2639
32
3676
2530
7348
5566
1849
4883
397
1921
2350
8205
6638
1844
7654
941
4938
7569
729
3340
1910
4206
871
6427
6256
1476
8101
263
8415
4815
4049
4063
1301
2203
6906
4650
7775
1992
6987
697
5875
1887
2092
4293
7546
7164
5608
1435
5790
6467
3508
6970
3463
1875
6994
8166
6527
2953
8332
7804
8717
1664
1039
6157
7166
4978
7881
1344
6170
7930
6449
6485
5606
5401
8208
4898
6020
8619
5110
4051
6983
2041
3356
2354
8455
5201
4760
4667
3632
259
3227
8497
1489
5981
3239
8342
5562
4417
858
5108
5483
274
6340
7386
4759
4646
2014
1137
3392
2033
2417
2475
8485
7781
3309
5962
4831
2836
2924
2430
1219
2774
6051
1081
8434
3251
6221
2775
7258
950
6488
6916
3600
4245
3583
6876
3165
5647
1894
2262
8714
1340
6873
3478
5588
2946
7107
7826
504
970
8649
5987
3162
5086
1018
5817
8527
1726
3556
4886
862
1794
7777
4535
4319
2316
5814
4675
554
5706
883
4534
1103
2186
8374
8751
968
8014
7639
887
6821
1260
2829
7989
5509
3875
8398
2748
3914
5087
2307
4958
3278
2424
4143
5472
6329
8067
5434
5363
4058
8403
3582
4599
5829
5928
5638
571
4238
7325
4280
8494
935
7154
5032
2898
5822
5408
6725
209
6077
6326
8585
925
5160
3521
1316
1672
3215
2138
6590
4885
4639
2806
4805
4945
2905
5027
3420
5343
1162
2576
141
516
868
6984
7137
1706
6433
800
567
4671
7459
3481
2085
7490
542
2070
5489
1850
3432
3955
4993
8167
637
18
4288
5362
7762
2224
747
3924
3610
5784
835
1438
4839
8685
6182
6675
5628
1151
1032
5081
1519
3141
51
4512
3008
7248
3806
3419
2970
328
6749
7148
2887
4549
2493
8287
7408
6313
1817
1929
5080
8321
303
2333
1588
7432
1417
450
7625
7351
4146
6533
3573
3902
1033
2136
1636
5073
6697
5937
7147
2618
1335
6071
2595
2803
3397
8747
539
7118
4154
2757
806
6400
39
3046
1707
5504
5227
8035
5232
7446
889
4518
7853
5837
1048
4491
7787
2992
5061
1369
8419
2299
2508
8542
7234
5571
5682
1691
7958
6138
184
960
5316
1227
1087
2393
6361
4585
904
2558
3512
7300
2032
723
6262
5627
4920
5008
8278
3351
8449
8727
1924
2961
3284
7438
4147
7670
3078
4596
2231
3570
413
893
3590
7973
8686
7999
4053
3316
7794
614
3588
53
7553
3878
3012
5367
4892
921
7209
1157
3488
7257
2833
6136
420
2539
278
6886
2488
4054
975
2601
3611
946
3524
5831
909
214
3527
139
8050
4109
1299
5752
2048
5204
8113
3291
5680
525
3242
1635
2904
4876
5740
5579
5004
7357
2941
6151
7685
2871
395
2610
599
6545
1539
8681
1401
634
5512
8358
592
8474
4662
4082
2744
5355
7361
6100
456
2368
6478
26
2615
3781
2436
8483
8752
7735
5132
2655
5977
6097
7535
4409
7933
1784
4381
4939
3597
7170
3415
3450
1978
6673
1053
3188
5414
7615
710
3282
1899
5403
1069
4940
4529
6949
6814
1222
5089
795
8181
7828
1790
4798
1900
6980
5967
1957
3257
6370
6013
4303
1562
7005
8241
2756
7242
3010
5951
8063
4699
180
8411
3148
2498
3304
2933
4419
8023
7511
7497
3866
643
8402
5022
2588
8653
2870
4056
364
3905
402
1492
3760
2867
8580
5242
6428
4855
5245
6358
4043
5561
2294
4914
734
7273
1036
4291
5047
1681
668
143
4386
1934
2483
6771
6570
8421
2046
4961
5853
1680
8365
4315
1318
3206
13
3756
3679
6892
8021
190
5397
2771
8171
1977
8526
8213
2734
7893
3140
3684
2362
3713
6887
7406
6424
1972
7581
3387
7885
7923
8135
7360
5269
2063
7780
8731
8788
5045
154
5852
1575
4700
812
2702
3843
8749
4445
7310
8277
6951
7798
6579
6109
2166
4466
2722
3870
8581
1709
4092
2029
4576
2813
1009
5675
4181
5736
2337
913
4209
7865
2602
5533
8504
8345
10
7908
1503
5502
4837
106
7574
7747
3839
5075
2195
6520
1446
6237
2955
1420
808
4314
6339
4268
1148
1987
2470
8260
3739
6371
20
7380
3976
7405
5116
3638
5468
1847
4325
5440
863
338
3994
5759
335
8509
8366
8682
7492
3761
3801
951
336
2766
3989
8150
4663
7820
2213
7284
4187
2611
4767
5871
8676
382
7247
991
5133
5404
3621
3862
8038
7985
4456
2832
4894
2716
1630
281
4255
773
6324
8708
8246
679
6123
1989
182
7888
1065
5418
4850
1274
6476
455
3836
4226
324
7368
2280
5192
3057
5059
4513
3516
1076
1084
1385
5918
6440
8163
2796
2093
7184
6421
1955
982
1027
2773
7423
145
2888
7475
3331
2253
832
1211
3169
8514
7796
8642
1021
3200
5043
6095
5908
948
5174
8465
1250
4975
4134
1722
3598
3077
4640
1916
3490
5674
8351
2037
8746
4638
8172
2646
7849
3942
8535
742
8304
8075
4696
5554
8070
1106
5536
1405
1491
2476
1458
4567
386
1641
4554
6828
7679
4980
7455
5393
1517
2672
176
3513
7219
419
3267
3614
3642
3465
2099
8162
7795
5927
4237
2189
549
5366
8309
3767
7879
5599
3485
1441
993
4100
4560
7442
5893
3963
3005
7821
3033
7311
8216
4634
7474
6279
1579
3628
4947
7415
6344
6739
8741
3900
1853
6366
194
3990
8610
2106
984
3998
6079
7862
8782
1823
2234
3884
6672
4263
7412
2175
6535
7689
428
2974
5390
3367
82
2617
8065
7451
6468
666
3689
1750
173
5958
4875
8125
6748
56
4308
1524
4336
3566
5050
7320
6030
6560
8484
8006
6890
7507
4151
8313
6425
5216
275
977
2542
5078
6614
6004
6587
2811
7331
7568
484
6751
7186
6908
7890
523
7554
5097
6526
4587
5332
3467
2218
2122
6822
90
95
7774
6293
7598
1255
3114
6576
3910
3002
8114
16
8468
1469
996
3886
3579
8756
8722
1888
1146
1604
8508
6287
3982
5733
6996
7390
1015
7393
3499
7436
4349
346
5433
4555
2567
2713
5812
7012
1564
6838
7522
5693
8699
2283
6837
2632
6681
5797
108
7344
6735
5576
2573
6779
1765
5271
1852
6499
6089
6121
7496
5258
2301
2322
6995
3462
4008
2600
938
3633
3322
5298
6375
8322
8012
7767
7697
2149
3164
4122
4196
8638
7851
458
8420
3131
3758
1072
7591
6840
5063
1966
1566
3210
4568
5066
3087
3544
7146
5559
3800
6761
7674
3842
5598
1703
4648
7063
5140
2930
1411
4298
7035
3066
6857
4215
4157
2011
4785
2520
3425
75
4670
4411
3533
3705
8134
5936
1384
1354
4991
4015
6606
8445
4096
1885
4778
7033
7941
162
8545
7428
4977
4618
1724
4779
2945
4590
3980
1026
5607
7010
2188
6854
33
1994
5141
7352
5244
6308
2603
730
2499
8145
21
4713
2174
5090
5430
6863
422
3127
2039
7020
973
3167
6670
4629
7495
7938
861
1737
7567
4927
5522
8720
5728
4782
5565
2088
3729
7243
1684
866
3934
7317
1771
515
3178
3060
3949
5946
5956
449
4029
8324
5331
3019
460
5019
8416
4365
8487
538
1886
2723
6972
5697
6126
102
8379
5492
435
7254
2141
7905
556
6503
4921
8735
1281
8217
8412
1523
7075
5521
6773
7061
6954
4480
1173
2252
6904
8718
4783
3970
7668
7163
2069
7839
4923
7205
2105
1075
5429
7143
7070
4697
6948
2515
670
7126
4474
8129
4582
7500
8499
6391
6489
146
8164
5405
4345
8124
3950
3777
2536
1897
7694
5134
7963
2320
6180
8390
331
2219
1459
1484
7362
1601
370
464
1530
4129
5109
3241
8671
3885
4070
847
2844
8519
294
5532
3746
2963
4946
3863
8748
4052
2113
4833
5415
83
3009
8339
6907
6626
8728
6818
7324
8399
6265
2404
2371
2540
7749
1356
8595
1658
4825
7182
7050
6436
4373
5185
7870
7036
6993
5000
1172
1616
4605
5321
6084
636
2802
6161
553
8725
2233
3893
5044
165
8130
651
6669
2056
41
3630
6118
2907
5114
360
6896
4690
3059
4350
1342
8713
1154
2760
2286
6594
7917
3330
7871
1892
94
3868
7596
3787
8316
8428
8209
4633
489
473
1000
5649
1093
8462
3793
3329
6165
7962
3890
4006
2652
454
6752
7359
823
8532
5800
5137
5240
6369
1230
3724
3149
5552
4813
6765
7687
6564
399
3263
312
667
4683
6513
2916
5665
898
7659
240
4191
30
6222
4514
7056
3519
4017
5888
6801
4611
5966
3480
5569
7114
1372
7116
6210
7525
2300
3943
6514
7947
2258
1981
4068
4571
4269
4956
3626
5340
5692
6332
3850
1245
1843
2131
4622
1001
1062
7165
4672
2523
2158
4954
7524
1618
4687
7244
1624
5898
5154
7955
111
4473
7175
1269
4712
4754
1418
8739
8645
3181
7866
5208
2521
7330
7429
1324
5077
223
2102
5274
2605
6787
4258
6743
2893
1501
1728
1695
1253
3045
8506
7430
1962
6203
5921
1939
2556
6214
6537
287
7313
908
8470
5610
4172
4770
1023
79
6318
1711
1559
1846
4286
6356
6592
2835
7948
8551
8349
3099
4625
7024
5640
3545
8261
4941
2749
8584
7103
3876
7732
6127
6680
1654
113
4615
7750
8574
5719
6415
8664
5850
8343
3270
7214
900
565
4374
5535
394
5663
377
2987
6331
5178
3748
5360
870
1801
4065
2274
695
8337
5249
8110
6454
5147
5285
6372
8160
1668
3703
7356
4530
3623
3962
3299
6625
4104
5718
6858
6709
1781
7127
578
5071
3735
4718
8109
530
1479
1437
3858
6110
4084
1134
8221
6849
2928
5247
448
6508
5107
3296
6299
205
7652
5602
8263
1094
1092
390
7427
132
1232
1944
3435
3238
2236
6178
6708
3808
6926
2265
7006
7779
7675
4179
6864
5526
7201
3182
3106
5307
7349
7268
750
5549
1538
6713
3627
6140
2591
4645
6925
834
7037
2848
5955
6816
1607
1254
5392
8126
6917
727
7698
4720
5789
1714
6856
7671
6334
3923
8760
7478
7177
8079
7007
6475
4917
2509
387
3722
5248
1997
1513
3482
8528
6306
3755
5083
8537
6355
6255
446
2216
7844
6448
2441
6394
2291
3339
2805
821
3113
3231
6901
8500
7745
3054
117
4256
6665
5188
6450
794
2676
2359
7811
3130
1283
1012
4218
5547
6701
6867
2042
1996
7981
91
3308
7450
7744
5625
6379
1047
2886
4826
7032
5275
690
5336
972
4457
2140
6650
3038
3268
4901
8173
1091
522
1586
4355
3804
295
4896
7039
2249
8670
2173
2784
8726
8461
7754
590
1195
6103
3918
6679
1240
7399
5604
4814
57
3134
4060
974
751
5744
4791
2369
8060
1589
7510
7252
4141
7358
5098
7808
5053
5584
911
4851
6620
3827
5238
363
7297
8168
760
5213
7282
4749
4988
4193
7599
8320
2671
8155
3520
7606
105
4214
8387
1229
8787
1859
2001
7856
6359
714
2464
2117
3180
2276
5501
2357
2101
3120
237
5263
1685
6932
6550
2389
7058
3199
5181
7162
1297
2585
292
4446
2580
5313
1426
1390
1070
271
8594
3936
3965
5317
7486
3810
345
7651
6660
7200
703
7385
4591
5030
3032
52
4442
296
7575
7173
6716
1379
2100
6706
1287
5954
1979
2180
2450
7089
6264
8492
1555
2902
8539
3000
6506
2770
3971
3359
6063
1945
3500
8426
4093
8071
7100
1221
7045
8628
7752
2273
8668
4090
5498
3314
1457
1911
2726
6811
4836
6510
7978
3601
5882
7901
5859
2772
8627
107
2091
3653
4247
647
3396
5222
5652
6420
5211
7576
2335
7737
6156
8020
7397
756
4137
3727
3203
4368
5167
769
261
4013
5524
8253
4981
4465
6206
7479
8738
5286
6141
2269
7872
6300
8142
7326
6635
7014
8742
5354
1682
4432
641
7053
5380
8389
442
5026
6727
7105
2706
462
2459
4194
4644
3674
1016
772
2852
722
1718
4660
1322
7337
7738
3377
4464
488
6898
3992
6019
7181
1236
6945
2751
7112
4012
1896
2843
4824
8600
8096
3355
7983
8373
6865
6998
329
1657
6903
384
1757
2609
961
404
5541
6261
2167
5754
5255
4595
8095
1478
1661
6395
8156
8073
1521
4691
4447
6758
7584
8618
1758
2840
5748
3926
3089
5603
4174
2543
4729
5218
3562
7218
1101
7369
1904
1051
2279
7589
6477
127
1841
8477
86
3158
5931
585
4707
761
6750
5442
7699
115
5865
5798
537
3988
1282
7077
4557
8700
6655
2584
1373
6215
5042
5139
2648
5776
4034
5840
4871
4536
8133
7335
2725
1572
1954
5148
4818
7431
749
624
6107
622
6441
1431
4844
8657
201
258
1122
822
5373
4371
2958
5635
3447
1246
4242
7027
4424
8385
1748
1629
4812
5353
1510
5338
6149
3391
2254
1608
7095
7573
3496
7055
7371
2913
6582
5449
536
7857
5596
4117
1522
7031
4795
5971
2481
5450
4372
2912
7713
2919
6464
784
7069
2750
2900
3698
2263
3549
3349
8274
632
8554
6011
8603
7791
4306
19
1368
8772
3846
7079
6947
1360
6911
7238
3636
4495
1540
3501
4864
8479
8170
8591
4020
1890
721
3581
2950
7921
1046
501
5878
7400
8501
5348
8044
8712
5040
5011
3245
262
767
6869
4649
2709
7378
7433
4624
1776
4661
4967
1626
1339
6407
6193
1108
96
6591
8267
1649
2432
2623
4048
7047
383
3619
1679
4676
8330
4233
6842
4994
8275
3358
5594
3021
5544
8084
4597
2621
5944
5855
1805
3906
1073
3657
1870
466
500
3436
4925
5698
5323
2858
2925
7149
1278
6073
5791
8030
5553
2323
135
8386
8472
4657
7998
8240
8235
7009
4252
4158
6328
7483
5915
7333
8271
3536
7232
61
4630
2673
8553
7013
1363
2071
7814
5491
8082
7539
130
6810
1525
3612
1528
6012
4866
3834
378
5021
1030
1465
5310
8704
5677
3327
2918
7658
3491
3921
1889
852
1831
7048
3145
4816
6544
3246
8225
8515
8431
3762
1791
998
8000
5239
3775
1884
5854
284
7709
2382
876
8774
7793
3740
1948
3110
8754
3171
2522
2800
468
491
1167
7193
7618
4112
5381
2474
1605
4321
2664
430
4377
4105
6607
1452
7832
705
463
5082
2644
6619
7693
5511
5678
3869
4260
6604
3778
2215
1268
4715
64
8120
6504
7582
8609
2123
6573
726
6444
1960
508
4674
1787
2491
3040
3554
6664
400
2168
8025
6085
4613
4031
2914
2026
5377
2367
6162
3427
8516
2120
6541
1967
7375
8777
2440
7060
5685
5344
6032
414
1735
8623
4565
8549
222
3785
4701
8375
2820
8693
7042
943
5560
8615
2298
4176
6685
6269
735
3487
3228
3079
3654
8054
6823
2103
907
8764
4669
1381
5984
6878
187
4928
1448
5256
405
2119
5896
483
3422
8045
5402
7076
4606
1011
932
4773
8698
5056
5925
3964
1736
8435
505
3261
475
867
8701
4354
4030
5395
6096
1845
3132
5094
2347
4621
4628
1190
1867
1879
7858
2328
2586
7859
8003
1262
1622
7867
5985
5668
2455
2008
4784
8228
3044
788
8409
4200
7087
7233
8755
2084
4735
2201
3445
8061
5146
3766
7229
7792
5254
3287
2204
2826
5236
7724
4305
6152
8192
2855
1055
2457
8239
5151
8488
5471
7021
6008
5207
4188
2043
6133
3262
38
6730
4686
445
5376
3431
6870
1938
2565
6231
5453
952
8022
2295
120
8139
2942
8206
956
3143
5369
5550
5673
1637
4175
6891
3317
6335
5835
7198
3011
5500
4257
6939
7830
7707
2732
7208
3457
6603
3386
2408
4726
6003
3503
2643
4099
1444
7837
114
6373
2057
6613
2198
2360
8123
6274
4171
2755
7030
6883
1969
8243
3116
7255
88
6447
6160
7740
4358
4755
5129
4406
3928
2338
5525
5431
688
5567
7922
604
8333
7607
5328
7536
7122
3646
2146
5329
3969
4985
5294
8058
260
4627
3446
1169
6762
5396
6940
6645
1391
6589
4310
3098
2818
6009
8091
8636
693
5250
1374
5785
213
7508
6250
2707
3879
116
1394
2554
6423
4869
1061
7646
4201
7819
8111
899
5276
8298
2002
6418
6014
6889
2482
8644
2379
8784
4515
5091
2413
1357
6252
6986
7974
3655
6724
4168
7016
7111
8451
1826
4272
1582
3668
2980
5130
3794
1560
228
7052
7067
6700
609
3991
7928
7418
3298
6851
2059
5277
7992
3043
6855
6312
8250
738
623
7688
4195
7771
4772
7876
3535
2028
717
5923
5170
4265
5998
4000
8697
4045
1332
8652
7924
7757
4617
6018
1813
1291
7246
1970
5783
1556
5424
8051
7091
2240
1450
6630
4221
8121
1761
6480
3531
5416
5191
4653
2708
4220
6209
3671
4706
5119
3320
762
5018
4722
2921
7827
372
6172
8161
4021
238
8276
5143
4064
7174
6893
2237
4799
6200
2954
8780
6769
8189
354
4042
5605
879
7387
3250
4665
1430
2922
8586
452
2846
411
5055
3310
1814
1192
2951
7402
2579
7690
1228
2667
8215
7278
8188
7249
427
2861
686
1312
149
3461
7594
8546
1862
6047
1602
6439
109
5057
8292
6846
252
6405
1010
1433
5200
5513
1320
5613
4352
6703
4127
962
1006
5197
3812
1493
5014
8560
7109
2619
2089
7945
6052
8165
4249
976
1584
2289
4544
495
5515
6343
5237
918
5149
2529
4955
6554
4089
5122
151
131
1646
4003
880
6158
5986
4326
1533
7124
7391
1779
2378
6022
7466
2182
6120
8269
748
3702
1656
7086
586
5295
2511
4997
4342
7657
12
2380
1917
218
7411
6387
2150
4402
6938
2638
6473
8029
7491
5484
8775
7840
6027
8288
4953
5590
5439
3656
3069
6190
3599
3717
836
256
5485
8522
2230
7701
5839
3750
8548
6826
5947
1349
1806
3817
301
3864
4235
4075
8611
2936
856
1548
280
6108
406
6783
5054
5038
4317
5765
2789
1856
2353
6586
8565
2139
8027
2375
3825
2080
5425
4095
3958
8781
2384
7366
5184
4083
1998
2752
7982
6874
2197
4789
3907
3776
251
110
1184
928
2403
8433
4274
5299
7318
4737
4436
361
570
1201
7489
2885
5165
3249
367
8146
1573
7008
327
8062
163
5029
3129
1878
2660
994
8767
4796
541
3747
4364
1936
2776
3266
1565
6927
3948
7206
6552
7600
5445
696
4563
4110
737
4684
8588
1606
2449
7481
8643
596
6076
1120
5325
8706
2191
8227
5272
7566
2663
5974
3721
1285
4698
4224
1623
6718
4642
7683
5461
8204
3852
6666
191
2229
1209
7565
8523
4102
7997
60
7102
2391
5713
1675
7619
5221
6291
3957
1049
1031
1653
5507
175
2683
3530
6094
1470
1307
1504
66
2223
1056
5737
7907
2753
492
5636
6648
4144
5644
245
212
7988
3067
8311
3006
5198
1734
8307
5778
7875
4584
193
332
3236
6410
7305
7656
8207
2627
1872
4160
1089
3174
8185
3507
7251
661
5037
1819
8200
1116
6146
8306
4023
3587
576
5711
5455
1968
6119
2839
8592
2783
8533
1042
740
4511
820
654
1266
4485
7617
2967
1621
7472
1863
6437
2608
3695
5361
3219
8230
230
8047
8641
6921
6931
5231
2007
8490
2785
4609
4119
8056
3706
8446
3877
6169
7194
2594
6963
4506
3551
423
2724
5942
5703
1670
1305
1678
1592
2917
7456
1557
1054
1402
352
799
4404
5519
7729
3039
59
1337
3218
930
7975
8759
6558
1429
7560
6795
2415
7802
6974
8441
5622
3495
4996
7642
4550
5112
3244
3807
6922
5945
3292
4370
2107
1223
3738
7370
5095
3770
4879
5205
3315
7835
4542
4905
4283
6445
6184
7222
1198
1115
6561
4688
1611
8450
8329
1810
817
2208
4822
1057
509
3017
471
2145
3754
7404
8078
3
451
3464
8
6705
5764
317
959
6286
7253
2184
3366
1721
433
5479
8259
3675
1271
997
6288
4971
5451
3714
6734
6239
3708
7332
5890
122
3139
5646
731
1631
1995
3123
4951
7695
2910
2911
6536
1632
4234
5995
6860
7583
7824
4081
6981
4900
7264
6228
5903
8639
6081
2222
7059
3961
7803
2728
2125
4845
4264
7340
763
8381
7755
3375
3307
781
5770
7494
3649
8593
3097
29
6738
4415
2761
5960
5309
3108
5419
2656
2005
8569
4540
3996
5528
5631
6627
577
3430
6327
8473
4740
2477
4593
6469
6691
533
7979
6522
6093
478
2626
5039
2232
8308
7538
6363
1313
2017
3894
3811
5734
7001
4140
3020
6380
6277
2284
1163
6740
2402
4744
8482
7703
4400
6243
6276
6791
2468
1114
2083
1472
840
4764
6659
8136
227
4556
6767
4186
6322
4810
6267
765
8510
1595
2340
2929
3730
640
7422
7046
5669
6897
2221
2670
3073
3981
6033
1983
6341
6622
6241
6523
7188
8068
6958
5615
7389
6426
7751
8529
4302
8328
3997
4429
2246
4861
2239
1303
1422
6493
8467
2568
6240
5639
6128
857
5303
7645
8413
6532
2479
2
4733
3232
3444
4261
815
5672
5458
407
3802
6836
5203
8647
753
708
6977
8331
494
7563
2764
2264
7407
8656
4931
8281
4632
839
6639
2863
2948
7169
5666
2738
5619
233
226
8640
8678
283
119
177
307
1759
7465
7000
1741
2426
319
3568
3664
8773
8621
4361
3029
6605
4603
7396
2383
2227
7383
474
7540
3538
7190
7463
8540
7262
4135
5916
6086
8001
4842
6232
3024
7664
2152
3532
8098
3194
6307
7778
6155
8758
5575
519
3837
669
6888
681
8502
72
2196
1377
341
2518
1029
513
6490
348
1180
8660
3121
2982
1100
3673
5542
4790
7748
63
701
2066
71
4323
4519
3960
1419
4437
5251
1078
2052
8005
3700
3122
7142
3828
5824
3474
3337
2571
4399
1362
3442
1058
2675
2903
6992
4546
953
6962
4277
1958
8561
8429
2497
4018
2137
7220
8238
7303
5611
4912
6236
4626
6487
958
2020
6219
2526
5351
7964
3822
5465
1293
2899
7040
3847
1082
8702
7586
4592
6777
7231
3838
5517
2534
8247
5725
6050
3283
4643
2086
2181
8077
8053
6446
797
2348
5572
8048
1783
850
5573
2678
4965
4032
5062
758
403
2741
2625
8175
340
780
77
5088
6946
6805
4067
189
2407
1463
1424
732
4774
4180
3204
2489
1747
6581
7887
3832
8578
8024
6213
2296
4347
3553
6642
3742
1571
65
6034
2947
5345
2525
4747
8512
3028
3951
2094
7852
2414
7742
5860
1406
320
7734
1534
7469
8423
1744
1749
4708
4508
2437
5508
8132
3528
3276
5976
8057
7410
7571
5225
2242
4025
6249
3882
905
7401
833
2564
5920
1511
6273
1795
1185
3891
606
6786
5267
121
860
8348
5209
2624
4028
2926
7323
7028
2038
8454
2463
1400
3940
3898
5503
6841
3816
3305
4858
8018
5033
1235
1508
7783
2128
3183
8244
2842
2025
36
5564
882
3967
7346
1809
1610
5742
7096
6028
461
161
6061
6259
1971
8757
741
739
7498
7240
171
2317
4838
2557
6733
2132
2807
6694
210
8100
5992
6070
1248
3448
4780
8157
5530
3479
5707
3376
3567
2318
1323
3093
3313
1453
3318
8286
2939
4438
4987
6723
702
5447
4212
1927
1554
6571
1802
3414
5012
2553
4522
2668
8016
1139
8226
93
3911
8555
6721
5868
6565
5823
1585
8552
5872
14
6075
2705
4589
87
7831
2431
5371
8562
6031
2442
4460
3769
5318
7038
8543
1279
4804
3168
2934
625
6943
1445
4378
44
2044
2920
2694
7477
5799
313
4750
2306
5497
3798
2590
7443
7665
8612
7321
1690
7138
8401
5653
5819
3456
8196
6553
633
1803
775
1399
6602
8372
8353
4944
2062
5867
7946
359
2827
4335
5422
1066
7026
5365
8622
4734
6195
1272
8179
2053
3056
1908
1796
1701
1220
5623
2876
4262
7684
7065
8744
4125
8069
5741
333
7834
1609
92
7896
5
6458
5273
3873
4430
3690
685
7260
4915
1119
8763
304
5540
3682
1988
4846
8507
6772
3191
4910
393
2435
4394
6083
3248
8242
4128
1769
5327
4384
4880
4348
3504
265
2401
1218
7211
816
6091
4444
8460
5641
3711
6763
4401
8740
1986
4391
545
4494
172
534
6491
7225
6683
5997
279
7593
7602
1466
6494
6778
4026
3428
1165
4766
2075
8625
186
8732
5123
2176
3187
3849
7562
6443
4583
2064
884
4936
6498
7409
2376
3172
6941
837
4037
3026
3128
7776
2250
7913
511
3216
1764
5851
2931
6040
7996
8635
4103
2909
1214
7604
4360
6285
5889
4811
912
5391
3983
1343
4153
4509
4383
6145
584
3418
1692
1432
6360
3417
1304
8443
2642
3016
5510
264
7718
6349
1488
3082
8478
1858
3922
7640
6997
306
8437
6759
2260
1034
2303
2448
1060
2881
677
1025
5932
6766
2421
6702
5684
3083
5359
5773
8072
7191
7541
5990
2255
5782
1512
1110
3511
766
8442
7680
7971
1380
6937
69
5480
2396
4435
4327
944
8377
5953
7868
7818
1580
6744
809
5716
3987
6754
7187
5084
8525
2365
3050
3088
1532
8395
5482
5028
1077
653
826
8583
5982
2244
8597
4296
3156
6711
3986
7743
3720
7316
4752
1044
1135
1542
3984
3280
5910
5700
6551
6319
7678
4732
896
724
1449
2837
1537
2978
3790
1834
1578
5388
3433
8088
1141
7134
150
7157
5548
2815
7132
7768
4301
8092
6789
4069
4205
7452
2312
2551
311
613
8144
1925
3297
5577
6900
617
2490
1238
5454
8689
1225
910
4138
6368
4604
7632
3789
4916
2720
4893
4148
8745
3593
3526
3477
8733
1593
1215
1615
6952
8257
4114
684
2361
3212
4489
5070
7970
6833
1083
1421
5446
7156
2130
3710
4865
250
2160
1825
8080
159
6406
3324
3678
7413
1505
986
7168
1455
6124
813
2562
2566
843
4500
1258
825
4461
4668
2193
829
1490
1509
8149
902
6352
1732
1052
1596
2630
2804
3546
5194
1705
3217
2762
371
1329
6101
8469
6212
6301
2991
1074
7448
933
6741
2814
2418
142
2746
369
356
2013
6820
6913
1730
2997
7212
8513
7189
6176
6384
5534
1206
174
7622
7712
1144
4974
2154
8658
5375
4561
2329
5407
7288
8418
2153
8547
2072
4338
1591
2546
6098
4379
2310
3509
1364
927
8326
5311
957
7355
2261
3856
167
595
4685
1526
8184
8457
1188
3361
7557
8033
1762
3651
7570
2159
3075
5024
2311
241
8085
5841
3933
6808
588
5803
4888
3403
2647
6244
1191
8498
6316
1882
964
6910
5474
3874
486
6383
7025
5268
926
6292
7227
6585
4341
1780
8099
1788
6968
3473
293
1599
7669
5694
7650
842
6953
903
3643
558
6912
5283
7959
5940
269
7276
4853
2363
4449
2487
3335
8268
1990
195
851
4133
2816
6220
7345
1569
5769
4309
6196
1351
7590
1181
4533
5138
8302
5756
334
5128
339
499
746
5902
4948
1544
1326
6704
1166
1413
7637
7612
2545
5826
5002
2247
1040
1244
4173
1124
4819
1133
3555
2187
2090
5235
6580
3142
6374
1828
5304
2519
7090
3975
2438
7895
3523
8236
6144
8394
5592
1176
7071
2114
7354
2060
5714
3765
2715
3609
4145
6976
6615
4334
8414
4724
6919
2281
1738
2538
5410
199
3658
2649
1365
8282
7741
196
6023
5885
6844
709
7099
5689
8323
418
649
6512
8041
5654
3288
5844
8626
3086
5712
5111
7502
7519
35
7128
3629
6463
6737
5724
1612
2528
4501
3522
4407
8194
4431
5048
485
477
3243
3119
7462
8115
1131
6357
6843
128
7977
2808
3563
1292
4443
1261
1963
5629
202
8314
2943
3405
4976
2185
885
5262
4453
1529
3888
5763
3925
3124
8218
6479
2743
6385
7505
7636
7672
5180
4467
5582
4716
1570
6862
8153
4797
2108
6689
381
3608
551
5072
2658
924
7772
5164
4692
2795
7334
5261
7518
2429
8151
5173
3578
1689
2454
2849
2098
1807
3826
888
7942
7550
221
8503
4580
6989
2058
4899
2548
672
1462
3293
3745
4024
552
97
1866
4608
4721
4895
2503
2640
8633
8520
7739
875
5436
8233
3662
7579
5679
7603
7716
2288
1683
6979
5683
2373
7909
3577
3639
1319
8466
248
4097
5811
7049
3844
1723
8683
5457
2869
5052
3719
1423
3635
7529
4493
3913
2687
594
2681
1702
6021
7108
897
2969
8108
4835
1105
3977
3606
987
8596
153
6628
2097
3412
389
1647
2439
118
3102
8557
4843
1854
1902
8646
4086
2949
6611
4793
5994
441
618
5869
2308
5113
4677
5199
1224
1696
1520
7417
3712
931
2387
5795
2420
6824
5219
4577
7551
6726
8674
1410
752
84
4316
6928
291
8659
3557
1002
3333
5015
1302
169
5060
771
2212
7673
2285
2325
704
5745
8380
4788
1
810
5284
4041
3409
5760
1397
4389
733
3486
2824
7521
5870
85
424
2392
8604
7509
8368
4714
1931
6388
4903
2344
8396
1727
2560
4907
6895
1389
3993
7224
3995
3841
2838
5049
152
5448
598
5292
7918
200
3157
5229
5017
547
811
6877
1142
949
2022
6472
1581
890
2825
7758
6884
8654
3100
2034
995
4300
2467
8661
4192
8630
3072
310
224
6959
3413
7064
1242
4966
8272
2112
5989
1535
8116
6015
3030
936
6235
5938
560
1398
7931
1907
5761
4487
4073
5346
4071
3058
1123
3469
2205
7631
8480
6793
8219
3368
3889
4852
4578
7426
8613
4198
1233
2428
7470
17
5195
5206
6347
3383
5315
1317
2996
7937
2956
4380
5153
8211
8601
4655
6595
4680
1506
2207
3357
8258
7228
917
8042
4385
249
7807
1956
2480
469
7861
7854
8378
5648
5226
7160
6746
3345
7723
7516
2049
5820
6667
3013
7556
8103
1719
8059
6253
2501
2095
8743
6114
2729
5825
4161
628
4823
3541
23
3104
602
2331
3034
3953
1152
5145
6677
8711
1388
914
6181
2324
8364
4199
8673
4441
7271
7951
4273
4311
5115
2966
6460
8195
4952
1251
8112
1347
5176
8191
2875
2079
3820
4756
2830
2574
8223
3159
824
6819
7185
7019
3018
1687
6167
3704
2985
657
5570
8679
1425
3118
3408
3497
6531
543
1080
3312
6861
1454
6637
923
4922
6542
7236
2735
5766
2860
4559
5046
1951
3235
8283
5260
8709
3472
73
6320
3618
7068
2718
3281
8430
2962
4376
945
4832
2793
6224
3092
3772
5969
1976
3835
5289
4439
3809
3234
2801
7493
5848
8511
8651
45
7633
8655
2703
4968
5228
2018
2613
2077
3666
6345
3743
985
6453
7295
7384
5478
6850
7552
4507
8122
7523
8696
7319
1583
3301
566
3547
1212
844
7347
5881
4614
4362
3264
7468
2495
6742
934
1861
2747
790
5352
2209
2717
1671
8182
3564
7620
520
6389
7763
4416
3517
4771
2697
1999
6054
620
3070
1306
2126
2890
1775
8190
5452
1740
236
2629
531
5099
791
3696
1667
8210
7577
3620
7532
5413
2731
4891
1543
2127
3548
6719
1600
5634
8344
5246
4182
3956
343
5660
8408
5777
3036
1876
4857
7843
2699
4211
720
8013
7823
4970
2155
5833
1160
635
4076
2645
7277
8406
3939
5189
276
2109
7765
6516
786
819
4219
573
3641
4185
5384
2277
5930
7004
966
5574
2873
112
1409
7766
1947
3406
5637
1712
4476
3144
1766
5676
2964
2689
472
8614
7460
7267
2932
7561
6507
8295
5563
1946
1367
5901
353
7786
2882
6367
3736
3137
5779
5702
6909
3470
5473
6918
6403
3978
3094
1811
3195
698
7727
6663
2527
6534
4254
3475
2287
3733
166
8564
4131
575
5166
1710
527
1059
8201
8002
8066
6354
1943
1869
4863
5341
2999
7822
4458
3669
2433
5924
4913
2266
4294
396
4
1428
6378
1587
286
3505
7241
4087
6629
1003
8397
7929
4859
5322
5241
6859
3426
3230
4834
5914
1295
5556
5529
4451
1755
4926
8055
1804
5810
1035
7131
1638
5350
1486
243
3015
2979
4527
1234
6621
4472
2856
716
1130
6305
5907
6999
1143
1158
1643
6042
4872
4776
846
289
8475
4290
2596
203
1338
7373
8367
4132
5721
6171
979
2578
7897
7926
6134
4781
2142
1625
8776
7074
4204
3360
3161
7261
7082
2251
5965
3596
3186
7846
1676
8262
5828
6486
4124
7144
1639
8224
487
4210
6806
11
3602
8183
7925
8361
6056
5150
7769
7226
7290
5278
5894
1161
8771
1415
4149
4427
6431
4867
2134
3037
3342
185
290
1265
183
919
3378
8178
7660
6053
4703
3138
6556
6191
2270
7976
1359
426
7207
743
459
2133
671
5726
439
600
3796
7986
3726
8143
6956
1194
8761
1545
7394
3207
1496
6392
6336
3136
3716
6059
4800
849
3694
5523
6936
5701
3498
6848
3860
5900
6297
6688
7543
6143
4387
869
3285
3084
8355
7912
2635
6005
1005
5862
1815
5687
2745
1942
5686
6037
6248
2831
7512
4421
521
2235
6871
6137
3560
2968
4983
7044
4359
4528
2194
2397
204
2777
1217
6416
6068
1715
6712
7382
7145
4960
563
1964
3115
6601
7706
1159
6245
6130
7610
7312
5013
4757
3176
1308
1127
1264
6866
529
6296
6568
4346
2510
3780
1777
548
392
1792
6696
54
2877
6872
5171
2410
4488
2637
1371
5546
7101
5876
4197
3759
4497
8234
5612
535
6330
4651
1205
4410
2027
1546
5100
7159
1756
2512
3537
4619
6062
2990
4448
6266
7761
8666
1871
6644
8688
7621
4428
7957
70
6720
2883
7265
2544
7043
4787
4156
6492
6333
4353
3198
8770
3829
7638
136
8083
8266
4113
3779
5475
4868
43
373
6411
2577
7592
8598
1267
34
4620
6965
1117
4246
3540
7097
4001
8544
1919
7439
7484
7237
1674
6975
8097
2115
457
5667
207
774
160
4558
2923
1102
1549
8778
3353
2419
507
660
7800
1799
5092
8491
6623
2971
4641
7341
3277
4889
6699
3393
6225
7753
4455
1785
7993
7691
7643
1334
615
7183
3824
8716
5543
7155
942
6578
2927
4136
4036
7485
3915
7119
8427
3979
5230
27
5658
3190
6186
8559
1693
3226
3880
5792
8605
4123
3687
1574
3109
2065
6046
1932
8567
1808
6798
4162
3254
778
4929
2693
1284
1336
58
6501
4398
490
6608
8629
6398
915
7133
5616
7309
7869
8141
7972
589
1798
3332
6634
1914
6069
2469
4725
5168
7634
2073
1640
5217
5626
5735
6408
7353
3224
2896
2721
512
5933
7696
8019
3795
7291
7662
7629
744
1937
7293
6393
2051
6572
5949
6365
6263
916
2593
6804
7782
3451
5527
1259
7213
6282
7764
4820
4579
1314
6414
1128
1352
239
6242
2872
6825
5633
5751
6839
1186
192
3196
1064
347
5614
2794
6792
5943
6831
4763
8105
725
5849
3744
8404
1774
3580
5186
5589
1922
8341
2472
1541
5758
3416
104
7283
6122
2147
6880
6809
6785
5179
7367
4477
1296
1880
1816
7700
5516
6524
1298
3410
4731
3946
792
7342
4152
4588
1022
7482
5085
4933
7799
7934
5762
3625
5157
3865
323
5655
1473
8352
3613
1763
4574
3101
3222
7085
1898
6915
2787
8335
8106
6045
8350
4807
2172
8317
4163
8444
6662
8703
246
7437
3074
4803
5691
7692
4434
4388
6179
663
8137
4751
8232
6280
5659
6078
7838
7245
6636
2135
4841
5420
2537
2400
1829
4085
1950
7381
2763
6885
3723
929
498
4719
6207
782
2343
4044
7256
6049
963
358
2654
7548
5333
