2209
4357
998
8708
4466
1751
3897
4432
3880
3916
5711
7388
3474
4541
733
7526
8406
694
2339
150
5834
2581
2237
2134
5493
2447
8131
448
3095
6920
5287
304
5246
7192
7362
967
3697
927
1199
5173
1590
7160
2904
7919
6021
3792
6914
5673
1322
1042
320
5915
3428
8703
7928
2350
2501
6570
6313
8112
5434
6933
1143
6223
5449
7977
8148
6799
4556
7489
3025
4746
2730
942
3061
8465
3359
4042
8601
7746
789
3452
6954
8376
3010
5869
633
8494
467
4467
7852
326
7203
2474
6822
8748
1050
7662
7743
1192
4125
5969
1216
4088
6759
1473
7602
6556
4555
1086
3075
2863
1236
489
7310
7177
6969
6801
7307
4938
7829
2373
5525
4282
8293
4352
5117
1674
3954
7351
4689
1722
3336
4118
1278
6648
224
7457
5193
6892
8548
7598
8295
2050
1740
3114
2179
4738
3581
4177
4791
4075
7031
6869
8534
1318
1796
843
571
6559
4271
6786
2903
7693
2908
6911
5289
8536
5910
923
6043
411
3698
8128
4969
6899
547
290
8725
5993
7982
8379
4058
8558
3332
7761
1460
1100
5335
5633
4730
6843
8503
848
4594
3396
978
7340
3049
7858
3028
7659
1816
5013
1756
2227
6031
4983
4790
2275
1655
3828
1700
7943
5919
1826
3203
1051
3704
4078
6930
8267
557
7549
3558
6317
7853
6580
4739
4761
4365
7272
280
1536
5958
7415
4377
900
5626
3822
728
8639
7521
7488
1500
7428
3918
8240
593
277
5212
1440
4224
4055
3705
334
1665
6670
525
8586
6805
4142
7394
2006
1619
396
3763
4838
941
2161
7108
7071
8237
2472
8464
8102
7104
5922
740
3415
2534
8056
3629
7435
7372
626
8626
165
1828
4451
6909
6749
4785
1745
607
2520
3168
3046
8398
7766
4338
3927
2787
2642
7849
3458
3646
8086
6888
1437
3278
1834
6152
67
1286
6659
3307
3902
3282
6867
3302
8177
3652
1518
3559
4978
6900
8299
8292
4248
4185
7502
6145
5581
6829
6982
3657
4925
5909
1603
1855
1059
3483
4462
7137
1284
1575
1418
806
1308
5553
1804
1880
7286
5835
2359
5468
5528
2541
3040
3526
4729
6445
6100
2413
737
1403
6093
8150
2084
4021
2952
6408
8430
6950
3181
3397
216
6844
5091
649
1006
7248
7529
4047
7263
5283
2423
2943
2045
7715
4019
6442
4358
239
8771
2502
990
1246
1902
1116
4709
7004
3058
3635
3057
5861
2437
6998
4065
1899
2686
4620
7757
8370
8344
1728
3157
2991
2475
8758
443
6410
855
8165
2277
3516
7376
81
6600
638
341
7456
3913
2068
514
4223
8496
2132
5844
6044
2759
6824
6859
4267
554
6929
2458
8652
4340
7652
3137
156
2493
8585
3433
4515
5430
6510
7010
6399
6078
53
7158
4812
2549
1117
2757
4501
813
3752
1401
4611
8729
7252
1638
6364
5306
3618
8123
3179
7320
5790
1846
6060
89
3008
300
974
636
5464
7395
194
7951
8286
779
6550
1954
4549
4783
622
7084
3633
670
7821
564
3872
7620
338
6443
8761
3787
6925
3305
7250
8468
3125
573
2361
4526
3885
8333
3459
5204
3312
2090
5651
7327
4139
7764
113
5115
960
3404
4092
4011
5403
2095
8661
5143
1531
5349
5362
1992
2372
5718
2014
1237
4228
5877
1510
7747
4481
2954
6325
895
5875
7740
3389
2407
3199
8753
7789
2740
6662
2994
2667
4408
4749
8059
6780
4490
1604
7682
1782
1168
6802
5697
1207
6702
6350
1476
3803
303
3645
4816
8261
3127
8424
2002
5316
7514
1526
7211
5719
8662
7848
1766
5742
4444
1058
3703
1852
613
2736
993
8019
4326
6166
3420
7519
762
3370
2109
1365
4781
4356
7373
6684
2886
1367
2866
8246
583
5693
4782
5285
2205
8163
6575
3303
908
6722
6105
3588
5947
5786
2167
3301
8411
6916
1801
3782
1681
4507
4693
7670
7633
3403
158
190
2626
8440
8589
8234
6458
4469
8306
5894
4874
3161
4852
7215
1384
7264
623
17
140
7152
279
10
1
2356
3382
1715
154
6046
3386
1288
1675
8624
7477
2805
4510
2620
6006
8434
2663
8321
2207
3033
4916
5445
5312
6626
4288
4820
2656
4211
3541
4981
7118
5641
5394
3570
925
6174
820
2115
4793
6957
7939
6207
241
617
188
146
1761
3121
3564
3547
4644
4590
6994
6790
8636
2771
6427
5572
8215
7458
4536
555
736
2737
5273
58
8349
41
2296
8555
6654
7978
4695
104
6566
5508
3108
2902
4588
3894
6666
7478
5769
5902
5422
2440
3874
3584
2596
4524
3330
5300
2051
1749
1953
177
4184
2295
7078
886
7241
78
4537
1257
3682
4707
7154
5003
4057
3339
4389
1340
1945
1733
3136
2046
455
2136
5773
1314
3899
5030
6363
620
5549
56
528
74
2527
8580
8176
1251
1459
1698
3583
7762
7482
476
8288
1439
5341
2840
2577
3977
5497
3521
1952
515
6608
7378
5251
3469
4849
6945
3946
1540
5310
1285
1398
173
8057
479
6796
8742
1145
3719
5044
4157
7511
8571
2143
6774
2833
705
6549
6746
4359
91
3808
7069
3746
1738
2355
3965
4343
253
7049
7626
5590
8537
530
4975
6647
1656
3207
3762
6028
7476
8202
2303
6200
566
6385
3609
7914
4234
5810
7229
1149
8717
5655
6175
2733
2196
3934
6910
4650
838
6155
3227
152
4299
6573
3815
3838
7312
6506
523
214
4024
1293
4294
1539
1173
1214
3164
7791
175
7167
8667
3304
1388
1079
2256
129
1427
4193
991
4063
715
859
8546
7507
478
6434
3722
8049
4473
2851
3430
8009
4736
6848
5515
8231
2151
2206
2869
395
6240
6849
763
4748
667
7318
7051
8120
6518
39
7653
5832
4060
3594
3699
7033
6324
57
1842
1835
6658
5332
5818
5411
7637
3517
8642
5968
1446
7150
1797
2576
24
4835
7596
8491
6668
985
6030
3764
4434
1341
3638
4222
2820
8268
7416
866
612
4085
3412
1150
1687
451
1818
8284
7648
6584
5159
8106
6863
2745
5552
538
3130
1573
2403
6321
994
3709
2208
6633
8634
7798
7720
5644
4098
2165
2835
244
59
4428
5511
6478
7870
2244
7334
7667
8408
7702
5538
3674
4519
2226
2478
2774
3406
169
599
5808
5972
298
4143
2266
7713
228
3432
2257
6936
2417
285
1768
5723
3135
6252
449
6262
6040
2816
1676
6520
1559
8214
7756
1238
3651
746
6686
2682
4077
4568
4907
7371
1018
6256
7156
6446
3571
7212
8384
8416
1726
6808
5239
2174
6719
5827
5628
3809
8550
8622
4908
6258
8034
3182
7562
2987
1727
5478
2234
5325
2922
1176
345
1682
3826
6830
7997
288
4696
4179
8618
6106
689
7437
6436
5961
8070
3832
3060
4666
3042
8576
7717
1891
2808
2381
2936
1386
750
2503
3804
4994
6975
5634
3299
706
4872
6834
366
2128
1562
3300
7383
6811
3923
276
1279
4605
7864
8382
1048
1906
155
6015
812
7622
147
3608
3553
8090
7082
5804
2194
3800
1967
8142
1857
659
2767
2185
5714
7800
7844
1233
3543
5271
2574
5373
4425
4714
3860
963
6444
3542
2951
1654
5378
2217
7178
5141
7009
5550
5067
7759
6457
6403
2716
6359
8395
1193
2677
305
6465
3678
2763
1456
7847
6538
55
5292
3431
274
1483
7321
5757
4329
7467
2032
2030
2421
5218
3780
6394
2834
5669
3796
643
8539
722
687
7651
5343
7000
8582
1345
1949
4863
4847
4708
3529
472
5228
5161
7565
2309
378
922
4265
1060
8689
4227
537
3355
5473
1564
6318
8241
742
3791
3045
6222
6785
2512
8169
8195
4318
7683
2498
8477
3784
8482
2652
3947
3886
7368
7316
8565
4341
1331
7707
7106
8289
235
7654
2789
1667
1549
2130
7465
1200
1290
6047
5851
7644
3152
4018
3738
1973
2487
6411
4495
2073
7180
4508
4123
258
8602
3861
559
5763
4485
2761
3290
418
7591
6685
8264
841
5284
7817
7783
5295
4542
1223
2368
1410
7548
3884
603
8522
8340
5754
7688
2481
2044
4332
992
4345
6610
2408
3751
5480
3931
122
3840
4685
7313
3097
2654
5838
6886
1671
4755
7857
3556
7036
1267
4145
2675
7494
8653
5971
8193
858
1291
5532
4564
8207
4419
726
2420
4370
2186
1283
7261
381
4957
4317
3527
5097
7029
5360
4643
5559
4627
7528
7187
5685
6669
3883
4528
3067
2003
3711
1702
788
2082
1541
4049
7538
6016
1820
4260
3753
3132
3831
2822
2125
5257
6182
5371
7738
462
6709
7454
2438
3391
8641
5603
6338
278
6186
3148
8724
3488
6000
2015
7613
8229
7349
118
2386
6292
1289
5002
2389
2375
1354
8254
5562
6210
5908
5317
808
6217
4758
7356
2690
3443
4573
2719
4688
5941
5806
102
4209
5129
108
399
3903
6535
3190
4523
7067
7993
2248
877
6211
5308
1514
4953
2445
1881
5079
3444
4745
6092
4972
8242
1273
5565
2223
3660
4027
874
8402
7139
1595
6146
6875
2048
3129
7936
6864
6800
3399
1304
7639
223
434
946
1944
5943
5784
2395
7073
4880
6898
5768
6813
8141
7146
7462
8058
5333
7184
4154
6971
8082
7624
2233
5108
7170
262
25
8666
5258
2704
4028
4659
7816
4525
8118
5329
5865
4788
7980
7022
8228
2892
1859
8746
4587
75
7205
3712
7572
3328
1910
4747
6637
1622
5597
5839
2301
6976
580
5519
7219
8599
2703
2020
132
2909
8077
2653
2728
4653
5748
7797
840
3438
8243
7005
1538
2229
6018
1452
5354
870
7176
3999
3908
7472
7328
2721
7845
3847
1219
1932
483
3835
6915
8170
4622
3540
4818
8549
3460
3996
2633
2984
8329
1292
1940
1161
1067
6422
2336
3667
3821
6266
210
44
4878
865
2591
3056
7934
817
2398
8179
4809
5653
4244
183
3637
6939
4298
2590
3805
452
7030
4744
7483
2804
2057
3959
8702
5761
7086
4307
5242
7214
1052
3504
3873
4460
3270
3816
6609
7143
3017
8074
7389
5210
8441
1503
7676
7206
8298
1948
457
6949
2598
1876
6847
160
7822
5913
5783
352
8133
1377
2160
4559
7257
1146
2772
3407
5266
3503
6216
2568
8162
8412
4683
3233
543
1416
5664
5379
5824
7926
7544
7485
1395
1894
4243
6142
8156
377
1464
8613
6355
4122
2732
8681
2841
3031
1108
3172
7136
3900
6063
7384
7508
3970
6620
3070
4245
6807
7309
8507
275
6291
251
4278
4484
3400
1112
8250
7387
7690
2436
8137
204
1406
2639
3928
1098
5595
6455
2341
7054
7138
1631
6019
7784
2249
4442
6164
8315
8610
7541
7570
8004
7142
4514
351
6104
8360
7419
7083
4017
4949
7225
1651
1812
5467
5085
5383
8249
3730
5
6791
6491
3329
4498
2164
644
3366
4848
5803
2878
1845
6784
2636
8458
4152
2818
6845
2443
2923
1224
5386
8671
7638
87
7904
2688
3663
8789
8781
1830
8690
5215
8188
7912
5891
1294
4496
8121
7868
420
4795
703
615
192
8022
1130
7736
3453
5876
2743
5345
7788
6700
1328
1596
7059
2119
1065
3878
82
3623
969
325
5821
1901
3836
5363
6450
3154
2452
84
7269
6598
7910
1138
1670
4411
3425
5039
8362
3456
2155
7771
4226
3306
899
1885
6162
6312
3630
8308
6782
2425
5998
4610
230
1463
3496
8296
8021
6127
2328
6462
6607
7279
2152
4313
4935
3260
6578
7775
1843
1546
755
3228
1522
1317
456
4421
7550
5032
7833
414
7834
5658
217
2147
8272
7089
3439
5686
5815
3076
2033
8078
7011
7619
7096
7350
6396
1468
7216
6768
4330
7129
5150
919
823
6938
7681
5857
5878
2924
1732
1481
15
5116
863
101
7727
1961
2622
271
4200
892
5704
7735
8719
3175
5587
2699
1623
7716
4892
3680
4111
894
8605
5076
4339
1959
3479
5419
819
5018
8540
259
7988
1210
732
3265
1589
4927
3180
1119
2340
551
7571
5014
3274
7897
1334
2707
3320
1174
721
678
3841
1572
4119
5339
4617
6904
5035
2859
2061
1309
359
611
3200
2553
4843
3802
4156
8751
8064
6644
8656
5912
6778
6406
6188
4395
5945
7863
524
6123
7956
3563
1379
1912
2623
3263
1133
5178
4233
7583
979
822
2453
3105
384
5665
5640
6014
3909
951
8335
8377
3893
6851
4794
4885
818
6613
2353
3500
4153
3790
3502
5008
7110
3131
4703
6113
249
7807
8755
3376
4808
1061
1544
409
2268
1111
4762
3957
1178
8178
2283
6951
8756
8741
6079
2116
5202
825
4661
4212
54
7880
7426
4366
3120
5962
69
286
3235
250
1085
7877
7532
2702
906
1433
2412
1721
343
1866
4896
3171
3188
1162
1905
7157
6215
5698
2153
577
7496
2643
3771
6134
532
614
3758
4822
3147
1743
1231
3643
6508
3089
1824
1045
6495
1958
918
7294
2461
8498
6471
1306
503
1962
7770
7131
7039
5436
759
8516
3052
8694
6724
5795
1429
6798
5225
3493
4147
1537
1918
5823
953
982
7811
138
2739
6968
1565
8221
4321
7464
8472
1445
5276
3002
2382
2848
7491
4832
6431
2979
3032
6558
3418
7445
63
3845
186
2613
3801
3729
4804
1486
4324
5187
2731
8442
1458
3343
3423
2765
3555
8572
3677
1983
4677
2124
3926
3781
4882
2282
5541
5548
5520
5461
6877
7417
4015
7202
8625
5638
8439
1274
2069
662
565
6417
7901
2946
6507
374
5845
5751
8071
3024
4754
5036
2826
7714
6797
4913
8063
3509
5111
1004
1194
1946
5490
3724
291
8305
2551
7023
4906
3707
2306
8616
8733
6765
5314
4561
1492
5267
5535
3720
8627
2448
3126
6762
2325
1465
5387
2293
8429
6515
425
3315
4845
8611
2225
1597
4534
5426
7324
504
1991
149
2159
5760
5227
5216
4646
6664
2959
4039
4945
7050
94
3218
7204
2988
1719
641
6153
7068
5575
4044
4875
1993
1019
3587
938
3167
3666
6171
3952
6937
2281
3409
2456
488
99
1047
1568
1335
1703
6821
8364
6852
4726
2409
8183
6874
5842
3881
4799
1011
2628
3416
3936
6740
417
5454
1685
6315
2411
8506
5906
2001
5482
2087
4565
6955
1303
8042
4048
7490
2537
4205
1908
3739
3727
912
5297
1800
507
1201
127
6409
2975
5778
5579
7634
3662
50
8160
322
2180
3194
128
7971
8512
3230
2377
8185
2394
4554
3310
7640
6935
2343
358
8233
1653
5207
6206
2307
2756
5660
97
1175
5100
6758
4932
1378
5887
6154
6691
3989
2354
121
8232
7006
4013
2990
3440
7530
1629
8149
14
8663
3357
1775
6038
8113
8199
1677
8313
2722
5703
7434
3672
324
1046
8654
7126
2683
1083
2684
440
6977
5735
3961
13
7840
6288
8757
3598
5231
6618
389
1943
8181
4448
7194
8407
5350
2477
8735
6039
4567
5099
8271
2799
6560
4614
312
5157
8720
8603
3293
811
6643
8026
1438
6663
2913
4416
930
1508
2543
7668
2097
8307
65
3489
7220
3904
7509
3933
8574
1484
6839
8114
5746
5021
8213
6184
6932
3810
8520
4867
2817
2856
3551
4721
4190
634
5752
2625
6351
5679
6307
6361
4664
2896
6593
5527
6701
382
3552
2540
2853
867
7733
4083
1225
989
4050
6423
3910
8706
7364
4281
7161
2813
6428
5744
3398
8358
8600
6382
7593
7577
8116
3269
7034
4109
1164
6921
5814
5155
3073
6673
1240
3937
1381
3401
3628
594
505
5486
5045
1234
2969
4651
4939
6656
4132
6246
4235
3683
5596
2582
1909
5440
3482
4773
7568
6652
185
7675
4941
4032
5506
512
5408
8648
8614
7710
2657
5734
5967
1976
6388
473
4532
7968
1255
2454
1435
5470
1929
6543
8132
718
4165
463
383
7945
4151
3685
1652
3592
255
1779
5092
233
4269
880
8559
8476
5484
5706
4456
5232
8705
8146
7181
5217
3326
7862
8786
608
4257
8604
6470
6205
7680
6698
3948
4379
1247
2298
7891
4232
6858
959
3514
1570
2531
3059
7087
2058
200
7114
541
3050
8085
6832
7869
5543
3716
5936
2798
6732
5577
2235
6319
125
7700
296
616
2168
754
8718
2327
5390
2887
7337
3986
3642
2401
4933
2655
5668
4199
1364
37
6332
8532
8448
1080
6449
5299
6649
3507
436
2603
1649
3777
3842
2291
665
2931
3607
4521
8490
5766
1780
4325
1784
6996
5384
7047
6728
6828
7809
6924
4681
907
1705
781
8541
2103
1336
6718
2893
4375
3187
1995
4763
3467
677
672
6519
6948
5344
7838
2080
2052
4607
5937
5500
7552
5708
4998
8404
335
535
803
8651
4441
7451
365
6710
3827
7850
6913
5846
4789
1326
6831
2874
4704
315
6789
3318
4807
6542
6645
790
3156
7174
7618
3754
6625
8124
7938
8005
4172
972
7885
5871
5298
5089
7385
1268
4207
6053
1879
8210
6167
6121
3769
619
5611
6738
5883
693
2941
5196
117
1450
6783
1707
6438
4148
4249
6606
6574
8248
7149
1519
5151
6264
3333
6099
4079
3956
4619
1399
3812
2333
2158
7610
5365
6883
8212
137
8339
1044
22
401
8184
8303
4958
1190
408
6622
8100
5004
4202
3280
7512
4296
4621
6114
5991
7826
3217
1031
682
4522
3065
7703
3100
6199
5237
7193
5230
6176
5781
6433
952
1055
5327
3309
7224
756
3324
5229
1513
629
6985
3394
3349
5010
2630
1394
6432
6141
5984
7079
5102
4163
6862
5123
3144
7208
2536
1179
3793
3169
3237
1420
6383
3014
350
3912
2518
3853
4928
7584
2385
3442
3048
8598
2562
696
2332
5843
3590
1022
1385
243
1390
5057
6084
2883
3083
4099
1497
4601
6249
1523
2965
2215
6991
1913
5544
7579
6226
6160
2634
8012
8772
1819
6891
301
4087
7636
5435
3530
3413
6562
3655
29
5797
4295
487
1873
1337
7259
1701
2793
6592
3225
4632
5985
6494
314
2649
4784
4670
6605
4742
7414
6168
7786
1849
5556
5372
1024
3279
6816
3922
1897
5785
3605
1789
6629
4175
8437
178
5016
5526
2570
6547
3613
6827
1896
7299
8245
295
1987
5282
4446
6208
2901
1470
7827
3919
6940
2035
2847
126
1802
2145
1822
8637
428
6893
4902
6401
5361
5639
3476
6189
5881
96
6563
1064
861
6373
1754
8046
4546
6509
2668
8164
8252
4961
5588
3261
422
7469
2126
4450
6597
2792
4394
2982
4002
4914
4195
4107
1382
2163
2585
4089
4030
8556
492
2910
7940
4203
2921
5886
2334
227
1970
6533
162
1443
7737
6149
7480
2618
8394
4647
542
6525
3240
604
8564
7728
3575
5591
176
3818
2708
1017
3374
3535
3153
6311
2916
1530
2198
3887
5105
2538
7141
6027
8275
289
7537
8294
5662
1837
8224
3103
544
8619
2112
2928
1915
2162
5438
211
1387
5399
1008
8575
1432
1155
6076
4273
297
423
539
1792
2092
4025
778
3034
606
6572
46
6348
6430
4921
3068
3980
8143
7742
1242
8443
4334
3975
8013
6826
3525
5462
3005
948
2846
8499
1803
5011
1599
8644
6300
2964
3490
6073
5221
1227
4319
5822
6117
7095
7335
827
3185
3221
3806
2942
3267
8701
2430
3348
8060
5856
8483
6157
5194
2849
7984
313
647
1203
8459
8314
1747
245
2825
8712
3866
1324
2133
968
8318
3905
8309
4992
4710
7085
1832
5675
7999
1375
8633
4635
8
8373
7175
7012
4873
7846
4575
6840
6435
3794
3498
3745
7778
1663
4445
2600
3253
7265
5777
4417
2526
5170
8018
5407
3053
714
5563
8591
3465
5471
7200
4552
8388
3356
168
5610
8608
3256
6917
8135
7922
8414
920
3772
6963
7280
2203
8630
8161
7267
421
1956
213
8487
4535
7076
3485
461
7909
4724
357
4705
2515
2286
1827
4997
6395
7724
7278
7954
6962
5495
1005
7983
2113
1301
1505
5186
5338
5650
650
3429
5318
1448
5128
8175
3733
106
2169
1029
510
7515
627
3311
2911
5935
8692
2970
4662
1490
796
6747
1978
3569
3557
7748
6897
1063
1763
7055
8154
839
3988
7400
4240
3579
136
4777
5081
3285
7243
1777
5121
5376
4036
2960
4146
6922
2616
7996
7166
6185
3243
3019
8523
6541
2664
2784
2554
6008
4266
5938
8342
3679
6353
1708
601
5530
142
2491
4503
3741
2932
4315
1333
4727
6379
7915
7959
531
4960
7621
934
2484
5263
8227
6903
2972
1620
8037
7883
6245
5849
582
3653
3788
592
4435
3524
7723
321
1593
5601
5712
4360
4354
4254
1917
8691
4982
8711
5841
1630
1411
5813
744
1661
8088
139
1272
995
3250
2615
3625
916
6260
6230
8168
3990
4346
3833
475
1206
1931
2940
2201
2026
5917
2610
8581
7421
1472
4814
8597
6792
6742
1028
2175
8094
6102
5359
1977
1099
5957
5557
5775
6537
1621
5442
3755
558
2297
8660
1457
871
5923
36
5397
5677
4734
3362
5305
3786
4029
2544
3422
3725
5051
5163
6804
8760
5860
7168
6745
6841
3817
7135
3037
5792
4221
5083
390
1362
1850
8674
1088
7447
610
8348
7062
8354
3264
1545
4886
747
675
7134
6665
3505
1840
591
2604
5975
4080
5222
5459
482
64
2650
5729
3351
5043
8470
5656
897
997
4825
5398
7305
1249
270
5599
1683
1772
4217
1646
1694
6906
4064
2176
5973
8205
2862
3232
3994
3770
3668
6795
3639
6734
5446
8345
575
7292
2659
2473
652
3706
7612
8325
6729
1475
7346
5578
2264
1669
5671
8552
3255
6342
5762
5853
6390
4161
5736
1361
1332
3958
5154
8029
6794
112
7871
765
3929
1062
4675
8389
7397
1187
6836
2387
2567
4576
8473
6129
62
753
915
4787
1521
996
1598
1566
2480
1634
849
7989
6130
2694
1094
7843
2439
2999
6492
8677
7614
7780
6124
4189
2096
6048
7796
5110
6511
2172
4687
4952
4899
3437
5198
8680
814
4074
8699
6835
2947
600
7455
1927
6095
2120
4385
6524
4
6136
7260
42
692
2154
5137
784
1229
5058
1266
6581
8678
2492
2712
6815
6577
7655
3619
1351
3047
6539
4868
465
2583
3737
3287
1553
4420
7409
987
3702
2344
5164
432
7553
2934
3434
5982
6059
1232
2038
6081
6375
2260
7499
1135
2262
4131
3775
3133
4110
4308
5521
7590
1069
3998
6833
7539
6764
7066
651
8375
3915
4871
7865
3969
6536
7287
999
5047
3854
526
8331
2432
4176
7038
1807
2289
2547
3506
1408
8039
947
4974
8322
6953
1026
7630
731
5903
6715
6101
415
4543
6003
8266
3644
3600
1106
6112
3229
2830
7468
6180
3405
7578
4287
5326
3675
5148
4422
3858
2854
6032
943
8092
5017
2608
3001
1920
1626
4771
1307
7841
5776
3603
7992
7064
1679
3979
1036
5476
1810
2868
7872
4502
4889
392
2457
2156
1618
3621
2919
6687
1417
3223
7947
6108
4776
8460
4402
5077
5270
2322
4231
5487
6354
4655
1785
4401
4923
757
3747
1985
7813
4679
2673
5691
7665
2218
2371
5516
7381
1211
4669
5825
8515
7758
3650
26
3624
7948
7151
6088
5874
4311
8444
6688
8147
6638
3006
8338
8279
1213
3242
2644
8015
205
5635
5678
4580
491
3038
8125
6978
4775
2546
6865
4631
8750
6726
1239
441
6651
3251
3938
4915
2806
5946
5172
4618
3436
494
2595
2365
3449
586
3477
8419
4374
1911
4959
1023
5142
1453
5623
1295
7300
5812
3189
4459
8687
5214
3534
6376
7358
1347
5606
5074
2011
4333
5451
2426
1118
4304
4150
5192
4608
5444
7325
3165
4289
7281
2499
3767
2146
5609
4187
5774
7953
2118
5976
6997
8723
6855
1478
8204
5632
4127
8535
8683
3993
6697
7473
3735
496
6579
4732
2985
2529
30
2329
500
5950
4073
85
6770
2476
7329
7504
5042
2117
4811
5322
6305
1167
6744
2995
1186
5934
1688
445
5252
8577
2516
6958
8488
6912
5423
372
5060
4407
4900
5437
6064
717
8200
6667
7283
1315
7917
4009
5056
671
6024
4306
6529
5602
4560
5568
6239
3871
4828
893
4471
7207
3648
602
5498
3372
4353
654
2216
7196
3566
5713
7060
6522
8578
1833
8686
6474
4596
294
6880
264
5569
8737
4292
2695
2173
3352
3450
3627
460
4492
2661
2271
3661
2619
5070
4121
7105
5294
588
4715
1999
4303
3364
3149
5206
1760
2920
8003
888
3856
929
8682
442
2592
2658
4544
771
6393
3271
6551
1787
3383
1152
6504
6589
109
5190
2837
5381
5331
3123
6725
7297
630
6860
6023
5788
6335
8081
1007
8152
2166
68
1729
273
7422
965
7407
5847
6214
1101
2027
8527
246
5882
6341
767
231
668
8337
260
3277
7513
1815
1462
3736
4246
5722
4297
5567
3766
945
2533
1506
3003
3298
3882
2881
4563
3027
902
148
2431
7094
3109
1744
1054
1900
2066
5683
6479
6075
529
8130
3995
6265
7566
2790
6302
5897
6490
7163
6689
5689
7830
7812
7946
3388
1349
8302
2335
3760
6532
2099
2081
5966
6486
6303
7427
2674
1757
6475
2183
2769
5488
4430
2879
3142
1554
2485
287
495
3857
1576
4364
4774
4138
4369
1528
1487
4000
7801
6466
3768
5456
2671
6420
5147
5265
3972
1863
4540
7911
7057
787
5720
2880
5619
3009
3591
339
1113
7172
3202
8779
4351
2930
2725
5183
7859
4751
5146
2753
2669
973
1319
1934
1625
834
4072
486
4433
745
664
5586
5503
8593
980
5716
1586
1184
3718
292
4578
3935
8492
4320
7056
7706
7890
7217
2925
7353
2349
3257
1581
2981
7345
6482
7182
1053
2105
2693
7937
5855
7075
7256
4452
3713
2482
4984
6271
7191
2899
5048
8093
1557
4144
656
5149
7799
6137
1966
4948
4768
4615
3700
1543
5069
3021
6988
1941
3410
3020
201
7647
5355
1964
932
2110
2889
8065
3101
7595
427
7699
1451
3211
5758
6569
3701
4905
7695
1951
5654
875
4926
3091
6110
5272
3115
7430
3455
2647
3580
4250
1686
4239
8107
8006
3898
807
8596
6045
4639
1495
4208
6306
4571
5694
6534
1585
5101
6344
7190
7148
1277
3294
7201
669
2530
1577
6961
5050
8638
4476
7794
5414
8399
83
7132
1903
2594
2929
7574
348
2254
4426
3658
6327
2
7100
7698
5353
8278
680
2345
7836
8435
4786
8643
6441
8767
5523
6773
5955
3162
3765
8504
921
8276
4383
4096
2429
6125
6002
5428
3262
4067
393
8612
2241
8327
49
3481
4600
2114
7333
6683
1791
6611
7601
3997
6876
5867
4986
6972
931
8668
516
8728
1275
5321
5463
3875
3124
6586
6415
2357
7418
509
157
914
4386
6025
2444
2016
3484
7531
971
3554
3843
4584
7474
5566
6365
3337
8495
3819
4574
4305
6952
4102
6514
957
7876
4301
2717
2009
5385
3728
1612
5726
8317
4384
6887
7284
7884
8696
5570
5320
4259
6190
1261
7991
11
676
7271
8562
2288
4427
6244
6
1107
3693
8722
5931
8222
4053
6267
1348
3340
4279
1105
6440
7429
8647
6225
1584
7124
5800
3151
4052
4373
8361
6284
7285
5075
8069
1181
1299
4041
7814
5583
6451
3710
4859
2039
635
2031
1957
8097
1666
8773
60
7360
2007
5200
1605
5924
4470
180
4757
1434
2211
4033
7729
5160
1165
2221
1027
6681
5715
8155
8673
5986
8217
5576
3201
3196
7558
5104
93
5029
407
596
1297
6224
6517
6772
6132
3096
3978
4372
2968
1374
6276
5027
868
2479
8216
2418
8104
7711
6755
6735
6498
5880
5805
469
5168
8698
7787
2500
2140
2844
2768
6253
4815
5740
2706
344
1096
6192
5551
1624
272
876
1039
8579
437
8328
6381
1555
4609
3209
8421
6854
7046
120
847
47
2691
8417
7223
5466
5512
1641
6234
6941
6674
5201
1409
3890
196
6285
61
776
1569
2392
2091
4368
2451
1580
5561
6094
6736
6717
361
1748
8194
3468
3036
658
5364
6500
5787
624
5990
2872
1854
4562
4667
1097
4529
4026
4468
4034
879
6336
263
1180
911
3523
3210
7753
3774
7461
7793
5171
4767
6737
7323
329
2406
7709
8670
1640
3567
5351
6992
770
1002
5404
6713
7650
2781
8427
5911
5916
1511
4403
2715
7878
3656
5346
7296
4691
8223
2861
1601
6481
4955
1989
6555
2777
8650
5547
5733
768
2779
6177
570
4285
2552
896
7109
681
6902
318
6416
1183
1613
6026
3690
8283
1642
3435
77
2635
517
5625
5580
5491
2037
7198
7077
4965
261
6723
6255
2599
7392
4197
7516
2302
2488
5132
1709
832
7905
1786
2231
6405
720
5324
6349
842
8182
4112
1269
1972
7672
7559
6489
3867
660
5114
4309
3085
3347
4398
6233
2638
8469
7262
1282
831
4840
5254
3461
7249
1808
7103
7842
6402
2086
4449
8196
700
1969
2918
7270
5261
3325
3177
2085
2795
1471
8323
5453
903
6590
3562
368
2220
6467
1281
8372
4764
6272
1496
1131
552
4934
6677
7694
4062
5574
3582
2318
2468
8595
3296
8665
2319
5997
4769
4387
1836
1921
8167
5862
5960
7354
5584
8715
6947
7040
3863
7339
7282
1806
8480
7961
3004
2814
4124
4680
8096
4922
7343
7942
6979
6356
6270
2434
4531
8401
6896
8265
7752
429
713
3545
1012
6678
4310
8743
8191
2971
4415
2510
3676
4993
4513
3640
5657
5895
562
5907
988
4229
7117
4946
8551
3734
7597
1316
2269
6557
7302
5629
1529
7357
798
4881
4418
7099
2005
3371
5817
3953
1313
794
8038
7448
7646
5015
5481
6437
1035
632
5989
4930
3577
8206
8363
1668
6895
2791
862
4274
7819
1158
6009
2681
1163
1169
824
1455
2465
5455
5652
1594
4800
4817
8590
4054
1030
4648
7342
2937
7760
7554
6890
8326
7366
1986
7230
193
4512
567
6116
3244
1725
8525
7439
123
4583
3084
1025
6096
2998
7832
6548
743
8466
1339
8787
8538
1020
3208
3198
7466
8316
2100
534
7037
4826
6191
2326
4001
7611
3491
8139
7471
3454
2860
1988
76
5469
5374
7002
497
1524
3610
7803
913
7423
4520
572
4539
8710
7247
1479
5791
5555
2446
1287
4692
1357
1325
5063
153
5793
2539
2888
7949
5439
7666
2495
1166
6682
5920
4624
5531
4963
8727
7101
4937
5368
2785
730
1189
5571
3122
7765
3820
1248
4778
3159
3759
6731
7998
7684
5458
7102
4725
3368
2949
3681
5156
5474
5637
5415
7708
6679
8023
8438
590
6464
5840
8174
7599
4438
6005
5347
5022
33
6623
5731
1115
7551
454
6603
1699
2587
4363
536
1021
4174
2810
1874
1767
2311
958
8500
4391
3814
234
7091
2561
4883
6964
8396
5301
4894
1610
5926
8420
1066
8446
7221
8393
698
7492
7290
3043
5585
8463
7093
2836
6879
2897
7331
2829
355
115
7769
6567
6122
6927
4101
2362
6585
8697
1882
3308
6083
4256
7188
4527
5072
8784
4216
3128
5236
5053
502
2400
268
5268
1883
7979
2010
6730
8334
4517
1482
2342
237
2191
7985
683
3427
145
1156
1730
2200
3783
8138
7210
4649
4093
2612
5391
5410
38
7245
5472
3112
4371
3647
3837
1753
7121
7501
6587
6310
727
5174
8409
4322
3393
6846
7460
1230
618
1373
5670
1750
6295
1202
8320
2734
6965
4007
1692
4597
2685
323
7889
4841
8479
1110
2098
6050
761
7908
1868
1129
3641
5929
887
5524
5592
5358
6301
2832
6885
1660
2251
8658
702
2000
354
7155
801
2317
3599
6619
7575
1049
6692
5613
2078
4337
4135
7955
8201
5643
5424
8238
7459
3976
6716
5504
8518
1633
8453
1982
7128
493
1861
4509
4752
4493
2224
6480
8675
3016
8068
4641
7635
5819
2041
3549
1615
2230
7446
7442
7396
6055
4766
6072
7493
7452
4876
8445
6138
4862
2852
1811
5896
1441
3195
8732
7935
6640
1856
4976
4658
2559
2405
4920
6187
8695
248
5948
5753
4996
7003
6769
6499
8189
1710
7900
1147
637
1003
6712
4530
7896
2170
4792
1512
6571
663
4780
6384
3143
5622
5560
3896
6472
1087
2366
5138
7246
7533
1413
5291
8368
6484
2157
4716
2758
5598
2280
4888
1032
7463
7239
3234
2247
7779
5518
2575
2410
8609
8084
6919
7503
4919
1137
4760
6143
5627
1645
7567
5477
1338
661
6209
1865
4931
2511
1368
7479
7981
1198
1263
5377
40
6981
5546
5337
3466
2915
5904
7254
2572
8173
1320
5755
2629
852
375
7330
307
889
8510
1499
7291
4414
6178
1040
5900
7171
8467
4472
1136
6621
7498
2141
3620
7561
4548
1442
6058
5330
5829
2601
4117
5401
8010
7522
1809
4860
5747
119
4263
3879
3749
5158
3611
7867
6163
2627
3193
1300
2550
2182
7332
2811
380
1609
2222
1358
405
5309
8258
6636
6838
6884
8423
6001
4270
2494
2747
6098
203
8190
520
2773
2024
6966
976
5959
265
7627
5061
3776
1617
6463
410
2807
7266
7341
7749
2348
3079
7772
850
1907
884
92
8366
7969
52
8738
5211
3669
6995
7506
7722
1965
4482
4684
6493
4362
3314
5809
2963
7739
484
3973
1644
1848
1082
7081
3011
5412
804
4637
3991
1494
336
2912
6201
2746
16
5699
3614
3354
2323
8617
1869
8726
5831
7061
4628
2422
2279
319
3825
5052
3573
1372
2067
1421
1258
5134
6374
3859
4133
7781
3421
8387
7921
4518
6322
6126
6741
1311
585
402
8744
6763
3499
1217
3942
4478
1776
5801
3932
4382
6089
4213
2074
5441
4136
5502
2083
316
8684
829
8462
5025
6704
4005
6370
4990
5885
6173
8623
3150
2442
853
2802
347
3334
7616
3018
1276
7545
5126
4277
6733
6775
95
3966
7123
6818
6119
885
1160
6503
2727
3892
4475
8457
5370
4570
1477
6497
3367
8526
8145
8456
238
3574
8255
8072
8108
1793
6091
6469
6461
406
5209
2827
3851
6241
1071
7875
5418
8386
3236
569
6357
4854
5233
904
2238
4936
6872
7238
6220
8357
4097
4457
6943
4070
5253
172
5054
553
2738
8270
8260
6819
3631
6653
5680
1038
7377
5475
398
124
3632
8032
3971
4113
107
481
7523
8392
5789
2824
2621
7518
2079
6766
4753
6371
3785
5631
6680
7632
8332
2967
1704
6901
7322
6424
1414
7592
1742
2374
2214
8336
8073
631
1172
6873
549
734
7661
5153
1892
1889
2273
1898
1583
8066
940
6776
2938
3548
1480
5127
7582
5663
8655
7008
2089
8588
252
4593
7692
5730
1245
2028
3385
5241
8615
3276
5794
533
8053
2519
697
7777
4183
1773
7314
309
8567
4968
1930
1114
337
5062
7326
4114
4547
3811
6196
2914
363
7898
6425
3850
4284
4023
2958
8111
1591
2402
5392
1764
424
353
1302
8415
6624
3830
1872
2726
7344
2075
3462
4035
1770
7251
7925
1673
4181
6488
4533
7
266
7107
8519
6238
2122
6219
1695
2521
4031
7879
1997
2276
7276
2871
485
1305
4412
6204
2004
27
6034
521
5103
7987
7116
4335
8754
3160
2258
5898
6070
8192
3839
133
4511
4251
2760
3585
1925
1888
4673
28
1746
791
3000
430
6485
1126
7228
6347
5098
3981
7274
8244
5038
8573
6655
1423
3015
5213
4977
8606
598
8054
3247
1056
470
7994
6544
4765
2441
161
2508
5510
5429
8739
8187
5255
1691
3275
6531
513
498
1070
6242
1963
6530
4128
8253
2212
3950
5892
3259
7185
7164
1235
4855
2651
6617
5357
1600
821
6993
6526
7860
416
4137
5065
5356
4712
7970
4437
3748
1974
3457
6419
3110
5152
8560
3987
7818
4186
254
1144
3654
8731
883
6203
3295
7043
1124
5872
699
229
2450
7258
3365
7721
7298
3205
242
3039
2396
4728
3214
4477
5681
2187
4350
5023
6115
3907
7405
5717
7669
4006
1755
6918
2974
8533
2228
8508
6263
5181
1259
1502
7140
7543
3616
6280
657
6809
5389
4103
5382
3158
2292
4538
2135
1057
2376
7731
7013
7732
8432
766
3246
5732
4220
4237
8219
5994
6757
1428
7854
2783
2877
3967
1714
7547
1712
2270
1369
2828
5020
7916
4797
1078
3379
2571
6404
6635
7546
7535
1132
4158
7113
7534
4214
6604
2927
7754
7628
7408
2680
5854
195
7500
1813
3281
232
2265
7658
394
1389
1979
2821
7664
6980
2497
2137
1068
3424
6293
3626
4400
5873
8236
6871
5366
3473
208
2850
4823
7375
4170
3292
6926
2624
5750
179
5630
7882
2178
6632
4779
5479
1823
5034
5369
5545
4699
3245
3186
5741
2199
7930
3023
5275
4722
8544
3022
1205
6974
5739
293
5315
6033
7399
1355
6748
872
7007
5517
4010
4443
2607
2662
2285
4242
2955
1936
3773
4865
7303
3963
8428
3322
4020
2560
198
8431
4924
4238
5448
4713
3561
6696
3252
7024
8076
7443
3606
8497
7162
3513
7236
3537
8001
1264
2579
4942
6328
709
7080
3055
3691
748
6231
7965
6956
226
2360
5059
7958
3723
1547
1643
1563
4293
5197
4474
7277
1520
404
8101
2150
220
6057
2973
3945
4261
3417
5452
35
3297
2029
6179
5667
3634
6850
986
6907
4380
6414
1260
1829
846
5179
4255
6739
3173
4393
7361
4656
4061
3373
5082
6289
8704
3595
7795
1533
1380
7697
6259
5905
7413
6085
777
8352
7231
3062
4141
8127
114
4130
3197
6218
2337
1937
7744
7111
8782
2505
5537
1942
6468
2700
2709
3684
4129
6062
2729
7288
3170
860
5554
4090
8020
6054
7169
4750
2192
1415
6564
1847
1579
8099
3341
2720
3192
6036
6360
2204
4951
2696
412
2181
5534
4702
8151
1627
8159
8566
2040
2065
8561
6967
7240
3870
1104
546
5269
2711
1485
701
2107
4280
8554
3288
4550
5026
5460
7641
4316
3865
3726
6183
6372
5185
574
3925
6447
597
4348
6861
8436
962
7755
6273
4770
2597
4424
79
5249
2891
7386
7587
3238
6942
6329
5649
2611
6448
7899
3475
174
2428
1535
98
1075
6049
311
2391
1196
1081
164
1552
170
7906
6369
2287
8098
4850
6823
5868
8351
2274
1404
556
5608
1788
8171
2399
7497
4967
7015
1467
2315
1938
749
199
1877
1343
4173
1009
1697
8749
2713
2433
4803
6946
1571
8547
6820
1860
2803
3797
3813
2304
7147
1919
5162
4676
1466
6959
2188
6412
4741
7226
130
7815
4367
7001
1821
8747
1741
891
4180
2047
3622
2259
4461
4349
2882
1447
8119
4192
5139
2557
7510
7014
2640
7563
8418
1191
7888
3191
5109
2469
3231
4898
6298
2895
1402
6456
284
6339
7382
1073
1359
1831
5024
5826
8140
458
4171
1515
4810
8262
8350
1783
2786
8144
8545
1461
8493
3155
4465
2867
7674
3964
621
225
7355
367
6908
5106
5400
1724
4494
6330
7222
3612
5169
7725
7021
1241
7660
1648
4629
3377
508
1790
3030
7380
8474
5648
7605
7806
1795
4802
8505
3289
4126
6051
4405
5307
1074
4917
6314
5447
5921
6889
4806
5311
6082
3939
5743
5850
247
1706
373
7304
970
7348
6803
3012
4489
7527
6140
5513
1825
5859
2017
5727
4406
4236
7685
8359
5012
8225
6128
3390
1996
3319
4258
7379
8378
723
4884
7975
3331
446
3219
7903
4911
1400
2102
4194
1981
8721
8356
501
8041
4215
6144
3204
439
4557
5721
8235
6326
2506
2714
1405
2525
5443
6309
6278
4012
