7629
6929
1430
6583
3264
6832
556
1377
6239
4122
4746
5222
8353
4515
4550
6647
3834
6984
8441
5337
1448
2985
923
7172
7459
2029
2039
850
6796
5395
6732
3662
5655
4264
6354
2049
4626
3310
4013
6158
305
7057
7209
4710
2143
7650
4416
8504
6623
3033
2812
6575
3263
8683
2979
2082
258
6930
4990
8733
1441
5504
1296
1055
3370
1922
8525
275
1688
6568
4989
201
295
6621
8589
5014
7112
7269
2452
4042
7252
3086
1683
7076
6142
7458
5965
8498
1528
4303
2808
4271
5537
4829
581
2435
7628
1501
220
2640
5746
4832
4465
7365
1820
6767
6393
3521
6770
1805
2364
3569
3474
6179
6268
6631
4150
2666
7429
3868
5993
7896
4937
5549
7938
5896
2710
6900
6327
4397
6814
1621
7490
8425
838
2669
861
3611
1898
3197
8203
8330
3254
5526
3359
3206
7466
6447
3789
5295
3505
205
6877
116
780
5179
8411
3854
5865
2978
5893
3908
3309
1506
4032
8580
3164
4555
399
5424
7899
8247
7408
3234
1324
8701
8300
482
1674
7367
4328
7160
8149
1701
7906
1750
1478
6959
8057
8333
3003
980
2395
2442
1717
7380
761
7702
2922
2448
4379
5198
6270
681
5761
3674
836
8182
4277
1299
6950
4720
3603
5450
3736
6408
284
503
2024
3559
2385
8500
4707
5601
3307
4610
7289
8221
3635
3021
2007
3614
288
1105
3137
5769
3596
2467
7816
7171
2123
5350
7126
1807
4
2206
8162
5004
1354
5105
6798
4170
74
7307
899
7952
5112
5757
990
4049
4789
6668
4005
1109
3020
1890
2285
1775
6375
7009
2535
5233
387
1410
2377
5830
2433
4805
6249
7672
5500
6135
6711
6008
455
274
1120
4104
7575
169
7652
3553
5997
6122
6979
6205
6295
1672
2510
7926
1758
6385
743
2488
7030
6275
3335
70
6071
3268
8565
5042
41
1073
3761
2630
5891
844
7398
4750
2980
297
8783
4983
6330
1446
2866
7582
5784
7044
5108
7554
3166
5210
4969
3
658
3460
3143
6490
5244
2847
3808
2391
1985
5284
4322
6120
6104
2783
6307
2167
4304
1846
1201
108
1708
2060
2457
4814
3727
7946
13
7317
7667
3652
4492
6317
442
8126
5400
5235
8307
5570
5883
893
2691
2748
3586
5851
5880
760
2171
1198
575
7809
3729
5522
293
2859
736
6211
704
8552
3852
5627
2
1791
6392
304
2828
7927
1482
6114
1186
5015
527
518
6854
6599
2993
7127
2447
5606
2399
1126
5487
3840
2128
1887
7000
2027
4294
4892
6485
5195
4813
8032
4895
6086
4410
620
4039
3384
3385
3077
8190
7760
911
5977
5835
7520
1275
8071
3869
8668
1069
3132
6537
8775
5001
3558
6508
3363
8752
3726
3036
8272
1622
4043
1902
1222
2334
2540
4988
7059
7326
5355
6859
6192
4897
558
3757
8474
6906
2850
1597
6901
8562
2684
7900
6489
3691
3725
4914
8227
1684
2341
1021
995
1246
3222
1596
144
2398
991
3649
2773
421
5624
3976
6910
951
6107
6528
7247
4036
606
4931
4519
1787
6482
1061
6601
8223
161
3372
3907
1867
7290
6048
7828
99
3085
6555
4061
4656
1993
7539
4770
5938
7685
63
5705
5901
5657
3320
332
6865
8056
1671
5499
7107
8401
2654
6206
3755
1579
2473
2611
6181
1203
8454
2605
8208
7442
7205
2166
3291
3486
2137
2214
6145
4204
6573
6953
833
4252
6258
1587
5801
6892
4943
4507
2185
8763
1532
6676
1908
5898
8263
215
6856
8148
3983
6024
6675
965
6530
1487
5273
6269
2592
8183
1835
8339
8360
4012
8434
2874
2680
1082
3539
5378
1151
6134
1089
2292
112
2051
7597
8132
443
8029
4052
5775
5323
717
7683
3640
8082
5872
1320
8620
4638
1567
4992
6729
4501
4065
3287
4545
970
4059
1451
5095
17
483
2340
7430
3920
1625
6936
8678
1678
6866
982
4706
1721
4221
6156
6046
5372
1043
7417
3940
6656
5159
584
535
4845
8172
8062
4811
316
8543
7671
542
8039
6561
4089
4151
4260
7815
4198
1083
3237
6347
6764
5942
6183
7051
8394
4092
2232
3028
5224
1279
4048
7516
8329
3011
1869
3632
7271
4596
1524
6831
5155
4584
3283
1586
2231
8265
6981
1138
8531
4958
5806
586
1581
7728
3226
327
7188
7052
677
1725
3805
5475
546
5037
2164
1818
8422
2116
3088
7978
7111
6896
4038
3605
5937
8049
3829
1494
3957
1956
3968
4479
8644
8217
4936
3378
498
5750
39
4876
1285
3367
5379
4112
2124
3243
4777
7905
7793
638
5217
1706
3447
3274
3233
6059
4691
7584
6598
4481
6109
3061
3342
5969
6453
5262
2045
6532
1420
6398
3855
4886
8283
444
5414
1526
3990
6624
1369
8611
772
6661
2242
8624
5690
5568
114
7134
5809
7957
3801
6844
89
1936
7777
6744
2639
6422
6541
4475
5569
1306
3256
306
3850
1564
7529
6525
5796
7708
1857
987
8551
2112
7999
4661
8295
2807
8091
6963
3686
1207
794
985
3668
8706
8522
6470
2947
3386
484
2483
6705
8420
853
469
3669
5257
6031
3704
3005
3053
343
7452
5839
6862
7951
7776
102
1403
6073
6512
2315
7387
4759
2820
7717
1854
7158
6579
7133
176
6578
4698
2573
3874
5456
5430
167
4924
4292
7274
4030
653
7655
6707
950
2373
1380
2157
5277
1070
6782
3267
1668
3809
5225
6494
3994
5072
6214
6365
2196
748
6070
8782
1422
4297
5586
2174
5501
3807
8697
4016
940
7147
5051
2929
1401
4619
7607
3452
4441
6138
2606
5786
2353
4015
694
2195
5252
7394
4299
8066
5519
8654
393
1578
2376
6797
1744
8759
6302
2059
572
1654
7579
6657
3225
6804
7070
1696
928
6418
4799
43
2305
4040
2536
2931
7994
4522
6355
6064
4826
8373
8616
5665
315
2314
4456
1433
6362
1223
3636
6226
3026
8703
5520
2841
5490
1165
2797
5515
8516
4239
2072
6099
5674
3788
495
7989
7361
538
1698
3050
3753
6917
1
2952
4003
194
4827
1974
445
3943
4281
8275
5488
2556
2880
6091
6867
2403
7393
3358
7324
1286
821
1359
3025
2094
5030
8788
726
1915
7736
6838
4951
8534
129
2063
126
5188
7923
5065
825
8585
6602
4902
1635
5615
3391
3349
4925
5288
46
5703
2733
1479
136
5220
7768
5326
6696
6493
4803
1605
2641
249
4646
7143
8554
4374
8341
2131
739
525
6663
5338
4986
4835
5848
2250
1801
165
2301
4004
8428
1331
8305
5646
6100
7069
2677
7586
3548
150
7118
3639
2563
4804
5710
6792
7241
265
7439
4870
8541
342
141
7019
6402
6340
1873
6241
1266
3093
5423
3963
6178
6669
6404
7658
5934
6731
7819
3941
3730
1363
2211
8430
1831
5484
5328
5990
2514
2427
8470
7572
2746
170
5496
2737
8717
4423
8637
6067
8408
1872
2494
2173
1599
5723
8044
4600
7355
7219
1976
2138
5171
3497
3568
2313
6197
7880
1930
6228
5335
426
4027
4884
1225
4157
6074
1079
6334
1519
6116
3896
4850
8206
2245
5083
834
5362
2778
7422
2085
8545
3425
4540
643
2814
5336
4910
7954
3787
6023
7449
8213
804
3280
1861
8582
6160
1685
409
2815
2322
3040
3981
2702
1370
3690
5670
1432
7836
7132
3097
809
843
2607
8530
8743
2903
1610
1471
2104
6256
7254
163
1050
3934
8461
351
6315
1390
4102
3514
3967
1910
1999
3362
359
894
320
8484
1574
3687
3582
1142
3703
1308
6516
2944
8508
4763
3520
5532
1619
8059
2226
7288
6348
2122
5622
2787
8257
2048
8031
6168
187
2608
2187
6913
8036
845
2758
6
5228
6384
593
3661
2036
2543
8224
6423
224
2449
454
656
5080
6523
5275
6037
432
7011
5985
4208
8596
7320
4668
4806
6883
5540
8311
6221
7015
880
588
3029
3818
8492
7772
2033
4380
3861
2834
5563
5269
4307
1122
6325
8109
4853
7847
248
1458
8135
5076
4991
5859
2018
6505
6834
8290
6035
4006
3473
4254
8253
8309
3153
5552
182
5607
758
3814
1842
2133
4320
999
1058
6742
7782
7711
6550
8298
3246
6815
6643
519
3229
3076
1917
1959
2370
61
7606
1779
3356
2588
841
6806
7043
1205
4881
2830
4631
8030
4828
7739
8299
2522
4165
2886
5075
7712
784
2531
414
4434
8279
655
957
5439
1463
2333
876
4105
5124
6464
8003
4911
8501
7195
1118
3579
2633
697
2327
7259
5452
7177
8780
862
6566
5920
2080
5319
1472
637
6899
837
7018
1768
4788
7338
8016
3487
3230
1498
7742
7063
4216
6412
8684
2731
4780
3914
2650
676
2065
225
8273
5777
3080
4323
2392
709
6060
2349
4903
7996
2706
7930
7294
2329
3031
2307
4447
4749
1972
4932
1642
4848
5805
4976
4667
977
29
4890
4554
5074
1689
7966
2480
6923
3194
5667
7502
8151
7824
1687
430
1208
6594
7713
8631
7313
587
3609
8462
7976
1664
943
2957
8735
8174
3489
7699
5970
5768
1864
1759
60
2268
2181
4086
5790
6058
2261
1719
1655
7785
4882
5639
746
8344
7503
4548
8123
2326
686
5174
3215
4801
4096
594
5211
434
10
3149
1080
1087
7045
7720
7596
7334
3672
7446
6754
3830
3490
4639
6803
6084
8129
1462
1996
7832
7159
2726
6570
4712
765
1916
8099
4928
8673
6321
6703
818
8069
994
8391
3334
2360
2956
805
1629
8630
3176
2002
6167
1866
5126
8202
5649
259
6666
7781
5576
6324
427
3768
6515
7302
217
7138
1453
6263
701
8102
3284
3333
3739
6140
3032
5815
6499
6649
8280
1473
3411
6567
7641
959
7176
2069
2296
6112
3232
2152
2876
7239
4657
4480
8712
981
5097
5445
8052
5902
8588
449
1155
7955
1343
5055
4311
2484
4800
88
7097
5427
5115
4532
5301
1131
8570
5625
7197
8652
5793
4180
8267
7855
7450
1231
5935
3311
6133
7599
6177
340
621
6339
6170
6850
7181
4002
2572
3541
2781
8621
5642
6642
6686
4963
6517
7079
502
2811
1457
6078
4625
5032
5926
5953
5654
8667
4653
3071
6506
6056
3275
6757
3656
3336
6956
3921
130
8610
625
2476
2891
7941
2505
5972
3469
7813
1351
5868
2207
753
3429
6284
5120
5781
5911
2740
7953
3804
286
6698
7676
8726
7694
8094
2541
372
1234
3848
2278
4514
2426
4771
5583
3598
4152
7561
6670
730
7878
2550
5685
1755
6576
5637
3974
869
7382
4774
7411
5156
2436
7390
4880
6429
5752
7933
5973
4025
3058
1158
5313
8209
1765
6077
7910
2652
8322
2118
2528
8511
1982
8760
4404
3428
1051
3369
5844
4953
314
230
7626
5725
3822
2991
4824
7424
7681
6136
8745
3461
2109
8158
7196
1892
3282
3766
7895
4516
2012
4309
3744
7089
7286
7470
4249
6184
5554
4660
4214
156
3151
7451
3839
3041
7524
3588
2350
7433
6234
561
4231
1269
6975
5982
2127
5974
4860
7766
2961
4068
8286
6456
716
932
7091
8559
4985
521
7659
7806
5511
3390
3200
20
93
5643
7919
6927
6055
2253
6479
2146
1309
4994
7330
1429
4355
5958
3152
2705
4783
4131
5687
8354
6839
7468
6658
5403
8229
1955
2796
2461
8431
5006
2319
2906
5148
2688
2557
3778
8179
8575
7081
3012
4168
5933
2904
7802
7136
2475
1194
4070
6189
1038
3961
3052
6219
629
729
8215
6119
4873
4268
2575
8476
5900
2430
5011
5270
2567
2751
6278
6391
3300
3304
3169
785
2649
7747
3878
6019
4696
4874
5363
1340
8544
6105
5318
2228
4072
7488
123
3068
1265
7211
7580
4472
4257
3720
4962
3459
1546
8063
1511
7471
2883
792
2692
852
6357
3570
8605
8514
2084
7027
3389
6816
7979
1647
7475
8477
2369
4778
1641
7306
221
5971
4211
1523
4336
6584
3629
4898
8432
6949
925
5158
7725
4212
998
4715
3999
6618
2338
53
7248
4375
6962
7276
1742
4386
7581
6805
8413
1516
7863
797
668
4523
252
3712
8291
7165
7706
2501
5940
571
2096
6240
7508
6955
992
2697
7193
6277
207
2958
7645
5651
7630
3102
111
1483
6492
7341
8152
2003
5602
1809
7455
8211
2625
5688
2939
1273
2239
6644
6346
3812
4683
7663
5446
1715
7965
8301
1282
7377
3945
1771
216
2928
2837
7791
6458
6747
5136
1856
863
6236
1466
7997
4562
1964
4023
4145
1303
8480
8144
8088
8038
6445
4531
2275
1424
2775
4114
5421
103
2905
6426
7058
5837
2162
5239
589
353
4959
4308
2277
2954
4688
604
3638
8375
3239
3616
3871
4792
3265
5122
7356
8617
7805
5686
6756
489
7157
2912
3572
5652
6886
1966
2565
2200
1652
1569
1613
2061
5214
5364
1135
4381
3841
2558
1167
2685
7545
1391
7312
1399
4608
4920
4368
2388
5163
6097
7025
473
2254
2759
4857
1353
4769
6446
3241
5676
7068
8765
8660
7212
7190
2700
246
5274
4497
6880
7774
283
4766
5361
3261
6061
7189
4716
767
8196
1248
3144
7804
5130
1172
7370
1383
8381
5913
3717
2913
1078
1384
2028
4896
5720
2845
7697
2923
7093
7695
7969
2057
348
8607
6415
2743
887
3895
2153
5644
5237
8699
6251
3235
7419
5803
1718
6032
2041
2803
1723
8564
8704
1423
8707
3002
7864
632
7675
107
6911
3078
2020
8168
706
781
3422
6450
5715
4802
6154
5658
2910
6261
8764
8277
2817
151
87
6960
2328
6727
2887
2302
139
4654
6380
4776
3675
448
4431
7922
5168
3891
8155
4237
8612
4020
8068
2216
8365
6940
8017
7840
1924
3905
1241
1813
1023
2930
6045
1734
4954
6401
4858
2675
5033
3065
1675
8218
3379
5090
580
2472
6452
6439
2265
6786
2786
690
7037
2366
3528
7943
4528
5071
8557
481
3111
2508
1792
6190
6245
4939
1112
2263
7273
4663
3932
3126
5908
3637
1088
8092
7647
6193
6609
6533
5748
5740
5585
2139
7202
3765
268
5853
733
6224
795
3688
528
1468
548
2825
7600
1945
8015
3827
1097
7150
6627
115
6843
1094
1104
8702
4011
119
8753
947
7653
3619
3918
5565
4351
4051
4339
4346
569
1531
6113
168
4493
7722
7487
6991
7618
1164
8473
8064
4569
7662
7513
8192
3001
8118
8124
7155
86
5887
5845
6132
487
6130
903
3035
8548
4566
579
5557
4258
3846
1503
6430
921
5656
3120
5018
7460
2431
7272
2989
80
1839
2295
8214
236
8225
5433
3922
7715
1882
5236
6248
2418
2770
1572
6983
391
6007
7494
6610
3260
7218
2332
1042
2998
3371
7511
2763
2168
3898
2868
8776
2977
2076
5357
1013
7345
1941
3617
437
8304
3496
1973
8542
4900
6593
4587
6774
5200
2915
7226
3419
5918
3860
5351
7314
6358
8013
2489
2347
4128
7187
6905
2342
4182
1227
4694
6507
1762
4425
6165
7404
3771
6654
113
1840
7139
6986
1952
541
8447
5632
104
8293
5306
431
3516
6366
7431
4839
1157
1382
6730
8438
5979
8166
1250
7944
8335
2842
307
3522
7921
1434
1389
7915
3453
1670
8694
948
1144
457
3467
1841
4113
1153
2782
2141
2569
395
5598
38
7765
3064
7080
1284
4445
3499
2728
6486
766
475
662
8563
1476
5413
2678
4166
5718
2160
4236
8228
1271
3653
7445
6604
8723
741
1878
5698
5846
3366
4200
5795
6247
5749
2479
4642
900
8696
1436
1795
4489
5485
4633
2189
8160
6785
8143
7688
6738
8521
2637
1092
6581
1576
5498
5219
4437
7691
5036
618
4276
1541
3706
3224
5063
90
8417
4417
5890
2229
6680
1139
6847
276
5175
8240
5358
4218
8187
4082
440
2330
5734
974
6021
7990
3251
8033
2560
4620
3485
9
6394
8297
3664
8460
1611
3158
71
3549
858
3131
5668
1180
5825
7493
4981
3073
3472
1681
3870
5035
8586
7980
7936
4705
1355
1737
1896
2537
4570
5134
5483
3319
8313
7061
6311
1235
723
3449
8260
3566
7557
4713
924
1745
1548
5405
5879
4225
2264
8769
7651
3108
7960
941
1520
6250
7426
3557
3732
3775
1215
1677
6009
5106
1190
7660
3448
7094
7754
1948
6272
210
447
3650
7440
91
6556
7949
5332
6352
886
439
8639
713
2462
3560
5978
5550
4314
8054
85
1345
67
7849
7016
901
2879
294
3047
329
5680
8326
2339
4093
166
8009
4738
7538
4717
1970
3302
4725
238
3925
493
7917
6188
8251
2938
4095
4917
1177
1504
5135
2428
5113
8561
8321
3312
7610
7040
5180
8037
5600
2853
4262
3154
5348
7931
3295
8494
2736
3481
5381
4396
6150
1301
3495
8538
8412
7885
3227
8489
3018
7826
684
5212
6410
4930
1001
7823
2908
635
7198
7004
612
3972
4485
4202
3022
5533
4500
2081
2343
8287
2942
8614
1747
2097
8338
6890
3244
2073
2469
6928
1713
1832
4797
1536
2083
1940
8080
7841
4373
5716
1319
6383
3165
6273
1897
2679
420
8207
2006
7237
7588
6232
5513
222
8626
3858
4164
595
7507
7988
4498
5596
8000
6596
7987
8695
5111
6858
1598
3901
1081
4488
7865
8690
7769
4867
5047
6331
1183
4899
56
1728
7656
6103
4457
8246
3466
3146
4034
4595
2997
879
8676
7001
4359
2599
4091
2374
6672
5422
6916
5023
6946
4300
3892
2014
583
2753
6294
6726
636
5227
4966
6092
5059
4478
4078
6047
3956
5040
3824
6879
5078
1942
7054
7304
6553
3902
174
4069
6196
4076
5986
6050
4031
2554
7333
1547
1005
570
6637
966
888
1923
8170
2345
3060
1938
3684
2412
5713
1957
7003
832
3394
3867
269
181
5892
4079
6619
6841
2000
7734
6952
8396
2529
5754
6919
2031
6243
8414
7084
2244
8370
354
1254
312
5682
8666
4132
3745
2434
2694
6096
3978
8577
1413
7399
2676
6650
3780
6457
7874
164
7914
4946
2718
1148
8117
4664
7098
5955
634
2586
7235
1500
1695
6957
4468
1595
6777
7612
5377
7707
2785
7075
6359
8368
3646
7327
308
6632
7315
3355
2926
2387
3000
5428
6857
6465
2752
7977
1860
2325
5272
7916
557
1811
7616
4913
6356
5821
3393
1379
8426
8635
2491
1962
917
7180
5359
2716
7498
6822
768
2948
1020
601
3526
1731
5054
7837
7379
3475
7184
8141
1274
5783
6820
4382
2636
810
4941
692
5799
5425
8599
36
241
3748
2981
2925
7879
5736
7799
8382
5524
1600
5324
5316
1722
5794
6562
8012
422
8518
6935
5202
5077
3876
8664
5289
3477
2178
6945
6174
7958
4904
6491
5628
8576
3502
5094
5447
7299
578
8727
8789
6714
929
1606
6379
5079
8688
7995
3508
3752
7638
5264
5386
4094
6504
5960
8346
1965
428
874
6682
4637
6781
1797
6018
6840
2421
8389
7087
4400
5049
6501
466
5010
8468
1490
6244
401
4743
6791
8113
705
4504
3565
1899
8515
3928
7609
1096
7343
1107
2158
687
6651
7983
4972
5589
6702
4009
202
3403
826
8101
5578
2011
937
2532
7908
6937
973
8762
8778
8742
962
7744
7985
4129
3519
8393
2896
4140
5963
544
514
1773
6344
5322
3067
4764
6788
8181
2774
2464
287
4495
1171
4126
3437
2693
2404
7005
1220
3006
4021
4369
2001
2941
1772
7277
8150
7680
5342
755
7928
4156
6871
531
7884
7786
5221
4604
4617
4158
1404
2058
7104
6238
540
4505
6265
460
4391
6743
1656
1554
827
1232
8325
8622
3842
8
7007
5556
6017
8419
8002
6549
4960
7624
2530
7243
2935
8471
5579
2443
8649
778
1336
6697
2008
4517
6201
6837
703
1028
4793
1534
1209
6823
4217
2580
6455
1649
1090
2259
5856
5193
7632
3352
7173
1371
3454
7546
3821
5733
660
654
461
3903
7560
1550
6215
7482
3803
4325
3325
1136
6520
4840
2824
5491
3535
2379
721
1843
2251
7668
4353
6778
6690
4818
8096
3933
4279
1879
930
3910
6349
550
34
8738
3413
7400
6600
3258
2450
7371
3387
3880
8692
3482
6909
8567
1538
1333
8613
137
5230
3797
3290
500
3338
3714
6290
5782
8679
8499
6082
7504
7178
3083
4582
3220
5258
4697
6994
3488
3996
742
1133
5699
3124
3471
7748
2222
490
18
740
3063
2902
8340
5311
4063
4125
6337
2300
1063
302
8243
2738
6745
6580
3180
6700
2466
7891
1314
691
5053
8241
680
4798
1114
2401
4213
7920
4518
8502
6382
5464
4245
1150
3776
1995
3375
744
5506
3673
5238
2486
4592
8513
891
2799
7174
4565
4615
6341
8018
3062
4361
2411
404
2140
4573
3406
3163
3182
2090
920
8547
8085
7023
642
6740
8237
2813
2615
3442
373
4046
4147
6044
4424
3835
5737
1776
2335
4324
6577
2809
7354
3249
8669
3177
2005
6827
979
762
2496
4411
783
6225
4918
5073
5948
3678
1461
3622
6589
3785
81
8558
239
3118
1212
6396
4616
2390
5778
2788
296
1374
2604
6152
6161
3683
4590
3971
6195
6685
2103
8242
7648
4655
7808
8532
5832
3838
5722
8487
3017
4908
7305
3343
4624
3667
6574
1240
2495
5173
1084
2525
1099
8047
1562
6529
4872
211
2304
1583
5343
4270
7784
8729
6802
1676
5983
4603
3779
8481
1868
1542
2849
6043
2882
8698
6459
6449
1290
8244
1349
3420
8274
4287
8708
8579
7374
3070
4056
7912
3139
7875
195
2765
6203
1216
8163
5477
1510
6591
4670
2062
3710
5314
942
4321
1585
4795
5141
2193
5293
6448
3845
7783
3427
7432
3374
6390
6440
2151
807
813
3833
6988
7991
2816
978
441
7893
6089
842
1743
5344
3843
5648
5064
1098
1616
2518
8245
3746
6146
798
1447
4370
3747
8154
8739
2714
8278
8051
1442
789
8198
6765
4538
1847
3810
1217
4536
7852
1276
2704
7552
7693
6474
8238
5726
533
8444
326
3595
1123
4967
7530
6306
5544
2916
6051
357
4487
4117
3685
2047
3377
6640
1119
1720
908
3986
7642
1381
6289
6701
4243
7086
5473
856
524
3859
7088
7925
311
2013
8773
4084
5756
7481
5067
6000
2777
3299
1804
3511
6758
2974
4934
1242
926
7639
6527
7640
7730
1218
3533
774
3339
3930
6411
5838
6301
6230
5038
5457
3091
6688
5165
3462
3782
7217
1904
366
829
2040
2519
5290
7762
1628
8527
5717
3207
7255
847
4143
4952
7755
7362
480
4405
48
6972
5117
8402
2826
3195
6853
2698
1639
4635
2962
1161
3742
2415
1141
3368
7635
3911
952
408
770
3942
4246
6846
5315
8121
3574
8505
5895
4833
1557
6648
6308
6376
693
1307
4371
7227
3759
600
6207
77
1339
1673
3916
4782
1350
7418
6699
3500
7108
6233
1726
4127
499
5823
2855
7887
7291
2359
6746
5103
5478
3883
75
2707
2130
5538
4761
6557
2862
162
3279
5029
6628
4775
178
5102
7129
8390
6894
7817
1204
4984
214
4261
334
3543
5695
3784
507
5766
1558
3949
7110
6155
6267
2846
5409
4940
5392
5930
1593
8595
3255
5066
4071
4919
5771
5191
7764
5553
6800
5626
7425
4947
8446
7026
2742
3927
3324
7046
4739
2432
2982
2772
6467
3250
6665
5505
2994
7701
7973
5142
1027
1102
8086
7602
6085
5480
8372
7414
2754
1160
8380
3293
657
2673
2764
213
5226
5151
7904
5373
5731
2144
6036
757
7010
4730
5546
6483
4672
875
4549
3923
1173
5987
7872
8503
3069
2854
2126
8014
7761
5866
1006
8306
8262
7534
4820
3529
6254
1000
8436
5276
3695
5732
5810
5398
1328
405
5297
5461
5128
5467
3484
2481
1686
8147
1919
4171
6259
6807
95
2621
5681
2795
3401
7780
6281
1659
939
816
2317
6220
4163
8767
8079
4553
3096
2409
5137
8781
8685
8636
4685
6544
300
5728
344
5741
7846
1127
7689
7657
7479
2238
5773
3205
2092
3816
285
3581
4408
1393
7204
0
4632
3602
3774
3885
5380
3604
6587
7130
4443
4272
5443
5613
6689
1933
4470
6717
7038
2159
7810
5962
313
6144
3906
3458
1665
1692
6209
4356
983
5345
8317
1563
7848
8075
4474
532
8161
5701
3958
4415
6753
328
94
2220
417
6292
142
7121
812
892
97
5620
7200
6049
1495
4265
1530
2233
2687
510
7661
2839
7478
2009
8643
5368
5002
7611
1525
5957
3592
7756
2284
3392
4564
3308
7803
4121
3853
418
2054
7467
1738
379
4219
3770
4058
1106
2077
8020
5119
2516
3550
2177
602
5944
5587
5916
3708
3157
1556
7998
5209
4579
8349
6343
4486
341
378
1608
7042
6093
4491
504
2375
171
477
2644
2613
2561
8777
321
3547
4406
5299
8114
2724
1497
231
5521
6941
902
1853
7435
3159
7336
4181
6885
472
4677
7948
6320
2990
218
592
6020
1297
2544
237
8197
4018
6012
6613
7328
6826
5529
435
5689
2884
1644
4973
5260
1573
2750
5764
5085
5547
763
7861
7348
5666
2539
322
5046
1697
8653
3135
4073
2446
3480
1822
6442
6976
6157
1435
715
3464
1748
7684
8415
8369
5675
7280
7759
4444
8371
5575
6223
7496
8177
2619
2898
1418
6480
4345
2252
993
7090
292
1927
3886
4526
398
242
4366
4191
4703
8254
8377
392
2885
4296
6478
15
7231
4644
7591
8406
8424
7814
