1702
7258
585
647
6764
4784
2895
5337
964
5279
5843
5292
1902
8347
4137
1785
2652
6036
2190
4865
8047
2382
4491
6488
8173
1096
8342
8461
4959
4701
8294
2732
3376
7734
5648
7000
3988
1394
8145
444
8547
6941
5599
380
3950
4896
7382
2723
4771
266
4817
4721
4661
418
8162
7717
246
5034
2900
394
47
5519
4498
7402
5459
8480
3792
7409
5637
8418
1389
4500
8700
8451
8429
4338
7665
1080
6664
8561
6335
8214
3157
5207
7622
5703
5056
3295
1873
5610
8008
3656
1594
4512
8549
7637
102
8531
5475
1131
1120
5247
7021
2528
2591
8200
8448
641
832
5440
129
3271
4218
7718
8601
1885
7015
5383
4586
7152
6348
5188
7527
1392
5810
5353
2948
8035
7453
2555
3591
8149
4022
7194
6388
6496
969
406
3914
320
4441
1213
161
3501
7851
2234
8323
4565
3941
6400
1216
39
7899
4735
2545
6267
6294
1620
300
6152
156
2679
4285
2348
8548
1548
5584
800
7416
3974
4720
4885
4741
746
2458
3305
5933
4686
7568
7111
1837
3163
4704
3939
4640
6389
790
5063
1052
7603
445
4037
5296
637
6702
4574
4260
6161
2357
8352
4878
525
880
8584
6227
7251
5313
6669
1949
1830
5833
1537
988
7104
975
3799
2821
302
176
1178
495
2997
7935
3489
4977
648
2512
3360
2431
4831
7448
51
2288
28
3167
1337
7257
7938
2678
5314
6136
5425
816
519
4752
5132
7316
3772
8229
5928
8112
143
2381
3690
3970
2684
633
3490
8660
671
5080
8663
2669
5565
4677
7266
7028
3575
2370
6836
1007
3525
5680
3723
8049
4525
395
3896
3138
8612
2409
7027
8595
1531
1698
1222
589
5594
126
7332
3212
5143
766
3091
1555
2192
6216
367
5422
6285
3997
5700
8754
6179
7627
570
3018
4211
3994
604
1910
3781
3901
6182
5145
2146
7720
3812
8505
7951
5119
7431
5495
1250
4372
4138
330
2492
7642
942
1462
3440
1691
8161
8365
8258
4605
2878
8520
2325
2750
2593
5771
716
4334
1791
1562
8148
6978
7474
5406
8026
4306
403
8310
7221
5020
3902
7231
5694
7591
5498
4886
7103
1522
1103
5404
8782
1843
4724
1980
5851
3297
3853
3660
3383
8539
2838
1025
2464
4562
2857
5763
2608
295
4934
2243
3057
1298
4716
8686
2211
457
8580
8374
1287
3233
4204
5301
434
1667
4696
1874
3250
3802
6095
3643
2412
901
1906
3692
3463
660
3761
3931
7464
3270
1450
3662
1636
994
511
3336
2892
1795
5390
7087
1129
2906
5999
7768
7224
5179
4527
1647
7638
6614
2523
6949
6841
2090
4944
941
5198
8245
8307
4854
6617
1486
7218
8243
2390
4566
7506
472
1738
2426
1798
7299
5281
8220
5747
6715
1920
4333
7355
6487
5306
7187
6092
5748
3259
3517
2392
2640
2334
6268
2004
1187
2144
7920
6686
5295
3003
5203
1264
3649
44
3269
6551
8455
5898
2877
8392
4304
3880
4593
8569
3199
7375
2047
3763
7284
3045
5657
3007
4629
3564
8413
7517
7434
5929
8098
4143
5978
5362
1325
8357
6737
594
6443
7074
3110
3519
469
2746
8054
1514
4734
6333
4591
97
5529
3884
3050
2159
8160
6550
5201
2135
7217
7526
5695
1666
7414
4148
7189
5970
4310
7648
1297
2681
492
4174
7220
1709
2779
8666
2964
615
5217
801
231
595
6872
157
5286
8030
5604
7256
6158
2487
4646
1440
5577
4255
7794
1964
1790
7662
238
5752
5911
6311
73
5837
7167
1998
2152
8169
8373
7054
8726
6624
2346
4099
6028
4051
7980
3266
23
3837
6274
1434
7838
3658
2176
7695
7081
7097
8704
4682
4263
527
7575
3380
5733
1909
4706
2865
8543
5756
3015
5867
7906
3765
18
7340
3184
3650
2521
3141
4979
3467
1366
3842
1810
8301
6779
8422
5559
2436
2672
3708
7457
6619
4777
6950
8673
3331
3055
2763
3066
7389
355
8412
979
8269
3603
3725
8468
1281
4048
8477
825
2773
7618
2000
7975
8508
2784
5473
6586
2896
7292
2978
3425
2553
2228
4639
6282
2638
2666
6044
5155
4337
3805
7408
466
5438
2175
6969
3523
6052
7849
7485
7669
3456
8498
2578
4317
3509
4902
5578
4965
8434
1563
3363
876
172
1171
3062
2465
8388
2834
5885
6791
8386
7826
7832
7354
1934
8558
3851
3868
2451
7931
3849
401
5346
1822
5082
8783
6250
8591
3953
4056
7025
91
2965
6026
4217
2853
392
5678
3926
4625
3404
307
1024
7585
1093
5658
7045
8385
8592
6203
7765
4282
5372
6579
8677
793
6796
8210
5109
2854
6888
4859
3821
7234
4254
1664
1852
3355
6090
3960
3071
6164
2657
6652
5517
138
872
1130
2980
6958
5941
7308
5246
939
8739
1578
493
7722
1616
5683
8259
7200
4127
3098
7694
4246
7903
137
6672
1411
5243
4191
4515
4927
5320
1253
5579
7364
2367
3755
3238
577
1164
8615
4173
2342
2020
7538
4227
5185
3923
8397
5424
6255
54
2856
4855
1001
7834
1142
3182
8504
2710
7328
8433
2280
1364
4911
5681
7440
8383
6833
442
6714
7014
4393
6559
8485
4162
3183
6590
7034
4380
6345
6033
7201
1307
4641
5347
7780
2181
2800
1990
1683
3976
6926
6378
8401
6747
3414
785
6642
6414
1035
1717
5503
4802
188
7738
8610
8459
1210
3175
3528
993
5219
5729
6151
6785
7214
1784
5631
8027
7078
823
207
4470
2780
8128
2947
7869
3446
1714
1924
4651
1939
5420
6634
3047
2169
1922
1361
6460
182
8019
8605
1528
7470
8763
4618
3980
8354
5158
7023
3441
2012
3840
6868
5646
1912
5245
5277
6773
2619
6734
3323
4606
163
4773
4440
4408
2971
2167
5923
3205
718
8439
101
2322
265
5743
505
4827
7179
226
2714
5521
5445
4455
4667
2804
6710
4342
1015
7300
5762
7672
3827
2918
8589
2038
8788
6787
90
5640
1352
6592
3249
4309
7181
5
7480
4459
6017
5178
8698
2935
1269
4178
292
662
4404
1908
393
3999
4175
4278
1353
5429
1879
2319
4129
1826
2265
4357
4023
1310
402
5038
4065
1864
3964
2307
3775
3051
5274
2433
6451
7825
6083
8712
2753
689
7282
8564
4685
7910
8189
4647
6309
5777
2449
8344
3410
1106
8471
167
3940
3760
2726
3610
1288
2843
5894
2198
2864
8071
2317
3731
5027
9
2745
762
5131
5496
4792
640
3778
3448
5361
6591
6500
2850
7660
1760
162
2165
6879
384
4620
5692
1844
554
2287
3705
7842
6609
5922
5206
6131
1679
8721
8378
1441
2289
3132
4447
7969
3716
970
2068
3713
6446
5271
5024
7787
5099
4027
459
6069
114
3971
2790
3251
373
3263
4518
1226
5213
5551
5924
1690
8275
998
929
3774
6575
7829
1340
6225
768
5841
5289
3111
5186
6425
8611
5548
8188
8337
8707
7545
5679
2569
5950
1201
8097
4906
5900
6233
2531
5983
3991
4097
4442
3198
1556
7530
6447
1625
1105
859
5202
8405
4956
5001
3510
1780
5330
5418
1124
5709
5751
2219
6085
2931
8061
1509
4433
4708
8751
4265
7900
4753
3613
5945
4788
1882
2177
6107
528
5474
8579
5532
2815
923
3218
2921
8499
2298
4336
2712
7333
703
8479
7807
1707
462
7552
6219
2611
3298
8158
806
2267
603
7311
8430
4312
8661
6329
732
4588
1205
7628
2662
4224
1957
1177
6842
4212
4082
7559
8133
6567
5124
2063
2923
6620
996
5684
632
1703
6861
4283
967
5655
895
3451
5829
6997
405
6653
831
740
1135
431
3795
8013
2519
940
5397
3241
1223
1470
3170
5200
2607
5325
303
4089
8129
1203
6485
7047
1765
6247
1527
6118
6413
5430
8135
8018
5494
5187
2570
924
6916
3422
769
4765
7812
3665
8586
6957
6780
1127
4223
7839
7433
792
6587
6945
741
6420
6212
4228
4375
626
1438
6716
8055
3789
7629
5126
7129
1151
8187
4209
6749
2907
5122
8165
3294
6917
2653
3481
5419
7730
5137
8699
8436
2236
4982
7330
6806
1742
4645
5349
4573
5939
8100
3230
4074
5555
4539
4435
305
1477
7230
2702
8248
7820
1609
3894
3521
3865
6167
3054
724
1150
1854
1020
3831
7029
3415
2427
5233
1923
555
6632
3200
1814
5576
7365
4954
7636
6416
197
6023
449
8752
5946
3522
6685
5925
8380
2833
2411
4268
6581
2963
8557
3699
7056
5855
279
8031
2441
3012
1272
5127
3254
3004
5105
5025
5482
6502
8058
1054
7290
6159
7109
6792
7577
3937
3206
4688
5036
6699
5615
356
1700
2549
3644
1030
6222
8510
8526
727
7428
2056
8414
5538
8223
299
4463
893
177
5783
6476
7166
1162
3625
3547
2550
8588
3949
105
8643
5016
2852
6089
855
5307
1730
5117
2802
4948
8474
262
7125
3640
1342
3268
8419
100
4530
712
2755
1037
4582
7502
3038
1547
383
3556
3493
4049
6468
1937
5369
3932
2516
4871
5987
902
7442
6449
622
3859
5963
4061
2534
4018
6988
319
221
5693
2432
6596
4163
1458
4577
1464
284
758
4848
7968
5797
8393
7631
6533
1606
4152
6640
6390
7887
4042
107
6712
3273
2601
7859
1326
8602
3311
3354
6155
1867
58
6691
2911
2099
3512
879
7987
7762
3608
4231
1705
5746
6999
4482
3666
1681
8022
3800
3158
353
7797
6471
2153
3022
1994
7321
1445
990
7209
3973
7017
3604
3009
3858
8780
338
5174
8251
4922
8016
6393
1503
1677
7267
3021
3807
408
7279
1905
1268
7055
2946
7039
7112
733
4292
5622
5159
3043
7401
2385
4987
7196
7219
5828
1622
6976
2823
333
7549
6831
1956
4316
5310
1304
6814
5045
700
6494
2128
635
5504
1895
2376
5881
6306
7168
352
6434
3538
6111
3221
4087
7090
2551
619
658
8678
7974
6207
2789
8221
3630
4181
7
1114
501
5727
3304
6953
1147
8390
1009
2450
8489
7283
4813
4608
3436
6450
3555
4301
4068
5057
149
6192
1846
576
3126
4707
3444
7833
1782
5087
2990
5166
8048
8379
4245
52
2253
6794
2973
4240
253
7247
7775
6878
5769
2182
3220
1662
7984
7926
3374
4897
3503
2733
8219
2577
5831
5338
5448
5067
8638
5272
3210
1140
6081
3052
760
2364
8597
6548
7294
6681
1840
1660
646
5172
803
2844
4419
8464
2365
2602
7813
1026
1673
4155
3754
8738
7100
2445
4013
1613
1863
1777
7239
4843
7728
4158
7384
3956
6700
5460
2071
8550
2383
5433
2065
3871
8335
2466
3841
1554
8238
3310
1978
8056
8327
3682
8174
4106
1644
4038
484
89
6711
2352
2454
8718
7071
5084
2752
4176
2772
7050
7058
3637
4764
6822
7466
945
3437
8272
5857
6858
473
899
7036
6014
2537
4194
5085
173
6165
719
297
7674
7203
7973
7671
8403
8036
3619
3925
4537
6741
5333
4995
8023
1167
145
8542
4374
930
835
5350
7770
1442
933
786
6661
6137
734
1992
12
2831
4535
2172
7325
3064
6577
7857
2762
5737
5794
8363
517
8656
8298
7633
1331
745
4680
1763
2366
6718
8348
496
7729
6899
5745
3883
7927
6650
6489
2554
4275
8492
5096
2827
7134
627
7657
2141
6948
8598
3816
1631
3758
2976
7566
6905
2054
3013
1618
368
98
5400
2306
1186
1424
5416
1601
8115
310
1156
6386
3211
7163
170
5376
2274
4236
3651
5428
1056
7574
7595
896
245
85
5368
3695
4420
4912
1536
8444
2200
6684
4341
6493
109
5854
5612
8195
8627
8136
5570
7360
3534
2725
1243
2919
2469
2560
6959
5104
4626
2414
2651
8039
8239
8769
230
1079
1034
5464
2630
4839
4207
2326
5513
5955
7593
4295
7501
1593
4744
106
6355
6995
5147
3562
5993
3934
463
651
446
6140
3036
499
1825
4060
6572
7053
2092
8172
6810
5717
218
4997
6625
5070
8496
6284
7519
7610
7205
8291
7955
7736
3450
6967
93
5224
1793
4239
1842
8633
4142
2680
4553
2045
8106
3179
8646
343
6732
5632
8408
41
1113
1466
5423
8779
7446
7911
3569
8486
735
6497
2221
1324
5331
7795
3856
5767
6518
2596
6209
7790
5135
7749
8360
3320
2031
1546
1468
4300
8132
6713
2160
1954
1632
125
6541
5481
8456
6907
685
3160
4299
5040
772
2501
7755
3589
1995
2981
429
8299
1577
4439
2972
2960
6913
943
1051
4167
1391
3339
3296
1076
5316
6728
3981
5437
482
8785
2801
7994
2246
2527
2017
7287
765
7796
6470
5871
6977
7988
5329
3539
4600
487
905
1002
6358
8077
6191
2685
1602
7295
8325
5979
5998
6562
7845
4286
1981
4330
710
2795
1985
5608
2416
6750
564
2245
2096
677
2312
8001
8154
3704
278
2078
1041
144
4297
3602
636
6498
5116
4774
506
2194
8339
3869
2600
7513
7158
2597
5048
2126
932
7369
3867
3010
7789
2154
4592
6064
4244
439
2511
2138
6827
6415
675
6032
3773
2076
1134
588
1916
4908
8716
1158
5112
4940
4992
7040
8302
2220
6257
5863
7626
5574
8710
3766
8426
3727
6846
186
1004
3372
7677
1412
2628
6296
1370
8012
3120
4347
8476
3518
1022
1262
76
5735
25
5593
5176
5616
6166
252
1487
1642
7929
5088
1219
2636
8665
4549
3646
4043
3701
3168
4806
7771
1242
2476
6655
8730
1433
1492
1230
6875
1586
5102
5839
7947
2968
5114
963
7296
7805
3419
8070
6909
324
4687
5485
3073
4825
294
1362
4414
4371
4302
3321
2048
6648
3244
6694
3968
7099
235
1589
2760
6193
3330
2644
2754
5237
3445
3811
3093
2387
2251
4170
4002
6880
2513
104
5852
5502
5391
3065
3413
8624
8618
1089
5327
2744
6564
1339
32
3920
2696
5071
8391
7831
6765
4377
7041
5019
4394
3375
7004
5668
7799
8462
348
5268
1323
2030
270
4950
2785
4450
1138
5935
5848
1695
2206
4279
4981
7083
4857
2579
4067
815
6552
4519
8211
2452
2894
4810
957
2988
2058
251
2460
6228
4190
5467
3474
7010
6776
4999
7932
2434
597
1890
4980
6981
1368
6019
5865
1335
829
8435
1449
6507
6845
7471
2262
470
8709
672
437
5533
854
1712
986
4958
2410
3638
3844
5189
6954
417
8376
3680
6177
317
3706
1460
4834
3291
5444
7841
83
3462
4510
7271
3989
2730
6088
6662
8511
277
6843
3582
1188
1752
6704
2612
6966
1766
1771
2080
3479
1699
1344
7210
6108
7062
6851
5021
5877
1735
744
7500
6307
8789
1746
5591
3469
8406
3663
1508
1313
1063
2254
5760
6904
7419
5609
798
2355
4432
971
4086
4733
6403
5377
1071
4904
3301
1356
2294
4171
5598
7394
4955
5385
7011
3904
7425
1836
4989
5696
4445
1275
2425
6919
4760
7895
6012
386
8495
4100
1515
4693
1904
5596
543
2742
5304
2989
4160
1720
1062
5544
7847
371
3993
3006
372
8765
7026
4480
1903
1290
6198
2917
3917
5711
6337
4520
4323
7314
2051
6816
1279
2401
6360
4006
4793
596
216
5947
4035
5589
4192
5395
7309
4180
2507
2693
1862
184
1104
908
2808
6673
1505
1315
8760
419
8621
6963
2001
7403
6368
7449
8750
8011
2637
5822
2300
7617
717
610
6723
7095
1274
6641
3312
5218
8206
2373
6915
1493
1711
3809
7866
5997
1575
165
4222
2301
3735
5775
198
8647
4532
6939
5356
4085
5161
6893
4924
4505
5451
4583
8720
448
8606
4875
7238
4298
7421
4630
10
154
6418
8087
5455
938
296
7950
1932
5990
8693
7505
8652
4725
7998
4140
7057
7970
5335
6869
2133
4267
8518
8523
2747
7778
3056
1420
3190
715
7830
5059
8567
5182
4230
4818
8438
4293
6056
6275
3426
845
6312
2824
3520
3729
8073
3788
2015
3769
5858
8767
4990
233
5583
2598
5146
3390
5826
6565
889
26
6936
4033
5994
4124
818
1661
7608
8662
7030
6546
8361
4250
4351
436
4830
7504
3966
5342
6230
8164
6848
335
1072
1512
1576
3208
6317
5022
2088
2634
7141
4131
4205
6051
8213
8010
2248
5050
8775
8044
3430
3614
5590
1263
7070
6832
926
1195
7735
6928
6007
8168
3358
3378
6850
119
1545
3460
7791
894
5193
999
5541
3965
2037
2273
6772
6951
1028
7329
1881
4713
7131
5458
6649
4448
2863
858
4899
6070
8396
2347
8685
4587
6281
8735
2260
4444
2957
1
6440
4799
4017
3341
4541
1850
2698
1510
2839
4047
4533
7606
6426
304
7406
5287
6221
3303
6467
5002
3504
4715
3791
4602
6989
2439
8194
2855
3810
8252
2480
4672
1519
7320
5676
2407
2157
4808
3709
6215
6357
5846
910
985
2913
8682
5527
1360
2587
6263
4966
4967
7541
359
6947
1385
2743
7255
6527
3235
3895
6367
770
2548
5969
2132
6479
5093
2328
3464
5966
6720
1728
4116
66
6343
4709
5530
3707
2388
574
906
7269
6975
1914
8064
6890
4662
2691
7668
1016
2875
8199
7150
281
694
2446
1044
1154
3325
7688
8140
1055
1402
5901
168
2658
381
5075
8695
5561
4559
4249
5799
4483
2571
2323
3491
7080
7731
8731
6077
4737
8198
6168
8159
4456
2315
8247
257
212
369
7721
2975
3768
5098
4571
6264
2130
5216
4276
4589
2263
7415
6962
3391
1704
6045
5802
537
3454
2013
6246
4835
5382
4986
2097
360
539
4738
2462
870
1484
8116
5539
128
736
972
6119
5341
8120
4165
5812
361
3282
2522
2270
2717
6269
6758
2060
704
2687
5903
7478
2728
5868
4234
1249
6886
5006
8316
6237
3318
2766
3911
1010
323
1776
5886
6342
7312
6731
3144
5832
4146
2242
4794
8156
2295
4881
3101
5619
2358
3514
96
892
6084
6462
4572
1410
609
7565
5575
6748
5563
8522
375
1019
6340
4004
4044
666
5801
4867
8493
2338
3178
8632
8528
1347
8240
4766
4789
5587
7049
1170
5139
1221
7346
8375
6004
6955
5790
808
8529
7344
3886
951
1267
7064
7850
3300
3484
4516
7088
1511
237
8770
5761
3187
6379
7353
5407
200
5528
1988
464
7958
7901
133
7368
6472
1792
5405
1109
2999
7953
4850
2504
2029
2909
8281
2282
3027
4135
4819
5260
4869
8449
461
5388
3164
8515
4427
4938
2776
7114
225
3385
5354
232
282
1218
2882
2781
2379
8181
3177
6105
7623
4826
7493
7655
5664
3366
4700
498
8336
3563
5536
6478
5917
667
6753
6877
3929
7835
7105
2109
2891
2967
6992
2572
3870
776
2998
5012
1328
7278
1824
7084
678
6526
787
2488
8296
7130
7723
6066
7933
4599
4563
7161
4863
5573
4081
1294
6782
7048
5183
7127
6186
6128
2292
4326
8233
3032
5537
3822
2982
6412
4331
4436
7943
5620
1475
4358
4073
3918
7199
6539
2903
7315
351
6454
3338
8463
4382
5909
5524
2034
3423
2002
1200
2378
3260
3560
4893
7293
2568
8648
1936
2467
3927
3726
7016
2371
3107
7584
944
3207
4481
8144
390
4668
350
4575
4307
1971
7708
5402
471
7244
286
5754
4622
4352
4050
2100
1341
1674
7600
8305
4438
2939
4370
7802
7570
8736
1633
6422
4970
6015
243
6970
1823
7756
7148
2721
782
3767
7560
5766
6458
5953
3476
1068
4156
2473
1345
7006
4210
868
3978
8153
7326
1668
7003
2958
2722
5938
1857
6921
2837
5431
6427
3622
7569
3757
2479
3678
7701
249
4386
3833
2955
6181
4407
5123
1314
4273
2756
7854
2400
2023
3793
3119
931
3083
8290
4119
7916
5462
599
3700
293
6199
2428
4266
4193
8483
416
263
3059
6031
3452
7240
1046
515
2170
8587
5461
7808
7272
2810
3922
1726
2186
2806
1141
4015
5671
2008
3044
8596
1053
5118
4001
7511
639
6040
573
8713
1228
3565
298
5585
6061
175
4972
1423
6781
2324
7463
2026
2006
4103
6173
5154
7496
3172
4031
642
2951
2700
2841
5531
3361
1049
4364
5408
2788
3122
7875
1975
2599
5560
4781
2070
8645
4920
340
8256
1060
691
2979
6866
1574
453
3097
7162
5044
8431
8096
6302
5518
7896
6679
2954
3836
3257
5582
6144
847
6761
5261
311
2594
5588
764
0
3174
2510
1488
3424
663
5379
7621
1722
680
2035
4110
1794
7912
8757
7681
8454
686
5345
4898
2121
3412
5171
2061
6319
2749
3732
7976
5173
3906
562
864
3265
8525
8105
3787
3616
7102
2377
135
7155
6725
4742
5787
6516
3389
4644
2902
891
1737
4354
1000
4689
152
5168
6499
8381
4669
7345
8761
5483
3478
1520
7782
6067
3724
8051
7590
4994
4166
2573
4910
590
5226
3204
1066
7766
2613
583
7745
2731
1082
5011
4270
2297
2930
3400
5757
476
2281
4544
3020
6457
1336
1715
5282
4604
1422
2321
7477
3284
4523
6506
4633
4621
3237
7228
8583
4868
510
6021
1590
1384
1675
5571
7518
4468
7960
535
1856
3683
1017
8428
5811
6616
5305
8107
22
3801
3431
7482
3586
2874
3068
2724
7124
551
430
1540
7993
7445
6719
2509
2201
6143
4271
4807
1645
4508
874
4413
4083
6529
8507
7142
3061
7076
4866
283
838
2846
2697
8065
4493
2799
4114
7867
8356
5942
6461
1149
8536
6508
3299
6874
3290
7809
673
1444
6986
7881
1697
5264
2368
3737
1748
5546
2363
8178
3166
6371
8452
6293
1759
2150
376
2670
5004
4219
2544
3909
5181
164
8692
3193
4555
5332
7658
2758
7460
8562
852
6607
5957
2819
6361
6242
6392
6024
5120
3875
1198
7031
2932
5715
6116
6452
5086
3531
6676
4517
7373
1173
4503
4315
6008
728
8537
3067
1721
7707
4460
522
3108
7581
7399
5221
4780
7531
3718
2887
7837
2818
5816
6353
6501
219
5081
3185
2588
4936
341
8565
4821
5156
3433
591
8297
887
6106
7117
1736
2351
820
4332
6441
7079
5636
3072
7769
2768
4829
2993
3945
7443
1184
7521
5378
1501
5889
7997
7108
3222
6280
5192
3329
2354
3180
6148
3397
4822
159
3730
8090
7082
3135
2075
1191
2195
301
7882
308
1258
4063
6604
5516
1376
2705
6689
4557
7713
3359
3092
5005
3834
1332
5396
5241
6016
3322
4888
7964
4552
3667
8538
5819
5952
5280
6929
6984
775
4889
5365
7798
7711
8387
5061
5196
5958
6770
8246
4446
6202
6376
3086
6099
7516
5065
7149
3074
6807
2559
1669
6582
3689
3785
48
3037
4141
2866
5989
5270
1762
3344
4928
2961
120
7412
6048
3543
953
7894
4638
7885
8311
3197
1193
3657
2851
7944
63
6588
3224
7586
7679
8668
1146
3033
4098
3797
4365
6660
5195
8094
7645
3459
3930
242
413
3277
42
4379
2867
1192
4344
8614
1148
3134
171
5148
4554
2778
8748
5222
946
2925
4391
1208
4003
7898
5611
8330
683
638
8593
1758
6739
7814
1467
3026
1718
2515
4107
8671
2119
1652
5759
3245
4595
3635
4727
3745
4659
7417
8306
7044
2081
1081
5291
1979
1359
1085
827
2340
4536
1532
5015
1582
6135
8420
7523
4926
965
4952
7860
1764
5525
7611
7322
374
2740
2052
4852
3628
2701
7043
1887
722
8209
8553
4235
7143
3349
7174
1301
2574
8295
6039
3873
5614
1634
2316
7561
6375
8185
8003
6474
6767
2715
2178
2797
5095
3535
5545
6729
4055
5414
1239
8719
5009
5937
8367
2830
7467
6636
8180
7411
4077
4024
4101
5961
5276
8102
839
8369
5326
4026
1023
132
6593
8445
2970
2734
3283
5874
6213
4937
4136
3835
5750
6006
812
3634
2538
6994
3136
2986
7483
8147
1431
6512
853
6373
1619
518
7059
6797
2933
2713
8694
2765
5659
2792
4540
2094
2299
3427
536
6132
3396
2463
5167
5996
1630
1190
3029
7892
4396
1018
7178
6829
7393
4395
7107
7604
4147
6344
3878
830
2125
1770
3744
7212
4184
2623
6037
6952
3762
3715
2129
1827
2995
8774
2079
755
5010
3540
795
8091
6631
6439
5974
5228
7673
1499
3969
4376
1400
56
8402
1966
582
4649
4398
7634
247
5477
4655
5948
2606
1354
3759
3239
5725
3633
3675
7347
2635
7439
7819
4748
3124
3647
3435
4611
6238
8417
2424
3612
5412
6830
3439
5227
3274
3001
4126
3457
6556
5478
4732
2767
5427
3028
2716
7121
652
7288
547
5707
1155
1061
885
7890
1767
7815
8629
6437
5323
2226
4903
7922
754
1639
1526
3830
4770
6973
1772
4636
2161
1011
8277
6558
3353
1849
488
8318
2183
4613
3548
223
2142
8674
8706
2928
5144
288
3951
1786
844
5074
1884
2291
475
6079
6862
4261
3685
6383
2461
8201
978
4454
3679
2268
5111
6324
3384
4213
8690
5815
3847
8576
5522
1624
3552
918
1117
684
6387
1839
7678
3142
3403
2938
7754
5262
8186
7732
1926
3395
6798
2751
8046
917
1057
7641
2027
2158
2113
4657
4674
5605
4251
7298
342
3351
6071
1993
4761
139
7301
6226
6795
3173
6217
4041
3048
5965
5293
332
4637
778
1781
2044
5432
8069
1447
1282
420
3081
1070
195
5047
2557
3749
5110
8208
7249
5107
1855
3149
5842
2196
6754
4702
6184
2526
1181
3776
2656
5920
1033
2122
60
191
919
2318
3388
8655
1506
1398
2374
2305
2478
5807
7436
6812
21
