5309
3248
2259
4133
1203
7559
475
3140
6330
3386
496
1670
2489
4950
4078
8001
3160
7340
6112
3784
6892
8166
7235
3823
2314
1458
2924
4433
6578
7936
8642
997
4851
1012
4380
1681
992
4931
8197
6276
2929
468
2748
3987
3703
3498
586
4897
3774
4334
134
5163
5973
151
89
8182
4330
222
3336
4770
3901
6353
6177
3416
1723
8268
7897
126
1208
1045
939
2399
6142
6962
5094
2206
6401
2339
2597
7168
5311
4907
8509
375
7332
1437
3917
608
975
4049
8654
2945
7962
4896
622
8701
6126
7750
2551
8534
8547
868
2605
6139
3090
210
1568
5794
5294
268
4144
8501
1878
6256
7186
7680
4191
1552
8449
8653
1550
3598
2690
4322
4220
5278
3038
152
7499
8568
5645
8700
8522
3635
7158
5082
8616
692
4123
2756
865
8715
3319
4221
2300
7134
6044
3048
5314
564
6779
7679
4265
5962
6794
2946
2611
1859
3147
1803
5121
2238
2458
5119
6806
7599
7580
4616
522
8551
8718
4253
1690
2445
7200
4182
4332
7017
5241
1123
3493
5240
4856
7573
5777
8498
291
4384
4679
5981
6651
4465
4589
6556
7267
2580
2010
4630
3929
2228
5808
7263
1994
5327
683
661
1214
1739
2060
7764
3218
2742
8156
8738
2982
5542
8167
2327
8443
4690
5522
1805
3083
143
7020
1711
8061
6600
6244
4355
6583
4939
1845
8318
5895
6930
4489
605
123
6251
113
6506
6467
2370
4709
8303
4088
1062
5243
1662
1704
4316
3672
8010
5828
2249
4546
4255
4912
272
2026
7505
1202
4576
1309
2869
1697
2991
7964
3881
4402
3322
8131
1424
7162
3954
3494
6042
7568
5746
4687
7681
3989
6265
2716
5426
5589
5251
5019
5152
7774
1069
5231
3477
5028
5473
2331
2254
7553
1709
7744
8615
5707
3976
7190
4531
8253
7437
658
47
904
5915
146
6998
3192
3956
4072
7347
485
6048
6920
887
5148
7188
8278
1929
6348
6906
5955
2507
5441
6581
1915
6729
6157
1834
300
6282
1815
1852
6728
1329
7756
2817
2940
1757
8732
7629
4371
2291
2056
1296
7172
8625
7621
3558
7429
4186
4842
3318
5340
8426
8187
8480
2639
1828
2750
6507
1174
882
5932
4016
2195
7404
2112
617
4224
1536
7737
341
3757
7682
4650
1197
3075
4004
4827
2005
1613
533
3900
3505
8274
833
7835
7431
5841
8022
3135
731
400
2574
7009
4200
6365
7631
8141
6974
1763
2591
8129
8503
2322
5943
5092
7691
2568
1993
7055
6430
2930
477
694
5797
3775
574
4053
859
4683
4095
4845
7779
2128
1518
1911
3759
7799
7943
6776
6878
660
4853
5933
6654
2129
2153
1979
2236
4388
6857
3152
1786
5002
6410
8310
1134
4817
4534
8436
5744
1708
7696
2052
7740
2615
3307
6497
3499
1460
5
8124
2912
7994
8711
7090
3686
4983
265
5816
530
8545
8043
7448
4454
5706
8355
2866
1688
8111
1287
6526
6959
4815
5920
124
8682
4032
8734
685
243
5133
8252
5353
6063
3370
5366
1480
5497
1944
7184
3819
1718
7640
31
4550
5026
6409
5312
2351
6462
4597
1011
5938
5537
5587
2714
4551
3842
2083
5464
3316
7221
2919
5534
5814
1756
6240
4281
5482
1342
6390
7323
1113
3557
2688
967
3178
8005
1337
4327
1198
5255
7014
767
3350
3367
4210
1461
7642
1811
2655
4775
7590
3639
7786
7312
6721
2555
3968
6185
5787
5313
6701
3479
5803
7451
3194
4193
3004
4822
1219
5343
1204
4128
5972
7579
3794
4922
1914
3302
1
7574
7128
5444
7124
2023
6235
7502
102
6140
4375
2850
1793
1816
2077
5947
2170
3187
6804
5663
6260
5128
674
983
8002
8339
107
7958
6468
4730
1522
5246
8614
1603
5945
3648
7635
6666
2490
1448
5254
7328
7285
484
3213
5017
5013
465
5023
5409
8441
7819
4651
3654
638
6199
2520
6459
8044
3957
426
2148
6627
5769
8337
1344
1917
3560
6928
8408
3545
4297
4958
5455
7813
4819
909
524
6064
7033
1180
3640
1177
8157
4129
6955
1210
7988
5337
5191
7723
2298
6596
1455
5698
3662
8606
1164
2761
3443
4497
2548
7703
1733
924
4261
523
437
3305
7121
5344
5027
7164
6189
1846
2497
5881
2107
1490
8490
5306
2535
4843
7378
6034
2843
6670
6617
6460
3394
2848
2436
1957
2337
700
4344
994
7866
4520
3539
527
6686
5629
4741
665
4057
6731
8308
6005
1274
5946
6421
8215
4946
4420
462
7213
4432
7718
3293
8150
5558
7587
6664
716
6931
7947
62
7832
5863
5940
3786
2498
8379
445
3962
6533
7445
5733
3071
1305
6846
2790
6792
4421
6836
2738
686
8364
1238
2405
4894
3707
5613
5554
7922
7442
774
4781
8432
1540
6391
6933
4913
4612
2830
1802
282
8656
5172
8032
824
258
3739
3423
4638
3418
2751
4563
5073
2760
3294
7690
3945
2758
3261
6815
4412
4161
2253
4872
2771
8673
2968
2176
2721
6210
296
4807
7983
6402
4881
2103
1369
1814
5183
8523
5963
5531
6131
4179
423
7730
1456
211
2222
7857
7517
4011
4140
7514
4154
6973
5189
7327
8341
201
2361
4514
2598
6555
1297
3440
4569
8618
7284
4539
1600
4479
2247
2200
8342
8573
3430
7826
993
6035
889
588
4708
1832
689
6777
1143
3362
718
4299
438
6642
2949
1747
5354
8165
5155
4026
2192
4499
5596
299
377
409
7702
2933
314
7582
4021
8079
5637
2133
7773
1501
7022
2034
8295
1420
648
3123
7099
7061
8338
3029
2612
8781
3538
3159
4725
6645
5922
1712
2891
267
3666
7224
6065
1656
1487
5639
2224
4152
659
1934
4889
2794
8452
4745
4205
7060
7436
2818
5742
3939
4084
325
3596
7987
6331
1292
7960
1154
3782
4932
5429
6504
7453
5496
2252
4859
3969
367
2115
5225
6075
8587
2853
8169
3115
5223
3947
1851
6316
1336
3427
7464
740
603
5888
2915
356
5764
2650
7745
1577
3740
2340
8209
6369
2980
4672
4538
5041
3661
6040
7257
3876
2896
4405
1055
601
1382
5212
7035
5624
5304
966
8774
2755
796
2494
7525
5950
1980
3467
1307
6248
8171
3368
7408
5716
516
6977
1875
7839
6051
5866
2075
5134
1616
748
7329
8238
7365
6103
2031
2302
8675
3964
6231
7146
6135
1476
2725
4060
6636
3951
6841
7653
5179
6425
8714
1379
554
6761
7620
1380
7669
7992
4153
6661
3087
8302
3274
7609
3513
3380
1977
32
2150
5700
7122
3009
3810
352
6024
4854
6563
3984
2055
3313
3414
4674
5507
451
1362
1538
5404
1855
6015
7203
2428
3924
4645
4591
2469
3920
2277
1542
6969
575
1930
3619
7496
3626
5604
4692
1241
8419
3300
8068
7865
7418
3503
5120
2913
4937
7
6966
2108
1762
6147
6245
5116
7043
6665
5593
8366
612
6337
8227
6001
2718
7242
7109
1735
3955
5598
6448
7606
1498
3008
6071
678
1206
1092
5418
1037
8684
4997
2604
7059
3612
5153
5649
7471
907
4195
59
6079
680
3134
5705
1429
6795
7052
1776
3050
2819
5892
1179
7643
7891
4732
7904
6070
4771
1349
6475
7871
1044
6164
1854
411
368
798
5167
1905
7720
5453
8681
4929
2375
7794
7627
5214
1464
4206
2816
61
67
6155
5351
2533
1215
3832
8696
4810
1396
3665
2731
2418
8229
1682
2529
1152
2342
2139
2973
5949
726
5084
395
7030
7657
5236
2996
8195
3074
3950
6492
3975
8211
7578
633
6193
2801
8168
3359
7728
302
111
6125
3885
6694
6237
2016
69
339
8327
2766
5775
1411
8304
7424
1938
3106
922
5767
5650
6201
6003
5318
828
982
2178
5697
1048
2130
8353
4892
6080
4525
547
1882
6964
492
6972
346
1124
2091
6985
4868
7597
3734
675
7981
5873
2261
1808
7985
2985
6854
7610
2665
5124
3348
2917
5780
5986
2862
3451
7034
5483
5018
6161
594
639
4441
5150
8652
2412
2036
7294
2864
4936
7583
957
6590
5273
8709
3047
2700
379
3284
690
2045
5272
4143
6279
7625
4061
4585
4758
3859
968
4055
5964
106
8746
5695
5511
4100
1713
3040
7117
8651
4404
5386
534
3474
7399
7558
6674
2187
256
719
1239
40
1665
1861
901
5145
3289
2007
7873
6356
4619
8649
3516
6081
2255
693
902
5322
5664
463
4030
6621
8076
2512
4748
160
2379
1689
3747
5005
5555
860
843
480
7828
4700
3616
3489
34
6667
3827
6981
2952
6489
737
240
1413
822
7325
1187
6299
5553
4767
1660
3606
5206
996
2363
505
1545
1813
5975
7321
1457
1869
2378
8159
3296
6932
903
183
2942
4315
7754
3624
4528
3245
7385
6321
7160
6873
7212
5106
7995
5521
6101
4675
825
3942
1159
3974
1060
5561
4389
3796
7848
464
1515
162
2906
7029
7952
3871
2815
507
2836
7538
5914
5141
7051
5205
7795
4648
7944
8468
6958
609
6896
6730
8505
8181
3750
6823
3001
3580
3396
6763
7886
8350
1166
4658
1068
2941
2525
4428
3025
7047
7176
5108
8201
6156
2157
513
6671
208
4694
8045
3887
2440
1928
7652
3190
3285
5352
3150
6755
6942
5232
2135
6000
4982
7063
1231
4212
6072
5239
8188
2278
7088
5886
6472
3743
8272
6329
8647
6216
3717
6689
618
5694
131
6745
3258
4947
8572
7783
5122
6839
8073
6919
6414
744
8635
5729
6357
706
3617
8333
1266
3230
7280
5919
4721
4677
5893
1050
671
1636
8580
5427
3365
7446
6006
5689
3439
3712
8536
5615
1526
4147
6574
6057
136
316
2120
5047
829
388
3577
6752
2364
8320
971
7025
2630
2643
4156
5162
3563
1874
7491
6283
1893
7460
1575
237
7339
1553
6151
5346
402
8455
545
1006
5266
1316
2585
6306
2795
6911
1004
2018
457
5009
6653
5586
8174
2452
4413
2832
3401
7972
2127
2306
1378
3400
502
6426
3965
1888
3269
4415
4185
8528
3528
4567
6476
6307
4476
8488
3164
6875
2270
4718
7763
2672
4312
5034
2204
1531
5552
8520
3636
1153
7100
427
2464
3889
7827
4600
8381
1470
7527
3017
7481
5187
3235
4754
7316
7091
4274
2486
4486
3459
6843
8564
5099
5375
7999
3095
7993
6394
7522
8018
7666
4910
563
1008
7767
6180
281
7900
100
5901
4841
3623
5913
3579
7845
1677
1110
6241
6912
2702
1431
6115
7907
3779
2287
2457
4902
8525
3408
3699
8191
3904
8688
8016
7472
5118
5454
5264
4117
7841
738
2821
8117
4176
2251
5883
7950
6354
6558
4386
6703
7855
2510
4994
8110
5674
5741
1096
5676
6610
4743
2984
6612
5672
6828
4396
4588
6764
1842
1408
3069
786
8524
7005
1585
7701
869
3625
5842
6634
3403
6069
2290
2939
7611
2992
4524
5648
6519
529
4710
6820
989
7489
8158
312
5874
4217
372
841
3271
3548
5882
3312
5293
1791
4623
2264
2329
8173
509
7585
96
8704
5931
5923
649
2567
6397
1100
2649
5988
644
1972
8184
6908
6270
7206
1261
7804
4867
2093
8411
2197
7027
3803
6580
60
7010
3376
5220
4911
3279
6837
4695
3614
4659
2798
7170
631
7484
6382
5259
1926
310
5956
821
7178
6859
2124
264
7258
6662
414
2415
514
5595
5062
7816
4788
8624
6697
4530
1966
6810
1318
2616
7369
7628
800
3450
2601
3328
2793
837
6030
8658
6152
3222
5098
5032
4469
3543
4806
4370
1032
3238
7341
5798
6141
5333
7539
74
6089
7970
4657
4348
4666
447
6768
6565
4470
8083
6432
7815
840
428
4798
3918
4837
2479
4949
3059
894
2019
1779
4704
7957
5557
4236
5289
4397
6803
2162
7851
5527
4105
5580
1189
8550
7028
1136
6706
6183
7869
1722
1042
8514
3104
8783
3310
7183
809
7239
92
2074
7548
1640
1366
6384
7805
550
7087
723
4794
5606
3840
5804
1251
17
3937
4577
3124
213
3792
2681
1017
3410
1897
1434
8403
4457
158
2885
8013
6941
3675
801
4417
6968
7665
7927
652
1114
3014
85
8132
4287
2371
4624
6273
1587
4146
1611
2910
3398
303
8784
3565
6885
88
5490
8456
2203
1651
8576
6315
6785
7346
779
7743
1908
3536
1669
20
1216
642
6334
6074
4365
6122
5665
2326
2455
7421
3621
7948
175
6880
3529
653
5667
6032
8145
3938
5450
5408
3089
1876
8670
7407
7965
5487
297
8577
2953
6424
6509
5159
3472
6046
392
847
3046
2269
7601
2835
8107
6997
7148
5868
4139
4689
3042
7796
2599
4601
7726
5910
921
384
2841
7391
8622
7143
2202
7262
1975
2123
226
2621
2220
4712
7549
6388
2552
6575
1469
4136
5371
4573
7254
2113
2676
4204
3266
3991
3224
8424
8349
3484
7556
7180
5592
3217
4394
1701
7661
394
1509
4986
56
7432
5751
3594
1631
2927
1890
4557
3604
2543
3704
1500
4647
6714
2901
6502
1750
6858
3023
8347
6479
5600
1649
4096
6909
2472
5416
4273
7787
2280
7187
5514
2161
4574
6302
3758
1053
781
7419
5434
4664
4780
1367
6953
1023
3500
673
5951
6647
4734
3745
2173
567
8491
6182
5171
8085
44
5543
8206
7910
5368
5862
7023
1783
2088
2586
7198
6204
7039
422
3769
5488
5296
5440
6855
1057
5100
5495
2804
1278
5308
4516
7846
7220
2213
86
7769
8409
6980
2447
3835
1639
81
3649
3464
6477
5569
5248
6626
443
7286
2424
5275
2374
70
4731
8475
1574
7304
2744
736
4966
1169
3195
3179
7570
8293
5462
5861
7569
6047
4333
2658
8481
130
6347
8070
7969
5135
8336
6766
1283
2954
1192
7303
3501
7320
636
1020
7550
8264
2710
2899
5718
6451
1291
398
4787
8581
6716
1695
1561
1525
415
7561
4326
5812
7864
2295
3574
261
8596
3281
2217
2059
3249
2979
756
5083
8554
6317
4560
8782
1482
5142
2414
2544
6362
4728
2827
5971
5380
5324
5960
5195
8048
6457
944
3807
4799
493
2003
4442
4376
4493
91
555
2834
8393
6491
173
4209
6513
6423
920
2160
4961
4109
5813
6501
7715
7078
6717
8065
6259
5536
5875
2423
4992
4785
4201
5479
7878
3110
6351
36
3453
5944
8717
115
3927
6982
1398
2318
3767
1493
1557
6807
8060
6940
7001
7476
4678
1224
2289
2579
5795
1737
331
140
5476
2495
2692
927
764
1386
1412
4492
6386
3805
807
1985
5982
1064
7008
454
6335
2881
3113
8130
4942
3873
3337
5208
2239
5096
952
6817
8155
8326
263
5230
2348
5651
866
6082
7095
2265
8100
6899
5791
2686
449
6028
3409
6639
1038
4901
1024
4127
2044
1463
892
5039
1884
259
663
6921
4653
536
6090
1125
4081
4357
7930
4451
3708
930
418
1155
2125
4957
6759
4328
7271
376
3583
1072
7433
7512
4944
389
4020
8198
4784
404
4410
7354
4729
5363
3356
4257
8603
7175
2914
7357
4934
5885
6602
8118
2246
6405
5288
4211
6791
1707
3021
3037
4400
1800
3053
8224
7155
1289
3799
1178
2606
8049
2009
1080
7650
2111
5550
4828
7793
3043
4952
3251
3466
699
6554
3407
5458
4150
6117
8384
6725
8630
1909
1001
974
1248
1288
7244
2215
2350
511
1729
7249
6275
353
584
3967
6915
5570
6676
6058
340
6797
8633
3254
2237
7753
7211
3789
8114
6320
850
2900
5071
138
7905
8566
5928
2417
6522
5999
6758
52
503
4878
3502
3174
6834
48
2076
6750
73
439
3019
2196
4073
7658
5519
3970
4744
3241
3681
2583
3518
5505
1302
4251
769
5851
1095
7777
766
2046
5583
7803
5006
7318
7248
3093
1425
7105
1106
3655
5164
2754
1674
8485
8461
7975
7963
3921
3723
3512
3576
2797
1566
940
7655
4956
759
2967
8463
2476
2481
5909
5085
5077
7074
2194
8089
2559
691
5037
7895
3211
3
6538
7775
6341
5190
5876
3027
7520
8533
6012
4954
1081
4450
5397
4505
5549
770
6876
8719
8235
7572
1650
7801
5125
3102
1256
6812
3985
1312
3994
37
1249
5515
1970
7468
482
6327
1635
1619
3515
3347
6514
5843
1406
7724
157
6910
288
2480
5388
1716
6303
7602
3339
2188
7937
3877
6561
2482
7788
2729
317
5954
391
4247
4969
3081
43
643
5066
1086
6493
1940
280
2684
2230
6802
1559
5349
1010
3309
5472
5210
3324
1524
1449
4203
1082
6637
5683
4564
3346
5358
6748
5860
5012
284
1506
242
1304
3116
3483
1751
8246
6793
1710
4632
5626
3992
3136
8128
5173
8761
1871
5063
1629
2126
6696
4338
6516
4399
898
1452
25
2029
8275
3256
2998
7705
1427
2408
7600
1158
1826
1513
5774
7246
2581
6118
3690
2343
4283
3641
7282
5129
7968
2419
4416
3830
3253
6680
2799
8247
2737
6269
3988
4163
7081
3650
479
5325
4094
5204
1819
1139
5830
279
5211
4130
4509
8417
2444
8423
5731
453
3676
6110
6740
6487
8112
8555
1147
5847
4877
708
7518
1730
3028
7814
6713
1853
8147
6324
6431
963
3139
4079
4267
8776
8226
7766
5898
3591
861
78
120
3263
4010
8204
7361
2315
3575
355
2492
4633
4024
6957
6996
5763
3035
3726
2152
8028
6095
5475
3372
3824
4226
854
7605
4373
7465
2267
6591
8605
7218
4834
3541
3742
2668
3725
393
2171
4726
4900
2169
1922
1836
3114
192
1507
5127
7770
8037
497
8067
4802
3176
6230
2067
2244
8263
332
1402
8405
5480
4358
6735
5234
3215
2806
6939
1519
1317
5176
2852
1018
4503
3771
1399
7342
6589
7887
2184
7519
2593
8059
4655
2393
8087
2627
2708
5091
3511
6532
7066
8636
7402
1428
2504
5484
1310
7115
2473
7966
7883
5320
1549
6326
2666
3270
1683
4783
7384
2037
5112
2047
4824
2861
7219
3354
2831
1033
1183
8351
8081
2330
2775
5840
8072
4192
844
6984
2757
8153
1074
2663
3973
2102
3011
1529
326
3668
5090
778
6473
8160
7706
8644
7166
2907
6349
4238
4763
5138
6078
4007
7241
6255
5788
1377
2814
7371
8286
4611
7689
1887
3815
7792
5785
1790
3834
2539
6540
1030
4164
1768
7837
5384
8148
2735
7409
3412
3990
619
2293
6208
98
2628
8594
3593
2427
4170
1543
8007
3221
8136
6038
2275
2518
8669
8583
655
3364
5925
6571
6107
4014
6588
6938
8039
185
6174
2189
4498
5457
3670
818
870
4216
3837
1698
4927
4218
315
1886
701
2028
7373
6073
360
3188
187
495
8471
2297
4973
7488
6288
2411
5677
682
7885
5796
4259
7997
2944
5993
6226
742
5994
4537
2015
3540
1604
5193
1303
5520
3387
7504
6383
6181
3283
4308
965
5859
3814
460
4159
4495
3733
1417
5805
6505
2578
2401
5054
6992
4025
776
7116
7400
4941
4606
5284
1137
813
1877
3978
1172
2865
2921
838
8301
1954
1186
2191
7454
540
7140
6438
7879
1351
606
7478
1727
5359
2823
5213
3896
4160
8702
5565
6767
1959
2268
7623
7308
7036
6990
1097
5007
7169
6926
469
3462
8365
508
815
249
3436
0
7529
2876
546
5822
294
7300
1691
3166
5588
2763
3210
3003
2523
2589
7227
97
4960
4518
421
3922
5130
6406
7389
6437
8428
5506
2564
6413
6129
1903
200
2699
8003
7256
1435
2118
7840
2396
8101
2989
4260
1736
4187
5599
5400
8474
3265
7925
6495
6814
6948
4580
7075
6370
6625
2024
4507
8571
7413
4909
369
8242
1438
3392
5460
2513
8203
8421
3128
3223
2346
6091
3683
4646
1308
6545
3457
7566
2633
5174
826
964
5242
4188
1108
2471
7797
8369
7685
6530
6742
8788
6310
8476
2962
650
7000
4811
4707
4135
5620
6818
8521
2595
7919
1658
1352
4390
6450
8590
2993
2073
6153
5079
6619
8464
5815
1163
6029
4070
8143
2090
2250
6995
6744
3461
2569
1444
167
7654
5644
1325
7226
5800
6922
3344
396
1949
8787
5872
2712
712
2096
3610
7193
2333
4252
4248
583
434
1687
4244
3808
8457
3148
7543
5661
2168
3207
8402
4464
918
8613
6734
3321
3413
3898
3533
8357
8396
3843
1699
7379
3226
2976
3399
5065
4069
19
6165
1753
6597
7603
2383
7330
2071
991
7210
4821
8276
8196
8014
2807
839
2871
6754
6294
8562
1439
6739
3191
4000
2647
1900
3385
6704
900
7466
3526
324
4759
6061
6271
5902
1331
1360
3836
7197
711
387
7619
5247
1772
8650
7196
3429
491
1720
3943
557
7698
2625
3105
6254
4661
1663
7004
3736
7065
7159
194
3495
6595
3542
1667
5503
6943
4636
4965
3773
6760
5030
1925
3154
2304
8221
6376
4310
8257
1375
2867
7374
269
3669
7097
2970
2978
8462
7040
7299
915
5696
1734
5114
2922
1787
6456
7608
5538
8770
3751
7882
6429
3582
7251
1007
8472
6332
1595
6863
1294
283
1652
8731
5004
4294
6900
8728
933
985
6143
6747
3448
2002
6481
7243
5966
688
2840
911
1596
8489
5447
3760
455
3129
181
3406
5064
5852
4165
8192
782
5139
5117
4436
4586
5737
79
8578
1546
2283
2963
802
3137
1989
6304
5207
8486
3727
999
5905
2101
7616
1076
8190
7713
171
4850
6267
8377
8172
1473
6641
3698
8332
6557
5481
3982
4279
128
6838
7532
4884
7163
3292
2483
3599
2431
7343
5976
2240
3182
4685
6924
53
7364
5436
4999
5682
2660
2226
7875
3108
5961
1628
498
2772
1833
7844
1384
6952
1927
8493
6965
6050
6895
7387
7808
709
3170
7174
935
4194
4582
7440
8239
7820
8267
5459
45
7686
6220
5819
6769
5218
7789
951
4862
5286
406
4955
4083
4789
270
5834
2347
1913
3531
408
8314
1692
1363
4116
2030
8240
5382
1271
2931
1933
6066
7366
8671
1744
2773
5844
874
2561
2305
8527
3780
7064
891
604
890
592
8685
5721
732
6166
576
7714
1321
3878
1443
1955
3130
3097
197
2387
8532
3065
2004
1332
1099
8066
1041
6811
7230
3058
7738
239
4471
1295
129
7344
4065
4041
2870
4504
4926
8785
8660
6264
2514
6551
4013
3555
1453
5782
293
4888
5057
805
7748
322
5529
1085
7261
2903
5493
7376
1535
8517
3631
8292
5021
4427
5548
1258
7565
5541
8113
4778
2281
1945
6986
1777
2137
1105
4477
7456
2682
7589
7135
571
5277
5952
3010
253
2759
8109
5244
4387
76
1333
1578
2923
5749
1003
8075
3651
4002
2134
2325
1273
6249
6008
1347
7147
5345
7112
6700
6485
4323
7426
4050
4044
4249
6027
1835
7755
7986
1073
6925
2478
5935
4930
6443
7154
5858
1664
5576
6172
743
3239
5642
3788
8593
5738
8617
1264
6586
3802
8687
6658
4106
4023
4378
6323
3689
6099
943
401
4406
5407
735
6584
1978
2947
7204
5833
5635
3926
132
950
5523
3519
8632
5412
6494
5316
6989
2183
1676
7759
3363
5630
5509
4408
4831
8655
3895
3800
1343
714
1348
2811
103
154
7255
3247
1015
7674
6542
925
945
8638
446
5703
7092
1144
2104
6695
6738
7250
3963
1260
3928
247
3402
6120
4329
6447
3361
3535
7310
6130
3850
1322
4284
3259
5590
488
552
7273
4823
459
2069
7684
5227
363
670
2726
2546
1864
3818
4808
1182
5093
2199
7636
7355
4652
3199
5540
3941
7363
1120
7144
5105
4126
5684
3121
6318
26
5605
3057
6862
2406
2987
4314
3790
4972
1548
7596
6207
2613
3333
3085
504
1530
4180
3287
3770
8391
7810
1341
4861
1445
1686
7386
1029
182
4062
7902
1087
5970
1395
7351
8730
5335
2645
5219
6833
8540
8786
4482
1964
8631
5075
2332
717
6203
4967
7152
4840
7272
697
2932
5614
2858
2990
4735
7853
5102
2422
6372
559
3569
4628
3351
2673
8055
4475
5636
7746
8080
4040
7207
2099
6877
5715
4654
2106
6604
8512
5178
250
883
5826
978
3547
6864
5908
2243
8340
785
7457
7157
4285
727
6218
1421
7651
5161
7458
2263
8386
625
3435
27
8414
8694
7383
2822
5568
3343
1904
1748
1992
7584
587
1558
2640
777
8329
6668
1539
7417
8747
8177
4751
8185
2732
6128
7884
1655
343
1269
41
6898
2802
3229
3078
251
795
7492
3891
637
2637
2531
1919
8773
1277
8661
3702
506
5727
2321
7054
842
6537
1301
6979
6888
1937
2800
1409
6106
3341
5730
2587
4149
5151
6535
4263
1517
4971
8090
6379
236
4108
4167
3997
1685
6352
8760
7710
7270
8515
354
466
1205
1626
7292
6416
4029
5688
1512
135
8586
472
7083
2638
526
7577
8296
2221
6453
1263
8556
4714
1610
8371
2651
6672
8415
3893
3510
4318
3995
7136
6543
3161
4975
8378
1797
3910
3138
8621
5147
3220
846
5740
4422
8410
8
5632
1827
7096
7780
932
5633
4340
362
851
7482
444
1146
4022
5864
6132
2286
6474
2454
1642
602
5489
953
3931
4533
707
7189
3506
5456
1345
525
703
7634
8312
5068
2717
2491
416
749
8026
6579
5726
8407
5713
4536
5154
6894
1190
3155
8050
4434
5983
7438
4977
7380
8281
6247
148
5285
5103
4151
8047
775
8300
6014
1659
305
3696
1370
2972
4313
7762
7850
7281
8753
4737
5076
3845
3470
