4945
3260
3724
1576
1383
905
1204
2518
4429
1745
4164
2168
86
4658
3503
2468
528
3109
2443
2455
2355
3983
2667
4865
2378
2632
2020
3829
1711
1894
2331
4953
1277
818
4340
3725
3682
60
3548
583
3813
3146
2693
3026
3781
1004
3709
3803
1258
4259
4035
186
493
3874
1108
793
2819
1955
1150
1461
1865
2648
4671
2303
1388
3775
4485
4817
373
3980
4962
2119
42
870
4058
3497
275
228
4329
650
336
3057
1504
3838
2471
932
4316
223
1328
1590
4366
3010
3657
3076
399
2787
121
4402
243
1940
2958
1770
4484
5022
2505
2516
3211
5017
2893
3223
2962
3415
3676
2444
2897
4018
3330
5065
781
832
5050
1161
2674
1749
4177
1819
3796
2921
4393
1231
3885
2060
917
2679
4718
4030
2135
2252
455
4736
783
3799
4558
3022
314
2026
1832
538
4289
39
4792
4728
316
847
3135
3553
2446
1983
2132
502
2973
2687
2250
1478
3065
2463
2116
1841
21
4419
765
3967
609
4050
1359
3984
1216
2960
3134
967
839
2097
294
2323
3800
3722
174
2656
2729
1962
4196
3611
1468
1202
3754
3664
290
4593
1509
5043
2662
4494
1921
602
1293
1594
3394
334
2939
1131
2812
84
614
2312
1549
3806
2262
500
3359
4611
3565
2924
1934
1442
3284
5008
4264
1826
4290
3502
2838
3423
1966
1747
4097
872
994
1912
3198
377
132
445
993
4764
2201
1266
541
1689
2259
2873
4126
3793
1239
1283
1710
2186
891
638
2749
1107
4927
1432
2670
195
2362
737
2106
2348
600
2775
3460
2047
1564
4184
745
4935
871
4540
1607
2204
4591
2129
1081
3190
1236
4811
2051
3049
1554
1382
724
4421
4924
1991
3552
3074
1834
1737
3020
4498
3488
3848
3326
4623
4222
1904
4293
4517
4191
5049
305
2295
2058
94
4894
665
4959
126
4105
1740
2410
1660
3193
4686
3698
3632
110
4311
3237
4265
3964
3693
1403
3738
3988
881
4523
2395
3002
4483
4246
716
2695
3914
4412
82
1686
1609
2478
3673
2971
2543
3016
2048
1210
2888
4852
3919
1093
2096
3281
2840
2263
4725
3356
620
3372
4951
4493
2866
2610
3974
1976
676
4692
1125
854
3928
2388
499
456
1950
2748
70
4086
815
2995
4771
2227
1444
449
1898
3479
4866
4468
2845
4702
769
738
562
3125
155
831
5071
3789
813
3517
885
1519
85
4119
3044
472
479
166
630
694
1716
1502
1361
2523
4065
4551
4417
4777
2911
678
3959
1400
2894
2953
337
3986
4473
4499
4364
2462
3156
4440
4550
3123
5046
2677
4444
2142
532
4788
2275
54
1670
4233
1667
2196
2717
235
3686
2534
3873
2901
233
1883
1974
212
45
2809
990
1256
4701
929
1289
1057
3973
3408
2652
321
473
2968
97
747
2595
4074
2507
4634
199
2818
2806
3115
1008
4346
1639
951
608
3012
3509
216
2914
22
4382
2124
2689
1913
740
224
4376
477
582
3500
3537
1177
1273
1490
3541
1330
2223
2432
238
4223
255
2526
5084
2984
633
1493
48
1099
2053
954
3236
943
3039
2774
3975
282
2903
1752
3143
503
3374
4538
4947
63
4022
2790
1101
4322
2704
3225
3731
1313
167
1533
2293
3396
2183
7
3770
2074
3362
214
764
615
129
3937
710
4132
1959
366
1820
2213
2158
1803
116
3752
3944
3543
1656
99
2530
273
4373
3081
4469
1045
467
1523
3962
3096
2404
852
1756
3878
4460
1011
3598
2617
3830
3610
2972
617
3998
553
1816
4274
976
901
2755
3771
4456
878
15
3402
359
2244
4157
4288
3454
4294
143
2837
1755
315
1000
1744
2870
3104
4452
4897
2171
4330
3174
4280
766
1515
2957
1434
3102
2502
1241
4901
427
2949
3131
2875
972
2157
550
4188
4140
672
3544
1078
251
3213
1091
2951
4653
2990
3473
4759
4854
4088
3345
833
916
4855
4292
2593
3181
4209
1596
3256
4362
3366
2333
1200
3036
1824
4437
137
4387
378
3684
4860
2764
1371
1743
2199
3901
4375
1902
3524
940
1458
3859
1381
4189
3322
4048
2277
3941
2292
2374
1406
4434
2822
3518
76
80
2427
1730
1242
4917
2320
4600
3950
4530
3120
760
2208
4490
260
3019
4859
3064
3456
3224
2334
225
2350
2399
3718
4581
2781
4657
4266
3816
3466
5038
5067
4596
5045
38
2726
1408
1054
410
1693
3305
4635
1765
1562
3908
3194
2559
3187
1491
1312
1666
992
4656
3164
3592
1863
4785
2486
4026
3428
1410
1134
523
4756
347
2086
2249
1629
72
4463
3965
522
873
2358
1340
1272
406
1880
3857
1728
4149
383
2385
4049
4864
324
2080
4000
2457
3556
1563
3723
3744
307
250
3085
2702
933
1640
1869
3400
2745
3252
2863
2113
446
4130
109
3990
2153
2712
1187
2934
997
2522
4762
1807
4271
2536
2248
2880
118
2375
1676
695
868
2352
171
4094
1097
4708
3685
1053
3351
1496
4601
2491
3616
3279
4766
2479
3054
4096
3378
2817
1363
4295
4380
1102
531
2644
4299
2232
1928
1046
1111
4111
220
3991
2483
4717
1123
3365
4472
286
4883
1279
4651
1572
4167
1464
5048
3191
2821
3510
4384
2461
5028
4491
987
3175
3564
4250
3425
4315
4401
3936
935
312
463
2898
1440
3748
4160
3323
525
756
100
3328
3639
2490
4735
4982
2834
3291
2152
140
4876
3451
3645
237
4213
2884
4914
1115
3926
3349
412
3495
4677
1305
1343
2557
4073
2101
4655
2087
4862
1556
1066
492
4457
3999
3902
1024
2623
1138
1112
2184
1394
1339
1838
1981
859
4358
381
3759
1426
1867
428
5005
1800
4856
4392
1487
4349
1948
3689
3314
2653
4210
733
966
1997
3267
4838
3272
3535
560
4150
603
4805
3839
4002
3426
2627
4166
3674
3099
370
4127
3597
3389
3005
3769
4797
2938
1840
1774
3386
1505
1699
4341
2889
3555
3963
3090
2671
3755
3419
3614
1793
3160
2853
2182
4114
4465
4251
662
1341
798
169
4739
2696
1155
3001
1886
1215
426
4598
96
188
2276
4800
3424
4910
2607
4548
2641
938
3327
4355
4215
389
3895
2660
962
3695
1364
4013
3842
0
4317
4245
3431
3715
4385
2144
4300
4669
3200
2407
3470
1360
3296
304
4745
568
341
2642
1786
779
211
2752
1911
4449
3027
3249
2088
824
4374
2722
