441
1735
1469
3059
1156
955
875
2031
1098
4225
4165
3970
1154
207
2583
466
4253
2615
5057
1226
2393
3154
3143
3001
4073
3768
3520
2722
2132
2879
640
4766
2056
1419
973
2480
803
4173
346
3995
2289
884
1492
4714
4749
3431
563
2141
308
1912
4394
4252
846
4547
175
852
3110
1841
1408
2013
2331
4030
3894
2250
1683
3047
4880
1129
4486
512
2706
13
4300
4656
4514
911
424
4061
3261
3823
1742
4021
2744
3827
660
826
1835
943
1331
65
3929
4058
4493
3071
2847
977
3638
582
713
781
3338
3799
4126
2201
3926
4973
1669
3
4542
2451
3677
3657
3992
1087
4601
1067
2344
3055
1957
3789
2237
2594
2602
2699
3968
3333
1321
3368
4972
1661
1439
3802
2074
3626
1091
5064
4832
2030
1522
294
4323
4014
311
1604
2645
2383
4531
257
4552
404
3863
1299
3639
2799
2168
197
727
2463
4333
1185
1698
3703
2994
491
2666
993
1301
539
4506
1580
3552
2536
1748
5015
4571
2469
2169
3910
5006
2541
4816
2045
2743
1227
3161
984
1718
3925
2725
4848
93
419
2575
2413
2712
1733
90
1786
345
4889
4989
4672
2441
3560
182
610
432
1024
452
3617
4100
3300
2822
1586
630
4139
2303
5009
902
1398
2962
2428
329
241
3218
2139
2382
2274
2597
1549
2758
3517
587
941
1898
2130
1166
4615
2635
1183
3509
2543
861
173
3307
4
1263
760
2717
540
3072
1389
1565
2341
188
886
1306
4885
1353
3429
4786
2570
4614
5046
4386
4579
695
4156
566
4558
4162
1437
3213
3616
2872
2611
395
5038
3204
3268
2864
836
3097
2437
3974
3916
1882
1815
155
2175
482
1347
1995
51
1403
5081
1631
2585
4967
4244
2687
157
3496
1895
2101
2224
2839
3075
1854
805
2967
5048
1142
2846
190
4541
3049
3921
5028
1750
1332
629
3191
1222
3184
1288
4353
1648
1258
1714
2489
741
4583
2302
3513
3601
729
3590
2482
5068
4566
890
2106
2582
3706
1055
1741
561
2902
4544
12
1864
654
5003
1014
903
3515
731
4057
418
1939
4979
3050
4526
5020
2109
7
2791
4691
4791
1486
2172
4555
4700
2401
1460
2471
712
651
3130
5063
4724
1131
4445
3559
2154
1663
1632
3313
4265
3699
2829
3726
292
3035
4448
1589
2218
1137
2114
4008
2254
4755
3410
1558
2681
2261
3625
4895
2957
3754
4325
1541
1242
2079
200
4003
2421
2528
2397
4381
3212
3106
5005
850
2404
527
122
1694
4250
261
423
4497
3895
3270
1260
291
3407
1097
3747
3065
2906
1795
5017
3388
3508
1500
3167
1440
403
3467
1646
2832
101
2933
3228
5060
4711
1231
3739
3927
4658
3990
2944
1302
1533
980
1608
3079
521
5011
4914
1275
2882
4027
723
4297
1759
3766
2770
4523
31
2180
3647
1984
2828
1007
3794
2080
1167
2318
897
2968
4088
2443
17
2196
3015
1900
908
4639
3588
3709
1328
4717
3607
2108
602
1346
1867
1616
995
2330
5069
3286
2098
3296
2826
544
3851
331
4215
1958
2246
4634
4118
1903
1088
447
3042
912
2110
4596
1806
4147
940
3503
3514
1074
341
113
3776
1779
4805
2677
3716
2612
1743
4819
2452
159
463
4280
2434
4536
523
3125
3943
1307
1938
1127
260
1552
2148
3255
2014
3292
138
2884
114
3804
2916
4888
825
3955
2831
2436
844
304
2048
1394
2927
3404
4780
2942
4747
1089
4732
4559
3032
4375
4923
1692
765
2873
763
2275
3786
3489
1314
774
1858
3698
4739
997
1881
2173
1147
4710
1343
3010
3620
409
3881
2293
1219
3643
922
3817
3163
2656
3841
1591
1921
2360
3266
2710
4683
438
399
1450
4799
898
2195
180
515
137
3150
5004
2679
674
1991
1948
1472
3965
1560
5073
3612
187
186
2621
3791
2270
3394
4273
1407
2135
3952
1823
1879
4025
3341
2426
5049
1351
4041
2586
2738
546
3924
148
2840
4666
1811
2890
1770
434
1335
1125
2329
2000
5072
3721
3819
4534
3871
2167
2919
4338
3932
3712
623
4168
2665
3413
2197
3092
314
706
99
4876
4647
117
4501
4102
1218
1057
295
732
3436
2373
3356
3949
1899
1409
4723
1468
3124
1782
657
2159
895
2475
5007
4572
1178
553
4247
3358
653
3374
4705
2205
4810
3666
84
1277
4108
1095
1362
336
3680
4802
3095
3597
3477
3022
896
728
1153
4950
4109
3151
866
356
1238
4174
4938
249
156
2780
2590
3957
3978
4592
1702
3668
3158
4117
2742
1994
1956
2896
4360
1121
1011
3111
4864
3500
2267
3502
3813
2189
4495
3642
810
1104
4050
4698
2255
3539
4660
1393
2091
3234
4706
2715
1330
4602
534
4130
370
4116
250
3363
4133
3519
2676
1164
4617
3733
2876
1368
3874
4291
1546
3301
3730
4921
4197
278
4361
1909
2859
1847
4236
1582
55
366
2748
469
3805
1588
4142
313
4920
3137
3243
2121
2221
2067
2705
87
3554
1506
1859
3337
1622
3571
5077
4891
3632
4232
4175
5083
2728
1189
240
1126
4928
1169
636
3208
730
3330
3054
2166
2484
1086
2866
4206
134
1283
1052
225
4282
4242
1908
3715
2880
243
3099
3540
4488
4996
4947
149
551
5056
3166
994
1581
1352
1739
841
4949
4752
3782
1430
4468
3567
956
2908
2294
2478
1424
3528
1174
2749
4017
4636
3147
917
3090
4035
3734
2417
2156
3499
3720
3873
1064
4922
1637
253
910
676
4413
1192
4345
1689
1904
3646
4072
3608
3665
508
485
1276
1740
4018
1907
3365
174
3422
1519
1320
4517
2009
821
1428
245
1673
3543
4254
3033
798
2325
310
2622
4235
3117
4163
2465
1122
1707
4919
4402
6
3026
2733
2150
4872
143
4809
2696
392
978
361
3641
721
2982
1317
4436
3241
3114
1843
1356
4703
1968
3875
788
4532
1010
4374
3905
2377
252
2008
4655
2307
2550
4106
785
548
813
1833
16
1521
48
3637
2138
4917
4246
5033
1026
2947
307
4719
580
4275
97
4582
4737
591
4855
1535
1391
2281
2631
3342
3189
1318
3945
3392
1838
2010
2750
1771
606
1514
1381
4194
4438
4530
2625
4890
4026
537
1474
4358
1186
3658
4276
688
3609
3941
616
3118
2345
2787
3078
2044
1405
5085
2210
983
1199
3371
496
949
4134
56
2869
3568
4984
4815
3939
1228
