7174
1732
2433
3980
4390
5846
8404
2611
7407
1626
8070
852
7814
5270
4872
961
444
5739
2064
7658
7301
2276
5437
711
1636
3046
8087
207
8277
2305
6507
927
7387
5988
183
3006
4903
450
8666
1989
4627
118
5376
6766
2076
596
4818
6482
6971
6038
6100
3238
6457
406
4807
4009
6314
4081
8272
4440
3376
778
8384
6202
7913
773
5015
8263
8754
3809
5494
8300
8432
3380
621
1815
6972
2599
7198
7092
7326
5607
490
6313
3712
2652
5801
3941
1500
5328
6057
5625
8112
4150
3578
1198
4983
688
3731
7320
8634
8197
6836
2412
2658
7207
4260
3413
6673
4496
1268
4664
4599
3565
6881
6979
3923
205
5994
7491
3079
2067
1878
4860
5862
2994
303
3109
5262
4339
1396
7575
247
6022
1174
994
2919
6944
3811
1851
8250
7901
1973
8116
150
4950
4475
3878
5060
2670
5536
3617
4286
723
5290
4149
8416
6157
7295
4551
7138
577
6339
2628
4091
4133
4159
6207
4036
3585
6476
995
4319
8520
1200
7853
4524
7821
3761
4745
2507
5679
2406
4037
4462
3851
7500
1873
6255
5559
1161
3901
5402
3971
8665
2443
6066
4665
1258
6508
8089
8668
8047
6701
8056
8571
3609
6522
5992
2965
1024
4334
3327
6171
6493
1689
947
1657
696
6997
1456
7401
5375
5333
325
4520
4816
2459
2752
3928
3726
4676
7707
4326
5949
2547
5562
7231
1190
970
5920
3951
472
1328
1228
5346
837
2336
1146
3599
2030
5583
1391
2179
4723
8054
5013
3927
1872
8276
5571
3693
1503
7908
648
5778
6658
5414
4641
1844
376
7339
7851
6007
6008
2281
8270
7834
1118
1301
1842
1094
6374
4212
6879
5296
6463
5312
8755
7262
5676
8453
8372
964
2630
2726
8760
4261
6043
4409
3085
8588
5726
6916
3059
2497
5731
3815
8443
7960
7344
5196
4416
4883
7478
4913
7410
6279
5199
1438
5979
7342
4656
7803
5561
3473
2710
8151
6615
1439
8301
7579
2746
1937
3924
8521
3625
5825
3736
1081
123
6743
4162
3981
4888
1882
1775
4300
735
4771
3223
7919
6068
2997
4492
8635
5601
602
3835
2493
4904
8691
3614
8018
6571
877
1125
5383
6460
3343
3802
2203
5286
3686
4955
8119
4208
2112
8036
6406
1413
7850
5192
2171
6105
7430
5936
3174
8022
6046
8561
6009
3550
4483
6594
3222
5167
6730
4042
800
3
5513
1017
5665
5305
4177
4342
169
8449
7790
6432
1003
1085
598
4542
5195
6077
1655
297
4116
1403
1614
4866
1895
2907
6786
8393
8662
2417
99
4978
4739
22
4513
5083
7011
8573
3273
6907
185
6487
7872
4367
7534
6364
4489
7340
1940
7188
2632
2259
1218
1195
2431
8584
2312
6017
6468
7021
6841
5775
4714
2659
725
218
591
3488
3932
5288
1062
2941
1924
