1116
4646
4600
6935
2161
8607
6878
7156
1946
4682
1402
6401
3794
2932
7458
5064
5637
5809
7481
7464
1570
4420
8407
6436
4209
3820
3658
2985
2135
7165
5364
2564
1263
1742
4536
654
4009
8588
6771
2599
8144
4138
2976
2479
4343
3132
3248
6617
644
8125
946
5798
207
6319
7426
6117
1896
3109
6997
6408
6978
2013
8077
7244
1731
7709
2280
7476
7992
7241
8065
7900
4464
1197
3071
8150
4910
7717
5490
1795
5663
5237
4293
3778
8225
948
3175
4261
5646
1909
7310
5905
4342
8021
3483
8714
2484
5902
7020
1338
3704
7818
1401
4163
5007
838
6846
8002
6431
2470
1604
5429
7008
3740
7054
2718
5880
2163
4154
4812
7028
2614
1086
1168
4586
4361
5867
609
5565
7187
5733
8361
3936
5741
3058
3574
5904
7167
4160
8131
6384
1147
4653
6409
4423
4990
6632
2955
6764
5078
2054
4620
509
8449
2782
7512
8659
2476
3606
1821
5814
8328
1364
7395
7864
8422
6660
824
1618
3963
3120
3880
4196
613
4429
2361
7110
8146
6832
1519
8233
3540
5417
6844
2303
8198
5384
6323
8504
980
5532
684
5289
4569
6573
4473
6656
2174
5279
4456
7704
981
6050
7137
8254
7460
8012
670
59
4531
2915
1537
1733
982
604
1780
2628
3737
8087
8524
5491
8353
1170
841
1929
1194
5673
5545
7894
8678
958
2582
1540
2262
611
4892
6281
8149
284
2641
7471
8771
1913
7149
3177
6794
8506
6575
8697
7497
5852
5788
6203
3668
97
3730
7873
4260
7164
5667
3097
8749
3892
6014
1597
2715
5602
3883
4050
2652
5910
5113
4304
3732
6000
894
8616
7649
7617
1737
4647
8072
330
2350
5742
6725
4437
3828
902
2928
3595
656
5761
6729
5753
3225
8078
8510
6683
8728
8159
8390
1421
5058
5605
70
1278
6402
4494
5351
8235
6052
8039
6023
886
275
8478
1527
6834
6851
8270
8081
5271
4779
2185
8479
5039
365
5570
7073
7751
3518
6144
1119
4923
7377
229
2079
1152
2689
5497
5656
6860
8404
3410
3531
449
347
383
1308
1536
806
871
4397
8194
3391
4699
3048
8009
5114
4897
1702
7298
4869
8692
3715
7017
5720
2735
2275
1407
918
5343
5866
6941
3321
607
3588
7669
6009
4441
2150
4560
8051
5373
8141
8620
5239
956
1581
3285
5365
5124
336
1605
6774
2587
7885
6261
6246
4006
5975
6337
5371
7237
258
2539
7294
1908
3130
1037
6898
2162
8013
5233
5795
2563
4107
2787
1910
4780
184
6154
8451
503
5865
8040
6592
8348
3569
2692
7225
4319
2053
5844
3002
3384
3156
6619
8288
6268
6140
5593
7665
1595
1153
7739
8386
3303
3017
6228
2795
6248
567
505
4051
8369
5127
2744
2673
5358
6809
8586
5486
5309
7140
4595
1669
3470
5715
4202
8256
