7337
3891
155
6978
8322
5877
5170
3603
359
2113
4723
3423
1161
723
134
506
4238
8674
1783
6179
8209
8540
7614
4047
4432
4064
4550
4884
2456
5353
1739
894
281
7684
4091
2350
7077
423
3941
783
578
4374
4509
2895
1685
2212
3996
5167
3760
7010
8751
1006
2072
976
6378
94
6565
8583
3632
5511
6166
2901
2813
533
5626
25
3128
4026
1101
64
1273
5527
880
4958
8014
402
5604
3259
753
656
558
693
1065
8118
1556
4995
5791
4674
5665
394
1766
2440
3009
1810
7786
8356
2452
2679
2577
3548
3375
8650
6788
8656
917
7222
2864
1969
3296
1643
3641
7524
3830
1667
8623
2410
5646
2606
6197
7287
1040
2989
7623
4295
2770
5293
4999
2617
6341
4861
7969
4952
5111
551
2542
874
4425
7403
5810
1913
545
6899
8341
497
6294
600
6187
2190
4335
355
1808
5614
8176
6951
7016
2669
2761
1389
2718
1962
5412
4063
861
3639
371
8459
6442
8577
3044
7009
7149
7736
1258
1520
1407
1036
3339
1112
8525
3343
4359
3986
1842
129
649
779
1344
8436
332
2856
262
6669
2602
3809
3209
3489
6735
6432
1564
319
4704
2386
8079
5597
592
7276
7412
7165
5872
2583
5022
7220
7328
6471
5744
5346
8754
4465
5074
971
3203
8005
6446
992
318
7952
118
451
2574
1877
7466
8728
893
6207
3834
759
6509
4891
6281
579
1034
3774
910
7224
7596
6183
1082
6689
1912
7772
3601
8152
923
8722
3625
6708
1932
7123
3511
4400
5078
7060
568
5681
1510
1928
1884
7158
4533
711
7545
813
7397
8675
664
112
7923
987
2401
4761
2187
5443
1089
6528
4145
4048
6786
2535
8237
603
223
4571
3929
6851
8460
7279
8649
5795
5211
1682
5114
3775
3697
4976
8662
8458
8016
4833
5269
8358
1461
5860
6723
7951
6623
5808
3090
4665
7150
6021
1636
3747
1608
4824
6656
5099
4379
6755
3307
1356
4230
8392
1948
4221
5603
5584
1967
8049
8572
3200
2473
5569
1933
8761
8377
1274
6742
5289
5636
3519
8406
1641
2052
5188
6096
1060
981
2788
652
5044
1724
1812
5445
7818
5640
5227
8103
7419
1098
6964
4988
7344
2927
7999
8396
142
6161
1799
8766
4013
3356
1257
4190
5631
2004
169
5963
7257
1688
7120
2405
6367
4061
7537
3465
3584
3269
2479
1756
8166
4968
3630
7441
2941
1742
5486
2047
7514
4553
7451
7547
952
2660
234
2918
193
4208
2378
1809
6589
8164
6870
5764
5135
2979
6970
7486
764
5932
1632
7658
430
2739
3724
2668
2629
2252
4898
6948
8044
3609
3127
6408
5402
4433
5098
8001
4252
2950
4670
1179
4632
2808
2446
4264
3851
5094
4342
8015
7970
3812
7001
5125
2429
1308
3229
7185
7982
2615
8342
2790
4702
