247
33
145
382
137
99
375
158
227
80
388
117
307
14
333
350
133
232
70
369
219
355
330
263
191
74
131
366
373
84
3
141
116
128
368
238
271
284
274
81
163
230
264
96
242
43
286
77
118
142
297
64
123
231
54
192
72
203
356
311
183
122
138
100
221
20
257
95
150
156
395
318
93
319
212
184
249
194
381
384
139
272
235
254
296
105
17
165
22
35
259
75
174
267
233
278
44
282
46
26
53
268
313
236
298
214
209
314
31
68
293
12
380
132
37
397
62
270
377
86
55
213
177
32
51
30
357
322
385
266
48
179
354
325
8
58
129
166
27
18
248
374
201
10
24
47
326
127
300
148
40
324
103
113
154
383
97
370
115
261
200
225
197
98
328
281
73
289
340
170
246
215
87
23
78
327
337
164
315
338
15
66
176
49
106
347
125
196
168
245
218
352
321
157
182
243
306
390
386
265
79
234
320
34
317
119
155
275
207
334
21
190
136
193
287
4
244
67
394
250
102
91
223
376
13
65
262
160
360
178
389
258
167
341
216
280
16
140
217
228
292
283
336
152
2
83
359
175
305
173
365
308
134
343
240
108
28
260
346
188
291
171
398
241
185
279
229
290
255
92
331
312
224
199
88
391
237
162
153
9
371
208
11
362
364
89
351
195
59
277
63
361
146
198
39
126
344
42
90
29
0
25
112
135
114
130
180
295
19
379
393
124
220
253
269
186
294
301
210
342
36
316
189
61
76
38
143
52
7
304
339
94
45
358
309
239
57
396
372
169
120
187
345
41
181
60
252
202
69
82
349
104
353
101
151
206
5
303
