375
179
135
245
220
318
110
377
207
168
231
184
252
365
360
51
235
43
217
389
274
189
356
289
82
302
121
250
336
385
25
72
109
205
67
183
298
348
296
238
58
133
113
284
214
387
312
210
244
362
101
326
125
366
346
330
196
145
279
30
61
309
53
282
151
396
9
218
144
92
334
5
24
353
166
303
97
143
239
236
70
29
79
321
95
6
85
124
112
269
208
316
242
138
33
306
44
198
68
213
275
271
98
16
329
73
129
173
42
148
126
107
159
261
190
120
257
299
363
367
14
93
291
26
355
169
240
267
246
384
56
11
229
206
69
131
254
397
38
322
127
99
180
152
394
161
182
381
111
150
139
105
94
103
55
345
134
49
378
319
71
147
31
91
10
32
75
114
191
343
104
4
204
357
216
268
186
193
304
331
340
398
146
117
187
18
41
368
305
344
341
347
123
1
337
28
227
142
102
230
262
223
324
315
57
373
248
251
137
297
192
176
17
119
88
247
391
280
352
62
48
181
234
128
276
370
36
382
332
200
34
154
278
224
372
221
219
277
174
195
393
395
83
233
323
325
260
153
390
7
253
376
74
45
3
86
265
170
47
164
59
167
118
96
2
281
285
141
63
46
202
364
197
314
270
335
15
8
199
350
264
338
237
328
177
162
40
300
156
21
37
64
342
371
386
320
27
13
256
209
130
136
313
226
20
203
222
351
115
80
140
160
65
266
100
283
311
66
81
307
359
76
12
293
272
19
108
84
211
106
155
163
369
380
194
87
241
301
165
287
354
157
379
185
290
212
225
392
116
0
263
215
286
172
294
249
35
349
