3
331
74
289
191
351
339
335
90
200
264
140
240
178
150
233
392
50
153
165
366
350
123
193
122
215
8
41
154
323
137
160
147
156
22
131
328
188
257
252
75
85
281
322
33
384
205
189
66
223
378
313
253
179
302
162
45
170
370
190
287
258
352
63
348
187
163
109
57
155
332
314
303
108
16
186
12
105
284
121
127
53
1
358
397
235
48
42
4
65
261
68
5
44
265
148
38
394
202
382
103
19
260
132
365
292
379
31
204
326
248
180
199
7
286
329
62
146
267
20
321
269
349
128
283
247
362
354
373
255
110
55
298
368
380
381
18
356
24
334
6
177
23
297
159
268
35
219
95
194
181
391
10
125
161
86
129
241
386
79
39
2
376
208
206
274
369
367
372
333
232
172
120
212
175
207
0
280
185
295
318
237
143
76
319
89
389
17
87
166
135
201
106
139
71
102
145
390
93
111
377
11
144
32
246
211
214
173
327
195
309
40
320
276
360
338
347
117
101
226
300
54
216
92
218
359
49
174
396
278
293
96
259
84
270
67
311
149
225
37
81
58
152
47
239
306
196
341
231
330
99
221
158
308
130
301
317
217
56
363
78
112
203
52
60
229
299
371
73
285
230
104
344
107
228
182
236
46
29
27
249
343
34
77
97
242
15
115
340
142
113
9
220
227
210
70
361
222
262
282
310
254
271
61
72
244
291
294
305
134
141
337
30
374
167
64
21
312
28
245
88
192
94
82
345
243
279
353
183
197
315
256
224
51
393
307
388
234
118
133
288
290
324
272
13
157
277
164
116
398
171
69
316
275
357
100
395
238
