170
38
195
106
11
36
241
1
208
234
317
340
192
128
266
161
290
278
85
222
10
350
16
112
363
329
301
43
397
333
219
221
380
154
394
201
176
206
119
262
74
71
164
283
214
311
197
270
218
347
280
183
125
79
256
29
80
48
47
132
5
353
287
388
303
13
306
116
45
211
102
115
146
131
157
4
193
19
334
378
95
371
242
375
366
20
123
354
246
291
200
89
187
148
75
118
386
249
152
139
322
323
109
64
6
104
153
141
285
198
44
189
389
304
362
177
65
84
328
289
39
143
372
268
49
81
295
67
76
217
145
227
220
319
332
297
395
238
279
248
93
331
377
360
2
213
240
35
34
190
158
267
62
210
196
346
137
379
343
277
179
0
396
320
86
174
233
77
122
239
235
63
369
30
292
155
330
223
307
296
68
186
374
28
228
275
55
245
351
392
72
14
181
215
202
313
284
78
144
357
318
101
194
309
385
15
66
46
8
205
40
260
126
326
167
92
264
96
180
243
255
87
257
23
272
175
370
244
150
269
229
168
265
338
361
276
207
3
12
300
232
136
339
184
110
58
88
373
103
356
111
271
97
384
325
188
216
50
59
336
310
27
391
209
90
9
129
105
121
82
344
17
173
33
383
185
263
160
305
312
191
251
321
100
25
83
337
91
98
250
259
73
273
32
341
230
151
254
182
135
398
26
159
163
349
358
253
56
368
298
124
342
21
381
327
247
117
24
204
199
94
225
37
156
51
99
352
261
359
382
302
69
147
236
226
42
61
231
282
140
165
108
133
107
166
120
316
41
324
315
142
348
162
299
130
335
355
22
