94
237
80
370
344
170
144
5
318
84
100
191
225
190
217
46
6
228
238
204
10
376
354
174
357
7
209
77
121
70
62
123
301
280
134
22
162
377
36
359
216
254
211
167
130
219
284
61
186
321
118
153
374
149
24
89
302
117
218
151
296
133
244
137
342
256
195
41
222
312
334
291
108
198
340
90
40
19
327
339
308
172
104
231
13
347
392
375
330
252
383
111
184
366
96
182
115
78
368
212
2
319
17
163
15
378
48
102
345
23
57
299
250
333
390
272
76
136
320
380
120
242
381
265
281
44
384
4
266
176
175
99
314
353
79
285
336
246
81
150
157
39
71
183
189
126
292
11
20
124
178
208
227
243
145
247
95
268
341
349
248
350
128
234
253
132
14
28
105
269
35
310
181
65
271
188
63
307
173
54
194
278
304
202
165
233
30
282
207
180
393
358
152
34
147
32
261
322
260
87
270
224
25
394
337
114
367
385
263
214
297
103
293
290
55
43
139
42
229
364
386
154
143
257
37
45
187
346
88
106
262
267
179
351
16
279
119
68
127
398
288
236
29
125
199
160
92
47
135
287
73
300
164
315
365
395
313
138
156
397
18
161
332
168
83
316
166
309
373
0
193
116
50
169
361
255
155
171
329
158
85
192
323
177
203
59
303
331
64
98
97
159
141
220
372
326
283
112
109
379
223
360
335
317
363
295
93
12
391
131
113
325
196
311
343
230
348
27
60
277
21
352
206
56
274
239
122
215
356
355
148
306
298
338
305
82
259
396
53
9
289
51
66
273
8
33
72
197
382
129
275
213
387
294
264
52
240
26
