7818
20197
33486
3528
23739
17230
8417
37041
34022
18957
13070
18852
25420
8071
3582
13311
3046
2100
24340
1918
26918
6321
26361
29700
27490
21014
37826
12467
8019
38922
8804
20493
21284
12553
30935
35878
18123
2261
34825
7782
22560
14062
27846
5071
9711
30289
37738
30399
29375
11492
4941
8790
36975
33971
14937
24682
35822
9942
17153
35907
26891
4515
36622
4956
27914
37761
16590
6517
25684
9110
1244
7919
2410
14832
4740
13355
24159
36183
20149
3755
15392
2543
3495
31165
37093
26869
14255
18753
23441
26335
2522
25341
7340
11839
3921
5603
6342
7018
8899
3979
20742
8408
38452
38815
18688
38730
36380
7291
1679
33759
32666
18311
37067
8186
30402
37600
9078
12834
1478
36479
30563
12659
19187
12303
10263
35334
2667
13736
31246
27052
2135
31407
825
21903
32805
31608
33139
35418
23640
17557
38258
29932
22351
30273
37769
3614
29617
10592
2702
399
37288
29592
36106
786
31578
454
32242
23822
2240
9854
12862
10453
34274
3603
23638
20218
7444
3078
3199
36337
18374
29888
7602
17107
37007
18438
15949
18965
9015
15019
36416
24123
22643
21493
4893
38725
18808
29890
25663
25670
794
18499
1772
36921
10729
5258
18156
8705
14846
543
32138
4900
17014
21073
31639
28394
1253
21060
27538
17774
3941
13022
9192
27211
26126
38104
20249
18002
18641
16076
33738
17021
9364
18582
36064
8014
2960
10792
31274
5635
11028
9613
18047
9232
28339
7924
17699
37873
27394
27998
26451
34570
29178
8950
22381
4566
31833
621
33392
23391
29355
34159
3889
22110
7591
4281
17005
15919
14135
24154
5535
3552
17623
32885
1711
8576
4501
13426
32527
10821
14106
13370
10562
4676
5061
8276
22416
38593
38863
33152
32934
29143
5800
32873
27188
30013
19680
38805
38392
30968
17839
37924
22091
20542
6219
19597
38668
15544
7685
33380
24232
36313
2243
29556
22352
37557
35424
12630
22668
31195
19672
15037
35203
33117
10735
3661
13433
36121
14604
3100
1738
6833
37584
34711
8523
9721
32668
29369
36286
8956
19736
35899
35935
22326
2291
31524
25557
17867
8147
8694
6520
27823
28871
26304
2973
28555
17944
19478
28608
29395
3866
28882
10664
17147
30736
30391
16532
33102
2572
15529
26563
22625
14048
28903
11904
32751
26924
10046
33647
551
28206
33400
7179
33810
27866
38139
22793
144
3596
8739
34389
1275
37233
30686
10498
2701
23860
10926
32354
30939
23300
8296
14771
6308
9707
12257
28806
33723
7586
30484
3342
1905
34272
30156
15678
23648
17824
17441
5700
9466
19702
33332
11163
32483
21673
32137
31730
26404
37832
7761
6808
34034
9074
32478
37597
29105
17945
35752
17708
32709
5200
13092
33693
7974
15908
22633
31035
14125
22396
14238
27015
20208
8116
11887
2665
26659
19417
19708
2149
37126
14591
11847
36718
7441
37295
12418
35103
19407
9001
37664
14320
29798
6296
16745
12322
12281
34691
13585
38436
3056
495
10157
30009
35190
23445
30951
23749
405
27358
15559
12742
2136
4235
3519
39069
25240
23101
3554
19494
33123
32752
4377
29832
33300
32319
1873
32639
26835
37824
15653
34747
27995
35088
15811
6260
22971
28491
2326
10149
18817
34735
19413
24529
24398
36971
37537
31945
27225
11263
14666
18918
36211
31873
32810
32370
7599
975
38911
37077
32993
29181
5252
27482
68
9827
21671
25870
236
9445
31339
2010
25083
5286
30263
17393
37766
34879
10472
10745
30367
37130
26637
11770
34714
4315
20020
11182
32077
25138
3936
38468
7731
30936
21906
27046
4613
8293
5262
14473
8827
14077
12351
27287
6409
25100
23268
11943
38176
22496
7572
37401
8856
23116
27579
21883
21569
10445
18096
28798
4718
16144
32733
939
6245
23260
37391
21873
34469
18756
12932
26527
811
33840
32660
29612
31534
17162
28738
14030
7080
1020
21868
39021
1512
12809
8232
29127
26419
7964
19698
8746
20771
7878
21565
896
14537
31153
29384
6582
32044
30995
26018
32716
37755
16186
33622
22684
32312
596
27758
32488
34475
30590
28632
3607
24891
7610
25391
24511
922
10724
20252
8964
16723
28414
33812
28525
404
28474
8355
3487
22393
22884
19373
36686
3929
24728
26822
18953
38301
25095
22244
7269
15813
15245
1098
19850
10244
7357
25026
35124
27653
33180
16124
35314
22826
14808
26313
21472
5881
21711
11264
33789
37286
15255
18790
26469
20741
20714
1809
7995
32940
31801
25438
8150
21792
9100
14286
32426
20753
17698
34149
13485
36556
32677
17479
12145
7163
19984
3346
38143
13655
15681
12827
3621
33366
7037
836
4165
36438
36347
4344
5144
11050
14650
37522
36152
24070
34359
3768
29869
35404
37732
16356
27918
23192
16208
16246
30199
34899
29828
16436
12290
25822
28919
4765
4650
1661
26762
34787
5697
23610
3059
4482
35681
34452
20505
7353
35318
39081
37551
33312
18320
16059
21012
29454
24887
7232
25647
30394
8786
29515
33489
37850
1932
37263
18665
10756
23418
24303
29782
30854
14068
22785
21685
6851
14309
29845
26227
4673
13521
2736
24250
38530
17611
2295
25381
36194
10444
24465
37114
18899
22202
27894
8766
20321
28854
22016
28771
8562
19894
37256
35823
35274
34810
10799
3883
25883
34867
11109
24950
9014
15918
1087
19847
25105
13480
652
6469
9712
23580
11202
17864
25695
32881
20717
13287
11672
8555
32841
9396
26238
16765
11477
33100
36978
24393
4038
17146
31307
23252
17940
13198
15494
17254
19976
8577
22581
30115
1184
2092
1000
24381
32960
26905
21029
30635
24443
17029
28951
7443
20873
8209
31654
25127
21771
33521
16945
27498
14924
24631
2654
27068
4580
13936
37222
20695
7176
6578
22429
26854
31707
30954
12601
3259
34161
25280
31975
32717
10636
7802
38536
15519
21075
10136
18021
31572
24773
24212
36845
12955
38174
3873
34498
25853
31159
6777
20743
14365
14828
7431
903
28532
33522
12087
10617
33222
4537
27666
6727
16476
13041
30769
29634
17906
33701
26334
16174
657
31804
33664
2940
34590
37714
24188
1554
5439
7668
1154
36295
6158
14377
31080
27322
11249
36716
9908
6712
9064
22641
3720
29031
29559
35426
14617
11653
14532
2242
5837
15709
17049
36195
39061
7214
411
24684
16581
9095
15087
32120
25900
8095
7738
14156
21812
18208
6513
2144
5094
3792
35307
33825
35069
31174
35490
2033
23658
14239
14626
12774
30409
8248
12790
22774
6960
2783
22695
27214
16718
4205
38718
9298
28241
13594
15662
38896
36916
833
18244
21228
34453
21059
4986
8384
12054
36129
5057
1568
24956
11290
35469
2726
127
38091
29055
205
14170
6507
15443
11664
17829
14724
17259
18304
38000
27098
31157
12957
29082
6789
23284
11336
28823
21526
9286
4891
11379
20156
21809
6835
26811
29948
14474
35054
3859
8498
7233
2159
14235
25123
3915
20898
1170
25929
31680
38181
8932
30726
4275
36642
19972
15217
12279
21590
7642
26507
12266
26747
22278
24944
21196
24278
17921
22519
2884
9602
10995
14545
34716
8963
13237
29036
1792
13197
21824
16615
26506
85
8067
19621
7778
227
963
39044
35453
18001
23861
35611
18544
29791
20917
17628
11355
942
22951
15058
17720
11930
31309
27991
34724
26082
17512
16902
12177
30957
24431
14995
3547
34597
28911
16479
17258
14164
25733
15228
13455
18253
31675
10855
29979
37898
30544
25047
9114
17032
12608
9904
31417
1112
25296
36343
32299
38648
21188
17307
29674
17510
13462
5197
11891
25176
16374
20112
22601
17358
9620
22318
35769
10772
18518
36110
2489
14992
33893
13826
19922
8282
2192
14564
37652
7528
35320
24390
11452
29195
16721
14401
4082
32803
21256
26360
23291
11778
21740
6655
27492
11087
18011
31961
12558
17868
28663
24996
36034
35488
6480
29710
33746
30065
33323
14941
30324
33358
27806
24858
10045
12191
2235
10770
32883
31064
13834
20282
13129
20654
15754
27011
16395
9330
8178
7046
824
23673
4588
38001
37010
27468
13109
34420
16544
8314
29605
19622
3551
6354
22796
11960
23365
38517
17920
15134
8858
4787
33107
39032
35201
15962
33563
32499
22521
16849
27855
4329
37273
24345
6959
33075
11011
35503
11966
36508
14869
7623
14101
15771
27603
25561
2263
5861
17385
32985
5354
4001
33792
9882
30570
3280
19675
17553
4664
38635
33919
34075
17401
2047
24745
86
10494
24732
36962
37048
4301
37049
11585
19445
3051
35031
26412
5023
23682
26544
24975
35621
10153
32729
20022
7951
14980
6931
1031
3987
3190
9828
30722
13048
17881
38339
25889
10391
31725
37212
13827
21591
36130
3265
28000
3937
14939
18770
11054
6846
36876
29227
2967
1520
33360
34535
3810
19900
6657
16960
27229
18911
16978
24564
4342
24716
9441
34154
9363
26351
23326
33549
2774
5753
12513
5187
5781
36085
8100
22170
23993
5052
20343
11475
29233
15873
12522
3943
38768
19582
36004
766
24955
24131
26165
20550
6739
3257
1563
17701
15368
10737
987
20914
10509
29095
38966
16890
21987
35789
13217
14128
22574
6168
20481
36708
17169
798
38027
29962
25472
994
25697
20864
25560
27415
32146
10262
15673
37884
2381
17004
28893
4678
1113
9625
3033
8388
6228
72
23049
31210
30163
2055
7667
26960
33534
37498
4126
4680
13868
35625
35911
12254
4511
31365
9303
12117
30216
14393
9999
34324
1204
39085
36740
18138
4700
15876
18193
25636
5126
21932
13796
26289
31261
30630
33984
39093
25657
38686
24565
7297
26456
5239
34366
25152
28112
29608
36164
37971
38209
1611
28658
38232
19074
3575
34199
36580
27638
1834
1508
9437
20956
21397
35803
21559
12308
29842
11792
33628
35301
21419
29915
37870
19824
13649
27275
6980
17467
27735
36674
34826
24876
31270
29059
34407
23296
15518
1461
32548
24309
11920
31552
2327
10171
17769
23760
30967
20738
34236
8039
24005
9858
1025
33786
616
21840
26183
2494
3152
7532
3797
3155
14502
38148
4271
8924
31245
26349
10191
12070
24332
31061
10826
2375
18987
29851
6678
944
36262
38397
22776
16985
10059
749
28909
12198
6592
16935
11231
21871
7519
13714
22437
28513
20540
36281
37447
32774
10455
34489
6627
38999
23454
15995
18607
1786
31870
18825
25463
12912
26497
8776
3412
6595
12044
29119
16579
29547
4523
26521
19040
26992
21927
36754
4288
35952
25072
14451
18887
6636
3077
1215
16567
29763
5538
37373
31588
37511
5756
11281
13952
3058
37109
19053
8647
38447
30912
36797
2921
16060
33008
14616
31748
22380
17289
17469
32318
38247
24293
28692
3196
27115
3251
23039
28592
21197
13057
36838
39037
21624
34571
36576
10934
2053
700
9497
14954
18241
7345
13658
22124
10148
20362
29463
10652
3537
19693
10063
1358
9067
9242
37056
24694
25888
18373
11123
16509
5407
12613
20444
34927
26101
277
24386
22528
21547
25129
4586
5165
38038
1963
23920
697
35402
30223
8215
14968
31104
18391
38096
28887
10846
23991
26338
12388
33361
16843
11612
16713
552
32902
18826
16069
6747
28964
4549
33764
7581
2554
15354
15872
31759
38439
27901
12710
38297
8737
21982
19648
11124
21483
35162
7466
18718
10190
19720
36684
35332
13330
34526
34823
2886
21271
34026
10297
27317
27359
20342
20878
33679
29816
35369
16786
36299
8607
29767
36119
29714
9405
10563
9106
2995
9608
31844
32703
27738
22950
27342
35289
29894
21141
34688
36499
18667
9738
31546
3263
38510
5521
31672
5760
14407
22731
18880
16309
9603
2927
32682
23078
12821
25276
31904
346
33132
4547
23923
22636
11179
9748
3171
25323
7652
28905
6826
3530
27222
15193
32889
11935
687
4735
35202
16112
13878
3039
15029
28958
21686
33190
17530
21368
35158
21485
22987
10016
804
32418
2105
31473
23787
11128
7280
12837
18971
4201
28354
26533
23909
34308
11404
15219
1734
26801
36977
2964
26568
34334
8423
14858
9541
14308
25345
14857
28145
37610
2097
10624
32061
23173
2001
29104
4761
4049
24903
48
27393
3483
20834
14839
26428
26088
35120
28334
10709
9472
27332
2880
35607
1463
22041
12906
21600
1652
11338
10359
34594
21596
8181
3548
1489
4319
17218
32973
16311
23523
21758
23717
25461
17225
4829
36666
21821
3891
33420
29429
17338
5465
18609
33848
28368
2380
31886
36864
4366
31226
10519
9503
4534
19029
12679
38491
32912
31792
3559
1676
30330
30789
18961
38321
15304
6926
4988
22615
25628
38828
35233
1863
4675
13340
10679
33108
14902
28190
37999
19721
31667
16756
24484
20049
27412
22160
9180
27469
11006
5708
37564
21424
10778
13786
19225
12335
27378
16821
24310
36510
12083
34528
24885
23159
15605
22679
2998
7978
25831
26481
6805
20283
31239
20195
36403
19437
241
123
18278
35114
18637
33153
35852
8265
31492
4150
27804
34332
38568
22640
29985
15636
18473
25990
17344
703
35100
19280
11830
4354
7245
16539
30329
28069
7168
25369
6058
9566
33725
7438
25877
27365
35862
29772
30148
2728
4901
38233
1807
14969
134
8850
6229
32814
32142
13734
1648
4199
20312
12148
10219
11396
19704
1171
24096
13763
22908
13943
29350
35091
37170
19021
21798
33994
19739
19000
32079
29421
34719
25924
5556
15151
5338
13087
5818
1817
10135
30382
16549
2035
25876
5736
13776
22973
5903
6450
11979
12107
1931
8322
15314
21955
26051
33900
17292
6104
16205
14905
6688
32386
8884
19195
25911
11301
12068
26908
26283
2681
12081
24708
37022
3831
11021
20104
31709
22599
898
14542
31466
26185
33835
16397
5418
36187
24800
15837
17020
32357
1636
37207
21437
21460
11132
34312
7846
13803
12636
23573
33013
22445
8201
11518
15757
34163
7983
28395
10346
27568
37176
4193
13245
33706
5729
6426
15189
9250
30300
16734
10252
17876
32419
16216
29561
25873
27093
13724
28720
13634
6780
29196
964
19676
32809
21555
32899
19163
6969
13335
15789
3984
23574
32261
27788
36730
20462
15283
11512
31302
7709
5899
26524
14579
30761
35080
22051
31946
353
15356
8143
34761
64
3580
32587
22172
26444
6562
11592
3865
11842
32039
469
36861
5386
21814
2974
9451
33871
18164
13120
35256
28426
33951
26142
16489
13705
36310
29091
17349
38522
5516
15275
23527
904
22112
8366
31285
10081
1987
231
24752
17536
24852
26681
3454
22516
5404
481
20523
10076
16594
19561
7282
7130
4781
10922
7400
20951
11490
16769
32010
36948
32627
15071
35250
31015
12429
38732
6554
9643
29841
38886
2154
35444
7757
8251
8
23009
11173
19799
38375
35020
4255
30818
13764
35163
28319
36220
36407
36586
6438
10604
35193
25483
9486
20855
32209
693
1101
30990
34891
36753
30830
25865
10272
37322
13527
33066
29197
4155
32315
29507
29533
23657
19963
27825
8281
34063
10583
36245
18955
17434
23269
3574
1725
26316
24874
36266
28996
26176
29645
36869
36806
16416
1389
21448
31422
30086
3001
19684
10260
25418
22497
35630
13516
25423
37773
19898
9262
11726
36612
35459
12550
24224
7231
5914
36931
33038
18168
9883
20272
20293
34346
17159
22488
11335
16806
19324
12131
17660
34959
402
25359
29250
22097
29837
7697
6832
35101
23799
28630
1043
4031
26092
22387
23852
31775
24901
9515
26492
5593
26056
3518
33254
27917
19749
11757
27446
20647
21324
6953
17849
21938
23430
9915
37897
28021
12815
24048
4908
7843
21001
27601
5002
14540
7169
34629
35003
17451
27494
32163
7927
31638
2676
724
8450
26182
2954
15362
29159
11265
36685
8556
31981
11678
12575
26917
9871
33543
36721
6641
21626
10502
2600
23097
5597
36857
31067
16584
18533
31909
23417
1950
28959
32294
21336
7665
17688
8021
36097
36093
18705
15674
12807
9222
29025
31110
27587
37072
33964
26973
26110
13488
35119
3211
11097
23960
33935
28409
17339
21195
13797
18004
30800
37942
19557
577
16961
9138
8452
26531
25253
27248
16708
32158
28349
6809
35596
16325
35470
32131
1470
3623
23961
14806
7157
3111
19828
36570
11083
19281
9512
8679
2070
38702
36578
12986
21020
1805
22738
7783
1623
27657
14091
36140
30245
35701
25625
15388
31624
10522
32401
23534
24235
6100
30673
6268
7771
36792
22259
6139
20119
6499
30082
20857
25386
32353
13958
28115
37422
26111
5150
34964
166
38293
13751
4497
17058
25758
20139
28427
6984
28468
5487
21047
23412
23904
21679
100
22944
26125
14947
18159
23021
1185
12043
14577
7372
37495
33922
6152
37416
2024
5205
31836
23483
11257
2080
24890
28712
14254
623
38605
36105
34071
1663
32524
3366
25022
12990
16426
11382
10447
10697
13274
35790
18422
16493
5336
9134
20246
24094
32538
30856
35617
33184
13584
1048
27104
10791
5633
4763
10875
29500
870
30236
20670
26476
11594
36599
23226
18289
13482
27410
17926
22451
30918
1693
16779
29000
15251
5803
7564
12927
6658
25807
2057
4861
25489
26859
9784
32522
38857
27466
27451
20620
32534
2946
12569
24868
1032
31141
5481
5890
35659
12988
5869
29003
37240
28323
11643
15993
1613
13219
8348
14165
16422
7041
30717
21455
22779
29560
554
19039
2751
34303
2930
9552
36465
24456
5352
25389
38383
8653
19775
13815
5661
19217
14504
13122
27660
38356
8991
4816
18651
33164
28299
35624
26914
21248
18114
36379
22197
33767
9688
20986
2412
35187
18593
8031
14293
16695
37412
13497
8255
25858
14384
22146
11318
8656
2635
12634
26235
28344
36882
34080
13619
3708
15764
33557
20757
16443
31944
28862
667
22996
12814
11130
27453
30326
12858
16448
477
15665
38320
2542
3404
24395
35507
3853
33142
25578
6605
21890
30389
26181
4965
5810
23452
8054
3449
27408
22248
25271
25160
27993
3456
16340
7744
3044
16725
21342
13557
3254
14169
29730
895
25796
10285
23499
5909
22343
37377
38803
21967
22109
18985
9550
25093
20619
14458
15907
22439
30354
32657
24866
29147
3681
20636
28084
17650
12376
30047
19960
31173
13575
6485
2807
24623
8872
6898
10750
9529
22327
31896
31935
34187
8721
8798
29089
24013
19420
19964
30561
32062
36389
34887
20799
18962
14829
12748
10318
13628
12720
19340
28808
7096
20886
27456
21909
24643
13650
24325
31503
1912
7380
25357
36348
28146
36237
19637
29526
36428
11649
30971
24630
10752
26260
33539
25153
19810
9471
30025
38499
6659
17427
15422
21772
23380
38127
12036
38902
1321
384
1183
34385
36958
8514
39006
27903
25098
23631
14291
31066
17972
2158
27968
24480
16885
12951
25114
26288
16071
18647
33206
15446
9416
11398
25850
5723
36932
27463
17187
26546
13067
30295
22918
4143
9771
30710
31661
6079
38788
18534
29207
14736
28533
5730
16675
38627
23857
31565
14811
2864
17572
25510
23708
35717
31583
35355
18620
15856
38268
36567
4773
4840
38813
38956
5025
22748
6141
20123
24945
39047
4929
32451
5391
19404
18483
38539
37003
8385
23709
22324
7459
7931
33852
20646
31702
22906
23728
1830
26199
1379
28937
17631
26475
10924
21761
26246
12020
33846
6781
9742
6186
22212
20821
14921
3503
17612
34769
24217
8522
19256
1857
2288
17429
26121
33953
28296
7628
36637
7394
20297
32452
19175
36850
14566
28430
35253
23918
20775
27132
33060
12984
35766
36198
12833
12637
26660
9439
17177
34449
23110
10015
14403
3213
18761
31470
38576
15509
2466
4422
29539
9372
25745
31745
38292
8119
1140
14280
12456
3330
23484
35117
10370
14639
14841
8841
23501
20062
5754
37338
38309
37138
1395
18149
19127
11925
22368
10349
4939
36551
26487
13931
4686
15572
31856
22983
15746
34674
12048
18595
30089
32981
11133
5124
24482
12975
6836
28703
37057
32310
15258
1316
36959
34923
22180
25167
36090
37337
541
5366
28665
11802
23899
7577
17288
9589
32559
12285
14469
27470
13581
38912
8641
36883
2834
18904
2878
20039
34002
24779
17498
37235
29273
9349
9455
30613
11235
18701
19182
26745
14988
35704
20644
14172
11271
10133
26942
30109
31140
11663
11428
2936
23692
32497
10218
6994
8622
25828
13160
7737
28067
34847
21093
11810
37840
23518
16842
8817
31356
38353
38847
30495
17010
38925
8038
9704
5850
32827
7574
35812
32011
540
28125
8933
31441
33578
19889
13545
593
38694
33297
12747
11415
11964
7126
7369
37565
38032
14584
32191
11027
31334
23016
39114
34751
34235
27906
34264
28102
10766
37680
36679
21428
25573
10508
7028
6504
21088
451
32988
33559
17321
11306
13476
21929
7576
16744
7109
12196
9144
5249
8779
13448
22271
23978
21842
5323
36113
17082
14897
11742
175
28352
17615
37974
3015
17816
19179
38738
11815
12909
20436
34386
18571
37949
17269
18936
38923
6420
1656
7853
21005
14229
5741
38493
27403
30896
27912
30942
13556
32582
17333
9461
18986
4196
11976
27637
35346
25930
29315
22741
7184
6925
37611
3272
23007
32108
26825
5170
12784
35161
878
7603
32646
22317
8747
32650
38442
33762
3021
21332
34822
33804
14355
30734
17204
1513
6884
36946
30524
28238
9800
34335
363
31941
2387
897
11060
1369
4948
28237
33225
7141
36555
34658
21221
534
23181
19139
2978
12042
29824
1270
13526
22768
12639
29131
23729
31984
34738
16530
13231
31914
13897
29709
12398
8362
6326
7469
10205
1327
24357
26499
35549
19723
8762
17316
28130
23068
4278
23630
12740
26543
15341
38951
26364
29769
1626
13531
28952
31954
29386
22398
23895
36517
4569
34326
13641
9539
6728
38279
9593
28177
19919
32755
10691
17552
21004
35105
24319
1965
30230
17496
21862
25321
25365
6443
20860
12554
10313
22844
21270
35408
14761
23059
21760
30458
10817
30833
32589
7687
13258
5131
28005
22501
28748
24075
24025
2306
25424
422
37891
27739
14919
25203
14323
6885
15871
4335
11994
8437
7659
25277
24718
22223
97
31280
8085
6339
4981
19833
18776
26196
34953
28280
30994
2569
14910
19583
30440
26131
30926
34514
15146
38376
28176
25379
35590
2157
23025
17224
16906
35594
23694
20311
32466
6566
30266
6961
8846
1370
20640
8908
30650
19244
2514
5815
8662
27532
31795
36634
27830
15899
338
23745
25780
2060
29831
20300
24053
6998
14421
12763
17023
19400
37803
17761
4231
8148
6723
23522
16704
34094
37027
21752
26881
1374
16757
36689
29881
8427
18317
29689
595
23846
9540
15377
13100
8531
31515
11820
5522
10017
4843
20576
32907
33774
31928
6498
36593
3800
18098
13153
36212
11806
3988
8012
15503
19657
7907
35589
14757
23120
4382
30480
27032
33032
16308
35477
30727
30097
29542
34759
38547
13731
20606
16007
36489
37266
3523
6213
17324
23096
17978
27405
15001
21946
32145
17438
29813
1758
32606
20930
15243
19957
6304
36759
16991
36444
1692
22129
254
9012
34084
6814
19264
4828
32368
30683
13879
4217
29609
31758
26006
2453
29950
28643
32298
3876
21254
11367
35001
23203
15158
35437
22018
26666
35373
775
11823
32385
10105
1548
1621
13361
14096
34605
37450
22053
21350
3464
37876
17346
27278
22732
12949
17000
17411
29461
37673
12466
13495
8280
31518
21166
30892
30545
30438
11790
7057
34938
22866
31355
4525
27167
28514
33832
16830
30933
16706
7480
24455
37624
25186
38866
13798
25145
38931
10474
24787
17174
5654
8618
2132
35454
27791
8706
37442
27389
5910
36000
36566
3284
12060
11506
29820
1356
26217
4435
10949
33298
33134
21962
27243
38055
308
20734
15246
31658
17633
26398
12736
1781
6956
24523
24902
14413
19009
36388
35025
24522
3975
34928
21416
10126
29963
6702
1826
36915
32599
887
12212
3453
18486
25367
11167
35525
18366
2206
30831
28700
6280
1822
20735
38758
31779
24722
36401
30465
21986
4347
15687
25427
5072
8090
6478
6687
37262
28886
11694
9093
14570
28231
17421
15416
32773
11412
23939
10439
6653
25592
23176
9257
3150
38594
11900
25855
3184
4570
12077
31532
33661
6549
37250
25207
18568
28644
888
26504
29576
33455
34766
24928
27951
14618
29882
6591
36530
12324
4987
12832
36080
27219
21151
37851
258
24124
29295
18580
7684
32876
12428
30196
9332
29620
31475
35007
26870
7658
8906
9094
11084
4725
13932
29868
16319
32415
10598
5528
21265
3235
23133
20641
20702
37811
9967
4520
33074
11353
12715
11408
36456
21696
34661
14261
429
20980
15426
10231
28307
2870
31523
3814
6235
27565
7352
31485
24655
25322
27245
7918
4298
31128
35443
28585
25101
8878
6614
6987
30150
490
23989
28020
10962
32165
763
29016
17532
29930
6698
22797
33122
12500
18634
8369
15417
22653
13174
17040
27283
32929
27033
17958
7429
14482
34864
30153
11002
37029
14885
12782
15166
18056
20206
14143
33369
29037
20567
5573
12168
5314
25917
22073
38900
14316
7643
14621
24966
7204
508
6803
29088
6773
19484
22276
20920
22506
15120
30901
1005
32898
26322
5639
949
20137
38927
852
37542
16350
16589
4263
23458
17378
6912
33926
18954
27726
37590
12352
25135
24042
28027
7676
3638
9906
38300
38405
36045
18784
18144
7914
9038
35733
26208
7401
15013
34151
10423
13477
13793
24669
15263
37128
11040
14614
32332
11559
8194
15896
29239
5892
11624
24077
8463
33887
15747
23307
37861
25051
21789
38101
35671
14676
5221
31735
7389
2756
38520
5113
25302
169
28054
17404
18932
19038
27206
38880
27176
35771
17866
7356
31611
17351
38633
23936
9346
28913
11606
34357
28242
16606
28183
28456
5626
10823
23429
15753
3506
5822
27589
1286
3857
36799
30224
4441
13017
38837
200
34317
18599
17140
14193
11999
5638
18163
12878
9477
12937
36728
21660
19667
15968
29788
35164
34559
27171
37438
14231
32684
38489
14461
29249
15875
1639
12908
16943
15609
34179
4083
30655
36118
37060
32531
37648
34096
35930
17240
3806
1261
10835
7215
1632
34577
6277
31491
22770
38406
22071
27634
37301
16441
15126
12397
33047
528
24143
35217
32128
35281
25826
36062
38126
20057
25313
6820
13538
29232
30231
4964
10825
7746
28547
11547
31031
18698
30737
13031
9713
38834
25425
25852
10692
18332
27047
21403
15165
9617
35535
17223
16496
21263
29210
4852
3273
28367
14392
25690
36913
15020
11227
21747
4888
17214
24859
8558
20438
21019
20263
25748
37223
34047
14884
20525
38211
22238
16521
17843
29893
8545
31474
618
37460
962
1093
7816
22226
28707
20703
25615
18944
5447
20032
3390
4160
35744
28412
29042
9878
21490
25338
38430
34255
21281
35460
37572
33428
21693
684
5445
19397
10141
14799
6355
37880
1612
22991
15385
35343
23646
23725
14001
9316
26916
18349
181
18265
2229
4531
24621
14394
15096
12292
11386
28450
2869
21861
1144
33015
21165
21415
36807
34166
7890
3079
2482
5802
1164
882
4068
1654
14119
11431
19238
28655
35711
9169
9829
755
17375
27092
30460
34322
7391
29483
14664
6612
38799
26890
20932
1225
31739
31497
28857
17697
5090
17309
10188
35753
19237
32081
9945
21965
19551
20704
9136
16996
9429
4820
29829
6353
3641
36540
22701
13191
31538
27148
24642
32234
18977
28828
8331
9130
18575
24257
14100
16705
26728
12185
30387
5980
28138
3426
36088
30404
5168
2088
17422
34643
34013
17985
25692
36518
31637
33730
38518
15538
16077
21625
23468
36330
14792
12097
19269
23255
36775
15603
36361
30258
2932
30627
1813
25266
6041
10612
24085
11445
18734
35559
23772
34653
13338
2140
9088
13857
91
11759
28594
20870
13111
21111
29258
30579
34030
11809
31852
5291
19248
31600
32995
15293
8460
32543
29688
38261
7986
27821
18678
26366
20596
32398
5474
7219
13156
7561
34956
38023
17155
5075
10130
15602
9973
26706
13744
5022
25511
33
23047
9930
36229
20534
25040
35110
33677
36028
32758
18195
32492
2043
20390
26863
11771
29251
10654
12160
24581
20467
16130
22539
2253
16053
36712
9635
7662
38632
4958
229
8550
23981
33718
28374
17449
3192
9233
32678
17826
20495
29402
12907
25829
90
16159
28848
34095
37561
32205
22504
38299
18327
11873
13565
12685
6503
7150
29818
33855
3168
23403
2544
4824
27267
4932
19890
18223
15379
19803
4777
2501
38395
33271
32440
27090
22298
36018
16815
28309
20292
4436
30490
21234
38017
37643
26461
8792
16528
16916
20615
31185
26682
6823
35412
1075
7111
21449
23010
1353
26109
29215
9794
840
22401
18288
14873
17414
32849
2904
28353
1424
16563
19099
36542
21670
13905
12840
20603
38855
22875
35715
401
29677
17067
19953
13141
27731
2170
25300
25431
32390
20105
19026
38280
7494
23821
22898
38736
21783
12141
24610
5129
32407
7874
1336
14150
20092
38269
33861
3455
13908
25433
23723
3091
18279
25996
8420
5375
1785
35011
22463
35321
2068
24401
19737
17851
3172
8996
30004
20800
14589
20831
37055
16949
25430
29163
22188
34253
7566
33077
9171
19791
31805
17105
23376
13785
38564
17233
27193
10581
35378
33456
28478
5324
28880
8671
22009
37324
38097
24289
23614
24276
26657
28457
19634
15516
34373
16018
11613
13604
3996
22902
36961
3040
5770
21666
36173
19934
20198
31063
33770
19252
10699
2160
19243
5952
20661
37952
30356
35700
4899
37486
21127
37640
10531
3525
19286
6021
12258
4818
22314
34665
23228
16545
29875
20979
26587
35974
492
36116
8731
15136
25320
26011
1818
11799
6103
35284
8283
9571
18024
9176
13364
37154
11174
27517
24307
32195
18831
36408
30447
8208
10071
22101
8661
11468
25603
26925
12773
34950
4564
20199
27893
11717
4121
39001
26024
13304
14845
38226
28175
19398
37731
5229
35390
22960
5839
15336
26807
38245
36058
24214
15969
16899
34107
13379
11803
25907
3230
7517
18983
29575
2818
27179
8759
7132
17677
18
27764
10328
19436
14569
20435
36830
17681
9557
18046
11201
31413
24872
31255
20313
39045
18125
25719
22766
13580
10334
25645
10053
35757
25378
1346
13060
20483
13603
38693
12255
3553
6325
17176
14038
19944
21545
3527
31004
38938
22452
3662
7218
16884
11974
22627
20962
4977
5848
430
1065
5054
8690
28226
25806
23544
3564
27829
38035
12414
28580
19895
25053
24959
25812
25086
7075
12526
13859
9560
15925
25789
22606
885
6993
3691
27065
12369
10128
30159
15127
11447
37574
954
32335
3717
21777
36658
32724
17179
8796
17303
28758
20448
7600
38801
31888
20948
22400
26385
38207
19939
12383
24055
29627
18100
16385
27339
12855
46
12655
33518
36662
19428
3587
16049
13376
33253
25533
31027
24051
7930
37440
34531
30633
9795
17763
35642
19549
3066
32562
34866
2318
16020
378
28272
21984
28503
24219
15617
23357
36719
8520
10685
15645
37789
568
31168
1022
15265
28784
15119
33691
28908
27744
408
12154
10335
3820
23571
12947
29833
29739
5285
35140
19402
29866
8144
15515
1680
28691
77
5078
35648
36391
34046
10010
24850
23769
24204
11848
24426
37456
19086
30604
16337
35692
37669
30592
25683
35618
3589
29744
8050
3795
1094
13331
33375
18847
1145
15003
29821
20908
16238
20005
718
36573
13398
21610
23354
27640
33245
6099
7533
31642
16588
28493
21928
37105
10416
4796
26210
1191
14886
38818
35251
6327
9452
2800
23169
24049
15917
37464
23241
38419
11984
27729
7635
11486
1433
22919
7167
12920
25620
17278
30698
32804
24328
30517
12169
3468
37615
10777
6719
12717
29175
6709
36820
15272
352
30620
14769
17812
28945
36920
20586
20709
9003
1430
18535
27180
9402
17091
27108
10694
13210
34648
32200
34789
35342
5552
18741
2575
12847
27072
33135
22823
28626
37500
3540
7191
34889
17695
20901
4528
1142
37340
18039
24751
28726
22285
30318
13601
5523
15014
19426
24846
8848
21048
31138
31988
23161
29327
3049
34974
11354
19273
9634
21784
32831
37186
5558
25244
13494
34772
1334
33270
10854
3894
32177
23368
11105
17088
5416
3351
38274
22397
34240
3576
13718
31046
4701
35269
6346
11260
24195
17797
2690
12461
1104
21714
30152
32450
23678
7419
6782
12155
197
27656
24987
34767
3522
29274
11539
21382
3760
13282
9751
33427
21834
23002
10565
35464
21546
11193
11774
11481
33709
20158
17077
1056
14823
11564
18300
36846
28955
20262
29757
15607
29886
11308
29822
5425
9576
13484
17168
29991
2271
19307
19871
23828
27445
33471
1118
9085
771
16227
24218
28574
10895
31831
37247
34945
36020
16320
6964
11589
20086
18982
18205
7882
8349
28870
5230
2293
6012
19346
16976
17828
38740
17740
27302
32189
33466
35175
22299
11721
20051
28265
6810
15589
23339
37679
16009
5927
30408
29729
23077
24633
37358
33610
16876
6477
38384
3978
5852
6548
9086
990
31740
8365
11549
31060
29203
10483
4063
28981
34836
36443
6545
14796
35064
29900
32346
27006
5530
24624
13791
38082
33885
29852
17275
20910
29960
5381
5257
36862
3445
14963
27192
18789
276
21681
12624
9133
11590
10282
14404
12450
34325
1542
9236
33877
30665
27351
26329
34387
22835
26573
25693
17054
15550
32272
8988
9787
606
25071
34468
34290
9843
11851
25104
4508
23790
13872
17123
10375
936
5545
22687
35925
14378
470
17767
8862
6133
14819
21230
31516
26197
7471
10166
34060
38351
38427
18660
2425
30875
7865
18018
33305
17682
34839
34704
23719
19372
23498
17882
28446
6697
958
14300
24711
22184
15458
35971
25058
4228
14475
23053
14613
27723
16963
24481
22895
16196
4
32026
22605
27887
27576
21027
24150
19293
21550
17506
871
2989
14693
37935
14357
13323
30948
18272
35370
21583
965
14945
37665
34364
19809
15580
17520
15264
23404
20712
17571
29139
15706
17563
25375
19338
39050
5010
4879
10732
24220
2078
14686
12067
2406
22544
38643
7361
35506
487
28735
23367
14909
36547
3403
880
33687
31582
17525
32420
19278
30843
21562
17579
12370
1068
2805
951
18383
5254
30360
19396
18043
13394
12296
35209
35724
10029
31964
31549
35374
8399
16692
35244
11008
25450
34708
32437
7226
3361
15997
13473
30186
38224
14599
31269
10668
29697
17178
37376
16435
555
5705
27566
16087
2956
12103
24935
24341
13520
14798
9113
32246
10343
13176
2851
2636
31360
34777
38043
15074
36022
12158
11860
18260
16936
3156
37112
25654
39038
31206
21372
33942
24973
30271
14710
33113
30853
9600
9270
989
35204
38391
35098
9498
25727
23531
23944
15569
13657
16788
24266
18435
9728
24864
25482
4670
2300
10807
21176
24080
30973
1765
36652
9881
35293
11004
30312
33875
996
2173
36546
18418
3995
36292
2839
240
23890
33639
29716
20612
21172
34948
3386
21319
8024
16653
20235
26268
16244
20220
22675
27352
30100
5433
22691
17185
27489
33562
23190
27220
18467
36930
2631
33325
20602
30858
24558
9696
8275
15367
20194
16005
30768
21266
38134
20583
22023
1870
24156
6445
32207
21872
18419
27773
17827
1853
38798
22533
27151
32027
26050
38302
1127
37550
22046
24190
20492
37042
32544
12451
809
7815
17916
27129
4225
17757
31086
18713
22568
37702
29148
20229
2741
13151
7408
2602
35984
36477
27413
15713
1360
33465
7070
9852
1209
35662
6123
3931
38092
26768
13267
26847
841
5284
37601
19061
17883
35169
23586
12469
31033
24033
15752
12749
38845
22730
33857
21845
10528
16784
24098
12545
9269
36447
74
6943
35429
30116
38413
15961
35004
25319
2750
29486
9689
3516
2296
23119
30508
38869
30559
39048
28859
26353
17402
4341
26508
63
30988
7134
39052
25805
34097
924
28483
4721
21209
4162
18282
34093
1650
5307
27175
25126
33528
16014
20296
11816
9290
6226
7407
641
14786
30626
5862
10425
18871
15703
21654
4197
29057
37291
16836
6170
742
24496
17243
21076
16732
22472
30037
32377
7032
3384
23201
18433
22537
7296
8048
25605
38993
32856
26437
25559
30512
27376
2030
27459
31610
19476
27375
36157
28
31131
26458
18093
25000
12516
9629
14123
18945
4544
7651
13778
30535
37213
20536
34713
14346
29838
12032
32520
23221
38598
8468
8196
34369
1128
2850
1506
33838
20552
6479
38543
21138
828
19947
5615
34837
5799
29152
38034
26232
26931
37037
15124
17568
18855
24060
33720
6175
28698
26608
4320
30355
511
33063
21996
37245
18412
21357
38049
3127
33386
32561
28191
4421
16619
23883
8397
28949
35458
20034
28075
32000
22304
10714
13501
4973
31251
37218
5446
18646
17673
20512
33445
4928
5777
3134
6797
21525
22433
8633
6666
8930
13845
17102
10848
14975
16923
35749
11149
22697
14915
19653
36584
38465
15573
9340
28355
21396
11647
29353
14249
8288
5860
29062
18202
7318
8455
16942
15154
9189
25979
29374
21450
23582
14310
5572
33158
3067
18777
6471
22756
31304
2117
13076
28274
945
7648
10415
7159
20378
8109
4291
29413
17426
2677
12603
4123
23236
1810
5195
11102
19942
31247
22890
38802
33959
36875
24984
25269
36272
18970
4432
1645
249
12564
34941
2983
18737
6279
21879
37050
4108
29880
36645
18725
674
35855
38673
34596
37220
17997
29219
5659
5939
17412
38796
6762
34844
33085
17714
12382
6693
13382
36228
9023
23766
33727
30893
11350
26947
23921
17486
1124
11393
38156
25027
1111
4398
37399
6297
37269
35646
3817
3647
8236
22956
1205
17084
28251
8123
8197
24884
25084
35039
20650
35028
7294
37088
19033
30594
21137
38976
38210
20941
18837
773
4543
35743
26610
8051
33046
27852
4793
8685
3884
23387
36156
25713
18280
32068
30554
14042
19715
20685
7183
7452
15984
22076
25350
31763
1267
13709
16085
22234
32465
34986
16878
32640
29403
35922
22020
10461
14718
8405
38986
1996
37913
31013
10734
30778
25439
27425
35112
14582
37587
11651
35605
19253
29211
36151
25344
17722
26375
34909
25233
36681
38007
31650
20693
4269
1681
28824
8873
23338
12337
10555
1976
5951
2730
7319
25465
17597
1006
17798
22726
10007
7922
20363
728
13387
17604
34930
17783
6176
12173
35423
32746
31924
24170
1309
13996
12192
30310
33198
21584
15797
18071
24348
13372
12795
139
25036
33425
29444
37380
24445
30133
17437
759
26512
15975
22169
26034
29580
28586
27420
7442
36629
34056
15627
12108
14888
20326
18650
20696
20108
23425
35830
8112
22734
34636
6393
21900
3657
14679
33828
8800
24806
15590
849
23591
26046
9553
20387
1210
32620
36891
16785
35247
6584
33899
9362
10326
22442
23689
6344
35529
35093
774
2429
5711
30320
5188
38325
28036
16149
23595
2896
15113
28449
35973
25992
37767
2649
34484
15736
26221
32296
1780
37642
14159
13847
25226
3353
27224
19599
12751
25230
12817
26719
8901
11277
9697
16226
31699
19731
18930
13875
22888
24434
35660
29417
25939
17009
22163
25739
10874
32129
3590
14726
27028
12459
33626
28540
32485
27168
26672
10281
24240
12005
36
5098
18728
24814
14343
1248
16644
18941
7272
28312
38550
20368
24416
16975
5801
28830
1754
28293
2388
32458
3600
5580
33699
29555
37082
8735
15053
10784
29043
22847
1250
21009
35592
8646
20059
28718
4028
16987
36887
14830
5172
34196
14064
35236
750
34576
20822
29602
15563
28709
3088
17670
16243
30128
7925
11175
6040
7716
33856
36554
10625
27292
25019
26770
7536
30294
21931
31008
35073
28704
2137
5096
20142
3
4844
3550
23506
18080
8674
2842
17325
24836
16672
19056
36675
29151
35078
9424
6414
11531
1672
13252
22175
11025
22543
20041
5402
20355
5190
27442
10643
14966
116
6863
32698
2888
22995
29228
37911
17899
25
33614
7063
9358
9509
32143
35864
12121
2028
6690
38626
25073
24125
3514
33213
30270
5675
18973
32713
20778
17383
2555
20648
13553
30010
26882
35312
16574
29052
1755
36206
15389
15675
12493
9847
15363
34140
18727
28983
33763
38589
15439
20744
23504
4166
11516
22649
22887
671
25432
21208
26486
35186
36779
35038
15992
20766
37704
31400
38720
25197
14319
27493
36955
30640
17394
31372
19082
19097
15739
23109
26532
21461
9435
9491
19066
2583
20166
2929
27501
37901
157
11885
38187
38066
23042
29070
31058
17448
30457
37776
15628
19980
6827
22924
2101
14850
34598
22176
16088
23919
19041
27818
31077
9725
18746
1241
38432
32162
13451
14427
35755
21621
33322
6225
4791
38774
9924
7753
13472
11561
27618
30452
25001
8829
16041
24277
38575
19138
6488
1107
26964
4720
13018
10409
6537
23771
7038
36356
21878
10662
28873
28785
27336
9897
13811
16984
5855
3139
27253
2933
10663
25618
18767
29101
21888
4860
4241
18321
3507
26842
29517
31286
29719
23317
24579
1076
1307
12822
2325
2294
30805
26984
10913
25984
33387
36804
3417
7089
23761
19783
20417
22132
31631
37355
8922
8645
15381
9132
26937
25740
10594
31557
32328
19912
30255
5873
11160
20308
11034
34731
22807
17206
9119
31519
7837
9309
35626
25773
34536
14131
5913
29080
25340
35798
10448
35009
3685
28497
25172
9580
14093
34755
934
25515
35481
5647
15225
37857
19297
27321
34271
36192
38474
21250
32355
25778
24969
32574
26112
34414
23660
35319
13621
18408
7739
17015
32642
2822
9043
33736
18472
29565
4410
31750
15040
2564
39095
5373
24830
30540
3246
741
9785
36109
33890
7803
9579
32793
413
3101
5108
23476
30332
25985
1703
18502
30921
907
31782
37363
17280
36871
12869
12218
14483
28793
25158
20965
36159
23836
24263
2931
2788
37983
33125
37215
1903
18323
35179
24612
31950
22382
32477
10114
17081
32928
5335
15358
21656
36941
23011
23141
7102
20191
13332
26426
14562
26675
2547
16122
23289
23303
7955
12621
3379
13405
20178
11863
18775
16663
30093
13307
11333
27836
2710
26982
4703
35805
29323
27364
1708
15994
14076
11909
21447
36350
37366
4951
2515
10925
14195
27771
33631
14273
23785
5955
12090
34311
13500
16126
23235
4903
16286
20609
2776
21970
26401
14162
23832
3899
1501
4801
21905
17833
35842
10351
624
16905
388
19588
3409
9538
34806
33339
13555
19031
38188
30616
33435
30197
31443
5145
18026
38326
22735
20159
9753
15011
33328
4085
17489
7518
18010
13071
3137
23685
31190
37535
33865
8155
31275
38380
19946
31843
19795
28321
28988
16315
9283
28836
36561
9204
37354
14825
30363
2629
9993
6005
25760
12972
15594
28994
18402
16948
25161
9802
24347
27608
15282
27944
7223
33021
30348
7220
6640
18517
17326
14943
21715
33499
12940
11951
29819
12512
7390
32741
31756
6724
18140
38915
1155
30030
21147
27718
22782
34340
25955
8952
27184
29253
8780
1897
6745
18996
8472
2938
24485
20810
20232
10989
26953
27272
33481
26491
2434
37741
21549
13577
33507
11646
10885
22587
38483
24411
2321
27008
32964
21326
15557
10859
11591
16617
36562
23331
34147
10084
24162
25281
7954
16103
14563
24158
2706
34584
28552
11632
20328
6451
206
30770
32576
597
19027
10765
21042
29621
4033
34600
24651
15006
33247
2238
38638
12889
33989
30141
305
7488
35172
4631
3407
39025
37346
38889
13644
36293
16857
7671
14468
25623
19224
6830
3974
14029
29968
24167
18972
28620
21592
35266
25682
27400
10178
20429
30760
2363
4788
12891
31222
6439
21608
28064
16894
34587
23837
34968
11673
17815
4253
10412
34915
10547
27524
26861
18926
28780
2717
3126
3279
34829
13049
31562
2587
585
22329
37203
9801
4989
17546
33115
21120
14364
4456
24337
29381
862
5846
31231
17239
13395
33617
23415
27732
802
32871
1526
13864
35067
10901
9053
18393
21289
31543
1271
11166
3933
23477
5973
3967
2342
13642
16207
38733
29168
31303
22855
30959
21556
11154
9601
22510
10287
6610
20114
6521
6130
25746
23434
27071
24683
14302
22043
7101
23497
18308
29190
12772
11712
21201
19330
34219
26837
6278
28160
3900
25881
20728
1427
797
15057
6155
38485
35797
22794
17870
12046
23197
27096
23632
5089
6382
10711
23911
18166
8870
26230
32024
2771
31332
28346
17931
13535
8801
18624
21968
11690
193
34865
9502
6737
7622
17424
17341
5498
1411
11761
6546
34617
31042
8597
14352
12730
14417
37733
18106
16525
35739
14705
10049
5046
6631
28790
20756
24239
8079
25926
29017
22263
29114
37323
26413
26713
36226
11825
26450
4980
1831
21794
3103
30934
22949
5565
26926
31506
4021
17661
22114
18400
26570
3956
38852
13899
22063
10400
21895
37414
23223
25994
12092
16312
4486
27910
38259
30234
15215
12262
18711
39105
25016
17450
29595
18027
10984
33777
34504
18561
12137
29377
29871
35690
2177
28167
3073
36429
6923
2393
29006
5484
30836
13784
34756
1527
35351
32597
6977
37781
33173
3359
33344
36009
38180
7621
20881
34211
9314
36084
26702
22371
16046
16359
29740
26683
19250
35890
23758
35867
13828
28159
5836
26107
38654
8517
15920
21808
7044
4841
33950
32516
7896
33611
11522
18800
14075
13954
1586
18119
29229
15682
22376
777
38366
19647
23052
23869
6859
6187
21916
27516
16938
36577
9243
20361
11446
23987
21330
34456
13490
32923
32119
12981
6853
976
38305
25982
32632
15410
27411
10686
9730
24079
5717
1041
7831
4041
25258
24567
24175
26828
9581
29989
1033
2801
11383
25387
6732
32150
17229
24608
12819
29889
34336
13408
36877
6067
10443
32342
31459
14740
14970
31576
34871
37236
32236
37189
7884
16399
5453
3075
18017
26852
24229
11220
28536
15031
23705
21003
22108
1133
37243
26977
14556
4890
8941
37419
15201
723
37287
4669
2871
16559
17477
21751
14288
13133
22787
10761
37087
31823
14575
26727
23917
1767
14250
24364
25846
23963
27404
32863
22373
2503
38260
16113
13021
8327
6599
30548
5812
18542
20382
24816
1803
23781
10018
328
6102
4854
19349
25774
22024
9387
2000
6908
23651
26797
34800
3299
11947
4353
7696
32375
1930
34474
14462
15692
12681
8707
27505
27139
23290
36757
31380
38899
7069
17993
23881
15295
12875
34010
25349
24771
4407
37853
4229
18861
7776
17173
6367
5497
38987
35237
17330
35216
26420
35593
37959
5776
36161
26711
31692
33636
28158
18704
929
7077
5724
37199
26431
12127
9384
6171
16199
8202
20215
35259
37752
37386
10411
2571
33024
22408
6730
9859
24466
20788
34635
37645
16668
13358
26820
36494
20364
28262
21473
21070
28817
7989
9118
15434
36853
30636
21597
28408
2613
16572
7721
16348
12606
37576
38107
9227
31130
6251
17246
4071
1865
1200
14853
18291
25619
3430
7972
26005
14859
4835
23542
13898
21573
38634
15887
20813
4299
12903
31364
24054
19573
37318
32764
20665
36744
35286
36496
5649
35079
28205
10832
27832
2064
27542
12228
34997
1606
24670
4087
8530
13119
11307
13464
35165
11049
9022
12523
17253
26048
7103
17263
1174
362
12120
27328
35603
29616
29749
30293
14204
10715
18615
1323
1502
23439
4736
3090
36031
37707
36859
29725
13289
26213
37071
9281
26372
23585
18281
29937
35215
8553
29337
12392
33817
1716
36619
15345
17847
1285
35291
3421
19134
17743
8117
22623
16468
931
20270
30757
14420
14070
36623
26665
23451
32671
31229
19044
11845
12124
5551
3461
7383
27350
30171
37956
1560
7735
5468
19821
23867
19446
26001
19948
30095
25904
21640
37623
4731
24429
29108
8581
38454
5236
25715
16342
2309
23205
20465
38905
38357
9410
26473
20718
10705
24798
4459
31049
27996
26743
13491
30694
9820
10718
36332
28172
268
4233
36210
6363
29109
26143
8832
38415
24018
8834
10196
10290
29428
27384
36575
21399
5849
30972
33726
6932
32404
13907
3394
18294
11156
26703
15203
22810
36764
34585
38006
35471
21179
10896
30711
24702
38709
31880
9638
19370
35056
38401
4127
24087
32293
27064
15039
18786
3852
7196
36596
3870
6093
29901
149
21249
27529
22052
34434
19301
18188
31158
4975
1941
31597
36393
32833
39096
6006
38894
22985
25607
35282
18823
15292
31601
2913
3311
33771
30923
37989
6650
4600
8449
11144
30840
2745
28495
10327
12119
28551
20056
33843
17468
18581
13928
16592
460
19200
10839
19499
14492
11729
24855
11595
3050
10759
25842
21340
16510
1694
5678
22571
13769
5364
9987
35684
32989
18452
1213
25608
4358
20507
16954
28157
11076
8078
16051
18362
18984
15707
2027
847
28173
23206
23988
29448
6558
30080
12959
8217
38695
37863
17006
30359
21846
38435
1878
19178
22030
2739
8018
17787
14601
38747
28689
33404
14981
7287
483
18034
3736
18662
7923
6042
7726
4936
35581
1892
11373
32696
38662
38482
1699
35632
34748
22121
1637
13969
5417
30825
19517
18562
19705
29922
18876
13569
27986
8083
31698
14480
16067
15646
24389
20566
13273
5874
30645
17304
36541
142
27857
14731
3395
38972
24862
5757
9606
32453
30023
437
26384
30434
19152
7355
31161
16251
2498
26595
20737
20780
27921
549
29762
30192
8596
25767
29611
36696
25121
14219
16541
25709
10033
15010
20267
10794
12953
32359
5924
8773
2664
22612
36677
24476
17118
28068
30145
21980
1305
10348
27029
24032
33992
37579
9584
17781
35239
16971
15787
14363
12787
1728
28204
32914
28907
8454
10493
36878
16657
15777
24982
14212
15982
15433
17095
2461
24976
38719
33561
9658
3339
37689
13054
27534
21813
7892
6145
11586
38385
31454
24355
20798
17328
4805
31609
3733
19465
31788
37635
14722
32213
29913
18040
3837
23590
15807
28933
5953
10108
25076
8101
5960
3241
29726
34860
24412
14529
36627
32953
3960
31449
21807
21444
2077
27100
3435
1952
36943
34395
19106
14989
14974
32190
19375
19257
17286
37527
32692
12532
37343
13283
28838
21676
15950
30285
19920
10708
24539
23616
28767
11695
4814
11869
25478
23453
29567
21942
26180
29933
3153
33406
1808
6589
35695
34861
11210
16892
24200
22680
15091
31254
37593
19193
13207
35285
21602
22068
24324
30897
20808
13507
28137
25781
26166
13159
25217
4437
20393
28974
32176
25667
23545
10961
26750
17367
17117
8910
34996
21558
29802
9543
37388
31936
17625
32974
31265
15610
36239
11659
30351
4692
19120
19245
182
29870
16160
2444
27361
30376
5575
34429
23845
24044
32680
17141
28156
13300
34077
16614
16995
14833
21068
17845
33854
2779
38266
14918
4096
26386
9111
6151
8528
33740
8751
33739
10341
11438
31256
26582
27835
2431
12577
4339
30299
37674
6276
5274
15768
8476
22484
35656
19067
5738
18344
19016
18375
29518
20266
17320
38281
27130
8664
28136
33924
6436
25879
7568
7630
37400
9500
27798
4107
19623
18382
4967
13296
14060
5515
13167
4141
3751
39027
21643
16715
25882
24329
28271
24142
7087
3074
23738
865
19556
36648
13270
28499
18286
33086
16629
33345
13678
5270
5653
23634
36605
6905
15531
28804
27570
3337
1731
24015
7722
23563
17721
24604
33052
10356
21532
18322
7583
23311
23700
26093
32058
5178
23803
37929
14516
35895
23855
39117
18032
26302
2369
4790
3821
20610
14216
37585
943
29815
32707
12599
28104
11615
35438
27871
29459
17116
24615
9732
11970
9448
7703
11895
37791
16758
33909
4182
31479
25920
30920
3324
213
34012
11737
12298
8508
30940
3947
27395
19778
6811
22228
34631
38670
10204
6461
3304
27970
22441
14058
35577
32525
36087
15851
34483
14920
26555
3080
13389
1021
30002
39064
11849
17678
19490
24359
932
35248
38511
8665
27481
11779
34620
35719
26724
37008
29885
34051
19635
31816
33918
32301
632
22963
38242
24689
16234
31898
6160
19394
2662
12179
24721
24772
12403
24478
12129
17509
17435
36150
25262
24255
35539
34914
32579
33034
5698
32360
15574
37795
10054
13813
30136
8808
25332
23779
18082
18104
17190
11681
26744
37562
10556
24949
33594
34624
35387
38661
4959
20221
20837
34652
33796
21184
35599
10008
2066
23794
27859
38272
20428
18854
18480
37020
7178
19643
6630
14049
3286
27441
3475
18302
18189
21937
5763
37492
20992
23552
1313
27036
36250
10173
8172
2210
39009
10614
16282
180
30140
31298
1957
13047
9646
37563
22874
14188
12643
19321
12645
19617
892
38967
13638
18699
8951
20234
28322
30194
15340
34410
22412
11240
20067
8815
33750
30547
9464
16628
27043
37556
10239
26789
40
36487
33514
3663
20623
12788
4730
7496
18131
14236
22340
35474
11044
15514
7116
37905
32100
34910
8359
4584
25705
38412
14671
24192
23559
152
12829
16015
16925
21523
23214
17044
29814
22904
12443
22125
450
11629
7569
10727
10974
16808
20315
30018
28573
36346
12102
3604
31797
30666
1820
26059
5033
14685
3491
3360
37818
33352
25150
10946
30323
36680
23875
6694
29266
28741
23844
22394
19130
5253
32722
10408
31262
4661
11474
28894
38255
19979
7053
4533
18758
11078
18748
29040
17059
37746
37232
8005
27743
18508
33179
14725
15869
29590
18470
4637
32557
3759
26794
25352
29764
25215
25195
12374
11944
19689
31932
31643
3060
25402
27694
13384
17332
32380
29169
25108
11186
12892
4666
8056
21119
36989
8000
11732
850
24851
17831
25452
21668
15106
20389
4106
20025
1664
38056
11170
5546
4440
13924
14875
16151
28631
27499
7487
21298
27210
1695
307
36168
33009
16535
6538
19632
29354
28943
20894
39079
6664
32313
21222
32592
37201
35989
15138
28151
24490
28530
17455
34015
25169
13001
22945
38146
26249
28047
29192
13972
24598
10503
28791
30669
5437
12867
23070
11237
25210
30448
14573
11495
27639
23833
24132
34448
30021
26895
18477
37021
11375
11985
28865
16512
2493
33001
26170
28569
4402
25944
27289
25328
26193
24007
35602
24983
11150
37656
34537
7453
20419
19150
18459
11198
5962
28193
11623
9487
6083
8133
26077
10725
4262
35727
6101
33000
22106
34331
20063
2286
24121
34174
7854
14464
26173
29909
11922
17184
31912
7360
36985
9379
8436
11861
24991
10021
38689
2526
19508
5140
37040
7467
26523
12094
30396
31956
24282
31471
26592
10670
12115
15725
5554
5040
18588
29768
19048
8648
7000
26803
11104
24354
2675
19679
6586
30528
24432
7207
5385
27943
9510
35149
31219
14750
6822
32038
12386
435
1366
11392
12027
10730
13201
29263
23031
30577
34896
2892
28759
8294
23933
4336
12441
27881
31879
28564
25025
13114
26030
734
26297
28521
15373
32304
368
11399
7482
31526
15643
35445
8107
22236
15086
34122
9867
3301
5979
1499
1709
4286
36200
23820
6333
9609
20723
26441
30275
5379
8912
32604
26615
21394
13549
13631
17654
20145
24279
27795
10853
29787
8936
28096
31875
8004
16863
21087
442
23508
19958
15038
8793
9968
22736
15868
16000
1625
38323
5542
22536
38538
20240
34082
7323
28969
19451
15533
14787
13086
2731
26467
31722
36963
10988
25884
20212
29523
7317
8098
22424
7891
34249
33660
14880
33585
28132
22927
21892
19887
38263
5268
14695
30307
7957
2396
35920
26771
1053
27522
21387
8865
23360
15648
37405
17481
27661
30586
23356
823
38748
4536
28301
52
17478
37559
35331
33504
8659
20004
23248
9607
38387
35709
18368
24216
8621
4477
7773
24807
1007
17001
11704
6008
33945
32022
37379
32004
35694
30834
25030
4610
30917
9723
27196
3162
35042
22578
8278
10608
8298
37591
37089
10146
13524
30692
12311
36998
4794
23481
13608
7870
29946
15926
4029
3057
16921
18395
15684
38561
10747
24629
29692
2988
21292
30431
1589
21911
10590
21144
6899
12958
30053
12453
18510
16195
17241
10909
27512
20627
30335
36025
8108
35563
20556
12229
17632
7160
38926
15348
3165
37254
13807
32699
10828
20732
30931
5441
13327
25912
26440
9125
3406
32496
24164
7770
1951
30795
5214
33936
26012
26374
8099
9812
5932
3986
4548
27547
15137
36385
28522
30520
35816
32839
45
12166
28892
32239
9816
9403
19924
25018
1335
30135
2838
14521
31501
248
10795
22100
26583
30660
7131
27000
26267
10564
32413
10074
14418
893
7113
21499
16212
33820
38601
35963
3250
22829
14733
32438
10067
15233
24472
26670
8628
35538
26701
31703
29641
5592
9745
34306
36069
29021
15663
37618
12995
14680
29287
3492
34813
26617
25520
300
9889
30291
35981
21963
22003
13262
35616
6091
37963
37588
33287
7790
31671
37494
38849
5944
30094
17734
20186
19865
8339
26376
23383
234
18806
1555
29626
14045
37940
38003
15017
36912
18706
9030
3479
6750
10546
2227
38942
27941
22789
35809
31343
6938
3598
8831
8844
17073
19861
20767
19247
23333
19450
29023
3618
22498
26274
13591
2911
699
37372
19222
24990
35494
21659
24972
33313
17583
26290
38751
11972
19742
34268
29060
25034
489
1462
35489
14380
26445
27315
14962
33719
38331
3877
17607
22312
4865
2539
25327
30003
21614
8470
8020
4800
30147
12444
5377
35861
33873
8324
9630
11323
19430
23172
25734
24464
6172
1243
23793
7988
19921
28711
8925
23774
30435
30501
5111
12199
28472
153
7945
22706
14130
31910
19156
15131
31375
33141
17220
15055
19670
33872
32365
32583
32796
2531
11273
4357
16616
11834
30041
21519
28122
35451
6839
15429
1598
18495
4340
34976
21011
37809
37094
5857
23135
28401
19859
36125
12293
25223
38821
31277
9089
30175
24091
34131
33189
6913
8538
