433
865
3757
2105
3215
460
3651
1063
1712
2581
5083
1710
1248
4281
2832
3562
3258
4576
1203
120
4941
5025
1447
1298
3595
1386
3569
2610
1859
3715
2829
74
4413
494
2727
214
4333
291
4900
560
4622
4511
1151
843
3791
2445
1106
1808
1229
4166
406
2213
3481
4555
3427
4505
3982
2377
3987
2447
1670
3888
4619
2322
1955
4865
3501
2368
1805
621
3727
4995
4857
907
3845
935
1270
1537
1661
2229
1678
2185
1184
4821
2913
4220
878
4512
2712
2674
905
3753
2153
2111
565
4123
3035
4342
1032
733
1601
448
4809
2682
712
5065
2266
3176
1307
4228
2000
5086
4971
2580
4324
2073
3543
2273
3076
2241
1150
3069
3479
2439
3271
1937
1643
3597
1295
2331
497
732
874
2640
3762
3689
2815
2993
199
3032
2963
1521
92
3166
321
2319
3138
337
4399
304
4197
4674
4851
3197
988
1198
4091
2751
3205
834
185
1838
1054
3802
3233
4599
3006
3825
4548
4484
4759
1812
949
3787
3868
3448
2460
1375
2810
2934
1952
2515
896
792
844
3667
4255
1589
4184
3939
2659
4258
3613
1459
3398
4190
4285
4908
4224
2279
893
737
4153
540
2078
200
549
3318
3274
2481
213
5042
2422
2886
3756
4802
3972
2636
2800
4666
1702
2170
4117
3955
4108
1283
1669
111
2621
4189
2152
2879
226
1866
1253
1970
4645
3509
827
4935
4497
1803
3182
392
4035
3859
3450
38
4349
3269
3412
344
2387
2846
1622
1
1875
3259
3503
4882
280
3236
2504
2546
1790
5080
2770
2084
1191
3036
1102
1401
4679
5044
4650
4043
1340
4864
3566
4273
908
1817
107
785
764
4252
47
1554
2423
887
3956
583
2672
1711
299
1462
3000
121
4831
374
3065
4687
1114
1935
4621
1986
4193
3507
982
3556
1177
3092
1217
634
2716
2637
2635
3709
1871
530
3048
969
510
533
814
1903
2343
4750
3177
3473
781
1919
4804
1967
2679
5066
923
2438
3057
1765
2756
4562
3604
432
3002
5034
3390
3056
1306
4302
1686
2625
3428
691
261
4099
4704
3291
4909
515
5022
4266
2256
3340
2174
3143
3346
3452
4367
1938
45
1416
182
1171
5039
708
2338
4354
791
685
2016
1826
2801
1100
2620
719
3075
1900
4395
4561
469
2899
1337
2587
3246
2047
856
1126
3638
491
1042
4140
4953
730
353
2802
2131
614
1511
1026
63
2818
1593
4196
4478
1585
4245
349
1930
2299
3063
1073
1161
790
2430
2831
1745
3606
1994
1540
3988
798
3067
1968
2470
5005
645
270
4072
4916
3710
2995
618
3835
3553
1813
1996
1833
195
4868
5032
3682
307
4264
4380
55
1457
635
4089
34
1703
4744
922
3618
4272
2657
1600
2372
2145
2867
4684
2919
4651
1096
1716
3469
931
3515
3128
1131
4131
3384
4036
1974
316
2364
4006
3884
4776
4470
5072
331
4800
2440
3251
4376
2335
3788
4579
572
2669
2033
424
0
1346
4473
1574
1733
3155
1035
2099
3579
1860
4693
2600
655
4889
4670
2734
2488
1142
1033
3061
2066
3593
4762
1263
1913
2434
367
2217
3821
2527
2077
3418
2633
4520
1479
537
407
636
2186
91
4359
2215
954
209
1370
1421
650
667
4819
870
4034
4242
1539
3314
9
1592
3547
2040
412
3136
4593
2639
2392
172
1199
265
2130
3555
2480
4837
1406
3389
4630
2001
3871
483
1402
1076
2783
2695
4521
4060
2234
150
3844
21
4514
2673
1725
3932
1196
4866
2457
2984
3163
3890
4425
1387
64
4476
4544
786
4149
1645
2362
2891
2890
2258
480
4905
1292
4314
3525
1820
1452
1245
3904
4999
3853
557
1628
2088
1232
812
2564
1701
1093
2870
499
478
3126
3528
4752
3948
5028
3532
4664
562
2808
4483
3120
498
1117
4323
2764
134
1058
3644
4443
1572
465
4408
3114
2747
4880
3724
4628
1082
1022
1780
177
2442
1268
4421
1423
2006
951
1444
3873
677
3714
3519
3773
2720
4023
3772
3449
2850
1350
4173
3267
2135
3411
171
175
3654
2762
2202
972
5015
2034
1098
3678
3911
4778
3208
2825
3153
4828
588
1084
2903
3695
4936
711
2296
4097
2404
2601
3393
470
3809
4418
3408
3072
3523
4355
1080
39
5013
4981
1312
4079
903
2199
2050
1758
4625
5014
4002
1107
2316
258
1917
536
52
2630
3917
2875
1081
3370
591
2595
4676
1907
2417
2090
4886
4902
2106
4025
4536
3306
743
807
953
632
489
2772
173
2014
4922
2064
4772
3342
2733
4081
3468
851
2778
4571
3144
4405
2288
4116
146
3171
1794
1037
2563
2038
4449
383
1734
1276
445
4709
89
378
1411
1595
2030
1414
1143
1852
4416
965
4485
1829
3131
3272
4254
2307
3777
1719
4963
3650
3366
417
2424
586
3535
3837
3585
3679
2758
4424
664
5002
4366
2749
631
1848
1408
4095
3253
2070
895
3123
845
4663
1831
1546
920
4161
3636
2413
2945
2641
3109
4985
1148
4417
5059
3846
4464
1194
2892
3790
1629
564
4574
1176
2918
2508
1692
1553
3383
2651
1442
4530
1616
4755
1454
3339
4613
4502
459
3262
1456
390
2352
3517
3309
3785
1708
1527
3736
3796
2824
3430
2207
1231
242
999
3900
1357
4568
2692
5026
4629
4187
1985
3902
3922
3369
748
4192
2396
1663
603
3524
1836
3420
1170
381
4375
854
3457
4907
2952
1017
1693
3379
1482
4933
2363
2150
4076
3496
4798
3111
2604
3202
3474
3268
3221
3799
2332
3812
1767
3990
990
1690
193
2471
1548
625
3886
1438
563
2113
2765
3004
57
4177
479
1403
799
3901
1044
4649
1000
2711
2777
4601
3302
2280
236
919
3817
1599
4223
4428
1500
143
3175
1009
1085
1200
2724
823
2852
1536
1590
303
532
5045
1973
3090
2525
3033
4540
268
2394
4881
3937
2662
61
3642
3918
2706
4883
4867
2221
152
2589
3584
4414
1944
1290
3719
2342
1041
4957
2495
1654
803
454
4724
2987
770
3362
715
4790
4689
4597
2757
3938
4426
1896
569
2004
225
4042
286
155
2805
1464
305
4870
4500
4618
1495
1460
916
1284
3209
4815
2127
4719
4816
3118
157
4983
3693
1228
1683
2477
2860
1111
987
2373
4235
2935
3453
4368
4048
1754
3071
912
5046
1971
1285
2267
1149
3222
2872
3823
3078
1396
1724
1005
2305
1322
2499
4104
3520
1558
729
2742
2375
3352
3965
3717
324
1238
581
3135
272
5021
103
2357
4358
4295
1187
4357
2493
1596
1321
2967
1380
2678
558
4050
1338
117
525
1420
3237
3737
1104
1602
2285
1260
1428
968
1783
4736
3836
963
3596
1437
2446
2957
1529
3041
1008
4217
2017
2949
4118
924
113
2809
2744
2334
4382
4825
4419
3458
1804
2052
5030
932
284
3936
2779
867
3295
496
3867
809
2189
4703
1775
4466
765
1842
2223
657
4751
3353
3833
2044
671
2160
2898
2303
1916
2873
3997
1155
308
4859
4152
1394
81
3905
3586
757
2603
1116
3675
4763
4325
1125
4003
857
1878
2301
4534
1874
3437
1314
3565
3758
864
4137
4195
1795
4098
327
3656
1297
1262
4946
1862
4219
4978
1905
2035
695
466
534
393
2927
2146
2490
1687
275
3599
1543
4694
68
4960
4845
1873
4055
2190
2093
224
389
1963
4000
3217
4494
766
3766
1249
2128
2428
3341
77
4386
1024
1433
1834
2491
4205
3658
2230
3729
4068
2201
4239
2320
4259
4353
3778
4906
2857
1384
4180
1222
277
1698
1099
2210
2959
3906
1740
1788
2726
2529
42
2713
435
4635
4400
2868
2498
2977
2007
1162
3294
2020
310
1400
3771
2057
652
3975
855
1062
3169
49
599
4813
888
1839
3992
2700
174
4758
797
441
1182
3763
3368
1885
4451
493
3377
962
2415
945
1429
2968
56
3358
4305
2270
3356
1388
97
1323
3388
3323
3637
168
4246
2276
4944
1818
4723
643
3165
3051
4157
2833
4617
661
4793
229
1483
5061
3079
1091
4004
2736
4151
2840
3001
2027
2943
1293
3486
5055
4121
178
2255
1318
746
25
2042
4315
2946
3765
3601
3511
1243
1325
1110
3983
418
653
3003
4064
4680
1473
2388
3794
881
366
3782
4667
3413
1128
1422
2567
2483
3947
2398
989
473
3310
492
601
3349
3883
13
971
149
2178
956
5011
3256
1352
1608
2250
3548
3030
2012
2165
1727
1316
2729
4721
2761
3264
3705
3397
1074
3655
2281
27
688
160
4437
4144
4374
2095
2740
654
4250
2365
821
4052
4251
3795
2029
4088
3419
3627
1061
993
4513
4810
264
2849
4207
4556
334
114
2408
1124
2566
3482
1914
3321
3190
4992
4090
4287
2191
3083
2558
1390
1604
1772
101
1980
3426
3320
2941
1320
4526
339
3862
4658
4247
4784
5001
4673
3315
2792
46
890
2075
2154
2359
1240
4756
2067
992
1118
1313
4282
4403
2037
2346
3508
4967
4818
4801
1266
1993
476
665
4397
981
3099
2626
4218
1619
1625
2816
4058
686
3914
3223
1526
247
2140
4057
2461
2883
2453
647
1921
2799
2769
2904
609
4914
301
2936
4077
2782
1792
961
2328
3330
2216
1515
3007
2161
2677
3706
511
1377
641
3186
2664
3672
2629
980
4515
1720
1578
5067
2167
1216
2218
377
4434
3157
4422
3916
573
4489
3308
1899
2902
4631
1173
3024
3167
518
4020
2055
1731
3588
2719
4265
4051
4356
3329
3214
2318
2599
3107
897
3053
477
2309
2728
4585
3617
4830
3280
542
3805
290
2774
351
395
4522
717
4707
1694
2539
2421
1504
1424
2699
1705
3417
839
2041
3624
1172
4888
4222
3820
1662
2784
1060
3040
3121
2162
783
2588
5075
3921
4588
1336
1652
4591
4608
2752
2862
4410
2976
328
3130
4436
5071
1656
2623
22
2715
3345
5058
4559
3170
3928
2232
2437
2486
2451
391
2863
2337
2237
1626
187
1618
4045
2856
3293
2310
3027
1227
4373
1235
2389
847
559
4040
3113
1564
1552
4853
4731
2948
1948
1726
2416
413
1639
3889
2197
1121
2214
2112
1956
130
4458
5052
59
4795
868
4692
3194
4767
3416
3893
1612
2739
4720
54
4557
3752
1185
1796
4854
2787
1750
4958
3995
1241
3475
1507
1157
138
95
84
158
240
1360
616
2616
595
1439
2156
2036
2697
914
4569
1538
2582
3810
2274
2721
2018
4142
1174
2462
5068
873
3952
3386
2079
1359
4528
4952
644
5049
4654
4590
4261
2211
3043
520
4433
4316
1466
206
3978
1391
4041
2971
640
1603
3059
164
191
4017
3666
3946
2521
627
4696
1342
1682
4362
4710
3493
885
297
2663
4396
1872
3168
4708
495
894
4885
2117
3716
4411
72
2755
2109
3151
449
4991
2220
2409
1566
4549
955
82
3045
4135
1202
1446
181
3781
3631
4636
1819
3670
4296
4182
3463
1998
3
825
3887
3977
4782
1659
2228
3471
3768
3828
1023
2746
1580
2568
4438
1219
3038
1468
3363
3891
1252
3348
3443
2100
3504
4901
590
4570
2826
2306
4633
3798
2542
2101
1160
3243
1617
2231
1667
4573
2350
148
3896
1065
1051
2300
4531
4910
239
2822
735
2449
1715
3832
2371
3026
2456
4393
1673
1169
3951
4481
4554
3699
311
3009
1881
4269
3611
750
2238
396
2292
2881
1741
3870
126
4019
571
3634
3897
2596
4615
4066
1925
3180
2535
3077
1695
521
2966
4200
2264
1015
2448
1012
1766
3292
1233
2194
3688
2459
4201
3652
123
371
292
4581
4688
220
145
3687
110
2163
3231
2668
3230
1940
159
4732
4729
2476
2252
4640
2069
720
3228
574
4389
3880
3378
4718
345
3052
3720
1398
2804
862
4564
1757
1981
3162
2999
538
2619
4911
2222
3164
3641
4340
1884
5023
853
3242
4547
2317
1343
184
2530
4482
4290
2295
3653
2043
2910
1130
1607
1787
4966
4390
683
552
2478
1192
355
3607
3156
3600
3929
2076
2622
4208
3776
3534
2982
2494
2054
14
2585
4949
3857
1895
2382
3472
3745
3521
1294
4274
3467
4100
3415
1782
329
1722
3312
1739
2781
1007
2399
2617
4773
401
2759
4447
1395
1356
3137
4698
2168
1567
3874
3807
279
3903
1291
2192
4737
4407
1079
3042
1922
724
2528
2489
1244
3391
973
3290
4388
1797
4841
2025
4753
3561
340
151
41
1863
3260
5048
416
4832
1904
93
1502
2370
4668
4856
3614
3054
769
4537
2143
4216
4984
3533
612
1324
776
2859
1445
3563
2277
1582
2176
1261
2940
2147
1129
3414
3192
4969
3181
2391
4913
933
2261
701
400
3701
281
4112
2269
3603
794
4361
3250
215
760
3605
463
4271
2427
4435
4765
4894
1308
3908
850
3189
3494
3084
2839
4938
4814
4596
1309
773
3698
2009
4899
4927
2330
3581
3746
4968
3587
3301
4659
474
2008
3769
2887
2472
1534
4371
753
455
4213
2384
1083
2169
1139
3767
4727
4304
3216
2743
4299
1624
4307
2807
338
3872
1415
3424
1493
76
3676
4237
2773
1575
4799
17
1586
4065
1517
3191
5040
3385
2164
2132
1329
3423
3008
680
3806
3944
5008
2411
1735
3640
3957
706
1328
4185
3816
1078
468
2080
3979
1141
2313
3622
3359
3464
3660
1417
2583
3885
942
2798
3815
1991
3147
136
1721
782
1310
2853
1810
929
3869
1430
1891
3961
5037
4538
4611
2689
1770
4749
1496
2549
4714
4344
3649
863
2931
2956
1250
1425
211
2484
1924
4761
876
738
1744
4331
1570
1469
4165
2155
1594
3894
2492
11
2081
3863
1995
1109
1685
29
5009
2289
341
3034
1426
4653
1830
5079
3073
4686
2519
4139
1755
1923
2282
1588
490
1226
5088
3049
4796
1251
2861
3141
2817
1992
3012
2962
1633
3522
3629
629
2791
4230
1846
1666
4506
1561
5043
1883
1120
4495
504
3110
2885
4829
3984
4517
3665
4203
944
4143
35
1369
4061
3793
1513
4009
2845
2735
4979
2505
3179
2013
1019
1341
4479
287
4725
4114
524
1747
1167
1799
889
3985
3850
4370
4026
771
1068
165
3125
4363
4926
3838
2813
1648
2253
2374
918
4572
3044
3792
1368
2275
2806
2685
2048
2830
2390
4855
2573
4
4550
1478
1269
721
4623
2981
2714
4833
309
1152
2136
4159
4409
1059
4496
1491
3970
2618
2479
12
991
3834
3941
4179
1807
3683
5018
1752
218
805
689
3954
2339
1088
1412
1441
3311
1880
2321
976
742
53
2986
2812
1156
3119
884
1523
2704
1614
2473
3039
4231
2766
1798
2937
129
2789
4587
2039
4113
2717
3829
2227
4604
5024
1288
3761
2785
3940
725
154
4303
1954
4757
161
2997
4293
4594
1389
696
1487
2548
1505
2401
4665
2333
360
713
1976
4849
1280
3669
414
3881
2148
4745
1569
1640
1330
3602
2469
4096
3926
4624
2203
3677
115
3255
4932
3239
2082
1223
472
1435
4861
2209
1115
3316
4817
1254
512
1427
2722
1587
4377
1348
4770
780
4741
2369
4028
2452
2823
4188
233
1004
2293
302
3713
1514
1768
3300
2536
3247
744
811
4993
4840
2615
2649
4525
2576
2405
4211
3663
3470
2930
4965
3284
3149
1851
4167
253
4956
4277
709
3132
1345
398
332
386
4990
2683
1186
3743
1665
3959
800
3744
188
1247
1069
1641
775
4298
1333
3923
350
3188
2259
4769
227
1480
2974
405
1474
3047
2544
861
447
4031
3010
4566
4734
4826
1688
837
4102
1773
1367
44
69
2991
125
4336
4059
900
4532
3400
2520
938
2475
1133
208
761
298
207
2730
210
836
927
1458
806
3739
1890
3725
1147
778
2002
4013
1397
4283
3108
65
4308
140
3483
3116
759
461
589
3780
254
3270
2097
3827
3808
3935
1066
372
1494
2579
668
3305
4477
4678
3760
1533
1372
4056
1028
1760
648
2028
4049
2992
1090
3580
3514
5027
1528
858
2246
1132
3572
660
429
699
1518
212
3963
1503
1855
4394
3797
4774
3219
357
3055
3750
3409
3373
1113
2121
3958
3326
939
670
10
2821
1287
3738
2198
774
5035
3491
3335
4214
1920
2134
3183
4204
1371
985
1610
2575
859
3621
2667
2947
818
2584
4929
4994
1791
4469
998
2827
1315
1650
3526
2602
1824
3016
3559
1576
4154
2780
2550
3245
2790
3343
517
4702
4794
2533
2703
3476
2574
3436
1461
1551
2702
2908
1677
2771
4760
436
3407
883
4062
4948
1077
768
2247
1378
2920
3087
1742
1832
3554
975
1137
3775
1021
364
1154
4125
2184
849
2652
1471
1419
2450
453
1879
4788
596
4603
2249
1481
3211
1544
1689
3478
4275
1265
3357
3200
3198
4690
4892
2666
1358
4262
1053
3570
673
3139
1153
2379
312
2998
1549
672
996
2175
2244
3281
3364
1179
1893
1906
4503
4697
1319
78
3866
576
3909
1882
3813
928
4319
3550
1204
5004
3685
1655
2570
2061
3031
4578
4976
702
966
2552
4311
2607
4457
4289
481
5010
4620
2718
1207
1969
2141
2613
2545
2537
451
1094
2731
162
4086
4627
1016
5007
1909
333
234
4501
1707
4716
2969
4491
736
566
1809
3734
3927
4468
294
1565
4609
2290
1510
3195
4317
3684
387
1221
3943
5082
2243
2380
3105
3899
1737
3877
1498
1282
142
3858
1064
2420
619
4598
1072
610
3434
1800
1301
2226
4655
669
4387
1785
2500
2181
3568
4836
3372
2794
4127
2884
2312
690
1761
3490
977
314
2314
3375
4945
3949
4890
3681
3015
1951
5012
4954
2973
4244
3022
3196
3755
2654
2327
852
1965
1281
2089
1086
4263
4977
1928
4322
243
3367
4934
1242
960
3981
2592
1763
415
1050
4120
1982
4343
4172
3085
1835
1278
2166
4835
802
1520
2540
1246
1119
2675
1886
194
543
2834
1451
751
2345
3690
1793
75
815
4103
3657
1811
2125
1144
156
1989
3254
4848
354
4764
4998
3612
3184
104
1299
1877
1634
4518
740
4310
810
1847
1296
1939
1499
335
2432
1475
788
1057
3374
3865
4278
580
273
1778
570
1926
840
4074
2010
2441
674
1045
2655
2645
4508
2978
4404
4567
3632
3696
1465
841
628
2590
3456
1723
4747
3661
4439
3019
535
4738
2414
3913
4898
3518
3531
1399
423
813
186
3811
5089
4726
663
245
3129
3238
2182
3461
824
3740
3680
4372
4162
2844
4950
3445
882
3527
2693
4605
3021
3849
2876
248
3700
4918
379
1658
3783
2351
2896
2287
3112
600
4199
4919
2921
901
442
3095
2268
5074
4746
2710
1159
16
422
2518
3152
4863
4134
639
3994
3248
4312
4661
4378
1030
24
3567
2466
2503
5036
4646
2294
620
679
1960
2628
860
1802
1485
3140
4328
3925
4021
698
4924
3097
4107
313
3336
1508
1563
348
5056
1193
221
1477
4823
231
1870
3187
2326
2684
593
2068
3826
4474
1208
1943
1613
2487
3127
3365
1506
2608
1779
3313
4138
4084
2926
443
1696
2565
1869
3847
3831
3842
5053
1302
4641
411
2776
3722
2953
3609
1776
2263
4462
2796
3304
4722
3266
2707
4980
4347
2464
1668
611
3910
4896
704
3402
1769
676
3686
2512
3263
1714
1484
1237
2819
2393
4820
1305
202
397
4292
758
4332
3549
2658
4233
4700
3538
1979
3298
4183
250
2516
1929
2311
3540
3770
872
2841
2526
2074
2627
3967
4803
587
2083
2688
4754
1541
4212
3664
727
8
1409
1224
2939
79
3159
434
796
1902
4012
577
1675
3011
198
3960
2754
96
4080
925
3854
2917
3276
3628
2284
1615
1364
131
2283
3843
555
246
4660
2206
4294
819
638
3645
3924
3154
3354
3786
317
4895
4552
607
1684
2360
1214
1010
4487
457
2638
2989
475
3730
342
482
568
62
4046
300
315
394
139
4181
2855
1146
911
3564
4163
3185
1122
1393
376
3355
285
2786
3232
2158
4545
1027
3226
514
2179
48
4974
4879
3571
1825
4920
1646
5076
3516
4602
4024
109
2509
3204
135
1918
106
2732
419
5050
2506
1303
4706
917
4858
974
4507
4652
425
943
3328
1621
4073
1983
153
1636
693
3225
124
3351
4270
2907
723
4032
4843
3537
3915
3950
1211
3912
2906
3577
127
251
4276
2435
3064
846
330
5062
2656
930
4240
3860
3360
4001
678
2108
2858
3327
3999
2046
2308
1704
936
1623
2138
438
3512
516
2005
1717
983
3856
1889
2594
2725
3488
1910
3279
4733
3728
2708
43
3148
3410
4460
3173
1679
196
4338
3018
585
112
4016
1434
617
1999
550
2444
2144
502
4158
4887
2932
3592
728
4553
2356
3639
4786
37
15
527
4498
941
2297
3101
1326
3560
4939
167
4748
2748
1225
2964
3203
4973
1728
2378
509
404
4677
1672
1816
4975
1984
1101
842
180
428
3576
3536
3971
1609
3774
319
2376
2925
4448
1048
4942
1014
3220
1545
2866
2133
1450
1975
2513
3505
1764
32
222
4431
3465
3261
3093
3466
4226
2510
3206
3692
2458
4463
2738
4923
4671
2836
3050
957
1410
3969
519
2366
420
2286
1637
1632
4519
3074
2624
3252
3747
3506
1168
1530
4169
1945
437
4600
2063
4141
2562
5016
4808
1449
1339
3510
2104
2071
1071
3855
4007
1443
4168
3146
1532
205
1814
505
1535
3839
3299
2843
656
4054
1912
2049
3895
4791
4083
3422
4675
4610
2665
1181
4842
2661
1178
4171
952
4164
2367
554
877
375
326
630
5069
3303
4875
2085
1349
3851
2381
4632
5019
19
1555
3674
547
2965
3819
3178
2341
1180
3779
3289
1267
3497
3350
2865
710
539
3620
2847
4672
4972
1018
623
2632
2026
4955
2838
2709
828
2502
1011
2291
3285
700
4740
4160
464
4337
2874
1501
223
4175
4838
578
967
2835
3723
1941
2775
257
3804
2248
163
2205
2091
4465
2426
1210
4014
1163
2646
3406
2983
2988
3028
4415
4320
1273
487
4488
293
1029
3589
2395
1901
2060
4037
3240
1440
3361
2572
4229
4454
336
4607
2905
1453
2454
2606
1472
793
1823
2820
446
1046
2245
4391
2915
4480
747
553
4638
2463
108
288
4291
3117
2514
3749
2696
3096
2059
2298
4109
4884
848
147
4128
1031
4970
5017
2922
1771
4523
267
2924
1876
716
940
4260
3249
3210
4022
1264
3025
2329
4471
1205
4612
4541
2543
3898
4369
1070
3017
3616
5006
2188
4701
4441
3382
501
3919
1774
4824
3046
1108
197
60
1700
3487
122
3552
4176
2149
1347
2304
4509
4093
1953
2051
4345
2694
2996
4551
820
439
579
2315
1188
948
1034
681
3347
622
3257
1140
4094
3062
1729
1651
4492
2737
1351
3529
666
2975
2358
4869
2418
5038
1691
1841
4742
4132
2235
714
1486
2897
946
4986
3060
1366
3598
529
4243
4943
203
3403
3608
3945
3968
3454
3668
2750
1311
4524
426
2660
1559
2561
2102
1660
325
2972
3546
3996
608
3489
36
752
1597
3333
1145
2681
4284
1206
3066
3841
2511
2124
2236
4844
2960
2431
3447
4586
2402
545
1300
1087
2741
485
4280
726
1932
4318
1067
3840
4150
3502
2555
1638
3803
3694
2031
4705
2611
3288
2265
615
2864
2240
3439
789
1038
3229
1197
626
3582
4805
4931
1849
779
1002
4850
4475
741
2348
3544
4988
403
3081
5000
2916
3989
1887
440
3459
3974
4539
2753
256
749
1105
2119
2195
283
5020
2072
4335
2911
694
2880
3174
4592
238
2871
4490
1166
822
3201
506
804
1857
2938
4877
1850
1762
1978
4669
23
722
831
1777
2909
984
274
2107
2569
556
4047
4027
1097
67
3244
2385
3578
582
2173
2877
4626
1936
2254
4812
801
3438
1706
2386
1844
1571
523
2705
2123
795
1218
1894
745
1201
4156
4657
28
548
2522
2062
3104
5057
2523
2045
707
385
2271
4384
3421
3741
1947
1856
2895
4381
4392
739
4402
3625
2443
3704
2383
879
575
6
1056
4015
1355
4542
4351
3991
3023
90
926
2650
787
4209
2644
128
3080
1175
4735
2559
4743
567
189
370
2172
2397
3619
3098
1942
4257
3265
4685
1431
1828
1049
4897
784
18
1957
3227
986
2467
1006
1463
592
1861
5070
2560
2187
1279
4728
1934
762
1354
4085
1123
546
3433
594
4891
318
2686
915
458
4997
1822
1840
3551
3545
1591
1509
2767
4186
1676
3234
1671
2950
2828
2680
1212
237
508
1075
1732
2577
2115
3575
1743
4126
3500
3020
192
3646
255
241
4194
598
2419
2325
4712
2015
4038
4453
4401
2406
1542
4777
899
4964
3273
3848
2212
1865
1003
2954
2642
3401
4642
4440
3322
2985
4406
3735
4695
1334
959
1674
119
1897
2723
4928
3892
994
2634
3748
4779
3241
2814
1888
2180
382
1272
1361
3395
3122
2803
4432
3647
3742
3973
3134
3907
217
1908
705
507
1635
3697
4811
1751
4730
2648
1573
646
3590
3094
3852
2760
388
4030
3161
3662
4087
1331
3789
3498
1230
1476
2171
183
1344
1522
1379
4699
4115
4365
249
3089
1961
369
2933
1653
2103
3172
4792
1373
4067
1568
692
4146
2556
4385
1858
1664
2597
4827
3986
427
1987
2177
2400
4423
3150
4717
2851
133
1583
3824
1550
4930
4787
3387
1365
4681
368
4430
1627
662
3435
1095
2129
4834
1789
687
3648
3933
2251
402
467
4780
430
5060
3224
4614
2551
3455
2524
2183
2139
409
4456
4915
4917
754
3462
2643
4644
3282
4044
1436
1815
2980
2951
4352
513
947
2970
118
4766
3615
4876
1997
1385
3396
2465
4286
2687
3711
4446
98
3513
3712
484
3800
703
4018
3013
3495
4379
1317
4785
1256
4445
4122
1868
2538
1489
4558
269
1467
3784
3703
5003
4860
3212
3964
1749
1013
3088
5033
2242
1036
4249
5085
958
2958
3068
633
5051
3100
4781
4582
2701
755
3115
4662
869
4206
3721
4053
2022
3133
2961
1581
1470
1259
4937
4940
3557
3477
4225
2501
2323
551
1950
3623
4130
718
2340
3431
1407
4643
5078
1040
3558
4210
4577
2224
4039
3691
3635
4267
2578
4092
3998
4878
2412
522
604
343
2023
50
910
266
4071
2586
1962
4580
4111
1949
541
2260
322
1271
1103
105
4029
4789
606
1556
682
763
2882
4806
1209
4178
4148
1853
2795
3037
1448
3733
1236
1020
1933
2942
4069
4306
2496
26
4174
3920
361
2126
2990
4783
3371
2056
3381
4442
1112
4444
3005
2053
3296
4364
1647
2842
2534
4005
1560
2
5064
2019
2302
4947
4329
605
3539
3376
73
4467
835
4301
4268
3432
58
4461
3484
602
1843
2671
4105
4584
4170
4903
2955
263
871
1718
2344
1213
2554
1183
503
4348
116
2571
2894
51
2219
3283
3394
219
2557
3818
4033
2336
4198
3344
2193
4070
1277
1854
2912
1598
1497
3574
3875
3086
3659
4398
450
2433
3934
658
5087
2944
2691
1990
3235
1404
4455
3966
2003
1946
4234
584
4656
2994
260
2797
2888
1898
2425
1519
3102
4962
1374
978
3317
1562
4529
358
3583
71
544
1699
1753
4288
3878
2914
2598
1697
4691
