4903
3446
2671
4170
2266
3172
2949
4218
1524
1910
3864
3613
3538
3043
1519
4790
3003
744
1701
4040
2697
505
3296
1636
3386
3557
2091
4704
3428
888
4823
760
4348
2
5010
3748
4584
3826
3593
4037
2094
2195
4419
4105
2844
5005
444
3276
1376
1509
1871
4016
4964
738
4973
1353
1311
3629
3868
3454
1987
90
2467
2305
3267
193
3565
2256
573
4450
3720
1205
1354
2942
4836
1658
4052
1870
3511
4442
3502
4413
4057
2271
4861
182
482
4475
366
1589
1569
5002
2140
3520
2935
3602
3935
243
2086
2708
743
3763
1883
4521
2586
350
3833
277
2373
315
478
980
4410
620
527
102
3115
848
3041
1875
2120
3449
1029
1843
4819
2425
3601
3949
2805
2965
4090
2980
286
3387
2563
1014
1200
1144
2134
3080
2369
1301
4350
218
3408
4581
3843
2039
939
2725
4349
2653
5051
3583
925
3656
2938
3937
1557
3452
1667
2186
1023
853
2991
4620
4876
3166
2348
3523
3272
3796
1813
2165
1830
4234
3562
4074
3897
1468
3218
3324
5067
4542
4389
2285
3503
303
4448
4124
2525
4867
4405
5077
5062
2422
4441
3735
3545
3394
4485
1976
1684
3245
4043
1998
2896
4108
1914
63
1676
4246
3982
4054
516
3971
3734
4198
603
1963
4908
3836
4962
4858
1343
1150
5064
2450
4722
3510
327
2168
216
5060
4453
950
3760
1711
2592
4616
982
2933
81
1505
267
3382
1433
4634
3605
4641
3722
1104
3994
2760
3847
2068
1197
3118
335
602
1388
370
1072
986
4513
3626
4001
825
4785
69
4781
3044
3008
3509
53
343
1746
4970
4843
515
4984
3377
1698
1898
4647
645
3206
2948
3121
1057
1192
771
912
579
2400
2384
3457
3021
2263
4454
1011
4683
2288
4154
290
2744
1817
2035
3318
3945
998
4689
5037
4452
3283
1836
3161
3472
2950
4300
1949
511
1470
1517
1364
2507
1276
2740
1091
1908
4414
4806
1006
2411
3814
3811
2924
2782
4179
449
487
339
92
4844
3063
4340
678
2321
2646
3078
858
2903
3329
1095
2069
4853
3719
766
2526
1983
1887
1199
488
3219
1321
4846
3823
1212
1514
3200
98
1923
3032
1761
3736
1111
4104
1794
2413
4130
755
3639
1319
79
2752
3165
623
2847
1595
4926
4897
4409
1341
993
701
3703
4571
4465
3441
3217
2341
714
795
3025
2356
272
1020
4032
4392
3896
2939
4376
800
821
3965
2703
4525
3402
3787
4809
3852
1752
2407
4467
1936
3306
687
4341
4330
2465
2007
1106
1527
50
4036
3331
2504
1743
2099
2272
724
905
2150
2085
3024
3108
1745
5061
123
1847
2814
4201
4311
582
4604
2811
1670
1050
4264
2023
3435
254
4058
2633
458
3333
4025
260
2777
4352
291
1714
4709
1539
2922
99
4673
4727
2647
3339
2057
3487
3347
316
4449
60
4873
1272
199
952
4257
4000
3835
2235
2619
1329
2856
499
3610
4950
1726
2766
908
4458
4783
562
196
4911
4297
1808
4636
1965
459
3758
4590
1264
2632
2726
1537
100
839
3632
3532
1494
799
2742
1159
1814
1853
168
4241
331
2455
726
2324
4116
1522
4882
1578
2389
3951
3431
337
89
1359
4377
1599
3590
4008
2567
2741
4848
2079
262
473
480
4440
4974
4304
2005
4527
2998
4573
4381
3802
62
2226
2523
4815
4572
2452
4891
2210
813
2738
1478
2395
4334
1296
2064
371
958
2262
3647
3321
1951
1975
3195
3433
1902
2251
1033
3730
3733
3436
830
4855
2426
1753
2987
348
4078
2858
2791
4565
2802
4431
3406
5046
1368
1598
1832
152
3230
859
2722
2724
1188
2899
4825
2560
2377
1485
3979
2217
4626
3666
4463
4834
300
187
541
2985
884
1400
2578
1822
1282
4256
2436
27
3014
964
1529
4401
3028
2441
4059
2813
4591
2381
2362
665
3572
233
2003
1495
1263
561
4383
4988
4133
2309
3498
2916
4761
4134
4132
501
818
1134
2394
2041
2371
1511
849
109
285
270
3514
739
4109
2038
2451
4735
1543
1325
1177
3654
4398
1176
2117
3417
2853
5027
2029
928
2374
4615
3405
680
3855
4183
4533
720
3183
4990
30
2342
143
2111
3288
4912
2184
1612
3661
1897
1064
677
3419
2841
2432
4069
1330
4496
2496
1671
934
3792
2022
624
4245
158
674
1942
2261
3383
2626
3197
224
2367
3298
4522
902
1922
1686
2236
2497
3281
3849
3815
2838
3463
2336
1806
141
3314
1769
792
4333
3259
1009
3036
548
2115
3607
3870
4092
535
3832
4915
1696
773
3858
4821
893
507
1854
1473
1466
646
2302
745
4966
255
3854
3493
442
5054
3034
2222
2311
3644
1665
2379
3879
125
1767
3338
4923
2810
550
1198
2534
2191
2645
2583
3255
3767
4085
1616
1604
1105
1969
2360
4548
1656
2155
2549
3625
4385
3079
3708
3031
844
4226
822
2966
3216
2338
3309
2609
4667
3284
4566
4534
3746
2470
16
1393
431
1452
3111
3000
1099
3844
4243
4520
4033
1723
184
2296
1013
466
404
3147
2787
717
1094
3561
4141
2460
3254
3805
3778
4856
1335
2141
4345
4712
1225
1809
547
273
1934
464
4670
3362
1727
2888
694
3091
4379
2648
1553
1534
3846
2392
195
1117
213
2775
4317
1077
4801
947
2806
2387
4121
2698
3674
263
731
1151
1872
3558
1167
3566
3407
2197
3289
1114
5014
1067
369
4702
3138
2654
2770
3928
5042
2490
1100
1204
3361
732
3086
4287
736
1115
1233
37
2343
4655
4408
817
2955
2431
1651
3842
1513
2292
4286
1355
1339
3235
834
3959
2570
3824
4516
3696
2323
2067
4567
1292
974
1429
2723
3865
560
1536
3588
4509
3159
4832
1824
4149
2012
2594
2162
3399
4508
1187
245
4088
3560
2638
2689
2992
3364
1915
22
311
1398
1952
4498
4219
4420
4898
4216
1688
2487
2358
4068
5040
647
2795
1992
299
4586
1408
106
1352
2627
4174
3940
3129
1231
2474
4195
4613
3968
4021
4733
619
1708
2282
4175
405
2489
996
1101
4411
4091
3404
2073
3553
943
2800
4310
3231
500
4073
385
1497
4370
4922
5021
2599
729
5022
1835
510
1054
4096
3668
1482
4281
4631
2161
4473
3100
4009
1961
375
868
2562
455
2240
4434
5018
2527
142
3205
3370
4093
2788
2298
2017
1755
2075
2418
130
1463
3655
3853
1523
1790
2951
1031
549
653
2326
3580
2434
2246
2293
740
1508
1981
3729
3275
3151
4994
1642
3662
3726
2101
3837
393
2676
4649
2761
3425
4817
1092
4112
3082
4744
4691
1371
3585
426
4850
3332
3964
2973
3701
1487
695
489
4313
2316
4515
192
3280
2071
5003
5028
4373
861
128
1624
107
3366
2768
4079
4895
1833
4445
3061
3961
1638
2854
3102
2790
2834
3301
4956
3023
863
1786
1646
4787
2084
197
4506
1588
2552
1639
3859
1819
2709
3365
4742
3353
336
4595
3315
911
1320
3631
3409
3752
3477
2406
688
1772
804
1284
3027
3660
206
1130
4666
360
1826
4778
4143
3669
2088
2399
2895
3268
2016
3544
4049
4404
4468
1392
2659
949
1453
4907
2615
1374
4357
3794
2027
380
777
2476
4380
3574
4005
1438
971
3711
4067
1360
2522
413
3438
1154
4968
2984
4455
302
2665
4011
1412
2710
4609
15
31
4065
118
4800
4942
1692
2020
437
1125
3220
536
1214
1295
3367
2289
578
528
1405
1731
2488
4713
4294
4276
985
564
3904
4585
2385
2375
1615
921
626
2260
74
4351
2333
4269
4213
1093
3515
4293
960
4774
1770
554
4838
1530
4946
2304
4289
1369
3162
3621
3657
3375
1873
4859
177
4429
3798
3827
4711
1232
3005
765
1052
4710
5052
2239
632
2957
1756
4403
1859
4770
920
1229
2531
1039
3342
3860
4031
2944
439
4660
1919
475
4671
524
365
1732
4472
4862
4920
806
3156
3011
4773
1903
4202
3132
1807
2656
2547
4789
1823
4296
586
3996
2801
1042
4539
3803
1707
4155
397
4139
5038
4976
121
1894
894
1465
1275
4267
498
3253
1137
2508
3140
4916
1503
1935
4820
545
3970
4685
4153
3931
3450
4029
3456
2946
699
2349
3491
4415
4953
2089
496
4638
4100
1268
543
1810
1182
2733
4880
4041
4460
514
2754
4168
4280
3789
1712
615
1055
3850
274
194
1107
5074
4426
3414
3158
2602
3549
4910
2557
4343
3925
4941
2121
3521
2747
1309
3258
1762
1938
2252
342
1815
1968
4771
2468
3278
708
2542
3972
3136
3175
4730
1096
3257
1383
791
3578
2313
600
3490
1781
3265
4886
4014
1916
1038
1235
4318
14
241
599
2707
40
2990
2152
1907
124
4196
3083
4627
3384
4600
329
504
4526
4488
3857
396
4439
2268
872
2970
1785
403
1347
828
3072
2518
1802
419
4983
3575
2867
3599
2347
4805
3076
4690
4967
4645
670
1504
346
1927
4624
682
525
4214
3873
3649
4144
2471
4579
3483
1245
2673
709
988
5070
2125
2670
4987
1751
3149
1793
722
1546
4714
2953
991
2457
4852
5047
3004
913
2148
1332
24
408
652
2686
2715
2859
1179
162
1069
4015
1297
2044
1763
4807
2956
4875
112
1677
2297
3015
2412
3985
2923
901
606
3144
2485
1628
1110
1920
1933
3263
3922
610
2491
4309
4125
1129
3809
485
4479
1812
134
70
2110
3053
4608
1741
2536
156
814
3757
941
2237
1002
4925
379
2634
1796
1653
202
2063
4795
425
39
4948
1483
4279
3608
1396
2911
2700
3066
906
3624
1506
42
2116
869
3777
18
4650
4502
2419
4161
1079
1048
3596
3427
3675
4338
4425
706
3740
4877
4355
1082
4769
1172
4265
4563
3313
1652
4560
4721
1181
576
3470
1556
3070
58
838
1627
900
1678
1043
2521
3445
3127
1299
4192
45
2543
4457
526
4944
4736
2213
2829
734
1073
4901
1649
4336
2109
1885
2852
2259
3480
2907
1590
797
3059
154
289
2880
1606
1116
629
3640
2995
746
2036
4120
3225
1045
2025
3423
1563
3702
2871
1736
1991
4680
313
4866
3194
4829
3010
1545
2798
352
2644
3677
4002
1084
3420
1928
361
318
1169
1719
85
4186
801
1456
2624
136
1768
2580
5026
4462
4639
164
4818
691
3396
4501
4979
4642
135
831
4738
2635
1253
1203
1135
1081
4346
4777
4512
783
2863
3050
3834
1641
2789
2159
4934
3469
2643
2207
4010
2428
2769
2430
2103
220
3486
2714
3400
4594
553
3628
4483
2762
3352
4146
1242
445
4339
2499
2655
4422
4177
1609
608
3776
4753
4851
1584
4374
1774
992
3895
5044
1273
3568
2681
2209
1441
593
4716
2610
2600
1565
3786
2059
3623
52
672
1333
2821
1262
1939
2906
2650
1211
1425
4159
1377
4756
4981
314
775
1221
2087
3030
4937
4593
2540
3222
3939
3244
338
281
727
4767
634
788
1733
2918
4207
3202
575
367
2569
278
4870
1985
3075
3973
741
2194
1564
972
2565
2345
3461
781
878
2245
2743
1445
2758
3453
513
3348
3119
2925
2816
3986
4004
805
2889
1156
4225
1879
787
4060
3594
1178
2076
3378
1008
2274
4459
3330
833
995
1226
2113
2300
77
4443
807
1287
4583
150
666
4055
2286
4529
1973
2477
4378
3207
3715
5069
1163
1730
3731
4835
2095
2098
1971
1943
3412
565
4740
910
628
1457
4399
2123
3320
1423
4996
4776
3536
3694
4917
452
3584
1780
2675
4447
2185
3885
2223
3952
1475
3663
5012
4554
1717
3440
1132
4203
4270
129
2658
664
3397
4889
1940
2963
2773
2242
4681
4828
3577
3012
2363
2469
2561
1899
3921
2915
306
4643
1657
2585
898
2533
2571
2772
2890
2026
2243
2181
2330
2846
5049
4543
2053
4206
762
2247
4372
1382
2885
2429
879
2891
552
1673
3478
3376
4221
1062
2328
472
172
2096
2819
4758
953
4794
2780
4166
1560
4599
3264
945
1019
1255
5057
864
1459
214
4056
3343
169
495
2617
386
3966
438
581
144
1996
3077
207
657
4382
3017
4614
149
4574
4193
1845
4335
1141
4433
9
3813
4918
4160
856
4687
1449
4995
2475
999
1349
1988
4367
3759
3260
544
2232
4718
1025
2701
3630
340
2591
3771
692
3201
4421
3770
1202
4308
126
1415
1838
4662
927
3497
748
1663
4772
3167
557
3304
895
1089
3349
1662
3930
2815
3978
5019
587
4757
2605
4682
1238
3372
4623
420
2904
2684
1967
3962
3713
471
537
3967
3529
4760
3638
4720
2144
3871
2182
3357
4342
1528
4292
3933
4932
1689
2934
899
809
539
3642
3126
2582
2516
2892
3184
4061
4131
34
257
2835
4628
2919
2793
3650
2616
2555
3291
1283
186
4798
4707
1532
961
4694
67
4991
4106
2690
4517
1304
3199
4030
2344
3974
3673
4303
4187
4258
1619
4879
256
358
810
2603
1102
1213
3210
2875
4466
1877
5041
1777
5
2997
4905
4747
2941
4145
509
2303
3894
2231
2652
1801
4083
3587
1448
1862
4503
4854
2720
2151
4749
3819
2372
3125
1782
3941
3093
3808
4945
1869
1323
890
26
4393
477
2414
1623
3055
2503
3877
3685
4474
368
3556
742
3900
1434
4315
221
1610
2971
2660
1725
1516
3363
5006
1501
429
2968
936
530
4180
3845
2410
2032
4181
3683
2711
3517
4906
1888
2568
3193
529
3099
252
2105
457
2696
3319
3294
4197
1166
3038
201
258
4210
3418
778
4129
5079
1549
3840
49
1148
3697
4285
355
2238
1239
2827
4147
4723
3016
3579
1174
2893
4115
468
1356
51
2254
1372
4511
3299
617
3799
3684
1189
3619
1365
883
4578
1220
333
4924
5032
2198
3547
3957
1900
3092
3203
759
3723
1120
178
2423
2513
4729
3251
3793
353
4227
518
2417
5035
2763
1857
2126
4423
4959
2517
1664
2994
3128
2192
1183
3295
1124
4523
841
3775
3934
3256
179
2042
4708
2255
3570
2388
4754
2604
3753
3710
428
3791
3443
3488
282
3124
2687
1982
4759
432
4869
551
2532
2228
2597
265
2178
857
1805
2177
3539
3883
5083
1542
1071
294
1538
4428
4762
1417
2383
4929
120
2219
4371
2424
1856
2080
3468
1964
4163
3335
4557
2979
1338
5045
2056
1825
1143
3238
1310
4698
1061
3429
3508
4027
1874
711
808
460
2845
3542
3526
555
4323
4868
3555
3380
4985
83
3113
4356
4050
3924
3150
2183
531
1413
1555
3192
3717
1041
3761
3037
1464
3430
4329
559
3442
4997
937
1904
2718
363
1291
690
2028
1979
1864
3999
4552
2822
3040
4007
4299
3152
4874
3101
572
2876
4893
1788
1520
4123
2779
3646
1404
2357
3755
829
584
75
4808
2267
3617
101
2572
3444
2636
750
411
2364
2124
3938
2391
3095
1145
1085
1637
2857
269
276
372
4656
392
4524
4902
1559
3274
3413
1515
2218
3241
2598
2138
1721
2641
4505
1184
590
3305
239
1195
4046
2306
2386
3188
2745
1010
955
1185
2575
4386
2409
226
2756
1123
2803
542
5030
1925
2537
484
4766
4252
4247
598
703
2332
4872
3754
2244
2866
4644
3838
4840
990
1821
2512
3960
1003
4633
2664
812
1601
1668
2623
5036
3766
538
2776
4295
930
3569
415
1792
2651
3114
1839
641
4607
1034
1977
3273
989
815
2978
175
1744
1848
1980
3269
1303
3240
2764
436
4931
1385
1070
4914
2230
8
1216
4804
2869
3146
2989
1302
2378
1581
2843
1625
4894
236
301
4551
977
3360
705
2421
61
2352
4782
2221
3271
957
4871
2783
1147
97
3198
944
4224
4135
2139
322
2530
1322
2327
1747
56
4611
5068
2666
1571
13
784
5048
1315
3069
3531
1467
3117
851
3841
684
205
3874
2825
1090
3351
3890
1866
1994
965
761
2014
159
1760
4841
208
3527
5085
2033
2767
424
3482
2839
1716
4003
4734
3651
4518
180
4951
4190
2545
3522
4664
2622
3899
2677
683
2318
3756
469
4732
4319
4816
1399
65
3250
279
3391
3046
3615
2812
4136
1647
1312
4982
2208
3550
1157
916
667
2416
1327
951
728
2175
1924
1722
1210
3290
1350
4954
1007
3473
391
3875
2887
1403
2382
3867
4952
5016
229
3943
1715
618
840
2013
2874
3953
3013
1046
1531
970
867
1149
3916
1286
3373
1474
2484
1258
1498
4331
3233
3459
567
614
259
36
1005
1224
2334
2837
3944
1051
4547
2850
1313
364
4107
3174
418
1764
3804
283
3839
2402
2679
1419
1223
4306
3506
3451
1127
6
1469
4461
29
2010
1561
4117
644
3923
675
2129
1001
1737
1798
4731
4045
3525
1861
1314
3112
1351
2482
4326
1490
852
940
3270
3693
929
1574
2229
685
2081
4748
3993
1757
1831
1947
189
330
3279
4597
1893
2024
1060
4724
2031
324
4980
1800
820
4612
4961
1552
4250
2211
4536
2119
1307
494
1728
4113
1358
1032
2909
351
2132
1397
1849
402
3142
592
1502
117
3211
3190
1241
1868
2538
2118
3089
2511
3346
3825
2398
3104
3056
588
4528
3232
4839
1718
2128
3462
433
997
1765
2865
4648
4012
1499
1597
5050
46
3653
2705
3415
4446
4482
1158
2047
2018
416
234
2193
845
463
2158
3912
3889
2149
3929
1280
2606
2584
2566
145
1442
3029
3071
5066
3410
1614
846
1103
359
2593
140
3090
1370
2749
2281
4400
3120
4764
4960
1206
4086
2897
918
3185
802
1260
1390
3398
492
1427
2440
4780
1236
3133
1294
4610
3618
1171
1890
1293
2688
4969
3992
4504
3887
2205
2640
639
1912
2781
2176
4237
2494
826
188
2097
3633
3936
3187
3714
3153
770
1575
3918
4038
2716
638
2325
2832
696
1018
3355
2926
1386
4860
2008
4827
3876
4864
1913
968
1660
3620
4417
5013
2153
850
395
3087
4602
2959
479
3913
4266
2295
3019
170
873
4589
3534
297
3881
1108
3049
1021
948
4913
4492
4700
2466
1937
4743
3388
4811
5076
84
1277
2541
3401
735
4837
3018
2396
68
4020
658
1439
309
2481
1596
5056
1222
2000
3659
345
4205
4185
319
4746
3336
4220
1063
4075
1892
2196
2493
3512
4992
3341
4176
3706
4173
3277
3658
4324
1740
1600
4307
1207
3530
1941
210
4885
3481
3598
414
3311
931
3439
2519
1328
1119
48
2851
3051
502
2180
1974
4416
994
1989
1250
2380
1547
4947
3603
816
2509
757
4071
2448
4768
4044
2449
2060
3948
1078
4863
185
4171
3554
4831
4397
4407
1326
4943
4845
2842
4541
4588
2043
3026
3888
1518
3393
1582
1153
3485
3812
1196
521
3848
1895
247
1966
556
2156
1650
2739
4654
2804
3586
3581
406
228
4510
2883
1779
2215
1068
2257
4337
3634
595
2445
308
3006
3148
454
38
1909
2699
2999
1820
2114
4637
919
5017
1162
2174
1850
2678
3064
978
2225
2914
2559
3286
1783
2882
5011
95
1579
4881
2136
4353
1344
3432
3645
4111
517
4657
4617
2106
305
4191
4928
609
2275
4259
4137
2510
4254
4957
3571
4587
4477
4436
1451
2283
3597
4188
2278
1591
3249
4262
3476
1461
4026
3908
2693
3980
4406
2833
325
1337
2320
596
4013
1410
2719
4053
4204
3282
2350
2954
4165
249
2682
3243
2993
4178
689
3795
3368
4669
1587
3297
3223
2759
3984
82
5082
3467
1489
1274
4253
3447
2172
3869
2556
1160
4570
924
1281
1097
212
3643
2524
1180
4489
4899
2613
1586
635
190
312
903
1201
597
64
1384
3779
153
4665
2529
1218
25
4564
5020
3942
3801
2200
2299
3969
3308
198
3914
4545
1395
137
456
2463
421
4676
2900
1621
110
2408
441
2736
1990
4544
2370
1972
1944
3455
2550
3903
4480
1771
127
2310
2146
1363
4495
1778
4042
1550
3768
2201
3448
1962
2273
4598
2294
1640
3988
1905
4887
4127
4362
1960
1496
3533
3208
4464
2501
4824
1632
3797
767
2730
4321
2070
2855
751
3168
2188
3068
88
533
2808
3519
115
2921
1194
4358
2220
4305
323
1685
3204
2694
497
1787
2203
1593
651
4023
1406
981
796
1510
2433
3750
1659
3228
1585
3727
4833
215
4927
3886
2065
1458
4684
2620
1674
1477
2868
4550
3737
4364
1083
585
3317
2667
4070
3635
1694
4277
2986
1851
4803
253
71
4822
2913
1015
2873
2894
231
3359
161
2548
4706
2365
1533
4497
447
3316
4437
2046
165
2030
4390
4663
3262
4546
3535
2818
3
4900
4491
1567
264
3743
3007
4977
3800
209
4562
2355
3866
2809
248
3107
246
378
417
655
3434
946
1193
659
2258
394
2100
4765
1720
2082
2927
1308
3667
1228
131
1366
3606
2171
700
4640
1168
4
5007
2264
1460
1889
679
2727
886
3134
1710
3963
2459
1219
4427
328
4556
3234
5063
4138
1381
942
2577
476
2870
4847
3698
2366
3182
4418
4199
5033
4892
2167
4936
3403
1507
2170
1087
4697
1675
1266
2695
3484
113
3724
1435
2514
4972
2270
3310
1234
1816
2912
1702
132
1911
835
4553
3611
4494
1750
2746
2840
4622
3098
3983
798
601
7
280
604
2967
2464
4064
1036
1191
763
1270
686
904
803
174
4592
3679
4148
707
4152
2755
4126
4110
3690
4971
2048
3604
238
4142
4849
91
474
2553
2669
2969
3226
2910
2680
412
712
2576
4231
4810
3042
446
2848
3880
2166
1840
2520
1789
4940
583
0
3344
435
889
4278
3494
2021
1986
122
1566
1361
2354
3765
2216
2248
1161
3790
1027
4301
753
3682
2960
1602
3664
3998
3892
3678
3229
4695
862
3458
4500
3460
534
2860
3907
453
1086
1844
1340
2442
2587
1775
1017
819
4921
4797
3421
3862
167
4098
962
2478
5081
4066
1331
32
1155
2439
725
1594
1896
5009
2249
3906
2415
1240
4796
1918
1030
1170
782
4939
2961
605
4232
2535
954
1572
2346
1655
2515
4242
2319
2108
4763
3528
2234
2662
2308
173
1626
1455
824
87
1418
2250
1512
2135
3177
443
3096
307
1261
643
1758
3781
2905
2817
1672
1948
855
756
4239
4444
1422
1407
491
1066
1521
3725
1679
354
344
1633
2784
2353
4904
3337
399
4672
427
532
1734
1738
642
2051
3246
2269
1387
4958
2982
4955
4726
4813
4312
3143
1811
1946
3358
3893
4384
2164
3186
1416
261
3712
2621
3437
5080
66
3242
5034
3354
2505
3540
4114
3919
4965
222
1285
693
2731
2112
3828
1391
917
2212
166
1336
2390
1548
523
3045
2291
4799
2554
4291
4332
2732
3976
2721
4077
1634
4705
3676
2173
3636
1697
1443
669
171
3326
713
4605
4531
3915
1605
3728
461
3214
827
4884
697
73
2657
752
2462
2614
78
2331
4558
2975
4456
1348
4361
574
2443
1059
2612
4484
871
1131
1613
3141
1346
4275
671
430
1535
3292
2551
3157
3946
1568
2092
2958
4274
1766
789
4200
2931
4290
2019
969
2137
2748
3322
519
4493
183
3189
702
148
4470
2315
4514
1430
836
3543
4530
108
3109
876
4751
3471
4365
54
4248
4540
398
3582
3035
907
768
490
3179
793
4978
1026
4238
2179
1450
4812
5024
2988
41
1742
2862
3302
633
1109
4081
3689
3672
935
4499
1705
2947
1047
914
4391
4989
4375
5059
1022
4935
1436
3686
3293
854
3612
1648
1432
3374
227
3209
2204
3705
627
983
4302
1683
3641
640
4215
3001
146
3671
932
4089
304
1065
877
3600
3065
4652
2639
1164
423
3692
133
1804
2977
1378
410
2706
4387
1113
2920
1884
4601
1215
1040
1175
3732
5023
2438
3110
1818
2728
2090
3039
4151
737
2796
3097
3369
922
2405
3334
3224
5065
1230
2403
4298
237
4209
5004
1959
3513
811
776
723
2312
4677
2672
3122
2479
1608
577
673
2629
2661
1630
4282
4476
663
483
4679
2339
2301
3261
1929
3088
1700
4686
200
2898
2546
3742
1462
3169
4986
244
2340
2189
3546
1681
1
4750
2444
104
2142
4095
1551
625
1682
546
3851
4118
2685
2589
4162
1729
2102
151
3323
2290
2472
1486
3171
266
2206
2506
4084
1525
4360
4975
4022
3137
2630
1882
2962
1603
1500
710
400
3764
3020
4150
1776
1654
4435
2596
2713
1173
733
4792
1265
2820
4212
5055
2127
4412
1860
287
4087
1841
1279
3751
1056
3062
4217
5073
341
1142
3181
3829
1075
4555
3285
2631
295
2015
451
1380
2104
3123
1739
268
1444
2928
5072
2717
749
2241
2704
649
769
654
2322
4784
381
1118
1957
2786
1693
3247
1878
4993
4779
296
4675
506
4661
571
3691
1256
4487
4080
885
2147
3882
59
1886
4261
47
292
1709
4802
3058
764
3379
1288
1431
2668
3769
3616
3699
1306
3709
10
4719
956
1342
3022
3212
1243
1666
4775
933
2649
181
2279
1635
3180
4696
3926
4582
2446
4786
86
1803
2981
1004
3563
3307
1121
4347
4051
481
3094
2500
4471
1357
1691
4507
2154
3652
1558
2368
3239
715
2861
4244
4580
5031
5089
1044
5088
139
1424
3901
3504
1795
1997
4658
3902
160
2879
2314
4260
891
4618
3466
349
3500
4288
2458
2049
1488
1695
1437
1375
1680
1958
3085
2011
3884
3564
2637
1316
2674
4688
4273
5008
3524
3932
865
3954
1259
2483
2691
4229
2692
3622
17
493
4018
3389
3057
3516
4603
2361
2797
637
2276
1562
4396
2001
3872
1544
3898
1607
377
2794
3060
4814
2359
866
2002
3738
1152
240
3465
230
3975
3067
72
1954
5001
2771
2461
3947
4103
1945
4156
2945
2929
155
4745
1901
1978
938
5084
114
1324
2435
3173
1713
823
382
1165
1428
5086
4577
3489
2831
1970
3350
4890
1300
1362
3891
2143
2337
5015
1797
374
975
4919
3492
2625
926
967
4128
3614
1267
3595
4752
1409
2573
3680
3700
401
2078
2611
2393
2544
842
2996
3670
2307
747
310
1098
3785
4575
892
3154
20
4211
4481
3665
1491
2785
4314
3991
3395
1053
3977
3807
2864
2588
2169
3559
3704
636
5058
3178
4739
721
1024
1334
570
3106
376
1016
2317
616
33
3609
1906
837
1956
4119
1570
1000
19
915
1049
3507
3707
1669
3287
3371
2214
1661
4034
407
3054
923
1269
2901
2983
3687
2877
4394
1136
3479
3548
4102
288
2878
1440
390
3718
1931
1955
3505
3989
1554
80
2729
3303
3300
465
450
4228
2107
2595
4938
4630
832
3806
3990
176
1402
3592
1492
4909
232
1926
1080
4865
2734
612
1088
1703
4208
2329
4469
2397
2447
4395
3747
3822
4438
28
2528
2735
1252
298
1389
2163
3541
3773
116
2778
4692
4368
594
1074
3496
1617
191
3033
1138
979
4486
21
111
4632
5000
568
3475
3213
1784
3955
622
44
4621
4883
718
1076
138
203
317
3995
730
1748
4549
1754
1829
357
774
4263
204
4140
1426
668
4651
1246
1799
3501
3927
93
383
470
1953
3591
1852
4963
4255
648
326
2952
4451
4327
607
2930
1629
3160
1867
3381
422
2881
4728
1481
2936
1631
4235
3772
2683
