86
20629
7652
22324
16075
36652
20448
8912
11558
13643
28382
24685
25348
188
12423
35271
33002
11192
6968
9772
9138
20887
11664
27288
6778
20559
24201
31950
26964
24625
27874
22610
6344
590
3099
38134
22705
27021
14381
10592
21200
30972
25191
29015
34882
25157
18293
33162
11478
14
24408
2462
6572
15231
127
19815
31347
30686
18732
10054
5845
29711
32914
32155
18703
30197
8171
31104
15991
32691
24353
15626
3423
9273
19080
35697
14569
37270
25105
320
6240
23774
378
33397
4844
5896
27019
19041
27020
26875
18638
14702
15725
30926
18675
3805
24799
11484
13823
16883
37823
35539
9833
35569
37073
28705
29850
34235
28447
30958
36432
31863
11436
38407
20778
38124
13266
20167
34710
22169
25734
37053
15443
26131
3277
7284
28947
31743
2899
11976
30837
32121
18046
30770
35411
5465
9795
5542
19287
25330
15248
34526
21123
29928
5575
4924
12816
19553
5451
12827
8344
27457
6014
18968
11189
36069
6971
14532
9693
29791
33710
34517
7349
25726
13725
12937
1863
21345
31475
37956
18967
3711
18171
23056
20549
17252
36428
36605
27338
10526
16025
34852
31623
32554
5216
14540
20025
16906
36073
37027
34856
20299
33040
10590
18962
7159
27107
22683
4799
21495
3609
26261
10745
15256
11663
13461
22843
3417
9300
21654
2952
11071
23257
38915
9188
36202
2131
20624
33712
14229
8664
20965
34601
22559
30799
21383
20422
13426
9639
13053
17146
16229
15937
38571
30280
5297
2031
26533
26712
22743
11790
25577
26211
18741
33211
3583
15980
37985
20719
14198
33452
38463
361
7151
35805
20158
11215
30135
33493
2193
11839
4709
20622
13034
14137
35850
25997
36228
28207
15636
17926
3303
32237
23435
17480
30604
17620
36697
28596
37483
22694
35652
9703
29918
5779
24398
30599
31874
24925
467
13296
10158
34993
4477
22099
38083
23085
3686
31435
33819
33981
33766
5623
13370
5042
5615
3144
5864
17200
35122
6632
19911
24966
36802
28520
24776
18403
31322
16211
17357
1235
36529
853
21309
29647
9425
17470
25413
6993
10447
24893
2534
16513
23351
20999
350
30052
28590
2373
16047
9688
12181
13451
23896
12029
37601
30789
32480
33540
3665
1324
19073
21512
27187
31316
1136
2940
37070
22824
28431
33408
16933
21393
3803
14772
35035
380
19312
33103
3699
35736
25001
12187
16756
10098
13958
13692
3921
18873
13329
17863
29004
114
30041
3551
29265
11759
18948
21750
35835
24886
1495
34788
23323
8510
32427
3905
6801
25451
8730
32601
17719
21061
30213
28849
906
8286
22909
29680
3610
20041
19934
34972
3938
19830
26230
9219
885
1687
37281
4040
18946
29858
2006
32286
21558
9525
38217
4801
25000
25594
39081
6243
22768
32225
37818
33521
26718
35219
38059
20377
8261
8727
29136
3017
23966
30676
37462
20463
31512
21945
4744
15376
33390
22029
15397
30922
16523
20709
16218
35304
15211
18375
26307
34755
18879
30563
10802
20084
23187
36709
4039
9186
8652
9674
21518
2968
35721
35021
3459
19471
25779
13320
12734
31289
26198
25260
1202
11208
2500
21476
22289
38814
39112
11764
2603
13865
24627
37487
12398
16699
26435
9301
28579
26862
34213
28291
2231
37638
15585
32650
7619
17842
10257
23848
30513
37149
18184
4824
9164
10664
37048
8756
8587
22696
3576
31715
11112
20228
1098
6279
24561
30705
29703
16617
26656
20050
37389
5191
8052
39055
1437
11945
10240
17092
35088
10939
17927
19926
11922
12710
548
7389
13794
15915
15124
21257
25366
11469
37943
28724
23189
8218
181
23520
25023
28558
21574
8357
23009
27458
12672
8284
21446
15289
6494
6484
6796
33484
2709
15110
11781
22754
36275
4224
23910
37408
6769
32594
12019
9409
4064
33542
38474
37805
4629
10750
20216
6199
20215
15448
22129
653
14544
3937
15695
7090
27543
38279
13579
26491
19770
19077
5738
20503
33272
37165
32968
3488
7911
25505
9789
26792
18813
35560
50
22116
7975
23121
22421
33376
22089
20290
25695
15967
26874
19754
26806
7351
22067
15642
14460
29952
22434
30598
17223
19661
5803
16891
6153
12280
34823
14543
33606
4852
2152
28881
15597
24232
11844
12372
32653
35258
19359
23653
19079
32945
16561
827
11115
19880
1540
10860
2817
4182
23369
31296
9185
638
12967
26962
16616
34510
18089
26028
5325
15884
29379
4800
13005
3992
14424
5323
22319
6486
20058
22766
28594
18770
21367
35536
1593
2048
32552
11661
6343
10817
21703
38813
22986
34947
37118
13382
29228
16072
3139
23601
21101
4512
18752
14620
27212
6460
27983
30611
7763
7115
10856
14144
8359
12608
28883
38845
12243
156
17979
12388
26472
27391
18224
27148
30393
28188
37507
10512
34445
36583
18245
16403
8427
22899
3169
5631
17142
31383
4554
34502
9593
19942
21571
19156
13253
12653
14384
22572
4573
14356
19235
8852
35040
14281
7009
18
8015
29755
321
16822
21786
25450
37297
36208
34158
30336
396
34386
7253
31206
17154
14000
9221
8654
23988
17921
30428
4113
21881
11541
36744
25308
35732
10108
4612
19301
5582
25153
13816
11077
36072
12965
27808
15487
7158
30338
16959
17657
11279
30230
25602
17609
36022
37656
15467
29667
13048
34216
2066
27796
5520
16469
26876
13262
7834
2148
17442
8131
38910
15857
34301
14507
17260
37346
33852
17272
21588
21959
32329
21057
14609
37327
34470
5813
35506
34706
33105
35344
28004
29956
29596
9475
26326
26911
37921
37930
37126
32918
38203
1062
18951
11465
6231
16646
37274
1537
25813
38908
25620
12458
1421
18804
16989
27381
11716
7218
10142
4299
6212
37456
8683
36559
12469
4966
10462
33074
11154
30475
2684
27762
30320
20141
24630
35426
725
10015
11259
13504
26088
37955
281
30859
32368
28502
10258
26567
2706
23423
26498
11738
18620
38738
21085
19964
19433
5519
33253
7424
32889
6469
27423
3621
23794
34692
3727
29282
1241
5258
30749
29150
761
33801
26979
23799
37174
51
31857
10413
20123
28615
25759
30157
5045
30800
12696
16920
32959
9870
27835
24934
15891
18090
30942
7338
14846
9469
18226
14838
31454
23839
18698
12634
36511
35094
8859
8609
37713
20243
18068
19186
29820
25666
23411
25906
21656
8319
20240
6974
24584
1880
11625
3313
16994
22598
20487
20430
27195
29033
30328
26672
16598
6848
9651
20434
27170
36145
8610
20524
35128
5474
29187
20173
826
246
31518
12870
27241
32573
11181
12203
35245
27295
27919
18801
38775
105
10787
31652
32970
27304
36416
25112
17477
19330
18600
38336
15201
15042
8960
9577
1899
31571
5240
20260
2892
38796
13280
29925
16330
4932
26087
29324
16295
38753
30411
3195
13932
11308
796
34131
26431
12516
10855
7044
38126
34478
29469
38090
34335
37653
4837
24242
28093
24381
21711
9699
8920
16251
11015
2398
36729
1788
34487
9737
37934
6462
30114
21699
26262
17234
20717
9431
29086
27155
29543
16829
3751
25507
20344
3100
34970
24110
26971
35333
6725
25871
36633
5148
35920
11881
20264
18666
19348
37409
5133
4719
813
28059
13933
27670
19264
26473
2802
2773
34286
24603
26539
3372
25146
24208
37925
8691
13104
13901
37265
21064
33849
26733
13981
63
22732
19261
25150
31785
18895
8153
9884
8035
14193
2307
14010
13789
25471
22066
1490
8295
27592
16679
11967
32327
29658
18985
20255
17639
35013
13437
23891
30083
18867
17380
24046
767
21018
3963
38673
14354
16964
16394
17466
35605
31152
18186
1752
9684
34669
27901
1830
950
26688
2910
6121
36699
34068
3005
2195
18363
14298
29154
21385
6287
10210
28601
20813
30609
26318
11409
17907
33869
37741
1841
33548
6323
4609
38044
31592
7534
27722
38222
3460
4968
17454
34708
31915
34807
11406
285
36641
13235
9824
3619
12110
31914
7502
31094
8439
21006
6107
29060
6591
1471
18209
18655
3476
17532
21199
12093
35374
196
37515
27656
8871
31565
11842
8993
38378
8556
23011
21641
17020
19789
15176
25212
5935
17084
14313
24571
35733
8424
28103
1574
5991
7770
8280
32245
2312
32144
34880
30464
10198
445
34493
27474
3866
30088
20437
22722
35136
27980
13807
18508
24244
6174
2769
19646
17704
37644
24899
9238
18768
4176
801
32178
18532
1943
277
37740
37757
11056
32883
14465
26611
32882
32822
4295
454
23356
23533
11244
20175
32694
15757
27476
270
23886
4284
30209
29127
16755
26158
27038
10672
4340
23030
8786
18402
28998
14269
14359
6517
22173
9108
13026
23371
25004
3384
5837
31204
4994
26850
7074
27542
38791
29526
11761
14128
31053
37634
22844
26278
27033
20747
16952
6362
6851
2704
33656
24989
8412
19734
37287
25407
5528
18214
32771
16681
12532
18357
4433
18668
36554
24350
14859
14687
32567
27353
33933
31929
24252
20270
32509
34749
36424
29699
9012
23109
22710
22303
1808
20193
23818
14227
4132
14575
25574
17104
35799
21456
14290
20992
4692
29387
38988
25612
18255
22949
17873
38489
26006
2366
37555
18898
27130
36462
19291
16253
17536
31386
38064
18329
6822
29624
35073
38256
6133
28414
12699
26849
35757
3464
5185
18905
24254
1137
28811
12526
23927
38208
4062
35643
27961
26043
8508
32468
19180
36574
26528
9968
10244
1622
18805
11352
6930
18413
13383
3914
18762
13068
33846
13733
16693
15706
10331
9811
35427
35298
18963
6427
27909
17217
17952
13961
27074
5573
33829
13531
31075
26234
20495
10321
398
7624
24057
3055
2946
24452
35979
17160
11652
6830
32430
12058
15611
27494
15386
21205
25045
33295
23251
11020
37376
24624
35603
1855
33784
26502
29573
33802
4351
36409
22566
7863
28544
2040
2536
10854
20332
16529
9048
4895
15436
33694
36247
31399
34092
10400
7559
8584
27674
32792
14413
21748
5353
19535
28081
4964
21747
7842
2285
29751
38948
29089
23414
35299
3789
5266
17304
36365
12752
17013
17165
27337
27355
25546
28268
9908
33825
30874
35421
18959
5460
35172
13945
30412
33435
22283
22093
26200
3970
25688
24048
13036
30840
24394
20441
15879
26247
12654
6598
26175
18865
28071
7169
5688
22195
8392
15801
33687
37068
470
2045
5295
10816
1059
8070
31538
3998
34824
18049
5317
15052
36530
32457
36610
13493
34701
34139
12690
31185
38306
16186
5356
29892
36105
10961
15283
6682
486
9560
15043
21744
25700
8681
14624
16381
25175
10735
9371
31667
25596
34145
15429
28252
34439
4720
944
14162
9422
1190
16404
29776
6226
27969
28895
34220
11875
30298
25722
8509
25198
31350
26723
14892
1319
21389
36734
5456
38411
19304
34192
33351
15834
2331
15964
17687
16067
31862
9042
2902
9954
33458
33184
23471
34556
26869
29435
38250
33226
9130
25417
7743
38211
20075
26606
24259
29559
10877
7854
22441
798
9056
8167
35500
5746
12028
1051
25326
13675
443
12053
36952
29745
10846
29464
23058
19481
30361
38926
233
19035
19915
8020
4933
36685
9678
37374
22758
37378
24847
9125
34043
16220
13989
25858
32644
24356
16577
26750
19313
7239
33416
24726
38570
18611
4272
25743
8673
25769
15737
9531
20941
331
9354
29669
9346
2768
36831
39028
33381
4884
8963
21119
19630
1169
16673
33513
13462
35771
34318
18993
10818
35372
6912
34690
11335
31221
1493
23389
29593
14962
38219
35844
11317
32139
1949
27557
11245
4386
23502
9878
23999
22418
6379
15851
1818
35503
13520
22186
15501
32323
13885
32277
744
37450
30504
26078
37779
265
4770
13488
4936
36320
18055
17030
38395
11228
38221
36412
33593
12801
17762
4972
19539
22366
32837
36227
10676
33468
4486
10406
18113
5643
37339
12721
8628
16214
17387
26989
31534
3721
8272
289
18538
15107
2319
7188
4579
31334
34956
23808
18222
8829
13633
14254
21361
2483
16649
33763
14062
18150
23876
10579
38149
35627
8466
33643
23785
23546
35966
36711
31831
33522
9895
36018
23255
22724
22921
18795
4473
22393
22596
8639
25384
25257
94
4173
3
14375
4035
17552
12601
14020
16242
36663
6155
12092
27189
32747
3887
7885
610
24709
18688
38429
8862
36797
28910
12992
2453
38824
28091
32016
7904
35769
1280
22689
26525
2914
18056
32894
15132
7689
28096
4591
25429
29507
5754
19581
5183
38729
658
25681
18294
23081
8079
13672
23581
7809
12082
27536
8122
23698
16282
31416
2497
848
10047
18475
28580
21674
17130
28522
2481
15959
10990
20007
37998
7070
11616
26027
36283
24167
9038
15342
18614
27303
26927
2362
24140
20467
37565
15007
14075
19807
34460
28492
24635
20477
17364
23249
38521
38917
11155
30528
4496
35509
6809
7547
16691
26907
4147
20324
5236
2153
18169
11778
16226
8151
22237
30204
16757
27289
21037
35240
30603
24096
32715
10328
9896
28893
5421
33081
37228
27255
17914
109
26778
5361
34004
1114
27105
17290
32025
16753
11261
15726
5564
35353
34063
7903
39030
37002
38929
19103
2645
1343
32716
24642
27970
4178
10513
20395
19435
13514
24719
18132
14529
16674
18848
8302
5290
18477
6535
36533
29098
3374
37610
1048
7051
2306
1042
22073
37765
28376
9610
6438
2564
16061
10280
13103
31840
4906
35758
27023
34085
35195
23419
17135
29080
16782
8801
23290
34275
2091
11766
16478
10460
11168
22506
29112
35820
22929
2700
38068
24426
18051
23551
19194
2715
431
13951
257
18902
8754
1145
25639
27799
19108
4239
16056
37542
24000
4199
9013
7858
21384
5219
6805
1412
25235
24069
5530
31091
10410
35843
4104
18020
20606
21486
4859
22954
27815
21258
13182
25406
33815
25205
1261
32454
27945
24773
33328
12252
25969
6554
5205
22798
29020
11257
733
13824
15703
35983
5213
33246
17011
1311
23552
35102
14913
18099
29395
35613
10930
12183
2426
8364
37906
32895
34051
5957
15011
29199
30184
3448
6785
4651
24220
32073
5336
30839
5659
33725
2420
18917
7321
13654
26408
14681
4736
10869
28888
20278
7870
25634
28970
2378
3190
8044
37928
19432
12346
12005
5499
21036
37061
29407
13418
20993
27201
24651
6662
11052
6573
38438
16992
13821
19125
13953
23588
1113
23463
38606
36379
21230
7596
23773
10401
20829
24664
29314
32963
30342
26453
1763
16535
18262
10838
21913
22038
11072
25245
18438
35787
5505
38373
27897
8623
15502
2994
34088
21103
27910
1105
17502
22454
17275
30056
12166
37931
24944
35450
49
13853
33836
34583
32441
4446
12549
16467
3830
11046
195
11893
29377
30965
7986
38856
34574
19183
16142
25799
3585
30185
10691
16213
17052
18081
4149
12454
10278
8858
37140
7999
35447
6476
31224
2309
19791
16115
21335
14109
7318
21830
6117
36502
24302
31997
18897
8615
19209
12577
2133
23368
19059
28769
15265
1846
33348
13218
6320
4596
2616
15853
17850
32810
34325
3158
3828
22936
8059
3777
2635
7532
794
33457
16319
4311
17714
28422
33453
31418
27883
30774
18735
28770
15220
24810
25802
37752
14919
16707
33012
9120
38702
19228
24640
6825
21275
11864
2211
32002
23691
4413
14566
16915
33188
7749
23093
28428
22110
696
36593
22182
4493
16192
36289
24409
8458
4875
15766
12283
17205
13270
97
4532
8252
26384
25978
33594
8393
13017
25048
663
18206
1269
25057
16380
37448
13067
31149
16208
8452
24800
14219
1467
25185
27838
37541
1834
23231
37961
10197
3290
20211
10000
19640
14604
31217
21347
18178
5431
32189
25824
3241
4187
35794
28347
21599
35778
14950
3385
19258
14270
4415
22829
24996
19547
6716
37160
30788
20879
6879
8734
24488
7100
20936
25935
9390
2870
28964
28932
22960
22125
9508
7878
36160
23824
29906
9050
25086
11460
14286
7441
28042
8378
34660
33904
35276
1277
3618
5100
29233
29050
30132
38863
10391
22198
2421
32561
9721
20109
12201
25931
38714
7974
3429
6642
6332
2490
33335
9760
31519
29161
37466
32241
30651
21960
30257
17622
4530
11103
6058
3599
23593
34497
31783
27774
24279
21806
20252
22371
2760
5769
7555
28973
26297
13841
31556
209
6775
31601
26734
26511
25113
19642
32516
30103
17176
36230
37522
14003
24101
21368
39076
36899
5030
13254
18093
38679
2274
28025
13854
2909
33747
32308
9616
17826
36648
30621
32402
13842
26967
7117
38237
9897
29951
1500
17666
2289
21647
37870
39053
28698
12468
1515
34408
17801
22713
17057
38811
30350
20590
25013
30727
19047
14069
5697
19996
18129
16797
26350
26072
12411
15165
29972
31764
29712
1739
323
18603
8712
36450
37802
455
17814
25041
3191
15996
4805
34455
23003
7897
12178
37240
38706
24819
14738
3010
23647
15809
26926
17433
35418
23706
21801
8569
31345
19360
6252
27829
11417
872
2058
7686
32976
33608
26940
1875
4707
20884
11247
7618
2784
30024
29049
27112
1478
17976
4788
26791
24965
15881
4288
4774
16601
24268
22115
13896
2986
16808
24185
11510
20363
19738
16846
24643
11026
25076
9683
27864
26883
38478
35908
17072
37317
12249
34095
22252
7697
9817
22284
13681
23665
19953
16996
14653
33685
20987
6906
30282
33279
35301
18972
10077
36061
5106
35300
38128
21807
21562
5464
25163
34080
10568
23937
20309
27077
13760
31134
22114
21331
1623
28440
4453
3346
11722
13365
19352
240
28039
35593
6916
12276
18256
6633
10637
2597
9179
12520
19796
16532
13002
6758
7839
31612
35140
16766
923
29317
37690
36332
12359
35596
18607
24224
12266
21008
23749
16082
6249
31733
29852
1758
16586
1953
5882
23790
28154
8449
14925
36957
20310
39104
21774
5406
37684
1876
32872
33998
33579
18418
18072
33925
37373
32215
10936
9261
30409
6429
33994
27456
29204
16712
29436
1581
28976
22290
28328
33151
28862
14785
7766
22482
16651
25661
1656
28513
36480
14856
38263
14524
36253
34768
26661
17183
3202
36254
7577
1755
27184
4498
12972
4369
558
16477
1729
13099
6743
25774
6595
9232
19284
14497
17331
11374
34037
32925
26070
19042
14166
10840
10841
11207
29542
17232
29156
38764
31719
6037
20692
23523
7013
5054
22983
8942
18749
8827
20625
28823
10931
30036
25548
30551
21413
15531
29246
6222
28007
24015
18911
25954
18591
4524
5955
30416
22812
18632
15845
23244
10752
17822
20957
9940
17422
23658
13364
12693
12066
34438
5052
23535
612
31138
28061
30139
20410
36257
22869
481
14977
5630
32173
32338
7771
21207
935
34868
28913
25211
13543
3436
20373
28392
17194
38859
25103
4983
3710
36309
32884
14450
25217
8484
19711
38017
8550
31324
13012
23460
8415
32950
28810
37758
917
13772
19154
26963
19409
1009
9691
27832
15738
861
4959
12167
35950
29735
11161
38492
32671
36343
17474
4205
35969
25168
22148
35354
23225
13294
4472
11014
2249
37850
27930
17088
1050
5349
18404
9769
3743
27313
32975
14934
16958
14762
23810
32205
34769
37666
28783
20043
10923
19984
25003
22536
29759
2605
757
37246
7507
2643
7119
38026
22717
24930
30950
34984
4002
16458
5181
33256
18815
26803
10160
7282
32398
13856
8553
11130
30728
32964
16624
19372
3550
27299
4696
17148
36961
35906
18512
27966
9337
21444
33659
7641
12943
5855
33399
7733
7197
20504
2916
24020
20512
34569
12798
3059
33841
33545
38011
16809
31507
29945
3244
13766
8511
33300
36785
30223
11369
18574
1511
4829
31650
23147
2365
34793
16246
9212
34255
31884
26417
23938
8147
31855
18428
23074
14454
7810
29973
37280
21592
12087
7793
7056
18912
14868
25940
36149
21301
27323
554
21274
10769
2070
14133
37092
17236
4804
10124
28706
10777
12473
12512
18165
2680
18890
25670
6589
19136
37668
9556
27623
10999
21459
38712
7543
26242
32344
28612
8288
25643
6636
31479
38619
36684
33621
9196
14941
4021
30931
13324
7246
38265
24871
36659
21519
7916
23333
33432
13714
19203
820
16376
22523
35146
21154
32490
35239
17757
37551
15240
17079
795
6558
28988
12560
37406
21215
27675
34372
23723
32086
34844
18317
29519
32783
29342
31846
31637
24200
18371
7029
3253
13808
23269
35515
9992
27739
25262
34198
31752
34913
21800
22741
36344
34
32944
31291
35708
14530
33888
1431
32809
37414
19736
38016
2679
22695
18266
18806
27788
12557
28416
27123
19850
29471
15973
13039
28114
24840
3942
7384
648
38827
1310
37501
8346
16607
22103
22565
7764
27676
5893
36689
7606
18906
30194
25281
37693
423
24061
400
25123
32299
36980
8018
24346
25063
11034
13584
10291
16372
37108
29805
16694
22184
5640
19236
1139
13918
22650
22891
24866
15291
25924
21851
21600
12711
16182
38178
4735
37304
11137
6120
30582
537
18189
5947
18215
5500
33142
5748
14754
38568
25274
194
14773
34831
21073
9356
2978
18454
1385
3176
5708
35961
6623
8206
1948
4480
4828
11707
4813
19306
5601
12794
34634
37039
20636
33772
34456
36398
38545
32077
25485
13892
1619
38297
24339
29099
38490
176
18650
5872
4402
27147
17647
5077
29037
6987
22668
27471
30448
8923
17314
19037
1653
9204
13349
29853
32905
18461
2719
6837
8398
30541
34693
19775
27325
11856
38115
21591
13973
21627
31679
3680
3151
9192
37678
11961
14459
8749
5889
33235
30047
1927
25315
23307
19638
29347
38422
24978
13006
13774
20639
171
27311
35617
3157
11708
19981
20499
12080
3632
26051
32912
12522
2124
29132
15218
20854
28887
20367
35292
36418
27488
6185
35712
14177
6201
469
11224
8831
10997
31269
15802
15324
8977
15764
10505
34641
5869
24794
5770
11538
2141
3494
21112
29130
30616
7316
18244
38081
11268
23440
26858
22376
1462
38491
24058
29811
26745
24435
24135
34825
6299
13158
3508
9477
3533
8110
28203
38878
34746
7795
8335
33147
17170
22023
31815
5300
21949
34953
23673
18135
38549
17780
31421
13190
27551
31074
36278
37830
25749
37474
37981
36836
27745
33245
35776
22697
8744
16571
33287
15207
2688
28673
3263
33716
13593
12896
32615
15893
6580
22360
19362
26961
4955
12189
21951
14215
21115
36168
8784
27968
28873
36086
11803
22086
16036
33987
19613
24317
18197
12056
31801
14131
7369
11721
18396
28395
7605
27732
13701
26975
3931
19924
11303
20971
8241
11574
10944
24429
24820
19780
21071
5536
4067
10469
269
2039
21015
26424
13941
13554
1171
14519
29093
26872
30174
29610
17849
22576
5895
36965
33252
9018
7043
6511
7114
7745
6002
15867
13275
35602
11129
31980
21891
26274
25798
32278
18472
10175
33130
13656
28417
37977
22158
21797
9403
1369
8641
1374
11498
35176
30109
3362
799
27525
29289
5381
17457
7172
31283
25557
10260
38274
20582
14910
16497
12223
24831
9937
5344
6177
39004
18715
37993
13617
20527
3990
10792
33204
4902
19573
30329
37709
23517
9819
28002
35017
23303
17363
23486
33668
13567
32433
19747
8220
12912
8086
33061
1290
20040
25890
21164
18505
38884
14195
12950
11905
9115
26100
8665
28576
988
38912
26587
22078
3626
27335
31702
21680
21240
631
12108
36476
6863
26092
4232
10913
26360
36455
14300
14434
4400
19812
36628
21928
4364
4465
5790
21639
31645
18440
29134
19844
9653
28915
2242
19185
30725
37292
36207
6179
5755
5088
36665
14522
28302
33907
22965
25710
23015
38645
4079
26339
994
19905
21840
23035
11617
36829
11771
18064
30919
23880
32829
8836
11294
18205
10786
37175
7985
21403
28009
26503
14050
16141
31065
3073
16662
34538
29919
705
7121
29949
27802
14939
38015
23917
17074
22908
31761
25127
20054
38328
18517
22450
1475
21094
3071
30078
18006
6024
19681
34199
16076
8009
33233
23761
2189
34681
28752
11950
4029
12376
16732
33487
12738
6903
30149
24790
30485
16068
25100
17726
19742
32471
36113
10857
1935
23777
12505
17418
32623
23125
1507
30614
20354
20492
30054
15873
4025
31033
11477
17831
10222
24053
38447
5310
10631
21935
19665
11391
1512
25259
555
13237
20850
13693
30472
8549
29085
28931
25126
24199
6326
12669
5556
17125
5943
12377
27957
24062
15348
16138
29761
1391
37042
22540
19687
3119
12437
31114
6847
9929
27793
4765
35023
8742
10374
21319
36399
35676
1918
3922
26667
7211
28960
14296
8172
19245
1044
20563
31157
32728
36579
36694
26203
24085
30537
5164
26851
27812
21828
35248
17854
30443
21188
15105
38996
28786
30365
33006
11677
15589
13063
4542
35377
8699
23256
18633
22065
30131
34645
35243
13310
22995
1906
26773
23842
18328
25169
14043
25363
20083
9057
32731
9005
33305
26893
19995
10826
6661
18334
24326
12229
5714
26293
28985
3809
17237
33968
15006
3934
37611
20751
5533
28909
16818
8169
9246
33885
1976
25979
7397
9661
16991
8687
29549
8192
20349
10511
17346
14124
15634
1176
30838
35589
24696
24206
39080
17721
33323
28208
31837
20055
6410
2975
2489
37646
3288
1376
1541
33873
4118
26972
38389
16390
8812
25094
14263
6259
21445
12590
8134
36917
13033
12810
1199
9847
37896
4429
34040
18122
6408
20567
27407
15671
19703
19231
4417
4443
6620
10706
31624
10741
7677
10682
20476
16956
10617
25965
4163
1016
22826
8414
3237
27631
3801
11981
21374
10099
27534
7648
37145
2781
24229
5785
8274
19940
3481
5891
24344
9919
1787
18085
20827
23148
9230
32198
24739
19060
26699
32521
7030
17673
3890
24129
26257
2205
7411
37769
19866
25717
6018
3257
9353
8311
2251
9423
11289
13274
30989
9719
15895
33610
25128
1529
20480
21735
5228
30906
213
27127
37497
24691
10379
6030
23352
23409
27640
4701
8899
7824
20435
18847
6395
16331
30846
33803
30627
33563
12466
38543
32075
28865
5597
23105
4548
13042
33356
38113
34375
27073
14703
1742
14672
1565
14185
13592
466
38655
22179
30867
1659
14235
7634
30071
18664
13080
27540
21760
36056
14829
2668
24689
31288
1833
32164
5952
21353
38788
19439
10700
21377
24971
34575
10377
8084
21343
10599
38993
35214
24579
3959
29108
35448
1838
9451
18693
2822
27597
22849
25409
30205
18335
10266
31304
20320
9162
8890
28161
32681
31069
38031
15357
27144
17333
18314
13629
11108
4568
15120
1128
33443
4664
337
19105
10831
8874
33029
13596
10965
3295
29475
18588
32456
27239
18640
36229
10562
22048
24205
22876
33236
10
32875
38103
2954
11262
23494
8612
18812
6113
32974
26936
4840
21269
2485
19662
38700
37648
7633
30305
13934
4790
18504
17616
9936
34215
20234
9780
38158
5840
28217
4831
12146
18971
2267
21406
16540
32733
34217
30526
26476
8860
18321
36895
17679
23615
34038
18423
35397
18298
3883
31198
22347
12127
2716
11598
8969
6852
24415
7405
2926
5862
19737
30605
38176
26817
6168
9810
38432
3130
22460
8459
17836
32219
22007
25542
8301
29896
7989
3673
15224
26932
2013
22825
3503
1890
35143
28665
31400
34843
4459
32956
8924
20380
12488
27887
2777
35384
18022
22731
36217
31942
36680
25454
37222
18441
5920
36516
19955
22329
35727
35396
28669
12349
36893
17349
35960
17127
11849
31986
25592
23209
23445
14273
16761
25654
362
15025
20801
6020
15997
37940
4491
27638
15383
20809
13975
21089
37104
19705
35595
16677
1794
37957
19347
15367
36075
2169
38649
24812
33570
14826
28021
17611
29479
37663
11410
25980
138
28374
31636
38343
29384
33068
14822
14669
28023
3719
18713
26725
6482
4159
17661
26952
24589
32481
28308
13056
21615
22666
18589
8875
1710
36549
15536
22906
16792
31489
21450
16089
12270
22669
6969
3988
3207
8010
18185
8697
32549
33617
21789
24179
18834
1730
34313
33016
26621
8662
32447
25550
17662
34799
16939
26320
26026
23228
8463
2208
28190
2618
4356
21429
38869
30172
28586
10937
23164
31579
38000
7919
17245
31870
27697
17759
25981
2147
14942
25728
13325
36673
1341
25264
8666
4999
34149
9103
7447
11239
14087
18845
17253
21984
7908
25903
36008
18355
4273
16040
36677
14667
9758
37701
5824
17640
9343
33923
23750
11191
17019
29311
31303
24877
9305
30552
36179
34782
18844
17796
21692
29534
34550
20414
20431
32557
24912
20061
2518
4211
11998
21340
31424
2206
31951
29293
20105
26815
12383
36135
22555
26401
29934
11847
5292
30784
17173
23492
35350
20151
3348
31471
21482
16332
33137
19317
32043
24634
11580
5079
14079
3150
6275
23437
34115
291
21303
5128
26050
23292
17818
18583
8653
37413
13939
35822
33161
9550
24988
70
10071
38691
7432
38931
10037
36010
16785
1724
9505
3860
4678
12815
9859
15187
20599
36158
15455
32642
12214
31765
25955
17670
24872
6998
29348
29602
25708
33476
8941
33533
23321
2853
23914
14489
111
3625
34398
24054
30968
25158
38076
13491
15023
9996
714
33265
1312
675
1087
23772
11608
27811
31676
34986
7362
38942
34431
7664
28462
31869
14306
13671
17111
2240
30104
26695
11230
10226
15293
3409
37617
8194
20859
13204
32935
31002
29899
35416
30259
28413
4650
15588
10053
3217
23742
9233
7820
26314
15650
2171
9176
34105
17663
671
17060
9590
7538
34817
24785
18602
26253
2457
25396
38229
33326
1279
33976
5116
12074
35851
34961
1952
17005
36292
30814
34719
24765
10349
32486
8338
6911
10675
22511
2833
35034
5905
28553
10555
33312
26258
30332
4190
3002
8979
37040
32712
16057
35879
38230
33479
24300
37593
1041
1246
2515
10905
17525
15511
32898
20047
25720
28476
37922
34203
33616
38361
17988
20068
13539
13658
30432
28583
2913
13963
4862
10308
36679
10034
33586
38755
9736
27632
17895
24601
34097
17678
11519
20791
5696
36877
9786
36336
31988
37158
809
6597
25008
13443
13366
17592
5037
38209
11329
33437
26300
15307
34897
13783
13243
21865
8168
15440
38131
6164
20229
4723
4181
23474
34971
5309
11140
1140
18595
27763
24359
15374
30125
22151
18175
6394
22172
24849
2845
7723
10319
8902
24036
36722
30660
20651
23029
30581
4090
13160
3912
7248
34070
12640
6220
9312
7740
8688
23844
13586
21743
21125
11924
12409
37236
25885
30158
31156
16678
10057
37264
1674
10888
34939
506
5340
20365
12045
16014
31353
28471
26895
4961
17504
16824
27259
39091
22325
11153
12258
5223
37746
29402
38339
19522
19528
6810
33761
27508
33538
5041
25273
2334
29528
23791
33596
19674
11497
38985
31853
24519
11291
23924
30962
37324
11520
23097
2074
7046
15505
24954
895
360
15981
30111
6667
12330
16580
18649
31388
3153
37569
15790
30911
3634
615
21653
28627
8091
20247
21795
38562
4838
2966
19872
30296
18308
22106
6271
21139
29017
36924
3662
1865
5946
39002
20927
18980
1905
28891
6074
5253
23619
13232
28604
21712
24082
21263
5806
35874
32455
10527
34058
27813
34368
32304
7454
38174
239
17893
32686
8567
31039
15190
2710
13407
26067
27721
9822
6186
12076
25307
14048
18211
24278
9069
19238
7065
20643
35446
33372
12907
26106
33600
36019
15806
38992
13192
997
30408
15785
19199
26715
23061
2567
20906
4567
32874
36801
22653
19499
22934
5705
14597
7499
947
17045
18061
600
9720
19669
3200
21734
20515
22726
28097
26622
30693
23358
29571
36367
29447
17358
22130
8166
28827
20785
37780
35764
31387
2155
15072
34568
35982
24139
697
27613
38897
9891
17904
32046
29131
31361
39072
24875
16085
7636
8037
7707
29375
4756
28325
8876
2423
37453
126
25062
25586
38820
15169
35873
28293
34429
24100
1142
19135
4133
19453
38757
22364
2967
18718
23874
8698
16386
15295
28136
37652
29410
31824
16299
834
6841
38386
21905
10546
20773
33027
18003
22202
27528
8774
17406
38023
7032
23113
14393
9799
7857
17503
20653
25593
20991
11164
33365
20033
32743
10822
17373
27045
9958
32464
14416
16285
4305
22900
11762
25357
3466
14115
37645
33640
5684
9802
35237
16881
8580
22728
33574
36634
3978
29165
28524
15108
32685
7741
23107
31985
18500
31889
18439
14901
34127
35668
9549
28879
34522
19778
19550
37884
35666
1973
2105
12573
7442
6365
17381
13876
20821
30245
22602
6309
24793
28750
12033
3669
8750
7269
35019
23718
32589
16356
19826
2751
15156
27946
2068
35050
27673
23631
8794
37735
27841
23268
12065
711
24399
10209
25289
7080
31771
35611
9898
7463
8028
29575
20546
2689
35251
16903
22548
26194
2041
20690
26195
37737
39087
29051
6780
3749
11858
23616
22154
10233
32602
28758
3457
851
3623
1453
1075
36520
17517
13276
28729
32060
22609
8783
1074
5910
34141
3842
22577
17596
2737
35330
9380
26038
9569
3574
37259
24456
34457
23899
11811
534
32184
6797
13357
29209
14105
38537
33980
33281
24612
35575
17171
14078
27153
3531
539
35824
22474
33789
9879
31098
35628
33088
1708
12503
20294
11913
18884
11620
16942
34288
1870
26588
17848
24390
927
27167
4665
28261
14118
6261
21888
30807
15236
4757
36938
1317
20682
11093
25267
5404
6178
38275
15078
17356
661
26413
33297
18309
20787
32165
2287
14363
20638
21857
19276
28938
15989
26393
8887
32961
4952
6194
36333
16733
20302
38605
26233
23057
21634
30993
31005
2325
30797
27314
8236
4242
28638
16521
31741
28155
24416
31803
28151
13186
12805
32500
6703
3991
20386
17174
7363
35839
23766
8049
33569
32515
9933
36454
26237
3677
21024
10359
27293
12112
21474
11897
24285
19044
23905
3730
27510
3381
12624
17919
34506
33560
4055
5667
15288
18528
34114
890
11614
4586
33417
19920
25653
9955
20304
20042
24345
13153
36321
13255
24286
19303
7738
5195
16941
30343
19614
219
552
31339
32469
32777
33456
15615
2677
18862
8501
1336
18572
28791
11964
11980
25459
4514
14805
16609
11627
20098
15125
16850
33282
30822
19512
19378
30877
35965
6324
35630
29713
17513
9385
15663
28735
25571
17015
37441
32739
7297
15799
20580
31786
22392
28284
38577
34696
6298
7311
10064
20180
22813
14827
37162
37699
19904
38918
25379
21470
21039
6366
34428
19781
37832
37621
11808
9562
11380
36719
24458
23464
26619
10120
32202
27438
22348
8242
29654
38145
13432
27973
31722
39049
2005
10570
26041
26073
5627
12675
30314
26035
29459
32843
6374
15249
7304
856
30206
16370
27024
10025
11505
12759
20836
21244
2262
38955
5188
25187
26516
12419
33313
13736
10368
3919
385
13336
28139
37167
11136
31482
843
24505
25972
10823
23370
5878
6864
5298
26507
13877
14228
28150
518
16739
9602
30177
16276
4318
16164
33681
7388
4281
5744
21640
556
428
14135
8483
33775
34249
38387
20757
4373
22216
28357
30380
18961
32266
108
27599
23180
31973
26677
30452
11706
13880
14787
2504
38736
23355
16128
21931
35437
32544
13396
19474
5118
28600
19966
18565
19272
27004
8978
7147
22396
18485
23178
24038
9234
21477
36584
36295
37011
12218
11916
7737
2464
10645
14493
27180
3832
7561
1822
31202
34007
33387
3376
10809
4594
21749
21764
18364
29392
11673
8758
2529
33793
34159
24323
22209
34422
32808
17846
10884
31197
33062
33360
3851
6831
19033
25361
19600
16670
12879
19099
7669
19963
13872
34499
30964
27169
32214
31979
12149
38212
18506
15958
34964
39029
34238
31349
28448
37012
22658
11968
25564
3555
14740
8119
1784
33395
26783
24214
5073
1668
37022
24245
33964
5853
31625
34165
24868
33206
15667
28054
37433
36517
31818
29832
4827
980
21225
7034
3557
9773
34834
25605
37434
24787
23560
30303
21128
33619
20768
18210
38427
32680
2304
17460
12865
11300
3982
11889
8170
31194
7695
27493
26294
18828
14430
12433
11584
17656
25876
32858
32522
8972
32200
36102
35253
6683
32553
29992
23594
13829
22317
23203
38551
22095
13061
2336
13652
14325
18359
2980
34637
25528
28658
26854
11270
17436
11635
15871
21892
37817
30832
18470
37789
22384
3287
26442
8442
33039
1768
11370
346
26265
35202
8735
35230
16767
7361
2023
18084
5817
24599
28911
36773
26506
31162
18942
26004
17033
392
9689
21253
14102
26485
39006
9189
17827
33285
25613
9567
3873
15082
17401
9387
4421
8530
29510
9801
11751
10536
36081
21581
7433
24487
6658
37700
17621
6735
24004
20843
29701
27515
18551
29448
21697
18023
19295
7143
32450
13228
17303
21122
6349
16751
16551
585
37148
19753
23129
2443
13278
29779
2
17730
33438
28531
3806
6991
15962
31403
27833
26519
25939
26790
18125
29288
11852
29581
5409
13209
19423
3603
6935
36630
30016
14435
21900
1869
22260
32115
5250
17900
30909
2517
31524
34691
33194
37046
15965
21222
489
34252
36748
5884
30159
27011
4976
35233
7900
18269
31034
22544
15998
38449
938
12497
8143
6052
14308
24218
38758
17922
9355
898
13223
9516
24434
1968
2360
5511
25811
6241
15077
35242
17680
8895
13212
21175
30483
10448
21043
21485
13497
5838
29967
37302
37763
10357
4534
37463
23680
18474
34266
3656
16628
37867
19843
32910
25992
395
8842
35328
1793
25724
5990
20911
36739
37500
637
20403
7025
31879
14705
9311
13979
15339
2764
25784
2750
35287
16740
8835
23919
6331
31573
18672
2696
7298
28978
16880
35943
17603
18104
29978
24243
772
22938
9901
22453
38946
1605
33489
18079
26980
8644
33626
8354
15798
2725
9435
1081
36044
22041
31740
26135
23901
1192
16814
9696
36519
28866
23858
15183
16410
26719
23278
15921
7927
16603
15804
3447
27569
23850
11117
15540
30489
30547
33516
28934
24908
7687
11125
10153
19544
11426
5652
24180
4269
7335
23576
1535
11526
34417
26948
27871
14230
35747
36133
11211
32886
22139
32528
1956
18238
10780
14488
4024
8265
13281
27262
34304
2183
17953
3820
6816
32849
21069
4868
16495
11158
28819
13102
5444
26999
8506
25133
20457
26134
32610
3359
3844
36597
6599
17632
34866
14192
28733
19458
9967
1045
6898
25733
16826
35887
15567
22077
12482
17538
9962
36245
15321
28441
11353
38961
1980
3349
32136
4714
34191
24397
32451
23405
26219
22416
10390
29929
3734
1147
27503
18491
7558
103
36867
20863
19739
36442
24459
35517
1057
9309
19913
25468
9609
20346
3085
3547
26793
26912
29249
10671
8907
34226
10427
5172
36089
24092
20542
7727
32345
12336
28200
1363
23618
11437
16872
3722
34756
30138
27285
37643
15435
32101
36339
14564
26428
10256
5091
7317
37431
14656
23158
7565
6931
33782
11874
22526
12602
15319
13459
12994
16742
11024
12528
26730
6936
28320
69
17638
5584
35078
20596
30062
2961
34809
36927
19712
9922
18564
37974
10428
19916
30316
18486
20170
34673
24991
1408
29221
21448
5068
22737
16932
724
33950
37631
31476
13403
17323
29635
6086
20513
18610
29275
1513
33693
35497
15051
38860
3788
24667
3538
20251
38289
38805
30261
215
1717
10027
12446
20353
9082
31748
35113
5801
137
14287
31604
34430
27479
10648
35030
20146
28394
5142
8572
9574
37720
5347
28518
8741
13162
24555
31616
8472
11638
34471
15521
30289
8271
6426
7278
18489
4388
20961
20776
15173
11048
551
31634
9350
38030
23815
96
35470
2549
26270
18208
24582
19898
1416
13126
27326
14107
37283
21791
18654
33200
33364
17399
36000
37691
24490
19546
37932
223
26337
33947
27585
38604
18300
35784
27905
27765
26589
2903
11669
10605
16910
25891
38024
27954
8130
11542
235
15791
2810
32838
17191
29430
11533
11579
33800
9332
30703
2471
16049
1538
25152
20438
25962
16641
35723
15792
18981
4732
411
23536
30074
7344
7259
22619
22051
12126
44
5382
30806
27566
33128
15104
20648
24645
22562
38880
23603
2971
36085
31207
22328
38349
26654
31041
36064
19991
2093
3825
9052
35973
32852
16838
19479
35665
1403
31812
15721
30550
26848
20483
317
34074
23620
4761
13015
31608
12754
13247
9816
14780
34516
902
33850
33506
17219
37425
22718
2862
25627
12321
38638
33069
11292
34579
29702
2837
19333
10573
1736
14054
953
12875
16734
28540
7536
36465
17786
18177
31485
5585
7019
29550
9536
7893
31546
6369
25521
12790
1627
1798
14455
2960
9071
31462
24109
11169
3104
14594
14158
3949
21710
15838
24962
2957
36276
1686
14836
12766
1591
31167
4161
17378
1440
18191
29419
29717
24895
28804
9756
30097
24889
20532
7431
11750
14951
7001
5138
19451
24304
5126
26747
4416
36573
9565
24349
33753
32764
34323
27940
14964
20037
13946
29385
31806
18869
21091
12569
22068
31192
15345
36216
34133
27636
39071
28033
33870
8183
33695
15865
22432
9260
3521
8146
30618
10538
30145
36626
38264
26236
38661
11655
32196
23996
37984
9214
28589
36325
1877
21030
24348
16235
3953
13895
36988
32383
34542
31027
13340
6893
34279
29764
32089
1911
11773
4528
17408
1130
15562
3947
1053
21670
14723
32625
7260
8999
16096
23770
18044
7280
7889
30823
28515
25234
12248
34666
21745
12069
5709
35090
6171
33052
35893
37773
15439
3284
6897
21209
33613
7301
33384
16738
35564
29746
38200
29045
27278
27782
1827
19255
23634
37783
5587
28366
22709
20985
11992
20406
36052
1226
24754
34529
26575
30825
13991
26334
8027
14045
1711
24530
18670
5671
35638
29958
38674
10180
14498
17830
35054
1287
24419
1810
32900
27693
37616
28778
9476
25645
30251
35273
39085
9217
17279
31927
6291
16749
13076
27612
20855
8004
38721
36400
14368
35946
33352
11013
16567
29600
28305
2043
32362
24717
2016
27230
38515
21589
11709
14457
5378
5566
24383
6717
7640
30730
27459
15018
6251
2314
23944
35332
34659
35020
12048
35926
10712
5894
39101
17876
7506
17139
21480
27055
26701
7445
11570
11977
18761
32031
24288
2022
24753
9463
2413
20860
4136
28080
13313
35954
10762
6966
3586
747
13560
17026
25606
24248
8189
23135
8185
11483
958
19941
11628
29599
13464
29170
464
36667
23465
30661
32870
24166
9726
17824
29383
9407
34306
22008
35134
35549
19829
20016
10764
23747
22310
27717
11857
1785
22076
38781
32013
31470
12294
12317
15541
1161
27334
14391
32780
31749
37550
34636
20794
25698
3361
10156
20
26583
5565
1348
19943
19429
1562
2407
17421
4407
17896
38611
27842
37235
36996
17162
7769
19720
10326
38164
19476
24837
2379
37113
25070
19558
26459
16039
14610
23131
31757
11124
4258
13639
14204
2723
19297
17348
36631
6213
14724
16248
14974
7722
3420
8450
8250
12969
21439
31363
7465
29332
25327
15945
27720
17702
31259
23007
28676
37303
22687
15863
7399
33368
4730
14967
38883
29729
11253
22415
11791
24379
34670
1544
20893
4451
18593
19273
36259
3958
33073
16512
236
211
5711
36920
7819
9713
15824
2649
37295
24095
33690
845
33008
34763
37105
10989
1384
12537
9427
5320
4766
36959
32432
4587
13610
36956
29438
30818
7124
2177
31118
10043
23433
14748
9400
28963
25012
35431
20088
22964
22428
29830
28450
23192
21837
23574
27844
30827
6342
35616
34744
10619
6715
22064
30659
22854
23380
36726
18660
29640
19449
17310
26978
18808
16328
6669
16134
12691
27454
11516
4794
32572
28495
8870
29244
21550
38165
6574
10531
3779
11743
14968
17989
20338
11926
37032
6895
32230
1283
24432
37238
23060
6443
37067
1295
23055
23298
31180
34425
2115
29075
35972
32453
14239
16200
11492
19659
23427
15709
31478
38623
20631
36497
24477
36293
33337
23142
21657
37178
2348
31605
26647
35481
13051
4737
26177
36578
4771
7475
9899
14711
14490
14678
16621
1188
34190
28469
34827
4313
5913
15616
26128
26171
3882
5115
26454
10385
24998
24524
5168
23214
20071
19860
9468
22662
28423
30771
16265
21924
38268
10678
33439
24093
33660
24373
26436
10370
29013
37878
32832
34308
21050
7141
6376
32929
4833
5989
10425
2502
37991
26260
31080
7491
30271
16111
17720
17607
24449
11128
33425
20630
27388
11936
8187
29433
8144
23709
38952
33480
17494
995
20571
10267
32546
33421
8748
35412
24703
27150
21054
26898
18966
34677
34370
13637
20006
9410
23110
18163
27422
35886
37024
37115
26853
29648
24322
23760
22159
2644
18157
2623
31989
32860
10610
14503
161
2226
24257
30646
10507
955
13086
3061
17411
37768
37770
31297
13704
17732
9047
20922
2898
12720
23623
33628
7055
13588
15351
23176
10062
15148
34734
24157
11834
21668
36921
11238
11571
25855
25181
6000
28840
35571
12518
17689
4677
23936
12915
10303
33612
26830
34188
25371
15278
11957
26878
13668
25976
8738
19948
4657
30755
27491
30510
8981
35581
18229
18810
24595
34590
8251
39068
16026
28510
26870
37695
14679
21228
14952
7828
3036
24318
24746
15209
34013
7849
28726
19436
29457
16471
31096
25280
12982
24997
29865
8106
29276
29835
14083
8135
2630
6122
5047
13059
3228
19840
35646
1191
8318
12749
23569
25149
2798
30496
15549
37200
17124
6641
28968
2422
12531
15131
23793
27825
34593
1038
1660
15543
8303
28146
30431
17324
31125
30531
28937
941
12812
21585
5329
37470
9294
34729
36904
16436
7136
34137
16988
4523
30683
11306
5094
3615
29306
9424
13135
23232
10172
6774
23271
24842
3026
8674
9046
22877
31646
2904
20736
17731
38941
25938
37338
19766
7154
36798
30492
31599
29026
17432
10206
29498
29666
39060
29511
29954
20253
23585
3453
32300
23512
12478
22383
3209
3620
9135
6560
15426
32452
5437
1789
27057
3371
415
770
24431
5589
16327
7299
2763
18176
38065
37536
18464
14627
26866
15470
477
38445
5388
30835
34362
4485
636
19379
34025
23299
10491
35753
15128
6381
18822
3334
12385
15282
1085
28892
11827
15840
9088
25549
2846
10040
35445
25783
1143
19088
8270
28201
4406
12228
27387
1596
27405
3941
20577
19159
29615
7992
34587
2250
2506
6493
38829
24083
12401
27274
2245
10583
1003
25017
38267
3986
20975
4255
25460
29235
3723
37401
15854
30736
8918
28052
581
9520
21434
14411
37912
22836
22057
7730
30679
28024
8069
8616
9844
21970
4423
35352
13224
7016
37385
38547
9141
31144
22855
34900
6166
27934
21460
7830
21676
2476
18164
13515
8002
6986
36016
22000
2531
11489
8235
23354
12078
17048
28796
2796
6564
15668
21848
36046
28924
29144
31163
36791
18901
3667
34389
30465
25833
5916
26756
4229
35508
25
28877
36129
24802
17969
31693
15488
5372
1958
3815
33411
32437
25194
36914
3110
967
37488
6894
33826
32038
4122
30684
17651
8889
38066
24133
21133
597
14726
16968
1621
12202
22840
16844
11587
23524
23376
21143
6031
17392
32948
23456
19387
21543
12054
8228
7550
34736
16476
36571
12177
13291
35059
7400
33320
29403
21911
5208
7881
19771
2563
23335
369
3220
16686
2843
16721
17741
24905
2175
18989
28232
5165
17158
243
37754
33986
23932
17083
13930
24817
33939
13115
23654
31685
25559
29318
7130
387
4822
15465
34014
22894
14334
26629
3741
18168
1460
20456
17664
17626
29649
3629
13743
14721
19845
34721
11733
28788
34966
37856
18577
9944
5693
21839
8521
21939
24964
24576
38966
38192
10445
9447
17382
33897
25360
18516
17760
28529
32511
17413
28062
19455
9201
38276
26137
32890
29245
17676
26833
9213
16472
32631
32839
20637
29567
7611
34795
24550
28784
2577
15267
10746
25836
26686
19110
30761
16312
30055
8363
739
10384
30796
35204
12097
28477
7887
2221
12717
37407
1397
10466
13494
19978
25252
16810
20469
35867
3537
16791
32501
17712
15032
2158
5570
2104
25866
33502
9078
16405
15762
32199
23166
37335
18785
7039
18174
16748
15697
23892
4537
38774
21887
31264
2347
9170
23651
22352
6163
1886
7775
28451
32576
22774
1351
15648
4185
24611
33075
10650
27104
16062
33860
20493
22341
15409
14251
6169
22962
21494
37849
3289
16181
10239
19491
27076
28430
15109
34858
29296
28597
20934
29490
31793
25815
21329
8968
27950
12632
8586
25887
17208
21162
5945
34518
32503
25155
36390
32831
21012
38290
12678
13342
19668
18935
27737
25239
22468
12305
36507
29422
7345
29659
19746
4763
38056
32488
14125
31232
4883
30644
36478
6992
37382
13122
27385
35162
29687
38901
22990
27642
27890
11578
39078
31501
24021
8618
22787
33215
18225
8294
2269
2783
29164
18065
35389
15264
16950
23962
1505
18782
14160
17202
11360
13220
25316
27464
14120
30978
33918
6748
6225
35713
35916
34223
35244
4268
31473
11003
36271
9821
35266
30641
20918
37877
11180
36134
27663
6922
18933
32794
18236
19072
29537
16811
29059
22327
37171
12023
27817
8930
7132
13985
30671
31338
22254
15707
17241
14630
19706
27579
26391
650
21235
10144
18871
4390
16486
3266
28243
11081
30127
16092
1606
14436
177
33816
21182
13241
38204
18566
25285
31560
13840
34688
20598
3915
27252
15172
27205
35755
12732
11532
39097
16083
28234
25762
32845
37428
11075
22773
22549
1624
31974
18719
13121
9966
18663
31097
28609
1883
12475
15063
23690
17920
9359
25463
26389
3804
16236
8743
19495
25050
2356
15481
28774
17658
9507
34850
19803
16590
37781
13875
9800
722
38147
27834
1854
23745
1389
24451
35660
12320
32007
16893
22857
35151
18598
23713
37094
38335
10707
17190
10499
6770
27502
3639
1823
15244
25461
1449
12375
38734
25340
31457
3113
2126
17458
26596
31419
31177
37023
35788
35800
24171
27092
15212
13994
15660
18203
19092
31385
24371
33427
6302
20188
13090
36265
26406
19242
39088
35502
13753
25483
34917
6457
691
14072
27031
222
26857
3474
24402
11573
6692
11008
10534
1678
13268
5983
31131
5447
19842
6016
10754
6684
12741
33635
3279
33020
30555
1921
32160
19365
34565
4013
33293
5829
18976
32203
15828
2310
26894
7476
29814
12677
1779
5432
5653
20866
27695
294
18235
31210
11868
293
31003
13377
15685
22674
35987
21111
20420
3479
34814
8954
27196
11607
27939
33117
21991
34281
13273
2341
14774
12902
12837
11470
38141
1407
10893
35533
10885
21468
37318
26343
22905
21572
22444
23302
448
3757
8001
11595
18323
35761
3747
30924
16629
25431
28639
19945
25543
12788
9900
7007
2527
29006
298
18531
6884
25306
23134
3273
35934
3037
22025
19074
34232
7085
21802
23787
7216
24482
15062
18674
20704
37057
117
31154
36448
16296
9563
26716
2435
3681
16977
20923
26288
8058
20712
7937
8582
20419
19730
33106
23496
6306
25144
22277
26510
12779
33622
24338
36823
23451
25617
2008
13452
8011
5791
3438
26323
3746
37591
30657
15180
21808
17695
11491
35283
22219
16030
16828
23179
9487
22155
24853
12272
13881
38404
7161
22413
6110
32179
20000
735
35288
12945
6289
4201
27604
8436
24782
7067
34201
18114
26982
6917
19682
2829
12596
15368
25806
23878
10651
19192
32566
5687
24770
26714
24234
18032
35235
5132
28218
13260
16348
5296
31663
26016
342
10275
22282
11355
28323
1127
5902
35279
29998
13138
2591
26786
13084
15326
29397
23095
31540
18772
33070
24237
19309
30620
16708
10889
17031
8720
33169
25908
13411
9655
10318
7156
34009
19867
33507
35169
9533
20910
31677
24189
27889
22465
22231
27820
30628
31199
12186
13105
23501
3333
25336
12456
36240
33314
24507
1444
38995
1083
8158
34776
27450
24865
7006
31169
3760
26206
26052
32909
19469
37728
35206
22377
3495
25948
13602
5481
32833
26578
865
34402
200
9863
1963
33110
20616
15808
10409
3129
3008
29188
35942
23832
25859
10739
23349
7783
26220
27747
13250
1080
1676
24073
8856
4448
26922
35320
5581
2612
35636
14712
19163
13812
13269
29109
4098
18892
27862
25904
24028
23685
25282
8855
682
21811
21758
3133
1626
35036
16114
8603
18575
14818
3432
37329
24311
32123
26147
30810
549
38321
33183
25706
36681
38544
6307
30180
14147
8909
21290
28595
30714
27839
36118
15972
19835
28460
7300
7230
24333
25792
38240
13454
32352
25339
15927
7423
9277
33673
5082
16490
23584
18102
7082
23173
8066
1576
3726
21390
6612
5053
2390
14688
38823
25618
18928
169
19311
2381
36199
1216
20909
36098
27689
21967
35837
10100
36137
710
27911
26852
25912
2877
18407
22558
23375
36270
25254
36606
27701
31055
28904
11508
186
2859
22463
29883
20824
1056
22893
30894
18769
36088
1178
12485
23152
38871
27125
27047
25376
12278
27277
1187
23605
24223
24293
3352
20426
13500
6618
12169
5629
4241
2408
35600
13558
24204
31246
10636
14515
10201
35057
1264
4903
15002
8733
12791
20127
35537
20660
24337
34709
23926
8631
1769
32693
24972
6218
24679
18886
23459
17601
25881
5834
1103
31544
5436
7291
8229
5547
11174
7148
22368
5075
23633
16255
34483
18936
27225
29562
713
37662
16440
37095
14246
5111
8764
8208
27754
34635
38450
23667
30049
37905
25143
16542
23696
1063
29793
12133
30902
1275
33985
29512
11082
31310
25104
34991
25614
30356
27798
4116
38444
2656
4092
34481
20739
31533
20325
8093
8060
31030
32183
23726
13599
22466
10059
31639
17451
27773
4575
1386
26811
24795
2425
26728
26541
15826
17923
129
28817
10808
30652
12246
28229
1801
5110
11190
28187
8950
32229
30707
10783
39059
35719
15699
37729
27985
20921
28336
30880
31268
29449
10117
20573
16127
1227
32022
28361
1330
6980
22522
15498
22968
24707
19065
36062
14106
31009
21306
4935
34739
34099
23236
23704
13
17671
26029
8360
27553
7902
37212
33588
34379
31784
21616
14186
16088
29259
9026
38292
25983
1378
12767
26375
14654
16065
25796
31101
494
4870
14559
33937
2790
32258
6730
36263
28790
22183
34302
31456
5741
21514
427
26003
5268
38436
36074
14793
2744
3752
14471
6508
6435
35743
24307
1323
37520
5966
31467
16606
29514
1219
25709
32966
13954
15226
35701
33045
1025
36033
21341
4314
15522
13137
23843
34231
23242
3203
461
19965
33715
14372
28637
6284
18041
28270
36111
36908
9155
34472
11088
29579
6432
18665
24660
11318
37125
32009
35326
19647
17093
30658
8590
15422
26255
38793
13496
35485
28971
14203
29302
19049
36359
14338
17961
9871
29692
15546
8988
14169
37421
26455
9127
7792
14213
33152
11005
14714
34806
8614
5056
33275
38150
32037
30883
34846
20520
728
15637
10032
21239
33602
27744
24652
11447
18008
28312
20796
30113
6112
12341
11037
30090
4772
17711
31802
18026
6929
23104
1395
575
26215
4639
18398
5120
15464
18326
32265
36712
9781
26382
35621
31391
34959
36902
22552
7556
34399
22838
21097
33794
35878
27823
9099
7778
30506
29763
24931
28322
10450
19644
28657
35514
10018
21355
5446
24298
38530
8180
17481
22039
5690
38560
31937
35349
3058
30507
2511
27869
24777
27475
37506
3004
16907
2384
16682
18877
38439
9584
12492
24824
4856
21354
15613
36456
25944
18710
5057
26514
10205
30146
17419
13154
26983
20581
27803
9136
30751
9121
38470
29628
36496
1644
8777
11951
22477
9999
20031
33205
20285
9834
30721
17267
20064
15241
37161
25509
24035
26522
26183
12609
24514
29801
38773
13503
9278
26213
1936
23722
22165
25295
8154
27627
7827
4376
4367
10976
32152
8064
19184
26346
1697
19400
13568
14329
12327
15555
11403
36840
27687
23404
37201
29076
24662
5994
12973
18458
31220
33804
18705
17337
14468
13288
15054
19619
12523
10952
5225
24518
12255
20389
18467
38287
25566
8894
9894
28997
3765
13319
9510
12152
17353
10684
17697
10914
6109
18417
3523
18519
797
19609
23671
1380
6680
19907
25693
22989
19247
19001
22725
32665
26543
18883
8834
22063
13642
10980
36459
5448
8926
847
25230
15372
5861
37600
26063
7054
27001
18251
29301
4680
13780
34248
8755
25516
18697
20613
16050
10300
32937
37664
23505
37776
21369
30466
14009
19382
27086
22047
28908
20298
23412
21509
32863
29141
29374
28399
24447
26573
29698
29068
34702
14080
30447
12120
13256
1586
14899
4095
8090
38152
26868
2953
16544
2055
3826
25945
27955
13860
3412
12059
22924
33434
5271
3343
16975
20929
3592
4946
31248
20814
28227
20155
24695
8620
10501
31013
21879
25928
19265
22157
27807
3383
35555
36474
10658
4152
22163
24845
29598
11693
9340
24559
12234
5521
8030
34877
38737
24331
15741
33023
4991
14779
19852
17792
33375
27449
35126
27131
28360
1814
38751
25685
6293
7704
21233
18194
20525
20754
1584
253
5278
2528
15499
10819
5703
34578
33150
38288
3252
16960
30100
29971
4622
20635
1894
22682
10830
9414
10472
12583
4718
7477
20817
15948
25434
27143
25889
10273
23754
10601
37341
38725
3745
6727
27554
7183
34908
30694
18728
22164
31977
16984
8821
22417
29426
31725
17087
24407
1335
22447
24421
8024
741
6818
12946
2578
36043
31500
25932
9310
18156
22911
36714
12778
6406
34822
31843
25926
11715
3292
8438
35735
10902
5743
28664
2369
24742
32001
27891
32752
33930
24314
21721
8350
32850
29360
38304
6314
7040
4193
32339
30764
14684
26196
20079
34243
33760
12695
19531
7017
2256
24575
19888
17585
3584
24649
9614
3527
5802
27926
38625
28696
28593
29210
13569
7711
18146
30347
19952
7061
3794
5661
36806
259
30191
9418
38110
22414
37901
11633
589
9714
36839
20352
38366
10483
38973
21877
34116
26965
38295
2521
9044
2482
5227
22629
1878
12289
21628
1387
611
15375
18408
29328
12882
35436
24182
32170
28346
18057
8222
38760
5209
20759
27005
228
4455
842
32634
22973
2815
29481
25607
6838
16543
38168
25068
11914
4042
20899
30667
29126
21184
36249
19549
26280
16224
13394
19853
23611
21281
28655
35123
12988
21771
38262
29027
38692
12293
21625
23458
34595
37122
9835
21271
35709
21420
29753
33562
22168
37989
30373
13630
14731
2990
15661
2203
17725
18130
10653
33176
4075
23586
13092
12009
878
18535
5899
20679
17839
13970
25744
27390
28885
35125
11322
14538
9245
17150
12534
20989
24818
10122
31358
8136
13720
2458
29916
22297
16647
17302
19716
21280
11432
934
19036
36446
28455
12011
38242
32482
13632
17006
17984
23925
31568
34041
4670
34373
4634
11150
9465
19694
2962
14867
9068
19381
4842
740
7268
21206
24270
11792
22785
29025
4355
30358
32005
16412
24212
16796
12860
12764
24239
33298
26607
15537
4141
28160
4640
5870
24470
25347
30283
28995
9016
17575
20094
21172
23316
15821
1975
33488
38933
29637
273
12951
14605
1433
17049
3668
21823
14247
4605
1362
21291
26113
12733
37511
36882
11414
6773
38413
38049
9631
9866
16291
6184
9529
8938
22999
4082
12568
23033
14432
8769
2520
24351
25652
28064
23305
28442
2065
14533
23636
38626
26540
23010
23650
7517
21827
10966
15390
28464
24164
28278
12358
34309
2708
37101
22128
32621
35588
21431
21716
37231
7058
21561
6976
21074
36568
23931
35793
34533
21298
14896
18138
4922
37289
24404
32033
38231
14960
8589
33732
35756
28623
32933
31852
2965
22958
3087
24669
24041
32540
20774
860
31978
25610
5080
19632
13715
36255
21793
22124
30927
27336
7872
31026
29325
1889
20544
34674
22470
32317
1231
118
9956
11747
32670
13362
22545
12897
17804
20807
25570
13438
26371
9366
23983
14225
9715
27677
25740
23990
9798
3855
33193
15535
21195
22240
28257
18257
34086
5641
25385
15607
8832
2237
14550
19486
21566
26351
30462
2127
16206
35937
38401
17309
37926
31758
354
29935
34433
8649
130
13719
29808
10498
24564
17580
28380
9004
35032
32052
15407
2187
10697
24446
31527
23469
15281
14472
15515
3536
6656
21436
7569
18241
14055
28135
18233
15454
21391
4320
26109
29153
37703
9959
31536
25266
23329
38971
13298
764
8564
23780
37387
20067
25458
37835
26794
3876
36647
12544
26197
18366
2582
11757
23795
8133
37313
11359
32242
33971
11297
12386
26089
2429
32560
8528
1099
22123
9676
8948
4057
2295
28184
2524
645
4996
16731
8775
919
9522
20979
32435
34177
16781
11726
23879
15186
31327
36803
30954
18875
3797
19889
4018
12147
2134
24184
35773
2693
9582
7358
31940
33554
16564
18487
21995
9114
17690
4298
6956
8328
7407
3379
21302
6498
30059
11535
11665
3913
570
5221
15073
5788
24545
23800
32735
18344
29806
13505
38599
34059
8839
30225
11231
13077
17594
16909
21843
22863
19391
18616
20077
404
12974
26937
36992
37704
10878
28435
25512
1011
26832
18097
22870
6501
3980
22498
11746
14288
32571
11296
185
39075
18977
33566
22788
28630
10848
3697
19233
16635
31724
37272
3023
1201
26641
4754
33378
16573
33404
36357
14024
5778
15385
17672
30169
1205
8604
2604
14067
7514
20955
