36039
31350
34153
8327
22825
5548
4656
35454
3688
19453
25589
26507
27557
32602
2823
13671
23422
3100
33675
19625
29383
21918
14322
21794
20561
23369
37764
15585
23521
25726
12097
15564
20769
34539
30336
1580
26013
27492
38291
33372
9605
5607
14400
17297
31108
19174
31950
8783
24213
15521
1679
16825
33762
26935
27336
28492
3610
17669
20676
34065
16176
22062
1659
10939
30144
4526
25934
3902
29316
15533
22846
2635
33241
26943
19501
31150
5257
24251
26962
21141
22197
3824
4718
4768
23563
9887
11921
6071
9176
21431
17594
18298
14065
34165
4063
29518
313
6045
8778
23510
10006
38073
27724
28122
31538
7716
34420
18169
24525
24571
33686
25180
14511
28706
4617
5675
6334
35277
23138
7473
582
6199
503
24393
17783
32366
30952
30873
30841
16751
16680
20510
18117
28524
9398
12425
13027
31140
14956
20440
29244
21428
6445
27578
23498
21702
37787
2652
25985
38562
37183
31232
39009
11613
11786
6458
20050
11802
14419
3708
22812
36995
9688
22170
13899
10597
30775
27633
26458
5436
6339
7818
28788
537
25218
24270
34855
27095
8986
7933
817
1242
24632
26433
215
35017
27422
30448
4037
7052
4123
4882
26208
9728
7534
27800
10029
18968
6644
33568
11109
3611
22090
14263
12103
26625
9182
5615
5483
2380
35254
8312
9794
12813
21772
20800
1598
21382
27755
2994
7879
33450
9007
15386
18698
17950
29144
11844
570
21145
7318
6034
21397
11535
14433
16205
38019
36620
1727
10933
197
33514
19571
18542
12460
3200
16189
31543
8109
3948
7975
16425
4597
1940
28648
18944
6699
2405
36225
32516
13472
14463
12816
2267
13473
9015
3936
32323
32258
12055
18352
19223
35528
10765
13914
30587
26395
37433
18233
11711
12248
18645
22780
9554
16578
7776
10813
34166
26634
32019
6828
3946
37984
12580
14543
7191
19288
33631
11050
8692
37419
23952
9077
20765
28157
6331
13782
9806
38288
27194
39076
19965
4293
11937
4418
1713
31507
5977
27406
10781
33056
3497
8177
7031
11760
23189
1886
35469
30522
37302
31438
6513
2840
16982
35083
12744
13000
10005
21687
16971
30647
24271
32652
31786
383
13248
8396
21830
31764
1147
9858
26781
9809
35686
1220
38353
30842
8006
23058
28563
35283
26109
29797
1724
3204
8264
37014
4092
5242
13890
15271
5172
38821
19652
28921
37344
8068
7298
25613
15042
26725
10135
28289
1107
9641
5297
26460
13063
5021
14518
9185
14996
22722
20741
9763
28631
18318
24622
18767
6415
3901
25141
21477
8392
15729
7677
23548
35005
32040
3339
783
11767
6166
24117
9800
5331
5493
32497
35679
9672
31245
13443
36327
17384
5262
11343
14829
18822
28036
37986
38326
30500
31578
4428
12869
15236
16890
10151
8512
14621
10641
3129
33955
5871
37216
6620
8099
11141
18810
2607
1661
17711
36282
24702
31873
21658
15333
7103
24485
20535
37981
27480
24963
9119
20498
16431
30352
2660
30153
12250
8367
36383
19715
5797
12971
34208
31704
16311
34016
24475
8657
14692
34351
33413
23669
8486
29838
3887
19879
17617
21016
24601
30320
19232
20760
37513
11878
18120
38476
25619
28517
1160
33488
354
20864
15021
38605
32561
20236
20261
38129
26812
13841
29056
30752
31377
33027
21091
10711
18252
14669
7523
30035
9856
36185
7304
14165
29809
16550
17253
10418
31747
14754
20326
4794
12929
35963
30746
2686
14485
19043
32301
26858
632
13316
36510
31188
7383
31669
16526
17
22875
7077
28894
6136
23706
26760
21896
7041
35705
1562
37886
16877
5171
33755
22964
38737
15625
7151
1971
22742
11250
8627
2295
15252
24007
24948
18780
22223
14174
9534
32977
13501
8494
23261
15138
12063
15392
6051
5347
17347
28499
9847
19996
13372
3709
15976
13877
7971
27108
10605
33047
33367
11421
12568
21811
16458
27626
25867
19554
1183
21623
12894
1763
17476
4453
9397
666
34405
31512
28353
25584
19926
38830
13746
32697
11056
22434
27141
15133
14818
25797
5460
15468
14827
15397
36939
38468
6599
2891
31418
36454
11124
23677
15746
5998
6476
1959
12095
8226
11869
5252
5932
6381
990
35839
6605
24067
14784
31594
27460
28297
17845
33880
24294
35346
28047
34406
15134
13961
17916
9411
30850
36238
9671
10584
13038
21604
5979
35015
34793
14872
36473
7780
9546
32030
30977
6260
16664
1831
14251
4763
15595
36979
32110
2583
34846
38190
19701
5132
24693
33397
28
35120
1249
20280
25840
13231
23124
35397
15080
30661
36740
22214
33409
31648
9586
14981
19951
27934
3993
3974
18133
26591
19343
7759
14846
2101
24296
8244
661
17846
22384
1953
10107
2019
20727
25853
11587
21581
33004
27938
32686
24397
28870
23519
23384
26411
27802
14291
8225
8723
37660
13672
2534
34240
30771
9218
1339
28094
36080
2715
10773
14520
25277
9444
4772
24314
11278
20342
5381
106
14167
28699
2193
9914
19322
9808
14233
14103
26127
25128
6777
35386
29264
13870
38020
15563
1165
11110
9188
30099
183
12132
21722
24398
11671
22426
25137
18449
34263
29984
7889
34270
11450
36114
6999
23714
23432
38146
29043
22509
37569
28741
17314
35355
10153
22345
14665
19403
21020
21392
13897
24817
19194
28278
12421
6228
32823
31990
4533
448
16103
17329
4903
26638
23224
14473
271
25704
18100
12578
36677
17590
17521
32638
36959
32165
23439
33905
20763
34185
3766
18194
6560
17542
21751
5581
27271
10154
16302
18491
35104
24585
35549
39042
21821
34923
17701
7653
7245
6864
4821
24177
27287
20632
25270
11639
31432
32860
4125
37607
2704
13632
3783
23912
403
9970
17998
20511
30180
24411
22928
12550
3248
7167
2662
17464
29610
13721
15752
28555
7182
1379
18916
36550
6018
8018
37342
17946
17149
5595
17242
26248
16599
8437
30526
34090
21854
14701
20361
14750
16676
1938
18004
27317
24507
11179
29018
33933
16984
18143
26516
12058
6926
1020
14984
1241
20175
13738
22996
22741
17043
3835
13628
10961
27080
29198
10214
10559
32428
35608
8534
23732
13175
33741
6842
19434
37051
32801
13747
10393
27371
31683
11229
23525
22252
17493
23376
33434
14848
37297
4079
15640
12621
575
10065
36520
15875
20456
23533
8288
30865
25836
8954
4484
7441
18099
28146
4685
7694
6923
12474
38868
2237
1305
30991
3306
22153
30563
32520
36876
13612
33977
34669
24156
1338
37325
23427
27902
2322
26662
33629
32220
18488
34333
38639
36757
13953
31416
23957
25147
23276
7032
10291
32051
37803
29850
30237
21524
12590
19432
7943
5706
25022
9284
28103
38053
18818
23675
3989
6601
21383
2409
24470
23766
25972
11254
21178
27366
24782
17162
35940
38052
27776
10147
26597
16107
8610
21347
15436
28854
36051
5387
1609
795
18895
38063
23591
35567
1787
21889
45
31443
33180
26241
468
14324
11142
14989
24521
19781
915
6033
15616
18384
34952
27968
37952
127
18089
15778
38555
29927
2614
21278
559
16674
11992
23517
6269
4107
36428
18560
5277
9528
689
32210
37429
7434
12604
14245
4266
23633
30428
17559
20613
33681
18186
19872
32511
8123
2419
18557
32874
33992
26699
4783
10566
11220
34966
4628
38064
14603
24955
31531
4371
13594
36352
2212
17526
30038
18693
18682
30762
7513
31260
4668
16002
19089
29763
12725
23733
19864
29004
37910
1476
26658
23155
12316
32167
20576
37172
35182
33083
35452
26731
24319
17199
33876
24737
4785
5614
16070
33235
211
7951
19353
30715
15407
26194
27538
13603
19539
13673
24672
26316
35471
16817
13333
30533
5738
22766
15300
19990
1303
7017
36580
29147
33720
11684
243
34060
28551
12108
33934
18846
31224
10476
36641
30692
25347
7306
5704
24239
31501
10912
35037
15154
18639
3793
35291
37795
2793
21610
11572
28948
26362
36981
11197
18696
933
27233
6257
7315
4347
17854
3031
37018
27018
36566
18505
6984
35333
2869
6551
33585
25385
38451
9995
36767
1531
10697
20419
26667
15166
30453
16946
22680
5364
20098
36206
23362
5586
29463
19333
25296
21483
25094
25628
20199
4702
30914
26449
16576
36798
29377
24408
18947
24778
19051
28323
16537
12611
8419
31445
28895
21326
7213
7444
17642
32774
421
27248
13087
15627
9677
28749
5749
24358
16063
21746
19146
27238
30223
28067
10105
9796
24548
19419
12394
17619
31793
6726
19396
20601
32972
142
22679
4578
17513
10900
6193
33978
32476
37879
23316
29260
8673
19156
23812
35909
13800
4609
5696
26997
16162
30034
6895
8442
7586
12831
36730
22623
37009
1159
30881
27604
29481
16843
32296
13171
26197
2088
19412
6214
11155
19370
5670
33232
27327
27206
9146
13176
6252
13695
20641
19097
36792
20695
35222
27859
37396
28452
38958
22705
15776
5146
22317
261
34116
11721
28613
23340
37484
19739
6143
24452
25621
38224
34854
8576
19154
21338
27376
27038
24965
34233
25897
34813
2872
21246
17731
12023
17632
20522
19073
37534
32333
43
24208
20067
10100
23071
21330
30330
35943
20553
21038
22921
12221
25289
38010
33050
21836
36281
15596
34289
32744
31614
20629
37063
25764
19274
27704
34141
18609
4335
23656
38612
28018
4040
8002
34387
23508
29744
3681
27525
2717
4682
19436
32546
19011
5645
33921
9447
38985
37502
19695
10236
76
8428
15269
9890
25611
36339
38525
7545
32859
17451
19543
6549
28622
31249
19476
16157
34343
8075
26006
16429
29294
11946
31117
27297
35924
8814
12124
21049
22823
11847
16976
17857
1066
30970
5072
33606
5070
6950
33844
15185
3776
26176
18659
22640
14096
1307
23059
36859
15509
30941
21137
24804
17134
19558
9403
35597
1177
7974
25512
7131
25916
25544
34672
23981
5895
33055
24201
23445
25706
38303
19207
5554
14898
38717
30310
6664
14238
18483
1962
20560
33956
3421
24484
25891
30783
232
21306
16654
30660
16004
30721
21327
32067
29279
828
1334
32611
9226
36161
13405
28625
38194
12334
12515
20470
21310
33077
10288
13198
20709
32369
12084
31228
25550
19843
9059
15890
17763
37427
26576
8323
31266
3275
14484
32905
5019
26141
23614
26823
32982
29137
37426
20040
25558
13169
17492
8207
16082
30369
1637
36002
31781
18260
17973
21520
21195
15223
16589
28656
12805
5452
5
37125
13503
36098
38167
36301
26289
29698
33414
23173
24916
17073
27540
6770
14980
37176
34293
17717
285
20536
27957
18113
25195
10202
87
12418
19800
16379
22351
7842
38509
35508
13322
2709
11208
22786
22009
16100
9627
11636
36256
13266
26684
34402
1040
29548
13280
27441
9497
11824
24949
31489
13638
13363
29843
17578
26525
2052
7224
20963
23997
2084
21761
12042
20172
7418
1722
23336
32238
4442
38250
15841
26612
10579
37144
9442
28852
14255
16601
28415
4292
411
31888
1164
18265
14271
20129
13428
34878
27896
4387
6434
19003
38128
16530
12169
31490
10853
23367
28970
12784
28143
38369
35745
12494
2159
29384
20642
21205
35516
6725
10779
30315
4908
20933
5724
14173
12163
15190
4950
15806
36100
12243
36155
33517
32950
22091
35797
13293
5886
12750
32005
1972
12666
19827
10119
18672
29937
29460
13043
21222
33339
21997
33275
37398
19169
19974
10907
2133
21218
10915
23103
11132
20803
19076
13633
7141
20996
27060
512
17524
29218
5955
15934
738
19048
5236
33128
27239
35531
27483
24939
34650
38984
8774
28756
35171
25073
8147
18007
7312
39029
24781
23582
22118
17918
3653
3167
32878
35255
17945
3830
16462
8842
13736
12111
27964
29590
3463
12665
37746
36269
14116
27452
13789
1063
36429
10074
17942
2219
30524
37843
19239
5814
23386
34702
30156
11540
12950
36960
7153
27274
31627
12234
25518
21618
8097
7440
15469
31576
2742
12564
8541
9019
8618
9629
1454
34510
32017
23119
14022
6313
3164
28762
35272
10703
13431
8799
1118
17246
20185
7985
20466
34533
28050
27148
14564
27318
22070
24132
8538
24627
38040
27382
12427
18144
37574
35087
22838
29238
23101
31585
12766
15926
35224
22441
9468
32655
31484
19507
36896
22726
26403
508
14527
26926
37883
10304
16019
36733
11534
23045
8735
13406
16546
8328
20381
18418
11689
30126
10183
70
12363
12461
14468
37676
15781
18740
17388
1513
16542
2111
1670
6989
35188
28006
7010
17422
21867
16428
2864
321
7824
32663
11459
37361
17982
27407
17229
10129
14571
38325
39001
6913
10834
12934
36189
10240
21419
34696
2482
3893
17955
3389
37743
1483
10689
10667
32858
20716
10494
10694
32462
28404
5562
6938
24568
11865
32503
23573
22872
7078
36840
22047
31174
22372
13690
3302
17171
13775
17244
7661
14157
20310
12351
23645
18832
20592
7922
16059
28988
26902
6592
18236
30838
6025
1065
13361
27741
19622
19775
25213
19927
7198
18684
9219
15575
33040
31307
35772
623
18438
2065
20383
9303
15877
4966
25309
27645
10461
9572
19491
5565
19197
14149
23903
12476
9608
38734
11015
16667
38904
25913
37735
25058
15609
22908
17305
33383
29058
4596
13132
32368
5283
25413
9578
16837
9587
9201
7453
11341
1013
32901
32455
121
10097
187
35985
216
36423
22482
20329
31795
5013
34590
38202
6655
24060
38797
15115
15608
272
1211
26451
21834
32904
7660
10557
22067
16908
35665
9930
14855
31868
20955
10112
19320
772
17792
8999
23634
30776
36933
8875
7089
2513
29546
2689
18821
29080
35646
30734
16291
8152
6222
3977
15756
33919
33162
37347
10858
33743
20003
30172
34176
504
19442
7425
1692
38156
36679
17003
32898
38231
16690
4730
15434
17083
17323
36765
16769
10280
3154
4154
30286
23806
37079
15857
5043
4034
37595
36074
12464
31860
29787
22182
24124
10630
30108
34442
18766
21408
28818
37278
36949
36697
36329
21807
14785
808
10904
8265
9862
204
38988
22491
4589
17987
12288
18627
3202
25065
3583
5214
26092
35437
37747
25316
20871
29488
37708
806
14539
32383
34136
22316
5635
29683
36179
35915
17822
32853
31441
13809
23793
5246
21423
21506
20910
24969
29328
15828
17147
32214
4951
21105
14499
30309
3861
31577
35025
25409
25880
33238
25801
25187
35689
19885
39047
23808
21949
30270
10535
7363
25654
22046
8690
37392
37238
28884
37034
38474
25077
35735
27900
24059
35229
18971
9272
21914
16407
12290
17059
4262
85
4253
34109
31861
34993
17375
29172
29833
39000
29089
9353
16594
13724
8826
38336
21039
7890
9104
8190
38080
6854
14650
19644
38377
26184
32495
22789
11084
30695
2066
9358
31100
18957
33645
13944
30891
1924
7986
24233
17342
3945
8020
1440
7297
22538
7710
9533
23834
31537
12927
19052
11494
17575
16074
16442
14695
13656
14647
31851
21717
4551
20698
2035
36857
16136
30803
10817
14217
607
12487
16516
14403
22220
2423
34560
26843
22453
3529
14057
17501
15760
4145
20853
24972
28905
21284
28800
5152
26447
6858
27368
5818
1982
538
15772
11203
283
33312
23434
29204
35965
18496
3420
8542
36122
6899
16689
27725
28601
29356
27753
7929
19113
23487
31977
4736
32754
9476
26272
29583
30146
3991
30680
38961
24721
1991
18629
16577
20339
18229
27074
27693
542
7102
17572
10226
24549
21417
9724
15518
670
21231
21300
18614
39023
29155
6424
8037
32292
37703
324
20263
9067
19873
24064
17354
18174
5857
36478
19151
4691
13234
29623
36778
2663
14838
38581
20861
31
31447
22401
15241
19907
12637
38534
28735
2967
10574
33399
1530
6711
9606
17036
30018
25802
22862
1866
34977
21781
7204
23448
20928
26942
9168
598
3161
34841
4287
25668
20948
27759
18611
17315
32604
13057
9939
31179
931
11807
3407
23722
33201
30820
15824
11685
22589
24832
33838
32422
24615
16505
15312
34492
8560
20886
17381
32637
3211
35704
19123
30460
20167
3581
22129
1642
8361
32027
10575
29681
36501
30354
18837
2131
3271
8077
8594
4605
12756
34978
32002
10486
6232
38272
18191
21769
21950
3290
32284
25863
11460
8991
19031
18235
1788
23256
9650
13654
21010
29782
29902
24151
20877
21608
4711
14162
9460
30122
25810
13462
18305
25152
19437
39007
34385
36521
32394
6481
37527
19909
20184
12569
11827
22807
24754
31479
36073
32967
9516
2609
1875
36555
14044
37679
30586
11903
9290
36204
4012
2498
2188
947
17429
13822
37408
2942
5968
17785
19966
3724
36753
26669
8064
8767
36015
16657
37921
9839
25483
19688
9421
39062
26856
34350
21778
16494
30701
19331
505
18082
21322
14878
24915
30619
36157
23153
32593
16893
27542
26869
1749
21058
26736
18087
25847
4097
11609
7813
15650
32046
24524
1757
2235
19446
4601
1023
34063
28550
36442
10831
7519
18417
27787
676
2443
11375
27926
6925
20854
25307
20078
370
9803
4980
1761
32945
24982
27528
29371
9973
3799
13798
19093
5764
12516
6108
28316
2335
4008
5079
4565
27917
30467
14942
21250
4200
24392
32601
21287
38289
15047
1814
7136
10278
3620
21666
11979
8892
3371
23111
30975
15188
22189
20892
24973
7934
15251
22127
15745
18413
31772
4912
22077
8611
20257
37964
30344
15495
9749
24944
15443
18249
18790
7072
30893
11826
15494
12336
32953
1258
22518
22929
7625
6052
13968
8134
15481
25858
34037
31832
11149
34451
3970
25561
12325
27281
16288
3533
35933
28827
17956
36059
18704
28430
22158
30382
14325
35237
33458
6722
31123
38352
12850
10186
25805
5790
5176
1928
7704
24649
18214
768
20842
7341
21536
3859
25036
14373
32623
1302
31304
23646
33548
14394
19017
36664
7709
31408
23924
16389
8105
17214
7698
4985
13924
9684
37476
29721
3559
35413
23167
33663
9609
1306
38256
3882
30855
13873
16568
24960
22337
7608
10089
2890
27531
27746
33811
5709
30799
5807
16553
35828
35170
1155
16479
4396
28923
745
16684
15477
28537
1135
35584
1810
29250
16435
10361
33278
31825
30589
15993
1408
19890
29015
23815
20612
8032
8655
36614
31376
31379
26720
30925
12794
36927
17071
35147
2038
1180
20852
19006
16021
37090
21919
28873
31039
34666
21416
9252
12754
16909
14516
31915
24345
14413
19741
8132
18817
16045
38546
25650
7629
11968
1754
5485
19869
3519
9443
29168
657
15488
35799
37882
33495
13562
20801
30132
16443
18287
29123
13642
28578
9248
12624
28453
14016
24633
31248
27272
7140
11364
18743
20984
30650
9355
28927
25760
27075
10905
14109
14117
34174
33736
3517
33861
24173
1125
5879
6494
17500
18541
31368
17840
36328
8568
22917
23697
1346
13329
38573
7622
4778
29639
6861
12130
1499
36935
5811
34713
24927
5999
30690
35491
33141
38157
36497
31923
6488
15214
10362
9372
22276
920
22475
5802
15872
33018
31969
28538
31629
2217
13957
34386
16096
17803
8670
14512
37646
32634
24591
28805
5578
30461
7033
10189
7809
22689
2956
12926
10459
6365
38681
34471
27523
3563
20319
37811
13066
1734
20720
29707
17934
37686
8484
37352
35568
38908
7859
5437
38013
7287
1409
30435
25118
4117
20148
27330
17396
24648
34976
24493
17984
18018
4470
15759
22108
20138
9285
6168
21167
35057
5839
5453
31046
27159
31892
15411
31155
7162
34774
38670
33185
19338
7253
4770
12161
19015
30903
8758
18057
7286
36588
27477
34681
7794
1967
9904
17733
17729
1696
33814
11917
19806
33542
9383
31319
418
31083
6548
24746
36693
23552
37821
30966
2204
32176
5428
2108
35347
28566
20304
38421
26031
21289
22515
4022
33578
6909
31939
17118
6920
13113
3828
26881
38331
2288
33209
17878
32375
8057
36626
26923
770
201
14823
26688
15579
1596
12472
10909
8535
21752
13111
11016
38618
35971
12628
28412
6463
36596
18140
6316
34638
9492
36040
11289
25015
35875
10737
27100
7463
14951
14873
5454
6697
16274
12957
36162
32054
25553
8992
2147
34642
24491
18574
23213
11831
26348
5433
2881
3053
26785
14601
24760
19064
12721
29978
38083
3462
4071
18909
27456
23193
10563
33526
445
12283
10928
756
3408
3276
3335
9410
31271
5789
13274
2957
6169
29036
13340
7949
21674
7806
11336
25060
35231
14443
28128
36332
7915
9937
22820
19488
15353
11143
14613
12459
11556
23874
31647
36434
15965
12799
28187
11386
3358
4594
38952
25633
26274
38727
7989
32505
29245
13290
21325
35172
30083
2980
1475
32076
33337
27624
33648
27561
27572
27166
21024
21508
11127
22256
24323
27485
34873
8477
35007
21648
38916
2921
8987
38095
13135
32996
19471
31198
14648
19986
30909
871
34856
8017
34980
5085
36530
33914
6522
12416
13283
7414
32900
6638
1392
36111
10611
11445
6375
12040
34554
35079
25857
27083
212
32551
25951
17394
26182
8917
9277
37122
25543
38168
10446
23458
6377
18248
37115
1728
7160
6802
19878
2163
10196
33963
25620
25199
34866
13007
19416
114
4492
29183
30596
20450
36584
9406
21456
15839
10200
25719
21869
12584
7159
37491
32755
26763
32288
6632
19492
8066
32534
6940
19718
25104
1608
8732
33623
7090
18286
23505
38874
28848
31478
12176
20614
36455
26320
9762
13895
2865
23838
15168
885
19592
25241
4512
15863
33078
28530
16013
14298
34309
8665
9994
6379
2450
14641
30797
4366
1045
25545
13256
37441
35084
21245
12479
20804
16327
21629
14125
26568
20624
32344
38676
33465
16415
11324
4801
32700
935
35348
35338
8321
22025
28986
15008
7091
6617
36610
12359
3598
4481
7870
24683
21973
18053
224
14868
16641
21515
18058
31732
25551
2215
17525
4561
14779
879
35826
36856
3772
33857
29872
20145
28544
21400
33391
20258
1493
29810
30906
4853
1720
27226
38182
26768
21186
34239
36645
1215
38199
37092
1910
1391
1027
8383
8231
18355
21094
11323
38563
72
22782
7636
33393
18328
30550
29407
17802
25588
22499
624
144
22682
28364
15960
25342
7739
25671
16665
36381
6794
30214
23603
13649
29864
34744
33874
33958
20947
15106
7454
16459
10734
23338
12523
14782
32168
4460
29824
3428
4621
3697
787
35501
34754
21970
14240
30204
25698
32871
23021
2222
9540
1420
1469
32625
37657
2207
1571
27202
36227
18540
36203
15061
35164
26163
30628
20309
14077
32265
8923
9718
9028
17820
28405
13976
36571
9308
16356
860
31464
20445
32472
20234
788
36052
10776
24250
38512
11872
29753
9739
30328
1007
31707
31429
34117
25513
20401
15118
24150
18343
6497
6469
16192
33283
32994
33837
9682
18247
37940
36165
29496
16364
24861
4042
37357
4473
12576
13089
3303
21911
25515
8841
32481
1029
5804
21535
30343
7559
11137
19140
8834
38725
636
3875
16174
7257
16405
1651
5285
4438
38831
21323
23282
10372
27873
9752
16399
31312
7019
28962
656
37773
6207
30112
30358
25822
16447
37127
15431
2886
29925
4322
16355
11543
954
33011
5031
22231
5652
15100
31798
16282
12787
1055
5111
6350
154
26585
4602
30140
8247
21279
18529
17704
18616
6418
23368
20123
33280
24341
26106
25082
27809
26385
10254
15131
21522
4455
5083
10523
37235
22814
27960
37114
35680
26583
8333
36011
968
7382
27889
29060
12633
2352
33258
6963
38957
28046
30557
18138
19643
1035
5333
29963
3367
5901
33775
4495
31253
17602
16912
10367
17706
21164
16670
2584
16256
24784
1919
20946
12414
28124
9971
12594
32298
1627
14115
11622
8149
29367
14409
18023
27290
35830
17931
523
9786
7524
33287
31889
3850
27385
23171
32862
5658
24394
5434
23538
23217
4872
24285
26084
25999
36387
36574
31058
18027
23184
10906
30584
20351
38808
9435
3605
17616
7366
4673
23428
30931
35342
25489
2250
22102
26286
17736
17770
35771
33840
18914
8193
10721
15853
37042
21107
22629
39035
16040
12400
17898
12338
24231
14715
19922
18825
25377
30044
9089
25264
19439
17274
16726
13969
5063
22721
38127
16024
5624
9645
37159
4185
3714
29996
20808
7295
9374
21394
19255
22548
12126
22604
34145
2162
16441
766
3566
36284
19694
27826
36406
3754
6972
21464
2434
36275
26794
21652
24344
36330
26611
5225
31181
32279
7273
14536
37766
30514
24819
13471
30257
24858
31482
37442
15697
19465
561
14313
3274
883
34922
10882
21127
16384
10841
8589
5768
27421
80
21630
11128
12489
8544
23916
16782
27886
1559
1162
2725
1736
18935
38042
1660
18200
30638
20140
38849
13447
27591
32641
23009
24018
2849
38960
12803
26970
15311
22002
21388
2142
27316
22133
27228
27615
12694
23149
25511
30176
20617
25124
19055
5541
11175
16829
5217
20133
31711
18107
171
12277
4046
2161
36113
30590
32780
24331
2904
35887
24183
8360
27086
12401
21987
2058
8656
11126
14935
35852
24745
2580
35980
11995
26624
38745
6869
23986
29834
25351
37464
36425
1626
26311
10053
24387
32588
10504
19972
36809
5334
2402
11838
30629
12881
5240
5660
14630
22932
32984
4798
203
12080
23011
15350
11553
3212
2411
26192
30621
28004
33034
31907
7966
38572
25079
37116
24129
18476
14670
9495
25852
27028
11061
3994
3927
22244
18288
19147
17260
22993
10498
12001
24122
34763
3041
36929
8584
21832
38195
1891
18322
13070
36727
34059
17658
28673
27260
24444
7621
38009
16392
3236
25846
23209
23816
26820
22385
8853
11743
19838
28637
25451
38823
7984
20088
2285
36887
1221
31303
12558
8856
18002
18875
4885
24544
5203
9515
36554
17815
18798
8794
16727
22234
27338
6417
23635
24288
20332
38834
21763
28357
29612
16525
5495
4413
32592
17611
37118
11863
44
2499
5040
17980
27470
19060
37064
32042
36503
28540
16777
4813
367
17853
10528
4206
16878
11768
19496
14739
33809
11632
15297
35498
10815
12546
32848
2500
21153
4449
14826
18638
5004
25932
32742
13319
37071
30531
27112
37237
28483
4591
38285
5878
2524
21710
26532
22018
6630
2179
22854
32441
27792
38578
36608
4667
30260
36372
21100
14175
31042
26307
21924
34033
33827
18677
8424
18283
14842
20982
24529
19631
19039
31820
1974
14052
22230
26551
19478
1410
34705
5684
20876
11792
38002
11990
38094
22151
3254
35393
37060
16236
27638
39014
26990
14011
26552
15847
4086
36647
21742
31035
29773
15810
28166
5008
27942
9854
7210
16230
31164
22691
38005
12726
6988
36884
17668
37208
26581
759
4289
35767
1693
11012
13868
7373
5190
25754
26405
31272
1584
3794
17283
569
28269
15829
16032
15365
38687
29579
31987
13865
14229
15561
25638
19768
22033
8082
37872
13400
27393
21028
18377
35510
7569
21133
38283
37217
37611
19400
14674
10751
4095
24536
494
13078
36091
23899
20737
28466
22063
37298
18392
8111
28560
14799
32272
22530
17017
25505
31551
6996
30904
3514
34506
28872
1271
25663
28507
24894
5366
16067
34495
21981
11040
22263
7549
16672
3822
34586
21090
11199
33777
30383
36293
9079
4401
29714
27326
16790
25303
29923
1328
60
27824
9922
24327
35081
13538
902
11303
23862
13561
14074
34806
15385
14478
32532
4604
16035
31890
18507
17049
5907
20091
1352
4026
38927
18777
24800
33849
34414
14038
38265
29717
30821
18469
2965
10351
15685
24492
30817
620
21866
25705
18142
23168
24657
24987
384
11184
18010
14043
6054
27130
31572
35387
36864
29630
2300
1470
33993
21064
28460
18707
32246
28950
4781
37530
21837
35819
20117
4886
19728
25436
8709
13453
19502
18804
32471
32073
17996
1811
28606
23803
1083
35953
37417
37644
28485
3166
16140
35319
32785
35166
17895
13650
13470
19477
20906
30021
24024
31548
27690
7048
6212
30234
28250
34157
2970
31423
18572
38493
10585
19933
15433
35873
27757
602
1987
33357
17781
2319
34357
32097
8925
18494
7612
13253
9538
1762
30544
17863
38025
14047
4457
10434
38207
287
4204
5820
16927
233
11682
20374
22347
35096
18883
24890
22329
30485
14304
12817
1708
15019
7003
4626
26012
13247
7282
4001
11000
27616
34880
33771
35739
21000
36944
18709
28864
10127
32245
12764
9256
4524
7026
4753
14446
8117
1686
30242
24494
37907
26456
11764
7058
31891
1515
18982
15661
23435
11362
12347
9770
8192
22858
26538
33150
30987
6515
18829
16341
28539
34445
8708
14130
20044
15532
3347
2045
38482
36782
12504
12802
17011
29867
18412
29514
6974
16210
675
23570
12951
17051
34917
4381
18524
21146
8786
14040
29459
38770
34545
23465
27794
899
14677
25045
21212
10377
813
14410
2803
3813
6574
5405
16289
37395
11687
23317
6332
29391
8845
36920
25497
12672
25458
3728
2278
1088
24520
8078
4441
27584
23497
1828
12128
25839
3732
35349
31509
17479
25161
38075
11092
2748
24225
26784
9736
19253
9423
30033
15527
3423
30876
34441
18931
20376
33911
37261
15893
26327
10384
11231
30736
24575
37621
4081
35916
7421
27027
19149
33088
5893
7423
24992
18897
29097
38615
2521
17459
35667
5841
26441
32269
16856
19639
16200
9076
30810
11901
15243
13158
19609
12057
33612
6701
36793
21888
25983
3011
21119
22829
14800
11693
26631
4246
38941
13392
5690
25294
27788
5020
34054
26066
11082
16643
8401
27537
20187
31919
22031
16486
1548
1885
15888
410
3700
33944
11842
26388
14482
13330
24021
5482
33204
14843
19931
16504
23502
18151
12094
38771
17582
10427
4138
21767
23928
27079
5378
33906
31875
39118
29896
13252
7689
8202
36180
5740
11190
1703
18807
1245
4332
37919
39003
24425
7512
896
33764
30311
19130
38049
37186
4800
8682
4478
29455
38134
23966
35850
151
29704
26696
18555
19589
29499
25371
13109
6430
1336
22963
12656
5465
14399
28593
5838
23375
16706
13575
37372
33187
16141
32545
3712
36704
36511
33461
29114
17618
15747
15110
6289
36724
4077
33032
12462
39087
20797
10798
38485
28703
17760
1781
32722
10914
30082
5238
37934
19109
3125
22985
34086
3617
11883
36141
1500
28928
22313
4661
10972
22970
2135
28247
23281
17198
27146
28118
29467
9298
34290
39013
21576
4515
31208
5062
1629
32034
14834
18498
20306
35601
36234
32574
7541
2181
22732
29814
4866
31151
17284
24943
29428
3068
18219
31158
19921
29093
33303
15075
9046
16334
5159
649
11316
22773
2197
4620
22591
38100
10772
6241
26386
19600
26401
25279
10886
62
6036
21843
14079
33721
22635
6489
9369
4767
29519
34514
1606
2608
6342
6849
13531
35626
18368
32261
7109
28449
21871
24751
19402
28660
34318
8742
20092
37405
35926
38038
29095
27529
22621
6068
5106
928
14955
746
26475
24653
20714
20325
23430
21251
19610
27877
32408
26815
2673
2344
24937
10875
20232
10326
17915
4240
38667
15636
36777
11730
35451
32146
31773
28211
8377
3110
5729
31659
15301
6352
35849
7172
25577
31777
35035
7847
35482
1964
7116
21108
14869
37214
37652
14153
13100
7474
22086
6000
28605
35108
32087
1100
2263
31391
2296
19962
28172
33466
36411
11222
17360
24260
26932
180
28056
37688
13058
36344
37717
6133
33986
22958
20694
20598
34433
23061
7477
33972
29014
35812
16410
24748
25818
18091
2173
13655
4504
36613
686
31986
10642
32738
1047
13598
5338
12936
32357
32924
26018
12510
2359
30139
26275
3520
32123
37734
30542
37780
5423
39071
5449
36030
29607
32771
12350
865
29442
7254
10771
14147
35475
9000
30754
1778
31670
34752
4840
11392
31316
1314
30078
9307
34146
30025
37563
32347
5323
24447
174
24553
18769
31003
18820
21493
35878
21809
13737
24825
12815
6898
37019
23964
29733
37545
16847
18956
3021
937
34130
19856
24867
3468
28300
1771
13525
966
14053
38589
38513
36866
8633
12038
22736
19747
3298
16840
24767
25604
37076
35690
13028
7335
34434
34297
37819
12651
220
7995
27114
21696
16253
16610
32280
26719
26419
28812
30360
15958
37844
872
34001
2238
31914
22394
4827
37951
2699
15784
19167
24338
14254
6462
38540
36195
31850
29689
21319
7623
12011
38280
12022
33063
35485
36317
13059
7849
21042
6242
5271
2706
28906
13134
18757
1281
33872
7164
33759
26055
35503
32919
22030
11429
7255
14888
22468
10395
21031
13257
29332
37039
14329
24365
26174
13172
32687
1243
38418
2372
22073
15320
9051
34235
25312
12587
4155
3190
25618
21436
2693
8191
35464
18272
31632
38815
23921
12235
11938
21980
1878
3340
36402
13230
16858
21959
1545
13769
20605
9785
5834
4183
11361
3791
24315
36732
35221
574
22827
14506
3693
4664
3028
37008
1893
31025
34261
9310
30333
13022
17115
34108
3032
32314
16633
12162
27687
28333
37461
29193
15364
36538
22195
36992
37869
10491
31911
30381
33742
6646
20275
9266
1506
5362
35833
12629
29269
26298
7464
29228
20002
25364
38141
31954
37848
3126
21339
13801
19114
34814
5639
3344
9909
20338
702
23327
24667
3806
38690
9743
22089
22350
5089
17622
26301
26627
27007
2190
5116
24753
9903
26678
18915
20183
751
21551
28831
38048
12640
33646
28312
25827
37054
10975
34503
20940
16400
2433
14262
28846
5360
32029
14369
15359
16757
1190
24046
37101
35095
28393
33810
23206
10101
12207
18857
6498
37949
21728
19181
9150
2926
16085
4897
24909
32237
35550
17013
38350
32136
19474
10710
7115
2239
21707
15794
206
2705
37143
16142
31095
34412
12962
74
20006
26793
34770
12383
38634
400
10536
29617
7501
22416
36342
12098
37536
14900
18225
29461
25260
10104
2347
20352
29856
20506
16692
34893
1472
36528
822
1846
37674
19905
29808
10034
31156
31157
38869
14222
12860
23648
7364
24566
31902
39074
23301
15024
17972
3165
29551
10051
33754
33591
32965
21939
25314
1794
19620
32764
10727
32550
33745
16426
23652
16586
7194
23870
30090
11431
23867
14202
8294
9056
23395
21255
15874
33121
38548
23702
12331
31652
17404
350
16626
10967
38870
7756
36137
1519
13148
26615
20858
1701
22022
27593
37397
33561
9084
31358
296
12560
29154
13915
36952
30349
15982
2801
21951
26603
17793
16317
1156
15818
14316
17204
33324
13635
7981
36258
32204
21879
8889
24381
19358
6151
37207
29828
8466
907
35717
17627
20538
17084
17098
578
34924
18730
35757
36127
21027
20677
16128
9192
27251
11777
17095
29196
25655
1261
16215
37273
29001
33976
15319
867
6558
33031
34847
38773
10979
17022
23451
11217
33159
13930
22804
14584
15668
1275
28504
33513
29920
15253
16653
16388
35264
1715
1538
6236
34940
12502
22088
29956
32528
864
18466
16624
18268
4764
9457
32162
11425
4829
27596
36245
15559
24725
19665
9936
6621
11259
17965
33892
4464
21123
6012
4152
23759
28564
8922
20579
38713
22470
3234
4136
12354
25974
32363
38193
37923
4646
6866
14529
11991
21299
26318
32467
36911
18950
35968
31440
16715
12148
24490
36310
26340
6687
27321
37057
9933
17828
8523
30477
32459
16028
3472
29106
9196
3105
1861
12906
34905
16914
38293
33833
6500
22392
8176
5656
29152
14879
5122
24959
7500
20502
10233
29553
16682
23523
34079
6335
10892
21998
27510
25085
11238
23230
12532
3811
6677
26992
33351
26984
17507
21139
1432
22100
17662
22334
19119
30787
22662
38701
11305
9715
31840
19262
36899
17646
2305
34151
34688
35651
29672
30162
29211
30505
5319
17897
25448
38970
29078
33980
15062
11591
10099
16802
38894
16640
34730
15705
1079
21643
9789
24919
21213
27169
8963
23392
26487
16209
29139
24920
34361
38766
16940
30964
25048
18631
30896
39117
24563
25574
11099
35406
7605
3049
34288
14224
12864
22095
25607
18213
3336
22191
23551
7175
13494
22632
24141
27583
19450
11219
14568
15743
32843
663
8549
31571
29212
32251
25598
32653
15094
4370
33783
20069
14008
7386
34613
3736
31605
6184
31879
16746
38838
22273
9822
23105
32090
18654
10266
336
23520
8659
14113
10015
5606
30750
22053
19170
26145
31417
30905
22559
8654
6149
11151
35834
34942
113
26872
11780
9563
38547
25674
31430
8960
38392
27798
9988
21976
34883
4876
23674
18351
30325
16748
37973
7940
28258
22671
13315
3528
29030
28796
21447
19758
33364
5292
18689
34066
10072
23315
26132
7875
14994
29784
26146
25559
12820
9481
27941
19750
22733
5096
1969
36360
30209
20602
18964
14731
8865
12891
3509
26685
1511
18705
12535
6903
20998
7000
32147
10534
12783
25477
30174
21026
36229
5693
4118
20609
30080
97
29050
36832
8646
30484
5948
23070
13919
15612
28687
29962
22975
23194
30098
11941
9074
24522
23805
26255
11422
27546
14540
882
15330
30203
18374
5747
5389
2109
37437
18470
8429
17346
28454
22034
30129
8738
1628
32733
4179
9623
34840
35202
11708
14917
2666
17040
38471
9112
3397
7329
10733
19928
26676
26129
4376
26217
17165
17028
7119
23879
23064
38245
7664
38707
1939
16749
699
19179
8612
29401
840
631
14585
34661
4180
12768
33761
36681
35399
37011
28402
29746
36336
38718
32134
19054
18473
19910
35585
35042
20952
18291
3477
10125
20166
31731
30652
27035
32317
34766
34106
1046
33492
23590
38560
37689
790
29842
8936
21335
1672
22815
3214
15036
33147
1308
19679
4611
39057
24255
22500
20001
5862
17239
12899
6138
32731
15334
32049
20607
25536
29688
8365
32361
23243
27012
15531
12145
5487
5956
23309
22222
19078
27771
11966
17609
34684
28212
20408
17743
5397
18580
21613
38628
33619
2615
23042
20762
30145
22752
30618
30656
37749
8637
13804
12306
3182
21719
14617
12746
35632
8942
10444
1403
27737
15222
30962
17650
8592
0
26267
27412
27686
22609
1362
29631
18889
23265
32407
15372
33125
28208
10327
32879
27209
15998
11067
27579
12113
22228
29878
12484
34833
16631
35129
36504
38804
21765
25774
35117
29605
21480
16852
38703
17927
21401
447
77
18311
32710
10627
9118
8102
37995
9611
30079
1279
4247
15679
34836
14698
33030
17247
33763
13347
18485
24321
4979
18706
7917
25337
27063
11728
14712
2354
14253
39053
9674
14808
4638
15741
12736
15471
37032
25055
15445
10244
17145
6764
430
23956
26523
39010
1671
26041
29628
26366
28080
13637
19948
16409
8359
20027
25431
37900
19703
38478
25656
26372
21504
32772
1435
9984
28850
24893
25256
9952
33569
21272
35472
2218
23731
4134
5060
6692
10142
19040
24140
15394
12346
20976
36758
2422
24474
28817
12453
18158
1916
5503
2312
8370
8281
306
27946
4556
8405
16980
10182
9929
29552
28801
10917
3957
7163
3144
17107
4339
9287
18657
12147
8253
8700
15056
10121
8441
12003
6264
6759
20378
6308
31372
13732
5474
10355
19218
14151
1388
6258
30225
14334
28457
31480
6423
7508
32788
33694
5414
6803
32672
37306
21192
34158
4417
38269
31457
30547
1071
35817
9409
24752
1646
32194
35957
18515
3635
29112
31141
6385
23599
13589
32587
36665
26326
9652
21228
28253
11195
15880
38463
38680
2983
22674
32218
14029
29565
6485
24243
23630
11154
873
38719
6613
1337
8410
31395
31265
32320
37198
29933
3491
20063
22058
15869
15150
38785
4983
32712
26044
34135
33706
21547
36499
12144
12955
36764
29813
31129
22340
13190
28725
1751
11723
20585
23279
8351
25064
19440
30166
24364
440
9247
26294
27612
6554
35138
8943
37293
10622
27975
29799
7485
37779
30331
6174
8497
2993
2916
16092
23904
28038
2476
4058
35760
10329
818
14901
16565
1683
10063
35316
36222
10704
24925
2775
29280
14736
38997
14883
38449
10209
37
28534
17856
25730
38590
25736
31459
7237
5832
16965
35345
35404
2027
24367
29904
24318
21184
12437
15103
38945
30282
2484
17139
9490
10720
1802
2385
34075
3863
18583
9240
12371
39108
16882
3715
14867
36089
21358
11390
35695
18379
24057
29903
33803
34984
7347
17082
38880
22206
6979
31529
36408
10378
16833
10810
16742
13180
23673
7941
39102
8763
4759
37123
21808
29952
1178
727
25622
29122
31924
26692
24595
21729
38598
35176
27723
9807
742
13787
26891
21978
2507
7264
23695
20486
2945
33789
29321
25960
32667
11746
1718
30263
21840
25749
37845
23851
17614
36092
4877
10075
14185
9700
14748
30296
22395
4344
11761
22028
17481
3494
24947
27252
13764
31361
8259
35242
15798
21759
15309
28291
13272
14387
1230
34710
14522
23529
31270
23033
11481
6587
139
19754
31456
27635
3874
2000
26656
19494
4536
19422
28295
24014
36688
36125
35670
31882
37661
2951
20073
29871
28339
6656
3669
26052
21498
23160
2485
5112
35625
1741
12848
22610
11577
48
37386
7883
13475
31068
37618
6285
2604
34475
9085
6853
17817
31606
36946
4909
5442
11183
4880
20284
1042
13091
17620
33103
6543
27423
21474
8629
14626
25018
33273
7530
26022
26798
18604
11106
29202
13758
7817
31592
32899
10910
35438
15288
35559
38954
25826
21890
2821
32243
33437
28390
14388
23716
25695
26883
8195
18771
27749
8566
27285
20487
19061
8935
16753
9169
26438
31113
10324
11752
17907
30860
26050
35574
22431
9539
2421
1512
15463
5261
24171
34415
12271
10958
12202
24713
9666
20575
21315
5293
17941
24999
31213
23359
7771
6082
21633
9696
4164
5029
13567
3625
10749
12964
36780
37139
7301
19616
8162
39115
11393
5735
33520
5154
23782
37423
2781
13718
25684
18932
27727
10502
24406
24650
24180
132
5133
32541
21690
31922
8506
28929
8062
24974
39008
8238
34069
7361
31804
39091
33474
12513
13440
38089
17034
19212
25069
20418
11915
28155
15615
23462
3819
36953
26156
25800
13680
8609
4255
6288
25930
24105
27923
27091
12503
29786
5981
5588
37865
28804
7284
11810
20055
8640
9316
35903
24165
11618
34931
33197
7550
21549
26914
4323
5827
17703
7725
33139
6464
31621
27305
30712
32169
33815
5178
20711
25783
9432
9121
14570
23736
34255
14689
11041
15142
27278
11489
33848
28587
31454
8216
24783
7369
2092
17519
33885
2964
34502
27182
28096
18047
1655
17072
2997
27928
30869
30900
35801
2860
982
1448
29170
26390
28744
23619
31473
33015
11493
26524
35372
3784
27990
18292
8186
484
23378
27447
8873
12834
14412
34947
11707
13454
37253
13088
29921
37169
30178
1746
21438
23929
7438
21932
33816
25099
37097
32949
36338
14503
23274
15904
22904
24846
21616
15968
8439
5248
19531
18345
26708
10637
17187
12507
17613
28794
3033
38253
31382
31905
14206
19433
19676
34123
18141
27963
24639
19364
7056
36446
18892
19566
20238
476
12687
16111
22364
749
32976
18506
19217
38328
1224
33344
22163
12824
23554
1169
21060
33800
9721
10432
1365
9711
15404
1090
36904
32573
26566
33188
17484
38965
19168
31348
1640
5767
565
18280
11635
27217
27009
21430
37211
22885
14837
25026
38825
36938
30811
26359
32271
11804
36153
29374
24877
35506
38298
11353
26681
35907
17531
11443
22850
10041
10818
8782
24457
26694
12537
20746
35847
28205
25725
21487
10805
38122
25775
27433
13218
35514
16023
3444
24427
25538
16071
22769
7256
2451
24761
17867
3323
7275
34794
3657
27504
673
13569
32983
28487
22485
3842
9454
26331
22429
4364
22614
7938
20482
5795
25703
29327
31378
13482
16972
30245
35395
37552
32991
24219
26641
34294
20863
23041
38287
18422
5478
23176
38290
2595
30429
12668
4419
10242
6364
8747
32743
15525
12914
10950
20409
38774
38444
17648
18261
33006
14015
3464
29203
36390
1123
26306
24671
29142
16756
31356
32372
8221
3995
5353
21676
9869
25253
28561
25021
11851
32781
2063
19189
16449
35024
17426
33093
16424
38758
8947
5626
3080
26648
24371
5273
29493
34906
27293
34271
37412
34852
14355
4375
1968
4598
3490
3179
33616
9158
20372
36228
1196
38423
22212
20901
34095
4324
5374
11428
38233
13831
5476
3569
25552
34360
34064
29473
6761
2947
35708
24066
3404
32985
17970
20302
2481
10974
15391
10299
20308
22413
28397
19937
4644
7468
24450
11945
18064
30121
10606
6946
5291
24350
4634
10023
34257
37096
5920
12613
35216
19913
8688
8072
25740
1277
22545
28823
34960
32181
34331
36346
825
27806
13486
5842
13853
11658
21087
14487
2313
20730
13693
32406
8232
3067
7215
22338
25368
9838
36990
14566
38697
26495
27214
28063
15268
34827
11821
25953
8559
803
15906
31487
22464
34282
9194
16112
2564
28757
23353
32331
8324
15302
10938
9597
35006
31988
32143
4127
12732
3430
36432
38599
7517
29665
38669
25189
27051
20222
9408
18504
31524
8400
3961
22142
28284
15652
9493
15927
27177
12154
18147
1585
21928
16771
11483
29525
29307
5202
23710
2139
12320
9494
593
12517
17002
35092
29832
9664
28134
5844
635
14277
35274
33572
20568
38948
30574
4864
3258
24829
18071
33329
4931
36702
27772
36629
24635
29650
1421
32782
32836
10602
2525
17035
16490
31435
30269
9160
2622
31943
2876
4765
8824
17631
9927
8765
9520
32954
22606
11134
31758
5649
36452
6831
7277
32102
37027
2938
25433
4147
12408
5743
29164
13920
10294
37178
32488
15354
34007
5787
37301
14107
35925
34731
10313
20102
16593
31917
34161
24265
30247
37006
2912
38935
12146
6229
1359
26035
21409
3473
37731
16448
33614
4361
21864
17827
6092
28074
32572
2271
10952
28955
16931
653
15240
15107
11093
11039
2574
289
11607
16985
9956
27451
2532
12615
38893
6427
1616
22332
19801
16240
3895
21814
26417
15480
31856
25268
29438
15039
2851
12704
12018
9278
7393
29821
15891
31848
13568
19964
31310
7993
268
2114
21050
6717
8138
36930
12255
3447
15141
8866
32778
8184
20159
4201
33299
1836
17858
30074
8070
22125
22219
18228
38889
14940
2381
36230
21783
11200
27478
36646
19807
18741
10807
8556
33203
10238
28142
25865
10542
32095
31476
31775
18259
16669
6158
7202
23109
1575
30673
19316
20041
37369
15187
21034
3542
38850
16602
10364
34787
17023
33510
37024
21550
19222
6405
38537
8642
1674
27677
4520
32257
11098
29892
22935
20193
21575
25373
34306
33231
6466
35072
9888
35443
26077
38710
22171
6185
28518
31736
26498
11249
6505
3930
14275
13756
15125
13326
9329
31497
9292
29213
9473
3838
15484
16650
38413
37722
33001
4549
19740
25947
14212
28219
8552
24089
22362
5052
23638
25615
2160
32757
34812
33192
6980
11955
38410
37353
7881
19669
35525
32173
15237
14144
30583
36615
17424
37870
30709
17331
25461
14170
31927
7185
10609
30880
36175
36698
807
20202
14347
26133
11198
13906
13614
24081
23460
2228
12245
15421
36483
38695
31675
20196
26455
4445
23877
16181
1173
10901
9348
10670
19839
4427
32580
19673
10572
32354
9503
22767
36957
5036
9953
30875
4388
9064
24932
30350
4056
23032
29330
10518
20606
38454
13408
38355
26809
35856
23694
21655
31012
28150
7696
17122
1994
26120
9660
27334
3319
22625
20394
37877
23447
19588
31283
34444
91
16455
1733
26508
29831
348
11813
11725
1333
3070
8550
16422
15988
25677
32666
16173
4494
36438
23043
30384
15054
15584
22776
30509
9400
17281
17169
27167
37120
28044
5498
4968
5370
17541
23180
35816
18548
35195
22744
23660
14281
18054
7117
6470
9663
37005
12821
17986
6714
17674
32934
20116
22546
7225
9570
36670
6147
14920
25149
35523
25969
9049
3815
21656
30077
31893
31684
20452
10608
25216
3515
36270
3178
37195
5505
18244
27132
13684
23737
29065
12574
5409
34356
20390
14181
8962
26249
4999
1056
18136
21694
37187
7726
14664
16349
22311
8272
22903
25139
19670
35991
27476
33719
33033
159
29074
26424
29072
25027
34302
9832
25310
31690
38691
20872
36882
12466
8501
14985
3291
39101
29700
25997
35650
16147
15989
15049
25215
29874
5872
19753
7278
39073
14476
29310
23553
28727
25562
12874
27890
4978
9088
36951
7035
659
30576
37142
2057
11602
36414
35310
33301
6863
11007
23225
2227
32493
6707
30008
35285
4385
33501
17413
27801
25463
3980
11546
28032
37816
8255
31070
24224
15508
5974
18535
4507
34305
36867
14679
20898
26569
38688
32289
3499
3209
16475
26734
10582
24968
16764
9802
21559
13994
33653
31262
14657
6681
514
10080
27623
26697
16154
32664
35362
8476
30877
9082
7722
37958
10477
33889
13546
17470
35282
5707
15122
17056
2370
21453
5310
3759
31546
5644
21571
22565
19634
13760
11806
16471
26178
29344
31898
2113
23267
15072
37572
11969
14676
12686
2040
33697
13740
2308
26825
33657
21112
27120
38809
20201
14960
33519
29678
4771
17759
8744
22788
14154
20255
15538
31567
3120
3849
21305
26918
34716
34610
5536
24886
35263
13402
36551
4084
2592
38093
23642
26428
17367
5074
5950
1682
10309
3244
15920
25115
7388
20931
4894
30719
31827
13520
7645
26915
31612
35203
12757
31654
35238
26526
14749
23892
7921
28218
3500
1666
1191
16544
32951
5597
35374
11284
24291
26095
29795
27195
23747
14025
25595
20224
19129
20528
32741
27389
25758
6508
12519
37012
52
6496
6117
37182
10803
22832
1921
16963
10802
244
36291
34719
26582
9433
4099
2899
30290
1468
35542
27748
35225
15098
23979
30551
6413
37185
3587
22566
11855
19318
7599
26596
18885
4391
16257
31588
30390
9034
3368
16027
21317
18840
29394
26337
7955
27974
18167
12986
3979
767
14682
13762
11782
36349
116
2265
21302
16069
16135
34546
20953
10774
3245
13157
7686
16201
35241
13344
26816
17340
31251
15174
10337
38375
37025
6386
34912
8316
3576
26250
2326
30422
35844
22035
25193
8950
37968
32389
957
22503
27339
8816
19713
15192
17755
36020
34953
30105
4964
33054
12952
13151
15936
32581
20840
23698
27718
7936
7868
5216
31291
5006
13793
31947
23969
18354
17975
29314
8839
24747
3655
2331
14083
8614
4188
14631
21053
23086
29699
21009
22686
12330
12307
23186
37488
13390
10471
20447
27361
10379
21566
10087
14434
25593
3148
27043
31522
32509
1577
36722
35309
24642
22613
4746
27253
11320
16734
29249
37474
33621
27804
2112
14195
34740
3139
34379
35184
209
38409
38977
12499
27358
893
21756
2472
34871
34044
27105
2268
4545
11905
7924
5741
36099
15694
29342
26774
3727
33923
37707
22292
35738
22247
1234
38502
832
22037
9273
32420
17535
16228
9179
10617
28599
18131
27171
5713
33722
4096
7288
7258
31971
31824
15594
488
19035
11608
36465
27052
9181
30507
18442
11315
13565
5232
23967
5224
3808
32914
955
35214
18000
29914
26633
3346
31139
31036
38061
11675
11286
11396
36974
17087
6351
12837
38631
20787
17688
88
36188
26352
33666
17825
12177
11679
8150
11086
10085
2291
5100
34413
17692
34576
36717
27822
36492
21199
28276
3913
7808
34553
12865
15117
7481
4943
15687
35392
29851
15389
35522
26711
16220
34890
34234
37909
24729
32499
8531
23066
8309
17530
28446
12958
29980
12884
21444
15255
19493
24299
5642
23196
3261
36705
17879
3326
38034
24487
1363
14069
10530
8961
23467
17272
18006
23012
8079
13387
6262
35267
8295
38650
23205
38000
13130
23079
7154
10851
815
31434
8239
26002
17112
32944
33194
24402
14952
26867
7358
28546
23878
20485
26157
16318
7062
13648
8905
37655
6325
28619
24777
11858
1619
32739
31275
31894
26198
38254
9761
8206
37422
37815
26877
10983
32065
28381
15567
24311
37577
3840
28141
7923
36104
9286
18977
536
3661
12241
29150
26266
13867
15341
18978
5902
15654
37420
25153
4587
1534
19245
13777
12937
30779
18774
23113
19206
17746
18513
18189
18570
2520
11360
3796
15140
7557
6735
24917
14632
17693
26707
13112
5513
1723
2531
8490
10873
27033
2855
34125
10762
18460
728
16345
19984
27462
9638
32567
23110
1102
1044
22039
18671
22404
4723
25320
6672
22417
6178
1075
7687
38620
11242
3646
14759
15492
35687
30014
18746
37704
36833
34057
33376
755
32811
31845
28307
2631
1856
14513
7339
27365
22173
31759
7281
7030
10168
5198
26483
37557
1370
5340
13377
371
11281
22169
27180
28175
34981
7
31769
21343
1058
12641
2023
18500
6253
29899
31884
9063
28913
12174
16238
4399
9923
36001
31493
28121
13634
20273
37875
34466
18146
17398
35765
28326
6572
12212
3841
11204
9418
7155
25330
5555
6921
21066
32411
4431
8452
29884
1110
30045
5650
439
32199
22399
32195
13893
11551
11611
30240
9907
9243
38284
34231
1806
19042
33756
37538
30874
17819
4349
29399
34100
34482
12302
31282
39107
18484
17203
20218
63
25056
22810
8616
12814
22833
33946
6767
22285
19036
6600
36254
10332
19409
16898
7970
9123
7632
26039
31236
21261
29300
28229
25376
4986
30401
30995
11271
36405
8519
2953
930
7588
13916
4433
9511
7790
19777
35970
28856
4615
19294
2050
39066
27221
27246
18546
33200
38200
7214
8443
36958
3443
415
7852
214
18078
5848
12481
5564
9306
939
18385
26502
3257
10019
16675
33733
17046
21922
2258
35051
10541
33220
28416
29171
12778
119
33
30607
33579
24981
26742
23744
35546
15012
8804
8169
12683
10795
32306
264
37383
29369
11508
13269
3403
10392
6565
21901
2519
16137
27101
28896
32141
13979
1373
11779
12025
19272
25708
20691
15938
19287
14741
8182
38677
36886
14391
21989
852
16902
1148
8965
621
8852
14684
37627
17685
11888
39005
22594
32887
23522
16838
32329
34557
29745
33330
28897
8332
7853
23363
22973
8342
10481
22802
16714
282
10218
31625
20827
21590
38189
15208
16666
7478
23608
14209
27777
18308
31575
28358
26695
3990
7761
10306
29276
27937
34114
10070
15914
14825
12010
15393
37348
19106
24790
15606
14280
16949
29492
9270
7331
33994
4317
6818
24953
24510
23841
4274
32684
67
6832
36457
36128
6788
8695
1569
17700
30231
5427
3814
35389
857
21917
12605
30462
18128
6300
34511
27092
30833
32273
6528
15511
19178
19210
13306
29983
35848
19535
19530
20923
30196
37393
9013
38877
24077
15981
33854
22697
37356
21986
36701
10872
11010
26117
29448
27458
2884
37391
30118
443
19756
21154
28692
3330
31398
4313
36749
12356
7675
5556
37231
37917
33345
34023
9934
37896
5799
34105
35858
6319
36221
12954
29221
26668
11700
843
897
34091
11044
16036
20500
6057
35219
10061
28565
13449
22677
36246
9078
6590
27262
9705
20077
5235
16528
24368
2080
709
2700
3327
15886
25387
21203
19329
10862
30483
35693
36923
16432
435
9884
34056
25435
21935
13980
8153
25093
34776
19660
30192
12960
12700
11247
6679
3947
20925
13321
36047
16718
23653
26955
28825
10039
20949
37541
34221
27993
560
29793
26276
30867
3711
3208
25765
30043
29945
9213
34521
32286
14064
15210
16160
32543
26991
5077
35621
1360
5161
33424
6328
20588
15944
9774
12265
3668
11266
2099
35243
26486
1578
3554
30436
21226
37479
8366
475
8996
15641
14317
24743
18278
14820
28216
26580
24112
20320
12077
31338
32507
34733
22869
10643
9200
5674
1182
14637
9223
28816
5825
21371
6636
28398
12002
9595
17938
24882
11904
25235
35378
24875
4837
29995
16316
373
4493
31098
2138
33053
10681
3538
19134
29973
12616
16708
30912
30920
31866
17337
17186
34721
34274
16883
15542
19516
10846
21880
27592
36975
11073
38271
25578
29705
32070
10454
34712
8154
16604
23670
21033
13579
21057
16571
23602
35540
27337
11579
12247
18251
19241
30442
38109
7321
27197
33822
24762
23973
3270
921
12327
15887
6041
3750
36382
3210
21341
13265
19833
21962
10276
25919
10588
24161
26082
925
7538
37102
1774
32668
33440
31944
18973
15935
2853
190
26556
3527
2015
15945
27918
18432
6841
10007
17737
35702
13480
23622
12352
4456
7144
26344
9030
26481
22840
7826
14953
15698
37050
11468
13631
28657
1011
9008
2810
24061
16655
14196
37754
34999
6094
36559
6990
5212
19399
944
16437
14072
25888
6773
16988
9395
24629
13203
16199
24577
26252
33410
13823
25907
6935
10500
21770
17453
7492
25335
17120
13620
26226
37983
7674
8268
38856
23715
16337
32685
3311
28336
21798
13346
34224
30194
31250
32867
32648
4735
18391
33317
27691
20042
3713
37035
3487
21333
8876
24596
34879
34751
25381
24523
35064
13236
31616
36721
14894
9332
27933
13768
32355
28093
6597
25498
17690
29451
32177
36087
17121
11544
25379
14640
519
18393
31390
25287
3919
29487
26563
12012
24913
16570
20977
16078
36976
33886
25267
37222
2906
9691
14396
31284
1712
19018
35295
22084
36662
27674
29837
13530
4919
22378
3048
32057
39032
12410
26094
8773
36050
38243
34691
11994
36852
11131
32008
17836
25806
2837
20127
17764
37942
9619
33846
36885
4193
10136
5385
1436
29351
11568
19849
1537
21275
31086
14179
28030
33429
12047
19674
34823
10220
33611
17177
24551
28562
15861
20457
3116
7779
25702
24710
24816
21562
17446
15285
22221
22853
2232
3369
10003
2892
22889
21510
19993
24237
33670
23318
3412
16118
28260
18404
17221
5127
20856
38795
4588
34644
13401
24705
14714
30195
25763
35296
19737
637
9062
22277
20490
3076
12749
20841
15487
28786
13240
22724
25429
24712
12953
2907
7646
34002
10533
16710
25676
8807
20079
37999
38496
22204
4655
33057
36422
28723
24697
17714
13827
20075
16152
37370
12318
23534
30789
31221
3501
35001
32563
16482
3222
7337
5175
29468
35483
23161
2922
38696
12396
36750
5068
1668
29486
9853
30793
1624
27820
36086
23667
1947
7452
4967
11939
5065
23514
28598
14719
1229
32498
26628
11055
30648
15832
28314
3172
22984
8465
32727
10318
16644
2438
1095
14383
27833
2627
1285
27187
1179
2643
37287
36734
26613
18509
13371
24728
9633
35895
20197
5447
16930
19325
20264
31082
9615
31698
1769
5765
12868
33482
2599
7647
34640
27186
5144
9274
20958
18722
34401
26706
36163
6919
6731
23143
13544
7053
19480
15501
27519
21518
27158
15899
16194
21930
318
37604
14270
33699
19192
12662
8928
112
18347
31147
5119
6510
7998
34267
14897
29685
17730
20404
10369
10493
6399
20772
31996
15536
19001
11515
2563
16161
33788
36159
27420
8653
23262
9448
35881
28024
24072
13990
23038
22229
12843
20430
23989
25274
33691
16058
1192
32691
6015
19049
18954
30681
18398
25233
8898
11256
15160
6673
31122
27243
21054
38149
29464
9171
29179
18150
7652
2674
19508
906
29483
7203
7738
640
14652
36769
13294
35681
5259
31826
2612
30271
22618
2323
14795
13938
24421
23191
31589
13892
14662
27943
15454
25678
31329
23121
34974
38004
9562
11176
13817
32521
11338
3289
13796
27144
4119
24038
11634
29403
2698
37128
21782
15473
23473
11449
33929
3384
11716
18718
29400
22598
36634
35262
26916
8537
16926
2224
28107
11452
17698
28220
19708
28020
1396
18199
38552
32594
5984
12096
25842
3662
11282
17037
18013
24695
34014
24511
22532
17164
12431
24363
9662
6957
32915
11576
16543
24661
12782
24252
3057
7456
27303
27932
8038
3058
10551
2882
8663
26904
202
29090
15840
562
16574
140
36997
2248
16034
35552
28802
15502
26413
19526
17889
34051
26857
26978
3665
24719
4653
21523
21102
26893
17866
30335
32334
812
37584
4078
24734
31092
38327
35930
18760
20464
32053
1675
23449
18446
4883
20348
15544
13254
19464
1175
3733
12556
23405
19979
3191
5884
15678
22185
19277
38248
21669
20154
29138
6908
22554
30450
36477
37407
18644
38030
601
25247
35788
18531
24253
19112
6270
24259
30036
5909
27140
38197
33384
25771
29425
31897
31681
19834
3382
5716
14318
9561
6507
36009
27671
12832
29998
36370
14611
21596
39061
3109
6123
23293
37232
26476
530
35700
9054
28385
11054
34842
14259
35776
7050
19065
39088
20146
27556
13730
11173
37897
3876
27021
27602
22886
34436
35313
991
15485
4055
14521
27611
25454
20567
24211
38503
13461
33746
32609
22987
16629
33689
27275
33473
20526
21858
37713
26593
20547
3743
3987
4930
12433
34900
5659
27773
25333
222
35866
13177
35641
35226
23098
1120
16704
31903
22105
6106
11936
3536
10876
35640
24918
2633
11532
20967
6571
37000
27910
22756
8172
29895
3633
31961
37756
5492
25240
15437
4709
34026
11369
11193
15740
20377
18445
9113
28325
20453
15820
39041
15503
15884
4862
32961
38857
26045
17189
9899
24418
5852
21207
34047
28650
37774
4554
31658
20656
21801
2002
5229
22074
38497
5782
17287
13106
30529
13446
3910
6755
28242
15063
11949
17467
13200
32995
4555
28787
15377
13120
33120
36400
5057
28319
27765
34887
35979
22863
19997
33767
26808
10796
8051
14448
24031
33208
5947
32391
1704
30957
34945
21015
9144
32464
16165
29104
