35967
36296
24398
36148
16360
10015
5307
25216
8576
36374
26515
34027
35707
31503
27750
21401
13087
13526
1553
14869
22562
24675
37782
5179
5625
5871
20333
13531
1641
36391
32302
12167
16202
7419
36756
25269
20914
35202
5425
27523
28544
7695
12597
8093
20639
19939
4089
20964
38071
36631
204
6964
11221
37276
24265
24774
26232
33106
19106
7944
38478
29691
25699
27163
29738
33046
29519
22740
6039
28435
16126
34408
35124
19173
32070
13270
12897
21370
1510
7535
4249
1239
30573
8934
1410
8179
2248
35289
34866
16936
542
3382
24339
18989
20889
13023
33996
17130
37612
18173
21290
36146
35574
7631
5331
5151
34029
15019
11516
23774
17280
4651
6995
8075
2308
24583
12021
1638
32311
12043
19275
24408
17803
9255
19234
6318
35287
30737
29347
22489
34900
26264
37397
33642
20697
24872
2856
31761
19553
18967
26577
3952
24512
10499
19232
30010
10820
14242
37570
2096
12130
31039
34434
20760
25775
18219
21639
38378
38145
32140
11364
20812
20988
30
22345
17283
15305
36490
17018
38517
8909
19500
14711
12915
29210
23003
28879
16841
27158
8930
20573
2838
26517
15842
2367
32315
13248
9659
22821
2637
15102
38468
11040
3770
30398
18201
24573
36433
19442
33932
19279
10702
4528
35939
22735
35278
11886
27403
22082
11750
934
12697
29610
11298
9499
35354
30761
3096
18498
10355
21188
4916
11027
16641
5398
38925
35784
8001
11588
28477
22419
10191
33045
33469
13035
8067
11329
12127
12883
12851
5892
22508
1314
26572
13218
3342
6623
36821
11534
7581
28000
22064
33225
26943
8214
3356
32622
21868
23190
22239
12960
24405
991
23903
9222
26345
5846
27122
11849
36838
7355
34287
18316
11086
25295
33638
6580
25684
12465
18841
6364
9831
30610
10648
35060
11703
24614
16776
4376
33032
4682
22660
17911
28315
12634
11947
27509
38120
12935
16558
7288
16520
11596
11704
3357
37564
1710
36283
30423
13332
11663
28787
25323
36671
33955
26538
32350
34017
21128
14878
7902
3663
612
37121
22576
11800
6271
24372
33464
14106
12949
36910
6978
23535
23524
16406
9557
11759
37783
9205
598
17319
24422
34290
22548
25204
36152
28909
20089
4859
22119
22500
29505
28995
29319
29843
25742
5605
38963
7173
21157
30132
31800
8159
26262
35637
38912
1278
23446
26945
3323
29773
25980
22704
25410
1803
36854
6810
37563
37642
20766
8284
37506
33592
9875
37482
15558
33123
37055
4513
32101
27546
13836
7169
34382
12372
11496
33685
10180
35080
3082
15702
28433
23679
29492
6527
31118
4356
6525
4976
36533
39054
29601
25465
20570
13460
14713
8319
20135
17681
28063
24582
7166
10018
21816
8827
18658
35839
22922
38311
19042
9851
10988
3259
12713
24859
33657
34001
14063
34278
6788
26798
24865
36647
29676
38058
30774
26990
937
23424
1175
8297
32248
10492
36392
10824
24382
34808
8863
25219
15348
29339
26747
36016
6687
37235
1814
8128
27924
13602
18679
13705
31045
9607
1494
38995
3389
26546
3445
7996
20229
23247
25706
11372
5414
28398
29095
39118
30645
13302
8206
22714
4781
12872
1738
36568
20051
27445
8126
4419
11898
8469
33661
7292
19390
37256
4064
5672
12168
1694
19901
5994
21849
11108
17663
5878
22375
19662
21294
23908
6976
2
28992
37767
36973
4816
22669
5277
5341
11633
6017
23174
29550
2944
21772
9127
31483
3164
24114
20550
22143
24084
3496
33161
16440
2487
26312
14518
314
31678
36934
26814
12442
8222
28591
4062
22980
36958
39015
27368
10951
15258
31505
31466
24891
24962
12940
1101
37251
35162
4503
2632
1946
29061
13561
32164
11043
38172
223
14974
30532
36215
14016
32472
8849
28526
29147
23068
29618
16366
13164
7641
17308
29535
4732
20122
21462
16239
23251
16075
22666
15834
38224
36453
26249
25117
747
10781
29239
32612
20354
24274
28520
659
19787
605
2043
24354
35856
15763
24020
15585
18021
23314
27127
10580
16877
24012
4208
30939
39029
14157
16386
36932
39099
32499
8620
12649
24983
36968
31285
39023
141
35919
6808
14519
11972
34746
22172
8219
13729
37680
18569
10614
29417
8667
19332
788
31410
17090
38871
7461
5240
9509
17476
5819
5239
643
15776
8969
9684
18704
22878
19610
12367
32970
11784
12780
30473
33417
5566
1397
22043
27332
7412
7463
19567
10777
32433
30908
9638
19737
32229
9994
36301
270
24150
3804
8774
30812
23203
9182
13
8337
6254
34403
35813
29257
1109
10335
19021
30412
26634
21269
31576
18243
16999
32798
17889
37925
26961
21065
32645
9094
26984
1049
33734
23393
38684
36074
18837
6022
35986
25415
171
37199
23322
10669
7525
27299
17163
33753
17145
32092
24895
12690
21224
11756
37622
3942
18000
11420
34533
16719
19667
36399
19758
9548
17793
30182
22164
8344
19741
26485
9774
16622
11376
29111
6762
24187
15178
24559
6992
28866
38237
38715
19681
30612
13571
12708
17637
11993
15521
38732
5727
13339
12856
31971
34012
33586
14014
2175
35679
26125
19952
15231
15418
6557
7177
12676
26496
8458
15208
20436
5714
38589
3043
38426
29449
13908
25761
27864
29346
18534
31524
3847
5159
4524
11098
25978
24826
199
32523
9171
18125
36378
30703
36149
469
38150
35165
18281
22554
19747
22189
10767
37508
18523
31864
38626
33156
34216
31237
30493
17045
32281
14690
19745
36187
8939
10678
36065
6614
30348
6463
29233
9668
8413
28078
33422
3417
12352
19722
29430
12200
15402
22605
25308
15559
9984
34941
16107
25769
8462
115
10861
1586
22855
9861
34245
5382
817
35893
38920
2115
4928
13033
24016
21811
28554
14102
2255
1453
13840
8894
23872
5948
14411
17880
11097
34945
9748
5705
36045
14247
1667
7539
22485
15068
33200
15355
12508
5850
15928
26983
27036
24108
25757
26263
33796
37995
39064
9
5123
2273
17032
26935
30472
36599
27385
17656
16301
1564
2035
34579
34179
18840
28925
28053
6107
27417
30206
6547
36426
148
20503
32911
29119
32706
3536
6637
28566
27266
2130
6630
34432
9794
16350
8263
22796
31133
24655
4516
38279
38095
7056
25394
17773
1263
21121
4291
25009
19986
28108
263
18856
29700
1529
15712
24136
3168
2626
9439
5593
28966
34491
5965
6273
7349
28371
18857
30105
13977
4322
8385
26380
10676
12422
37673
36818
15060
35450
25178
15549
3051
9622
24064
14508
10351
17388
29793
21135
15459
21545
22137
1380
5154
24388
6295
33989
38216
7696
14249
17770
38742
1472
21116
1367
10803
17251
13803
32591
16282
18618
18568
15351
32786
27815
3063
35831
9591
32332
21636
21443
10071
30237
31953
10514
31608
20913
31374
20317
36457
14602
22774
16164
25564
28
25348
17215
29076
18524
18376
38887
18132
5056
26820
35276
34626
4110
16001
34279
26706
38039
18831
9900
37621
20707
14323
8739
31737
3487
35128
13562
7847
26730
7004
14633
482
38342
13516
211
38420
37421
15297
33972
33069
16264
32901
17408
17325
26430
16353
5745
27250
27464
36491
33228
5928
9423
23403
15457
14839
36876
21235
16931
27003
27590
26898
4275
14983
26057
34715
2251
1585
24718
38627
9685
12499
29025
10671
36689
202
16192
4941
29368
4489
34196
31132
34707
16488
31859
21329
19167
30872
626
29564
32447
2826
6466
919
36471
29755
29357
3024
197
27307
7967
6483
13122
15929
16850
23771
35223
7592
12694
23646
25856
35063
26492
7885
18977
13163
19204
24731
18460
32857
13169
22514
5783
8267
29408
36202
7914
5677
37018
2998
33397
20324
16094
31069
13062
24046
13350
1784
6841
20500
16922
6444
25026
27563
507
8595
29835
30695
16942
32203
2644
7587
8329
10336
7933
34780
2733
23105
24566
1331
32159
20197
10529
9561
13671
1284
31402
22071
37743
1599
16869
37610
17834
34355
38382
28087
32325
34750
4764
19682
4365
3789
24115
25605
15007
22109
32002
16194
18911
12374
35494
2022
31007
892
6194
22640
21871
8465
30577
28286
13716
178
26659
13078
34364
38221
28418
23111
11711
29745
6827
7291
4066
18883
11503
10104
14857
19372
13542
37476
5483
19008
29963
3296
36503
6935
6784
9444
28733
32640
16967
14078
22466
10530
26632
32829
735
37558
12410
15246
14940
27977
32638
506
10249
26406
21037
33130
31262
34793
22780
24379
13639
2438
7655
11559
7714
10404
21673
30198
12848
528
33920
18023
2546
19210
5018
5040
11623
78
36107
20692
32367
1362
16601
24443
35705
8683
20034
18723
9146
17694
35172
35911
25470
19292
8287
9812
32870
24645
32349
15562
18770
10940
35558
17602
23391
4388
4141
13628
16771
6731
23367
8746
24165
24934
15097
27128
30335
14293
21538
14179
32129
33028
35233
12551
33580
3877
37878
37846
13237
7911
9695
24488
17484
34188
1502
2707
28507
11366
35850
1388
36725
20406
10850
19906
20799
13651
17808
35614
5799
5459
8259
22151
37679
31601
28983
13447
30940
6284
21024
6776
23212
6904
34852
35756
24803
39068
11635
22499
7345
7263
6018
29300
39041
3212
5376
4469
10699
24317
27379
20583
7960
22539
18734
5636
26332
11048
30346
18494
4488
15672
27979
1073
37250
33742
24036
14614
31726
9565
14639
3920
27700
4968
11352
7101
32544
13586
21470
977
17275
6190
12290
5304
8714
36990
7906
27081
8947
22261
38220
36641
29631
15088
15139
26631
624
36083
18847
22324
12912
21429
31566
22163
31320
27320
9576
26192
7835
12714
1363
34591
28614
35297
14754
17891
5496
33141
35446
22688
34650
10292
23677
26959
37139
31821
28575
7445
13105
32417
36470
16519
8014
8351
24990
20601
9720
9535
7339
3809
13185
414
16629
14050
35957
21949
20868
37270
8062
7168
3091
29696
26090
23832
12035
24779
34673
35664
12762
31187
31930
31430
20509
19130
32971
36600
9115
18888
34508
34467
7832
38952
7622
20435
665
37116
19351
21878
6747
33367
12974
18477
12141
5817
38958
37164
23834
30087
8517
20880
12199
23232
13609
21904
15427
10136
23079
38923
18232
26341
9596
12789
17895
24834
21478
22000
10839
17482
17126
9903
9876
27463
3650
8281
2047
15298
32634
8584
38696
2307
5711
27841
18382
21615
4403
21373
28972
30641
3344
2843
16993
29879
12122
10414
4135
16014
7527
19904
19346
12751
29949
17528
4947
17001
21596
26015
24569
7715
1203
17276
29876
24234
30763
11054
9267
3132
32883
6270
4205
31515
18940
30723
32602
11288
14989
36660
21217
3135
20546
6054
30510
725
5945
24761
11963
8109
2337
9329
12616
3730
39096
6881
27080
30011
1149
68
9621
13423
9300
33077
7818
37595
17226
27613
4266
20650
31978
14184
34605
26038
9104
30851
8148
21345
20443
30505
14891
11115
21310
32972
12686
21544
28691
14172
16452
34829
24995
37049
17216
13781
11943
11074
29226
30644
17046
568
30602
28756
31993
31428
34253
5968
23448
33958
29560
20485
12109
31092
36460
9487
31565
6154
17848
5243
30500
8884
399
6430
36350
31580
2052
14138
12598
35517
19958
30579
27361
12034
9534
10243
35738
8071
31432
21489
4434
34118
19703
29507
17387
15625
10263
6650
2098
2979
19051
1532
10666
5859
21617
25611
32618
625
11956
13900
6993
20574
15931
16768
18741
2694
8442
4030
32650
3473
2169
25876
29086
36088
34536
20627
14803
30649
11263
36815
22314
24654
31465
28815
12656
28922
27607
37704
18047
9828
31744
7712
18271
33829
28320
4756
35754
14654
13983
4850
28942
8531
44
9341
21019
3219
32443
34651
12461
20218
24501
526
33175
4632
11998
37732
33700
20725
36697
27021
33403
37812
38226
32577
29644
9987
10542
26013
18766
3122
24282
27566
24365
24632
36142
28655
10826
12110
18407
36210
31416
2894
25096
20263
874
35130
28991
15490
8993
34685
29056
38827
31313
5586
16049
9542
1103
2866
25285
32414
32301
10814
25972
36735
33341
17764
34732
36892
28468
33421
33155
10892
38672
9109
35645
34739
7680
14312
23144
18411
4799
287
26083
30446
27443
7856
22560
5775
13221
30662
9574
18169
567
5303
13838
15413
23096
12770
19635
26995
9961
15471
24796
22105
27586
4831
4483
14370
8824
14613
37789
28923
18511
14935
15467
22070
14671
20814
36132
27823
10829
8906
6677
26177
19004
18486
37507
22512
38937
33536
5746
8952
2931
32950
27728
15996
28460
36224
25150
33757
25334
18394
23680
4450
23152
18929
36121
9089
6667
31827
11232
36753
37373
30174
13353
4921
33609
30946
9541
22675
10662
7178
1396
3184
2726
18622
20352
33048
24430
19951
9223
20151
1903
27213
15524
4768
17705
31554
8838
25291
8523
27229
35852
24513
3497
9173
7453
5213
29247
31934
25867
35394
8854
216
28061
16197
23187
10838
18871
384
28582
34515
38330
39030
29367
8912
34070
25639
28853
29443
12638
38563
11566
9862
36011
20672
34521
1682
13032
26913
37552
9737
24646
30779
21793
8220
16396
16775
14747
13431
13806
24170
24944
14825
10239
21387
24973
36620
32010
1490
36638
19056
24227
25843
26736
12845
11020
30936
4021
31707
32083
37343
27822
27315
7382
12389
26563
20221
29729
13595
24880
15491
20017
29715
30660
27908
10930
19868
1526
22678
10456
9214
32928
31351
17662
30534
6707
14691
13735
14706
6204
24673
28325
11163
15876
26275
1610
25586
6875
2399
14406
34222
14742
55
31698
29274
24789
15627
37718
7014
4695
32987
19554
15174
17082
30405
22982
6840
18634
22711
18157
28648
19386
8033
26181
30576
18131
21328
11355
23377
23883
37498
30873
19341
8304
692
8772
13965
36830
17249
1811
15897
13323
7202
7831
34445
29282
36709
37043
36240
19672
4911
22541
9447
10291
15610
24868
36997
30310
39075
25190
1707
30538
17468
26049
14423
10252
9806
1465
10586
32867
23822
24768
5903
13916
13678
24549
21684
12261
6831
16419
18919
22493
11618
13764
18412
22428
23341
15983
17136
15966
15087
30141
13265
20577
19977
1469
14634
12933
26766
12413
22037
18693
21114
2874
16808
17397
9661
18797
12874
23307
5485
32968
25702
14136
24710
38262
14658
6471
36639
31506
35336
35235
35733
36021
37004
27193
7121
13092
32170
18727
26831
36578
2142
38567
37532
20618
24518
23336
38673
24302
36174
6908
30549
23750
9188
10412
22406
30786
21642
35299
26761
12370
38569
3821
15808
29628
30584
23211
10430
21103
20400
28508
30646
19807
24694
18562
18060
17494
36580
8553
2170
20453
37011
7245
27656
16249
25599
16027
36907
17844
18355
26973
3633
8820
24712
21961
22943
9603
21143
31849
38065
8367
22583
6704
1486
646
6617
18320
28704
27790
6885
21410
22429
7586
21681
14954
17859
26972
33879
12547
6090
34725
1225
30566
24833
13796
21088
11727
35370
27904
9124
3965
5355
14568
36053
22598
25004
24760
8513
5648
23526
23799
10736
10246
915
15735
24835
7361
6113
26911
31962
18212
11444
18532
19914
22423
23935
25116
37209
37799
30970
13471
3720
23800
6982
307
861
30535
19066
30297
36909
20418
23581
25965
19865
27512
36428
28294
741
33166
4440
15927
29960
18588
25373
32862
12271
21905
1746
6134
30143
3055
11991
29223
5401
21265
29657
9784
31296
14212
38008
13726
14848
20631
498
6701
24822
9764
16570
17185
27317
19578
36881
38258
25177
24979
37615
10971
7305
15340
33952
38321
34255
4939
23502
13450
3691
27000
17823
17875
19350
32658
13438
20610
20293
23739
9837
36277
17780
23337
15873
10604
24615
26971
24360
6336
18080
14609
22997
4815
18406
12062
10328
28203
11415
24166
454
30274
10956
4350
6476
14240
36354
10075
13951
12232
30410
26397
1238
30046
26531
9742
4854
8004
19552
23329
18478
18682
16662
32855
10752
27735
19729
37161
29559
3343
21032
38313
34662
600
18810
9667
17075
206
35070
10764
24438
4059
1206
33732
21110
5108
17599
36822
20445
11158
24591
21559
1587
31198
6775
8989
2506
14725
3853
3466
24937
30373
21594
499
29532
38494
766
21959
462
14355
17322
18261
1376
36018
2404
14335
10685
12588
9751
10810
29018
23941
10108
6518
23555
23118
15748
394
3235
24775
25496
26112
38974
24818
17537
11831
25556
256
14759
19125
3457
13206
21352
37403
3084
15016
31594
32822
32480
24714
14089
37413
6109
12272
18294
7459
33071
37787
7267
38217
22641
11834
27209
37756
4312
2864
33313
27995
2734
33686
35092
8995
21983
3690
24742
27326
2785
22476
24071
27392
27455
32437
17666
1848
6400
10178
7946
37833
6358
15215
3463
34319
18277
30411
37521
32144
2582
18612
4292
20101
38396
27915
2298
26274
28176
25199
1857
25142
20954
15970
2369
16586
34399
37721
12296
12560
21194
34169
14889
4793
13446
33099
13079
3747
38795
28881
11143
13152
762
5637
5617
31232
30820
8397
28802
36324
14927
28880
33432
30630
20262
15601
15956
33852
17709
24043
1426
15728
20186
24619
23946
27217
28377
34069
22437
6533
14751
10109
7517
30327
2715
25559
11032
3022
32592
10390
3564
33606
28971
11599
25596
26900
1505
37733
16311
34259
3649
15880
34590
23002
26173
12240
17059
9269
20759
36658
15343
22486
22153
5821
26544
20373
12514
7661
38968
21042
14768
31704
9072
26171
28096
12327
11862
29808
22022
14600
31199
27172
21531
15013
26644
17070
20374
18433
16894
6286
5191
23193
33366
17495
37451
8956
14880
13129
12558
29641
3871
2845
29514
27910
16712
1731
6361
16187
18457
33425
37039
27805
25428
11106
25915
1716
35505
32380
17917
20559
6432
24118
10506
35502
25682
6719
11764
25808
12008
24369
33227
22145
5298
2484
1244
3611
36078
9783
31925
17173
36353
22950
16842
16857
2554
26290
28904
9000
70
10121
15586
9711
23302
9006
18264
24866
8011
15248
19388
23346
29582
24315
29081
5882
3948
29680
13107
37966
2885
35670
2961
25772
23549
11980
16479
18213
25225
1042
7772
1450
10253
21894
1820
24434
16689
15085
14466
16090
32052
18803
23655
36349
7142
4408
34387
3025
24540
33467
15342
23907
3607
26756
2880
38833
21795
24932
16871
36232
27439
39095
29743
4284
22012
24727
10635
8349
25573
6625
38158
10674
18740
15267
36672
27050
589
27732
29356
27707
35540
9381
6795
17462
36575
20393
36243
36720
29052
3729
16483
32186
30236
30741
14362
35544
24888
19742
33031
38929
14988
564
38636
28754
19434
13147
25200
4246
1699
16055
30392
17428
17819
261
35982
26441
30706
27706
28963
7392
17541
15912
19999
13264
1237
26960
8154
28549
1856
5923
2440
4698
25927
34130
13076
6185
32087
4113
25175
19518
23698
27828
19983
18994
23436
35993
3092
14093
13303
24772
4056
2200
3102
8793
11747
2787
10370
14203
33863
18088
10935
11660
10283
5253
13385
22462
21270
26182
37221
35996
8301
18546
22181
18186
29573
31211
19274
19636
21988
21834
10598
32126
34603
38259
6302
6183
4606
22278
20723
16104
3038
27028
30606
32956
5834
30555
15759
3630
9533
4926
1360
25385
34672
10918
3416
11455
8694
32419
28133
29112
1949
2124
25784
18048
8254
7347
38695
5552
29541
25574
15478
34902
18076
23413
894
23074
27318
18715
13565
14081
22810
38334
2539
25720
8483
10535
5807
17335
27265
3459
25986
24480
29967
36419
23046
36463
5810
9204
30916
13313
24672
14886
11646
5336
9417
37074
35671
16276
8350
15548
24919
34638
27877
19321
34370
3224
27997
23664
18670
25148
8243
18926
33235
29707
26946
33979
13067
28162
24807
34210
35542
3887
21805
3552
34878
12492
1294
24006
12979
28952
36787
5455
26765
21412
1408
31271
8765
36467
26011
32073
19654
16042
36814
21953
14853
4074
16289
1495
12993
38094
34197
8464
4993
20086
27611
9359
15206
2964
6540
33449
23394
32118
3370
10162
24541
17741
21965
17385
15123
37699
4004
15006
9763
21658
15978
21238
28205
20044
7568
2988
9332
12632
31278
33201
10550
32795
38436
7502
8072
24494
26639
30922
27600
35791
4741
35743
26407
22168
136
34677
1298
39025
4098
13417
17918
8378
32008
18694
27922
14721
20736
11401
11744
10527
306
8650
18801
4293
20292
11194
35485
285
2376
18656
34923
10369
28327
34721
8203
37777
28886
1186
22833
14867
6372
30208
11181
22203
31398
6926
7397
26889
37051
6197
5818
31254
36988
34831
2180
673
28658
35238
35308
5572
18489
36889
37111
3183
7337
8837
21737
25324
17766
11768
32933
34413
24684
36139
20359
16329
6374
35582
38166
32764
38758
2480
21496
34758
16487
15595
25708
27894
10432
31890
32017
24867
22861
26422
5124
21227
11472
18737
6857
30133
16799
12646
36530
15176
35987
33475
26423
24239
10811
7662
38654
21284
29190
26026
20285
27405
23258
309
23790
6876
24992
7269
13508
19447
30898
6670
33631
30001
38498
27365
37852
4754
9520
26475
26732
32904
28148
1025
24802
15790
5129
7019
38966
32856
924
17295
1334
26180
8189
36192
36326
3911
27956
13354
28119
9455
17890
15216
20641
26313
28594
20396
19417
27623
7284
17263
18533
20561
19565
11120
20733
24832
5989
17852
17787
13683
10038
23045
16948
16088
30766
9674
32841
15511
11546
15709
9829
17649
32572
11855
38472
21749
31696
34930
22115
16686
33717
15863
13119
30690
17846
5081
22830
19669
709
38195
16039
36501
31015
37518
21313
30762
4199
19524
13181
29366
13075
9057
20785
32363
32250
28681
11154
27460
37685
8467
30036
2920
27145
34024
10819
29989
33845
27965
14301
11614
36612
15205
38364
29794
8223
23504
18266
6460
19877
27918
35507
10350
29220
35498
5722
33977
11405
20811
11062
19580
23517
17253
23964
6663
16628
36560
21726
10056
16802
37453
8353
17864
4047
12710
12163
26072
20208
16403
21369
23018
38006
19044
18953
17816
39040
7399
15322
37695
25020
11392
11790
11227
13245
13766
19171
9734
34962
17965
9556
591
3538
22003
19841
20301
34964
7124
30514
12835
12225
17311
19207
439
34051
19020
34641
5310
4401
17719
15679
12150
6722
18790
4242
4825
35559
22601
35322
31947
6611
28515
19782
28764
20276
12013
4610
34326
1198
21170
15896
35719
19573
562
16848
34067
13981
21318
10150
34477
3913
35876
17086
35178
4833
2654
27528
16934
8954
6638
28543
5638
25079
14908
13000
13896
27228
29673
28617
13988
17289
20761
16005
31040
19046
8643
14124
36971
15907
9843
27465
3541
14980
34956
20755
14708
20660
25656
887
16431
30491
28551
22571
28335
8396
32476
29910
960
22477
27091
20030
36025
9516
31387
5851
9235
6237
22449
3424
6820
16939
771
10058
22432
22138
24356
18475
35694
14202
11931
11041
10785
31170
16974
9604
23433
15575
36253
33708
20238
1923
27588
2986
20495
1223
10188
33382
29467
2001
5511
13884
28213
9610
38983
29280
33723
131
21214
12262
16883
5242
1120
19470
24350
8180
29543
6789
21164
35871
17337
24907
6863
27984
33555
23755
20202
4260
3130
21939
23278
24616
29766
18470
159
18225
14341
20311
20681
6973
17000
17303
21249
4083
29381
4073
19968
13738
36286
37550
10744
4579
23945
28988
27525
22236
38882
32375
37023
26347
15308
6972
32113
35974
18483
19024
39098
31227
21440
26674
37245
19961
33564
36885
15677
14514
16517
27887
11448
32276
28297
32551
22682
35408
5907
35200
22132
2492
9220
7910
17638
2551
4127
35846
15634
38434
6733
27153
23921
5533
37882
15435
10983
22056
33719
22224
6310
9454
6738
5102
30325
10966
1572
27651
2193
12705
29801
13631
30167
25469
18364
17390
13027
33936
13882
8481
9168
32824
37810
15363
186
18579
12725
30881
38149
29640
22901
8603
28409
34084
14473
18409
28459
34842
5292
27474
11261
37425
21600
34347
25944
25452
10051
33171
34021
34486
22524
33219
32931
15674
19054
29892
7317
9585
11280
12945
31120
16200
4428
26074
14229
31545
29832
5584
22509
14031
17444
19777
5226
22292
10791
13251
10917
18627
14159
4858
25103
31409
25123
21506
32813
31182
36826
26304
23261
17847
8375
566
17951
38800
6338
24228
8037
33170
34609
31675
33851
33515
14756
10014
28722
883
31715
20228
35722
37906
32457
2570
587
1622
23275
24543
16878
27277
15745
26336
17549
19353
16209
23920
24309
18099
10804
1419
13897
22696
27123
17375
14556
9747
3964
13130
25387
12350
19929
17714
26597
11088
38430
34365
2600
12411
34634
19845
2821
33354
35696
25902
33020
12942
22577
30950
22972
4080
34218
2533
14847
15599
31098
28186
29219
7298
16400
26516
20895
8867
7896
32508
10281
19363
31860
30837
8632
38816
14575
6696
37745
14953
4774
17576
12727
4880
17101
9488
38867
21289
30338
9733
32196
9761
20612
14782
26170
13845
12308
14758
19298
6674
27144
1843
21248
38310
12980
20421
23844
24271
35684
1169
28238
30033
20493
34868
24270
38314
21729
12796
29205
22511
17717
31052
4865
34965
37525
27297
15439
23256
30462
12383
5896
9560
22841
38048
2895
11835
1673
26354
12803
14263
26217
1807
1189
23442
24650
4540
3460
27635
26363
28046
15151
34303
2014
8398
25118
35630
11501
30529
35999
27517
12146
2416
24862
21435
5471
6166
16460
18374
20474
4821
8146
5939
5992
27930
14332
29462
13191
1123
27891
34740
31532
32802
30053
8691
38374
32251
36327
4274
35122
34951
17925
37750
3685
37012
8876
29952
22668
422
22824
12002
24593
21466
2758
37033
37495
6413
37294
19523
13749
6214
31805
13739
25883
34985
12775
9768
20987
18362
18161
21840
2393
10092
26461
23777
26651
35211
3044
6120
24154
37774
19528
12766
10587
27787
26824
9221
7862
3282
1797
20302
35355
16185
9248
33935
16646
12788
32886
27587
23335
29606
12458
20621
21191
8191
7710
11977
32617
9398
29844
20638
35105
17246
15382
18146
12070
12890
37668
16865
18787
19508
26603
25379
26840
3783
31383
803
31311
19301
33589
26154
27536
34809
3905
19751
18231
37367
10660
15053
14936
18798
8322
10061
18251
7754
870
19367
34352
37600
11292
1064
35549
18890
23364
3441
23748
19819
32773
37864
10775
1832
30185
38562
12776
26456
30375
19212
8509
30119
30171
18424
11094
21186
23481
19178
36089
5542
9834
5454
10502
17068
33730
24167
13589
10025
13188
669
3530
31667
38398
33630
35074
32286
15820
23163
2119
4598
4294
32927
7106
3629
17792
5279
8079
29653
26493
27519
4917
19712
35971
11350
29554
34232
21702
8780
10673
22938
9349
20941
1387
4148
796
7045
28896
29566
20071
15626
15022
29037
5380
5662
38012
776
11024
14180
268
17138
11908
28989
7196
11427
2413
18346
20395
8804
535
15411
9090
10543
38148
14162
2296
26884
16926
34219
16371
23351
34891
8339
2294
31105
3200
24338
19025
27458
8886
17665
31757
35291
10372
28859
7819
35973
22394
29772
34822
35135
31024
21179
13500
15816
6705
22781
30548
22116
26372
7801
10052
5212
24691
37295
16699
3367
5470
11526
15406
30904
16748
26849
24293
29760
11984
5204
30079
3993
6429
20679
2183
1698
4311
15598
24842
19226
15409
664
39069
18719
27540
12819
39044
19000
30603
11488
10244
10701
32864
791
7865
5428
30752
4360
22648
29705
7428
7380
20494
8787
3711
25738
20480
14398
24425
8748
16295
27273
16966
34980
481
39110
34811
7277
7482
9736
1289
15079
23400
23882
6565
4390
1597
10900
10001
37200
14401
12948
28025
7642
7735
10518
36176
11537
7797
17755
19468
3722
32123
1140
20014
28120
8197
29387
20038
11253
5214
30712
23537
34115
23692
29943
32651
36338
7842
22301
28446
31867
35049
1875
24191
34240
11235
27137
23722
30519
1457
30702
4718
764
23862
4868
31783
32552
15299
30719
7887
9853
19304
2086
3190
23150
36352
9074
16595
26444
20483
38737
33466
28276
8445
12828
1802
18461
4298
32056
26431
30176
560
29245
33512
28737
22009
37778
6766
37892
2187
26658
2837
34412
32180
4252
27906
25326
20945
26827
17771
23249
35828
26807
33752
10631
2346
21383
37542
37088
25847
32581
15661
19699
28791
32035
6261
19150
21216
32712
37675
8810
17092
18195
8323
16025
31385
35220
9060
13909
31310
1010
2869
16801
2184
31276
12921
36424
2227
12080
6521
20675
22026
38571
317
27968
487
22913
8492
26164
29385
17711
20448
6036
10948
32974
21448
37358
30509
26027
14068
9636
7109
29066
19101
21027
8914
11517
17623
28050
33571
9465
14745
21138
32524
17168
3449
22580
25400
20413
28766
28872
38354
25590
1665
6449
12611
13418
3054
34766
8756
22792
36626
5796
1279
388
19527
1624
21355
21296
23234
3146
31929
33882
4909
23508
14723
37993
15452
3383
4519
2951
18639
25039
34550
24520
20867
33491
15770
34266
19645
34036
24394
652
28908
16609
33277
29504
628
21320
10816
2134
32982
1462
31331
15802
15815
19597
1980
16135
23538
18062
32312
17052
5252
36367
11265
5680
29106
30280
37820
23136
36901
34384
13582
21998
21576
14715
34862
20379
20182
3265
32898
33931
5295
10017
9346
27557
9979
5758
13895
17987
28154
20412
27239
12621
16751
3709
11483
7315
27030
16964
10995
13733
14446
19934
2828
30229
9312
2144
14828
9309
1959
37608
26821
33745
33810
12342
20734
30490
24877
16029
5927
5978
11231
7634
31710
3567
31004
33862
21148
867
9139
9091
14707
19566
26410
4883
12343
2662
38005
30957
6561
32356
18360
23347
15083
13301
1265
29683
36977
36186
25732
34520
10409
7003
1089
1967
37353
21285
5412
28251
18990
24787
7281
26705
23896
20863
32683
11274
28370
1931
19077
22632
26127
32238
6684
4560
7666
34762
22065
16227
25918
17369
17493
38461
22695
9539
13240
5294
31540
5306
5448
26672
6641
8538
35227
36001
22892
35241
13907
34344
5900
24784
24844
13199
18107
27008
37735
4996
2295
1855
723
25701
19176
12711
32858
32679
2513
6700
38528
3032
33233
17927
24792
35283
179
26294
31436
21836
27612
18563
28363
13372
30431
38826
5196
20224
6311
30855
31135
25928
37937
5765
29452
13134
11606
23241
3778
28841
22812
30693
15771
12844
27534
19336
23008
5861
5494
1614
23571
5541
30847
10643
15976
3686
34074
35069
33781
6496
24000
20743
2280
25316
1639
33086
31124
24490
29756
11001
18963
9981
7970
13691
8968
11317
6947
32555
25456
20932
6238
21614
6693
7340
37045
27105
37266
34625
2275
20687
23149
30177
24921
4558
7458
12528
29548
14770
10487
16668
38376
25988
33940
38359
37879
22851
34844
724
18825
4
5430
14586
28883
35651
24352
1487
32013
1730
9880
5911
2041
15294
149
36998
4942
21388
28561
20486
5515
22280
24749
5458
13180
16430
12455
28785
33808
15199
24044
5283
9940
21031
12483
12156
8250
36388
227
25069
13283
12923
3800
2496
23917
2327
19064
7589
31471
38007
3561
18809
16555
10199
30816
24989
16097
36528
20271
19245
4773
952
579
6805
7433
5652
37531
11135
38431
23985
30183
4076
7086
25908
344
368
27094
11431
36796
35762
23295
15737
32986
17134
14627
17553
30782
1706
34071
33018
5389
21666
27532
36085
7265
1573
33359
9935
6198
34783
7824
3241
8460
13368
23505
33582
9775
15666
11812
37829
9472
28396
28415
20417
33256
15724
3599
31321
34998
26162
2384
16453
18958
12698
1167
21209
13071
3657
28481
38724
9418
7466
23584
10465
34589
27556
29621
34506
17962
16744
14111
17036
34540
17441
11724
449
22626
2143
18880
25467
21768
31723
12071
8122
11808
27026
21035
16114
21682
19586
33672
23604
12561
31974
21175
6610
5134
14223
34535
22898
28563
14082
31899
15539
36170
17312
19919
26207
36770
10821
18328
4843
23167
31365
4527
7471
3325
311
29131
5947
12816
7494
18924
19502
16861
6899
14393
8963
10914
22904
37760
25420
9388
35109
2429
6937
28706
21870
38847
19657
13318
25259
514
2802
17111
16035
2262
18050
33269
17652
38043
1313
16556
9693
16676
6477
23993
11787
5388
4668
9614
38229
23653
27393
21927
37432
25782
38778
19875
33154
21220
822
38051
33651
24636
22348
19053
29215
6167
38265
33984
4305
17233
22220
23382
1868
1467
29292
4364
37430
13324
35423
13184
16544
37044
33597
16527
36522
14985
7942
8485
1852
24757
19406
30792
20341
2655
3969
28127
4692
4253
12425
2301
31499
15326
29478
27484
22350
7158
5420
3299
20245
29197
1548
10618
615
2855
9303
2641
30387
15643
33330
11371
1702
19009
26215
9731
15296
38625
4960
38611
3066
6180
33116
27296
21912
32659
13538
10973
37956
7456
8873
31898
5230
13666
29533
2724
3879
7700
37115
10508
8803
38151
5441
35333
7746
6679
25309
12437
31756
9327
32254
21253
31690
23099
20794
5952
31677
28898
22755
39001
34989
31531
30884
31504
6215
29675
7217
26463
16534
18480
31869
23751
10312
7490
18956
37399
6324
36084
35161
6434
4010
19647
14467
4200
9623
34726
8565
14287
26479
29331
19763
11581
16257
32586
17659
12873
37000
12998
3075
27973
36423
5457
19472
3461
24998
8679
14135
36012
212
31521
16886
8669
23179
35873
14752
38107
1781
21026
21467
19512
10096
9972
5218
7501
26424
3114
12235
17569
3446
39021
20364
31771
33692
23942
25995
16882
31589
29796
4243
6892
3266
25954
38038
4301
32065
38182
2540
9956
20876
28086
12162
13825
33855
6688
4731
9449
5795
4464
24083
30118
35656
37056
9840
18269
25159
33399
37042
2199
22027
19936
14526
35284
1974
7171
17208
7901
6979
3226
38223
30832
32853
8522
27118
23103
19243
12596
20157
1514
14060
7091
15256
30958
7251
20586
38825
21766
29951
32108
39067
13022
30642
33230
1142
24023
36046
1406
20537
24711
22100
24461
27070
13517
35264
33165
18112
8728
6534
20745
8868
19216
4935
8718
2946
10606
15502
4272
7925
18429
32566
15331
10128
25252
23063
29714
9786
35158
1443
26648
35369
8112
9107
19155
985
10063
11510
6229
33389
26129
26012
9982
29082
37737
7790
31644
155
21347
12328
11899
16536
37831
14553
5284
7452
8596
31224
38771
28257
15312
16581
7702
17419
27404
10653
23864
33519
4036
19537
24695
4760
38940
33898
7602
24143
27240
13403
7237
22204
8444
38808
37499
16765
18576
18625
7857
38553
27414
13441
33786
23333
19179
29531
9025
15448
35295
1114
33914
35434
26401
23488
26526
28765
33569
15243
20267
3050
34973
30399
1637
31963
8439
19808
33220
12067
7919
32840
31995
24283
14692
17726
1851
25663
31599
37623
30912
1218
3843
369
27595
9476
34494
23744
283
17876
14152
27923
1016
27485
27005
7947
38297
27202
22122
33966
7186
7480
8505
10202
21472
37592
27416
9364
32183
17534
5742
31325
12373
33548
21025
35638
16651
6438
2883
15222
12317
36099
18468
3603
31810
10828
9498
3577
16726
9414
23
76
35924
27998
20501
26122
10352
11881
5904
17791
24493
32520
31858
30028
18959
36960
33193
34879
13476
25350
1836
16654
1022
13429
21023
28600
20200
4046
13866
7134
7360
11373
33000
16529
23949
8941
5462
35044
16708
34369
5463
16596
1998
21066
38801
29252
8769
33083
23219
7528
29411
36282
38620
29787
31919
30393
32299
4432
14552
11196
33613
38277
23873
30653
34008
8354
9530
21740
35823
19909
18979
33612
25762
34430
27107
2224
3726
18793
30942
38613
33835
13452
25677
33705
31493
17278
12301
17042
10886
10582
18814
240
4421
21865
37835
28782
34596
896
19343
16533
37414
38979
18854
8471
12177
13802
23157
33892
19219
11793
34377
2719
22903
4977
10958
35672
13390
5089
3924
15750
2100
16420
2283
8412
9725
9151
2209
14354
6837
32553
28212
5495
19775
29343
10354
34938
30966
15166
5286
22217
11840
31997
19103
36729
16501
20033
705
22444
1737
2974
3979
38245
18242
26596
33605
9120
10102
29234
15782
28494
6860
23139
20470
2562
25085
4762
13504
38492
25391
9756
18731
18310
24505
36732
28975
35488
25831
30676
9611
11833
35992
7619
7478
38351
5763
19683
29834
12431
8762
23721
4070
21267
10198
5199
11583
19621
10266
19891
28783
19504
9696
34490
23277
32579
29022
26744
13132
31748
17858
8701
37711
36098
20189
13325
36171
35591
15396
26949
6531
10576
1773
12471
26227
32334
25288
33398
1037
13957
10520
28812
21040
15806
21020
38586
6320
28977
5037
9619
1850
15197
22380
1535
1562
26322
11945
37886
6806
17765
27141
38856
4233
34861
11739
14843
10070
25403
15417
16124
34112
19192
12108
34428
28585
30452
36782
32397
14992
35439
22990
29374
37663
25090
10231
3336
4244
7989
18058
35045
27792
6337
16576
8904
7640
15403
37189
4504
22025
38119
678
4992
18872
19055
7959
859
36182
5719
20661
29450
8641
34138
2462
7219
20680
36079
29774
38250
24940
20658
33167
21549
949
27661
20534
35894
22722
38440
3897
26697
2647
18124
36969
14290
30520
10176
16312
23355
26414
11244
11671
38290
8364
33187
22969
38272
35901
2019
31150
6676
1500
37112
5034
31184
14547
21211
32997
28586
29349
9678
17966
33632
8022
18390
649
25955
16236
8020
10126
25637
6368
25673
9754
8451
6262
14608
11746
30070
20699
18894
35855
35089
36975
22197
31370
22610
39108
12417
4893
37654
2038
19887
37319
12265
18849
9376
32887
32782
23676
9797
23009
7932
8403
20295
27744
6587
25686
37207
11975
15453
20013
11708
17849
25748
22333
9888
15874
1498
17248
12158
27097
29120
12060
26838
3268
31739
18901
128
8207
9424
34073
5195
38892
35190
470
16121
9323
3551
4511
14041
9068
8293
26675
29539
33900
6298
30161
5312
26231
25408
36902
29961
29103
24326
25185
16186
28012
34562
6859
4120
9371
26535
8463
30962
20381
26707
3262
30164
2612
18946
36550
365
7200
25189
35247
17241
1077
4533
31533
18324
37557
31719
11080
12685
34560
38191
18502
20449
29203
8155
26240
37786
11830
13080
30934
26411
19352
29001
28950
13055
4336
15394
2303
16560
20060
29591
24686
26685
10602
35277
32484
26033
10953
4404
22363
18183
38286
22530
25643
6235
3981
4839
34226
36068
30951
9635
9144
19269
13497
25834
27048
21275
23830
11334
23988
28426
8283
32115
11260
35319
21276
26030
3462
14236
14191
32594
10349
29896
35059
12625
27147
2120
31891
25572
22643
18197
32465
31111
17087
21850
18357
385
34362
25583
33718
1827
20640
700
27129
27304
7803
28797
4827
35013
38710
7401
7731
16867
18604
17151
6100
36119
14075
7937
23165
17635
18354
278
16907
23870
29629
16154
15369
111
16956
29157
35834
18342
33923
14911
15195
230
7079
36992
21485
8152
36102
9501
8016
15885
32093
22550
6101
25263
16009
578
4521
9132
36749
21449
31134
38480
151
6349
36091
6579
26339
33416
15002
28997
23410
28897
2163
17967
3089
28525
37318
29077
34622
7000
12717
461
7108
13914
16091
11900
13879
22294
37599
12406
8473
16047
19582
26236
38960
19229
33401
11071
20600
36655
6357
28505
21879
15512
32456
10280
16357
31910
5270
32038
35824
35528
20380
984
6070
28462
22628
13532
14261
39002
13118
21539
12786
2164
35001
12865
16740
20423
37418
12242
38579
11138
33728
6522
32682
6323
2648
28092
31287
24346
17762
5582
7440
27679
4506
3661
16978
7687
30008
7402
28809
9218
24571
3867
9409
2892
20329
38348
13149
21292
35795
21430
11775
31189
29655
33782
28597
24022
36497
23491
36546
9002
1493
26650
31901
26218
26909
26954
11582
12181
24985
29088
3396
34679
26065
26805
6346
19091
20719
23752
13306
29176
31680
2408
1290
3757
22060
30754
5443
2314
20737
16566
36601
20487
8525
5131
29698
16435
12307
27473
13502
33674
23004
22751
31423
17975
20360
26512
30054
30748
4214
7983
21475
21160
21486
37222
19818
29460
35902
16261
21503
19964
25946
17750
32641
38753
1359
1941
8468
15447
17491
29122
7442
9934
21668
30250
23681
4619
15498
37958
23032
25486
6458
2625
30722
27978
33385
18036
22460
2146
6559
24648
2049
5118
14492
13855
17133
4767
18681
38660
17230
30891
28103
3145
32759
20010
30638
24406
36746
4460
3179
2700
35575
16290
30403
997
17960
21774
37626
1845
17131
29877
26403
22802
3982
13412
17768
16325
3935
7854
16516
32735
27413
2978
20666
19239
20646
38167
31268
21052
17409
31072
16859
13715
17640
32482
30221
8971
19675
11432
8363
38834
2360
21499
34689
17119
37514
32513
35605
183
28208
20896
16852
35451
34525
26608
38590
18828
7785
13342
26091
3156
26132
797
38666
4313
9217
21331
30953
4600
19781
7574
15714
30324
7672
20310
34937
3045
12640
25471
30745
2058
37540
25243
14818
5929
33645
10889
34358
27604
31087
8123
35372
1940
3782
27678
15499
34925
7760
13139
8648
7406
33209
28678
28875
34418
31340
14543
12453
14808
25624
26754
25136
34801
28062
1348
16929
26522
36930
31772
29390
6428
33950
5282
13425
25760
6764
1742
19276
37238
2754
20254
1262
3708
4616
24633
24759
20422
29502
35677
110
2825
36358
824
17580
25337
8825
640
632
34320
12606
16644
31585
18750
5019
6124
22283
27505
6588
26591
10333
694
37670
25779
15354
1938
17968
21213
29666
35746
5486
22719
38247
16474
5685
19467
27011
32844
30312
29444
27544
29607
36439
33495
37408
4441
2957
11539
25551
35761
8512
7601
24367
36003
1631
33362
5433
7829
13974
12805
36151
24863
18796
21264
23719
14979
36351
13563
36654
3034
7934
25810
37435
21150
6645
30160
12707
29046
40
8705
32695
21976
33320
28049
16804
27090
7584
31473
2710
21759
29043
2823
16637
7660
35171
32436
21934
3805
10730
22973
2586
2279
7448
7761
8225
21631
1039
9694
15836
774
617
28928
17560
8291
1542
34870
8953
10976
19824
29013
20261
8737
30571
8955
17839
908
26633
9196
465
32396
3355
19757
31082
28607
30071
17565
34748
14268
25546
4317
10790
13396
16960
23375
17545
26381
35579
17007
25851
27263
3742
7742
22907
33804
20972
13045
9870
13041
17609
15517
26356
2878
11426
38504
15870
19556
13308
16524
22573
6955
6111
36384
20126
2246
22617
34127
1297
13695
4882
12721
21182
13684
21611
8806
17460
5148
6404
18335
21632
9802
3432
10441
19039
28531
29982
26919
12748
17903
12684
30082
3986
23545
8199
31656
29950
23965
24223
15065
35797
10646
27521
15254
18198
25346
3375
12028
6519
25306
22494
32861
30978
34294
13133
8315
4712
28391
24273
12931
26311
4669
11343
6359
19982
18405
30726
12817
26725
13212
22354
34474
10534
27806
17043
19924
8908
7113
35072
6283
27188
28366
20584
33136
11535
83
32623
16086
26494
1282
4129
18904
35636
28054
10717
23195
24222
33052
20300
17481
10130
4445
34419
2534
22227
11049
10454
29143
16116
656
1327
35495
27454
26614
28209
30376
32412
35642
7682
8607
24156
31642
24495
38413
17393
16345
12211
10770
4890
3229
37240
15969
14117
10294
27377
20653
14814
37339
26982
15832
38686
22139
18605
19619
11436
26837
38317
3959
36646
7553
26589
4938
16510
19665
31902
11491
5771
31361
18420
25071
25783
10447
20454
35551
29134
36700
38086
6781
28646
27181
30661
8057
37390
14101
15546
3236
2334
15240
22030
12878
31970
19045
36272
25884
121
5852
20213
23493
24737
3414
32026
13405
36743
12320
22230
22859
32621
17340
2335
21038
2928
29217
25829
26413
21708
27529
38084
27419
37437
11580
14018
24195
34254
12958
30117
22388
10522
11653
38254
28610
1515
11144
29797
13527
16547
26664
3405
10173
37972
19067
1259
32916
5171
23450
38307
19510
27959
36831
5693
16665
37293
17030
16792
20095
18206
32611
7364
27447
38092
25626
13944
18621
18624
38967
31117
11687
25571
39013
34834
22778
32546
20169
14502
18018
34986
21892
32703
15812
6658
7260
36940
38772
1048
20281
8137
37936
27627
104
14176
26179
12970
19309
33010
10517
904
36039
11353
19463
16291
26470
9458
9854
8074
1834
26625
16139
35620
24216
14452
34213
22791
38113
7312
32407
14252
13622
32967
16640
26654
903
17552
21812
4164
3211
11384
14486
27522
14066
9767
8845
32530
31645
13613
33360
29941
539
19408
20961
25739
10524
34464
4587
31730
33208
12728
7603
8190
28587
31877
37484
28016
15965
38644
4380
17821
21776
33818
13741
25364
38956
28405
32261
24901
29761
9620
23557
6799
36032
25167
21610
25251
5405
19191
14952
8637
20345
16593
33727
26110
39072
3961
29659
30710
12185
8668
15408
28184
6932
27489
18652
11863
18905
426
10985
19112
12837
14149
27110
17799
24392
36624
120
11296
29141
29284
24954
9592
23701
891
19489
12907
1717
401
28770
12193
15624
4163
6387
37334
32168
14091
38594
37817
3406
25398
21291
28833
16221
23484
5789
26115
26883
30842
6255
12469
36199
37292
15089
4358
4463
18488
6370
32562
26303
16724
2424
12880
18298
5076
3107
27073
9811
13755
8268
15989
31330
34936
32595
91
36683
421
16588
14836
20623
32919
30594
5683
34045
26702
38526
35340
36499
2968
19882
10106
31954
12954
12512
38197
20742
17716
38597
19613
33574
8366
28177
17592
9078
552
9372
233
1273
38358
5223
3837
28237
3386
20813
1969
5066
32200
17349
38435
7929
23728
30223
38987
30735
10461
30440
14833
19224
32161
26119
32361
10190
18471
975
4508
32292
37661
765
6845
38100
15449
22636
25284
38294
5634
3302
34720
31894
15278
36690
7954
30955
37593
2698
23852
38886
17627
28632
5227
6894
39016
11714
28333
37021
12818
17542
36177
34910
12581
11681
27197
7328
3638
19507
38606
36565
20008
17497
19598
5256
37118
12275
14922
5393
33735
14562
3609
30705
7497
30286
31844
39052
6294
713
4535
9787
29425
14447
12973
13489
5762
2077
16416
12782
31689
8857
25155
35306
6011
15545
38694
23473
11853
21718
14377
2084
10113
29636
36678
13686
25627
15738
25080
32157
10657
10394
20547
34772
11184
12678
25894
1861
3975
30544
18373
21663
35941
19201
34249
9050
9644
18881
31543
16889
10124
31020
27267
5653
19639
18827
32252
37890
13591
3957
26244
19402
24002
20786
8117
36195
7417
7504
28712
21784
16119
36480
16782
11688
12125
36167
19684
29263
27642
9818
35569
28339
34128
10980
25302
26503
14541
4886
27925
2028
31023
20911
29817
17976
19277
24070
22142
36252
15979
20851
32267
30301
118
26175
19193
18635
15752
20074
31179
34452
10344
30797
3889
22358
31542
28431
34058
15380
6830
11211
14156
4685
18885
32884
26769
36603
14599
22311
26394
32339
18752
22066
27215
2050
1582
29167
15110
32518
32338
28273
27051
38162
15276
107
6716
34553
31376
12053
35168
5557
25454
29711
27195
16449
20482
5981
11162
10402
12886
31837
11434
102
5699
32952
27677
29530
33405
37220
32880
35093
37096
3712
34053
26770
30501
10088
2887
5858
7718
10079
17258
35360
34221
16796
1545
4481
28217
9597
38540
35237
31799
29902
15506
33963
8564
12630
21964
22929
24102
21178
32493
29648
27684
31801
1311
23116
4202
33713
15204
38581
26466
4327
8516
25653
36394
5041
9526
34162
10046
5007
16111
1369
2368
2181
11616
26890
5857
39019
31304
35597
14039
35455
36567
28206
31360
38698
22113
9294
12768
13598
25455
23039
35362
24442
6990
4116
21423
12047
27921
31817
32076
28674
23131
14197
27216
20564
27938
31478
7921
1547
16499
36540
21400
35329
35520
8736
6095
21989
7028
6242
25250
31140
455
21721
2178
2601
26051
20516
14171
14193
26703
20063
3571
7825
1174
25067
27860
4122
13986
31044
6335
11960
17835
38042
3647
33262
34457
9103
35810
21195
28367
9706
33003
1697
29156
16165
27264
2624
20739
2676
33518
543
12726
28421
3874
35266
1821
29884
18535
37062
29495
18055
13298
20749
38273
9688
35422
12024
9071
28721
20804
8399
33784
19966
1096
36203
27672
28940
6340
5439
35554
33888
12593
28309
17112
29236
7183
3039
32741
11553
23287
31626
31145
33962
21200
32642
29142
21977
10705
18955
1058
28181
9379
22602
2494
24906
22078
16188
10649
26362
16608
8895
7239
17535
31519
11619
3814
18210
28835
20377
32192
11662
23476
4864
34104
11818
4855
367
14801
16304
21957
7971
27843
36523
25983
27592
12334
32495
35403
17980
516
684
17056
3763
31448
8312
33510
9899
31126
4603
4709
22013
25904
25170
26361
26472
10952
21416
5898
33501
10132
29152
1503
14326
2236
19847
33084
5036
23133
22978
13384
37988
24129
1756
12895
7195
6178
8625
25060
26116
17626
16169
37692
2293
34915
37426
28378
36842
32684
17490
14258
35997
38180
13842
35169
10713
19988
35261
27164
14421
31855
36959
5185
20552
13646
30795
30266
19484
37722
30007
13183
13434
14607
13753
4936
16491
19815
5545
10159
27800
21123
27783
7446
25262
20565
10718
13963
3476
32022
15921
25431
27803
15857
26585
21890
15140
27449
16946
9027
3927
5038
8665
36109
28083
12398
18432
13834
35861
3131
8039
14303
36104
26677
35108
36245
37444
15581
20136
34752
812
32519
15698
35335
10679
29488
21629
35929
3888
19063
2701
2810
12814
6024
38189
8960
31916
34095
34797
24917
11786
25347
9140
5629
38159
17437
4344
4072
16349
19848
11411
14955
17405
38268
34475
22490
5221
38975
2173
9437
33736
7836
15333
7018
22853
8134
6007
2282
9807
9606
36659
6445
13224
11597
35561
36069
10503
123
17574
35879
9923
28248
16736
17597
6509
39111
129
26530
8511
31731
11674
10183
20279
10608
17357
34674
2924
32574
25901
1681
14213
38947
14491
26746
32896
16215
11035
31337
24418
32453
22216
1365
16465
2029
32415
12339
13230
29802
21672
38076
21393
4849
24160
19972
7962
37422
24579
36680
30215
32517
13849
31053
37155
22596
12445
26059
4720
23112
12133
26605
35183
12491
34722
38487
8356
2381
5025
11718
34636
9238
7409
23597
22434
13367
3710
26818
30540
20835
20757
27793
8577
34545
31972
19926
32253
2608
32217
23177
10698
3810
26584
11389
35017
30115
6494
3839
31798
8834
23064
25935
20251
26491
16394
8763
36125
38055
26839
28479
25458
24696
21136
13773
27227
36141
19505
30273
18867
25525
2059
24900
28482
35777
3362
30060
12358
22510
15219
30960
37565
6143
24713
11159
6023
34094
28595
37065
33214
28394
17250
26923
9038
22956
37380
22397
36965
5104
37645
36908
8530
19262
4019
35624
16764
5058
10832
6475
31332
22033
12647
27564
19451
31054
22468
18526
31151
16512
25958
16849
5387
28789
13399
2036
32949
25141
1917
11934
15875
9504
22620
21493
11200
12087
25548
22152
2619
26126
9801
19147
6010
20220
21660
17502
20617
31058
24319
31488
348
19340
28471
8226
30758
32202
3248
4671
10725
6065
21079
20530
31113
38190
3273
35882
22857
2445
22652
34860
7060
32075
28489
28447
14535
16784
33967
17436
11757
12419
22393
32142
32427
20441
17963
28147
11665
3395
14375
22089
7679
30390
21498
38527
15347
10315
6732
12178
22864
21152
39026
37943
27053
24362
27017
12316
12161
34505
2201
23879
11243
6322
3876
7493
36840
14854
38860
30747
37603
1971
27722
24237
19143
6749
3582
35634
23710
9914
29992
35776
37724
20513
25163
12860
23465
36274
13645
540
3544
33246
12435
4867
27432
34747
23025
27558
29489
1355
9871
15670
16102
16475
16847
35304
20442
23591
19588
12869
30272
7632
10786
36844
18127
38823
35851
17169
33434
7002
23050
14630
36637
1224
16142
5958
33992
13203
20633
18381
26867
36622
7447
11995
36874
33358
24966
34960
30464
15939
6770
1227
4219
11395
29023
10382
22895
35563
37041
12774
36105
22970
14025
3787
6290
26978
31603
18397
6293
29420
29634
34501
38196
32540
33573
36086
7190
9464
30031
8208
34974
13817
27459
18908
6232
14641
16698
22993
20858
29903
20607
20881
16351
8889
30567
34802
30531
12172
15940
10210
2306
3260
27369
10507
17801
1522
35590
22604
281
13584
27530
16567
24266
28945
22556
31736
1654
38009
36092
38371
37979
27262
33954
29806
10489
22242
18100
20510
10612
27150
30598
17432
1144
29010
23685
12809
7102
1883
10905
20021
32488
35825
15422
14022
26387
29393
1558
27876
12566
21590
25936
23499
27975
26306
12409
23384
31687
16648
6660
17929
19405
5996
11639
20363
3919
18203
38285
8433
18759
21691
28705
5492
10255
25035
9521
20269
2717
32175
7408
19723
9177
9926
33803
22454
28326
27634
1770
27881
19485
80
24458
38600
36368
33387
13534
8099
15589
6862
22519
14361
10428
15529
1973
27360
13481
21362
3914
23674
22818
9265
4898
23411
14125
11174
15236
38296
33678
13001
4325
10902
29364
6774
18891
30672
18671
1501
23927
10526
26555
28272
29341
17083
38949
27839
5067
24049
27756
1310
22336
12535
15430
30262
18053
11823
34599
25399
5202
15772
32625
35131
37648
36334
30713
17429
32587
11471
15142
25233
34483
33944
20753
13358
26200
2271
27747
28540
35930
25759
38047
34639
37170
35720
24522
25172
28456
24528
36427
22889
36917
1231
6778
6016
19326
7188
30224
26150
16252
34631
34211
34147
2784
4230
28509
7327
8976
20831
8077
36393
25976
860
834
27955
14920
3521
8405
4413
30841
16788
3600
27753
21302
7145
11365
29733
21692
1945
9554
28636
1476
667
2210
14437
35444
26358
31512
34433
25593
17061
35137
8649
1333
21644
37530
8970
18553
22725
32321
4499
30789
11979
21987
33811
3305
38999
37063
5211
23434
35905
14390
7266
22801
99
19733
17786
36445
39083
8202
25612
19108
4820
36357
31013
27170
126
17324
12565
25418
16675
1911
7505
3910
11555
1317
30066
18388
1328
147
28174
14211
14934
11515
34309
3005
29360
24610
19312
5437
36257
25357
16770
28776
10184
29038
19653
9633
12666
24612
7629
30442
16330
26186
12072
27832
29491
37402
22816
10893
3206
15936
10135
24763
12733
27873
33153
125
31415
20233
11690
25401
26202
36281
14795
24003
9762
10440
35099
23130
11068
16098
34351
6744
27245
7509
1115
25733
5005
22178
37749
1005
6489
29671
28496
36837
33485
7541
15861
11474
11973
15769
3856
24478
3526
23463
19825
20167
51
5082
32875
36707
22587
37455
22952
37038
37016
7303
31918
31788
27858
5606
17587
19798
33412
7931
8589
13611
13843
9805
19923
2045
1240
36873
19369
5365
11063
30458
19812
23536
27933
5106
28695
27987
26968
12972
15547
7297
26100
30434
21231
9479
38044
8230
36461
34684
35632
2870
4892
32554
7005
25660
3436
7755
18464
4415
32459
2472
28254
27779
22062
8891
989
15849
27620
34451
28317
34150
3886
28773
25255
18626
6251
17869
4530
49
11615
1813
3381
35437
1164
3196
2573
9478
26570
29389
12346
25509
4351
2732
21854
28536
19254
38035
19765
4016
28718
6014
37434
33788
28424
10548
34389
34366
11502
28179
15938
12627
32091
35030
6944
27187
9463
25700
23509
7455
2046
35111
10552
25267
36794
28246
32072
14373
36377
10884
17588
28356
34119
18012
14372
26373
26082
5324
32691
3009
20821
16709
18027
38529
25800
25229
18589
11936
28014
21514
28458
6246
863
1059
9864
26760
341
1953
34018
24578
9719
11129
38977
33655
2831
19032
1965
37059
31775
3263
27794
15373
12911
6431
271
34814
7467
10611
12194
11842
24997
5125
26656
32509
35449
13159
1808
28267
38930
30711
17642
16455
7062
25311
17779
20848
25619
23884
25703
33598
28164
13979
23792
10367
38914
33319
11893
19522
16887
2670
9273
22079
5326
30831
718
20933
21940
13220
17451
13422
27767
5063
19704
30441
29552
24421
11175
24123
26389
8139
31222
19853
14576
3186
18078
16705
2215
2172
37977
4841
2431
31792
30289
24062
28324
12104
24076
35112
8711
18280
7164
28097
21399
1563
3318
8660
7707
25413
10579
7938
37690
2148
22838
11047
30242
11955
8539
1389
28042
14741
35008
18768
14645
37046
22286
1336
35026
22600
22047
30691
10862
21312
248
32096
22776
19477
34741
27353
24005
25356
10546
15269
32533
8183
37493
24376
31389
880
34935
9600
18178
4933
23113
17051
24564
7073
29118
31691
38828
35557
8797
6609
26801
3813
4009
17912
38186
34954
38070
21421
36851
17516
14425
11282
3368
32165
22479
29016
26104
19895
2060
27638
26416
1537
808
672
21115
34513
16591
1071
32184
1992
10358
18118
36699
8443
6353
29615
2366
4040
24206
16620
32444
6900
12797
25192
37851
19144
25879
37448
19976
33290
7575
15070
3929
27096
29740
38667
16108
18587
13901
31481
22681
29809
2827
23665
37935
12826
35646
38503
25667
2464
34360
24250
3617
20117
15803
31944
26661
28416
1200
39086
26183
24184
1047
8032
38986
14074
30751
34585
17935
9584
12744
35254
29382
11807
33217
10168
33729
22104
21678
25787
25222
27569
32811
6072
13229
33758
32291
18726
31076
11558
25569
13669
31536
18136
14044
7110
23874
32846
32240
36322
12927
28151
27205
4733
32103
7378
19421
18698
36598
26696
36937
38188
29199
4372
21045
32016
22654
15984
23034
20296
1930
3129
32550
13084
27934
8807
34260
18758
15755
25971
21299
28075
33957
18788
28596
15632
1817
12149
29117
27725
33993
30833
27749
39066
18954
16496
14622
25777
20710
7705
7411
4055
37928
26031
819
20589
38789
29721
3307
2884
15010
15960
12243
34062
477
21168
21978
12989
2312
11095
3425
35349
24
30759
26272
29804
13593
2780
22957
6087
3872
32055
11728
4420
25630
6031
12056
13190
18150
35770
7469
29593
29169
9246
9342
25472
17814
12449
8448
32838
35529
30615
3120
26851
8879
6451
9670
33157
12673
31336
2230
16551
11801
10148
29518
8274
18931
8211
2763
2779
5114
6867
33698
37920
14331
429
15640
30776
31060
37031
3214
6243
36569
5592
28266
15869
34438
10205
34286
13345
20073
3902
14977
39028
22416
29455
36904
19917
20162
18372
6981
30039
37547
16110
342
38411
8655
35024
23290
28368
30733
32018
23810
22045
1019
37710
26920
2264
6750
30421
31951
19282
31229
19086
7958
37473
7214
15813
20243
34944
31839
9662
26939
12246
10605
29355
1847
7457
28340
28144
29855
1769
28504
34502
4215
34111
30351
31247
25044
31981
5836
37555
36832
26402
36221
36342
21480
25792
16706
27359
20108
30149
27042
3675
772
927
15852
6288
35711
2639
24231
14484
2762
27591
38730
2451
8348
14838
38615
18586
27207
21782
35433
12472
20133
26970
363
12696
17547
31050
21177
25223
15789
274
37259
25499
21725
17154
7487
18692
19113
23349
33039
8699
30191
1208
34837
2908
38174
4713
16777
9374
28680
33474
38400
21210
34142
32748
286
2868
28255
25449
10692
26602
34103
10226
29412
26580
2759
27079
20714
7572
33326
7342
13627
9512
8438
14325
13352
36583
24117
12520
16109
555
32374
209
4776
9264
11776
14090
10433
3468
17140
2752
12052
34229
27012
27689
31345
20592
25206
5935
4973
29196
10906
5488
37389
13615
7077
33452
24056
26478
9240
38752
35310
27334
6329
24823
7654
3158
1778
19973
29482
25286
32569
35167
27248
16694
11342
837
19641
25539
20968
25601
25091
23795
21287
1763
580
29988
10131
2532
15757
20563
24982
5954
22937
32878
16297
6423
21649
16133
27676
16998
3502
33392
33561
33666
25424
8871
1844
11381
28035
38894
30813
31938
13103
6390
30189
36718
33080
36156
20361
38160
7132
4213
36230
23580
22984
21438
28692
17832
23684
27434
31994
1007
15436
34129
38111
28113
26298
30466
435
4466
1074
19438
27941
31625
30880
15967
31854
14901
6125
20351
19893
15618
11111
19389
26101
20545
31738
21389
19658
27555
22302
35947
17575
21853
20143
15277
971
18700
12068
38185
36936
1829
8239
12401
15574
25249
8305
2278
11509
7949
31762
26611
25515
12448
7771
25697
27328
5229
36701
20886
34088
10170
24746
35180
26375
3985
17331
28558
8869
7708
38762
2599
27960
5918
23172
9663
36454
17947
3695
37281
13213
12102
21643
17586
31671
14367
36586
20566
4458
15841
34544
22804
30892
27451
11117
20781
36899
31577
11737
752
1767
28072
7927
22685
36145
36398
30139
30414
13846
27853
34735
15542
25690
20053
14942
30396
25830
35262
14523
9284
21505
637
31459
26509
17176
23061
35110
20155
10788
35978
6030
29175
16530
11454
16380
28291
303
9970
17945
19928
38861
26655
9846
26155
30618
23389
37963
13621
18103
18708
16811
38764
22149
29005
974
32190
11699
1470
31246
37120
33504
8628
27826
38302
4383
20253
27103
8450
37510
32485
37456
38873
17389
6367
23323
27737
26578
14501
21955
27159
17220
26063
29555
13344
6619
34950
28417
