35218
18556
15467
24719
16849
31191
10677
32856
25984
12432
34932
12094
8143
33768
7840
15383
2616
22173
18284
35018
7908
22874
2346
8411
5589
13393
17489
12080
36849
19547
27539
12667
23123
19370
8483
36329
37318
26912
1161
34092
36696
27005
5187
4080
34233
9495
32918
1570
17367
37828
23547
30361
38960
6739
36108
6376
2115
21140
841
36809
34849
19113
14083
8026
9549
5138
32638
30773
1767
21441
29925
38172
31538
22372
17549
33245
9989
2271
38184
36747
2038
17295
28451
17125
13411
8942
38905
8194
23521
32542
25491
34896
25226
16974
4479
20932
37174
13468
7869
24369
264
32438
10271
18893
24163
15320
21452
15832
27
3562
3431
16599
30813
5650
11468
25053
16499
22951
5980
11173
21819
832
7185
11466
11131
17727
149
34498
30267
22085
33576
29512
3421
21458
34881
19249
32658
3471
21035
6049
33570
30885
13553
3352
35647
25415
28696
13054
7403
36301
1712
33633
37789
16461
33904
24019
18373
5979
2943
26094
6358
23419
12370
21033
13287
5966
8261
10064
7649
25869
20411
5910
16558
25420
27291
11698
32066
35081
26477
14379
17998
30224
34548
36861
23092
25954
20081
10115
11753
36191
12745
38899
5657
35479
37629
23635
33105
15732
28259
38951
22688
26591
7413
19181
30335
6055
36389
30193
12773
35254
39069
16258
27317
28987
17512
13543
36907
16005
33654
8992
6164
23949
26304
1109
13931
32423
21388
34679
26134
19203
22002
28141
31362
6824
28213
35421
21555
12152
34885
37128
38695
1349
23353
5964
31980
24296
28131
13781
7907
23226
38109
37008
16710
20082
16160
6269
13595
18474
19750
12079
28543
35233
33711
6069
4198
2349
7300
10885
6490
353
29217
19718
1490
36971
10709
35271
8245
15422
4068
38785
7641
26542
8876
9195
2180
7885
11033
34565
22402
34826
21568
32392
16403
27161
34567
20695
20586
25616
31870
15349
25483
3779
10100
38264
8138
11539
17
34894
16315
33525
22935
34470
38803
1467
37521
27620
35476
8908
18951
11639
37060
3279
32348
10410
30010
31860
11161
38910
32848
37309
16958
26424
24523
4636
175
26511
8727
772
23775
36021
3038
4537
28507
10605
38863
3523
455
25082
15844
31762
15836
25625
5089
18828
7849
12248
28906
38980
26378
25051
26603
21808
24593
22295
30135
10432
14559
24562
25068
2962
20002
21152
14590
702
23538
25513
15446
37855
2563
10086
3130
29722
15314
2671
10678
604
35676
20333
15742
36724
29887
17440
38685
15704
1995
29758
27265
4475
31395
20015
20577
16874
21461
25232
9185
33875
36244
12532
17720
13106
7500
23191
36433
3993
14222
3833
37691
493
7863
16335
29940
2756
14167
394
28426
5156
27843
32585
8360
31444
20589
36477
2137
22724
33471
8101
8114
20558
22042
28917
32465
24125
12553
30269
36602
31852
21007
33763
7582
34386
31963
10759
20157
11536
21566
14508
18225
6391
28212
36847
15587
25879
785
20866
2399
21959
10478
33683
10182
3228
8653
31506
4112
5429
38637
4827
32260
18468
10251
21243
11878
16811
17927
23030
17258
5397
20129
25946
16236
16308
37275
27190
19280
18734
32740
38947
6748
13085
14689
10082
17554
28896
19772
31862
22473
7529
23002
2891
30698
22094
10603
18394
14313
29465
18105
14561
10489
38230
10917
28622
350
31480
17876
31924
38818
30095
296
22087
3867
19030
17238
8637
28869
37104
36253
3652
22043
33911
7577
32682
1293
28716
28021
9420
38160
33326
28714
2049
37885
14231
8867
27325
38692
36758
20384
8722
20191
11821
25992
3962
36863
23291
30053
33220
3797
29455
16228
7515
1096
27283
11993
31490
7397
35599
12242
5166
16711
6596
3167
9234
19516
16823
17974
16887
12964
27942
469
6629
9353
14334
27960
29846
30921
11601
18380
5496
8295
26244
9264
565
7976
29458
4143
17528
30662
212
32435
22156
33440
22454
15290
10385
13722
626
33338
12362
26376
4654
34854
21172
10134
27148
7969
3040
28129
8675
28823
26531
15387
2263
32653
2780
17659
5634
35388
21978
14399
22270
12409
9064
9360
10183
19627
19069
8434
29773
36048
2764
27117
14991
6154
1155
13076
32777
29964
3106
21783
16497
17472
5137
7555
38393
33872
4014
18542
36844
33050
25200
30410
38408
2430
9366
32046
19085
412
32005
7146
23080
11528
10419
35948
29826
30880
26968
28744
3581
37959
34039
10497
15034
29807
27938
32881
22272
9147
29315
20570
15907
1266
18709
34693
511
37788
23503
38662
27941
31971
22307
25998
37779
36317
11235
30476
13930
24228
6906
19343
5908
22792
5726
7218
26104
5704
177
29219
19803
4427
25980
20628
11200
34061
37552
1954
12313
3489
12955
20059
25721
13899
12963
8688
6314
38212
35822
2711
420
33664
5531
18128
17331
11416
3528
24013
4268
23710
858
2117
6109
31128
28647
1775
28961
3632
3760
2443
6747
13656
2114
24179
5431
33142
21385
12446
28320
719
33025
2182
418
38865
12693
30507
32428
38610
18364
7512
25349
32204
3001
397
11279
13733
10923
9650
23633
25097
9834
1055
33891
14975
25971
234
29739
3152
34680
6188
33725
36086
37206
16490
5042
1060
21839
15298
18479
18233
4551
29945
3100
37297
2792
10154
9200
33411
5271
7314
3985
25005
37966
21578
26004
14362
3606
30322
24047
17105
14719
34097
15173
19155
36121
4957
23307
11752
21722
23917
19014
36691
26074
18435
36079
12331
34648
3465
21832
36815
13023
28007
36662
28837
26355
9520
6451
11256
13064
5838
9560
35017
24304
8499
17710
29070
240
1454
30628
19852
34993
7294
3110
7607
33983
10829
20180
18356
4179
8783
35152
10028
10841
6252
11379
25212
23935
19700
13647
33623
34631
3709
30912
24368
17853
4533
13777
24237
29869
21627
4460
3601
32158
12137
15475
14865
13804
14124
16097
20736
35006
2274
17285
38019
14322
25914
13389
4860
24695
30049
29810
13680
24243
30467
3146
17649
3643
9397
38832
21393
30586
6616
31301
2695
16913
33364
34652
14902
9070
35283
19715
16907
33606
19944
26850
3910
24167
3733
1475
3189
35792
7631
2024
34833
27733
15077
4547
26048
12417
19077
22708
33710
5728
19495
25440
18837
14705
22416
19395
3336
34587
27988
81
36573
8668
1158
20028
8800
29441
7342
6105
14283
1551
35748
19587
9744
33429
7297
32001
28515
10929
33879
26775
35180
38013
3204
17760
28052
470
33827
28631
19459
8732
20569
23151
35501
3366
29784
1207
29213
10081
5476
34215
11883
34106
38702
9951
18061
13556
37185
35580
8392
22511
26361
30223
38623
9632
8885
13735
4524
30709
27661
28162
5818
17679
5
35886
18148
2451
22145
7159
34584
18161
323
5337
2158
35853
8850
36139
35030
31513
38919
10301
25836
37417
19065
28601
5470
28920
17306
4730
38118
14219
6353
3979
38402
8855
11012
3873
36618
25730
38414
25601
14088
5121
28737
20237
12758
6539
19360
17938
17869
24392
10967
16738
29857
10018
33360
14618
22176
25446
37526
7019
23237
37562
6821
8805
27167
11198
26016
6022
22077
3881
9891
31192
37652
15266
12819
20790
30061
36001
17749
38673
4773
5176
13280
33742
27750
35304
3137
36783
32079
5392
32183
29463
31115
27625
34200
25855
3350
28386
26965
9498
33765
26753
24954
7982
22918
36697
4791
8741
1397
31583
12613
10970
23981
136
33816
10577
33470
2662
2334
26518
6455
17850
5715
32354
8433
15070
26267
10145
35734
6447
12938
10544
19703
22476
12741
51
20958
34002
1418
24450
9785
32125
6440
3282
36466
20979
23405
38709
15837
8651
30568
28871
6995
21282
33896
38555
34847
1383
15910
1023
36501
31977
2491
13037
34758
19595
33793
18250
28421
24222
14656
12660
13473
21416
16932
29159
26468
3500
36278
23542
4031
7011
9444
3357
4748
30575
25335
31195
6594
37799
32618
26247
32979
1320
6998
33583
1144
1321
35891
1434
6653
14022
22966
13146
25807
20433
13534
1829
22296
15928
22025
17968
28789
37605
7100
37404
15522
30601
9
7149
22506
21936
28197
15564
15289
22421
34817
32824
4453
10801
15762
22207
18689
36325
14881
21309
8601
12462
14341
23065
23074
8630
8282
31652
3393
22940
12702
31890
38377
25563
13021
8129
27357
12343
28851
20023
5464
18799
38051
3238
15945
868
19557
27559
9007
1154
36463
38174
26598
30919
17902
37716
13036
36548
11216
23618
14867
29005
549
34374
11950
25545
30432
18493
28471
37540
24218
36812
12655
17676
5750
24395
31851
10043
21778
25180
34509
34963
16290
9037
34000
5186
17218
29078
13836
31154
10033
29841
24590
17939
30962
11114
7867
35787
33011
28411
17372
27303
19362
36357
8367
6159
9462
2892
24527
20990
34641
34597
2736
31205
33999
20753
33047
17160
3663
4661
15572
30378
26718
27714
19252
19973
11891
27810
15769
4101
4606
1944
4617
4317
27254
19764
19292
28839
23429
22799
5670
16641
18261
26180
33169
1760
17640
36795
12663
13020
35124
19464
20296
19480
2512
38810
6835
29723
8704
19876
14165
22816
1814
34521
10007
35648
6017
36629
30038
37350
7987
2804
23682
7989
38700
12888
7710
28069
17370
9304
30939
30579
18178
2011
23553
37936
9285
27745
16492
17562
21933
29377
31029
21942
18800
12781
34546
21614
5142
25595
33397
13558
24134
39048
36166
16078
26151
32948
10771
1069
7830
5690
24712
32514
15881
27738
29193
37896
17609
16911
22106
21644
29535
32187
27566
31344
13573
31587
21708
20106
30801
14252
18037
36480
1899
19488
17906
27882
33192
2950
4851
32671
35028
37654
35754
1982
35509
4324
26579
5733
19499
29084
10659
17804
26614
25174
32316
4258
8214
38477
2063
31290
22283
18262
26186
10136
736
33796
32909
16250
9869
3206
33106
36745
15554
15427
21171
16847
3925
8436
3401
14193
29596
18502
22959
32874
3194
17763
35877
2214
35872
31756
23082
14609
15010
26293
7563
8759
23952
3793
20950
28909
20371
35926
20712
18716
2169
13835
20962
34410
11090
6282
21765
34588
30465
9270
15285
10887
8952
13786
13215
10165
17311
13392
37164
30449
14960
25430
38985
34313
4259
25237
12118
34360
38269
33689
14434
20132
7868
9700
20620
543
8922
15242
19620
27822
30071
735
22566
31253
12509
5068
27382
12636
38156
22134
36319
31345
24917
3998
7140
1390
38253
23545
6063
24033
3842
10564
1961
28599
3911
9784
616
38793
28902
6997
19397
14414
32730
38331
35051
21143
27197
29551
9125
6860
3644
15801
21137
33734
34827
11558
24252
20941
17677
79
32378
10925
16491
18096
18906
38211
27962
23445
28498
11365
10350
25796
14263
7229
34364
37933
4569
14402
23073
20995
22525
14965
8701
7778
25674
1231
4163
31609
26494
31921
2423
461
8363
31013
29496
22391
6564
31545
34051
31161
6450
28117
27656
17900
38125
36647
38101
26148
5145
38708
38295
544
25570
11289
28571
23882
34647
33727
2243
37802
26883
10474
18973
31915
8009
19254
12095
2434
15476
2478
7321
15305
4443
3418
15172
15092
26025
7399
17932
12516
17750
17707
14859
25692
34722
4172
20449
20669
38531
25142
34251
25649
20883
37912
26880
28002
2223
22908
24874
11572
24532
4928
8872
32047
19497
32074
31861
18328
27597
25146
1465
25577
37884
30757
24708
24764
26617
20069
13607
16993
27166
5272
9030
18881
33978
29486
19762
18772
15414
1968
7918
32239
28268
34160
14390
35711
30310
6538
27103
22084
1043
35046
29572
19555
34074
484
38932
26370
18350
21003
21491
23285
18899
34747
15800
33037
32930
17398
7525
18756
14006
32628
12707
9515
29793
9617
807
14661
32768
14620
12916
34040
9398
9470
31576
37138
36062
32524
3863
35186
32016
30328
38694
14078
23170
9428
33085
20663
32103
7060
9463
37111
9553
19796
30533
2965
22020
33897
10464
27333
1555
11809
7943
21224
30654
1969
15568
28474
29075
12213
26780
6355
19900
78
21046
7880
23105
38130
12272
26852
20316
37539
29908
28385
6267
12999
25716
34868
9145
27119
20739
24257
12259
6332
17699
34154
32960
32735
11005
13041
15711
25306
20437
20073
36178
15311
34807
35087
12435
37097
2006
36392
7895
9418
1776
1178
13921
19761
31297
31788
6930
35256
32290
22783
23839
31202
140
1943
9144
6640
8347
26934
35892
36794
33437
32457
36196
12406
34898
3936
579
24560
15343
5081
34938
34649
3286
9119
30320
19422
16369
1392
38085
17936
18614
35686
11725
14528
3655
713
13614
32400
10705
13052
19142
7706
22583
9451
35238
29927
36252
20573
32532
14331
6804
7737
28138
6142
14936
24565
27655
8818
3803
21066
8674
15428
21408
29756
6352
29092
30456
5588
36287
1044
29348
12838
30144
7447
30225
38530
3700
18048
35374
14371
37849
1869
4573
3586
6303
21451
31754
7939
13644
20170
18144
4615
16617
9928
18107
3116
7148
3426
18580
26648
36924
28355
23854
10846
31416
26986
8141
810
24743
31733
30271
8557
5250
28379
27457
12499
3424
11417
356
38057
36509
34635
39030
9630
38738
32778
25696
17816
32002
37777
23153
26863
13333
17310
34174
5340
2418
1304
36362
22389
2284
25332
36345
31274
32222
3333
30134
16351
784
3118
34256
17746
23377
31271
19609
38592
27557
13103
4044
32233
12901
30438
34381
9253
20425
27758
27160
26169
18731
443
22201
35517
24973
32334
11212
19348
37771
35372
1483
38104
5435
10776
23544
3415
38508
14879
19771
7247
13996
2593
10674
20470
3287
3547
5879
31409
29703
19026
20376
10306
12801
3577
10514
33250
8869
27176
17091
9998
12490
15900
21784
25838
37228
32942
35229
19130
10429
8983
2524
22158
3695
36879
17493
35298
15418
22769
10998
2031
7937
2870
14202
32468
20952
10526
13966
22453
31667
35695
32559
11907
35612
24947
24777
17292
18916
21865
27241
4323
32213
6079
27924
14330
33435
4770
32738
28774
30865
34523
687
9914
24744
1048
33413
35328
16098
21108
25322
17055
3250
38912
31472
9661
25851
19644
28015
19889
3125
6611
30075
24115
2318
5959
34292
10402
24706
1345
4562
26995
6085
32652
11196
15158
10839
17996
18182
31998
25464
20626
25533
6803
6633
4229
33174
19306
20593
35049
38684
17291
39066
21157
5380
20770
26808
16295
22282
12302
25168
18625
9347
30664
28387
2436
28560
17008
29104
12842
29916
20667
8243
11106
22334
18029
4538
6088
8196
7541
10379
16174
19504
22072
25419
23103
9240
26652
19897
17918
24841
13209
10731
29319
17931
16223
4388
26028
8978
31249
26752
6598
1846
34727
26933
31320
35445
30871
38941
7672
9967
11197
21975
34056
17126
26379
38821
4214
15623
36478
10023
24658
35801
14745
18809
26504
6233
33874
26330
11922
17843
3908
3558
21734
4227
33479
25887
26589
36714
21034
7357
1903
12628
36328
29956
14767
16150
20882
32363
2931
18575
30543
3809
31085
27038
18035
23857
38168
28460
22175
37974
33622
26982
9618
7553
30675
17792
2547
22186
4604
30946
3156
35135
730
31884
32876
19393
38473
13359
23950
38008
8298
26706
18405
35333
7941
1476
10355
1398
7098
5735
22096
25452
3883
23185
5323
33781
27428
33474
38743
36295
29385
21068
11921
2037
30195
27734
19740
25353
14542
35744
28539
10398
15057
34951
2348
18798
34488
18124
37276
7206
31508
5037
12204
25852
9716
4859
7091
1151
38279
37149
37994
11750
27652
10880
38882
19978
37766
35085
27099
11807
18969
21669
32685
14463
9652
12036
8845
28455
31039
26132
19598
17417
26226
31189
8117
14275
36152
5044
5326
31217
37512
5258
4977
25185
34050
9266
26010
15733
26449
23488
17516
2388
33943
28532
37618
7253
1094
11901
25355
20216
15122
19537
33009
14733
10272
30344
21601
3694
10582
4585
20905
19979
504
14824
34933
23450
37843
11974
27332
843
17079
10238
8686
20650
2344
11679
13816
7789
14636
8304
32830
35548
9683
28639
22387
16607
32083
25201
5020
8962
11008
35086
27888
4159
10796
4209
6211
23903
12692
11415
29885
21090
12969
17028
19883
1711
27412
12387
33698
5874
3400
24499
18234
22814
15819
9815
4072
11784
1662
20937
31134
12393
20467
30435
24260
5900
25480
33150
27972
17972
24722
6833
17688
966
35785
17575
35532
27742
14138
31943
38208
35539
34430
29865
19543
23970
3072
3734
23190
4160
35777
20202
28398
8342
14769
4757
11550
31699
9807
30215
30444
14339
7696
12261
9193
36796
23561
21856
7064
355
7215
6659
30639
10465
4001
32847
10038
34067
22121
28876
538
8707
29108
20644
7786
23827
37462
25470
38469
36095
17977
18239
19439
24518
25646
825
18835
32549
9043
27296
33564
38359
24879
33883
11608
7453
6963
935
33505
22361
34511
33718
11401
29656
36965
12681
22246
7611
17153
22098
1369
17805
27414
31429
468
36912
37453
20387
11511
4964
30296
1027
19448
37750
35746
11345
14308
33388
11987
32111
23624
9279
10927
7822
25011
19415
20931
28048
2533
18668
18675
38213
36281
27026
23836
6693
26155
16059
30478
38115
14650
35117
5239
1235
35106
7546
9328
20594
16837
2200
22079
4885
3874
619
34237
12590
37249
13249
7238
37019
22665
7392
27360
14987
34385
4647
27802
26615
25680
26454
2013
13769
36954
30284
17829
15046
27839
11421
18060
29294
32885
10819
7326
34869
37924
32574
35358
1941
36247
30818
9103
28184
19160
17474
21646
9896
20262
7015
10710
35022
21366
19501
32440
25916
36537
36158
32846
12659
35171
38513
10580
22958
14079
32959
5790
28973
11036
14800
35991
22057
8223
17463
34536
23490
36337
22543
35512
21336
28062
12638
35659
25955
37743
62
25642
3261
24789
21002
5347
12425
33329
24671
21193
28189
28350
29404
29772
4106
34558
34317
2291
27723
25495
12414
26726
32810
32159
516
1497
15757
11145
12775
8149
30114
33359
34651
16650
7948
18626
6848
2075
36659
18183
1287
27691
34547
36716
24374
16356
5830
1012
9456
37786
12020
36382
34265
32513
20267
32345
24539
36894
26088
31934
27518
28166
19914
12396
28159
34729
10575
19591
21419
32564
33939
37160
38333
14257
90
31212
22137
17830
4546
5757
35703
3243
24076
11119
13301
16651
27637
20342
35808
28192
3959
35572
4190
38313
34956
36825
17279
26597
28004
37992
8033
173
10843
18876
32663
28382
18984
1587
29690
407
15270
16688
37510
30669
13469
3473
16268
6030
2721
22509
20745
24865
26061
12657
4387
28127
25140
12512
14815
5543
3187
20280
18955
238
33822
20319
18891
6416
28546
35941
28562
36026
16879
5546
13653
35830
29158
7901
7240
15472
14499
11483
12269
14809
27631
30825
2133
13596
17199
4811
31346
11755
29680
5332
12346
13367
37216
35821
36171
7833
24862
5085
19297
10993
27917
29181
21799
9586
32359
6498
22931
28541
23209
22629
7837
25645
7312
15142
24029
26691
20434
19295
19693
10094
21940
19198
19324
34064
33246
24612
10054
34011
26458
29584
12033
31098
5055
14421
8109
29115
24827
38147
2530
11424
18727
8996
8929
21760
1248
22557
31316
23257
21655
37557
8203
29138
22102
19799
37640
5465
5560
4559
27660
10913
3225
11143
16156
34334
8407
27175
38546
24246
7862
364
4357
32993
12379
15118
26848
31798
17824
33402
6769
29523
34331
17588
29745
30109
10196
24607
4602
18912
11971
37733
12368
2365
271
1179
29604
31061
29303
9539
7859
37852
34376
183
13099
37660
22827
37299
11277
9097
34901
14265
38666
26067
31919
32657
10288
3022
5744
31639
17177
894
7853
26923
15720
28377
25347
35414
22418
33292
28958
6571
31819
22578
26030
8680
10177
167
19171
15855
2300
27144
34793
23512
8786
12111
21037
36568
30044
26950
27025
14967
32379
8377
7323
23846
6073
5498
7275
4858
15570
35078
4625
7720
1768
37467
31755
11726
4470
2794
22467
36112
19658
34472
29597
9811
32982
3781
18291
6794
25753
30911
39040
25102
23602
5023
29980
16247
34728
6124
9268
6227
33636
2667
28963
34999
10704
27609
21701
31176
24528
23232
36040
16597
3479
10042
4779
2227
23961
12148
37759
17189
2015
16637
38987
23821
8030
28854
33322
15629
14155
7971
33060
1217
35399
9160
36771
9976
6595
29272
31282
38977
18915
10403
4033
27104
33609
14957
37190
2289
35983
1354
7654
20775
35398
5578
10611
19875
1556
35090
12523
23664
12247
26168
10762
13580
650
16859
13194
35528
19298
36693
16510
18781
21754
24824
12552
26757
33517
1939
11049
31469
29762
24225
5526
18297
33980
31823
8072
4936
2554
4426
28952
34231
18488
34944
13094
2356
16681
37502
36028
15670
15432
520
11454
3359
21013
28611
37905
32581
3466
2297
36447
19689
1353
9750
25591
26851
34496
30951
17388
31770
26996
6839
8428
4985
20526
9615
25996
33578
32509
14891
12235
35584
1091
39016
26201
35365
12895
3650
17625
9742
9635
7824
37939
26481
9465
30988
33648
406
23346
20748
35459
950
3470
26594
28402
4076
5118
31534
23832
38390
5540
30937
6655
23116
20861
960
38884
3546
1466
31771
4454
21335
12799
8266
27207
32677
20826
18056
5862
9954
6128
28848
12093
4435
16341
6970
20978
23726
28433
11509
13997
23582
20406
34661
25216
10862
29579
14895
32139
3949
13073
34286
18214
32215
26027
18147
3174
37908
12017
27496
21693
31223
13067
4560
9334
38254
23286
7236
5679
26822
4284
3956
7179
26456
15628
37091
21953
8318
36063
372
1132
12228
22902
2161
1932
6927
30492
24437
19683
20030
27697
9727
27569
2122
12956
2236
38616
6346
3082
17783
17459
34088
17782
30701
29225
37121
2801
15372
11546
14332
31322
8008
3607
37042
9221
2677
33267
21097
29975
1074
15074
32081
23666
36545
16788
27251
1655
5792
2832
2453
38301
29170
38809
13026
8463
806
30024
28276
3306
21524
25729
13342
28648
7814
8830
17298
15350
39097
23929
29930
1858
13203
35177
19959
35382
32813
3566
10601
35043
16945
1996
12288
34674
11659
25032
16825
25962
20752
7609
31791
1828
30373
10424
5873
23526
29581
37609
2361
23164
26318
312
27365
16772
17021
14567
17273
22182
32540
34804
1547
28600
19536
30833
6428
32200
30220
32415
19679
22527
9501
27155
16928
20885
13773
30788
3515
14729
23953
22243
22280
3367
25825
19472
14454
463
2071
18985
34288
22249
16205
27128
3422
23479
305
32097
24299
27425
18222
5119
19231
12075
26302
20541
17646
34735
3190
35989
28819
24664
35639
24802
14923
30387
11836
8169
18943
38229
14634
11761
34325
10729
12231
17228
37360
11419
1914
16691
7048
4279
21691
8790
25258
38034
30007
398
38260
20746
12054
33839
35868
30446
25410
35048
4153
9900
11125
24322
18656
36084
12212
17732
5215
33604
32447
15613
13492
13443
1761
15822
30397
36454
14635
12581
20568
37476
20124
31240
21967
36719
13056
34779
5354
2098
32181
18588
24648
6779
31124
1774
8145
11656
17155
38850
3858
28375
23418
24000
29825
15930
4657
12484
20111
16366
10411
32679
11738
25559
6946
33846
7470
36262
14943
15662
1836
9925
16544
1375
15143
37186
34337
35457
17547
30942
26920
20880
20832
33676
27041
4489
3750
4970
29344
10291
34594
3234
18653
2639
21769
10777
17600
25748
9363
19365
31399
27831
14051
18226
12388
9095
16262
12273
18131
22223
38751
9015
26748
29913
36192
28901
7412
5777
16391
16357
12596
14954
31180
19404
22034
32629
27999
6528
8553
4864
18002
13675
17010
6981
9605
27797
15886
20478
2118
25847
8612
13357
34384
19165
35688
9281
19460
32839
17469
11215
5722
13975
37325
37339
4321
27194
685
3948
22472
6470
28627
14568
17877
21678
19153
34551
6506
22039
13941
29537
17602
25373
36586
3126
19144
10737
21745
24774
34199
34481
14932
26496
14597
7882
23972
2437
13633
38994
31160
9820
27196
11350
1613
19462
4444
38323
36076
22835
34482
37781
24567
17666
21584
10148
12310
27488
3670
1523
25622
14524
1999
6244
2987
11591
12100
17327
13895
5097
38054
4029
5700
17694
13667
30745
20182
21464
17393
16340
4313
28233
8835
10223
25019
24051
4629
3835
24026
12885
3783
16317
31388
22668
31824
13480
26722
1715
32937
1825
24821
37315
753
32744
28767
26338
23395
10245
33370
14407
10445
15078
8134
34768
29755
4660
3078
34625
15782
12970
6398
32120
24023
8577
30693
30623
19427
37112
32850
26553
31962
13413
11605
33673
20554
1697
29042
21417
18348
17059
1699
28880
38849
37698
18655
35134
13493
29362
1066
25505
4789
1545
32173
24436
25830
8696
38413
26981
24342
25580
9739
32803
12427
36868
18877
18006
3871
36215
14466
14424
15485
20709
18708
24118
9128
19179
29226
15712
10041
18046
29140
38234
30631
17841
31854
1659
38729
5316
7770
9734
25302
36151
26095
25718
5151
697
6275
39024
19173
17321
26954
10026
7816
13455
27118
23494
13185
29640
29876
1827
265
17517
36214
30810
409
30643
19400
35750
33273
18132
14775
29201
7775
19263
13853
11378
20780
13749
37083
1022
27076
35710
35396
15032
7621
15340
31974
12579
23416
26317
23655
5056
16914
7566
26768
18456
37862
20438
34185
35011
22641
13927
34401
12804
38786
10254
27069
20416
12395
9051
20755
35567
33377
24503
7915
18204
5425
1296
18537
32854
16004
25154
25296
1073
30276
15932
6817
37946
32951
3555
24289
13593
24030
33040
33594
21732
32256
21525
27250
5899
1804
1182
12410
19510
22630
24534
25297
19608
25902
2535
29958
32152
35522
39047
10794
17225
14010
24912
13762
25485
5030
22644
28485
33975
25472
37590
33788
14162
32929
9476
18149
17418
2971
33786
24911
18790
22907
3340
2165
174
24526
485
14387
30229
29749
30724
20720
11644
21700
35453
28347
4959
6237
15271
29116
19947
7951
17304
13284
24482
22518
38367
25863
3389
7025
32645
18855
14586
31689
25190
34712
22717
9918
16050
10724
4003
36642
23134
10866
38615
29889
11494
24279
19093
19634
38617
21824
21386
4441
8706
24636
10727
37877
349
4634
18276
9604
39015
35505
31408
7928
13162
36709
37107
11646
23801
23792
28575
34391
1747
24679
8156
2838
13033
14259
36867
12178
37145
17131
27004
4549
26224
32007
34539
17991
20005
37722
18743
31705
8268
7910
27864
17535
7612
11152
9113
4344
15338
12928
38971
26922
26161
20537
7111
18310
30471
3550
3151
19168
18241
24606
18004
29798
8671
11050
13578
22555
12320
13964
23996
19312
13246
23993
4130
26242
11162
21767
4027
33145
7474
11969
13586
15545
13315
36525
20381
9732
23249
33601
8502
13011
2432
192
16415
12366
4627
10446
28798
1451
15283
35413
37987
38395
30909
17260
27195
32767
14288
33092
22133
30995
9249
10483
13157
1953
2018
11997
26264
17323
3474
13717
6689
30
4327
30996
14381
3435
22377
5320
36237
25539
466
2724
23485
12641
6635
5858
24613
13684
27862
4053
4090
18381
5113
30588
19892
18932
1292
4315
21884
26238
18289
14521
4169
17966
22082
2395
30671
18177
23091
15327
18694
26677
30477
31149
33064
8526
8700
9489
12557
31118
34642
23048
9774
16611
21234
24625
14123
19561
7336
28855
22386
38604
16747
38342
32003
22943
11783
19991
37709
26372
23704
29109
37953
1915
38027
36570
24986
29437
24489
10281
9759
37024
18377
1282
26199
22414
8622
6132
7731
32289
34628
25775
5855
14992
1826
11386
10772
11706
25872
34295
29498
3382
35002
24914
14807
21022
16591
11157
22008
973
5554
24812
38839
10821
1886
23206
27809
317
29169
4949
6469
15304
9713
4065
10341
38105
29553
7501
6645
15000
37895
8306
9370
3554
9915
11817
21252
16631
16074
15213
6325
24154
14792
16635
22891
30875
15459
19893
24978
8248
3030
12452
37329
33389
1078
24159
16942
23765
33481
15209
5104
14029
38073
29265
9207
37457
7974
27912
26661
5639
23281
6686
4057
4039
26697
28139
9278
12551
27417
9611
27149
23885
26268
7953
31434
12589
36622
1517
14778
37619
8238
4298
558
7320
21612
2502
6570
12725
35716
31097
38011
31252
36988
18134
5760
38859
25928
9002
32134
4842
15586
6915
7697
25744
20520
3410
1419
776
18954
16828
3662
33915
22027
15465
10618
11271
27870
20100
19148
38006
6389
32680
27795
15105
22253
25377
25800
26663
31201
19951
7616
39056
35867
18462
25701
32906
13604
37293
38750
10742
11368
17038
11429
31005
16829
6169
7708
1786
6438
5473
22481
28008
3786
20465
18244
10338
31996
5171
29763
19779
17074
38100
33625
34922
8081
22382
22299
18280
24839
5718
3033
37938
5456
9392
27482
23686
1687
1963
33563
33469
38368
4352
25315
35446
5645
14036
29278
31294
28822
17664
37044
34102
33203
5710
19993
19905
29252
31065
28990
2444
7411
21314
14611
19524
13876
27261
18884
36516
9607
19605
12500
7217
34183
3631
14493
25871
30990
16192
21843
14262
19789
8003
36104
24309
36993
290
31909
28053
20630
32156
29542
21299
3830
19491
37670
7981
4356
17051
17360
30970
32263
33973
12234
25564
1693
23592
7047
30707
10034
37129
20458
14513
5148
259
38511
5181
29113
35681
37364
13772
10297
4669
11708
2424
34477
3326
30902
17103
30314
5069
23439
179
29132
33716
5398
36416
17386
15519
28742
2400
2374
9657
7878
17768
25523
31463
5911
39116
33320
26090
2045
6895
6911
9868
23144
4048
11870
35392
15618
15360
25207
16925
28308
1409
10850
16115
7303
14790
36630
10119
14774
25832
26630
20089
24513
14214
20037
9507
8344
31815
16446
26428
36672
24398
25555
37235
22122
26126
27700
165
7681
7289
30713
30422
632
10671
30879
3909
1268
29994
23612
3475
33556
25849
28726
25615
13562
23543
10581
23974
65
26381
5061
10734
30782
23650
4061
14581
9016
7960
39115
9196
5057
27092
13571
9343
26212
22255
34686
23365
10757
26435
20363
36394
38169
9701
28746
5308
32916
32526
6922
8542
23403
37871
25319
515
31714
13150
1918
38107
25265
31228
13660
32698
34891
38885
28844
1410
24195
33895
23394
9244
17140
18579
19821
36997
34133
12822
31077
25889
27312
16593
5238
6430
22312
75
4904
18115
20544
23372
30468
14028
16423
21876
13999
22603
30165
20939
6214
27212
3590
6149
9825
18428
18873
28174
39017
57
27147
38533
814
27487
20119
25939
32418
35976
22857
21126
38922
20175
6208
13878
5955
7461
38774
35543
14716
29456
22055
4751
3162
19211
12575
35924
37761
2240
7401
8593
37388
21950
12505
21459
5306
2022
32055
35696
12381
30192
22017
17221
31997
15106
33057
4969
29901
25888
9299
7231
2600
25046
37136
9735
26273
22443
15667
27992
34469
14931
31499
23463
27446
15303
1029
36701
2781
16494
2245
33551
1639
6755
14357
38326
15020
31982
18753
620
23918
1433
27205
19766
9487
11733
1121
21476
21560
14602
3166
32154
23930
3645
2755
18190
247
31631
25959
7734
8558
34941
22051
32648
20070
11989
2503
4232
15171
1614
33830
38421
29582
9338
31317
31063
27383
3205
30231
37226
2999
27107
26580
11994
12734
15411
15625
30281
18301
14391
11206
35623
11112
11046
13383
32234
21348
21947
12599
16612
10437
9876
35373
30497
17447
33371
12026
16536
30959
36681
18549
21278
28331
17047
1086
30124
28027
11293
25993
37198
1250
15547
24347
13789
23973
8395
20398
9134
22750
24945
22384
6437
36838
11980
38584
28790
11585
4391
10645
8002
16296
24745
9849
38635
9169
21690
30666
34257
3976
27114
30407
24850
20823
23328
37538
21880
20875
29192
7995
5169
8964
1718
2275
3447
15498
8155
18303
29646
10667
700
21352
7083
25457
26938
25605
11405
28504
34214
10417
3425
16975
32902
4405
36114
18591
11043
26814
2591
19692
16809
16502
20026
3309
26404
37017
29457
6357
4506
4552
22155
27756
5367
20625
24334
15619
34152
14752
21667
4213
32522
793
17917
26870
36312
4230
13643
9314
6969
1431
14261
32835
36369
5871
37900
24446
29023
21353
13582
18674
4740
24221
17960
25442
32165
4007
32791
34120
17833
11065
38996
15217
2700
31471
14726
28873
19321
28824
17224
3461
17497
14215
3092
27823
15527
15353
11244
34351
5004
2570
1430
26442
19159
8801
31372
38268
15818
29411
6108
20988
24293
8315
4691
20528
19218
28354
310
20412
36808
14174
19873
13637
14715
29506
38150
1203
8779
35073
21694
31805
14144
19842
8097
36561
16604
21293
35405
33298
33651
9033
12832
14876
35768
16629
25896
10311
33432
23683
9692
6135
13841
17801
28734
31427
12092
905
32330
1880
31439
33163
16836
2431
38574
18256
11146
36546
33805
18878
25530
16573
19573
37682
12256
30031
15371
25778
16178
38095
26929
4901
19184
35860
26984
3764
2648
24360
21659
34073
30726
27719
16277
38052
25238
34296
6460
7675
27575
12649
3170
19202
21806
1691
18902
27305
5283
34182
16162
6788
1240
36129
34528
21471
2343
26396
14307
17109
2651
34503
17656
34300
27755
37857
3851
103
24711
11210
19804
29738
37839
5943
10467
9866
18991
26700
37189
19662
23920
33667
18631
21585
31138
14608
32880
19064
33871
11600
34192
34136
11790
26058
3893
5449
38139
2131
17553
38281
32600
14096
28935
4054
13300
36539
9804
35990
25316
26374
12518
30346
9406
28217
33581
30927
7756
135
24931
33719
37961
15652
37810
19721
34914
23868
9469
7208
13019
21688
1396
11017
1077
17914
4070
30380
9239
38330
32201
31695
5228
22633
23392
23253
13494
8705
24443
20693
11282
13726
26901
20179
11562
24429
1447
31694
38974
34254
6259
6388
21016
36904
678
9307
33131
35883
17444
19921
566
18402
11234
6192
36595
4821
38998
35972
1580
24863
2743
23967
16017
33778
28947
18496
38464
26045
2299
35824
25025
11446
23167
35428
32236
23895
15064
24630
33541
10717
1987
331
18748
20058
34255
11631
30681
19473
15983
17941
1596
11580
9843
2939
19443
10475
27476
34908
10157
11436
14946
12257
25031
5401
19454
10937
5730
6444
7547
33621
2345
15061
26833
5303
10156
36073
13447
36358
7430
33751
30952
23786
36976
13111
6862
6304
22107
29921
4491
14325
19774
21487
21091
38583
26761
26711
18378
14136
12654
29847
17697
16422
4840
19802
3149
7550
19656
38826
38768
15982
21396
27784
6048
34142
123
27634
31911
9133
9934
33395
3821
13171
11707
9473
12025
25369
24497
27000
36739
25750
395
36530
34035
23591
31340
14999
33126
24324
19920
8372
15433
24770
23679
24748
21318
31080
5080
33256
9625
29684
6971
36792
12052
26633
14366
5293
38589
3219
35188
3488
37387
8417
33308
14365
17921
28207
6527
19396
19859
33516
38970
30207
19433
20075
6276
36601
27441
600
29277
32130
6825
28281
30723
29783
26856
1984
19736
31095
26069
28370
35544
9215
1892
16323
2761
28301
25098
24255
38575
25187
38056
13013
20409
378
35855
33117
12465
14253
35221
5649
27475
11651
20819
3856
10006
30940
1993
32090
37834
37012
24439
37482
34086
37630
20596
6368
2474
3143
25607
13216
7009
22758
25244
24440
16142
2189
30448
12735
36423
16968
16448
18847
23039
30864
33409
17736
5099
14103
19189
921
36436
21061
23469
25354
29687
27846
37370
10643
39096
25658
20046
11072
35714
1896
29809
35061
8917
26223
29228
15638
20926
23653
33277
8247
16978
3887
15287
27062
22777
9541
37881
19063
20008
11318
14108
25184
8508
27759
7921
10713
28303
32364
3356
17680
9669
9780
5508
1262
17293
26245
7482
4834
33015
31897
14852
14209
14791
6392
6043
17631
14556
30574
9022
5737
14137
19436
4648
18574
18238
8877
20019
2607
18944
25707
22614
15869
10726
18997
30067
19629
417
19138
10323
21186
24993
23845
5941
6886
4345
14255
11052
18597
14633
11876
36403
23894
13217
18018
11136
5849
6014
33351
24676
16715
3987
28479
8353
2237
7371
14451
2456
14241
3369
8039
18432
24294
33546
19029
20929
20927
29414
35601
18192
20340
17616
5952
25614
20230
35579
4110
30547
13920
38788
34606
10118
4641
19465
19478
3308
15110
301
15806
35665
8771
25958
31620
29418
14208
4658
22660
15703
20236
5442
14087
10505
35172
20067
39085
16200
21766
1133
1496
16214
36238
22324
21343
38233
6217
4973
13387
15184
5729
38452
19906
35245
27820
34899
18901
9180
3616
36639
19266
38554
11132
18193
23819
19132
16833
38560
22240
16503
2856
10790
36413
10218
36144
2751
2854
36113
32947
4662
13681
11954
19036
23605
15120
21374
9233
19445
376
33184
12244
18336
30148
33363
38195
11346
19247
34981
36176
35360
33708
23152
29616
6386
21298
37337
9447
33914
36242
9581
28662
35343
14864
10504
6241
8079
20417
18641
15019
14376
13739
10471
22926
1842
31183
17933
2674
18665
30913
28800
22849
19073
3530
3539
8533
13142
11489
20511
36353
20747
22659
29873
6224
8756
25056
29274
29426
34859
29153
2992
15130
33414
16091
18039
2868
14146
28463
7428
22878
2129
3509
20404
11448
5240
31319
11499
33628
31635
21242
4430
27140
17607
32604
32278
7093
11555
14287
17880
2173
21973
6657
21244
8443
33888
12012
27659
30300
35302
37420
35636
8821
5230
33328
6746
34271
660
3713
38701
23913
30162
35239
23708
23384
33705
3351
4010
22071
8840
18669
8893
35234
5850
11736
33255
9284
30369
12753
22548
23150
29347
26353
21006
6273
21801
28188
15041
33482
38226
14361
6122
39076
17289
13917
37846
26947
24091
36873
11311
6324
35409
1956
1780
18346
37077
34608
289
28700
11082
23240
34960
18014
6714
35151
35092
28381
34863
13456
34461
22520
24520
12968
15850
29268
20565
30473
6822
15591
21113
8712
28502
14794
11968
32898
37491
17663
11877
8173
7167
12022
8382
20846
14495
37955
19846
37
16954
33858
31300
21407
12618
1591
16820
19237
440
16860
10656
27375
284
23878
26815
27437
27804
23325
12359
20102
10508
1011
28898
3017
21110
20741
33614
10976
1640
8031
37791
38816
35305
9809
26707
37322
38297
34339
36800
25286
26842
22373
33769
28226
38491
1198
20993
22626
11711
25517
32309
14744
4462
29449
7678
22976
22225
10555
28722
14679
37313
31618
36103
13692
22964
21720
20394
31151
12531
7538
14517
27739
10848
38945
16810
7471
16729
17561
26039
31558
12473
2641
12744
32455
12852
38737
36442
33933
38658
23056
25245
5840
15084
19494
38782
22005
14529
26425
30522
32237
31612
16393
22746
31449
10978
6974
35851
33784
19728
7661
15500
20701
36920
32910
8561
28681
4490
10143
33610
8276
14473
7227
35520
20332
35237
15054
22512
6265
11077
11705
35083
12851
2306
5519
38483
24547
3879
5781
25776
16737
22714
19277
8069
30145
19937
19971
6972
15201
10120
29716
19895
13320
15284
4386
14738
23043
3165
21129
33876
36164
10001
20913
25026
4492
31753
5384
5860
17315
28070
33067
28799
8454
11249
20044
9674
35292
36870
17689
13634
21215
9367
15154
28025
29797
18230
13311
21512
17092
28954
18135
25648
23779
7843
28067
26026
23946
6626
33951
6463
6736
31306
1809
20322
11081
10015
15597
4028
3900
31110
7307
29485
20156
31723
24995
28177
23731
2416
14795
30264
4637
17473
6240
8005
10060
34764
17359
7831
7315
3817
4379
3973
32892
5658
4376
5898
23991
2500
20193
29790
19330
29753
31042
34571
37415
27578
28133
36644
366
24093
38475
575
1381
36711
5615
8054
22279
27515
9086
32877
25
9525
4165
15692
35108
6239
37114
24645
9230
2459
7662
35478
20845
17307
14801
12009
28249
16473
34632
17159
5696
4806
11358
27350
4677
8600
19146
10745
18816
1559
7128
31459
21279
25713
10984
9941
8365
34281
34285
39004
23636
34499
27781
12067
30824
37883
30529
8581
9075
31836
25177
5505
16521
4938
13489
18036
16525
7219
35884
25016
16699
31495
3536
18486
4720
1710
16708
24469
35670
22598
39036
21199
38812
7560
13755
13010
12457
33182
36013
10399
4845
23729
1577
28772
25552
2321
26983
29714
25774
30306
7116
8291
38817
11430
967
8606
25792
27859
20025
36035
38242
29281
691
33695
5932
29211
18340
19801
25490
37681
486
27560
20350
32668
35249
18554
11818
18736
11243
30791
9381
15351
3177
12383
8427
12113
36130
9486
38182
5999
22981
28057
31807
9038
36174
13623
16002
36414
5050
7495
37697
2112
10932
21268
34379
30391
16279
14892
10386
1867
29202
28879
31985
38223
30392
21968
11084
35394
8424
28881
16818
35197
13221
31248
21687
1213
39089
10992
8489
15919
26992
24052
14764
17326
29689
24271
24832
22595
27100
3613
15513
15542
16781
6543
38200
7695
21889
16307
3073
11328
16215
15065
14846
34534
1135
26431
33867
28064
22379
33006
14054
9690
17857
38528
11840
6200
32380
5962
9659
26281
3885
4566
11612
3773
33590
3347
20419
25456
34731
11272
4554
25773
29288
22396
35836
13794
22803
33202
35708
22028
29721
2257
13379
38142
11813
474
30286
11275
21462
11297
5195
31167
5424
12666
32473
11703
33005
16780
35170
19359
31627
35524
4974
20036
24602
2766
38543
33608
30742
495
5358
1079
5987
10361
26977
37712
2623
9384
3010
22286
26412
14456
8664
16222
25374
11264
6767
14478
30585
3032
25114
32757
9916
17617
13055
33102
33000
11440
36761
8504
7022
35643
33200
30232
4301
34749
3297
30210
24102
19611
10367
15665
25795
80
15181
11003
5066
3429
9132
4595
345
1668
23716
26308
10331
24690
30587
2331
8057
26750
30119
34563
33465
31218
31736
20336
21834
6773
21351
16194
10761
14482
4753
844
22196
31030
23022
26447
37545
29788
28872
19607
13419
17253
25338
1174
12004
11194
10072
4983
32185
6523
14211
11024
36999
37993
798
35286
37780
36453
5813
29336
27688
26298
31866
21622
11342
3080
9004
38037
13767
32678
21870
19660
19535
35995
28106
26961
17188
31090
25210
12543
27910
25596
21896
27959
32085
35053
7260
27405
36441
17020
13707
26770
22323
709
18423
7807
32269
15684
35672
22616
29122
11056
17361
22205
15636
29938
6285
17394
24400
45
10479
19845
6917
36984
38952
17340
16682
14223
1039
25111
10948
21076
7184
16216
17450
5695
27883
8184
10915
9227
32118
22622
9331
12869
16489
6405
15632
36269
5018
18027
13491
24362
14050
494
23000
3853
29590
38540
26558
1819
27067
5409
26639
19849
20128
26521
5177
37287
38572
12073
5130
14888
24750
35514
4877
622
19412
9857
613
34895
26713
32028
4805
24087
2968
14695
5835
22136
20038
11852
8806
22949
15651
5637
9595
20673
15352
3128
4990
30358
29952
851
36361
4583
25703
15208
26647
10000
16858
12700
26678
30025
19224
5986
22565
6702
6712
37471
14276
725
24674
28160
21660
30891
7424
2215
14358
37597
37735
8337
33219
6427
7818
26348
10908
34535
24346
3688
38959
33207
37532
7994
14477
14171
35693
8610
18279
9348
1200
3131
2772
2134
518
24317
718
37872
32021
32116
33589
20215
22766
386
36012
37529
34600
35425
9437
20395
769
32945
4303
25170
1937
35742
836
33967
17937
26277
23348
32975
34573
33258
598
23511
7842
15689
28768
23536
20396
8862
36474
6785
4954
408
31035
507
22115
10329
10307
29818
17392
27763
19145
4481
37621
10370
22683
21362
14949
22960
22677
33555
21174
7557
20764
38866
37018
6459
34473
25638
22678
35444
18715
6230
29701
2828
24079
2630
38135
26300
26420
6606
36919
33949
14487
26046
38943
28026
38942
19506
35772
7131
1469
34411
35758
34348
27574
10890
12068
8974
27322
21474
20800
199
30243
2699
422
29129
126
23324
24155
11619
11467
28758
30755
15364
11941
36355
13122
5135
22734
23670
36154
14178
9305
35367
32683
17773
7945
3806
5294
30904
32859
30064
22407
11787
18544
27874
31596
15926
12398
12043
11490
10339
16082
7157
32346
26523
24174
33577
13631
28150
4695
777
3395
5692
26024
18446
33811
32023
13708
19953
16110
20347
33613
6290
20699
27248
6431
21394
20190
19319
25475
38420
2945
4972
15648
38031
26486
32104
35530
4351
12019
26817
25489
4586
38982
16288
12530
28986
25408
5568
25285
7163
3373
10013
12128
29779
34371
12315
19099
36875
16504
37887
5992
15582
21424
10636
1913
27080
26974
4182
28383
24882
18765
10625
14912
31108
6591
4329
23089
10186
5100
2925
29675
33339
38605
22970
10454
22687
4263
10234
19342
34953
13738
33509
28702
31484
30184
7911
24958
21586
26844
29984
24209
20640
36432
20114
15097
16310
31571
13278
10336
4744
157
13224
10795
5381
35487
34639
35900
23831
32108
15496
13113
27760
6859
14415
21714
10121
7782
30253
22537
37055
26845
35111
8742
23535
21910
30615
19788
12845
29577
22266
13958
23414
20534
36439
23838
3262
5103
37612
9545
10190
15129
33046
13549
9216
32385
27572
2410
2375
7930
11902
28878
3756
37272
348
35680
30869
12270
19730
7723
16568
16753
33641
29900
26600
21401
1734
18290
37824
25063
17514
23727
36705
36738
32537
14104
37211
14289
9138
37710
24761
4945
19435
34903
34531
18887
325
28164
17252
3462
37143
32248
15528
25364
23413
24323
1315
24201
12647
10460
37161
9388
22151
18690
11280
38648
29894
37366
27481
15601
16496
4556
765
30299
35523
17636
3147
31670
2702
38465
10749
29775
5041
32325
23314
16741
555
31044
8764
38343
28813
15435
10646
26362
6869
9535
5805
18738
17521
37891
11285
6342
30270
8159
34878
17072
14410
11531
22838
30408
18069
14836
26739
21185
6577
7717
4353
4478
16516
23097
26259
30239
25363
31268
35023
33906
3791
38990
22980
7410
10977
3339
3180
29350
23914
9557
38906
28643
37212
18559
13820
12116
36654
23818
22495
2821
9213
1992
18940
8190
7617
22563
4147
13197
14563
2995
9175
34713
6249
6130
26200
29926
8001
17337
22026
37647
25912
7963
29375
3496
5961
32595
24656
17984
26503
28208
22070
16361
24949
4689
27764
32780
28042
25054
13923
13231
8802
29748
29064
22212
35922
23284
9722
25380
36950
13210
26520
37563
2070
13554
27443
23772
27704
2217
28154
17757
7998
21831
6867
3902
8370
35146
15341
4924
17809
14218
22865
32434
2737
21285
26507
37053
13498
24757
2526
9878
36304
7803
31561
2550
3933
1907
23398
31321
35153
16865
35495
433
6968
20238
2473
16339
21866
8128
30722
37488
13338
11517
5934
37980
26216
3045
13183
27799
7528
27744
4653
567
20948
38688
22884
8233
23694
23122
13098
88
10579
11957
12018
23648
11838
18976
17577
10818
10900
33938
3292
16052
33385
24307
328
3913
35957
32650
28348
32493
15272
30494
26145
33942
33080
2557
25961
10036
29544
21048
36555
35784
2730
21261
38040
1526
405
16959
3088
36744
20560
23741
15987
10906
18504
915
34080
10087
13885
25157
18503
20652
13674
17894
1646
7636
3417
8206
18044
2327
21015
15099
19190
36908
21528
7852
17827
21469
3023
17397
32265
15821
8481
14008
7445
18561
21177
35816
32932
9863
34072
28697
19101
24177
14284
22841
16449
10811
15069
12732
15464
31060
28061
18704
2805
12266
37093
33259
10831
4424
17317
5386
23531
17275
26801
13551
16870
8447
26319
2507
33652
14523
35602
27753
14488
34173
7458
27536
13615
20009
18601
34952
31206
36239
21175
34988
20210
34323
7103
19780
25204
21752
36684
5563
15207
2408
743
38289
7991
29235
32153
2881
28068
3876
706
19749
14156
32409
20159
24618
5341
12378
24819
27915
17630
215
33881
15728
19588
13916
18376
23529
20344
20523
23987
13058
15615
28356
4262
24223
36759
25318
35630
34390
21360
31367
26034
21103
26214
26692
10394
28180
20797
23292
31992
1816
37213
11407
11469
6417
9720
36721
28642
15950
10264
22394
33681
1005
11719
15030
23256
36056
4700
36780
4739
5552
31548
7874
25484
11232
32510
11944
3077
6348
2631
37515
14260
14206
33963
16231
35637
14730
27363
2528
19010
19583
22762
33270
5977
14038
26278
4252
11207
25618
17300
18309
18491
20933
35058
5158
17777
1284
8822
1003
6858
26581
35492
31542
25965
27895
33990
11751
23473
19009
18936
9655
33094
22342
11598
24563
30312
23689
10692
1597
12430
20909
31818
31931
13412
7834
23758
21319
34444
32279
704
31467
29823
23053
5920
18283
22798
34209
10903
34236
17670
26779
491
1994
32065
9927
10573
25087
19968
27675
22974
8616
34923
17365
19351
32231
3041
13314
38732
11481
19341
3861
33750
37465
6150
3972
29653
34753
18939
24384
38193
38651
24702
34186
1279
31184
15934
27855
30381
8598
31153
26152
12810
21036
26184
14770
26351
19227
39023
26057
14095
32469
211
29249
9543
29145
2678
20705
18489
33907
3531
23767
30059
2076
29026
12586
2026
34124
2698
31757
28018
9058
18517
30046
5373
4314
28520
33573
14740
23487
24876
34247
23374
14295
16297
5775
22973
33565
14093
19185
4312
3215
1297
346
18968
38496
34181
24002
18739
25173
34776
12508
35859
11965
13075
3098
30554
35743
3256
9847
9313
32012
7722
20627
33987
2440
7624
22645
13852
31341
10608
33114
23611
32973
28668
34065
5824
31559
15123
15960
5362
7651
16572
39093
16412
29361
14173
8171
17119
21838
22446
22359
19560
17356
25835
22805
4958
28199
4750
13159
24275
24027
11341
8180
33075
28074
33321
13043
3661
5880
24411
26703
38001
6068
25179
19496
23527
18875
37825
20147
5088
5180
25036
8380
9763
34266
34984
11427
14502
12623
21146
19784
29349
34004
10058
30733
4350
32986
31224
32146
150
24286
34287
12826
3765
12084
35162
27868
9860
25329
13658
16627
122
10083
15278
1482
32709
8523
38687
7477
15731
22229
12560
28125
34202
6504
29644
20910
2572
2807
10210
31725
31847
13226
30211
16545
34012
28863
6197
6713
32024
14669
1689
19186
28024
5758
23811
10321
16256
36314
2210
5707
3089
7207
14035
38119
36990
4418
4930
9768
7634
2521
226
12305
1100
18507
33519
17455
8520
12709
29702
29106
4087
585
33935
23239
7334
27397
14572
20557
24251
19043
4383
25905
9190
24937
16776
14337
34762
30188
15424
5328
5241
20167
35947
34081
11903
36299
19195
16301
6982
27048
1216
28698
30266
11538
3690
27762
7230
36315
16455
34038
28013
951
25223
11408
8241
30065
24698
6651
19836
6576
9124
23541
5991
1453
2809
1254
6321
9332
24582
12756
33956
14663
18181
13222
8035
22759
20432
26793
17993
7659
11165
36232
29293
31376
32827
9320
36842
30052
15842
11633
2151
6397
10918
22737
20479
23020
3412
21727
25637
11674
842
14398
35039
33807
34151
28223
28055
6038
12441
9872
2106
14997
27127
10914
15785
29592
13960
8197
8167
27275
23347
3341
2505
27847
38472
4409
13126
36760
12125
7283
24638
10091
36643
5693
6153
36134
28686
31375
38711
15312
23280
37458
21948
11281
16414
3960
13869
28842
38144
23892
31175
25535
24423
2944
2489
28376
19109
10351
8139
35251
7041
28526
6432
6967
16488
26271
32064
8412
5950
32214
29208
18607
35740
21557
15635
7857
32479
7584
2211
20886
22108
8340
4302
16598
427
4030
11942
19798
26824
9573
36473
33616
27101
42
4567
31247
12062
24731
3454
32819
18980
10490
2396
24831
26915
32610
11413
11666
29622
17994
11458
28309
14977
4557
27884
28573
13765
30159
28012
28910
8785
23659
10047
19196
33977
2195
27497
21272
5686
8930
25976
28964
34027
26171
19050
6890
1864
16605
8896
9705
22303
5883
1456
37390
11566
11155
37505
20907
3736
35475
31594
34157
20017
3267
6502
36782
20439
5878
29647
22100
14651
5510
15315
19943
3407
24192
16410
38180
15150
33894
29686
28424
2795
12162
30642
1720
13962
1068
22872
29489
21893
18075
18913
12510
99
11315
6372
29583
30526
36495
29968
32198
1839
31091
8048
6100
29247
8147
30966
4574
15874
35938
18329
24581
6229
6113
21200
7295
12276
12371
16852
29185
38287
644
36802
1509
983
4846
13361
14598
26470
28538
15269
16821
15553
9922
32554
5087
12428
34462
4417
8913
6526
33483
35927
38909
5995
36824
17962
30640
7468
27178
37541
31724
25426
4787
6925
35359
20918
27006
12295
981
8229
17798
12492
5153
15536
4948
8074
14854
38069
31330
6562
24049
4309
38344
1834
2921
13914
34986
20393
22909
5571
22806
16563
1771
1169
34665
5140
8778
3229
9943
31895
26185
38462
30580
5200
35724
14131
22782
14111
35202
33247
34592
37561
19483
27321
36434
9479
9050
20518
6176
18337
37996
33455
23616
2518
32809
72
10696
38007
38020
30545
4436
24063
11248
12314
1449
13213
10184
8695
26763
7106
24971
5129
15920
12005
1267
25710
12827
27954
4122
30762
39090
27991
34164
10093
22747
19106
28787
29977
21750
30774
7580
24536
18914
38552
19293
23108
14329
26101
6283
37498
15827
38154
31214
1988
27244
34053
13071
31687
12679
33159
5372
23578
24175
35148
24734
3862
28931
13487
2818
1740
4707
36612
22211
25386
9984
32503
34971
16055
7353
35890
19256
29555
36996
4497
22021
23523
6673
25547
31074
831
13104
10037
14755
916
29060
32799
25918
24530
35322
25030
17740
22991
19221
6004
37033
25280
24351
11224
25115
86
37535
29515
19194
22054
26873
11284
8740
32080
19827
11588
37719
6139
39118
14298
20799
13811
10534
1641
16471
1318
37596
25672
5224
36236
29867
141
33688
24216
35933
14842
32327
30026
13482
14832
26571
1964
4994
27832
22040
26476
8051
39113
13317
35814
3264
12979
23749
35412
9903
24950
36268
26875
35780
13247
32619
16389
30557
10578
8544
10780
13526
24036
27752
26237
32627
14470
14185
3448
21324
2093
10712
15073
9819
26391
12077
21078
17934
36138
18570
25612
35195
3129
12865
21826
22289
12168
23597
16126
34165
26173
22590
3202
32586
35029
6908
14224
6641
15334
27046
21020
6144
9029
11758
2808
5168
36717
17545
33656
15557
14286
3455
6471
25668
30200
9053
38482
9062
38835
17733
33430
15468
32606
21987
33197
18121
5076
30804
26759
20822
1565
9483
11333
12520
29206
28417
1617
26334
16703
7768
12642
23788
36929
31532
1695
33918
34529
34293
32351
9194
31267
18576
22699
8984
2577
9482
37262
22710
23985
11848
33141
31696
23
19092
10955
35488
25598
27450
294
26407
31466
8733
3376
15770
5624
26601
31116
34985
3087
26122
32567
15231
34886
31701
4358
30510
4961
36444
37744
20714
3745
35099
593
38845
17854
14610
3268
25305
5296
20196
23556
9974
18627
2561
37831
22655
2466
33826
22301
19719
10930
18755
15906
21166
8076
28388
5507
31141
23009
35131
28597
20892
21315
31198
30257
1276
35055
13696
12748
26526
37369
12861
28731
4250
4578
24331
31647
26423
1714
21450
18552
18516
22288
13227
36635
710
3839
17186
24042
9554
15515
6264
30633
13865
22181
12483
220
18187
2787
13870
19833
8809
28203
19699
30584
12245
1933
24172
9955
9421
2767
4674
457
10150
36182
29284
2089
35590
37492
11
14851
23651
26843
25370
27993
10753
20961
16814
19390
38055
25968
13255
12195
7198
26286
31923
7679
24811
7508
36216
20827
14042
33566
30610
27125
8853
30426
14408
38808
7076
36727
25262
30728
2585
21221
12349
2901
7141
36562
4886
29928
18933
10784
13965
24092
83
27097
28905
16615
7451
16910
2238
12887
2499
34316
8354
27120
29429
2465
12275
31634
9968
1917
33029
15828
19303
28342
7797
6797
3069
12364
19075
16646
35026
18805
6123
31107
7750
6062
11637
29754
24258
16658
10305
8857
35661
4126
28115
31812
14707
32573
31001
7058
4185
31595
30581
21764
32656
24230
728
36220
25089
7112
3377
22594
11556
20309
13918
22822
31790
33120
7784
821
12238
10012
27419
17570
28371
24616
13416
36613
33398
32556
25712
22424
34060
22276
11805
7767
9073
37454
8485
38176
9161
35519
24215
28690
14149
36668
22275
3963
22898
26478
33965
13236
10381
24866
10706
6965
5344
14890
29010
38620
11107
35817
2986
7751
22143
16042
30634
1460
38756
9703
24067
21898
25152
3325
16116
18808
12639
38934
12742
20665
5768
23225
23658
22640
19763
2885
5489
18454
31208
19800
24953
16226
26402
5969
1124
18465
35960
18850
20201
16815
29569
30984
38663
21787
18467
29125
4341
12461
24313
6111
8126
2710
33021
32014
18034
14785
21181
12049
31693
5150
20881
12959
30190
11013
38252
2330
2703
20301
14676
34699
33754
11967
6277
22250
36628
12766
25681
11635
21930
2304
17148
15735
33528
3843
13312
13838
37617
15330
14368
35232
5259
12134
28557
11002
207
7350
6544
37594
4283
18031
16655
14685
14802
11502
27812
12812
37821
31255
28427
27141
21128
13143
31139
1889
28229
15524
8140
27600
18277
38796
34695
15112
14192
15696
17987
10569
10894
21790
18140
34756
19664
17466
1731
22273
9938
3838
35557
8487
18194
30787
7730
35370
29105
9574
17168
3689
30430
4177
20265
26482
27551
20117
29322
23264
21781
28149
37110
22726
33354
35907
34803
30082
26384
6281
16043
19708
89
25125
33350
19111
37231
26400
31892
37264
34250
15756
34277
32407
26183
2119
35903
19843
76
35625
27825
6464
33416
12501
28568
35511
32901
34585
28761
18820
15022
12091
25771
10658
37113
4035
27507
10008
6179
7827
6881
34902
23933
9067
8527
16464
11303
7398
36017
29327
7793
17696
1552
21072
6778
21370
4451
27943
38501
4393
9349
32857
1404
31295
36254
7416
4676
4706
18197
6877
5290
25122
16384
34019
22664
14587
29232
475
13474
7924
15335
29892
18952
7138
9591
38340
25665
38348
7758
24755
23470
30957
18162
15846
6462
34709
28352
4269
18604
8605
30037
2023
33643
4777
1307
22341
28043
23824
9155
35205
31106
23149
1631
32544
26080
10960
24956
31014
17449
30278
39051
20750
4137
30041
32484
27489
8435
38092
947
29259
22589
16038
22392
28431
26613
29261
7072
13893
5247
37194
28810
6910
20304
12724
34964
17537
35369
26499
37120
12180
2102
15887
8068
18089
18217
12718
29001
36553
11004
14433
31778
14564
13872
2669
34715
32867
38893
16058
38627
17060
24855
29574
18392
13896
5209
31910
2109
2392
25824
4216
21102
12058
768
24464
31610
28624
14747
31088
14245
19284
29043
31881
7425
34538
5285
19032
11622
19983
7817
33229
2539
23904
38691
31285
1769
32011
37625
38480
21288
9818
34449
32376
4099
24465
26559
32430
34220
30455
31482
32092
25105
31032
14405
7381
13045
29436
5923
30668
13779
27833
1019
5538
5569
16208
21840
34676
10263
32006
17709
23044
16656
7749
12653
20955
23501
38428
6884
35349
29310
8711
24604
31358
26644
30191
3715
12377
20320
7779
21475
9084
25038
30542
29710
1706
20313
38565
14075
31556
17706
29983
28903
38442
22068
3845
4529
31661
14701
8525
38357
6696
14746
11245
21131
30682
31711
11953
31708
34190
34314
23562
10442
23693
10711
11007
20269
786
6323
29323
27814
18789
1753
13452
7736
15566
19274
15013
32123
33929
24930
29920
11828
31549
15594
26665
9055
13116
17955
10774
10313
8490
8645
18780
18163
233
3482
18298
12911
22281
33
27666
9718
9562
13683
29861
9762
13956
2692
15482
12294
11887
25520
2829
640
10363
36565
1657
9795
30151
12698
11403
25409
38430
5971
20992
4754
27243
33731
35175
2034
18112
28017
1605
15029
11199
7419
31241
25768
16271
6118
25141
18979
30206
3844
14296
1584
1991
12220
35274
17812
3186
22601
4360
19450
19863
4336
31959
20010
16533
23283
27613
29833
3891
31070
28322
9389
27235
19126
6614
28994
30525
29197
28078
12265
36549
13445
31165
12251
36998
32561
8290
33554
33466
573
34426
31873
31119
21611
36224
23308
509
28523
19115
25120
28937
26307
9344
30272
31058
12930
25534
32491
25826
33790
29617
23849
27209
5983
682
1531
29546
35447
35779
31355
35187
25365
16254
9137
23261
34090
8898
12196
16543
12632
16773
5743
24112
32031
22858
7967
24217
15502
2717
15867
12840
14292
30487
37559
36185
58
13377
12222
18433
12890
34537
32087
749
22843
1647
30876
23094
3541
33619
25453
4612
28900
10570
6322
32871
31254
19777
31623
4819
28982
28211
14756
11792
17132
18137
37776
14580
3816
16447
28706
17207
1717
28561
35534
35664
5500
27484
13390
30238
38433
29767
28793
8944
35133
30186
12048
13035
24735
14444
31665
14856
9258
20697
29635
26436
1627
33661
14777
31783
581
25071
1
15858
14812
38138
429
23719
31257
667
2670
21522
17412
3710
16881
27264
30512
30116
10051
8007
6783
36741
1081
10123
3597
30295
27304
18998
34423
32360
16138
25920
9039
1965
11383
12169
38585
36614
7836
17068
5242
18833
