1353
5074
3547
1798
2707
2854
2703
4300
549
168
2469
4685
469
5017
3440
4043
3136
461
2389
3628
1322
1996
2812
3039
1945
2106
4357
823
4039
2527
2061
2193
5052
1351
4918
1192
805
1421
4525
1931
2188
4032
2255
4928
958
4541
4895
1644
446
500
4363
817
1869
1740
1814
285
1304
4712
3085
2813
1800
2388
3907
1080
869
3959
79
2953
12
3943
1720
284
3920
170
2032
4865
3868
942
3509
4621
2113
2304
2882
1946
847
2893
340
2655
1584
2915
2362
1312
4055
3661
1833
1451
58
2748
2803
4345
3609
1964
2942
2493
4439
4006
4827
1624
4793
987
4817
696
4790
4623
5051
4127
1981
2360
896
4543
115
2577
4029
2970
2375
4775
4496
4252
5037
2688
542
4
4985
792
2629
2372
296
3876
193
2862
3061
1295
2949
3769
1074
2621
268
2198
1986
723
4866
342
4150
1607
1573
721
3763
4975
1787
4019
1413
4295
2723
5061
4437
2595
2420
2766
1524
1963
5057
3077
1244
4876
3391
3802
3374
3202
1207
777
955
3544
2708
5048
1570
1243
411
4448
1555
3852
2395
4417
1417
1502
1933
2309
4412
4389
1005
2242
1448
4726
2105
4759
1362
1811
2522
2578
2526
2486
4683
3596
3520
3538
3684
2294
1017
3487
4727
1651
2566
725
2282
4934
2235
3094
1426
3486
4672
1932
323
5039
5059
4551
3776
322
4750
4523
3801
3969
3
4278
4716
4697
199
2265
2851
1939
3318
4603
4519
1447
4808
691
4425
219
3672
4976
3708
1490
3880
4090
3561
1888
321
717
3916
2456
1292
1630
1581
4049
179
2314
4199
4059
2268
2005
463
2046
729
867
2956
1741
2784
2344
615
2978
852
4509
2067
379
5056
4702
548
141
4991
2364
385
3327
4368
1028
2875
2725
4760
4065
4104
263
4631
4479
519
3218
3989
3331
1849
1689
3859
2433
4184
477
688
3086
1027
3799
2536
1224
191
1832
903
265
2334
292
988
2923
2128
706
3655
2417
3537
565
4489
2281
1951
2883
4159
655
3088
27
4042
1566
2020
1303
1514
3244
1470
4477
1716
2232
2214
4021
675
1680
4667
787
1475
515
3638
1330
926
4248
1557
1916
4291
4515
537
2925
4894
2196
4194
4742
1816
3311
1465
377
712
4559
3503
3452
2616
770
3129
3606
4495
327
3623
220
3923
280
1104
3064
1854
4520
2410
76
1269
1283
24
1683
611
417
522
1830
1129
315
3949
4812
698
4256
3997
3913
956
4690
4301
125
3420
1149
4131
86
151
3889
277
2695
2734
1033
1179
3676
3071
4546
1425
3343
4500
3548
1225
2137
5008
1478
3765
3822
4284
3491
3160
4044
3296
3199
533
1087
2825
4652
1299
2332
4896
676
635
2552
4718
2532
2195
3171
3713
4770
4701
1213
1918
2564
3675
3901
4968
2183
2266
3128
3284
4745
1296
1488
1293
749
1442
3463
114
4930
1641
3960
1072
4676
1610
5073
1503
640
2852
3306
3644
1550
3364
536
107
2152
425
2415
4585
3298
1972
4855
3113
2497
2126
3158
3321
1485
1324
378
1048
239
447
2206
4810
1915
1824
2081
1209
509
4568
1363
246
1326
51
225
3176
4834
3030
4641
3741
2792
3525
857
599
3340
4686
830
1898
2122
788
4490
913
4729
4954
3123
81
3468
467
3225
3476
4884
2238
4613
2023
3888
4188
4432
4901
2916
1873
4974
4849
282
1886
3527
4821
376
2028
1402
3787
4927
4922
1542
476
3084
2999
4547
1162
2879
2098
3965
2413
1778
3278
713
3481
1812
760
223
3719
3915
1203
1564
1783
3739
3500
301
1675
2391
4010
2736
2742
3522
1507
1489
2656
4604
772
4277
2156
4373
654
109
3059
5035
2333
341
3040
4780
1370
2226
3554
3924
4902
3308
2628
727
4883
2291
4250
4212
3441
2667
1382
3168
4574
1038
3892
1320
609
3689
4339
1631
3459
2393
3851
450
1385
1597
479
360
965
3252
4036
1968
5083
3828
4823
3442
238
1924
919
150
651
3117
3004
884
2142
1205
2382
4264
4306
3580
4470
3982
2286
2153
1085
870
3294
3524
4222
1176
1926
4784
388
544
2994
2772
2843
4160
693
1547
2677
258
644
3436
2094
2523
4747
259
893
2663
4080
4453
1907
2203
1160
2064
4016
2561
3543
1697
4955
1980
1317
2216
661
4526
2921
1685
1158
3259
2187
5054
3587
2101
1022
3188
4078
186
642
2263
4331
2411
147
4205
2118
3393
255
3135
3871
4981
1013
3464
1737
1521
3264
1562
1779
3762
3344
4783
3216
2946
2076
4219
3246
1943
3810
890
4590
2529
1000
2215
2148
1050
1275
874
126
3406
4206
414
2829
4845
3165
2601
3062
4202
3771
2460
153
2470
3785
4227
4591
4802
217
175
3310
1835
4112
2240
1598
617
4730
386
1383
4097
1870
2351
15
4979
513
4563
4459
2299
3726
1676
744
506
4283
4265
2728
1301
4583
1802
134
4329
1595
2013
3395
1298
3006
3646
208
2912
1991
3874
2376
1076
3608
1504
4630
2808
2339
2989
5027
4878
793
1925
999
626
3330
4890
2591
1663
381
2221
3400
1277
2160
1735
3858
11
231
3951
4762
3869
2481
3649
3089
947
3462
3367
806
311
468
4126
3237
5064
4207
3798
1482
2973
4038
527
1445
4133
3291
667
137
4660
1405
3378
1270
714
3149
2459
1355
4749
2119
1222
3566
5066
3403
1075
595
1881
1591
5063
4743
4435
1722
2547
143
4168
3097
294
4172
1612
4600
1377
4561
2981
2823
334
2355
641
1101
4655
5025
3811
3107
1839
1314
4004
597
2022
1822
5006
1220
1776
740
31
1929
3872
1791
4343
1563
604
4989
3560
3808
3701
1484
1707
1177
4524
4644
4570
91
3827
2984
1505
355
4244
2248
1118
2161
4030
1626
2557
373
1549
3240
1672
2608
2548
3162
1936
3081
455
4336
4781
4463
4350
959
778
4107
2620
1457
3387
791
4100
138
842
1486
2675
4581
1618
2082
1483
4492
2726
2930
4885
2630
4582
2626
2390
2370
1808
4938
5031
4147
1346
2551
4241
2977
374
2303
4662
2250
4752
4556
1619
5004
1674
4626
1110
3105
3027
2848
4724
4949
508
3429
4420
2440
4615
3345
4446
3396
2579
2229
1766
2348
1016
660
3428
2643
520
3686
3996
2251
828
367
2759
4635
2646
148
3466
560
1051
1928
3215
1014
2234
119
2374
4108
1840
1616
4187
418
218
2245
3795
1625
1367
1376
1653
1414
398
1734
59
653
2998
3706
4506
4115
901
211
448
3482
4959
1954
1197
3049
3357
4381
3694
1242
1252
2157
69
3268
2570
728
3474
2140
39
1172
1767
3569
3475
3238
1039
3836
3863
1199
2200
3865
1998
44
2787
4872
3984
4155
1173
205
860
4072
3402
1725
1559
2444
4253
3167
1717
1423
1071
1565
1949
3962
4836
1970
4445
4305
3508
1338
1912
2781
1571
3629
3023
1357
1575
350
4799
4899
3585
1156
4121
4341
4298
344
4281
4560
1895
2540
3467
4318
2171
3200
768
5020
4944
4064
4826
3075
1803
2134
1613
2786
4933
2354
4925
464
192
3138
2671
3450
1217
3271
3309
3595
3011
2083
2668
1897
2398
2944
3944
1969
4297
252
1857
1845
1095
4323
110
4484
2706
4146
679
237
4239
1706
503
4124
21
305
2116
1864
1764
3674
3778
3139
254
2775
313
3297
4906
16
4557
3438
4867
4916
1019
1182
720
883
363
645
124
261
2236
3637
2175
4259
3558
3626
56
1306
3737
3594
1159
2359
2558
748
2863
399
3905
4708
1602
272
757
3405
4811
5032
1494
564
2436
1799
3988
3371
2099
3770
4622
504
3385
4122
1436
4960
1679
940
1908
3832
3349
35
3223
3711
38
274
3557
2040
4027
404
2904
4664
4105
1973
432
933
3455
4633
1248
4129
3712
122
815
3941
621
1135
3141
4181
765
1537
3622
3407
2442
4831
5078
1348
3870
412
3154
1454
3411
4982
4148
1813
4893
732
136
3286
745
555
1643
743
2302
4773
3939
1868
1911
1428
1228
2180
4505
1727
391
4208
3231
2767
2317
4007
3233
216
65
2613
3834
3758
395
1953
3663
405
188
2006
1777
4398
365
307
612
2568
910
769
1917
1254
488
3815
4746
1439
2247
1481
3033
2346
596
3597
3211
4945
1117
2700
2525
4782
2602
710
4058
1094
3607
907
2565
1535
3614
1251
458
2264
4596
3257
4980
3634
1530
4351
1500
4257
2785
4085
3568
3392
1843
1349
4261
1422
2821
876
1491
3645
971
2798
4669
3823
1901
4851
2383
2177
3381
2776
1460
4258
529
183
829
291
357
4597
3734
1831
684
4249
1633
3484
3752
2030
3573
949
4961
204
2280
2651
3045
4268
3053
233
4347
3542
496
1497
4768
419
2514
4005
588
759
2356
3164
3490
2873
2296
1407
4940
2241
2147
9
505
4609
2979
848
814
4828
4986
4528
2906
1556
2604
4143
1116
0
2131
2054
2563
368
4628
801
2479
41
511
2295
1994
1756
3647
3243
4678
1878
2315
2938
4360
3419
4176
1137
1290
3695
1024
176
3579
584
4549
882
3894
1543
1523
2246
1927
1459
1893
4117
2932
4213
1167
3329
2043
3014
1472
1654
3245
120
4584
2033
4266
2964
2858
4814
5060
3855
2292
4175
4579
3212
1467
3577
2458
4687
3866
2419
677
3495
1469
2962
4296
1860
2760
1054
437
2710
3032
161
3742
2835
433
4447
333
4190
4761
4804
3583
1498
3848
2855
656
4186
1871
1140
3479
921
2611
4847
4130
3665
3124
2016
2169
3998
2890
2913
2191
3867
4346
2881
475
3332
4354
4538
154
551
3526
1982
68
2672
1770
4224
2589
2090
822
657
104
2947
3716
1456
210
185
3102
393
2424
383
3336
2027
3034
538
2575
3979
1319
3255
4741
1466
4102
4413
1914
1420
1161
1120
4455
4671
858
3592
3418
2267
2853
308
2531
2980
1979
736
4577
2887
4642
951
3953
2164
2986
1730
2818
4917
1309
3642
82
1495
3036
2920
4666
177
4957
2127
2057
1480
3051
3315
2886
3193
1268
2501
902
2817
4605
1430
4086
1900
221
2132
309
3044
1772
1755
4185
3891
1744
1111
1796
4362
4084
4983
1096
2254
1807
2605
3404
4198
734
3515
3016
2632
4800
1221
2425
2770
2870
4087
3983
4647
4270
1183
1721
2625
1804
2145
1967
4240
1266
451
1282
4964
887
4487
4777
2104
2676
925
222
1347
1311
4753
2443
859
991
1190
2744
3559
1589
43
1361
1113
1412
3470
72
3144
1360
1999
1960
198
4191
4411
531
928
4313
3303
4395
4380
4369
4737
4748
2123
1847
2130
2874
1437
487
2709
3688
2982
4856
4765
1463
5085
3861
648
1272
1746
937
1249
647
2614
250
181
1233
4833
2071
1288
2079
3324
473
2594
2243
1529
3513
606
351
1285
2733
2505
1884
4166
1708
1496
4929
839
2884
3633
3718
1567
4953
2035
1035
4247
5009
2936
2492
2352
5014
286
2761
3890
1865
3492
2922
1815
361
3615
1810
692
780
2690
1339
3187
1771
1083
3740
4544
1070
358
1765
2976
4015
2871
5022
3456
3821
3130
2515
1336
2018
298
2319
2323
799
4721
3386
1872
943
1010
132
1569
409
232
3970
4034
1820
1193
2907
3382
1856
722
2447
1133
2019
3936
813
1823
3137
2041
2178
180
1966
935
4179
4408
1371
2957
849
613
1119
2996
459
4407
257
4661
1699
2937
2078
2190
4649
2553
4441
753
371
4555
4379
1792
3618
4861
1748
2421
2453
1144
3896
1328
18
2111
4152
200
4069
2662
2301
824
3679
3879
3931
3504
3180
1754
4510
1635
1789
346
1042
580
2363
790
3425
2580
3840
343
20
1157
1785
707
672
3356
687
3654
694
941
1435
4471
3812
2647
117
601
571
4719
2199
4592
1302
2610
2120
4853
3079
3816
3843
3028
2026
2730
4263
1114
1732
92
4183
2488
4387
4204
5076
4589
4137
3208
2049
2800
4632
2037
145
1195
1825
4093
356
410
4215
3600
4468
2109
66
2202
4889
3300
293
3480
3732
3067
3451
2702
2652
1762
2121
1201
1257
608
1819
1145
481
108
532
5058
2184
3009
1354
699
303
2758
2484
3955
4302
2633
762
3498
4338
3534
1477
4165
4218
2806
3115
585
4467
4070
1684
2168
2530
3636
2058
1978
552
1198
1130
1084
4972
1757
2622
3873
4466
1576
483
4096
752
89
3904
4668
3485
3359
4023
3918
3414
1464
2900
4275
3348
3372
4764
2490
4529
1902
3803
1200
3991
2278
1052
4217
3757
3326
3825
582
4456
820
1774
559
3320
1474
1693
643
3217
4386
2562
5003
995
3410
2257
4046
77
3807
4431
2070
3221
444
2894
1065
547
4136
2279
1408
2069
4864
1561
1977
1399
97
2220
1828
5015
534
449
898
1004
4330
1492
3312
1715
3853
4732
1090
2941
1592
453
2158
2997
164
4374
4936
2087
2249
4454
3972
4677
2866
2807
2705
1594
833
3909
1548
1223
3025
4089
4180
2338
2
775
827
4521
1379
2159
329
4200
1552
2385
2340
4915
2271
4869
271
1059
4434
3341
856
1142
3925
4488
2521
1240
2929
2004
2423
1718
1123
1723
2179
774
4017
1863
4163
4879
2129
353
726
984
2701
1034
659
3066
5081
3563
4653
561
4903
3057
1416
142
1263
3621
4494
4657
3639
1350
2950
1546
3022
4948
1534
2197
1604
4988
563
4539
2959
963
2847
3074
1356
2899
1030
1775
1138
6
2774
1642
3052
2693
785
3477
1678
4553
2718
2945
5
3567
3793
2926
2880
352
1210
4161
3756
1956
3189
2368
131
682
2310
1769
3697
1965
3355
2683
4772
234
4680
2256
3499
3723
3846
1578
4041
2166
2524
1851
1286
241
4758
573
3019
3533
3919
4344
3416
2935
4540
3862
2141
3650
3289
4932
1153
3753
1092
4225
2496
2051
4995
4233
62
4461
2901
1012
2619
2735
316
2679
1406
2218
3632
2437
3620
1809
328
4887
763
4637
1894
1001
3777
1910
306
2681
4444
1449
1082
2341
1513
2972
247
2324
4385
3818
1971
977
3760
2308
4366
2830
4870
493
747
3729
4436
4231
1124
207
173
1397
1984
14
4532
4875
3975
4020
1694
4392
2641
4984
4658
836
2559
1007
2638
4842
1920
2377
764
1752
2154
2713
1403
2475
889
970
4508
1606
4280
1959
4211
2228
2284
4066
5013
78
4569
2463
5038
2181
324
4792
523
3536
4077
2740
1411
3510
969
2966
1758
317
4723
1615
3804
4987
71
2685
4106
669
2711
1219
2211
572
3373
1509
262
2659
546
1934
1976
2554
1208
289
2258
1316
631
4312
1568
128
5045
3015
2669
2409
1032
4406
3313
3076
5071
1046
1703
2653
4860
478
2838
2777
1122
3119
2597
2124
798
1841
4757
881
865
3824
4192
2769
4911
3021
862
2961
3178
276
972
4352
557
1955
338
4483
3389
1733
1073
4048
4998
1281
2983
3472
4139
895
4990
2074
3578
1532
13
4047
603
1260
1601
4900
2623
4189
4014
3093
224
3900
3549
4326
403
4882
3992
1226
3126
3069
4119
2689
5030
3883
2538
2752
664
1623
1121
3267
485
2212
3099
1058
1577
2108
4892
2201
4480
507
3285
3906
1069
2832
4709
4214
808
1540
912
1446
3092
2804
786
1455
3831
130
1806
1021
998
866
4967
1011
3521
4645
578
4700
4578
4829
3643
8
2136
195
4052
2298
1384
3293
1533
3829
1950
2810
539
2969
121
4251
197
4095
139
5089
2544
3603
3263
3881
879
2782
4958
1714
1432
4243
1690
535
4844
1710
32
3613
1515
4907
3083
3507
1611
1009
1528
715
1401
23
85
266
2797
4606
2107
422
4715
4327
2627
3715
2473
4423
4862
1434
4141
3885
3698
3926
4367
4769
2289
850
4789
375
3981
244
2133
3183
4396
3917
4050
2684
2908
4061
3197
577
931
1169
2796
3437
3134
480
3205
427
1761
3789
502
1525
166
4573
2724
1178
4624
462
471
4054
3864
1099
190
4874
4663
2645
730
4195
1903
3942
1506
2474
4342
1695
2507
3882
4073
1280
1922
3342
1352
4158
1409
2737
3806
4316
45
3956
4452
4361
2599
1279
4372
2239
1941
695
1131
4405
2831
4037
2791
670
2084
454
2992
3849
3576
4965
4736
2987
4813
5055
1395
590
3605
278
1002
3933
3121
558
4359
3169
4564
2009
420
2300
3809
3731
1560
3483
2491
975
87
2640
2746
911
4282
2533
326
1896
2499
3721
4841
1853
3518
33
4843
961
3631
1952
3104
2721
1632
1020
4221
2699
610
1106
1077
2073
629
3383
4255
2146
3091
1983
2714
2919
2520
4599
1476
2306
2110
1163
4943
2749
1493
835
4785
4022
4689
1724
4358
2066
4402
4324
93
203
230
2860
2439
1622
4309
2864
2103
3669
3501
100
194
3743
1883
1593
3204
2089
3940
3461
1842
3552
491
1712
1510
256
1265
2673
2716
680
632
2331
4370
1861
2010
3431
3586
3531
3214
4157
1404
2182
800
310
1759
4438
2461
2172
3683
2223
3319
3813
73
832
1704
2445
1629
2822
430
2062
49
989
2050
4167
3967
1468
3977
1369
1097
1253
370
2115
243
4397
915
2513
4619
3773
4103
1289
2751
3360
3546
2508
3111
2571
3899
42
3516
2471
456
1518
3562
3786
1378
750
2940
337
67
3575
3908
1681
1273
1278
5047
1905
4947
3072
3335
1102
407
2528
144
3948
1834
739
1738
4850
4627
3502
3460
2135
369
3010
1862
3362
3995
841
2353
4478
3887
3098
209
587
3399
2583
2117
2361
1081
4703
1551
5069
4293
704
4415
4693
1603
