3935
2006
425
4974
4529
1037
2121
1186
3357
4708
603
3955
77
5028
106
4208
1908
1541
4725
660
2358
3198
1230
361
2380
172
3321
2214
278
1732
3794
4485
1679
3028
3184
3464
1408
939
4315
622
4380
867
4331
4690
4939
4682
4413
2193
4262
2185
3216
826
3592
1914
3299
1778
2858
243
1018
1445
3160
3731
2938
2685
2702
629
4103
2480
3786
4181
626
2750
3775
1790
1863
1305
2757
2720
2793
744
3406
1781
4901
719
1438
1569
3476
3863
3699
1854
4273
1500
3082
2589
1796
2282
1177
2663
3302
5038
3091
575
1109
124
2198
2454
194
3823
4195
1946
51
1738
4778
3723
1727
1673
2751
2340
869
4546
2474
4525
1483
666
2641
774
2224
2375
701
3810
5020
4692
277
1520
4919
163
3720
3780
1061
3566
5048
311
2288
432
316
4247
4468
2089
2675
542
1262
4000
531
2036
1890
2947
1698
2415
4334
2273
397
2754
1709
3434
1366
909
441
2442
1752
1810
2777
2965
4937
2583
2190
2687
4960
3978
1700
1613
1337
3684
2748
1333
58
3194
3255
3068
477
1722
618
2774
2697
4845
1455
2843
136
1827
2532
4821
4619
3576
1600
2216
1982
1187
3318
4003
282
3170
1729
533
3323
3640
236
1929
4684
2620
1973
3883
1960
1856
2304
1770
3385
3416
2985
887
4238
4047
4407
1294
1899
2982
347
3441
2047
753
5063
149
1076
1941
4515
3864
458
4406
3258
532
1773
1540
3544
1007
2472
3369
3665
1721
2040
2878
2398
1083
4048
1712
1992
4105
406
1952
3418
4320
3275
754
3967
115
118
2547
1991
4771
35
1351
1522
4263
3387
2118
3156
4765
3772
416
538
4830
3462
29
3188
360
1840
1404
10
1011
4023
873
67
692
878
3902
1949
1042
1193
373
2705
2859
3435
1962
3842
2136
2062
4738
1395
2105
1283
1446
3760
3396
4787
4724
743
463
4532
3622
3549
2471
3389
336
550
333
938
1298
4391
294
1694
641
2913
4314
2530
3320
4107
3214
3030
1518
3097
482
4569
110
1020
4643
3833
4462
1895
4396
2580
1543
582
1881
2700
3335
1994
965
1931
4167
5068
589
1347
1631
3020
2324
3744
1354
4066
2936
4926
4931
1621
1926
3073
4231
4489
1165
1096
950
5047
334
4256
713
2678
64
440
2902
3584
1295
836
2260
4967
2129
1341
1158
4745
2441
4976
503
2921
2366
4321
2563
1474
1252
3015
1567
4323
980
4823
303
3276
4289
2312
4423
4878
2369
1460
3774
2199
53
2055
433
4957
3122
3189
123
632
4761
1877
4020
673
1001
4029
1349
2299
1648
4627
665
1196
3345
4662
1253
1839
1275
2841
1457
1785
2274
1901
2350
4912
1327
1767
4337
2242
2001
3004
3209
3551
4782
4820
977
50
3878
2753
4783
3241
4397
1023
1194
2789
3391
1746
125
1913
2409
2308
3851
2210
3912
320
2655
969
4722
3281
2068
4510
3797
936
4248
3405
174
2939
958
4173
4548
111
3157
4691
3788
4267
4217
2277
3072
1246
157
4605
4534
795
1010
4210
2797
3620
467
662
517
1803
4193
2251
2438
3992
265
804
515
3227
145
5074
2590
3040
3942
2586
2788
1373
1682
264
860
1903
3446
2508
4041
262
788
2064
689
2680
1814
4857
4536
2103
4044
2266
4818
578
182
2804
3633
4754
1461
4509
1443
1966
3791
104
3041
2473
310
46
2733
2672
468
906
2201
790
831
2301
4610
2083
2448
4090
1063
215
2724
65
225
661
2482
3494
862
1951
4528
301
3758
4999
3807
3240
13
1619
4566
3517
3954
1392
1704
3880
3220
4159
714
2359
5076
3595
381
4138
1586
4226
4201
3890
112
1240
2109
1204
711
2367
3142
135
585
3207
242
4063
3819
3217
2348
3445
2203
4374
3696
5065
1181
2410
1765
1424
2414
4518
4671
2134
698
2780
837
3463
1150
539
2
2916
382
4543
356
1792
4759
3270
3164
3440
929
4703
1407
3860
4257
554
2459
496
3362
3613
3146
84
2417
2295
1178
3232
3298
4481
1033
1225
2922
3685
3718
4669
2092
525
4626
3588
1324
4164
4790
1170
389
4501
3497
3123
2814
587
1310
912
1429
519
4503
4772
3083
3892
4500
4945
4585
1027
895
2851
3781
1990
737
1264
5009
2419
4700
4438
3482
4494
729
4924
1265
481
214
2146
1431
3397
3174
3651
4005
2492
1073
693
2254
2822
4758
1462
2684
4444
2234
4834
1950
522
1672
3789
1507
2905
1233
317
4657
4869
499
4017
999
4165
1117
138
996
2498
2360
4364
1450
658
4825
4095
1140
2619
4598
1978
4904
4089
4947
3669
3678
3513
3876
3587
1833
3196
4465
24
4590
4080
462
305
4855
4361
3816
2052
1561
2997
4368
1887
2712
3831
799
2395
563
1513
239
2139
1807
4905
840
5029
856
4949
4854
3581
2656
3930
4881
2477
2043
745
3739
4829
1662
4283
1477
3054
4458
3260
1074
3425
2976
1548
3672
4800
1284
3660
4681
3351
166
2067
3940
3543
3989
651
855
1242
2749
1149
176
1819
337
1554
2627
577
3726
1216
455
2840
4134
4442
1219
1919
652
1524
811
4542
2373
1845
2029
3019
801
2744
158
4582
3649
3961
1326
0
5015
1209
2891
2723
2631
839
198
105
5033
2445
1296
92
4942
3753
2958
3093
4098
3648
1851
1213
1932
885
4079
1030
306
2231
3062
3478
1864
732
4053
4930
1985
3180
1747
1029
3289
3204
3983
331
2950
314
400
2813
3363
133
2975
4716
3591
1345
1905
453
2844
40
2351
686
3742
4594
3070
794
3882
3011
4928
12
621
2798
1577
973
1775
3316
4456
4521
5026
1750
272
3199
3242
385
901
309
725
4592
1348
4709
556
3322
1697
2279
3938
1471
5005
3530
1128
1563
4986
137
1156
1314
814
2737
2833
4212
2596
411
3243
4326
994
1169
23
4678
3673
1742
5031
4373
1512
1923
1956
2558
398
5077
5008
2212
4429
1139
2715
748
1828
549
4491
1144
4742
527
4253
3508
2167
513
3297
1838
4191
1711
3997
4653
2440
1185
4649
395
1263
488
75
3226
2307
484
3286
1506
1136
3447
2402
4506
1826
3500
2387
5080
4768
1909
742
4507
5057
90
1553
2812
1606
1526
2848
3735
541
4826
3266
142
3722
4969
2838
4508
1536
2511
3290
4473
4415
3534
3639
4279
4583
733
995
2827
4726
2114
2016
3850
3332
66
4223
2162
2868
1093
2690
4470
3558
1944
3053
1454
4909
2284
4950
186
4108
4185
1724
4935
3778
3444
3465
1811
3467
5085
4363
103
3443
119
3359
2434
631
1749
3305
1562
4308
4054
3645
1726
1517
1466
2861
450
1789
3022
709
4645
942
4194
2660
2825
2209
3428
2941
4133
5004
4082
3256
955
1918
3724
4439
1322
1656
325
2809
1875
1394
695
2000
1267
1597
2537
3708
4910
3148
4009
1760
1824
4258
5066
2884
4667
4482
284
1818
4672
5039
704
1456
4129
161
2665
4240
4770
2071
4447
4572
2575
905
3063
785
2101
1123
307
1452
3165
2740
1720
102
3468
4544
818
2564
3086
434
2019
2218
78
3
3811
2368
3617
4513
2518
1917
3407
3583
1148
3490
606
2319
4696
4347
3518
2683
1757
2952
1988
2407
1075
1355
2115
413
1794
3254
2639
4773
4042
2770
916
1609
2553
2035
2222
2317
1072
4739
4431
1396
3100
778
3612
4748
935
4877
2455
1453
3077
926
1389
4179
722
3776
3117
249
2056
3395
4301
2899
3784
4297
3252
805
3071
4844
2962
63
68
1021
1686
4087
2535
4887
2555
4718
1221
750
3375
2927
1180
1141
2778
2376
1433
849
3526
1933
3689
2970
3145
3104
1157
1579
2250
3962
3903
3233
934
409
557
1069
3376
4727
1669
1410
330
1147
1472
2325
720
2437
1145
27
4209
1388
312
127
3701
2658
5050
3686
3824
2296
1048
3559
3249
4
4121
1514
2278
4137
3479
645
2889
3234
4172
2862
2581
4735
107
3999
210
1406
2002
2561
2548
1361
3271
2363
3259
924
3987
858
561
640
1086
604
4464
4866
4704
1353
4093
534
202
1279
1713
3257
3049
1379
1325
5086
2244
1892
4911
2752
851
612
978
590
2650
3094
2051
4979
2946
4775
633
48
3614
526
1545
3069
4448
3629
1916
2730
3910
4599
4014
884
4900
2668
3593
2394
1234
2336
1813
2267
3295
4199
793
4171
758
1502
3200
2556
1432
4552
674
241
258
598
1293
429
1409
1870
573
2087
2178
4560
4791
857
4898
2605
2042
3055
244
3897
2364
4948
2485
4750
3154
3402
1212
2640
1912
4051
4941
1414
383
3349
4538
2303
3929
3748
1309
2986
1755
1239
3853
4712
3033
3393
4563
4963
699
1688
2635
1383
4161
436
3453
4586
3106
2507
1301
2875
768
3484
4665
3759
2686
4744
1330
4495
2755
4356
3383
3398
2887
1034
5042
275
2120
3529
1983
4760
1183
4686
4644
3112
3474
1675
326
2038
872
3309
1865
1498
2931
3698
3293
1481
4524
3625
3037
705
3687
1580
1511
3282
1575
4666
741
283
3522
947
2048
1331
2272
2289
1098
3875
2457
2651
2856
508
4400
3711
1288
1717
4266
1538
4292
2980
1188
3975
4571
551
2855
4114
1059
2184
3615
3341
882
2703
2433
4019
3195
2539
1846
1906
4378
838
2381
3403
1197
2989
1203
437
2630
560
1146
1963
2995
4286
932
3659
2163
821
4852
2940
3179
636
3856
2171
227
1741
1798
252
2157
2243
2538
4970
2670
3473
3808
3702
3796
820
4463
4294
366
4893
4884
1278
2427
4349
4409
2551
3616
4433
1728
4100
4863
3740
1629
308
1175
3458
240
4623
3800
712
2400
681
3531
205
2181
1100
1133
1734
2969
1958
3202
2942
919
4299
4862
2088
1176
1907
982
4180
2759
3181
2932
286
2347
1599
4647
1338
4162
2012
1504
2302
408
3670
479
4699
4190
4806
616
3973
3152
5036
3712
199
2696
4568
4203
3677
1744
298
1501
2182
2230
1458
379
1026
5037
1142
5082
3841
175
1645
1088
4475
4242
2170
3993
2765
4827
323
371
3002
2554
2097
1002
4675
4119
259
2124
2876
3804
405
4221
891
3023
30
4831
472
2371
3450
4816
3998
4663
4062
3700
4200
2070
1497
558
1707
2403
3412
3394
4853
1650
204
1323
2769
3707
2805
3586
3262
358
4486
4858
3264
1430
4275
3907
4720
3589
823
3600
1317
3898
2236
2999
3186
3927
1596
2735
1132
3884
4477
1979
2268
114
1318
4352
2461
4689
31
1251
809
3119
764
3846
3036
1313
797
2494
883
4124
4018
4559
1546
2787
4385
943
2600
1861
1065
4422
990
3667
3695
655
4620
4577
93
493
62
1097
4715
2852
1115
3572
1124
2810
813
4628
4913
2110
341
679
1534
2456
4398
4632
4402
89
74
1920
2953
4146
4992
4111
1873
1071
853
3822
4345
3167
6
2933
1266
4624
734
4096
4237
770
2007
4113
504
3414
4296
2914
4277
4886
3524
352
2215
4144
4140
4436
4526
664
702
3964
2423
2112
974
2075
2644
2220
2059
2331
3079
3039
2857
2021
620
3536
3153
1480
3138
2533
1412
4206
1224
1102
3556
169
875
3248
4673
997
3795
3307
2111
4312
1019
915
4083
4288
3840
4753
1463
2486
2499
4631
344
3767
3714
3149
630
1340
4728
4917
3085
827
2669
41
1550
3888
2106
2200
829
5075
1614
3485
260
4244
4677
36
3590
4045
1110
2449
2401
1948
5
200
3486
4008
2462
2609
1413
3671
1661
667
3008
3829
3215
649
3535
386
2044
3717
1706
2803
4922
2221
233
1809
3527
2451
246
1160
1894
3470
213
3364
2175
1888
5025
423
3803
3944
469
688
1469
445
3904
394
4589
1947
3400
295
1320
2879
1544
2189
3437
2147
3013
1637
807
3641
4333
3773
3985
1343
2450
819
32
2972
183
3861
5073
497
1835
2776
2629
3981
1202
5024
948
2592
2361
1993
2794
3836
4404
4420
528
2608
4324
442
4613
2567
1268
3917
4698
4985
2269
2276
2323
1857
3469
3360
3244
195
1532
4799
4531
3261
3900
3340
1300
5053
569
4981
1359
447
1089
480
4929
2108
3124
3177
2791
822
2439
3178
4713
457
2298
2179
4012
377
1855
2540
4867
2176
1974
2614
3066
3977
2426
4602
3399
2095
4871
1886
3210
3603
1776
1616
3827
4218
3355
623
786
4202
1087
2233
3191
3533
2860
2873
1996
4813
3666
1329
1516
3690
139
2467
1871
1426
1902
1363
2603
1236
902
2283
803
4658
1214
2949
2790
3350
880
4425
476
4478
2246
1172
3769
2823
3429
1623
3333
1774
3386
206
3057
2257
1285
3710
2443
2758
3092
2432
2309
4755
3885
97
422
1862
2466
1114
3380
3729
2871
1771
685
4092
3838
1508
3502
2654
1602
3172
431
971
3837
1138
4995
1808
3925
2335
2593
3515
3799
2961
611
4260
2197
2676
4339
4072
2816
4769
1210
1503
1763
4637
2863
2888
4319
3736
1987
4466
3287
2506
1364
3624
4779
2346
1725
4527
4026
2345
2595
291
5088
4230
4329
2842
564
5052
1270
156
1346
165
806
4362
2642
1684
1143
635
2372
287
2204
3644
1390
474
3709
1232
2140
3108
3224
3546
4151
1998
146
1411
2149
271
2505
1255
1375
1878
4977
4302
2850
1440
3495
3561
749
3035
230
4454
2076
2408
3792
3147
2591
3628
2512
4136
1601
4010
1496
4170
3315
5078
1745
638
73
3300
4701
3279
1893
4344
2811
2903
4892
4740
372
2390
3017
1473
3703
1841
954
3564
1624
4943
3346
3569
607
4251
3777
1205
4540
2453
401
403
727
4539
3296
269
2249
4777
2155
4069
304
4955
2280
1493
565
390
2028
261
890
2496
1842
4060
4822
1683
3922
3171
3168
2906
2944
4016
2135
1687
3991
3417
3871
2637
1740
1051
3541
270
1442
1849
3834
3571
2673
228
966
4357
3636
694
4091
4843
4328
3679
4480
3751
1961
970
2835
42
4766
1378
1630
4721
1997
1315
2526
281
3009
2488
4639
4128
4168
3683
3986
1859
1401
4990
478
4641
3317
1163
4394
391
3498
2623
302
2632
4043
4965
402
910
2264
2636
1311
773
4774
1046
2785
2255
1633
191
2831
1699
122
3459
3510
762
1539
1822
3943
659
2405
4496
4216
5056
2517
3877
1617
4370
896
159
196
4656
646
1674
3337
931
4076
1281
446
1155
1152
5079
3273
2370
949
780
1174
1777
2194
3358
98
1696
3325
2004
1235
4695
2271
4921
1387
4567
1350
1756
4228
1125
4399
731
3310
4318
2915
9
3946
367
3125
1154
1459
4148
3738
3866
2413
4177
4379
1304
4160
5023
3682
1885
2156
2334
2761
1730
2994
2228
1604
2293
1365
4343
4197
907
396
2604
4860
3995
5071
4280
4558
489
1035
4131
4780
586
4307
2830
448
4856
772
4697
254
1762
2493
1632
4031
5087
1101
4110
3763
3859
2090
4243
2388
3343
3937
1999
276
760
3409
4882
3966
707
782
2128
16
2341
4040
4004
1739
817
4410
864
49
1273
1113
3656
25
2153
153
2332
3213
190
1491
3894
1748
3185
338
524
1564
2893
59
1316
192
4487
4239
1250
3334
3182
4155
1182
1805
490
1258
3812
1628
3688
3762
2801
1486
3107
3304
4153
1434
299
4405
3319
4389
4954
933
4694
3162
2955
1889
4801
1651
4376
460
1465
4668
3067
850
2142
1119
2546
2924
865
2597
2172
4205
1031
3956
3634
2582
147
3525
599
1189
1759
2745
824
1815
116
4785
1352
3048
1804
3163
4621
2647
552
1277
3574
3704
2180
514
1248
55
2385
2022
1064
2836
150
1625
3933
1758
3924
4989
3552
4070
4132
1308
4290
459
3250
2321
4932
3427
2154
2622
378
2333
4186
1552
3012
2767
1357
2294
177
3870
1955
791
4322
2362
4618
5045
3137
1761
4883
3246
2463
4225
1817
4265
322
3936
4224
4972
4408
4554
4591
2020
1743
376
2993
5058
3844
3713
3568
583
4049
3477
5046
3928
128
329
1953
2643
1795
4393
781
4832
767
2799
321
904
1398
2458
71
2657
4711
1671
2886
4654
3183
2732
2188
253
3594
3676
3111
4747
3005
1256
94
3765
1423
4154
2326
2920
2489
3565
4625
2057
724
1215
3895
4608
2688
70
2229
4575
2027
185
2113
4117
3681
2031
3652
188
3029
1135
1282
4888
1823
3113
576
1611
2601
4553
1703
2005
1642
1505
3965
4719
3779
3024
1825
1780
2775
2483
83
164
1936
4875
3664
3379
4384
1439
1708
4973
1866
4198
1852
461
4792
3483
536
2992
4751
3144
5003
4580
2391
3384
4335
1764
266
3655
3489
4184
2104
509
2265
222
3899
3237
639
613
3223
3623
420
3918
2393
3737
483
678
3151
2815
3768
154
668
1334
2817
180
1241
1821
1799
3976
355
179
3909
4325
4457
184
5064
1419
235
3980
1376
4994
920
676
4734
3839
3089
4382
1930
3238
548
2428
4188
4310
1549
1081
1371
4130
4330
3007
1079
3408
4723
4387
2839
4046
4196
2978
2316
2099
4104
600
4182
3782
584
2617
1336
1653
3511
2983
4803
4156
900
4120
2248
2123
2342
502
1618
2531
2829
2159
113
1105
4261
2352
1665
4291
963
4764
1425
2177
4814
4940
88
444
682
1276
285
3988
1676
798
763
443
663
2524
2431
769
4086
4360
1647
2259
1116
523
3743
4348
4411
5072
1718
3979
4588
545
3032
4065
1321
3867
3422
4346
4655
4025
4916
430
2384
1879
3716
716
1173
4367
339
3604
3431
3087
4767
4541
656
1231
2900
