4411
1111
4695
4797
2916
3146
2596
3888
961
1411
3345
3925
827
1059
4580
4268
646
937
2067
3824
4173
1511
635
3418
151
2792
2120
3667
1136
4688
462
412
4920
1020
3877
1795
10
1865
3980
872
1565
1426
4277
4152
4477
3004
2801
4926
4105
525
2369
931
683
2601
1635
1667
3831
4827
3536
819
1449
3591
3453
2543
5017
4847
4383
4732
3970
664
4686
319
1144
486
2844
4623
1307
2412
2861
2634
2373
249
4599
4110
4573
3929
470
1450
4963
3502
4925
4511
918
2881
4242
12
345
1135
4878
1271
4376
3505
441
1044
4465
3235
1569
1898
2570
1415
3649
2057
1810
93
4608
3291
1715
3900
2381
3921
1302
342
1519
359
1507
2929
4168
2121
4974
4163
4445
1596
2294
5022
4872
878
2138
747
374
4382
3271
4746
1167
1938
3689
1357
2454
2859
2928
4625
2864
2472
640
4129
3790
4197
4368
1007
2463
4789
2918
1687
2515
781
3095
4443
4984
2755
1926
245
946
3643
361
3716
254
4563
2599
2682
4659
3476
1570
2450
59
4208
4550
2306
2665
979
1953
2521
3684
3889
1099
1174
2990
3211
1930
1355
568
2958
1025
3335
1068
2043
4067
4373
4907
4006
2851
1388
4794
3038
2353
4145
3659
4841
4646
257
2168
915
3191
950
1328
495
2960
4460
2278
1998
179
1143
243
2623
3905
4215
599
661
4833
49
1564
1242
4313
3789
1525
1980
5087
3199
2371
4836
4768
3024
531
1465
3242
2877
2508
1768
1531
2545
5051
4778
4349
1879
3347
2331
1813
278
4412
1598
1222
959
2386
3619
4844
3075
1606
2574
803
1375
1446
713
3714
2703
1539
2414
3048
796
1816
1277
3648
2014
2921
1986
848
4886
573
3604
4414
4196
3233
356
1540
4539
4669
4226
3000
3771
4407
4809
1689
3825
288
3625
4766
4935
90
165
4883
1867
4097
2481
589
3521
3259
4128
2648
548
1327
3873
3314
5033
1226
292
4061
2585
4264
3468
2662
4707
4800
2091
3136
4858
2178
4610
3208
4025
769
2659
369
497
18
1127
4657
2968
4808
427
3449
1266
80
3748
1294
1468
2713
3988
1116
2070
2542
443
4796
2697
2924
4231
2626
3887
3737
3816
3243
96
1451
3954
4745
1298
3306
4202
2815
4840
4529
563
2374
2800
3337
329
2957
1909
1674
1994
4642
2953
3594
4011
4118
2653
2110
2579
3634
2461
4343
1981
2427
2201
4396
2433
2000
1831
4940
2695
4499
1223
4930
4303
4039
1951
1362
3425
923
1677
4547
336
936
3222
2617
1895
485
1690
263
1435
2045
5040
770
903
3114
3074
4941
2205
4297
512
409
466
262
1052
3821
341
1316
3446
4170
360
4447
4945
3109
3016
3052
3493
3751
4241
707
1901
2062
1756
143
3269
4885
3120
1642
1581
1054
4480
1943
148
4577
33
2004
4793
1460
4600
3290
1793
4468
321
248
128
2672
4603
1441
4236
1215
1218
1510
3473
1001
1457
1956
30
4498
2072
1393
2507
2218
2478
1798
3705
2685
2282
2905
4644
1643
88
4667
913
159
365
4684
1678
2487
2759
4892
346
556
4389
4555
1502
3934
4630
2974
4605
1929
2787
694
3186
2803
2008
2541
76
1658
64
4431
538
4096
313
2378
3292
1878
4712
4501
2802
5077
1590
4777
4146
180
2882
1985
3822
780
500
2039
2187
2239
4132
3729
362
909
197
3763
149
2211
4045
985
246
3395
1354
2745
1965
767
1669
1585
1555
960
2077
4895
1803
2256
4285
1395
1312
523
2167
482
596
191
3391
184
607
310
1908
3572
1566
2257
2740
1187
2829
1161
2307
1671
4363
2179
5084
2156
787
1593
5032
3205
1630
2876
3051
4300
2094
4281
3128
569
2920
4929
3343
3690
4295
729
4757
1495
3111
2428
1807
3787
791
222
4848
1182
3562
879
2268
156
4604
3491
1341
4601
1614
373
3041
2185
3101
1601
114
2575
1285
4709
4181
384
1389
2856
1272
400
2932
3433
4751
2470
3143
406
4795
2392
255
4082
4048
1437
3141
580
681
1923
227
3532
5036
46
806
4887
2939
188
2765
1433
1431
1501
3675
2397
4095
3008
3319
1413
4870
3869
3265
3923
4070
1612
65
2269
4784
5023
4991
172
3773
3565
3364
697
2756
4179
4758
1422
732
2863
3183
4551
4000
166
1708
3890
4938
4672
2827
3006
5043
21
4079
756
1030
2464
1821
1082
3137
47
3207
233
4520
1035
590
2361
1508
3209
2930
54
2438
154
2808
3328
4372
1847
2206
1842
3373
1331
774
1824
1417
3379
3132
1945
3116
339
1591
2906
2283
3500
3732
947
1092
4728
1620
1772
4819
2126
1352
32
3507
3672
3278
1204
4324
1823
1122
3871
2007
3077
1707
4135
1818
2655
4504
1716
1752
3176
748
2822
4617
1270
2993
4158
4162
1477
3238
487
2352
4448
5082
3626
4346
594
3586
3339
3294
817
3628
2852
4178
2948
1595
1101
383
3457
1891
2429
1516
1762
2293
5066
505
251
1248
145
1260
3669
1286
4680
1652
2919
1888
23
3909
559
2263
4842
1832
897
3225
4086
1169
1063
4187
4347
3169
382
2771
1427
4153
1761
1862
3758
455
3697
1543
4614
3193
3537
2
1577
195
3366
3180
2092
1320
3807
177
1469
873
2202
3514
5035
2367
3640
3922
4918
3083
4658
3749
4590
199
499
3017
3477
3784
2227
3354
734
3445
630
3232
350
2836
1825
4260
647
3683
3123
4622
1946
3898
1693
4244
3754
2870
1281
3681
4540
1149
3996
1186
202
187
3891
2034
5064
110
3914
1738
3131
986
4081
429
4209
4698
5030
4899
1138
224
3194
50
4514
4428
2539
3907
491
1801
420
3699
3431
2362
2116
3320
2825
4922
852
3001
2558
3096
1759
2711
3093
3519
4304
4798
2996
3578
3639
1828
1493
3341
4578
1303
2823
4678
3849
760
4860
70
3756
2485
3142
414
4663
1885
813
3078
2506
1326
3257
3637
4954
1767
3677
2063
1142
5003
2644
2649
3398
1170
2989
4897
2379
1884
3885
3879
587
3804
934
1130
1695
2810
1829
4825
3011
1253
1249
4538
2830
4489
3917
965
4517
4415
5052
851
1040
1239
3731
401
4420
2739
3464
895
1657
1087
3872
1592
2992
1153
1117
44
3786
3221
1527
4861
2129
2965
3284
1041
2114
1680
1429
749
1387
2902
3945
3372
4754
386
5057
4527
4199
3613
4863
3299
4332
4537
2923
4901
4188
4333
2817
1139
1330
1712
2687
676
2632
2561
822
3528
3764
4380
119
4377
67
4506
1728
332
1361
1463
1734
393
252
4810
1644
1374
2093
4982
3544
4058
898
3270
987
152
765
4702
1371
4435
1372
2448
812
2288
3798
651
324
3736
4718
4450
3950
1265
2247
2502
5018
901
5083
247
826
3068
4953
1993
1097
745
2524
1470
1503
4390
354
2106
4452
1378
871
4503
1317
1313
314
2316
935
1268
1883
300
83
29
824
2251
1168
2058
3853
1660
217
3908
1962
3839
2595
2572
1560
3835
2492
133
4497
3693
3055
4939
1530
2722
325
717
1559
1081
1350
4735
3406
3534
4675
2994
285
3428
2015
790
478
2035
3747
4854
3522
1623
4679
3928
2949
3547
460
198
4549
4727
743
3084
3127
3150
1046
869
3427
3719
663
793
509
397
1235
883
2146
318
4274
2719
4284
4713
3533
5028
438
3305
859
3397
3828
3089
1164
3975
1194
4588
2474
3456
814
1060
1736
1466
4386
518
1214
129
2619
2760
956
213
1425
4326
4227
1721
4341
693
4673
688
2853
5075
4591
3584
1750
614
1096
714
2824
4785
2244
2048
4422
2271
1345
4906
104
2075
306
2554
650
1982
2253
1029
3094
2751
4932
3605
4756
2683
3301
4018
4233
864
1969
2496
3571
4060
890
1391
1587
1065
4289
1607
4180
4968
991
1819
4210
4822
1401
1524
1232
4019
1745
4742
155
792
2777
4814
877
4792
4564
3082
1646
3317
3059
914
1504
1611
3498
3959
3054
3377
3130
3882
1296
4397
4934
123
586
4830
695
3973
457
2493
778
20
2424
2022
3596
3780
1764
3994
2023
5045
881
2578
3018
3170
673
723
2410
4228
1409
1202
3149
4741
1686
4960
1479
1211
2137
3931
4813
92
1256
1421
1347
376
2232
1792
3741
3231
1535
2001
2698
3755
1058
1699
4035
3566
5062
1039
4034
2173
2893
2977
3569
239
2583
2664
5049
1227
2909
1293
1518
3355
2837
3376
1072
2615
3666
4212
1940
4062
1459
4359
4339
4203
632
3484
572
2097
4782
4217
1128
2059
4036
3967
1273
3957
4760
3904
1567
1497
4769
1228
3417
3815
1237
1968
907
539
2319
3895
1562
2790
2421
1942
507
193
3061
860
1805
3369
4710
2544
2290
3188
3164
3287
2210
2380
1769
1713
2581
2547
2927
169
3099
993
2731
2408
4764
4890
514
4108
2437
3483
2675
4154
2053
108
4306
2006
2193
4826
3830
5013
2235
2532
2207
4219
2901
3404
1236
4
3288
3506
296
3499
1396
3783
1500
4161
4093
2911
1024
4235
2181
4309
4958
4143
4259
3416
2255
2010
1784
4866
268
3997
5024
236
3103
2163
3777
4924
4715
3435
2388
4305
2088
906
1822
2027
2081
4375
701
1037
226
2358
4987
2295
921
4138
3237
331
3023
519
3508
4391
4278
1977
440
742
26
1536
1290
1963
1571
2337
2021
1582
267
3972
4141
4693
4864
3555
4743
3947
3589
1960
1880
3912
3159
566
3025
3568
3859
4609
2926
576
1881
3360
794
5065
530
2894
752
2002
1485
1349
735
4946
3701
4771
178
3635
924
508
4207
2950
706
1797
1506
4311
876
846
970
809
3919
2447
3219
4725
3631
3022
4902
1532
3429
1028
3161
4694
4220
2217
3086
62
2934
4009
3050
3106
1869
4523
2770
320
2118
3368
56
4507
581
5061
2343
1984
4964
2707
2834
2225
3792
2435
3309
1337
204
3899
736
3163
4490
1935
3156
1176
2498
1599
1033
1521
4014
997
3999
802
1775
3358
1217
2888
3088
477
1758
4690
700
2111
1617
78
2743
4371
2937
4783
3302
2880
34
3743
4068
4030
1200
4664
980
2213
4017
4744
5088
3181
1481
4995
1420
619
870
4882
535
2274
875
2143
3538
2565
3960
4811
1166
3440
823
1083
3465
91
1505
1141
2717
1325
3886
4485
811
4896
2986
604
4239
4245
5004
4542
1817
4315
1394
4356
981
3419
2322
1031
896
1486
2963
2349
351
3651
3708
2625
4976
955
4909
3330
4054
2819
4216
4649
677
1549
1841
5039
1861
4148
2828
1145
4855
2846
4607
1430
1597
2519
3893
1928
298
3213
4765
2395
4432
4421
2394
4159
2486
3423
4040
3155
4012
3382
2231
1022
1621
3939
4027
418
4130
4711
1548
343
2564
3145
2372
4615
4463
4586
2131
3760
1964
2467
893
2291
2246
4748
1292
4322
3313
494
3656
773
174
515
1887
4471
271
571
2900
4893
2538
750
3843
2366
3612
1309
1959
3283
2727
4850
1264
5060
1939
1950
2049
1243
3857
1178
1158
5002
2128
609
3913
2390
3796
1076
3151
3856
4223
1171
2729
3356
1346
4172
3617
3148
3486
1238
1471
15
1057
1119
4413
1000
4566
4334
2584
1464
3650
1304
3685
527
1183
2315
2630
3033
1255
2764
1048
297
4213
844
1673
3007
3091
4462
2188
2912
4652
1849
4056
2177
847
3005
3539
3761
223
1732
3244
2867
3490
3733
3846
1903
4314
2995
854
1615
1369
1193
415
3774
2979
2144
644
3968
1786
2776
4047
3327
2038
3552
3906
2056
2842
2325
2908
496
2534
4074
3307
1056
4418
4845
1333
2754
842
1314
2656
4261
3509
2229
189
1996
4469
805
4282
2160
755
3520
4589
1809
4399
835
4384
4560
4426
5063
4026
4255
4392
3580
3932
4570
547
380
3385
1619
4832
5070
4951
1067
2135
3933
2409
682
481
2804
2527
3336
333
130
3990
1447
4803
4666
4762
1626
4116
4534
1780
634
388
553
3986
2164
1850
800
3040
4206
3709
2272
2403
592
1154
2132
2933
3776
1972
4355
964
4913
4738
4989
4001
399
2560
3673
564
4352
1603
1649
2273
2296
2885
4524
4424
392
113
1579
704
2141
3125
2330
3044
2642
2377
4806
691
4634
3331
4923
4668
3695
2563
4037
4434
3481
260
1408
2736
4528
2733
63
4400
2510
1720
1820
758
4357
4596
2680
1287
1584
1132
2690
164
5079
232
3346
2657
4585
4195
4455
783
4962
79
27
5085
1206
832
4691
3863
3113
4337
3201
1852
1151
4069
4572
4849
2003
4722
122
3045
3820
4595
521
4921
2018
945
3611
2721
4214
436
3974
3361
2964
3603
4740
4927
4491
3600
2871
3474
3645
1018
669
1311
5
4150
1027
1209
1499
1432
565
1319
1701
4288
3799
2309
3592
4106
2670
448
3894
240
4633
4820
2641
2236
4749
1332
1472
381
4736
2795
3388
3479
3049
744
2192
1659
304
4915
4437
4190
4576
3424
2150
2962
2347
1682
4294
3694
4160
3166
687
24
820
1323
2133
4770
1973
1544
4475
4692
2886
2242
1498
1484
3239
4670
4894
1961
612
4492
4248
978
2668
1625
2548
4522
4234
1636
434
3916
1855
3670
1490
4229
2389
4786
3915
4628
3665
150
1405
2363
3991
3085
2005
3692
1719
4721
575
4348
2494
1747
3227
2841
212
2488
2422
2897
1131
160
2445
1212
2913
4293
4319
3918
0
4483
4113
3236
3753
2276
4880
718
4981
4545
1731
2469
1322
258
1788
57
2874
789
38
570
1966
3134
140
4291
863
1188
882
2086
2969
338
207
542
469
2606
3063
1148
2978
3766
430
2186
453
4708
3606
1247
1360
234
4351
1514
1741
1156
600
85
3394
317
2783
1276
352
1683
1918
1890
4051
1365
716
1263
4787
4639
200
3765
558
1594
1779
653
147
2252
3121
1306
2012
1055
2699
4029
722
295
3195
2482
2460
2220
2215
490
3179
1853
4052
2302
1725
3325
3478
2222
9
4720
2335
1234
3728
4109
3275
2382
776
1108
2715
1377
3806
2203
2789
294
1476
3139
4752
253
368
1989
4685
2633
4262
1074
4120
4733
808
4317
1165
3927
3218
4677
1907
3380
2442
4193
4482
3135
2966
4476
4230
2149
3937
582
4875
2071
3636
4574
2297
2069
5021
2839
22
4365
3065
3454
678
3663
4175
1610
4121
628
2113
1245
1698
5059
2446
887
2079
410
3576
1423
1835
1201
2999
3561
4177
4032
1705
772
1364
3582
3812
182
925
2786
6
2605
982
3448
3511
264
4891
4438
1103
1948
3518
3987
5067
39
4308
1877
3801
2234
4823
3935
1864
4240
3772
3104
1568
3702
660
426
1335
2607
1407
1618
4165
1848
3
175
1014
4286
2849
2737
4436
2198
4049
829
4889
433
4865
1638
2136
593
1844
1970
3962
2512
1545
3781
833
1299
2324
1152
3450
912
1955
1541
885
3487
2891
1892
741
886
489
1088
3189
422
4606
2875
511
2248
3274
2971
3664
3073
3043
2646
2961
4655
4629
4618
954
157
4085
574
2860
2706
4831
4164
4959
1766
2228
450
4638
3401
66
1338
1079
3734
3785
3202
1656
2174
2892
2826
1300
2741
4088
4857
2580
1916
638
4157
4466
4464
684
689
3108
3573
2884
3443
3462
452
4961
583
3047
4761
405
2504
4312
2061
3229
4016
206
2060
4020
4950
218
474
5089
4837
2761
2013
1857
3352
3599
1893
983
465
992
622
1095
1038
2360
1814
5031
1
1651
2681
1730
4579
3076
4147
3430
84
4299
1528
4059
2026
4257
3365
4937
28
3858
4515
534
665
2123
4619
4263
3273
4189
468
220
3322
1301
183
4828
3046
1105
1351
3105
2009
3874
2847
4401
1889
1624
2221
219
4676
4280
4544
4635
1871
2317
699
3133
4429
1840
375
1356
709
3402
3359
2988
2593
1724
627
705
2351
4750
3750
4232
2157
4856
461
1086
2391
3374
4641
2466
801
1999
2890
37
3100
1533
3117
3042
5054
2204
1100
1279
1547
1123
4451
2753
1015
2025
4661
4502
2364
1109
3930
4102
1843
2546
3162
5041
3072
4033
2513
1550
4002
4098
3836
4977
2279
1203
1373
1179
2816
3632
3165
658
724
2883
5010
1070
5005
4254
454
3467
2439
3298
4763
4044
3303
2399
837
1627
798
4117
3342
550
902
2471
905
1102
4903
2688
3944
3304
3865
3977
2103
2591
944
1404
1458
2907
2767
2344
3577
3880
1790
995
3564
2714
867
2708
307
4942
121
3752
1870
2935
1453
141
984
3940
1010
2577
2878
3118
2342
2667
4385
1983
303
330
3952
2098
3246
537
2835
51
3241
2531
3800
3158
966
3963
117
2981
1011
3948
3062
3698
1053
3744
874
3115
1640
4650
2794
3224
962
3215
1975
3036
2348
4361
1971
5015
2773
2449
2300
4969
3897
2784
3432
2299
5076
1034
5086
2440
1402
2638
3545
1782
3378
3575
2329
4701
2105
4064
2744
1557
4719
2676
3214
3911
3985
3548
1740
11
5055
2115
1061
4409
2788
2587
312
423
4910
557
938
4283
1641
1376
657
2637
4645
3289
4459
4957
804
211
1974
135
2807
3978
4488
4444
4104
4884
3609
1633
2838
4156
385
142
4053
4169
41
3679
3854
1494
5038
4554
286
242
2305
5001
2339
1957
4194
2499
3329
1634
3949
4948
287
1308
221
4776
115
4087
3070
2318
726
2328
4005
3855
3460
4834
2772
1799
1733
417
4136
4581
43
3458
201
1919
2189
3614
2797
2334
2522
4541
4458
4370
1254
1399
196
2568
1003
2889
4988
836
2078
2483
3144
3644
940
3122
2073
4495
845
101
1554
