1664
36608
2955
8211
34527
37431
37376
14558
9697
24278
6291
16190
16812
7177
28727
28782
12187
38815
34206
14071
29280
34724
16655
6916
30741
6231
969
38158
18341
92
20524
19827
21392
34339
400
36638
14040
18794
23738
5618
2502
31125
14792
721
14444
2942
4146
25045
6923
13945
37673
15660
33768
3583
18740
5624
17181
13199
35969
37163
5821
18776
35556
29780
22599
14823
27419
14814
34643
11466
5045
17202
38759
33514
1146
8005
9768
35280
32627
32072
33510
2459
478
21245
36845
18925
17012
20504
10451
24494
22365
24582
28671
31368
11526
10389
14203
14372
8603
4203
35245
38124
31699
16560
9473
35370
23950
37606
37722
27172
37421
24930
10164
29324
4903
8766
15980
33581
29962
22092
21806
24571
31364
35418
2770
2678
22054
19907
10718
2182
8391
9860
18007
27628
26917
5807
18273
26496
27741
34137
33492
6617
9460
24851
22221
16726
27965
39021
7773
21433
23497
29166
13520
261
32866
30590
32757
16865
33769
4263
36874
27481
7275
24617
30712
19231
32570
20686
4726
15120
35928
9752
583
29455
36918
14309
25277
6453
28383
35830
25719
18001
35815
18160
32388
13077
15333
26117
20478
1063
35573
9909
14185
1136
7463
7349
35385
22527
38333
22977
37533
2622
20046
14333
12025
13312
27625
3806
18822
11370
18372
6918
38142
8974
22295
1700
2583
4354
21850
2432
25302
16953
27926
4876
17044
32178
13818
21439
10053
883
22316
17190
21268
3934
36560
28871
2745
32447
38829
29319
1398
1062
29264
24485
6241
22916
23874
29407
31231
30869
29983
21834
27541
36708
8715
7721
36586
31617
27334
29201
34595
10925
39018
32112
12549
4700
8428
25571
24862
11085
9830
12617
23042
28868
12615
23406
7562
18690
34573
3326
4867
15331
7595
693
37278
2424
23425
15410
24961
16344
19197
35039
14085
24509
34251
11534
34340
24055
14483
11945
4891
11442
17843
33236
3084
32681
21409
23551
38522
32807
24100
35636
28734
37941
18008
12765
12204
23057
13447
35776
28839
24971
27931
6249
15171
18756
27478
3818
25757
36253
17361
32792
26944
3863
27609
28647
3907
4851
17281
744
15618
33347
7441
31858
18664
20696
18410
16170
38043
19198
681
37609
15372
3961
5973
37091
38381
3315
12504
14913
9072
26819
8843
26740
31705
14512
29902
32875
27704
947
28587
32614
38550
22743
3124
6367
22756
23253
15002
16125
38974
1271
37995
33894
4736
30805
21726
30327
22457
32353
18935
14559
2854
15523
6363
36930
25588
11724
14017
25540
20506
13934
29087
38613
25030
33292
1046
7982
12976
5220
11302
15485
1927
34325
35329
32255
4027
4013
23469
10460
35802
18116
785
1215
29590
16071
33799
36490
3131
12136
28976
36610
27631
34646
17053
37047
39043
21317
6034
36025
35597
13719
24450
4173
12584
20866
797
16942
840
3649
24324
29850
7226
10046
15553
9514
19345
18068
32001
23533
24938
38197
8196
13256
38094
28003
3995
34921
20754
15828
7305
4286
18362
37706
16317
36891
7048
29710
38341
38130
37277
38994
23262
9661
29791
8306
11602
21931
11461
17205
2993
33849
35442
17151
21352
37574
25023
1507
28351
36475
24029
24630
27928
5582
26424
22041
3396
3159
38405
36807
5259
30832
26947
37233
1609
11827
37918
953
6996
5054
26880
3896
27380
2785
3672
32524
22580
29863
29194
2406
19746
38245
29632
8804
33613
27703
26674
38775
14265
14837
22850
20988
30856
30953
18541
18235
33637
23012
26105
31999
33988
20676
33409
35243
33488
37892
4171
36634
3715
21283
24273
19864
23278
7119
35242
24587
12709
7139
28679
32999
20162
10165
29439
38237
2799
24608
7988
26200
30044
9806
24713
15510
30383
30748
15968
3801
7968
18672
34962
10586
32588
24144
25411
25914
23749
20798
23922
13420
3063
189
16244
18986
20361
24049
34893
14341
33788
244
29631
32532
21459
5494
21399
24736
18369
10859
12357
35849
28504
38634
27500
14084
9357
25796
4557
12535
23892
30654
23994
15961
14593
8711
33838
15726
38190
21482
7928
28535
20395
32370
36569
22333
26697
10845
39005
38957
26023
35148
4933
3245
22121
33785
24856
18313
32168
7451
15930
14481
33305
24465
9447
364
35658
33694
33233
28907
35612
6150
32635
37103
29267
28306
11484
16448
37550
25396
36307
16084
22471
10428
9315
18872
6794
22899
19142
5443
37123
35046
37080
29412
34255
6851
39049
18691
6632
6870
23723
10192
27679
35987
19027
14460
20055
27607
33614
15339
8759
34367
29499
3399
5901
36198
21217
24516
14073
17812
13567
38443
21801
26248
29258
10258
24836
5397
33284
9362
33652
7122
18131
37536
3374
35322
4372
24907
31146
38955
5279
5170
29979
38348
21065
32780
4357
10038
30144
26441
9278
20398
29533
38594
3603
30588
13546
15482
13223
37248
30569
9239
9188
29928
13763
9816
18105
34940
25333
11206
18591
2141
34838
25462
5164
20288
25996
30211
31097
30307
30226
6425
15207
2490
7086
678
30362
15306
21052
38837
38995
7894
27495
19174
17372
7178
9376
38250
37694
26845
29861
7406
3325
11919
38774
13502
28172
36099
4812
33383
25459
33326
38583
24506
8417
4845
4830
32559
15598
11432
32794
3132
22117
28565
36287
38204
38970
15398
38690
26202
1316
11964
20056
15104
31334
27327
24895
39036
17850
7221
7996
23852
13311
38853
11949
17672
2596
23511
24381
11232
13568
32251
3354
22670
11086
33755
4670
36485
30279
25108
3019
25721
16289
7919
14784
33573
31919
23655
29739
38890
15003
31203
14415
21306
16258
23389
2151
16181
20797
2010
4710
37538
18766
34613
2174
18061
25379
13636
845
38624
31887
18693
27259
28228
37365
28568
35996
29365
27265
19902
6553
31788
5805
38239
26394
3756
24675
27835
11365
26884
37197
31207
24441
6968
29109
30884
35320
35507
6016
11496
2631
4383
26357
17936
6488
26905
22683
3413
5741
7210
18378
20865
31513
9092
28639
16685
8285
2129
4706
34925
25552
25407
25141
25864
7198
25074
10033
18921
19431
8490
251
21578
23837
9650
17365
10712
34371
26331
1113
1419
1857
15650
21859
23279
33555
38579
7390
13260
5138
30655
21755
4477
36627
27581
8708
16097
26239
9838
32068
16060
2821
12465
14909
17813
3632
37777
29093
23480
30517
33489
38129
2266
2739
29382
21396
18642
11363
27382
15092
18843
10599
789
32296
35267
36628
20787
26728
23772
35239
38507
6682
13148
31894
5282
13152
35301
25524
36278
20812
19015
23648
17696
16488
4285
10835
6728
31312
29982
17387
36848
919
1600
11569
18572
26823
25460
20179
38366
32403
1590
31145
36383
33685
26801
19759
22770
20445
14958
24867
25428
38076
35227
36496
3036
24530
8802
12205
7142
8509
18063
38629
17363
15751
7572
23843
36866
13431
33320
16957
17792
13835
4420
21787
16010
26351
27230
37009
16737
35559
10338
14543
8907
27899
599
24593
26993
22351
13504
10160
8151
34547
20958
35131
38284
4748
13382
11517
4380
37871
36028
37456
35647
13243
30704
19635
15988
15421
7215
26134
7101
18577
23407
32091
20158
30312
27220
2450
21168
16688
11770
19111
21927
25760
14163
24236
15434
12030
16370
23845
24121
21147
14120
17170
20839
2901
25070
11181
10607
4535
2961
9136
30605
27154
31128
34461
18118
32504
38940
21029
14447
3042
4770
13205
27059
25872
9365
25484
34113
6195
37783
4066
28536
7489
31292
33631
26794
30406
3747
7479
18714
20646
34160
33385
32363
10611
28033
24084
14597
17592
20094
20493
24478
33350
8918
6421
38541
10414
13088
37646
29388
36721
14589
33997
6852
37503
31193
6072
3031
643
32057
35167
30913
21702
32630
8415
21577
6857
38760
14423
13999
1212
17132
33167
10856
1608
36849
36596
33132
9783
2267
1034
12033
33137
12515
10750
1907
12809
33253
20306
1812
35748
4062
31346
35097
9359
37798
28125
36000
2302
9599
8949
16725
23894
7551
14006
29445
37016
13239
12341
3736
5721
20735
34355
20438
699
4784
11169
1706
21062
25728
17937
30681
4331
25803
9713
19528
5888
28693
29534
38067
20788
38321
2879
21309
20523
14030
12038
29289
5920
16733
26484
26396
20275
11082
3802
30870
32397
23448
23807
31226
37312
10848
26534
29406
6257
271
21729
19579
35510
5456
38976
3215
29627
21996
16776
14765
11148
36950
23579
4967
35040
10466
21935
19944
6871
27064
1000
23993
17347
21449
23576
14234
33400
34372
79
33649
38216
4821
4550
15209
22489
32889
24662
28377
7792
20675
22394
23537
8751
32873
23009
33696
33153
15135
38651
16796
22297
33362
37622
14639
6612
13288
38262
16795
2032
27171
22495
31530
686
8953
13301
6198
11903
15010
9344
28662
2120
26407
31944
36230
32061
28387
24864
17931
31755
11703
37194
15194
9712
2600
15441
30645
38053
10401
13854
5316
11361
30770
14787
19450
21116
16635
26209
7843
30489
9899
33349
19408
672
29473
38161
37325
12674
32095
36096
31014
18115
2158
23875
25528
10458
19863
5795
29078
18243
22578
3716
27912
24452
17377
39111
36427
13988
1306
12166
23352
8082
14200
22844
8657
12727
18994
38451
27517
22220
37227
25637
29041
8933
16173
34141
10483
30769
25505
14082
665
22369
20597
35309
34951
3277
6782
29675
23349
20575
1182
9942
4754
33306
23137
25106
32940
14050
7760
1774
4035
33463
15537
27750
30571
1619
5153
6725
42
36266
9244
24426
38247
4122
6053
2419
11258
33117
34392
6672
18965
26158
22998
11297
32650
18847
33824
24635
12001
26160
6446
24661
27217
26511
35690
4001
30959
18420
22725
3517
30498
35632
29973
32746
3539
10094
26482
29457
29493
401
25257
15099
36406
6173
19645
31441
16245
7412
20220
8199
28385
10898
13954
11771
37221
28533
14859
9088
17695
4132
23092
29209
23716
16126
22809
16638
24763
5980
30621
15683
8249
31035
10469
10795
13543
17001
6915
27341
10429
30367
36702
1445
1808
34898
26720
22774
912
38946
7644
14454
6426
28680
20808
20614
3355
6893
34398
26661
14834
32886
18868
11173
4640
25861
25899
14270
21878
25265
9520
37748
13563
21650
24254
38322
8439
16314
19270
13914
28175
14276
32845
20532
1248
38656
32934
37590
7920
19626
24866
33052
24822
35206
20482
37477
8853
6894
2895
28034
28027
4374
19445
33009
31776
34850
31351
5501
8979
35756
38334
34897
24333
5453
18493
3841
28321
37110
8784
34806
36033
16643
1658
24201
30707
21631
872
36986
31083
23653
12632
4835
26785
28875
6543
23988
753
7476
294
11420
22873
26709
567
10812
26616
34731
17767
32110
27637
22320
20008
33384
13623
26824
6333
966
6694
13526
8681
29430
35099
15451
13994
23134
6415
26515
28574
38755
27708
33753
23683
38578
26766
1214
6807
3233
786
1374
17517
32984
25648
1043
17077
6212
4097
25235
36587
32436
10394
23343
35716
4979
13950
5894
9073
24629
25833
34458
23725
32427
16845
11355
8922
8298
18517
6177
31991
32411
18754
36114
16362
18585
759
7190
8238
6960
33985
3648
12436
20789
28169
2963
37567
38432
3601
5081
17557
24357
31280
17602
14600
22668
35825
23963
17477
32968
1455
3504
15685
38164
23925
25419
24834
22979
31426
417
3830
27225
38712
12145
14023
32333
15819
9813
8683
18302
17618
3446
24792
14396
31821
319
10387
22635
38954
35863
4078
33277
22116
2547
24994
5962
21978
5396
26981
24291
35795
12875
24016
19687
18367
25715
7583
1968
20140
6515
1872
23929
5242
4384
25863
16601
35438
1341
26507
3879
9182
23143
28131
5069
2897
7854
17164
23782
2012
35005
13270
21089
150
4480
21141
28276
24483
4664
14695
32045
4555
11664
18256
10028
31723
33825
6482
35516
6486
14664
4450
24982
11772
22007
38787
15055
29844
17678
22876
2392
35318
35995
34716
24562
22933
18083
13682
31244
7755
20852
36374
23901
26717
31597
25013
32973
2109
27157
35689
3850
38280
1629
35452
30831
30427
2495
30431
26921
924
20460
35460
21524
11386
14876
5974
2706
24902
1364
31215
26582
36653
35032
13072
29562
31227
30022
16966
750
15730
13658
32332
35105
30471
19895
17168
20216
16914
5886
30786
14748
36760
32348
4454
28272
30906
24611
16166
21997
23527
3883
32993
33450
5692
26073
32932
23861
33464
22177
19898
13291
32186
31332
20281
27534
12668
33677
30064
4306
15274
32197
27666
24905
13921
1634
26277
1671
4560
1920
23427
39082
5147
17874
19818
18241
8536
3230
36875
36109
28249
2591
38208
5876
19560
23140
6714
30015
11075
10057
139
36847
21998
3408
10745
27242
20320
32081
14274
32688
6186
29835
23132
37509
2892
9478
27074
29465
31627
31640
38612
30798
21899
36298
13946
2293
22196
2191
21790
15427
35591
36621
20404
12848
34460
26250
21641
7727
28824
15629
15302
22563
15556
32252
36443
26415
18056
949
647
21323
20229
8346
21467
37884
12345
28801
32171
23400
17259
15338
2047
5933
19674
38952
33410
20995
37597
36607
19652
33102
27437
13742
3471
16491
12409
16020
15150
18644
11467
27036
37754
21666
38588
13519
21108
2246
19474
24960
10849
12923
18763
10078
6724
33408
10271
7896
9345
15577
32857
34231
13078
25340
28036
22634
13611
2219
16645
5437
2489
38485
2932
7516
29393
22600
34788
174
2037
11323
16852
11401
9408
9664
38864
34171
33810
29630
4528
5131
22511
23793
1965
3073
35496
20518
28859
37239
24437
36530
9855
9271
23773
27749
24206
3089
19257
17651
18227
26897
33759
12824
35643
9387
27096
7588
38831
14982
16437
22591
33899
5369
23603
4104
23589
18460
23146
19151
27930
30132
15231
24615
29024
8185
23038
22522
489
33176
29913
27487
20455
5136
16175
12576
24772
3671
29584
37086
32130
14117
3237
22956
15902
27504
9533
5914
87
24933
34836
28283
10993
29595
38368
30485
21758
34922
31831
1661
4397
33833
4079
18405
19623
34327
22727
35550
21953
28076
38152
36711
23308
15089
38944
6653
2410
38725
2958
32381
21288
25580
499
4152
18915
5296
31150
20021
31613
24984
37559
16911
29265
17097
6267
17549
1729
9227
3431
18079
6992
11551
36283
3837
30323
28592
26986
17465
29948
508
11717
26909
22088
10783
9662
13309
20889
6148
23359
19061
23336
24303
34800
26701
2702
16596
17851
10957
10610
13527
23968
27283
14278
9764
13294
9313
19851
18049
20647
10756
11412
27228
4385
13145
3759
1363
24812
22728
17185
2750
27892
5536
9438
18521
10048
37888
32789
7603
6888
3187
26257
33021
4282
21517
21485
6905
37520
12655
6895
16072
5431
34554
4685
30951
9884
10942
14463
33177
21197
17759
8159
3563
19945
1888
18254
6688
17237
29776
30981
16696
16049
34985
17752
6083
15565
30082
4962
37218
247
1589
38982
33391
7421
832
2033
25522
6033
4139
22123
9926
3427
9834
2873
29600
5690
5545
28984
23697
39048
34051
38311
17096
1548
37097
35234
33154
4323
24861
20525
17198
37329
38912
10645
34524
14898
16728
14136
14930
29233
11649
12383
2343
15592
13664
5450
14545
1552
1189
10525
19065
35693
1298
29733
14560
34204
35143
35926
17271
38424
32863
35461
23076
2945
35837
6757
30136
5008
27290
9010
25189
9079
2959
7366
2532
31502
1275
15623
9358
1759
25567
18436
20065
24536
5806
25129
38869
26775
8583
15048
31931
2270
33
1678
6095
21146
35611
13013
17928
18169
25237
9445
9087
20855
7561
11996
21072
6185
28947
6862
15545
24111
22099
20581
30663
3292
30056
32660
14243
11963
30934
17504
5243
12350
25696
2508
2853
20990
2465
33663
9260
11066
32565
34216
29794
9324
714
34369
19884
11175
937
17133
22629
18665
27251
10570
22780
33823
31130
8139
4376
31140
11950
37753
339
37444
5484
10419
1952
16810
25177
14976
10229
8914
9501
8829
38363
32407
28055
9034
21929
33629
15234
5816
20433
2843
31925
24572
24183
34208
23246
15122
12098
20114
10480
25662
35569
17682
33959
26083
35678
27197
30512
8535
4964
14253
38104
8486
24738
39071
1646
19368
6896
17180
11737
36397
9507
33180
639
2581
576
21216
38114
32626
23761
20771
30198
7836
11494
23194
17112
90
17130
7803
9037
11882
4399
22980
21582
6031
19790
28129
24151
38788
34782
11077
30043
37870
18418
12904
7422
31081
9800
4443
7747
10347
35469
21669
2389
18421
11756
30539
3982
28237
19823
23139
22479
2836
16916
34943
35841
390
7402
6796
23196
7616
5290
13194
35257
23148
2869
37866
34817
36044
29200
12371
31882
19364
10946
22317
8176
13735
7332
35349
29697
29033
34094
29073
16386
4918
4481
2546
31778
29471
22005
23035
7169
8414
2402
12347
30594
236
34530
32028
37209
27383
7331
37251
4868
35371
33423
17000
21928
12433
8763
15069
12627
32096
29822
34104
34701
13398
5613
1015
23552
38511
23424
31030
4181
2195
1983
22460
10032
9521
31056
27152
2089
357
22127
31990
18554
12797
17290
14431
12186
3066
35358
20768
19483
21093
4529
4394
1543
38242
2830
34293
230
199
32656
24418
1337
35038
1473
15824
12607
8421
3035
21559
991
25594
32320
2217
26927
33140
37112
634
25392
1404
23078
13070
3082
27922
23971
6251
6340
20027
33238
10615
14749
26557
16347
11647
29488
2646
2209
15253
30733
13841
6526
26079
13317
812
13614
17903
30253
4223
33674
5050
33906
15026
2242
1382
7245
33523
14109
22251
19306
13076
763
30333
20399
17720
26227
7696
18934
735
994
29899
35075
12533
36150
24751
36232
22858
2924
6665
35088
18482
3322
33447
14736
15465
37322
5622
18774
902
17102
28010
38013
9683
9479
4849
23592
31886
6191
9669
36897
11310
804
4452
2514
24428
32169
35867
6636
6843
7816
28109
37478
10616
35979
34867
13048
11645
14159
11333
22964
15508
7695
13025
5562
35226
30425
38488
12613
20858
14366
29464
4193
3183
4162
38475
34158
16054
16339
27325
97
18530
35305
32542
13246
21026
25612
37360
27522
31369
7886
14311
7117
7553
19602
27944
13442
6287
6179
10534
32217
15172
14709
22883
29644
29920
3263
16574
15022
34670
25990
3441
30392
26225
5770
34606
34737
34281
19639
19315
34037
6884
35224
30550
10369
18447
23420
28001
32170
37108
3658
21170
17918
14611
34568
38192
6331
34195
11195
10400
14530
5232
10155
697
38568
23815
3333
28119
10985
35839
1376
8625
3584
33742
14635
12898
36085
35072
14464
26837
26749
30580
14099
33436
38515
13782
13845
19724
25019
37222
5046
820
11155
37532
11632
28101
28242
7337
22936
10810
9907
10337
19425
7347
15005
31098
15085
27818
7938
35582
27988
5058
33256
31423
9001
3566
2118
29219
25835
36641
37462
6922
4927
33921
34918
23386
7404
3948
5217
31604
2535
16130
13694
26570
18078
22019
12750
12826
37304
32664
29453
18646
7633
3243
26607
31700
14596
24012
29571
19205
5556
32401
11523
7036
14394
30251
32204
3620
6733
36820
3462
35985
17478
6966
33920
2170
14046
19149
38449
12213
26813
16154
17978
8774
18401
2045
29859
26217
7403
11143
13410
8638
6318
12942
6245
964
4532
2310
10143
23007
35817
38288
10987
7498
26137
27330
22786
25365
36822
7523
34403
20081
5677
5314
35451
32528
21167
5032
16112
9085
19834
34952
8359
14178
5039
17890
32617
120
22912
34791
20645
32356
16278
37235
13258
26297
6941
8983
8252
9216
8404
8771
12959
2526
23791
24488
29353
5360
9480
10839
35943
13911
38020
26336
719
2602
21205
17141
37961
29116
7077
31383
29548
30522
22689
19654
18233
17286
3608
180
11918
12181
35353
19513
13549
9457
35382
15483
30628
10041
10619
13536
31902
22907
14475
222
23017
10889
25047
28591
3369
30967
36372
20531
10955
26150
10604
1639
36943
14233
17717
28097
13018
34698
12346
20222
14922
31267
24633
34260
19322
31336
13631
3797
32941
28301
27805
1950
22368
23604
33297
36245
17706
24704
25114
27726
6710
26782
10087
24737
5879
25089
27700
26841
21181
14642
7238
21961
28506
1048
27109
31381
20556
11043
9051
11682
23319
21420
6533
16457
18856
27796
21247
5477
11787
4434
30037
14449
15397
14726
5292
10298
2372
15360
16925
31015
2049
36289
30911
24271
7237
33681
27167
14827
22890
9213
2261
18972
33352
17046
8114
28480
4330
9646
33202
11693
6697
21610
37449
1050
13225
27508
35416
22274
36885
4829
32054
13615
26339
3594
28256
3607
25844
18496
6409
21012
9179
24216
6669
7934
28692
13587
13021
20534
16043
19826
10486
16104
14994
34393
2990
15513
15082
38071
19977
37765
920
11706
26120
27200
35887
23358
1799
15356
3561
17962
15870
26502
18018
15940
9537
30794
25065
5495
1856
4663
35783
19102
2283
22021
7319
24833
8908
9696
16902
5288
30747
28787
20913
19123
31862
11135
16540
36802
19283
37452
7819
14081
30484
21464
32141
17279
35933
24554
28498
8449
5932
18502
23595
2173
8101
24469
2277
24731
4785
8022
29350
33432
35007
9327
19022
32449
20507
6627
27123
31900
31647
22328
26974
22755
30370
30630
6562
1040
19839
25922
20498
12995
35697
34687
8488
23341
36520
6489
6849
472
571
24689
27182
35261
19717
30361
9536
24910
14314
7936
24620
4762
25243
36122
26427
3770
25076
12227
14422
6842
16197
13589
11051
19986
30673
28589
7201
17218
22487
31500
521
4790
22922
35478
20920
38372
15506
5534
33322
37400
37690
24775
11606
13115
19399
15051
17047
24185
33948
12048
22211
36328
38674
18194
12318
28258
31179
23541
17163
27145
38110
11241
12293
30613
352
15013
38910
37923
35606
12918
2213
1689
15000
9384
28113
13381
32104
25946
2686
34273
28196
38277
21962
25855
24477
14488
2215
29574
376
5414
5177
24122
22435
22543
25583
4337
22298
26975
22962
33961
14811
4483
12692
33315
30614
25121
29558
129
1148
23414
12928
25150
35881
4367
16943
17988
1076
18246
8664
29052
31340
30956
29898
31914
9374
21942
3761
38973
31316
15046
3312
6914
15924
37419
12803
34292
15480
15248
18103
21892
793
34557
30083
12669
6954
4305
11600
11397
17839
700
3705
12688
37850
33149
2855
3591
12399
30508
19280
367
37207
5848
22132
10725
1352
28720
30962
29942
14484
9912
35526
28363
32612
20911
6011
5910
287
26338
16872
11319
10500
37603
27162
31578
12745
8798
5841
26049
6727
19935
25049
9081
37430
28585
26592
31229
29890
6296
33228
32754
95
25736
17842
8080
39045
2253
13481
30536
20187
4119
33505
10895
7974
682
37127
19440
39090
13129
26682
19484
22596
31682
28923
7097
32258
12532
484
31501
9300
22310
6176
26542
15343
37541
31417
14436
38682
2449
29884
28779
9689
36977
7891
2157
36838
9318
34215
34714
8833
31693
28346
33029
5238
27400
36566
26867
25811
4169
38171
22453
4603
1334
12133
22854
11033
6395
34979
2794
29819
37770
14716
16238
16302
7072
22633
23033
24873
861
19331
39002
6246
16440
38908
1630
1261
36741
4496
15702
20312
14161
14264
22498
1790
12864
7535
29008
689
38328
3687
19350
9829
20149
27455
24422
37628
26107
19603
19704
7505
37175
15130
28503
15426
22343
26268
38232
6171
35165
9986
21994
23834
12706
9737
29945
31161
30142
32962
37742
8251
4709
18042
33334
20598
30973
38530
32394
3664
6286
10412
4795
23638
526
37507
17114
14699
18345
18839
32590
33604
38710
10045
13916
1338
21105
33762
6054
34188
601
34148
19155
9140
37688
26984
19024
23926
33375
3010
38295
37527
28178
18504
13112
22430
15654
24559
36920
6149
17718
36654
35378
13551
20539
36281
26193
32935
32772
28624
38660
18910
13856
20595
35669
4587
12965
6980
22593
15502
20860
32963
11398
30510
22925
33128
15559
37061
5348
19312
19756
19449
28130
21202
20775
32420
37497
36002
22623
7654
748
33876
6208
35951
17054
34689
20308
35139
19642
28978
12735
11546
7150
28447
17636
33251
1029
25665
30526
1906
38338
3011
18390
855
31142
28552
1998
36035
34005
27424
39061
7069
21158
35221
26269
7383
18442
8328
34565
5602
16303
7112
16486
26402
17420
25453
36342
27291
35248
37171
8588
24897
17532
22601
9723
28725
11801
11784
16522
6945
23610
29573
11849
15125
21546
37141
28369
10269
36078
33828
2510
30415
11340
31323
37695
24056
36633
7992
6837
24224
577
22385
26235
25938
35029
7500
22050
2701
20256
21190
26954
31796
29662
34545
11050
16898
38589
36553
12412
32846
11239
1321
38951
13452
9169
7829
32599
17441
25196
34673
12239
24619
12598
37680
33465
11236
17275
35061
29216
33131
1196
1208
32272
34436
31272
32490
888
18374
709
7482
7909
4202
28472
23275
2184
33046
18036
27761
9412
21766
22745
8865
10774
4537
3781
7536
4068
19910
21314
29856
12906
6027
23380
5621
5788
11312
19297
7022
19569
27483
14205
35544
37241
19385
30859
24379
33602
36665
14305
8112
25646
13814
37842
10681
34953
15873
4832
36693
32124
31968
15345
36441
34435
38561
19158
9592
30150
6030
28512
8619
7439
16605
16406
4250
22043
5871
7018
6167
39037
18113
30583
32711
25619
19160
22514
10970
5859
23241
5678
29937
9935
31927
15503
22496
27021
752
17029
14413
20019
37938
35967
7256
26512
11385
35480
17196
3207
29495
38646
13717
34708
17844
4403
2624
2043
26028
23908
16917
30028
1770
28263
7435
11253
22485
16891
20559
13242
22421
22130
21662
30182
9841
34549
31019
38657
27125
5768
31563
31529
24268
20780
3904
2685
36572
8257
35292
21303
5068
21142
31982
1749
15287
27630
23048
18054
4561
10727
3284
2819
38616
10372
1730
33805
36606
33700
8273
29361
8526
13155
31187
30294
26852
344
9881
22049
22769
38596
18046
23647
13455
27603
17820
32537
3168
37405
20475
13147
28475
20726
35914
15766
35229
33877
22078
5090
24272
8095
16952
3741
5009
1916
29415
18747
30864
28022
1789
37993
15956
3897
32085
16713
31844
36421
14338
13142
12837
31520
10509
20621
36748
37109
36794
34834
8743
4103
25910
38092
4267
28682
15897
36211
7856
18289
33912
35852
7995
8655
17069
7594
4343
21491
31904
10972
19220
1525
3651
12682
13820
2907
15063
30214
5298
12374
21421
14594
34558
16896
32896
16237
26621
11625
35092
19144
31239
1911
8952
24580
39102
12363
17338
32629
21621
35023
12985
19728
30861
14156
31547
33080
13699
20195
26345
36027
25994
34370
32543
12597
8788
29276
27648
23658
8308
14295
3013
30570
2989
6845
38752
10071
7242
412
31033
30440
11889
23832
24771
8345
2894
2423
27449
32182
20804
17689
12313
25366
36365
15244
598
17241
2093
7835
29906
34133
32474
24247
30183
13727
24901
18201
16890
36688
956
20589
13404
25075
37728
38623
21010
30116
4457
15281
31729
32519
1939
10297
4497
20051
8287
33429
35317
15851
17787
27891
18469
34723
6103
31657
15713
23951
7419
18283
25541
29779
9888
19762
5215
31071
20356
5549
33248
33096
13418
4763
38934
9516
32294
27270
37345
9386
18692
3455
15309
23882
4065
29159
6259
21169
12322
34541
28590
23014
20238
807
12159
15699
6809
28500
32241
18524
31584
9808
21114
13754
28084
14659
29446
27008
6124
18012
20918
9007
32808
17721
21444
19461
6654
14862
9541
10088
33861
33244
23346
9086
32989
28712
17298
16460
34924
34331
21486
12570
36922
18757
2019
22703
23322
33448
22733
34304
28523
35044
17171
5198
10391
28955
30639
19913
5740
22197
26260
33063
26578
11417
23556
23370
29991
35888
20874
17117
30243
28675
8107
17421
9381
15392
26620
28420
3861
12086
9428
193
33114
27667
20549
15210
6334
34003
1516
36912
32855
37469
5958
23356
25943
17177
8179
22746
4131
4245
37528
213
24112
32224
9226
1247
3528
18377
15928
31809
8903
21987
17353
15105
6158
21242
6866
20294
15129
3635
19856
25779
12502
13119
34337
33198
25163
5195
5813
2211
7158
5132
34735
6341
11691
28144
6903
22335
13839
8916
27222
8121
25880
27693
16312
30171
11196
15215
35487
37234
36859
32291
4558
12723
26110
25618
12353
7379
16074
26772
6790
8225
12850
28166
24128
36600
23459
38619
9101
4430
22950
31343
18677
11409
11520
5410
32977
33935
2831
7564
38244
32538
38196
17510
5312
7159
34394
32768
34526
19647
70
25160
24549
31393
26768
11676
19062
12734
3086
23010
33369
10682
32074
932
13609
29470
26097
35721
2863
9559
28900
28431
38701
36858
33312
11999
26272
24458
7576
8668
9711
20314
36786
14783
20038
26289
29886
2995
18688
20989
31542
27048
32133
26029
32648
32340
6513
24423
15923
2255
8695
21450
36710
18976
12034
26839
18074
13949
15827
1807
28723
17221
30317
9133
24919
20334
12289
14194
21502
905
20099
27841
33445
10573
12940
34503
23324
20325
24262
7468
10022
5137
21628
38747
2234
12620
35152
10326
8456
29369
23702
6274
1890
15996
19615
24177
14379
18386
9183
22531
19689
10365
33370
13617
37377
11774
21400
27849
25892
3974
30845
28778
19997
34172
25296
21655
20160
9590
16159
2491
6273
3739
38420
33420
9373
17081
34818
3332
36979
29070
33066
23573
460
15651
18531
12987
26731
32098
37874
10978
30957
38442
27977
30565
25712
2055
12642
15607
33089
18331
22390
29745
27783
16682
22395
17139
23298
11992
16741
23350
39108
18411
5245
27960
19316
30535
8119
33084
31489
22742
6206
20102
35691
2369
2864
6592
37840
20720
17010
890
15953
8641
19351
7708
5210
7407
29181
7890
17571
23041
5954
3597
26265
38711
14127
20692
38699
38669
38559
34134
31435
36153
25700
3348
3966
10559
2652
25639
21014
19820
6748
24906
14563
35665
15943
8329
8172
188
1179
1913
10517
14885
30764
26707
11314
13113
5509
10157
19847
4768
7648
15774
32214
19662
14979
16077
988
23068
35207
24299
28652
37266
16551
6209
30776
3728
20526
36260
10760
10984
5584
16926
1602
28915
38668
3920
2501
20188
28400
27148
30827
31687
2971
32324
33214
13277
14401
37098
6355
36216
7276
35662
7108
35946
19843
15738
19264
32433
35209
38821
19803
21608
34798
18487
36359
418
15909
19056
33860
24993
11060
2588
25126
15544
34441
37375
2734
31279
16495
12083
21101
15970
25561
37455
28763
27376
17118
30564
22997
288
2617
2359
8036
10560
22363
2782
15414
37293
19253
9785
11830
37043
36791
33560
16384
4629
37147
37244
299
33456
18734
3305
14197
33406
9640
8006
34900
24978
4256
24671
37552
18730
14303
12082
9489
32802
2388
30394
11786
28870
15975
7292
23325
28933
10422
7787
28234
23075
20981
10357
35893
37101
27860
17254
18385
32749
24528
31815
30586
38317
26699
35065
23101
1597
14730
15442
19845
15256
30715
11953
27718
14578
19754
14848
15742
6354
38566
18513
29463
29603
13265
32194
2862
761
38556
31228
29851
1071
3640
15836
2715
32827
38797
19915
30295
15698
31036
37921
1094
9366
25447
15053
6858
36663
11009
18526
25139
19308
35983
30255
2435
18382
16293
10270
33535
28106
9985
380
39087
27071
9418
9714
9078
12721
36870
17122
25232
15034
25091
24462
34848
14692
32022
38838
4805
22920
16492
28155
12332
19891
1987
36961
35715
11513
27850
31564
13746
21709
20553
17925
26212
17646
20257
35968
10507
14432
19084
32774
24137
1568
2028
7652
17486
23201
18432
13560
19888
31526
33134
33212
16866
7514
5276
34711
22632
7865
32867
5416
10562
7340
13923
13991
13339
25836
13465
2754
36821
20367
27823
25334
35584
23026
25875
815
17213
10952
23293
22686
11344
9436
36972
4279
4597
20935
29083
29338
2126
24894
28619
28426
7571
23098
36871
843
17641
16046
13137
21874
22112
19533
33082
26641
24054
13033
505
14258
30189
28348
17530
17472
12860
31363
35638
35405
24241
13273
23485
30218
37584
11565
31493
6648
34317
12069
10206
25740
2781
6663
29698
24585
31216
24030
35495
11251
27920
16083
145
35424
3513
16118
30687
28437
30393
35517
17282
38481
7207
10416
29047
33028
20849
38782
20221
21441
1625
24039
29646
22202
7473
19305
20250
16252
11123
35884
3585
10603
30254
34658
9608
18208
38278
35399
37650
13081
8198
16935
32625
14250
10442
34439
23153
19970
35932
9109
7717
21973
24680
33411
8263
17534
30521
20503
8290
14538
28538
31845
13425
33123
28197
19592
38337
10070
976
35915
27817
31499
21707
9895
28987
8517
1135
5953
18687
28300
25011
31361
35026
29854
21903
4843
7604
2201
16340
21593
11292
34410
35459
18357
27092
22520
35768
7094
22995
16993
14412
17467
21199
11580
4478
14676
5601
1682
24860
20655
2868
33960
116
5881
18547
4824
9459
25140
25037
8946
13676
14080
13184
6766
31595
14724
3773
27456
24533
5822
15290
22542
19530
28911
9083
3744
30477
14104
31642
16165
34288
12402
15889
4149
9887
19486
32676
37305
31899
5659
3480
20942
11643
15524
19278
37983
30657
19507
14916
18245
3694
17578
37246
4442
26436
28802
24753
25350
14528
32375
36071
31942
22361
32482
14718
25828
13672
9832
37613
26704
33963
13749
24130
32732
14061
34509
19663
38111
26149
18191
13786
36332
14519
8662
33264
34804
24747
10881
34677
16715
3105
7301
38639
25105
34665
26048
13342
34730
15012
35549
21519
520
11628
33734
36282
13380
12609
4447
14920
26568
35431
7261
15495
12299
25405
20480
1696
10091
2905
9960
29503
2964
29199
25360
29135
27134
11780
34533
19950
9426
2680
27831
32505
405
5533
4304
31243
20997
32969
3754
19414
17238
2470
35518
35200
30062
25480
7029
37653
11110
6201
21425
11325
5597
5411
29869
23851
49
9921
20928
6405
15365
17661
2097
19659
3899
6939
23366
34812
416
38413
19974
10034
22179
30873
17148
19741
29132
20454
6145
21699
37002
3600
18069
22779
37568
14145
33548
25513
35410
19541
2374
21031
7761
30678
3956
16633
18770
13094
38939
24380
34909
2094
1851
13514
2951
12063
22052
30143
9911
25286
37297
18796
9591
23955
20617
9487
6554
9155
26648
24175
17875
33990
1882
31528
29016
36703
17625
36011
8823
35060
26663
29366
12314
29838
29927
38138
26849
17433
1571
34483
36678
17371
37389
8836
7861
10526
20184
318
30914
34035
36761
25827
20965
36008
11955
3174
37164
5391
4958
13809
22481
6078
28260
29358
12601
25476
7910
33525
33179
21479
7903
19564
36166
27010
4956
5274
33050
32888
17207
11515
25345
30803
29904
26556
12908
5733
7442
24166
2764
20161
22947
14590
13176
29959
10761
1936
15934
9151
31764
1001
10472
11032
19012
2975
4542
8356
11451
34732
6101
8835
20823
7915
18491
34149
9766
36775
15136
34666
10879
10383
20925
20513
30377
2521
13477
29641
30930
26983
24546
23828
23063
19683
19470
7778
17076
36251
29100
844
38261
30734
12107
21423
10216
15881
12337
6668
12426
20058
25382
18710
2523
34686
26802
29761
35448
29511
21403
33868
27364
25357
37996
9861
26566
27547
17197
3551
27068
17899
21070
30603
13603
13189
7282
18188
23175
31878
2282
28207
9889
1903
11805
38118
29800
31545
3228
28841
30285
29523
10555
1679
28957
2888
14115
20745
33054
21193
35321
27807
32641
6460
11017
6012
30753
35840
36116
24109
12194
34944
15808
29250
37488
19550
21282
17284
15794
15127
17934
15018
12008
30878
20277
34607
30754
23546
31016
35681
19107
32571
15161
3156
34517
15444
12135
1709
21348
3505
28432
12106
20142
34278
28219
31266
37071
22877
22437
7084
6094
13266
20339
31201
12843
38808
37797
16441
3875
28943
37804
7263
30334
112
27921
2332
20639
20660
32108
15301
9655
28676
2585
16272
23281
5207
5766
27484
30263
21483
2849
30952
5919
23157
438
36293
14470
27620
184
8849
18742
4596
9679
98
22162
36100
2522
11475
22604
10831
19584
9016
11902
20698
32030
11455
36647
246
17715
11590
29215
7754
4178
11614
3275
5451
15258
23681
9772
6108
3235
6007
703
38833
34863
17336
5890
27786
23868
26301
27658
27340
4888
18760
8087
12725
3389
33651
36737
13221
26448
23680
20509
18950
19600
25688
33871
3482
33863
26851
24344
20052
23216
24781
25627
28756
35646
25035
14141
26735
33821
33336
15488
20682
7088
10635
5145
10524
24876
37148
19614
13871
17393
3139
17873
21843
18238
10625
33678
17845
28698
5726
4224
5317
25033
12156
7941
35683
38524
18126
6671
33632
10062
18967
3564
11426
25128
32965
21020
9275
12391
13690
31670
15858
10742
3381
9442
18701
21077
27204
34729
4157
19457
19081
23066
17547
28582
32995
20086
35688
15946
19047
12044
14546
32147
19594
21945
3960
1209
8698
27602
9320
23274
28041
5216
9969
18471
17716
6309
32852
21783
1967
13673
12349
30985
12403
27328
20833
30170
35323
4440
24555
11429
19679
12507
4953
1258
12344
4005
5339
37151
29293
14140
8886
24360
25737
25159
9178
21137
18590
12261
33405
28418
37078
10787
15695
33133
24445
23602
36364
25866
27073
37969
20128
30987
11883
29023
29069
11091
36021
12411
22418
36672
1649
31937
33031
27820
23722
18549
23521
18888
13646
34061
26281
21863
5870
8317
32551
13263
26703
12326
32274
28213
34628
1297
1520
16548
20261
14649
16822
17442
35179
9700
27617
8262
12225
906
22643
28994
19551
15807
19303
32632
39028
17146
5318
37335
21810
18109
13058
18263
6264
19217
24350
35908
3856
24575
29508
29022
20630
27243
336
31998
19819
37591
15805
10035
23304
2227
13537
28548
25149
2743
18322
13780
5656
8167
20034
26504
22478
25871
13297
10286
36896
9352
25260
23214
19706
27432
28110
35201
9594
18617
30840
21568
32787
22020
16477
33761
34053
36743
22914
14839
37848
28493
14774
13819
32218
26524
25840
4232
22669
29723
26362
20515
13230
32662
17964
33016
20239
7693
220
10754
34040
24308
30252
18415
4108
11943
28722
10650
8601
16442
24433
8649
2575
34563
23273
26247
483
14369
31039
4227
1213
4545
17974
18176
2454
34700
23372
5110
30503
4774
30236
24953
34058
20169
13172
32871
34424
27695
3409
32287
2920
39046
76
35177
34747
27250
29139
8402
35586
31113
255
30029
20330
28664
13490
35676
36141
17596
15558
20736
18286
4016
780
24155
17507
4728
25555
22035
28048
17982
20053
14340
37563
35829
19194
8990
34298
28337
25388
27993
32219
39014
8872
12287
7490
29545
3295
34954
29802
27426
38862
36001
17594
33659
21555
23909
28665
3923
6549
35835
6253
36203
33758
38140
24244
23692
10558
32441
4637
33403
22440
19731
29855
14780
13745
13773
34941
23493
20041
13901
4274
2226
35249
5109
35619
23715
8242
7870
24187
9659
15416
34062
21009
17640
16233
32167
9789
1184
24569
20182
6520
25046
26038
5862
35396
24076
27980
5779
7344
25327
36323
15958
9283
18560
31357
6776
23015
11985
1960
3197
7526
7388
32212
34868
32708
32458
7396
15822
12892
2571
31739
29262
26911
38026
5205
3080
4719
21589
4100
1379
9584
22180
23613
15555
7203
21407
10711
21187
11372
7251
4715
23786
21508
12856
1643
19899
35315
32825
17595
5715
35583
8636
25722
8525
36727
27314
15659
11709
26426
3618
35449
24749
33508
30222
18009
10746
15273
31509
25051
3997
21036
27751
5725
3166
10453
13196
13555
1173
39024
20082
29498
27560
37899
25347
9061
35741
35304
25273
38635
16298
23959
18434
19475
32531
10031
36481
27794
36059
5626
825
21136
37310
13787
8915
17580
33900
4764
30400
35307
28012
5083
12680
29773
21727
10384
12861
24872
22262
23801
8447
16096
35419
1498
13707
4806
21604
16700
22506
1481
17257
7775
11901
10348
2670
8955
10980
6907
33806
38810
20980
27827
36559
15884
814
25112
16038
15580
463
33772
14358
38144
8332
16168
13580
19002
33998
20671
35316
9898
8645
36225
19302
38581
34883
20204
26161
23133
25412
36535
3895
37811
26751
32553
3748
21307
12212
12140
24313
5022
30813
13642
37038
20685
14403
1891
10227
27539
27396
3874
13732
12743
9892
176
12730
4037
29544
28235
13638
2625
6393
608
22896
18954
26548
2858
11806
26804
24194
3407
9949
23763
37936
28009
37540
13195
30090
23946
28950
16619
21866
11655
2563
23006
2593
19613
9508
28642
22641
33099
31761
8665
29715
1615
9450
25485
26074
1161
2106
14728
2039
8165
31743
8271
21763
23235
28293
21027
501
11528
9177
28564
4901
36139
16549
15396
2906
28534
25941
25072
28320
25493
38506
24767
26587
26478
6821
37031
22993
31987
36680
22109
9581
25120
26219
24393
10448
12767
11121
2143
20734
31805
12556
17524
5579
2011
36437
15073
16683
20078
12489
11415
4389
10217
11677
7723
5989
11354
10503
35813
21738
486
30076
25301
36571
22167
5184
32530
12485
9065
264
18140
23495
30080
35975
25881
24352
16044
31264
32000
28334
3700
16999
12094
17607
33291
18629
2236
28204
24636
4491
24067
23112
9496
1417
29925
3611
20441
14025
34422
30554
36542
9185
15203
20903
31514
18183
30996
21511
33889
10582
37820
24032
6544
12214
26332
28930
9587
33564
8736
12282
3834
10366
23284
1386
18338
19959
25590
23486
8731
15831
1457
22603
27460
20057
3494
18727
34434
328
35499
1496
34161
12279
4317
13909
3510
6317
33571
21368
7240
281
36111
8183
5056
1199
29994
30456
18383
20982
4588
27133
21847
24284
428
38652
23956
23363
21711
36291
2156
31213
11067
36777
30329
16296
11183
37484
6822
17567
29520
25887
34472
7790
3165
26586
31465
34166
31935
27888
11956
9815
23362
6942
33457
19429
14781
696
33390
2710
29964
9982
12176
11525
35695
25852
12084
19619
19755
8996
15978
27037
34860
11686
16056
30241
4799
2428
33881
28979
29797
30249
7243
27416
2409
28287
14235
275
6225
33557
1430
15221
28760
15587
33636
13321
9894
29813
6783
38879
21261
32438
23418
9633
28914
7905
16819
12681
10398
37586
28087
4003
3509
30991
999
6458
7111
1767
4082
8514
35409
15744
35580
4344
35078
7501
29616
24492
14681
12647
9462
14646
3939
25976
4437
36762
715
30842
16607
35710
9190
37576
34980
22919
1114
37474
164
18821
7469
6207
8726
32476
29218
29623
14947
37647
34592
5299
25710
33991
19057
7348
10938
26273
29862
16550
16831
19495
19595
13731
33010
10723
13444
18154
27639
19491
24192
33185
20453
11427
17634
1497
22707
34949
6200
34350
19750
14279
12505
21279
24060
37501
39023
19202
17849
2534
17272
15918
20684
27289
26306
26784
13943
13985
16622
16512
35679
2569
22805
17662
29812
28020
12759
9299
6280
27738
22286
22935
31905
2482
29186
15259
24821
2947
7235
7455
1392
25270
21557
21325
5347
9523
29492
27344
2279
8652
17541
28107
30971
1347
22470
5212
28438
22350
16110
8477
22611
29504
26172
30778
22863
28104
19488
9005
1312
32596
11400
36855
34794
3536
17722
4604
17965
27606
38414
12841
38595
26091
12329
13394
37200
20167
15478
1995
29729
10820
29419
26089
37959
33368
15254
16059
28428
7558
13984
25613
8897
9755
11522
23758
29579
7914
14362
11893
19664
16393
38265
33190
4393
37511
31855
15782
36932
12807
36577
7757
35904
2767
17208
17943
21950
6215
36236
17827
7873
22347
229
29038
17121
1081
28704
16266
14000
38528
19951
32961
21324
37760
35547
6734
11171
203
32176
4626
16029
32620
25900
7749
26591
19116
13190
37369
32901
27614
17872
25660
31963
16032
31929
37581
25907
26637
24657
14500
9047
559
27579
16875
25098
16036
14256
24565
10177
16858
1415
24925
26593
30777
33550
31824
22111
17020
39030
9754
19936
12775
32430
12583
215
10300
38576
3171
1592
15834
22199
38188
10102
35889
25423
33958
34966
15108
4600
11554
27725
32929
10862
22759
27506
36334
36058
29911
33288
2804
26669
24160
34176
22266
32739
12199
24613
2744
32237
21734
18466
5252
18075
6556
20026
35709
25418
15753
28912
14790
5547
9631
25077
24601
426
4011
9361
25390
37465
16981
37140
29343
30315
37925
348
21754
6252
37119
16279
11311
12262
26795
454
3202
30277
16710
25369
4180
20619
21513
21183
28540
11274
8776
18299
7820
11359
2323
35027
24649
33628
34135
21920
28216
22171
25631
27967
778
16904
33333
32811
25103
20198
22158
530
8464
3271
27791
18020
33615
29341
21331
23305
17551
96
4302
38469
12925
14281
3849
35737
17158
2778
29066
32578
17896
26096
24577
16085
29356
36661
5592
36722
7330
31410
36148
17015
35182
32741
24916
33097
3149
2687
14468
18153
7448
8322
4786
8592
13774
25681
27038
30271
29058
30885
11229
8787
1922
26477
9421
10255
16950
23466
9851
9331
31817
24442
36389
8004
19697
36476
232
23580
22624
1796
26630
29298
34632
4559
5724
31089
26366
4929
23598
30121
30301
18444
11243
2609
6127
20624
23788
7776
34652
29359
15243
33720
4971
27968
37441
14478
17358
6951
35952
14610
24046
5415
9628
23446
30812
19651
26384
12520
17785
27129
7622
20937
31936
3678
28284
13505
24683
2599
28920
34694
11410
33474
22849
35672
16425
34982
18159
31184
16461
36890
3963
4556
25185
2792
15929
23685
6605
14331
9593
10719
29989
2497
622
10694
450
35087
13341
31077
36084
6816
9055
11307
18551
37381
33418
18676
23759
34306
13785
23574
18919
2825
17109
20971
30578
33536
8192
7466
38677
13969
30352
26016
33255
31277
11356
11549
6382
10202
27322
21710
12787
29832
17167
2001
177
14252
5127
4287
4657
21670
358
25605
5949
1877
38628
32279
37774
9820
20714
32992
26375
27576
10211
30720
34167
787
5221
34313
18270
7923
8143
16127
19630
23916
15481
7985
14118
26535
4083
12417
24131
11343
21186
13040
2627
20029
25356
37132
2284
32179
3205
18096
23162
18242
12645
31100
19680
24378
33591
32139
10704
30454
10765
4446
19846
3492
9571
29606
37932
3823
15417
7040
12450
24199
27998
23776
10493
16693
22187
31680
4863
10246
9883
6452
19616
6953
25113
11431
7879
27208
31164
9786
11076
1218
11371
25224
13736
14955
15019
29690
26419
27719
23490
5672
38018
26470
9498
4088
21714
7328
20318
32976
26171
18979
13711
23470
22241
18398
7338
21219
25933
5097
15050
16050
23282
11259
6308
8560
32313
22154
6322
35237
18365
16374
25698
3423
1169
25577
19288
23642
13472
8031
7284
20237
13264
21069
18017
37211
34173
30955
515
4252
21241
37231
29180
4469
23286
5535
29515
4071
3015
38228
638
35240
12110
8967
7785
33578
29751
3192
23571
9355
16407
37588
20348
33878
38873
14522
8396
38580
3931
17186
3496
26148
4585
28958
16091
38914
224
6958
30421
10051
26722
9618
2886
23525
1579
7882
13521
21831
35017
35530
11328
8579
477
402
26414
37769
21530
26881
20806
17443
34707
4991
32337
21321
16055
17264
15516
28149
13926
18220
13403
28528
12095
8904
37463
1355
24508
12390
25191
197
27683
21208
15492
6680
3596
23733
10495
26123
22237
11321
27442
20072
4275
24403
25066
20344
11095
36833
18961
30717
22737
16974
4164
36268
35974
27973
14572
5474
18490
36739
25014
3537
8137
17071
38483
34562
9446
31912
15992
35629
8710
15840
