31812
24702
26306
33989
22362
12879
26565
11508
9806
22250
28693
12859
12038
35881
11424
23761
36548
19725
24047
14689
9447
5932
1155
16373
27442
27808
5143
28062
4242
35725
1563
20498
33678
24076
14163
6805
11601
21132
24901
12466
25758
23318
20835
12918
29704
29092
1317
299
1197
20658
35237
26790
15388
9831
4907
9930
11252
11240
31342
16795
385
23655
32174
34636
25495
35655
1811
17828
2710
9978
15994
31063
19545
1604
27837
22441
28181
23142
13874
34147
22247
5187
31808
2930
6721
468
20946
13374
19092
38139
27301
19213
35597
5325
25977
18225
4417
20436
28563
36861
7696
16902
29740
3969
21236
14996
30808
31916
27893
22891
1900
6692
28553
27630
11029
937
2428
13498
3688
8248
25369
22464
34221
24046
17665
38868
13512
17082
24797
37663
6420
28348
9952
6867
1066
15199
10369
16627
18936
31376
27524
14240
26524
25652
17678
22948
9657
23438
20084
15197
6610
23864
686
35620
36685
17365
5882
18843
34594
16702
9424
16728
35820
25437
14755
36981
37388
17
13674
33708
28833
29059
11694
18498
23125
7801
12838
2310
10533
30565
15433
27762
34894
29932
27629
22280
26130
11091
37997
11869
7915
20263
30930
35595
11096
12389
5608
147
36901
19192
16307
3537
33635
25741
23145
11506
22637
26079
8734
33106
24726
32798
1727
32068
34334
35912
27235
14515
38899
35864
21544
10468
23049
34272
19034
18525
21414
25680
24904
2703
6883
36502
33717
20388
4498
15309
13387
1335
1134
5211
1158
1812
3102
18036
13293
27514
13493
17950
18578
15325
16723
35768
18349
32525
34626
37078
18693
19848
12839
15285
20638
19357
20720
4699
8884
2369
17188
12874
24923
21670
8318
3425
13748
22231
20034
28663
17861
9200
8381
23129
30250
22025
19755
605
23828
23817
38507
4808
8278
27055
19807
12769
30855
20524
36381
28743
21061
16378
38642
15255
39037
2309
14856
8850
16778
33601
34836
18836
2209
31784
27065
23694
37527
19998
2959
6588
26401
25114
25868
16354
4370
6551
28270
17692
16059
36626
19720
33465
21056
30702
1355
26272
2360
33145
5832
8983
16137
11463
11543
3247
11210
23646
19445
20440
524
7484
34406
28413
29912
12186
26757
27315
3578
13914
29799
18797
16923
6505
17605
31436
575
26540
24693
35656
9866
1643
18289
750
25011
24308
36393
29457
30903
25227
7149
3089
1564
23457
17884
14286
4429
28099
23529
10609
2374
15526
28493
23996
37993
4490
3993
34006
29093
2597
13511
11438
11515
6099
35970
15587
35520
22885
32852
37511
12695
37391
19041
12139
13192
24452
8563
31468
769
427
511
9777
20172
18081
24710
24602
36375
19269
7292
31346
10583
4092
16298
3873
16363
36479
25768
28832
1295
38700
34218
27600
2786
24641
10151
8581
27006
14262
33883
35963
16209
23308
12370
31649
33124
5081
24752
14440
27990
7608
15892
38574
12129
715
22236
8647
12234
35518
20110
25118
6722
554
17795
27724
736
29277
4103
4918
33359
29462
32867
12479
36518
11342
3376
2395
12930
19497
29307
8947
33496
21553
29103
16559
29550
32447
27649
37932
18672
23018
33894
12801
31802
35778
8651
28790
9163
5848
13537
22439
23912
26919
17405
6825
4419
33098
697
31613
16892
22758
30839
2576
28871
7639
38498
5834
36207
19314
1257
7038
2765
34318
15483
26712
7886
13389
30402
30655
16396
34775
21
5100
9534
16107
19536
20945
12877
11143
38129
38712
26950
29585
2365
1253
90
34039
1307
5713
21610
35890
21397
25400
23697
15752
38095
11804
11362
34028
2156
22451
28820
26701
23352
17157
19211
32455
34051
35929
15718
22648
25733
886
5231
35568
7112
9510
22696
226
34225
21802
34937
2651
33421
31556
3685
14319
10393
31493
12335
23764
29670
8274
28047
1308
1101
34159
17886
170
22936
34433
7496
37619
24144
11468
415
10078
12999
33314
14749
12314
10014
12649
11334
29624
1656
18070
31758
11860
38367
4686
31942
23068
38191
37858
22570
30572
2162
20200
34913
8112
37012
23027
30216
32995
2987
11938
35770
17062
20428
5921
37605
3479
8403
19972
9051
15749
6818
1162
27501
39089
13873
36648
12498
12518
31079
13858
23733
14223
25614
22543
21272
15796
627
14967
6405
20824
35575
21057
15944
34108
5145
23132
25909
33740
27693
7645
11022
12405
5660
21104
2821
19841
5365
11097
17542
422
4183
6731
16927
9092
23598
28171
16565
37541
37421
27201
8967
3117
20032
5827
30397
15651
37857
23141
34253
6978
35515
17726
16570
37977
1984
16276
22842
11636
23515
31912
4697
23583
34850
6536
32605
35075
9688
17864
1594
6019
28668
25583
29957
18870
6871
5343
2373
36794
28678
10793
38731
20666
14299
2422
234
7057
11503
14496
7545
21921
34455
14743
26720
29523
37304
9476
18631
37373
14936
26005
5464
12745
3363
13867
27522
29263
13761
21928
22205
32487
15619
27307
3854
35758
29522
28886
7973
10715
21247
12909
13700
19346
30395
25188
33642
1492
18100
23579
11520
25710
15906
12715
32795
13841
34580
39025
9491
141
8792
11507
38296
6150
38722
11270
11733
3131
32515
17264
19887
23903
20162
31424
11595
17109
38091
558
5466
22151
13717
5541
1304
7558
28706
38338
37268
22990
21626
5542
17735
8957
22801
15082
20566
21612
20800
9609
24550
27081
14654
35314
24483
33983
9398
17786
14916
27177
18418
11249
17444
20455
36912
13527
36979
38690
35506
26628
32583
35339
8258
29540
30629
3149
16187
28208
15695
36142
15033
10543
21534
208
1628
27730
8940
20191
15241
17638
9896
4776
34623
33719
29607
39114
20272
30419
5737
4597
14062
19874
7369
20052
15996
18710
29512
13524
10955
16873
7535
24002
28386
35066
30579
5820
11174
38800
38017
26649
38993
25748
13119
35593
21907
36238
10495
6533
9825
16949
11764
23394
6806
25582
3132
21187
25754
2459
22435
26570
35581
2437
31453
14589
23738
28008
18584
1325
26463
11692
16604
11005
28058
27639
37566
4279
6341
27912
20088
17639
16759
15785
20744
29408
28598
17567
16353
15559
26591
28048
25335
36677
23710
18753
10796
28701
7682
36265
10562
11236
7556
22604
9425
24435
23428
10187
27575
2077
22977
39108
16724
23781
2539
35260
10114
28827
31182
36638
29275
32606
20288
12355
32408
35128
10442
2100
6261
9237
27041
7759
11068
28279
17560
22234
37256
31049
1232
12105
4339
32976
37958
34116
30537
15676
13554
32401
17086
22705
37155
36710
23917
26652
24924
2575
8231
19639
10453
22904
17390
5364
24459
30761
14635
8463
2150
30901
8763
26860
29857
3454
10951
27047
7512
15452
15275
15290
16424
21846
24159
2779
12676
14950
38134
24068
38312
2796
3748
32356
13869
32058
12834
3146
20417
12225
32276
36155
2007
12868
6943
26281
37913
31733
35458
1646
23253
16975
34938
9524
4115
377
1714
9204
23892
28587
16496
34951
15235
2341
28190
30719
36829
28592
3963
15638
4521
7368
14225
15698
15104
7966
17135
2025
19107
11338
36225
28075
34783
26376
38741
12607
35566
31202
37326
37351
1038
9899
2996
14900
36334
31361
30691
38359
3753
14423
21158
26382
25475
5675
28013
23099
6368
12020
36348
5958
24428
2175
35797
32002
13412
20869
2547
5356
38509
8611
35317
2127
15330
13778
34823
35664
24226
34803
4433
6790
36471
27665
34324
15359
36267
4190
34013
9037
20663
27001
14886
35923
35405
9465
15122
37448
11824
3111
1099
24386
12110
6973
13300
37305
1732
38402
28544
36003
11490
9050
12743
35150
17963
7899
15312
13887
34607
35898
11554
1622
31987
15206
27233
35303
3213
12521
18339
35473
36125
21952
27010
3483
22391
433
7170
23181
21500
13396
24939
10249
25552
36383
11626
30846
15456
9118
38391
12592
15189
23487
29106
26762
3979
24997
30161
36603
3324
31734
3897
24103
635
16447
34034
19842
10311
17688
2215
21856
38881
9926
26775
38556
17782
13005
4986
17781
38421
25225
28750
37897
194
13714
11849
26319
18077
5570
22019
36254
14643
31114
35897
14056
27708
35248
32322
12104
31381
25860
34439
21000
13975
5922
26260
2941
466
31612
32370
31777
10030
14760
10805
36703
38417
9021
25461
2966
1329
15956
16929
5136
36977
37052
13797
23594
31741
11519
23321
12441
17160
21196
26918
25463
28374
33960
17544
7688
33494
5736
12273
36715
28369
30732
30952
22271
17368
18598
5796
25793
3165
24913
11477
2721
35300
11291
4539
35679
38430
26300
13191
5520
10088
24250
4111
15322
32687
26692
22146
35358
11319
19748
18195
3056
6107
35283
8966
15679
1337
25138
4386
23801
22014
4333
8566
5118
14801
30380
18073
29064
12937
33461
30782
1135
5786
26728
22248
36218
26686
29789
15725
34377
32210
3822
35995
25185
29636
8016
25648
38492
4754
38306
5731
20484
13547
14591
28749
13149
828
1757
27592
1151
2111
17949
19033
26415
24277
4356
19943
16127
33384
24681
23379
38750
12312
21157
5487
25239
27192
31383
22559
29574
21059
10465
23162
19734
29679
37358
10513
24072
19136
11757
15341
1666
22771
26278
24296
832
29760
34813
18859
15653
10645
6478
5721
19116
26287
29530
30988
37340
16653
2844
9872
26920
37785
31848
14964
6376
25279
569
35004
32197
11452
35591
35513
11066
7667
11014
20449
23175
6415
9639
8583
33485
5326
10216
36430
10891
19263
18761
34446
16657
20038
17944
17144
7429
13578
35630
28287
705
5370
36456
32283
28903
28786
22802
3694
13103
31083
34686
37301
6782
5249
16327
35455
17435
15788
31886
36278
7103
3009
37367
28153
36893
556
39092
22486
11718
26229
28890
20542
28394
12976
6443
12117
28129
11899
26072
34911
10416
28979
6768
2905
290
29474
121
16177
2115
38552
6781
29194
9782
5773
39104
22065
862
22786
12776
38687
17083
19113
689
1067
38163
23221
15177
1103
21886
35197
17243
35715
2712
28966
30088
37156
15481
2258
31191
2512
9812
7681
36541
5985
27456
25162
11905
22079
11530
6468
35798
25391
30324
20678
7911
32918
11208
2681
14211
29879
15840
24721
24333
20157
394
8752
19507
987
35445
10550
39080
35714
7277
34744
37638
18819
31882
27845
17089
20081
20182
9444
14166
18380
23138
24039
5997
38140
27285
12703
14553
20564
13456
31872
6098
15028
35229
28250
12624
21332
36513
18742
20424
11089
13351
5013
2285
16870
18804
21113
13991
11972
15209
10668
32578
33388
24829
4879
4020
14713
21357
24423
9535
20495
7863
21743
11985
3630
29335
11999
10542
25184
25559
8286
23424
37314
19569
21505
30318
10589
10706
22709
13127
16
21979
37102
4584
27073
23802
29651
2090
22849
35387
7945
31931
33612
22494
13930
25402
5476
4026
17478
13256
2030
5286
37118
22890
27231
27443
15338
4363
25932
26022
4072
18474
4454
16958
30113
18890
26324
1031
8096
3642
38965
37327
21710
15534
29939
5295
1267
6138
37592
8718
17624
23029
2998
825
14607
26346
4685
33821
18548
16605
4696
17467
29391
13809
29033
31041
20633
7507
6417
23949
8191
9665
30075
14036
4459
39115
24053
17271
24318
1265
15569
28247
34098
12165
9271
14393
4404
10091
38144
32631
27889
26596
13059
23245
17596
19537
25837
30986
1123
24811
7025
13081
10876
1877
25824
12384
18382
3797
35132
26061
18943
22645
16324
22586
659
31240
38875
5986
27927
16063
10896
30093
29459
1092
9971
9464
22748
31284
8759
29357
18473
11331
25747
27588
14144
31496
33900
21591
11375
8297
2669
12366
37045
603
33598
20781
32661
16972
32115
1598
5442
1313
1876
38670
15125
6406
14023
14501
18768
34666
16345
29485
29714
21213
24088
30852
61
31502
6672
3362
1829
18735
20324
38813
20900
25124
33753
13737
13517
19962
18830
17108
17041
35663
142
12707
13137
19372
28439
25764
19057
31341
32153
5550
35426
14224
34807
15234
22877
9063
31305
6152
7838
8959
23624
27642
7656
24823
38201
17102
20066
31442
24957
8938
3742
23133
27597
15683
26162
3941
36530
22009
23227
19079
6462
17985
13385
9529
28309
4191
6489
25633
25108
37569
5217
28072
4813
30778
18037
19021
36729
31675
27026
24600
20208
2878
7280
34810
28612
5070
1662
12664
25723
17911
32319
34310
11190
22630
31248
6085
17392
33928
5907
8246
38598
8134
35496
3825
19988
13000
26073
5529
13345
9248
16258
29870
4254
29068
25389
21242
34238
8538
5699
20546
38002
25849
6037
10950
33454
6655
29061
12383
17123
1047
25049
35647
10021
8893
28499
21194
38515
20987
21785
31958
4473
21904
3520
33994
34857
26469
3613
20099
11445
26431
9240
6065
15926
23848
8593
25501
30659
2456
38776
14449
14228
9277
12107
35812
38721
4227
8540
35442
11364
332
11455
38798
29456
15622
17619
5384
31862
26927
22918
37707
14679
25588
13676
10058
26933
33334
12850
11339
31815
33417
34495
27842
37443
34518
23896
16282
27409
16158
2320
2194
14356
13506
17697
11956
3021
9634
16254
25854
12698
19690
8616
35692
22069
3076
17531
24981
3911
7185
38114
7660
9257
23879
29028
4882
25649
17576
26944
17416
23805
33648
8765
35375
13505
27983
13720
11930
10004
36739
28754
7781
31059
20418
2785
25267
18017
34064
25526
15977
5131
11394
32952
12730
3668
29969
10288
8283
35167
11773
37500
29547
11488
22308
20895
7697
36350
13164
25851
24862
36149
4703
236
12815
4300
14251
23808
6608
4533
733
15098
21246
22384
35109
24851
21499
36605
27391
22446
21722
32806
26141
670
1678
15360
15108
10799
35252
38635
29270
16274
27611
34057
34292
25445
1576
38167
18470
20607
30248
23816
24912
6457
37931
998
8257
417
1271
23449
13658
4367
38471
13143
8148
36114
26246
12252
2571
6738
9676
13746
18615
665
7450
19404
7104
34756
29411
11511
8239
39094
20179
28811
9416
20681
34710
38588
19198
27617
23423
22358
10521
16669
6771
1682
15375
19781
28409
37743
7812
17168
29334
13844
15471
23334
26816
10540
13755
15065
26988
179
23986
27883
33741
25024
2163
14789
9754
1571
1911
5860
1951
33916
18711
803
23825
17117
1896
5579
5609
25969
19969
14658
18844
23416
9538
21221
12181
11600
13429
33704
19554
38142
4528
26085
37770
11134
20482
8844
32695
35180
418
15697
13682
14123
25150
8271
18296
35233
19384
26693
37080
22363
4927
2883
31974
32041
15647
15677
19294
16347
4745
17174
12860
36448
10847
8120
37559
31893
26388
32625
3726
24249
23159
8004
23560
4421
11500
9964
12276
28996
17004
15225
1290
18679
22509
28773
35502
30483
1644
18258
31146
7954
118
22334
33341
28705
10164
4928
12724
1409
37249
16138
29700
10303
27381
1019
15999
301
7804
6352
17005
27698
22117
33831
13925
23651
13965
19452
1610
17408
28991
34133
36466
2522
30879
37886
31399
742
15279
17516
3443
28878
36425
37103
36617
29691
20091
16504
17620
26477
26585
17992
5414
26563
14877
20225
12792
17331
1237
23417
18308
32482
32545
30080
10009
407
15694
15068
21773
32094
26108
2642
22935
33390
3926
12684
32425
16295
38799
5754
6801
17096
35061
20239
30416
14828
5274
37108
28056
11522
19087
19158
35690
37142
36556
36516
15853
29101
22335
34661
3184
32007
3834
11875
21619
3301
32388
2971
33810
1507
28565
12760
9319
14879
6982
10194
32421
9987
4516
25237
37885
20725
133
12843
10182
3585
455
23741
25273
20425
20035
26011
33851
34915
13271
12014
38601
24942
32146
25157
36028
38166
8095
14958
17919
37799
22981
36428
6682
24345
11080
9171
20914
28411
3572
21123
35059
34181
792
20758
21098
20841
17039
25069
24666
35543
15795
29205
32329
19533
24317
18109
17066
1120
23115
36077
15537
36495
22390
19097
21146
28137
7958
35984
2447
37845
22999
6908
31431
29816
10755
29283
29814
22831
10635
17285
24565
26317
29436
2371
28027
2005
20359
36559
26616
28513
39071
39090
24223
3338
17652
23229
37766
21585
2489
34409
6262
26881
20153
17346
23941
144
36510
28671
32097
11139
7119
13932
8183
35228
23749
13773
29167
27222
37110
15770
13851
4335
22471
26182
38362
36831
22781
36660
12870
31548
22422
31743
10732
5299
8501
17740
35064
27000
9818
26461
25549
26532
9600
18198
33204
20735
14028
38977
34529
18425
22188
36505
30717
38970
35914
220
8612
18011
23788
1636
13132
22886
12886
8969
22562
29742
39105
7358
10594
5593
19643
7810
23521
31834
23720
22105
4991
1145
10201
26769
38220
11009
12051
25638
19241
16285
13115
12256
11766
8013
14317
18058
5122
29936
10644
10390
30999
31419
21156
26567
33523
32345
28050
34526
37043
27364
18224
32750
29901
5532
16693
1885
37243
21160
24931
36002
23052
7669
17838
35012
38504
21140
4867
31561
27219
3040
27716
15782
6412
21495
7598
7393
34369
31645
30138
26525
1059
3407
28637
32975
25718
19674
11632
6804
27877
15480
37522
23404
33616
15412
1994
971
30059
7898
16840
23517
29461
23932
26004
25646
19448
745
6742
32433
34870
20018
26139
35924
20969
12537
8371
8406
31167
38304
1874
36716
19128
22733
13659
10674
12142
22414
14574
5781
36382
17523
932
26509
19201
24626
36257
11607
25397
38634
18746
9766
25203
10163
25636
18853
17691
30027
36758
17458
15333
28994
12068
33321
3400
16181
10400
33210
33514
1303
14518
35040
24097
3292
30171
24908
3895
25980
35495
981
460
1878
28130
22021
25708
35557
30666
11568
32774
20158
13208
36201
26433
589
7061
15226
1630
5162
30
6641
8340
31870
32813
29551
32721
30112
7952
15780
32448
32509
4641
10
30517
15997
21850
35976
35791
31661
6815
3191
37600
12824
6504
29097
20794
26761
4389
16881
10258
27320
21005
20257
24608
36725
18144
3233
14872
19312
27652
14931
11045
19210
19190
21378
35549
11799
15094
38289
33018
30854
30091
15462
32590
24106
6215
26056
16594
5155
15492
17817
23621
5072
1035
38657
7111
6005
1243
19718
5348
10731
29495
7532
13327
24268
34719
14735
12759
5102
28383
38089
8872
2152
34136
37601
4197
7249
26718
35415
5045
33511
16194
13804
20726
3478
11980
14227
22605
5283
22180
27564
2797
2863
20255
27238
4753
8265
6784
32859
14647
16682
14109
13937
11030
29396
28908
33413
38557
26716
6345
10232
12643
5076
16525
18817
5167
7083
307
21167
34506
26995
10140
30725
27984
32231
510
22985
6241
37712
12583
32810
37571
14192
5824
23035
18232
17703
3237
22762
24396
30834
38912
7097
38968
12902
11878
25700
22498
17148
12369
12943
34760
7315
26780
12912
33375
3677
16491
19333
9715
21257
36668
33798
9418
27189
1506
28867
21631
25479
23849
19827
5159
18483
13049
24598
11176
28805
18331
2287
25314
10657
4180
10880
3877
19395
746
24131
33600
25489
1601
4657
20149
29761
10180
26490
8168
21578
37290
6589
27982
6758
1030
13251
1664
25568
33783
4548
29582
17313
9649
14677
1408
16160
608
23667
29529
14889
1822
21173
19635
28906
27833
15467
2581
3757
17013
24354
5088
29216
3909
16648
5540
2692
3896
6232
3013
27416
7931
2082
38405
27018
10812
5147
5952
7834
15087
19644
2650
30644
4896
26945
5809
3229
25095
22182
11283
6854
9002
14739
29891
5449
26010
10253
17012
13242
21433
25537
38452
5399
28926
15998
6166
38616
36899
21963
5854
34684
7583
18182
28879
27787
35099
4217
13606
4655
25962
421
30769
20951
14823
7607
30556
3319
12899
7835
12477
29601
22861
3152
20687
35901
8708
20261
27074
33285
35428
15372
14568
3023
8196
29759
10415
26897
16628
33614
14413
31697
10656
18008
2815
36198
25192
29413
35006
8727
19085
26434
27509
26037
13519
3750
23897
17920
35541
10713
31438
13857
29800
342
33703
38159
18038
1020
37539
25251
16672
38558
7672
7388
26883
17614
10220
31091
31414
32926
10860
13094
30335
16448
37811
4123
10234
6643
708
20627
25591
31727
12597
12361
5491
37635
10352
26794
2852
6416
1119
12527
28730
7752
22102
29920
10322
1378
15938
15898
30234
8379
20692
37560
30137
9080
10132
29796
12221
21362
12737
22720
23104
1592
2206
2167
32102
26268
9036
35834
16677
6146
5134
22449
6479
38193
27699
17741
9103
11275
30845
19053
10457
22377
8422
27366
14705
13120
8234
29286
27428
35291
16095
6105
33524
33906
30747
26117
25898
24545
27839
6750
36637
33219
20882
11416
20531
34263
38003
1582
37406
7002
11199
36849
23310
29982
2084
18171
22515
7901
38473
15552
7555
24704
10060
29947
30938
26394
27138
35457
28557
30076
33497
7691
28494
27632
8181
22312
22154
20668
31216
9515
35208
10551
21987
24871
3217
29964
33681
30354
1574
25602
1213
8186
31657
5524
12598
33882
5220
6213
8623
18357
23447
11563
34629
34814
21075
18921
5258
5401
22035
6668
2806
12084
14981
26261
22830
11044
4852
19283
3576
22909
22267
35911
24684
16658
36915
9463
25230
30891
10878
3101
22964
35889
31035
25161
4683
27768
33660
34610
17893
17646
31013
18179
24687
9936
29424
2343
15409
11982
32972
33249
37901
29150
36264
29257
8886
22767
32057
25796
12162
32445
25154
24628
5793
28944
23471
22427
36048
10455
23400
5601
24951
24974
26779
3870
9713
17788
19226
19930
31410
6541
8291
12588
26080
18063
11729
26922
13656
14572
4878
15088
23768
21395
9309
18657
25941
18612
21222
20024
7475
16762
7071
38585
37710
31992
31050
16616
21197
16267
23602
32230
24520
19931
13357
34316
30363
12975
27083
33936
32281
24221
29941
10148
1334
24041
23628
19964
2562
20686
31830
7307
34572
10976
29096
32036
29561
1227
37459
25984
26048
18208
35470
30013
36704
34208
38441
37310
19702
8185
8560
23095
19809
32405
6914
7771
1551
10206
34548
9525
5680
5695
5331
19582
26266
13791
6343
30508
7323
2819
32638
21195
32318
14611
3954
23211
1775
6872
21825
22557
36422
19722
5944
20290
35138
2869
24528
164
35726
21603
13328
38344
19539
24745
39054
30102
23156
36886
34052
31327
32099
13518
23493
30726
13289
20260
24198
2198
17517
16945
24219
25814
27289
8818
6832
35918
4843
36506
25394
22627
26785
36678
15605
33556
35179
6749
6236
9136
22925
22568
23731
30651
27784
16911
32951
26901
758
4480
16603
16785
5465
26714
30730
17547
22727
24967
37370
13299
7503
31364
26329
34230
28138
26917
11374
37903
14182
1141
13609
1791
35443
14774
12492
22929
6052
23033
9348
14824
30130
1815
21239
20284
20093
14103
36252
24262
18926
14885
8637
18976
32512
7461
29652
38488
5641
12663
31785
30116
5806
14342
15270
9442
27294
13984
30736
27580
23396
1760
552
30195
12917
1505
31694
37198
18644
27437
18412
8607
36386
1989
14700
7609
20873
34016
16592
25855
800
12774
29953
24211
16612
14468
5684
22207
14788
12287
37240
23732
13286
31439
3051
19298
27944
33536
29831
23584
23785
30361
4288
34900
32387
29199
6857
16056
32046
9729
38145
6811
11986
19020
6522
12196
24599
38371
28155
10730
29966
30897
2304
17373
27261
16120
713
27807
30683
37983
26668
17423
9087
25776
38578
15404
20561
17113
34000
33339
27986
8496
11588
31427
673
8953
14038
26571
12320
20702
6210
20132
10133
8934
20485
16166
22404
27896
9457
3546
17541
6083
34468
30203
19049
24127
4435
35218
21683
27940
7192
12697
25876
20259
13667
19363
30123
27817
5722
8791
2679
8641
28228
1588
21550
7261
18767
10666
34354
35356
15131
7750
25506
34946
26962
19563
36275
4715
30490
8034
9650
38293
22416
37072
37248
29379
28316
39011
14810
37137
18891
23456
7415
12821
26202
33456
32741
7661
20051
3646
3771
21931
29822
14497
34264
23868
34438
17422
28020
38028
18022
26290
20518
16978
30716
5805
35544
6324
6953
14625
35702
2159
8352
37998
9833
3805
33114
36585
31282
25539
3495
38249
15502
1997
20119
30481
11403
22852
21805
32732
35764
22007
6280
16334
18590
13790
23287
27859
2426
19344
13062
24678
18917
16394
17755
2713
17296
38790
10173
36837
11126
27783
33371
23163
19923
10670
11797
2782
22765
28044
17223
15070
129
2509
8935
13501
35942
30611
32726
36186
12533
5830
4184
37239
15511
9295
27684
22892
18174
19147
15152
38040
5957
22536
23289
17316
18565
5865
6465
12065
23497
37660
21152
17370
1263
740
25247
4695
219
2268
22955
10834
16270
14086
1778
26342
28760
35078
9686
33414
30675
6219
18347
1933
32984
29970
6013
26797
30262
26609
33261
11941
32705
16229
35649
4140
22572
10055
32005
24713
23445
20396
26643
38703
21238
13096
36926
34457
12927
25405
8924
1296
23714
14460
21757
9026
31135
34370
33180
33549
19521
33922
7259
30205
19642
14619
18477
8597
16819
23544
4773
10335
16329
28297
3955
33090
33914
23236
27565
29175
38591
9975
20279
6346
22480
2483
22685
30540
2003
26247
19862
22792
35211
1182
24479
20797
20102
15353
14761
30995
31685
24541
20604
15714
27037
15636
9789
20575
3793
37205
26874
23069
5582
31601
11288
28957
16662
24398
5552
7345
20761
18019
35642
22868
21803
16094
31515
5587
38734
35241
4731
38351
15984
20849
3943
24932
5577
2406
21489
11533
18488
12204
24789
38137
13643
2530
5316
8781
12990
31396
22442
26007
5438
10994
33855
22368
16349
34660
602
32061
24537
14526
35285
28812
4461
6576
36092
19911
13533
30865
34477
11820
15201
33022
37009
26636
1485
38491
14115
30071
1716
9183
35392
33921
21169
7204
19941
2624
26976
34528
1461
763
3789
9344
36262
13226
31837
19494
23643
31995
12897
24071
30749
25443
32169
8054
15672
18531
38534
32678
30827
16211
20216
7805
19902
32720
37947
10654
36351
31744
13383
32285
1421
38132
22813
21991
36949
6652
26998
24699
17126
618
16410
35900
21115
31425
20381
37199
11443
12202
27993
23200
601
17604
19291
12948
22939
23076
31124
29213
25554
15258
12965
1001
6209
21925
38740
33899
34579
1579
31705
13307
6129
2922
29223
31226
12736
21177
8783
5443
14315
5929
37435
33047
16917
37855
18982
2199
9724
27829
23600
21348
34376
18282
16102
2614
9555
28354
712
30501
32355
7502
12617
585
617
3846
20229
35746
34020
24153
26339
37476
35258
152
35990
20479
24882
18026
21988
26626
17043
10761
1161
36273
9379
38597
18899
12970
1277
8350
31179
34397
2359
16983
22808
1713
14777
15040
20466
35414
15589
9216
8863
27350
18239
26939
20776
34516
8603
30031
38127
4971
4931
30023
2488
2955
24642
37730
638
30721
9859
12222
32428
30781
34711
30258
10115
38806
30735
1858
38702
17761
7517
9599
16740
21030
37022
26420
19039
28474
17584
27727
19407
23701
30001
22323
9179
27184
19435
18677
1056
11013
6631
9705
24725
9500
5467
30492
27064
26547
23084
35756
27208
5961
35412
15813
35385
22970
11926
22177
7448
19592
22468
6665
19080
23653
36166
29571
2124
5060
24905
4218
34559
14307
15373
31039
158
20282
21995
33116
4573
29429
27215
17670
244
22784
31572
30631
9681
17179
27154
28282
26851
5677
31354
14875
8360
33874
6687
17770
5114
8577
16652
11988
12044
3398
9731
29663
29946
30966
19345
15183
6957
30344
11823
10762
24727
16350
24777
32161
30142
3079
6159
21530
6773
14098
4883
15455
31990
93
8380
24844
25271
14514
3802
942
14516
7000
19630
15444
10820
5064
15592
8544
37668
6304
2850
33881
7855
20481
9571
15207
28747
21350
21430
37580
8767
393
24765
32032
1128
24062
5120
16117
11730
34546
7150
4394
12416
20068
30292
17588
930
24706
3133
1347
14157
12239
28824
12705
19481
4608
29832
14947
8461
22046
36913
37323
21763
8784
27835
4587
32216
38583
12398
23218
30739
2227
38683
3118
25784
32505
19742
30886
24519
11940
32879
26314
19599
21614
26702
7322
2559
15561
17194
14071
32286
34345
13816
28118
1879
38354
10904
6945
33132
13945
16953
168
33476
21384
29074
16583
31220
19553
18364
30038
16250
10053
13934
13006
20194
23684
14001
7147
24793
17212
31428
12025
21883
28448
22306
16530
26432
28328
14989
19620
25282
4057
4158
12237
10435
36575
1923
26855
3453
15656
28505
14641
30083
31317
17339
37496
28235
4406
36604
35953
38805
12091
32211
15019
9983
38535
24149
25640
28046
3539
14878
3905
17079
35091
7766
3283
7529
17775
9670
21525
38979
16185
5394
35361
27223
8188
2039
4574
5329
13180
15186
7852
38121
7027
9388
2377
23340
7159
13236
6329
7726
22961
33662
4291
35246
25654
26743
2564
3394
36546
5873
15468
15553
16731
14366
13508
17166
1947
1766
14132
37750
22578
11102
20021
13963
25246
18975
24397
36373
12638
14352
2740
10565
33445
22945
16522
21172
31702
14575
34190
33892
1493
20368
9251
16197
11381
29476
15476
13480
19757
9497
14805
31707
27910
12363
38947
12103
18569
28410
29739
33040
18861
21435
23285
30577
5452
38719
27007
12525
34243
27462
15380
27313
9066
5372
2232
34676
31890
30418
13337
1292
26758
18958
32612
6578
35447
16446
11400
28672
38925
35553
4241
23931
16257
2599
36526
2872
12494
8206
27489
19328
35121
37818
8184
7854
8598
1679
4594
10566
5514
596
202
2940
1209
9293
30847
9441
25436
19297
38842
4058
34145
18086
13953
3766
12311
730
18675
18321
12610
3411
33136
35598
18033
4213
14987
31215
28748
30911
28335
29451
8725
19383
4179
38373
27969
27978
26799
33039
11706
39047
30259
38106
13743
3269
5822
18648
16409
20243
13196
21403
405
35846
34297
24543
13444
8273
3318
33607
33694
30245
29659
34705
11880
25778
23393
15654
12786
10900
11432
31567
19659
36261
35193
10350
25615
38923
13474
12685
14719
14470
10673
18091
3173
20486
7600
6503
37004
26215
35413
19150
4067
8821
25466
8101
387
12513
18984
32805
22072
3206
25274
38960
29557
30962
29647
28199
34645
2929
32008
284
2247
3722
15615
29425
38444
34954
19207
18997
20317
8490
20558
23294
7756
36547
26038
24970
7102
30706
33067
16908
7012
23836
18888
17133
18889
10935
22276
29496
4806
34379
7337
38484
14323
10158
7169
14222
12812
8985
4156
2685
31412
12716
35051
15410
29348
20446
33910
7764
38764
38810
19855
11399
30563
15973
27988
21640
30632
16829
38631
8631
27492
915
9648
8622
11173
7299
10737
35129
1661
35274
18580
32981
190
3865
13350
37101
15393
17974
33517
7177
31067
21254
32530
5398
4647
26765
30746
32145
17610
38472
15336
13292
18132
11248
15710
14688
30591
2639
13206
140
27461
23409
37946
2548
17844
22706
4
10545
32803
38785
16154
19991
36042
39022
38237
24707
11274
29475
3216
819
16469
38689
32391
31149
34570
36689
16527
18941
30934
22519
23595
8475
36682
8568
33451
5404
892
16609
1245
17196
26029
11864
21233
4693
7993
26856
20592
21264
36090
25346
18431
34524
35482
15320
764
1593
34868
11598
11043
31651
714
22126
20929
19339
16012
12861
38016
34650
11697
9487
6442
31210
29094
38169
35830
16581
17756
31358
19557
8426
30763
19963
38940
24551
9660
18520
23054
1484
34196
14285
38713
18371
17843
7418
11599
5314
24668
29504
28156
22815
30588
27804
10685
21948
30532
13861
17750
26621
439
302
22138
20795
8057
14708
16650
19647
36134
13437
19353
11693
7168
19352
30166
32239
32265
2074
1479
29387
4391
6517
11841
16057
30990
36543
10067
20792
17830
29588
2928
18013
12692
18020
31110
29669
4093
21338
21002
6915
21053
31952
34452
30215
11846
6617
29960
5186
17973
1922
5869
2472
34899
32694
435
29717
232
9170
27078
29023
32016
12127
23690
15055
10328
9803
13829
30217
25074
21214
5436
32149
1970
13555
13913
25749
16143
10781
36482
32187
7670
11806
38992
13683
9663
9214
34195
21738
27445
29012
37827
6892
33627
2471
771
38058
33751
6645
464
24784
724
20190
35896
13860
1250
11958
872
34123
17856
9801
23750
12551
9583
26450
11783
7527
491
21259
31426
30342
31902
11429
35818
31998
12090
36492
99
29331
20923
32930
24618
30931
20551
21606
19309
1437
27735
1426
18838
25014
22989
27922
17095
16393
32644
17078
3423
29713
14444
23477
27561
38123
1181
21067
25820
341
20723
21137
19264
983
20469
31780
123
33043
7873
36674
4661
16289
28761
10320
24775
9911
29230
29856
21555
9018
37759
772
2532
38522
12828
9460
29898
21091
19878
17683
20831
34560
9079
3350
13142
9099
4870
13803
13080
35369
26009
15823
18494
6925
16803
29603
27025
38661
24898
18397
16372
27491
36318
6627
15902
10196
3915
8650
17493
38035
31323
12681
33488
29066
20500
4888
13741
22682
7278
16376
5185
2235
5315
37926
11103
8793
39069
5915
34741
20100
13073
16551
4307
23973
3243
34167
27282
7896
19349
27904
6251
24552
24018
523
12490
18669
8668
25141
27264
7689
29193
26071
6931
29827
2243
4556
26985
21184
33462
27405
5992
36387
33613
26175
3384
18954
12826
35959
14651
15008
34821
10686
23670
5518
24281
38715
25939
32114
21658
34219
11388
18359
18907
35318
24245
25560
9834
34476
8703
14672
13531
37105
23002
30600
24193
8624
5801
19672
23480
5803
31729
16142
35236
6364
21643
22401
22879
20918
30336
11604
33066
1366
3496
12827
6362
31560
15524
7082
22402
38647
35153
29727
19584
11228
9730
11719
15531
3151
28736
36444
32081
22229
10794
21962
20345
12238
25899
5976
36202
35315
28534
37928
4586
5700
1862
32255
6639
28030
27816
33028
23490
34849
25026
28305
10005
26687
11017
28103
23463
25349
33604
36797
38172
9734
24105
36486
26940
9110
23210
29818
35302
7464
5888
26598
12961
11931
2267
16179
6830
24864
14508
14610
38272
33265
27689
11306
34341
22905
108
24807
37630
21361
16941
37298
15228
17543
37702
1170
25079
37810
30597
36592
757
10319
34401
9962
28107
14080
30089
30668
11927
11634
13358
6907
37971
31568
27538
3792
2093
6525
5879
27259
33673
31523
3817
1117
34480
26273
653
31832
7506
1827
25487
24859
2543
10488
12035
25122
11664
19243
19604
1499
14825
13244
28888
21776
3153
6292
29201
20447
359
19751
13245
22344
4042
22779
12046
22283
26449
29644
26230
2065
28433
37297
24973
10276
24854
3042
21293
20804
5190
34902
36414
34005
945
31619
37398
2034
8330
25994
1809
9227
853
1939
24110
36299
17366
27480
15775
20548
19299
4154
35562
14329
21208
36880
4282
7017
34914
14443
20881
31615
612
36141
1864
37095
13407
10921
32652
27119
26971
3527
38192
16183
35311
22453
5913
34960
32876
19829
38407
28560
1017
23648
38963
26811
25606
7937
14977
36005
19471
34500
10647
38812
37795
2351
17371
690
16018
23205
28707
34979
37321
2125
19799
32731
5028
8648
13473
38794
28949
21801
13699
20237
23637
38245
33208
14486
11803
11442
22493
30650
12589
13318
27481
22544
10229
37620
6765
14122
33234
10591
19375
15626
1483
20219
26077
20492
8303
19540
10138
13126
33034
2289
34393
23241
10744
4598
24840
1625
34840
9439
27972
20401
10271
2545
8667
29965
16111
36630
9393
17046
17260
27260
10347
27542
32791
15943
28965
14775
16299
1940
11714
32901
14372
604
11072
27024
2118
37999
465
3436
7536
32440
9739
3649
25244
8339
33908
37629
24012
34126
2864
30132
30998
18788
15595
21906
32178
327
12784
4675
19300
30932
2328
32491
9923
7972
34111
35978
31911
20922
27688
14219
4019
14040
4413
26176
37674
8588
23020
29763
24827
785
33675
35087
3254
20444
12289
35065
361
8944
22254
38267
1886
24473
19500
21106
9259
9838
20142
6567
24381
4284
20743
21043
7567
29464
19050
26332
4344
29432
21374
37609
11746
27109
22938
12528
5712
9540
32021
6002
19004
15689
36720
38927
35934
37945
28407
32194
19351
27581
38987
31211
23246
4900
11937
23939
2944
8470
12971
9244
36489
15134
25626
28353
9591
29751
23771
32504
29828
3796
26404
30896
33962
27128
25177
16084
35704
2275
9588
16213
13273
4150
15950
11478
26938
4467
20943
5784
7518
10890
22490
27537
12310
30235
23636
16043
18333
8447
25286
30409
13753
16619
26843
31292
1960
33518
2193
2131
2730
32432
25624
14238
25601
16770
8812
6739
1654
11019
24436
38360
2276
22957
5340
1322
20193
14566
6905
36870
18067
27872
15195
278
2350
14865
1324
2302
24431
18603
5643
4738
25434
33253
29243
27234
259
23746
39016
12009
9677
34025
19022
36344
32758
18919
22992
3427
3105
2444
28221
23853
4385
35621
15302
7396
36740
5725
25009
18933
18129
4393
23149
2711
2022
30773
17277
12228
16540
31528
8849
11717
5605
27820
18015
28259
17152
5058
20072
32595
24703
28713
4880
1143
4663
22329
11358
36695
28759
16838
4094
9363
17045
24590
4975
8454
19865
15808
15188
36924
28087
29806
15723
35372
38857
22242
75
4495
10981
25943
35867
3937
22275
25337
29773
24672
34445
30486
23269
32780
15434
20049
1731
29812
23468
8695
18689
4402
6075
17124
10859
29987
3509
37480
3650
6258
38330
3635
15558
34708
37227
35015
25135
12604
5352
4850
32213
10107
22278
27383
38400
32747
19090
5999
33919
24799
30131
2656
38994
16246
1616
31271
12903
13482
30955
22221
23140
12546
25224
33884
5133
17386
16610
20843
7206
5990
9587
38112
30750
28215
11028
20294
4571
783
27618
13904
17491
35479
28214
34447
32978
35891
4352
30400
24462
23262
2342
2161
17849
32150
9513
7262
10680
37152
14267
1684
9274
1840
21126
7093
36896
1097
28425
7891
12840
30978
9408
29419
37595
38570
11224
26501
7336
26337
26852
32127
19426
24921
39053
38698
15202
34258
2628
29131
16398
5627
11365
7443
22281
12666
12637
11593
9635
35868
1090
21373
25678
31876
33165
27096
11892
14327
36236
14614
1468
14968
25121
20953
22994
21344
27180
11548
35943
9628
18868
7948
17412
24504
10368
6743
32228
20353
17032
26225
37014
19650
23233
21270
9744
8898
25974
29202
35186
23592
37578
28688
34523
33560
13993
25960
24284
23976
4252
24154
20254
25178
6624
2047
30545
33139
7603
26599
21118
10988
15148
5539
13471
35456
2317
19798
27805
17101
18240
4946
6092
30767
2510
33988
866
793
17917
15443
32267
20218
21774
38519
36033
35535
36936
36160
38567
31339
10530
26118
22403
17589
18486
23797
3991
31236
16452
13009
19709
35265
13496
4205
7087
38047
15717
11238
30514
9054
32980
23275
3894
35852
19802
14684
31269
11431
14033
17945
22807
25923
8087
8377
26044
22175
24695
540
30960
36219
34638
25019
37863
22062
33486
6277
27305
23297
10748
24007
32622
34366
29444
10374
29676
37003
26164
11971
3606
32461
17779
19347
23418
35601
31701
1694
7253
30146
1974
19402
12050
3057
34132
8836
3451
3003
16475
3413
8055
9537
18741
30379
5382
12224
6192
36790
19482
23703
23671
7173
23031
16281
6637
37905
19189
38884
36402
13
32348
29917
16297
12728
27463
34295
7434
13921
7589
3924
23563
27626
12629
37093
24516
5839
1647
16184
16340
7983
27854
29359
23635
20724
21992
18136
28115
13260
4898
34394
12101
28059
12661
25047
37704
16771
32841
35453
36783
27710
32013
22888
35089
19358
25097
3035
19762
22606
10059
20211
35584
18570
11130
30181
22971
11924
3048
32629
32932
35319
26279
19869
15403
3103
6471
33385
19622
10391
7353
15236
26694
11061
3605
8253
8918
17924
36329
21698
14180
37418
37614
2743
9289
29119
17377
9479
19636
15397
21327
18812
19517
36972
15529
32179
19996
9058
7399
28765
1931
27758
12086
22639
16440
23198
12109
35730
8842
37695
13093
107
13038
12505
24269
21200
30697
15842
5733
38377
19741
10961
11619
993
14521
18759
21896
27641
13472
17987
27999
26301
38487
36865
2972
3644
13570
32284
36333
23539
32220
1686
24196
12738
16707
9551
14952
28278
1022
21288
39062
15043
34475
13615
30143
17213
36474
5229
11047
8331
33183
1432
33756
7914
12780
2920
31681
38197
37018
12878
6824
21818
35497
572
12187
890
2667
31535
32607
21903
19493
22699
34388
25852
32000
11920
17401
948
7196
19135
22499
22061
8275
18632
7633
30857
9878
9624
17156
3676
25327
30230
26925
26666
7389
7309
25986
29536
8714
2230
9483
4224
18879
27961
27536
23385
13023
861
29493
27520
6435
1125
19185
17816
17717
1834
25123
21471
11916
23026
3381
37212
23478
23774
7592
66
21346
2486
14004
13282
373
16364
12049
12766
32040
32359
38951
6414
33205
4560
19374
1463
16813
12748
22594
18183
23959
22233
31913
32988
15423
34067
18663
11518
14050
25127
13105
19446
13274
28154
19783
10883
37329
21314
33817
26480
31873
13316
15575
21040
17347
23376
32653
10811
36884
16031
18850
21125
34703
17393
13212
28109
6495
23878
1755
35524
12411
34828
11250
36343
13112
23431
3231
14896
25260
15769
32998
22097
16465
23306
1703
37656
7289
8106
25742
15852
2097
32533
4963
37646
6950
25254
11040
19968
15457
8503
11101
23928
5486
10798
30929
32709
27186
7830
38384
11063
8364
18114
22980
23405
16606
31842
24592
6853
1071
30551
25412
9695
7264
33246
4077
1842
10380
38364
35170
25309
38317
20859
429
35767
13649
11366
34659
16000
33406
4801
10395
28365
31684
22551
26641
10726
25545
3240
17810
14196
4627
3522
20004
9286
15179
18373
17532
10414
18050
3365
36568
29389
36932
9546
26478
19131
3058
20910
30376
11990
29241
20920
9254
19194
3392
32536
14767
36827
15680
29890
17151
457
31102
16273
6483
26928
3291
6669
29854
22216
34539
25929
986
34124
36175
25334
27691
9778
2833
34961
7422
7254
7988
10437
31108
32458
9194
23686
19891
14318
34414
32579
26177
26806
15972
18985
35563
15211
22012
15632
29708
21312
22385
14197
31479
30390
6180
4769
17933
37975
20552
35737
15903
5757
1457
3104
26589
1784
28357
17106
25816
30182
17184
6491
19817
9315
37225
31012
32246
27654
36419
27516
13705
9704
15936
22125
5156
30305
21394
28453
434
11036
35427
12070
31699
15762
28390
29329
3418
10736
13692
34076
31026
18004
4485
13999
26111
14729
26214
20015
34088
11336
33780
35079
7929
24199
18887
8305
27032
20587
26795
16614
26993
11311
18881
32574
15886
19307
17429
18585
17533
32499
31934
3513
4170
2327
28442
3636
7941
37192
26441
22571
26491
34646
32957
13317
38188
37912
9004
31477
36309
13190
23831
18799
35917
35565
19568
28959
29934
26891
313
8111
22333
33718
28382
9010
22155
9172
13589
14204
25208
18849
4807
8749
36810
19603
44
22429
14373
6594
11562
4398
14411
29490
12566
32611
3889
28091
19778
12272
29602
33045
32756
2963
9014
9951
18193
11572
5949
16082
32439
11532
9146
4400
38763
34728
36974
13726
28074
9662
26364
26058
21580
39004
25757
14264
5304
24486
18883
21637
8071
36209
25502
24289
7782
35308
33684
28251
37028
34699
12218
11318
38693
36416
21993
10740
8890
37622
20603
592
31519
35114
7166
18377
22054
6313
12645
32520
26063
29948
2335
17793
5347
12729
9086
35760
6954
17309
18304
1745
5089
5123
47
12500
27176
29070
10436
23677
31011
10759
17512
31241
16488
7642
3587
3335
32539
22313
36470
24788
19409
27061
504
12261
8635
10155
18006
14362
21316
3007
14194
27426
1173
18217
37775
4189
26784
24677
13835
32614
10265
25500
21417
6051
38770
30759
9988
27823
11739
20331
10013
2670
27187
26523
22103
10012
34541
27417
32154
16053
25490
11891
6785
4593
14540
31329
26546
22855
5876
18502
5765
30282
16772
14929
13490
2282
32361
26409
14249
30154
15805
9508
23682
27273
29893
21307
30050
2053
9047
9699
32431
16698
37544
13936
29986
6831
29881
32181
13672
6583
13907
2356
24315
1109
14088
14100
6025
8085
35224
1451
4617
19117
14737
4519
21089
36339
12233
19060
30374
28616
23843
5176
22081
30279
21708
26705
20170
2332
14201
10711
3662
21334
25198
27879
10175
38566
20973
7961
37141
11529
20205
28618
34321
30785
4262
23263
15642
19317
34879
22183
25390
5232
2695
11994
8218
3498
12424
21275
29036
21087
20204
13477
35432
23780
25503
27344
38669
15417
1176
309
20894
15437
1957
26466
1915
24243
17727
14656
28078
35267
6755
4096
33286
27719
22640
12800
38506
32675
38833
21323
20889
28835
8843
7903
42
7217
37185
20937
2503
25990
16352
30014
8252
8433
4201
9723
17384
31022
10837
8764
30026
20688
17907
8223
8838
30449
26664
9419
24886
6266
37728
6501
5400
8064
35162
34966
21848
12788
28963
26930
19159
37942
34411
2579
4674
19110
27197
7489
38803
33876
14852
17323
23857
4171
21529
35945
25328
14195
16033
5637
22896
6056
26457
4412
27706
26201
14386
33504
6895
8189
11682
11660
10036
16642
30567
32900
37303
8937
35829
16344
7066
26356
13222
15787
10080
37720
14779
28746
37407
38455
516
21829
23398
3980
10856
12433
6928
17868
1291
8585
33563
22318
11759
38443
10992
3799
10301
27946
22658
24612
10057
11967
4098
26473
36789
19758
38843
33611
25366
2534
31029
8757
5995
17700
12631
34970
702
16430
36664
32833
35092
12781
3017
14294
37535
19279
3559
4377
23388
9941
30331
4086
21409
22307
9281
10277
4682
22607
11033
16591
35423
25944
4955
13272
31954
276
35785
37813
37416
10841
37085
354
37291
14808
31156
34135
17875
28633
447
30056
24742
12057
17084
38607
24756
10863
32014
31682
27789
25040
25667
9759
38397
34511
8686
11232
9209
26089
4091
5183
28863
19876
6379
17720
614
10261
15472
10116
29087
7602
8977
31641
33926
21981
17557
3700
12144
25255
29868
18452
22713
33156
28540
32442
16916
23243
38446
35753
7133
1652
34231
14167
6917
10983
15617
10210
21569
22354
29373
30586
12157
16228
6902
37123
7284
15791
10997
1448
29065
26129
4945
18226
3549
34525
2939
25129
5101
2300
32071
13032
29543
4826
8336
11987
3377
26483
607
22112
25112
28662
23444
31192
2812
20159
11884
21822
38529
6273
20704
11712
4276
35681
4504
18237
27660
6873
15739
28120
5612
8555
37170
38978
4520
2563
9679
21858
23700
2449
20909
28911
18131
21229
8777
13247
11666
27726
11754
10827
24312
29694
5802
9655
5361
27153
21241
28452
29182
25197
31610
27810
28641
17389
22171
16720
1207
19918
32366
32156
14726
22169
7908
2421
19899
23829
9131
5569
14303
6173
30388
36608
38424
13479
28019
35273
36620
4449
3265
37567
20563
25132
13722
18384
8754
23421
26580
34155
15418
30349
1559
10655
21454
87
32045
21941
38270
15062
31849
10338
16567
13194
16141
16220
38329
26879
21165
21800
240
20293
8078
17980
2138
26996
25895
8547
28193
24390
23706
7384
36109
33473
34427
11829
27914
12343
22191
22545
368
10817
1006
13016
26748
22540
15540
21672
14213
7383
4214
9470
7437
37174
23012
37778
29376
15219
1389
8041
31782
37111
13092
12922
27864
8968
29412
23969
12264
32958
20497
24698
31019
25275
10973
36657
20527
30609
31368
26392
4568
7513
19174
23283
10575
31219
33430
