36932
8754
22260
19552
6674
38208
32863
1367
33350
16909
3813
17384
37638
21371
36754
25315
7872
30012
33879
38596
23903
37030
32221
12251
32491
8497
11644
23224
9900
4924
38813
7702
10932
25113
7461
3037
20981
5493
13721
13536
37290
6915
37756
23075
13318
5728
14607
29923
31151
28210
10912
38700
22298
14550
38507
20193
27603
20362
27121
30939
1225
1643
36037
809
13769
29900
33150
26884
25641
23762
27968
19035
17463
782
6218
11695
22734
24345
26220
1953
23840
37465
36870
29063
37551
7497
19648
22687
10486
4434
32237
8202
27929
9888
34091
32929
14984
21765
5143
16201
1555
16578
807
12063
28403
26216
19444
2624
37498
7168
21652
32255
3446
5869
1972
32662
7077
15182
15277
20116
17997
14071
37214
32953
35521
34666
10662
34903
25707
24879
20014
36756
18971
16582
15193
1975
3873
9342
33797
8315
18944
4256
3609
17075
20616
7173
15170
21625
22037
13200
29303
3248
11738
32174
17349
18310
8929
37931
27742
37520
19840
37132
16177
29188
20492
37715
34878
11580
36886
14581
20662
3837
36469
17323
3876
373
33073
20790
16925
38640
3058
37490
24615
17807
34860
6132
14584
26331
35722
12630
38155
145
15046
9348
21059
35391
38703
32330
35088
33792
10677
13418
38863
13236
10623
6507
24933
25183
15216
10124
38456
21423
35178
3677
10276
24029
35189
36475
1936
18163
13411
27111
13790
23953
38755
8972
37681
4810
2814
7992
10152
26665
28981
19334
7588
6953
10007
21221
31285
2191
26937
783
23087
26608
34647
6998
30952
37500
7183
219
25313
28511
24403
3713
25595
37760
12896
3731
28086
32788
36113
7433
13440
10755
7801
32448
19972
13579
14003
21309
37366
29653
10874
30430
27147
26946
22621
19346
16710
2082
37766
18347
5180
26620
14171
14269
15596
16944
23896
10904
31102
17153
15325
31465
4783
33074
13427
7644
8677
33052
25686
35020
16514
29800
2951
9020
1846
12490
26098
17552
4047
14438
16705
13402
1480
23941
38112
4183
31545
36987
3344
24294
21990
28133
37803
19252
19560
20898
28355
11270
4201
33564
37333
32738
33988
20499
38186
16291
27509
34714
28151
20860
16226
1960
21770
17456
12019
15048
5070
20677
23734
27083
21134
34389
27978
3232
30144
17550
5298
15454
16632
31097
29591
18774
3136
14398
18412
1177
1501
38049
36086
36809
29819
1626
14056
18854
17364
20023
33749
36206
22186
33779
12958
8676
24151
30795
28845
8020
6745
24474
5990
10166
5745
36259
30662
20172
27908
33487
33119
23924
36488
12585
26373
26283
29222
8814
6
8460
14365
25224
14779
35072
22386
1441
26613
22291
15438
2752
18764
10557
16247
5894
24422
7301
26041
33695
157
26692
17162
32334
36432
34694
7425
10017
2329
20292
10725
21919
34475
18156
34775
25555
38575
21920
17898
29962
5231
36771
12550
12420
13827
36673
33072
23739
37587
21189
2822
12347
369
36477
7407
3449
28127
3448
36606
13691
11019
25502
33065
20671
28949
22151
974
27654
12861
30252
10565
15736
13338
37769
34462
31919
10103
32991
5671
28623
18301
849
27825
21794
9933
19583
34650
19203
2
4371
24101
13603
2093
30867
15711
39002
6326
38832
15565
23278
19778
29716
31486
14926
7753
9084
29888
7616
35783
20750
6795
26321
12321
25809
36305
23717
21531
5866
23319
9643
34872
9834
34696
20464
4282
34927
7153
22831
11912
30762
3526
4830
25266
3800
10877
32473
3944
26547
18525
7234
5051
30851
7810
8066
11775
1503
14510
36210
34383
18135
32878
5351
9842
36547
6460
24179
19863
14580
28339
23472
30682
37018
7242
29494
35980
21927
4694
28427
32709
26631
32116
22705
2494
5596
13287
24024
28478
6782
31086
10940
7235
28817
8101
28308
2447
7393
1723
24073
2868
4634
25767
16396
13818
19981
38015
7123
14502
18114
35142
4835
28746
18961
29450
2525
5800
10108
30131
19885
23794
5191
15989
27515
27141
21306
30354
22587
30379
19210
557
11526
1253
10915
32850
10225
23016
16103
5950
12113
3223
33682
25873
3997
19633
27618
13735
10937
10551
25179
9265
37111
34924
18694
13596
10901
5831
33355
21663
17700
38663
29516
31093
23603
803
9582
14561
37016
38920
21787
37445
12609
17930
3862
29421
17402
36571
25949
8501
1018
14560
9916
37469
31251
19406
32154
23446
28287
16142
12263
18025
36830
15274
16306
18835
12953
29523
32252
21993
23881
26272
7762
35214
36659
13842
25323
36974
25986
35375
37547
21634
25077
19178
14395
8583
19692
28667
14444
12027
20969
9047
12398
38552
20637
3591
17377
11223
33837
15916
27284
25062
7341
34994
6112
18896
21785
29373
26446
20031
11346
30480
1588
27004
26279
4702
12430
7922
30443
27334
23891
5115
17378
7226
13377
7472
32331
10721
24559
13114
26045
15293
7035
13890
36358
27757
5183
33145
26606
25388
20474
22918
10239
4238
4425
8818
16017
19180
26424
8481
12249
15173
14711
14614
32164
38396
14819
26054
13999
33251
13533
13924
12917
27354
21172
30011
36041
38474
1080
35569
9157
14851
18534
3683
20010
2555
173
31099
202
17741
30814
18458
5599
31257
32049
29671
13183
17760
32011
33322
8071
16746
37477
18935
8108
33109
11717
38932
19471
8669
7470
19817
13084
14131
18538
2826
5197
476
10754
25954
15799
26709
34141
32429
34932
8661
14239
3825
10536
23949
12536
13550
13647
37008
8484
2712
23396
38502
6677
14648
17574
5456
26395
28629
3278
5054
24161
27686
33415
5271
35487
4012
3556
31942
21483
4311
6522
34621
2374
217
31926
13645
16333
36913
26379
22906
24978
8367
8352
22399
11303
30177
17692
22990
18067
36417
15612
32847
1269
11437
12432
5718
22572
16517
33949
29006
4342
15689
17685
7093
30937
24198
1899
24490
16347
21609
33774
23951
37599
38842
21892
11091
8288
34770
20269
27456
3717
38667
848
22433
29246
10885
23841
631
7632
8662
23190
25643
30230
17346
14976
32668
13615
28778
2828
25258
6003
15599
1949
29190
24770
18930
33768
32837
6517
24353
18685
27911
26119
8138
30674
30016
20541
20384
15925
11217
24634
2401
2355
15040
25820
28078
5773
10399
14978
23853
29396
5372
16409
14319
13513
25211
8280
25497
4874
16880
35571
12253
36643
12355
11525
1743
7967
27199
24828
35447
30568
15163
3676
7081
29864
34713
34748
34214
18047
24356
37583
22252
28395
34945
26587
3246
10920
18641
34393
12039
13374
23542
935
36022
35785
33946
37057
14789
37723
13783
27295
17674
31889
19942
16835
19702
27810
18770
23384
14363
4624
26776
27104
5166
33563
4703
8099
3158
30367
37789
23264
12601
14393
23863
29926
22120
33011
35321
19512
996
33626
5807
15137
6647
32148
16530
36017
22862
29282
33081
20088
1689
38361
19488
13949
16030
6798
3651
2720
37649
31138
11244
11468
11724
37021
16762
3197
2180
23057
34686
16900
11584
32172
17045
18365
22961
1569
2050
5625
18490
2554
16585
13903
20405
35067
29739
24595
22027
38833
15613
24658
32037
30488
25227
9058
25591
7313
35394
19978
3527
20147
24510
1954
13662
33219
18321
26085
26648
30775
36565
11370
23856
36828
8382
20412
21798
26259
29576
25244
12391
20207
29685
9281
6946
1337
21405
38170
6955
21087
26158
16010
32556
20734
26357
28950
17771
37402
10347
35412
24613
31769
9927
24014
31488
1034
11037
33793
17321
37450
12874
8535
5880
7781
9666
4181
29473
9868
4660
34821
31802
14770
20345
11003
35309
10463
33594
7964
3712
19374
35449
32762
16447
6263
37622
23138
2504
23486
36001
3290
35677
36330
2633
15991
13810
16802
13493
9295
251
611
21564
2796
36573
23675
9194
19923
30509
36769
10535
30635
17475
32412
33001
19857
13796
9882
15133
14167
37119
27014
9327
37611
24186
14477
20835
6285
3041
31390
14567
3560
36609
15419
22711
11929
33067
37070
33186
3822
9438
1922
31049
12646
33240
34123
33784
6347
2105
37654
3151
36135
14472
7835
2422
24912
18441
23871
14562
23792
38059
1807
33062
38092
38433
16714
7303
24766
21123
35946
35622
771
26288
20434
36877
10360
12960
24555
23955
27207
35950
9522
35775
12948
30308
32911
34067
7184
12313
31725
29329
14736
4547
33104
28275
30704
31199
14325
203
18787
25495
35805
35281
1508
30494
9876
28822
38383
16612
33901
10193
978
24156
23519
11797
10101
22594
37431
19290
35265
2490
1966
36759
10993
14625
13312
19404
22115
36174
34296
30451
18215
32382
21824
32690
35112
6638
34474
37683
16473
38279
7268
13250
33311
36201
31316
5366
28369
2567
28944
4041
3116
24695
24531
19472
2151
21444
10974
32428
28475
20676
10820
6626
24580
15901
33198
34137
19400
2182
37027
7374
31000
25109
20194
38470
15318
10459
20947
11103
27420
33517
88
2530
20477
9395
18947
35155
11531
30482
27780
7985
32867
26123
34644
23223
7176
34530
12315
27327
29247
26146
21407
32823
17719
721
28604
26474
2727
28104
16779
21442
18637
15834
4885
496
4154
7361
28753
31590
9232
24049
18744
18300
32798
29109
18740
29201
33745
17725
28327
32795
18898
8142
15595
4516
37451
31568
11483
34831
568
11331
4045
2273
24050
15720
31359
18128
15247
20833
12118
10965
33178
31859
17627
7744
29181
35506
6042
26454
22551
2276
30574
37809
6551
8301
36686
16292
27506
21380
28141
7285
21513
16067
33869
14337
34300
8553
15959
5296
8596
17124
2102
5545
35229
19441
14652
26430
33405
30763
2141
31776
14275
19046
11973
35431
38779
11919
7277
29568
27359
22063
26924
100
11170
175
5981
31810
6360
31133
14328
6303
21071
12199
35873
20311
38071
38553
20869
23434
2450
14847
19500
26795
3372
32933
29193
28167
35212
26442
12652
31515
6678
23761
25097
37640
24914
23503
32356
19952
7202
9576
12405
9488
16871
29272
727
12215
13785
32107
11080
22749
10280
8548
20822
14470
32586
23816
17988
16252
28054
6016
21599
6562
7580
18691
3580
4253
13264
13549
26818
24904
2757
12201
30913
35734
1258
27259
294
33608
35833
3692
1143
3572
24357
9647
4524
32244
3806
11546
23382
16469
13934
7662
24537
36735
26708
19665
24857
10867
2770
19207
1485
36254
4588
12194
5586
31699
38303
983
29442
33464
25272
25400
18966
3040
34369
18138
5798
33469
16484
11603
18584
24450
10407
6018
24375
7624
28823
4853
9481
25181
29783
22061
27726
32406
32817
6940
5519
18946
5206
23810
32140
17324
19649
21293
8397
5521
35961
27120
35819
29165
20098
29754
33331
1766
28374
14162
3707
65
30689
22803
12993
22470
20344
31329
20879
27345
26537
14451
13378
12624
14675
36537
5423
23003
8004
27441
29100
37092
21339
32866
32755
17095
34670
5575
31642
9503
20675
20163
38122
7362
37375
33279
17820
8261
14715
28857
13094
21490
11641
9692
20092
25819
31922
20322
4860
18580
3499
12152
22619
1964
37433
32177
28585
4895
18296
5238
36437
37667
30667
17505
26610
22535
5422
28098
34461
12889
37776
23000
13357
32836
22256
10100
32424
14680
35434
32930
10304
6404
27970
32806
28303
37028
28264
9525
13736
13546
5780
26971
25606
18862
30210
19360
38666
18249
11218
21804
30178
33019
26802
28390
19605
15166
26734
27493
20375
32669
7369
11179
29724
17174
24829
5036
21258
30615
8604
6509
13997
10909
20854
34489
26147
1791
28897
5647
31593
23186
8994
15119
2897
31450
12720
4466
13517
31796
34631
11381
39071
3097
31540
27606
6786
6835
38963
30342
30222
23878
3433
35890
7139
1776
21924
13860
27967
33590
2370
12368
30369
12507
30234
4517
27049
2615
31207
35346
29837
26350
29113
32574
32231
34044
7195
22750
32485
13724
13679
10673
32156
30546
6253
5116
36799
2557
32514
1855
20125
33185
13685
3431
27466
18474
19263
12676
34849
33710
18853
15668
33810
31064
269
2253
22709
6088
24602
610
16282
15873
2527
37713
14327
1852
20697
34633
36070
19804
28096
22776
3474
2435
16696
28745
5357
27382
11349
12937
21411
28597
31419
6968
29428
14557
7411
24481
3849
19795
25018
29726
29834
32314
18499
26122
8018
287
25319
770
13972
24793
23866
1060
9689
2219
32710
37095
5641
38397
5859
1137
19523
23400
7982
3173
37378
30830
27409
28930
18214
14925
30544
26263
34448
9113
1100
22767
23864
29302
7376
28371
9549
3510
26069
1090
36398
25659
32134
19539
38106
8198
11604
30927
12743
23001
3481
35821
4593
20111
32376
6392
29537
19946
30064
8304
34496
15618
38040
32893
22285
22049
7064
30160
35830
24114
23801
38441
22201
13813
23619
35851
3367
21752
33820
21337
30383
19295
38561
5010
10118
37460
22718
18553
38924
17778
18374
22578
22465
19208
5502
23452
16373
21187
2405
12487
342
33180
8718
4003
16626
12154
17657
10719
22695
9114
17865
27463
6369
20212
31713
28336
6280
3295
13155
11162
11587
26365
33798
9148
16831
28186
9078
17983
10374
30164
5345
26023
7955
23134
17126
44
19532
33821
22574
13565
31337
28060
8901
1039
8310
2689
34491
8386
17781
36626
9767
31607
14310
29972
33841
15579
27818
18607
18877
17301
21697
27364
30931
35284
36682
607
25395
26246
14865
7899
5061
2261
32563
3083
211
32598
35478
15286
20505
6410
9442
34144
11208
33189
12131
9500
19634
22582
19455
31147
26641
21257
35351
32354
15404
1089
21521
2192
15230
11316
32477
21850
8220
4772
38576
38206
28122
10766
26126
10145
1750
28552
38260
2132
452
34447
37830
15051
8903
30410
4382
16039
34554
20702
14758
35289
33460
27143
18751
822
10708
31384
5000
38022
19737
35259
7577
5249
20868
9125
35100
29659
38878
1445
2558
28833
8956
31589
34907
33874
21020
36501
10297
37634
12191
11635
12303
31675
23512
18019
19484
23410
27309
38686
19725
11996
9910
23055
21264
19029
27291
6317
22229
4857
27225
2386
7012
39051
788
8518
19405
30265
25878
163
24427
4633
11965
28769
34526
1541
18131
17613
27233
10133
23823
37044
19287
2593
38403
15204
31245
2202
36744
27500
12406
35732
31687
37339
9025
9001
23411
3640
6514
23277
21921
5170
25690
2179
27152
38555
3488
35442
3846
33958
30396
14436
28759
6257
27901
2387
8777
2432
15287
31143
985
25469
22609
13850
28722
30315
738
10951
19155
14981
16923
5163
24711
10653
13837
6646
37851
31954
38830
817
22655
27221
24458
22375
12849
33496
27488
4309
11917
8458
34654
29824
25936
9838
10923
18369
16415
14523
18630
13845
19454
11258
5396
14318
12930
24472
26401
28650
34040
10848
25494
3088
4929
25387
29294
22920
27457
5582
16600
20420
11535
32807
34919
18678
25521
12733
443
35736
20770
25146
38886
20751
3321
15933
8252
33994
34290
25483
1324
4344
33533
3005
38435
7649
5980
634
19242
30709
23537
18291
11813
15842
30681
32367
28276
26931
29011
16915
16865
20126
35871
2215
11281
5615
30905
23154
16476
23447
7647
11515
35694
3720
14785
7287
10206
1271
22263
36954
9175
38052
3416
37835
19597
5905
1249
19785
32216
33009
12276
19114
27873
2794
9760
24814
30027
12248
32570
13164
32590
34665
36929
6203
31989
16855
9844
14718
8147
28003
5566
34672
552
19416
24764
9241
30126
1955
2485
36615
15992
24053
29529
34456
3583
14388
19866
18370
21064
21438
18934
1736
15032
31618
7868
35063
31317
23225
9471
500
24594
36676
10308
17638
26438
4812
24709
4000
21099
28187
36980
1845
11474
37409
29695
14057
18847
38572
5004
27903
3454
493
21079
29581
21326
22343
37847
1130
17271
30923
24960
7527
32325
27153
32096
16806
15495
10363
2061
35055
8787
37623
13299
20768
1377
14383
9665
38761
12574
18530
10529
16724
27166
7981
35348
21141
16661
13362
24916
34092
33184
2673
31239
23894
26407
35541
14343
12107
20265
32441
37648
22657
32201
25691
34995
25391
32472
31762
22413
33135
12319
25085
23135
23006
33242
10274
9874
21540
5729
28899
20030
12197
28310
9863
31036
32871
34628
29766
36387
19570
5223
36613
37485
14703
6149
16890
12684
18701
19498
23963
19090
8187
15741
23579
32815
15832
32475
15778
24506
10296
1415
15139
16253
35295
38033
11284
13052
12472
28405
38333
27937
13405
24661
836
26815
27289
18108
2922
1863
37372
5352
5343
16471
13214
6594
27028
32225
36289
36248
2910
33966
35533
10137
17079
15917
24293
37951
6041
25852
38662
20435
26550
34695
16605
29723
20120
12843
16194
19718
17958
5968
32129
5611
8454
1203
11703
15465
6874
17083
8373
23054
36476
3381
31873
13414
31982
15181
28567
17325
28289
23218
5405
425
9382
20943
38714
23465
35864
32352
28780
8812
8878
35213
35594
2776
15535
37129
16320
29618
25946
33117
21581
33752
4695
2647
6616
37068
35688
12638
16673
9067
3131
25228
19202
26416
36745
34291
33541
4225
20083
32145
24508
23093
20090
15314
6622
35717
6886
21670
16060
8153
26639
24129
1483
10234
36429
16758
9682
38695
13744
27918
2394
18337
23357
6729
29118
12350
27936
37137
9791
19632
19212
4585
29936
3969
4836
21060
7271
9178
9952
7548
34842
31569
35964
33499
8863
6990
3185
20655
1731
17024
20811
12623
10767
24729
35827
33526
4340
23283
5082
20809
21198
28344
2481
8015
2221
28223
23053
32544
18143
26846
9036
8134
15666
17693
33455
15951
34045
35308
17992
22290
38679
11731
36139
7675
25306
17531
23775
5694
5328
29349
14048
28502
25674
7671
3177
1091
4620
31162
8862
24623
34339
27561
16938
33669
11698
19172
26760
7700
36587
34918
16864
30769
30251
8979
25771
26237
13925
29017
6288
8161
20792
24923
17854
36175
32301
64
34804
12521
22325
38398
15706
17494
9049
3704
18603
403
17686
10189
35536
33249
35975
15116
1122
3777
5886
22327
23917
32123
10174
19983
6920
15107
20543
12723
9829
7496
26510
5068
2975
35570
27896
14036
7979
4564
19784
3101
38709
1454
28160
25298
23084
8705
14482
30725
27836
12200
31621
37680
24389
26623
29615
4326
36252
20309
3019
29352
22569
2812
6002
30277
1191
2511
13854
18816
21028
38494
27095
3271
21475
35071
17229
38214
38707
31420
16033
31959
20551
464
7711
29578
9105
21164
6271
4297
25845
4869
24581
14744
35335
10203
1107
22835
31110
26351
25459
7328
26387
35023
9651
22860
8824
31054
17631
30176
18686
19453
4628
2766
36243
18065
31418
8507
3078
29003
31580
28898
17952
25723
4780
13799
6343
19183
6657
5660
6275
7691
25473
15889
9244
16695
35766
18821
9086
34923
4730
29149
857
16553
37959
23433
21695
34544
38580
21758
13848
3241
4190
30624
35425
13330
29172
15543
390
28477
17173
38578
9632
13522
31809
19845
32641
35337
21310
10232
15362
89
7528
15146
27787
8758
14384
9473
28975
15297
18911
34886
23832
2161
1387
14937
33139
38481
11017
30437
9021
8654
27666
29163
918
27931
38278
26311
4034
4912
27326
17293
31309
27005
30968
19462
25340
6695
24895
9673
26323
25720
18096
13015
22507
36994
18140
17440
33225
33433
18504
32784
17072
3401
36287
5870
26668
14240
6924
8069
18672
12677
2313
33163
2045
20548
22636
1291
9485
21096
20748
11406
9591
23441
34888
678
6723
6902
2668
25149
11133
21865
20933
10764
38588
13171
18368
13661
36250
5603
14163
17040
23044
34324
16957
4438
25827
2344
36389
37104
18003
14306
32572
5049
9280
26027
19995
6505
16688
33409
5934
19145
2065
21612
9138
26653
5833
24820
33956
11306
24140
18876
15337
5967
31116
29220
15123
19613
5608
35198
10892
22237
7636
6728
10981
37347
33872
38774
2352
3775
19132
7026
1826
6397
33437
25668
6604
30670
9552
5297
13245
38316
15872
229
13049
33107
17149
1911
24785
27635
32821
13987
2885
14399
33373
6449
20834
4443
13840
16543
7342
9131
14792
23561
6650
7263
37394
30896
21120
31547
7356
15967
16246
573
1808
5294
10588
37100
9757
7573
32749
27361
28970
29974
17872
37373
38958
5717
32223
26143
16363
29440
16675
4269
5075
32104
9459
11876
1467
32685
1212
18161
22287
31200
9595
10030
30792
9752
36186
17838
20608
565
10938
17185
26315
7944
2034
10801
33509
6720
23182
38257
17486
2782
2029
23259
12663
5977
4488
24964
2660
9928
26479
26609
5853
13704
3144
27489
23523
32527
6497
27883
30893
15924
6822
732
10827
17806
16441
31481
34734
3594
3915
26114
38807
12833
23597
29601
25981
4799
1072
33471
3301
7440
32513
15758
14012
33987
36126
19606
27269
3578
4793
19322
33515
30127
8964
20514
9800
9143
25321
29975
22126
13150
24701
19045
10467
1618
18136
13483
23805
16920
26218
23336
3994
14432
5
32377
6452
25259
25130
36479
18796
34101
33612
26959
4001
21662
31118
4376
1998
14288
12951
1064
12964
21737
4345
2359
16119
7542
37219
3770
33448
16279
38922
12705
83
17703
18543
11023
15226
38582
2792
16874
33767
7491
5917
32186
25402
34524
20591
34623
15196
17585
34629
17913
7557
20817
18486
11506
30940
1043
32895
29095
13335
7629
19752
29199
29458
19179
13209
27037
11393
34830
6293
179
35349
6937
34000
17621
10474
19204
16382
26798
3667
28426
22228
31881
2117
21774
11654
17448
16351
3089
38404
19439
12718
10064
18488
26685
21005
32384
33156
31217
22074
4942
30441
5280
17219
15958
23344
7493
9967
12627
3688
22912
504
15271
27777
6337
12940
31305
5253
34
8111
17514
34627
16882
17335
26750
26926
17876
24939
19426
9918
4257
13789
28201
29394
10154
30714
29565
11556
31067
24332
18565
25332
1205
33108
20392
587
37575
17203
5030
20370
34819
25000
22938
26112
4388
29812
17123
37354
6653
6828
13877
19644
26666
4518
12523
24185
11375
18541
15021
22900
20159
30515
18545
23342
3315
902
5864
5451
12734
20570
15980
16224
19520
22752
20077
13445
17735
29657
30081
23192
29238
28591
37192
16541
28112
29127
33995
29607
22057
7799
4948
32404
31304
3932
14881
21180
10187
32963
23355
17076
2156
8753
14410
32226
17329
39005
279
30499
7403
25735
34217
1816
6453
38209
39045
3955
7680
26099
37612
18229
14120
21266
2943
3964
32567
8269
22082
21551
28828
1703
25931
12704
14908
31150
31159
29512
10641
12559
11692
21083
23770
14621
29668
9956
7464
8774
5760
22339
30717
19582
17137
12419
21233
5657
37015
1609
29271
10516
30155
23838
22439
11554
6537
18668
11552
13211
8152
21992
29801
29519
33022
36193
9639
26752
29184
14246
24378
7529
6315
33587
13538
1958
20148
33435
17116
35909
2442
36185
27745
32584
10553
31619
4009
36802
707
10314
21384
12839
19154
3641
5577
971
21341
22438
614
19907
3356
2653
31526
31031
8599
14834
32698
34155
32032
27404
33648
1478
15468
29472
31018
27996
21313
33141
3763
10655
1625
14942
8933
19442
24017
34007
38950
48
32256
5770
24165
15073
30791
19065
24604
30658
19640
16813
38843
10509
10039
4931
9506
11299
1512
32061
25119
36434
15386
18557
38047
17423
26777
34501
25621
7189
6801
35356
22777
11436
17107
22930
13826
19356
13993
38949
31525
4710
28394
18632
9550
21776
29514
3378
19551
31252
23234
38479
4035
36873
28979
15017
9469
18918
17791
29847
17926
28707
32206
14862
31551
19889
21764
34942
5176
35621
35299
34472
23484
14121
25652
30915
13908
23595
37183
8022
38819
5474
37774
8370
13917
23933
13865
30729
22816
4454
9126
1775
18663
14746
16128
32398
34311
13392
23466
11752
31683
27265
20342
890
2661
12835
8474
14372
6142
32088
38060
28901
10331
16449
30734
8842
37969
19589
17160
36088
16701
29878
9134
18542
2704
23980
14686
20900
30608
16372
38905
14093
8144
9667
6425
10055
12376
17199
24757
29061
28844
10003
34017
37660
592
37733
34152
13213
34899
8935
7112
13283
154
37514
12504
28951
33536
18832
10400
9929
28535
23079
20393
25265
3705
11442
33165
15793
13467
11358
2265
16318
26580
21681
14440
326
33819
27222
5059
19358
10410
16475
1155
7870
24395
8628
29400
26397
18421
9499
26869
2607
18387
16692
27766
28415
3774
22317
16366
4046
1590
3129
11484
2166
18979
2831
18477
33929
36231
7127
25236
18217
653
33530
17817
31507
18684
14294
36298
31022
36554
8746
8860
2293
21679
37755
26906
22007
10760
5039
8029
16263
26772
8987
11372
20181
28023
7453
3424
21526
31641
21040
20625
14849
34149
27831
29966
12153
22871
288
13876
23521
4172
5487
13488
37619
3393
6150
32273
27586
36452
15906
18975
33349
26701
33858
5380
13429
26804
3182
10242
354
9845
37072
33008
7415
11243
13581
15058
27636
2843
21626
33766
33903
18397
33111
6440
27925
30399
38355
10210
34512
38429
16883
35441
9930
9854
30630
15399
25543
8526
3537
11005
12411
11155
26381
9012
30559
25079
11050
29114
6634
35187
33422
26378
37483
38418
19773
35861
38438
27021
2963
1620
2357
27499
9727
2133
17582
2596
6952
20378
30848
14791
33981
21179
8847
30077
28631
7333
30505
27995
27823
26888
30946
7939
968
15452
24035
10615
8869
26252
318
18011
18433
37808
20858
13548
13228
4761
9554
101
25021
21051
26832
25194
26531
36839
9364
24572
2864
37995
628
33113
35018
34422
5330
38913
4076
35093
24111
15621
22403
27159
12105
38595
12386
34016
26347
34438
30632
38175
8796
28682
6513
3183
33493
6412
2621
27043
30491
27315
31294
33098
38062
25904
36141
9843
32034
11595
37695
19211
39032
35720
24417
3760
30380
24467
19906
30371
20021
16840
37368
36445
7042
26033
24846
34012
33202
8006
2880
25485
26492
20862
13792
24724
10629
13088
23462
10986
3379
21994
3044
34066
15819
16571
37126
2242
36351
28411
15464
13778
12510
30873
23602
14019
30432
23329
23423
26457
14863
16643
18328
16994
10444
10123
10603
32780
15833
13249
14556
27924
1272
34698
23241
35972
34365
20982
31101
4334
33182
1708
35522
23103
13540
15713
1961
21871
24155
7312
4428
34357
14534
27307
23766
33066
36878
28280
16470
20411
18100
26627
4212
30926
15214
13204
36734
32657
11619
38690
8392
3973
10511
1905
3697
22125
39043
942
1684
34661
8610
30266
11964
25426
35231
30989
5359
25198
3616
15273
23586
2206
6007
38191
30779
17376
3427
22696
30954
36273
35475
9407
20538
21074
9810
3934
30921
22854
4015
23429
22981
36487
31411
26970
25821
12130
38043
6384
21039
644
7144
37080
37243
20223
1901
17313
34516
6243
9107
34973
32127
21745
14739
38954
38558
25616
23418
11930
536
13600
26731
25865
3892
1675
27377
28360
7078
13020
18325
35992
30694
22905
286
8488
33402
37762
9922
15993
3771
21592
38854
21874
23377
37945
34800
19519
124
23062
38030
24643
37180
30530
22044
26911
14342
10796
14143
9528
18549
30759
12576
8592
25649
16707
2470
29415
1614
9355
35445
29729
1867
24681
34776
28165
21645
17205
8148
1325
24312
27365
15987
9655
12083
34443
23276
28991
32465
21815
2893
2905
16615
15679
14392
6997
5724
22608
36817
20630
38292
24311
28514
34846
37172
8582
16489
28416
12482
21682
8404
20351
4357
12044
8699
7842
32087
2560
9205
4108
36528
28237
9753
8998
27671
11898
37732
20562
23965
5619
25048
7540
31056
3793
1529
29597
10857
4492
6583
30065
26879
33952
3328
26362
18529
2771
13620
4977
9627
19937
12094
7146
5305
26732
25895
24043
22679
20388
6284
35698
20201
15841
3947
18251
4952
38869
31891
34239
35895
27607
28883
14332
38897
160
16997
9193
7723
7279
11980
10079
23198
5683
23834
3260
27625
16267
38858
33080
30852
17139
21881
12241
22309
20376
25120
9856
17938
35236
22713
22994
33791
4044
24754
24302
21725
1103
6660
2260
8716
7084
1109
34793
1364
8504
37056
26286
31792
32764
32416
29425
20693
21849
25300
26356
21115
37559
32436
3577
31583
35573
1059
6958
2716
10415
26294
11314
21273
16860
33687
12903
4073
4794
17407
3603
2714
10645
28111
24446
21693
27163
37148
27920
29230
21855
22583
36000
35042
19483
386
12935
18721
36052
18884
2800
23920
36548
17818
424
30962
9218
11112
21435
372
20239
35874
26260
33063
36610
22556
4807
31654
11341
9172
4887
22067
24840
20812
17911
7511
27448
25563
7499
10517
36489
14587
35751
32618
1556
22640
17374
12577
19999
19851
18266
7553
29682
30361
13772
21349
3878
34782
23407
19699
34015
29953
11643
15632
37857
28702
30561
16178
29542
15299
33778
11976
16593
33744
29722
20656
34691
7687
23047
34863
9042
27355
21722
21300
14087
4664
26212
9917
2568
28388
6298
11018
15041
31256
9124
7928
18722
27270
38770
34011
16109
30854
9566
6831
23696
23288
1412
35548
28643
19896
28978
22966
29372
5053
168
24705
17242
18597
6825
13669
37990
35770
11084
2496
32152
21998
13203
18478
28912
6318
38584
7505
7604
18320
22301
19004
8267
9030
10131
1232
5705
27253
23928
33722
34437
1067
8678
3147
164
19790
35168
454
17195
36038
3375
8298
10142
10432
3735
651
31381
33922
13301
31173
28244
29102
777
31817
23732
12141
37014
16125
33453
23669
16147
20240
28027
29942
32467
19637
17299
6689
10841
11462
11238
2460
24115
15673
10201
28338
1050
14211
23939
1104
2173
402
13585
35556
4802
21419
29244
15981
33649
36040
31729
12612
20489
15945
18443
37655
4197
6113
7048
22116
38699
13066
33002
12458
23544
6068
1909
36397
174
28792
24560
20953
17549
20151
9509
22361
2099
34933
29613
17569
9237
26240
8543
2699
8440
26496
34309
32773
9602
29227
21950
9609
29170
26903
223
22190
10229
7067
38889
17462
34699
34833
2899
15197
17691
19033
7094
24142
34676
27164
3268
17816
20553
34575
3242
344
3319
26058
17566
14853
35011
22199
30528
10634
37464
11820
24459
2548
20217
26217
11015
31312
17303
32348
4506
19463
30821
30605
31807
30806
7344
21582
25863
29036
3137
32534
38053
4986
9477
35681
29521
13732
29359
22020
11048
24386
37308
18556
38371
615
23185
36336
4137
31931
14601
8587
30418
31280
28170
6097
34246
6885
11567
10379
17077
26887
31711
12687
13886
24787
19452
29666
113
32908
30964
27980
10009
12981
23397
9970
21644
27290
28566
24552
9037
14070
27162
9935
19034
29403
11736
17061
43
7270
20928
38326
800
24385
19579
11803
28101
24919
15857
16764
4854
15471
33751
15725
10049
35122
21143
17765
4291
7326
838
2578
36362
20436
21177
38187
475
26997
3666
29575
7665
24259
1400
33297
6335
10735
10908
26451
36448
38220
21107
34813
77
10738
23161
28359
20719
34378
4832
14713
1836
3820
30797
9792
22461
15943
19621
3992
2613
21558
32526
6564
2031
15152
14793
6119
26328
29376
4571
28690
313
17133
12456
30055
27059
30732
20566
18625
18741
13651
14578
32995
2876
13055
11248
20985
14905
20070
1573
37063
24821
8151
24667
3940
3191
11073
38906
10520
19731
11505
36421
29377
26597
12384
9415
24214
26841
23181
31189
14948
18125
37971
38748
11265
6091
2171
10139
24462
32538
34391
9855
12927
18831
26644
13067
16111
16280
37720
7178
32383
18327
25776
14536
31447
15627
37911
9356
25230
7524
21667
9034
2298
32739
31819
20806
33844
25817
7508
4691
1669
13448
37604
13844
26177
22876
931
30442
1082
6954
10065
20295
24460
29136
11827
4688
24219
20458
35538
11342
35416
12982
24859
34250
6202
30549
18254
28459
9564
9693
14404
1027
29047
5646
13836
19067
5907
1851
38850
7400
38968
13628
8660
7728
10980
2706
5118
9703
29139
29645
34247
22444
8586
23606
5697
30288
20596
5960
24071
11487
37154
18572
26885
37850
36958
3811
14051
19492
20164
30890
7278
24440
27533
2817
31974
38189
28824
12900
3359
25718
16322
7118
6670
36030
4542
35279
28562
4435
27173
8963
11768
4383
38520
12886
29371
25655
24734
25870
9949
26012
4457
5678
25144
29863
16512
36669
12732
27546
25526
15398
22193
33218
5520
2080
117
293
1183
22364
14400
35908
8204
37247
36400
21068
21704
37517
29564
5090
14763
10815
23196
3282
27580
15
38461
30433
26452
29840
13152
30047
24771
10753
10309
3143
13039
5463
27213
205
23755
26466
20967
32756
15675
26654
7877
2576
33624
16433
9999
36971
15424
37827
14830
3748
13341
25069
20242
34570
25328
31498
34541
5446
16824
13728
2921
21410
7182
28761
36044
34941
33077
26477
8682
27969
12220
4684
21448
32230
29014
8052
37898
26198
15790
19089
32344
14893
19481
21515
2666
20807
36947
23510
28214
3489
3658
34732
19418
16736
29509
37194
1982
10204
8912
16163
33114
595
25292
24038
3963
19296
743
29579
29249
18272
12870
35653
1393
15164
7996
7716
25294
4411
36697
28712
15686
13476
13626
33581
30497
31206
16765
12056
6405
21271
23076
8329
31811
23706
4280
10469
33573
37568
10149
5776
3743
27598
19093
2335
14423
35983
36670
13707
35977
35637
7467
10404
32077
12859
11538
13690
14573
35115
4308
9345
3181
30858
25814
17266
711
20494
17608
15970
25009
32105
33335
17373
23316
36323
24591
2889
3687
22793
4182
25425
2311
30609
18086
14538
2789
16878
8434
16697
23677
11295
36112
38986
33877
27208
6390
359
36910
30692
1136
8525
31937
27480
27649
20169
19734
18548
13580
22526
25196
24016
767
4759
4863
32019
20105
7689
19604
916
16154
34536
37010
7097
34014
21797
7927
38390
36717
9672
4560
26980
22053
29277
37374
20232
10037
357
25607
6290
15157
25165
24377
3383
15066
21478
38156
38702
14126
18307
38439
15554
38302
1404
14626
22641
32413
7006
27426
38834
25317
11204
20502
20847
35248
21105
27057
7697
30355
7961
20338
31633
23844
26371
23889
773
30462
35849
30409
14181
30205
21364
14414
35384
28937
29920
32660
24644
25818
26953
8056
25796
30119
8287
27987
17541
37824
1425
21819
10872
19694
31705
36667
6588
18415
4921
6158
21843
22643
37271
26521
6850
13149
8843
14389
5056
13014
25358
23555
26661
9524
15777
16577
31180
19370
31479
5550
4259
25075
38039
16088
38478
10683
5901
14563
26581
26955
2977
22550
11011
30170
38728
17200
7717
3758
5992
11626
25214
20177
39013
7302
34802
567
3228
22766
3165
21206
20396
6407
34553
12527
31089
15622
35905
10021
31842
22586
23020
35808
21359
34766
4286
24763
23617
6694
23290
9335
22744
28333
16601
819
27591
9095
31449
27485
18717
36926
22557
22149
29580
2000
5665
36012
26164
5429
22742
38449
973
19397
24741
22561
14754
16417
33300
14027
35799
533
12389
3541
19772
23983
17073
13692
2207
25245
38046
9269
38880
13731
12171
29145
7784
15506
1636
31594
19068
9850
20532
22885
27832
12592
15809
12062
37704
23664
7900
9055
15694
33671
27914
23232
14453
38290
27245
2094
35087
27447
8914
7083
38219
33039
30807
21248
34757
29703
26773
3783
30456
37976
25372
19294
33811
10269
19956
24539
24002
7893
36884
12779
15763
22909
19466
22797
38544
1331
35930
38637
32819
14658
11014
31552
11709
5867
22811
36304
17749
37978
7854
18960
38724
9182
23843
9079
28621
37221
35263
15379
25519
27135
11633
37246
23999
15523
18801
13867
26539
4656
20550
31008
34125
14975
14053
37342
31346
4553
13828
9914
18007
4336
7535
23461
22515
23641
29919
21195
13293
21372
445
16436
27176
17528
32859
16529
38309
3001
3077
8602
10205
34159
220
26447
29405
15757
9786
32682
37708
34548
5150
27216
2220
30659
22106
25648
14123
16255
13132
35267
13672
23645
26462
29688
31818
36480
13578
38659
28256
1458
36518
7667
25428
15482
2650
1289
414
7718
24942
29485
3317
26313
19283
5247
315
1768
6427
19719
23144
14153
27785
5581
19798
3923
14104
4965
22623
1020
7215
6205
21593
17209
33264
35422
14698
9513
15441
38959
1993
4778
8034
25187
15376
14496
28043
4932
18124
14287
5122
30184
19456
2902
31797
24802
7972
17560
1353
20568
18844
10751
5189
10478
643
6508
18955
35778
36419
20495
36128
34128
30663
16321
13652
38998
5668
19554
31096
33967
35683
13998
30390
11057
10097
25995
34229
4692
24236
1381
4797
15049
31853
16422
34956
8607
3662
26206
26088
25074
1884
7578
27922
12167
13387
18914
23221
34086
9716
20705
23160
37887
33618
36875
11343
34584
13099
34858
11887
22185
13401
8892
31704
31999
2758
27109
27949
9006
39086
29488
6617
20171
19503
13849
6927
13146
38687
37300
21212
35854
13143
14145
5472
25427
4381
9726
32621
29254
35436
24238
5742
236
8026
28775
25802
28179
24338
32059
5735
25158
23899
33677
17246
3622
12380
38108
33398
25775
4570
10435
28594
27483
17163
952
25889
12881
12816
20787
1446
19991
90
13281
2250
38835
4062
12736
18077
955
24817
8943
18489
7082
35330
35883
38970
10611
3638
5927
3672
23227
15940
21373
11165
28882
10936
5904
38753
19756
33194
22029
8536
8228
36011
25142
7920
23552
22875
27572
14323
33041
30847
34029
34157
13001
9660
24577
16311
21348
12229
6789
28570
5234
24454
10960
13678
16946
7315
27727
5034
7730
35719
23403
1322
6010
754
31918
36285
14498
37264
30853
36892
4619
24642
39011
22076
9719
30737
12410
31487
7625
23060
713
13089
9261
8918
25446
18332
35911
24984
34392
32219
24413
10279
26432
15094
38988
32194
19459
36061
12529
36871
6581
10778
26803
21830
18245
38672
34187
22852
28440
35967
32136
1452
34989
25851
20658
19816
7547
15130
30483
38392
12941
9671
25711
23650
24755
12658
35166
3988
4959
38655
6665
8378
22698
17636
36078
13315
28933
4607
31340
6043
34314
38577
33053
24996
2185
2883
29977
14199
33773
30349
5873
36740
29572
6606
2764
28345
7954
1379
28375
28010
15466
27698
9569
29545
9383
31140
20912
7320
14033
36775
13817
33334
34637
2177
30428
28958
9162
28713
26822
8428
18868
36699
29785
1779
31267
27108
33898
35598
5417
7488
25747
33439
18951
38165
25829
3186
38888
15941
19487
26046
13733
34433
8448
29817
28048
35290
22631
1356
18480
35516
28998
24800
29531
6529
18036
36291
8417
2330
27829
201
37676
19199
6592
14921
38721
36591
5485
12945
30270
18284
29022
12966
12364
6860
12904
18139
17007
24614
12268
33521
33662
34728
17985
3405
16287
11430
23916
17962
6072
18608
5410
22093
9894
7903
26765
6565
2446
31249
25804
35843
11123
35297
35634
6570
3880
13471
2115
21598
9322
29621
13187
11537
28704
21463
21182
9893
9883
7924
20604
1518
24080
36169
17333
9640
22319
11127
37217
23900
33984
38167
24973
26097
1622
10756
28909
13242
18290
24290
36985
4970
17104
36731
20455
12372
25314
486
4431
25748
5433
29147
162
37346
26402
32489
34645
11909
28538
5844
8797
28726
21332
18888
31790
12918
8013
39010
19818
37657
18497
28777
15279
37463
36859
10057
24059
22195
31409
27411
26865
31226
29389
24103
27136
23902
30310
38516
17127
18106
34603
19881
8030
33094
33366
36483
23633
2640
14471
11869
33705
36120
22146
38551
14522
10264
36015
21918
27381
26964
30215
25419
14459
37093
10257
3108
18187
17800
20496
5614
34906
17509
17054
5349
11585
30534
37693
17131
28105
31127
15343
27984
6216
6471
1921
32279
25219
32000
14784
5341
28330
13767
1519
21561
23081
14745
3052
6736
24006
8401
5179
13955
17759
17360
31791
11174
24951
16659
5102
4268
14227
22071
14591
2719
233
10943
3848
2402
22488
31123
9317
35626
6104
22481
34514
30486
32490
9303
7761
5524
33440
14000
7766
6402
33980
470
2397
35994
17957
22512
1728
4071
20720
32561
9497
13880
14842
11967
11569
4453
39106
38722
25517
37858
19517
20853
11330
30686
15417
14390
9169
18639
863
12219
23445
10059
11720
16884
28890
15615
5702
5320
10367
14371
17727
5400
37913
23913
15265
459
3893
25322
22156
9690
4988
10888
18419
3152
6458
38190
22781
4407
26052
27093
6688
20238
558
35973
11076
7224
38293
16342
21962
14483
36085
16792
38171
12567
28142
20572
25522
3047
23019
18070
17223
7525
34192
29418
37150
19175
36134
2280
5184
35991
36415
37032
33268
33394
24962
7867
11120
6308
20530
33808
3070
19808
35648
18635
36960
20150
27788
11834
24791
16995
36110
23937
11115
4279
27632
417
20072
16107
7808
19595
24750
23681
1914
38323
19593
4546
16505
19627
30995
26949
25232
16681
2452
19852
37892
27379
3159
10524
37597
23168
36265
14085
16278
32161
37588
7764
17363
34703
32366
10006
32222
9885
16212
22484
1450
12117
14473
5849
19686
32435
13116
27795
14714
17573
29132
36907
10159
26467
13966
7785
7452
23293
35381
24321
24540
18183
1662
27151
24779
26120
15863
12326
18734
14447
17142
16155
32781
1012
25386
8285
23893
904
37825
18292
28941
3464
24502
2841
25284
31434
25132
1076
658
31181
10626
10342
5471
31513
38443
21388
24046
9728
22246
11291
12256
23821
16933
4374
779
8783
31467
25808
11962
6200
27539
16966
10743
9516
12308
10727
37149
34591
1510
13520
10811
6820
8533
18378
15532
4536
35102
1306
21640
2347
20709
15823
32511
2909
23609
12831
10351
23814
3218
33513
22187
15134
36316
7225
30701
3887
1355
31933
27189
30929
37589
33985
22059
25022
3565
24283
1428
3300
35501
9818
1564
6618
13990
23676
1984
20802
17966
32132
22840
15231
14547
29654
13941
9470
11298
22209
1193
34271
25698
16797
17093
7391
30171
19658
27690
20372
29435
22624
31806
37158
15811
17753
4235
31132
19742
12470
4245
26075
27522
31993
1595
13128
1537
29417
12379
38790
14935
11197
17548
11413
3440
4590
20257
37677
1811
28192
24272
700
13804
2672
9181
5507
22740
27325
13959
5350
26785
2657
8450
37153
34093
5241
16328
6395
17191
741
5312
3025
23642
16961
18090
6806
15861
28661
15831
21805
12724
6178
18129
37561
30671
20066
15499
15414
30832
9347
35191
5675
37658
12655
13160
16193
25634
22639
4230
27521
32128
6568
13195
2682
10143
38825
32069
30646
19834
35110
25675
2046
23962
19864
22349
21055
11355
3348
18828
23248
31964
20917
13627
4936
6776
5260
15580
13543
24564
6238
7651
14256
30359
24932
13033
28752
15960
12989
12164
394
31910
11068
16112
13650
4017
11012
20602
23791
1017
10183
17315
19304
26195
240
21468
10323
1818
31211
4577
28627
8749
36708
26341
15434
13400
8272
20640
19104
1839
35427
38538
15329
4364
16631
9033
24831
8999
54
5594
15184
12132
9474
4002
8776
28802
36299
23349
27554
16074
24547
22274
9769
32632
15334
34381
8686
6809
25504
17774
4953
37045
16260
14876
14515
13883
5709
31692
4226
14187
22607
20929
24888
27674
6031
2711
34451
12537
16430
28386
3258
12752
23035
11207
11615
20430
32066
30168
32996
6157
27798
1902
11345
21279
1640
23495
35644
31435
37574
53
19198
14610
255
38110
19971
3631
11841
10896
7710
27299
1690
3466
18170
23892
9013
210
35094
10401
8679
4999
37961
17694
13666
11220
36149
34986
33998
34252
1734
15665
30403
27624
7346
23313
3754
17508
22430
8421
15715
12792
13710
33547
8027
28719
15413
17477
30142
691
21766
34179
17799
18401
32645
23511
17620
96
10262
31176
32691
4491
3975
8133
6013
19381
19874
25090
20753
8335
5601
29931
35200
35113
26563
2630
18148
9219
4935
33709
15143
30808
31002
8073
28404
22026
15425
17004
26936
6709
38639
21810
9846
24808
26256
35167
18339
24090
35323
26065
2604
23386
37058
7863
8268
14677
31350
35242
28452
32743
21642
28453
13349
130
35277
18089
27402
26954
5066
7902
39012
14832
8088
20641
10222
22782
8611
30165
13274
17047
10424
24138
6755
21465
6962
4658
22790
23405
27659
21738
17412
556
12408
4324
356
31296
28357
31850
27933
7128
8375
6659
11178
2478
5151
33855
29218
92
3053
33621
9642
5119
8042
32975
20722
33822
35275
4278
10408
12681
12518
6240
4521
24209
22479
10703
23034
36829
35512
10255
7191
3827
18071
32928
36559
26352
5491
17780
9747
17193
20365
16185
23174
27472
31924
25333
25994
14032
11206
18659
21113
37968
16395
22019
20331
621
32391
32967
3139
26355
28002
18470
21370
9547
31209
32767
37456
17851
32150
5188
32676
12170
32651
242
10322
3792
10622
15458
29471
14710
1535
19970
21202
2428
13478
1399
16508
38137
2524
24479
25056
23491
34887
5216
28880
31875
36798
17308
38750
25961
5243
13541
22541
25114
12098
14099
6914
10709
37846
8520
24890
25457
23831
19732
30537
18798
7380
8240
14669
19801
18705
8711
15488
12031
21037
32644
32602
16704
431
28204
15310
22890
19596
11240
17663
15944
15874
22262
33267
23952
13430
36736
24324
4747
21477
7864
39101
33746
23753
38490
6472
32296
3784
26894
9248
18873
29839
19231
37062
21295
33685
36209
24267
13856
23170
13841
25538
6319
3369
17148
37790
28968
10270
31715
30868
30194
15657
30668
26472
30415
39090
32381
12108
5269
580
20129
23772
8036
27729
30087
9340
31927
10062
33480
9849
9159
34868
22443
22052
9371
6642
8911
9346
36187
20306
17580
15796
21977
32671
26774
29536
39098
27498
10032
22720
28417
33567
21021
12312
5547
36008
38918
23177
14624
13061
34234
8573
12237
27203
17169
24853
11727
8544
2990
8559
422
30365
10425
2940
13496
7790
38693
1611
5499
26868
19722
698
13556
327
12073
34158
34658
15550
6818
38681
13304
22401
10282
7685
31905
4387
20564
17184
37594
5897
12669
37156
6632
3469
10185
34313
31650
29507
11778
12790
35671
37526
35158
10813
20246
38766
35620
37031
34211
26208
3133
32695
31824
14007
21601
2181
24738
38109
28558
37292
37739
25277
10558
116
188
6438
11938
32744
26391
15548
15038
37135
7862
11706
16507
13677
33036
25783
8831
114
5202
15461
12222
38904
31856
10419
26859
28670
9995
26180
5638
27183
13332
9707
29208
12086
37041
14474
34436
16448
24079
27331
38997
25080
5458
1303
18393
31253
37674
28396
737
16662
34287
24708
20511
982
38715
25506
16841
2735
8278
29293
8724
30474
37196
14574
9082
24200
23571
3190
13229
36418
22697
12729
17515
30602
6985
4956
15071
16131
28454
465
14293
29085
11530
31587
23563
25151
21011
1613
32927
5210
1632
19259
23873
13458
8494
2187
28628
34459
30512
21088
38466
6362
29491
9971
13963
23246
6185
31454
20740
8136
37962
25486
35454
13727
13518
35669
25911
31202
7437
11394
23464
37904
4390
31563
32808
34561
13465
29157
3766
10324
27
1718
2213
10447
26026
30885
28450
9898
2665
7308
2059
10706
29221
21047
12608
29044
15213
13180
31286
8475
3059
29599
21133
37012
31196
21595
34162
23979
36063
35786
1482
7620
33255
22113
2474
12822
23607
3970
30521
31814
20746
6751
31376
18860
17768
30990
10489
15877
11161
18363
27913
14564
17796
4644
20977
21032
28848
12929
24739
30179
18763
26042
3340
38711
19757
31318
21183
2938
23380
10370
36426
6744
36341
30594
38382
18627
36346
25027
23337
