454
463
2567
1040
764
3739
189
3828
3486
5081
4007
3342
294
4700
3201
1394
1704
2908
2666
1176
138
3685
2173
2756
4554
199
3835
4360
14
1150
1444
4304
468
240
2356
5074
197
626
4037
259
3992
1316
1232
3591
2267
1953
660
4111
22
1246
1497
1349
2391
1872
1142
2988
1083
1451
1992
5062
1550
1236
1971
4179
3618
2898
3821
5083
3106
4443
439
1711
3071
624
134
2177
711
774
1835
2686
4900
2704
2307
873
2612
4670
264
209
4277
1932
1389
3481
869
4371
596
1429
840
2094
1308
4961
2787
4085
3171
5067
3283
1373
4325
3920
3561
4734
2645
5002
3455
3329
2632
167
4770
4387
4818
3608
5007
3626
428
3452
4795
373
2779
1427
3968
1947
4981
1769
384
3846
1401
4390
1807
1151
4482
1069
2773
268
1380
3379
1342
4263
4339
4964
3288
3428
1185
4768
1108
4587
1789
2840
2282
3064
500
244
4718
2559
3813
2714
1543
1126
2243
3285
297
4104
587
2104
3239
5084
2897
2484
3387
3429
5037
609
4893
4709
2887
4168
2459
1735
2101
2421
1516
4508
1768
2156
4289
3257
3052
1325
1337
3833
4764
3972
1031
703
3063
369
353
3335
110
1500
3531
823
1181
2944
4938
1770
4452
4249
2116
1601
2285
4985
5052
3364
3358
431
207
2702
2662
4166
936
2785
522
2872
345
2158
4721
566
3548
3085
2015
1907
3766
610
2434
141
329
5058
603
906
1664
2162
1554
1667
886
731
1776
3249
4386
2952
694
2178
2651
1362
3090
216
1962
3844
1080
4952
3553
1479
88
2135
3381
1428
2719
3208
4494
3775
1913
2531
2169
1038
4562
4804
4846
442
3761
4288
498
128
1973
1990
1804
3457
3907
2288
317
3808
1560
2016
1637
5029
765
2826
404
2605
4676
1727
3855
1693
4842
2711
3994
4200
4750
3313
1129
4662
2219
2602
3227
1124
2051
2155
2886
751
2321
3657
2354
481
4736
510
689
2257
2316
2871
3130
351
2065
607
4173
1183
3940
1661
4863
4616
738
520
1825
4677
4730
3357
4966
2721
4555
1969
805
3533
3720
621
2876
3401
1760
4252
868
3585
3982
1149
1086
467
4731
155
3924
3124
989
2982
386
336
2734
4622
117
3532
4297
1280
3157
3111
2628
843
1452
90
3735
3785
2381
3155
4118
3623
4293
2145
4217
3549
4212
4761
852
4808
1941
2660
4081
1744
4827
3722
1829
4483
1162
2763
2828
1250
3092
558
931
630
4806
4687
4177
2621
612
3715
1746
3375
2241
1640
4314
2573
2357
4475
330
1255
1950
1573
5025
1920
967
3535
2018
720
2170
3367
4280
4379
3706
953
1845
4115
2730
1629
3642
2443
3125
3023
4809
3734
1976
2745
3963
611
1838
1270
1548
2822
1383
2413
4789
3935
1759
8
1474
2415
506
1802
1465
195
4366
1260
3537
2557
2374
3464
2980
496
479
320
3494
1039
3487
4213
4701
947
1798
2896
335
3503
2137
4778
2212
4010
1717
4656
2530
3174
3091
1860
2619
4715
3858
151
2053
1909
723
4798
4084
3879
3231
838
3998
2110
4796
1832
2514
3043
4453
3927
331
3945
3671
3624
1709
4593
4545
2873
518
2558
2249
3602
1087
568
408
3952
2460
2834
1975
4973
16
3259
4520
1174
3462
57
1247
4368
3898
1120
3160
2358
4300
4551
1690
3818
1005
4902
2345
4474
4136
4406
2220
575
3919
3517
4626
5059
3015
3921
4664
1818
3876
5089
3449
653
211
1871
109
4507
3051
3950
3768
4698
4004
9
2963
850
1595
4775
4309
1589
99
1143
1512
4032
895
3265
1258
3461
860
1681
3178
480
1104
4033
960
3251
3990
1630
634
347
2060
2575
1421
4484
4306
2729
4563
1954
4953
3269
4746
305
2331
3310
3490
2521
3089
3445
4552
788
3859
735
1344
538
4628
2604
1159
4692
3489
581
3402
4303
4151
4221
569
1252
2599
4608
1585
4934
4836
2744
2291
3405
4496
2320
2888
671
1033
3587
2311
450
4378
3792
2780
3466
1561
4720
1036
1772
3644
2568
1386
1486
54
3050
1540
4543
1196
3697
51
1278
3127
1424
2416
3832
4455
1676
4210
4919
1336
4926
132
1163
26
4284
3019
3037
71
1734
1132
1826
1407
83
757
2593
3765
2811
615
3383
3511
785
3637
15
3499
4287
2922
3728
3189
3559
2497
4431
1722
712
1758
4725
1182
593
4538
3186
160
3745
3746
5075
4899
4886
5030
3055
1748
3752
4950
4001
153
1515
4835
2774
1125
1873
1331
1945
4389
4999
1558
783
186
1235
5050
359
1816
1249
2611
1749
2981
470
3302
4203
4105
3219
4650
277
2768
2429
161
4722
3028
1778
2263
3188
846
3040
601
3382
1638
2577
4588
4959
1059
322
3400
3707
2252
4018
3137
734
2520
1459
391
1718
915
427
4879
1480
3003
2757
499
123
3453
2500
2933
2017
226
1617
797
3126
758
3154
4880
1263
3557
2900
1199
2095
782
2696
478
118
1921
192
4261
2919
0
5065
990
3868
2130
1701
1655
2906
1243
524
5021
3113
1310
3901
4617
3562
2843
871
3703
754
2139
1964
3514
12
1207
2067
55
4043
1334
1058
2924
1366
807
1901
4558
714
808
3420
3075
995
4275
1055
1172
1505
174
3000
1076
2192
1286
4911
2072
2377
1843
2427
3217
4214
4086
2409
2915
3190
1097
2052
309
4585
92
2451
1987
2786
3791
243
4970
1867
2498
649
156
1657
284
4992
3218
2410
1687
1502
1281
260
201
3080
402
4550
1716
2245
1481
2683
2206
3488
1576
4659
4469
4451
2606
4218
2310
2302
2289
39
2791
3145
3470
3431
3988
4986
1803
4207
5088
3167
4925
2550
4948
3093
2171
1952
5053
3459
1891
3781
4461
4977
4321
323
4637
4020
48
549
2043
2450
3473
4780
1071
4444
4058
4936
1353
4607
2755
2989
4663
4510
3472
2295
488
1266
2865
2086
882
252
3309
4375
4198
3268
1853
1304
3345
2579
3152
943
3361
1264
2121
3948
3892
948
4599
67
940
4823
4008
3485
1374
4319
1890
2205
2754
4885
833
426
4803
4694
2491
1875
215
1044
2582
856
315
810
1820
3103
3056
1208
165
2193
1363
2875
3412
125
3733
4095
5071
1998
4286
2442
3454
3753
2895
3505
3363
182
1133
1265
1997
3748
4355
1771
176
3985
1724
556
4998
1078
928
2972
2418
2902
213
2098
4132
1659
4344
5061
4596
3033
1833
2269
410
1106
2670
2050
2446
1605
3183
2369
1435
548
822
532
4154
4131
2610
4649
3582
4898
3434
3721
4960
1874
935
2223
1475
2955
4398
2881
1144
2448
1441
1965
2313
686
4046
2363
1372
1984
1206
4699
2808
2020
2255
3318
1777
3895
482
2380
1842
1522
1892
3572
4172
1388
4704
2215
487
4470
3641
3738
1926
3778
604
4098
4884
1937
1905
1105
713
4343
623
2327
1752
4068
1464
1728
4473
3136
4022
2396
4374
804
4578
2329
1520
985
3172
1868
3272
1201
362
3629
2524
2762
4318
397
4522
2555
876
1801
1193
3636
1723
1924
423
2975
4495
4096
1175
3187
4971
795
4655
4541
577
2299
4976
2189
2487
1897
3059
2292
3754
3260
3566
2161
448
2688
769
1015
779
1123
111
3665
1888
3354
3915
1403
1470
1341
1327
4190
2039
836
4420
3717
3987
2405
912
727
2939
1056
4155
2858
635
3180
4624
910
1525
4416
3520
4074
4237
1877
3267
4652
3918
2549
772
759
3427
2601
2218
2723
2740
1063
2182
692
3695
208
2150
342
4116
2457
5060
2262
319
3694
4945
552
3969
3013
3850
2305
1352
3966
2917
62
3450
2978
2781
675
4075
3416
975
4011
3308
2025
1884
1194
4016
707
1857
663
831
1541
4047
2385
5018
1158
4039
1460
4124
4188
1645
1254
4592
1912
4034
5057
4575
3725
392
789
3353
3284
1398
2244
521
5010
3823
4514
2837
1810
944
982
2085
2894
3221
970
825
4301
2057
4423
291
3970
4598
1648
862
3482
3786
4773
2742
4671
718
2279
27
818
2013
1227
3471
458
3521
204
2350
1
2880
4149
1297
3938
2470
706
4307
925
1029
867
3643
2379
1487
3724
1434
4777
2570
956
1313
3275
2276
1102
133
1509
3838
405
2166
503
1636
2998
656
1438
908
1815
4739
2884
295
4454
1547
1237
2103
2563
4247
2019
725
35
3574
1430
5072
349
378
2293
4784
3034
1168
3653
976
4614
4000
3484
4889
1885
3683
4613
4639
2968
1699
3356
2226
3769
3121
654
4653
1269
1317
4107
4422
2855
4648
4982
434
1417
2810
1635
4567
3504
429
796
453
1985
535
2087
4669
3576
115
3463
2535
4101
2969
756
3307
1490
3437
3139
3493
2923
2335
4150
2664
127
2778
3759
3951
3108
1641
4436
1700
4848
3109
1262
497
722
2318
1570
281
3984
4603
1213
3262
4847
3540
1995
4243
2080
124
1763
2571
1528
2486
2940
4811
464
4849
73
922
1084
564
1619
3776
3956
1754
700
4299
1082
4686
2775
4091
1538
4690
4464
3780
878
1476
3742
4079
1677
4812
4424
1314
1091
4276
4872
1443
3604
4737
1862
4215
1152
2859
4995
2846
2713
855
2141
2258
2954
2705
107
2537
3289
2633
1440
3002
673
2176
3132
4361
452
177
4012
2746
3118
1731
2885
4351
2408
1936
282
1980
126
2935
1392
4741
3937
3719
2928
4031
4623
515
664
4113
4042
1257
2092
4102
3960
389
4110
2665
4024
1215
3277
4258
44
2759
952
97
740
1420
341
4415
37
2393
2554
2455
2504
849
1940
3914
561
3194
2617
1972
181
2248
1737
96
1180
1303
4782
640
3713
1007
4763
3060
4765
2739
1925
4683
2026
1720
1607
1294
1707
2877
3878
24
4853
225
175
2033
618
4810
3202
2669
1376
842
352
4244
4866
75
4472
1339
18
3887
2576
4206
2061
2789
2625
1032
3610
1604
3101
1698
898
274
2402
1503
981
1321
387
210
4914
4139
1242
2472
4122
4458
571
3853
4787
371
652
2561
3856
3696
4191
2259
526
445
881
2937
4509
325
1781
1157
1456
2314
3350
3312
1136
3338
3831
1328
2400
1685
3803
662
1377
839
3836
4851
2974
668
3586
2097
3690
4890
3916
4013
755
4161
2272
3169
4724
529
1854
4723
1588
2903
600
472
3592
4294
2551
1518
1968
2728
1725
4756
4841
523
4466
4965
3149
2000
2412
661
1963
1571
986
2613
446
53
2340
594
1022
3527
3206
3555
2718
3024
3131
1240
1895
2028
812
3612
1870
3030
1212
3611
588
4668
1238
1395
4064
2438
2107
4568
3323
1205
3760
76
4878
1517
370
2824
4928
1035
3807
2360
1271
5051
30
3200
2268
3197
327
3146
2439
1767
3645
4682
945
1134
1697
2538
3902
457
4271
49
1409
2253
1597
1491
2844
747
1220
3607
3744
5014
3261
583
4181
350
3863
4583
4894
4833
1361
2805
4230
1583
1131
4003
1858
4819
5043
3881
4240
4460
2191
2984
2058
4291
3394
3095
715
3891
3705
4794
5076
1695
3406
2851
4144
2433
3538
1991
4638
4989
3316
1003
1211
4417
1190
809
1241
562
2920
3326
4881
2002
2401
17
851
3372
2681
3116
4499
5056
591
2515
2623
4333
2078
1338
617
2818
1178
4491
5064
4831
3446
2490
1020
3196
4511
4991
254
4646
2948
3864
2010
2083
4702
2977
1155
1209
4133
1122
2934
2580
4273
4204
987
304
421
1117
2175
961
3246
3458
3784
1064
4927
950
3072
930
4711
2541
5011
3827
10
827
2372
2479
2725
4755
3112
1188
2912
1806
1306
78
1981
2117
2483
1047
540
4523
2348
3094
4073
669
3617
1584
2228
3010
4726
3046
1574
4642
86
4372
1189
2271
2073
4165
573
2829
471
1200
3386
1096
4121
4279
685
1495
2794
2581
1198
1458
321
146
1276
3782
4201
3039
3297
106
3468
316
2743
4171
2883
3425
476
3256
1596
2529
4228
2234
1733
1197
1559
2853
4625
3061
2102
1634
214
4897
1179
1437
3110
4548
2547
1539
2222
4052
2767
3975
5039
4916
570
169
1859
4518
726
236
2005
1579
2290
1551
4576
3693
3880
832
4672
3896
4513
4066
276
905
3687
2361
2309
2825
2776
2148
414
3755
4235
2342
2353
4540
1137
4620
4931
72
1743
4586
1713
45
2004
2059
1688
1552
340
2339
1542
3276
3078
2638
4054
1994
1070
2195
4528
3273
733
3843
4502
5069
3978
2911
1006
2328
4159
3032
162
3235
1510
1773
4123
844
4629
3870
1426
2546
1068
1974
130
672
4234
2679
2953
3941
972
4302
4605
4290
3025
3999
1009
3512
4820
200
4559
1253
509
2560
3011
398
1620
4935
361
1683
1390
1261
2034
3396
4282
3334
4834
988
3392
4414
998
2697
1961
3430
4544
696
3044
513
4158
1799
3278
1121
959
4630
2809
4438
3570
3444
5016
438
3410
3319
388
1658
3299
983
1348
4363
2519
2254
2256
1405
3627
4549
2540
1311
1837
3989
4786
2203
512
4462
2003
4433
4486
4251
3848
3519
3138
4969
2063
3087
690
2143
1299
3294
1127
1556
4772
2592
265
2850
2736
1446
2108
1229
1814
903
1929
2099
1291
4236
2792
1025
4445
674
4984
941
3767
2138
896
4921
2970
3801
2423
665
790
2687
4876
273
3547
2398
2587
4716
2075
1290
1513
530
2574
4817
4358
5066
4088
495
2841
776
4176
3932
1988
4635
3740
3042
122
969
2471
1545
1010
3282
1625
1896
3971
1414
4688
2800
5063
4556
599
3292
2658
2788
306
3411
4785
643
2854
1651
2294
4697
4493
1167
1866
2648
2070
606
631
3692
1757
3476
2009
310
5046
303
1787
2993
4336
2231
4748
4712
3622
1473
3983
1448
4600
1153
4933
1396
3230
2474
2527
4394
2346
1335
4752
4944
4441
3961
4437
382
4896
1823
170
2105
2753
3104
4418
179
1501
3298
4909
145
1245
2542
1302
877
4980
1750
3341
2501
3825
2077
4685
3305
3507
3668
1578
1765
3563
4828
1320
963
3749
3594
3882
2115
2801
1665
59
3128
1484
1112
4533
1726
1841
4070
1566
546
3798
3301
4805
834
580
4864
620
1742
4937
920
4376
4675
2510
4606
3543
1423
4160
3161
1094
435
627
2860
2777
2151
3762
799
3704
47
1797
3867
3747
4498
3609
3223
4479
6
3057
4932
1408
1272
4147
1557
2461
2338
4822
1028
551
3029
4519
2650
4186
2700
1795
70
3496
909
1057
4962
2440
3317
3851
4401
2359
4002
1662
4272
1562
2991
4082
3008
1766
2668
1018
2100
688
1307
4143
2852
85
3996
2819
4856
3621
5070
2149
762
459
3414
2868
628
563
1644
3577
5079
1011
2333
60
2950
3
1982
501
826
2054
3012
2037
2643
3286
507
1970
2747
298
2041
1511
4857
1782
1930
2367
2146
4369
4317
2512
1934
4580
4929
3906
3271
1030
4838
3560
1381
2862
1917
1315
924
2901
1322
415
4350
2879
1623
2618
3441
3841
1369
1351
3669
3659
5035
2569
1911
42
3771
3600
3811
3673
2264
4633
3529
3751
4861
2109
2511
1824
4364
921
1283
4859
2572
178
3281
4749
3322
545
2481
191
4939
1447
2992
3688
2699
38
3686
4036
3067
702
3035
3340
3551
4264
1993
2732
3140
2404
641
372
4227
1256
3182
5044
2069
4535
333
3348
3965
1594
1564
3997
3203
541
4852
1164
1191
2961
185
3018
1507
4392
1051
4492
400
1135
2208
1694
1088
4331
1762
5032
3339
4800
2827
2136
4127
4141
100
3842
3959
4103
1210
964
1016
1626
658
1642
4695
3698
2382
4183
3088
2878
2064
691
1714
4988
41
2364
3047
4382
3579
3736
1504
3883
2517
1228
425
3616
147
474
3634
4801
228
1282
1702
52
3550
2544
2468
1014
1624
3159
13
300
237
3936
766
1519
1902
542
1923
4907
709
4049
432
2485
3679
3712
1846
3741
61
5048
3418
984
721
4059
3439
1553
3716
3528
250
2815
2597
2987
3599
1621
2764
1413
4873
3770
