1294
2058
4949
3812
4363
953
4732
4555
1886
1019
859
2780
4124
1576
3984
1049
1014
3701
1516
2805
2120
2641
627
857
1088
198
4861
3580
4210
2936
3919
1030
943
4910
3578
4539
687
2157
5022
207
3421
1928
2859
3213
4375
4742
3174
2890
869
5075
1644
316
2998
811
2339
4251
4926
3263
553
1491
80
2498
1665
602
716
4649
4778
1730
2792
3031
1124
4358
3775
2460
3418
3310
2247
1676
193
2819
2277
2827
3592
211
4735
3750
1770
4579
3969
1100
3261
4200
4976
4533
4006
3774
628
2194
5067
3589
1681
286
1343
2
1103
1047
1947
4655
4856
981
4586
3544
2100
2800
3626
487
2729
4216
1970
3040
1857
1342
2807
4154
2691
555
2517
612
4203
641
1843
2900
4477
1484
4654
3607
1545
1757
937
3798
1643
4393
2356
1048
440
3190
359
2061
4340
1457
4201
3293
1227
3257
678
1878
1074
2425
1810
4937
427
2637
1127
2515
1131
4720
30
3250
24
127
801
1072
1621
2733
4136
663
1570
4409
4071
167
4109
915
3559
4235
4672
3372
153
4402
450
224
2764
3795
2747
3060
3877
2324
3658
2801
1750
1218
3522
4103
4590
1488
2825
3433
4122
3903
2982
2912
2843
253
3999
2820
2472
4107
1154
3333
1794
1745
1232
4069
706
2510
2048
4836
2214
3595
1147
3937
3412
5060
2832
4812
1879
3571
1686
2107
1361
429
3865
3951
597
4638
546
4174
2944
2814
3536
1554
4249
418
3208
4810
4277
3367
1139
2218
1731
1703
2597
683
1996
3495
3117
1939
303
3519
1193
7
1061
370
3264
4242
2308
2391
1317
4999
700
2480
1756
1155
4313
2493
4971
3741
4487
413
2565
4043
1543
1785
3708
4818
3110
313
782
1063
1467
1515
3212
4520
3697
293
2031
1295
724
361
135
283
4305
2029
2877
1105
1010
1017
1240
4331
3069
847
2158
1474
3631
886
4295
2991
3673
1419
1168
1080
2175
1499
2564
4147
3894
2736
4009
170
862
834
1845
239
1546
2385
3240
2699
3838
1493
371
2750
1489
1981
1066
4944
3753
234
1839
265
1188
141
1717
3634
1197
4169
3244
3562
3633
4938
3109
1706
2930
2398
4021
875
4613
1651
4837
920
625
4343
3508
2499
810
1697
2949
4431
2676
2848
1736
2108
435
3409
1511
3147
1169
4241
1827
2580
216
2836
2746
104
3436
2240
1046
4757
3664
1357
3873
3369
37
736
743
5063
3354
3491
1089
853
463
2715
3494
3335
1239
1935
3579
4821
2070
4252
947
4771
3612
870
2526
3366
717
1904
2423
2761
2205
2060
4078
1642
2813
3451
3948
3191
3468
1504
1081
523
2823
1223
124
624
290
2101
1986
3274
4438
1629
4848
4707
759
2911
1733
1008
2869
924
1433
3862
4993
4448
3048
4528
3884
2867
3429
1064
1349
1664
3307
1381
220
2669
3576
2219
1004
2509
3920
610
1130
4055
1016
2842
2868
1107
1151
4328
1753
5020
1627
1687
3170
2181
1798
165
3893
5033
1286
3238
1521
1093
715
4405
4885
4796
1403
3814
2696
784
1623
464
653
2384
2081
2701
3072
116
1204
2335
12
3726
173
1296
921
2121
841
2343
4330
2559
661
3064
3501
2011
1852
2552
3529
2363
2462
4348
405
1632
1146
3270
4415
2600
677
3983
999
3411
2632
204
4959
2671
3807
4439
978
4377
1217
68
797
1463
3373
3153
1029
89
3256
2558
4719
2874
4349
991
3009
4721
541
1246
3150
4500
408
92
2942
547
4841
3146
4151
1585
2775
4494
1544
2010
2019
642
4934
5003
5034
4917
3002
1739
4835
2155
4588
1828
3635
4260
2033
1375
2457
950
3539
1954
324
713
1537
3446
1979
608
1344
3480
3728
2241
4931
3520
3898
3796
4642
2252
318
850
758
2563
2333
2050
4600
1574
1087
4469
251
4143
1440
511
4336
21
3265
4711
3933
4702
1744
317
3704
2913
3400
2295
2145
2593
4640
4878
2074
2923
3470
1672
1337
241
584
136
212
1742
54
4889
4870
3897
873
169
1068
3471
1444
3466
1495
1265
4846
660
2582
957
229
1050
2349
3512
2066
1108
2354
788
1648
3019
1185
1134
639
3390
5066
839
926
2507
548
3407
1410
1693
4007
2985
3440
4361
2230
4952
4221
3149
3311
4877
5010
2492
3691
571
1119
3294
2727
2234
394
2574
1867
3177
1600
3339
4662
891
3949
4950
3056
3669
2006
1348
3736
4255
353
2137
3251
3754
1606
2594
2426
3379
3243
643
878
1630
2753
2862
3201
2760
2833
1842
2051
2450
4119
1783
2628
2206
1363
4808
412
4436
2928
4132
1603
2422
526
2112
2651
4943
2677
910
2970
1377
268
3389
3899
1402
4922
3773
2834
110
98
4747
2087
3245
1535
952
1884
475
944
3591
2073
4092
2306
681
4245
3253
3535
1743
1873
1102
344
267
1885
4880
2830
675
2536
494
3511
1490
3120
3765
3555
4901
3657
2683
4339
5038
2680
91
3347
4871
43
989
202
3832
2332
1466
3793
2435
3424
2278
883
2631
3853
488
5032
4751
3756
4875
722
993
1700
798
1917
2446
3315
4665
3007
2710
757
2950
2192
1237
3879
4054
3382
4575
3288
709
261
4044
273
1518
3224
696
1788
3780
4139
2698
350
5008
3442
3525
2109
365
3143
3406
2292
2173
417
4314
1795
3833
1383
3532
40
1494
2839
3946
692
3047
808
93
4074
1596
1001
4273
3593
188
1213
4082
1682
3171
3565
2312
4160
1485
987
2616
152
4718
3788
1442
3341
2440
3889
2127
783
4896
1781
2236
4644
4834
5058
4479
651
3627
1280
1369
3764
2273
2757
3133
4427
1038
4474
1385
1595
3650
1263
2725
3488
2323
1669
1894
2919
3976
3277
4317
2256
4581
4019
3081
1987
614
4908
225
710
2694
4619
4828
1532
4621
63
1114
1622
3054
2203
3025
2793
1990
1641
637
5015
570
2431
2934
431
3302
131
3849
123
2772
90
3131
4159
1568
4822
4939
3334
315
4289
2239
4463
880
191
256
465
2126
3008
2576
2396
1709
4805
1470
396
1031
4408
844
3613
407
3351
2267
4990
3825
994
515
2756
907
1360
4814
2887
3085
4199
5062
61
559
1152
3188
140
552
4239
3663
3835
1404
19
4975
2328
2327
1125
1909
1258
1270
4509
2404
2296
2272
2799
1401
2864
3662
222
1565
3700
4704
2016
1274
3296
2412
4444
3654
3510
2370
3282
1637
4795
2201
4355
2971
2963
2866
732
2189
4382
3290
4609
3082
1094
1180
3484
734
3422
1376
652
3226
2049
2646
2782
856
1323
2055
2929
2606
3381
3145
1273
3402
337
911
2723
4648
201
2013
480
97
4130
3210
3349
3584
3844
126
1318
583
4476
4563
3067
4172
1964
4424
101
4131
2466
2851
522
456
3805
4270
761
1958
4843
3089
4666
409
2951
3514
631
4129
4791
1241
1243
1989
3505
2508
1859
714
3164
3910
485
4146
1308
972
243
2321
4357
4626
980
5009
742
2445
1942
1871
3515
2040
5025
1647
4519
3022
5052
5006
3829
4892
1478
3308
4538
139
4471
4247
432
2393
2707
738
288
666
2115
2283
898
611
195
2931
4674
528
4754
4506
2902
3786
2810
4226
3489
617
3018
984
404
2276
471
2686
4435
1983
1638
3642
3608
1160
1150
670
4982
2980
1875
4749
1191
4753
1002
1856
2316
4876
2487
4537
3911
1405
1083
2818
3013
3134
3677
3385
199
3258
2777
3103
2023
2505
4178
4884
1449
4315
2838
304
673
3943
3030
4669
4799
3237
721
598
3116
4840
3930
4663
4881
3570
4966
1951
1456
285
2288
4196
4445
2078
961
3872
4454
2538
3192
3420
3895
5047
2656
3473
3672
3993
349
333
3858
1533
172
3083
3459
562
3105
3492
1044
287
966
255
812
4077
1069
1749
3272
1378
4127
2717
1021
1722
423
1799
3513
2125
1608
1593
2117
1141
1170
2143
4502
1408
3674
4549
2153
3014
2337
4912
4110
2871
4849
2534
1724
3554
4093
1573
3452
762
3794
772
482
3772
2287
1255
2475
3496
1291
4414
4935
32
3914
1522
1458
3594
2550
2914
2755
2367
1179
1020
2465
2179
4177
3090
2945
4714
563
2893
4601
2918
2612
1726
1159
4507
5018
2407
4793
1898
2668
270
3299
2415
3702
1738
1539
4112
3684
74
2473
2496
2309
3971
4902
129
3574
1219
4271
60
4899
2531
4612
114
2664
2260
2925
817
3843
2243
3445
2047
1496
5065
1437
4324
2721
2816
4492
665
842
262
1567
1591
2879
2650
1205
3218
3352
1413
1825
476
4285
4326
3118
4186
1162
2762
5001
2989
2072
1110
3638
4637
2395
6
918
4811
4907
4490
4167
3537
4763
4657
2275
4493
2062
4057
51
701
4858
1226
913
1813
4192
1166
1531
4977
1429
4577
2233
4572
2424
1189
1849
949
4070
4743
1674
1013
1500
4369
4582
510
5074
3387
175
186
3643
4616
2448
1171
1132
2712
27
3322
2151
1121
4807
4914
4668
1275
4291
4386
1940
49
1588
1144
2248
1796
2965
2666
1136
147
3767
2603
2708
3465
233
2293
2005
1384
479
4653
2878
4553
2001
4473
3178
2357
835
1356
4027
189
2850
1015
2704
1322
3249
951
1846
3797
1415
3711
4705
3161
1992
1765
4598
964
3945
4606
2213
2187
3760
1292
143
4615
1034
132
932
4694
4283
727
1207
4558
3104
599
2172
444
3783
647
1727
1601
1683
1054
4030
2535
406
1818
2303
3026
4701
271
2979
1789
3401
3291
753
1597
2454
2255
5070
2584
2620
3915
1858
1116
5043
4624
4955
1712
755
2274
1391
249
3370
2804
4164
901
184
4789
3252
3053
2873
151
2627
1420
2709
4360
3940
3292
4658
9
1505
2405
5087
2262
2605
1362
2317
2221
802
1145
1991
3974
3101
2581
119
347
3978
1701
3861
150
1503
4309
454
5086
1837
2795
3941
3408
741
1847
1502
4383
2926
2419
3841
4258
4052
4517
3727
4455
4166
1563
861
345
3509
3355
3175
390
3806
4680
551
2489
1167
3713
3758
1854
2166
1655
3942
1282
1863
1677
4262
2420
4659
1746
1815
2069
3986
2759
4730
4268
4831
4236
1336
1314
2587
1448
1345
1122
1056
1768
4746
4715
2789
1548
2623
2433
3152
3200
969
1604
1614
1557
650
4887
2225
2211
266
3185
4697
460
227
4371
4213
46
4770
2176
1802
4269
931
4623
2705
1220
2409
955
4117
4521
3688
4531
1073
323
2334
2749
2995
4128
774
3557
1313
5049
2688
1713
1475
3822
363
1728
3856
1024
1652
2028
4833
3885
75
2808
2207
1135
3163
4389
712
1995
1459
2758
2481
4660
983
4559
4924
905
2554
3371
420
2852
3063
4790
840
1161
1487
3749
1936
1508
4788
3823
836
4710
4171
4028
3990
2512
1441
376
760
3386
3098
1966
2464
1624
3070
3714
4418
1480
2297
3540
3804
3556
896
4886
2966
589
1640
4936
1931
4452
2268
3113
1667
2718
5004
819
644
478
3102
2161
45
965
4768
2703
5021
1065
3498
4286
1559
4651
87
1661
2442
78
1298
1969
1589
521
1315
2984
676
335
1224
3057
3419
4062
1324
1900
2625
2948
3475
3123
2909
2199
1182
1971
2831
1025
4403
3652
2313
3988
3926
1914
3980
1051
3553
5076
1350
4223
4368
4152
4596
4510
3583
4142
2857
4049
1941
4423
657
1850
248
1634
2943
1820
1679
1929
4984
693
3656
2444
3214
4413
2063
3271
685
2478
4299
593
1254
4391
4205
3939
2386
4276
561
1416
4508
1890
4797
3811
4461
1526
4946
1968
525
2285
688
2002
2271
4067
4338
1096
699
591
3275
4140
3905
662
2361
3187
3972
1101
3219
10
3964
3394
1053
1278
4486
2341
4482
2719
4379
1157
3785
2185
1761
2748
1613
4921
4337
1228
5044
807
4237
326
2547
2299
4823
4583
2217
3340
3799
645
4716
1364
4098
1838
1242
1339
1230
1028
3699
2846
2077
1301
2079
2365
3787
4104
1784
1594
1443
1507
4895
1304
4685
1946
1325
1368
2776
2186
698
477
2497
2379
4080
2130
1112
2920
1509
4298
369
3403
1779
3516
2026
346
3566
1268
473
3734
1967
1133
524
392
4254
995
3875
1417
3431
1392
3061
4595
3848
1919
4022
3883
1639
2652
4739
2082
3435
3319
1913
3671
2961
1264
47
694
257
906
3107
967
1889
3846
472
3457
2540
4690
168
1615
2200
4684
4580
4491
3232
1347
4898
378
4779
3454
2778
4802
3538
2380
3721
2093
596
4376
1619
2282
4511
750
1569
2504
300
1536
3095
470
386
4970
1206
4230
4504
82
3476
4670
3707
3046
39
3336
1355
197
558
1231
4774
1302
4182
2655
174
1945
2840
4023
4933
2139
1663
3639
3870
2075
1864
2279
2518
4362
3122
4868
1882
3305
15
2665
2289
3269
579
1269
1184
3864
1695
209
3075
3712
1389
4097
2615
2342
4495
1740
1479
4088
4411
4574
1140
2583
2599
4312
277
2406
803
4000
3552
1472
3160
2529
1887
996
2263
885
3362
3730
1903
4150
3560
1471
4948
58
962
872
705
320
2575
2362
4106
5053
4480
746
618
3979
4194
1123
3742
2586
2305
1530
2490
3316
1927
4184
2345
1201
4039
2737
3890
752
4190
4024
1395
489
4761
3718
2638
3490
79
3921
542
2588
3747
923
4123
1512
3569
3563
4456
503
1517
2150
1583
329
4353
2119
4987
1525
254
2935
3142
3970
3273
219
3447
5039
4419
2806
2223
4300
1187
3703
64
3357
2197
2204
954
3878
3303
1826
289
2336
2766
4045
4302
1353
4467
3967
3732
4731
4175
338
5013
1855
973
1351
3205
3464
5028
4165
3548
695
4275
1538
3348
1423
1176
1341
3410
1425
832
3644
3043
2860
3346
3001
4141
3909
2096
4042
2803
866
2094
461
4191
1142
2253
4516
1418
874
2765
301
2610
2856
2414
2502
5073
4380
2284
3777
768
1631
3059
2972
764
4279
751
4425
1338
1058
4458
3531
3686
2728
4125
185
4011
864
4782
2501
4752
458
1386
3670
3929
638
3880
3813
73
3324
3803
3255
2567
299
4700
3356
1382
4636
3138
1868
3549
1673
2124
4354
2796
84
3384
3195
4094
1186
1003
3810
4102
1650
448
4756
855
594
2561
2952
2183
3953
4647
2731
2222
4173
3358
2302
529
4250
4554
2083
4503
2170
4484
3965
501
633
3954
3716
3748
1716
77
1128
1196
3130
357
4301
4830
1805
825
1365
391
2375
3166
826
2835
1811
5083
1617
1465
4897
3985
1662
1552
4608
4068
585
1297
4829
367
4535
260
2674
2007
5061
4809
1305
770
3405
3399
2636
4979
1680
4163
3267
1380
4813
2992
4219
3439
2649
1977
2927
4844
2786
2099
780
3084
1153
3601
707
4698
3637
3096
2182
2596
2589
3808
2751
1194
1177
2895
3449
1340
342
4981
3527
4570
4212
4873
3363
4919
2381
1229
4297
2168
3546
2202
821
2086
3462
2614
2388
196
1222
4398
4862
1759
3428
1869
5040
200
493
865
2071
4064
2245
2763
483
1447
1104
1321
4253
1529
3004
2959
5012
4475
4281
3135
2477
3183
96
4406
385
2543
3866
3375
3114
4692
1590
3077
4755
1445
3815
1422
3222
2338
4526
2872
1773
1198
2863
2246
4244
2569
531
3957
348
3524
2977
1710
3882
2149
1628
4890
1330
362
4217
5050
640
2855
4610
4736
2401
295
1816
2330
1055
339
1285
3427
729
658
364
2463
5019
4335
1199
3045
2443
1808
157
2903
946
3073
446
499
3197
22
1310
3460
4522
2532
203
2889
3458
2459
2012
5
2140
3746
4686
600
534
1513
1883
1800
595
3132
4571
4783
3651
3778
4513
1358
5054
447
1461
4345
4091
1892
4548
2745
3312
703
3640
3112
1714
4228
4316
4634
4399
4430
3039
2870
977
4416
2286
3397
381
3032
3820
775
4974
4457
1354
4056
3236
1005
922
4113
3287
3545
4198
4246
2571
1256
1492
5081
1138
4153
4992
858
3867
1251
4202
3924
2941
3186
2684
1506
3500
1359
3262
3720
3874
4664
4750
763
2122
1174
1782
1372
899
2097
217
1411
3913
2975
1866
4472
1486
1822
2132
3800
2829
2511
573
2098
1259
3247
3907
1006
2999
893
4748
2400
2661
1704
846
4050
8
3041
2041
4995
3925
2815
2110
887
4434
789
1636
1267
4208
38
2377
2740
982
122
4607
3649
276
3586
1771
1316
1734
2608
507
1797
232
4980
156
1262
939
1045
4630
773
3507
3198
3066
669
242
1435
4562
3155
330
4762
3776
2787
1980
4229
4394
4323
3124
4839
4114
4772
389
2085
325
1806
4994
1288
4311
2136
2254
2129
3709
3619
2858
1685
4652
466
5027
3323
67
1200
1950
2350
3344
1649
3994
4485
2369
976
3610
4016
4518
3332
3632
2560
2837
1572
3896
2059
1370
3789
4096
2817
2315
474
3901
1948
3286
2648
4072
854
1952
125
4568
1388
4265
5069
4347
314
4578
1586
3321
2195
1888
1611
70
2964
3203
2232
3395
2378
3497
4468
4681
83
3582
3298
2165
2573
3052
519
1633
4381
252
4780
2922
1085
2724
587
2092
3338
3859
2171
3020
3936
3165
2899
2590
4676
187
1245
3254
237
4589
3151
3415
1426
2326
897
1084
4550
4693
4798
3074
2742
4396
1510
434
4257
2915
4740
3228
4013
4014
941
1421
3037
564
1172
684
52
4392
4374
2732
3204
4483
882
213
3444
2768
914
3281
543
1211
3568
48
2224
904
3517
3744
539
4225
4925
443
4724
4671
702
1398
2430
71
4501
4691
341
958
1675
930
827
2174
790
4465
766
379
2880
4847
1037
5071
4820
4643
452
4918
462
2397
4983
360
2017
929
4863
3469
1692
1997
2021
1836
2427
439
3690
3860
4951
2783
3093
1476
3062
4145
50
3006
2340
1303
574
4941
2429
13
4412
258
3404
2106
3992
1926
4481
3542
3891
4296
4540
1326
4947
358
917
4631
4185
748
948
849
3845
4940
2190
3326
3740
845
1469
2320
3625
1790
161
4359
3050
4168
3283
3028
4372
1374
3676
1446
3682
3585
2539
2144
3157
4026
4063
4845
4116
4327
1057
259
3042
3472
2613
2844
2483
4874
4373
3958
2983
2484
2773
2403
2875
2455
1924
3989
2986
1462
735
3011
2886
3119
2657
3564
4197
2216
2904
3739
691
4706
1534
2469
747
272
744
4121
3628
1076
690
1938
3388
934
3611
1916
1691
4157
1520
3567
2908
3455
785
823
4073
623
3179
5068
2653
3685
2633
971
18
2416
4635
2387
867
2486
576
3836
544
1477
3551
3467
441
4120
178
3374
2325
3115
269
2193
4410
2358
1371
2932
960
2591
4176
540
4108
3678
4515
1118
2798
2057
4459
2141
4005
814
1011
108
4048
2089
672
356
938
1654
3456
3414
979
1550
4713
1840
321
888
467
4287
355
176
2280
2474
26
3426
1431
4727
2095
3493
3597
160
4325
538
3547
4542
0
3329
3888
4209
3623
3317
4695
17
1792
4189
492
3015
284
767
4964
4760
1082
4015
1972
194
2528
72
2167
3193
282
3485
3996
4346
377
2519
4741
2104
2670
1791
3757
3227
3055
2602
3680
3499
3600
3761
1300
877
1175
5002
1022
397
1018
2366
697
1453
3534
2621
2231
109
1949
1450
3453
3100
4667
2921
1817
1587
2604
1920
3968
2184
1943
221
2865
2270
2754
336
3588
3886
1961
626
4962
3377
2037
2438
3345
620
4149
1541
909
3079
4530
469
2410
2660
4645
3504
280
4593
2892
805
1311
2417
2451
1319
292
2713
2826
2310
3947
4426
2896
4370
2720
1234
4599
1556
1698
4290
351
4536
2163
4075
1762
1821
486
1260
4105
4188
1930
2322
1271
4525
2229
1899
235
1769
1287
1236
4111
2368
164
302
4532
4158
2134
4404
4957
457
664
3383
3284
2331
3097
1598
2544
3617
3111
3666
509
1872
3975
1181
2854
4758
1994
4708
181
1719
1902
723
4133
3017
2598
549
3852
1670
5055
4451
5000
2138
682
513
3868
2118
4722
2741
649
2421
411
2572
3916
1027
1120
3854
1666
1547
4769
592
4388
4401
3558
4231
4115
2003
214
4728
400
3034
4656
601
3668
2553
1427
2658
3959
3590
3834
4144
4512
2348
373
3605
2311
1163
2258
1059
1329
2476
919
3199
606
2579
86
4161
2123
3285
380
4243
4824
4421
4825
495
4675
1379
992
94
506
4478
4785
1896
4384
4744
2352
3645
2779
1973
4541
2314
2849
1473
1075
1393
970
2976
2152
1238
1549
3180
4489
1399
505
4888
4025
5082
158
1911
3738
246
791
4604
3220
3239
1097
2939
4181
4893
3717
1741
3646
331
2993
604
2861
190
4556
3094
163
2156
708
4546
2681
2304
3518
3541
1283
3655
1689
401
4318
2946
1812
2722
2647
95
3396
3076
3314
2978
1962
2116
4447
725
2711
5017
3003
134
2662
100
1293
1527
3725
4135
833
2841
1618
2739
3223
2994
4775
4440
1033
4867
4641
366
4972
1208
3745
1109
1688
566
4764
3140
4953
3139
4065
3502
569
76
3791
2411
1320
3437
2147
4441
4095
4240
1696
1117
3572
4673
5064
719
884
2960
2618
2894
3683
3995
4432
155
1333
4437
890
4462
2228
4033
3912
117
2592
512
133
986
1542
4428
2346
2488
1932
4544
2043
3827
2064
2479
3309
1414
2845
2371
1764
2885
1841
4792
1571
113
793
3724
894
1803
1464
1036
3769
4001
1558
3960
3784
656
1901
1092
2556
4224
1760
1577
2954
895
925
2577
3416
4557
1747
4688
2907
1078
3044
4860
2695
1616
4869
2853
4498
2259
2485
1560
3196
3158
414
1578
5029
4611
3596
2969
820
2630
2906
2958
112
3360
3304
1787
3755
4274
5077
3129
3148
210
2148
3817
4179
1216
2514
4832
4351
1774
3162
1699
860
4903
4865
309
2437
1865
2542
4855
1653
5035
3630
2264
3653
2644
3441
3932
2968
426
162
689
4605
3961
4090
1575
2987
4038
2824
2663
1129
145
4961
3763
1248
3533
1922
1607
2897
327
81
1985
4524
3279
4560
1860
1481
3973
171
490
459
3887
35
274
1580
264
2690
4969
2659
2738
3587
2359
428
398
4709
4233
2578
69
1988
3154
4584
1007
3361
3606
1396
3602
1497
580
4794
3331
4395
3759
247
3809
2131
4256
4826
1143
3483
4450
438
792
4433
2937
2344
2546
53
4819
4850
4529
2024
1221
20
4942
778
1334
3944
4215
2996
352
1934
2355
14
588
3892
4018
3099
4853
1077
609
2910
4334
3448
4
2045
410
1933
3246
2265
2290
2090
2702
795
1387
4594
382
4390
828
65
437
1777
4534
55
1566
1289
3771
2622
679
2541
2537
680
1111
238
3876
144
3615
106
3977
2054
2076
3280
830
1907
3648
1247
2196
4587
1299
502
1853
1801
4904
815
2634
3816
3667
4566
1043
1635
5059
4292
231
2180
4264
2034
3016
2882
218
4689
863
779
3934
296
2905
3378
308
436
4003
635
3695
1041
3313
2436
2251
2209
2441
2307
180
2752
2957
1209
4569
1454
3091
3659
99
1910
1095
5037
2962
1690
1203
3144
4307
2383
2884
843
730
1609
1042
3675
530
2142
3482
2769
484
2774
1309
5007
3819
2432
848
1620
3733
2449
4002
3268
111
3417
1937
1276
4842
704
2257
4617
33
128
4527
968
245
2953
4737
781
804
4958
4446
2654
2525
537
533
2771
1483
615
4905
674
3234
2269
892
4442
29
2227
3543
192
4883
4804
3641
395
581
813
3523
1551
5024
1126
935
1999
2672
1659
3729
2102
4561
121
3080
2111
328
1891
3463
1786
2237
4505
1976
5072
711
1602
2956
3478
2022
368
4776
1214
4288
2039
4543
4923
754
668
3982
2988
1897
2301
3364
2626
3434
343
2390
4053
1407
4523
2491
4986
16
1455
3207
4466
107
1032
2601
4965
2516
3530
1965
2883
3869
4261
4084
3156
1793
3660
1862
4061
130
3950
1998
2562
4294
1257
3692
402
4320
572
4679
4784
3343
1519
1327
1921
1780
1012
3229
535
4857
3938
4603
3622
565
4954
1331
2281
4087
3005
57
4227
2495
1040
4195
3715
3121
230
4960
3751
1660
59
4344
1090
2318
455
159
4734
3242
3391
416
838
2114
2291
4304
3106
4801
3248
3168
3781
4259
2004
4012
142
3661
384
2235
4385
796
1225
3752
149
4576
2242
2461
1113
945
1115
2000
3368
2067
1562
3839
1026
568
2178
2811
1555
4991
1830
3908
4308
4551
1261
1452
2351
3241
1645
3216
3049
2557
3000
4827
1819
1874
3956
4342
244
5014
1984
3325
3108
2392
1993
62
306
3260
4614
2135
1432
2353
294
307
1173
88
3705
2113
1060
1438
453
3831
4248
4973
3167
2697
3225
3790
3033
2364
4773
4866
3071
291
4956
903
4134
4100
1702
3359
2470
4204
3211
3768
630
504
3850
879
575
3735
1540
3189
3830
372
2828
3710
2706
4138
5045
3863
3647
1272
3021
3350
518
3443
1646
659
3842
3687
3766
137
1720
1893
3599
5079
1584
3266
622
4118
1098
868
2347
1767
118
3259
3620
4920
822
500
1848
2876
4864
1656
183
4059
4488
5089
4180
2607
577
4047
415
603
146
3173
1754
445
824
4852
2250
3762
3024
228
2056
34
215
1831
4996
974
5048
3723
4930
2790
240
2678
739
4429
3486
3393
177
1366
4985
4929
4032
4214
737
1612
2619
4284
2169
2770
3802
182
4170
3206
205
424
25
881
1906
3923
1835
4552
582
3689
2545
3423
2611
208
1953
4633
1190
2376
4872
2399
3881
5056
2154
3818
4765
2730
