5083
65
2423
903
3377
4141
2354
4333
2768
2691
201
2552
764
3428
3498
2711
1004
2228
504
1281
3143
2204
2547
2082
2419
4265
317
3774
1617
4364
1596
3988
3315
3723
3186
4993
2984
867
3678
587
1466
3791
582
449
3512
211
3365
480
3977
4589
1073
1184
2720
1491
4767
1898
4813
627
3370
1960
1214
4811
1949
89
871
3131
2144
139
5023
1368
3627
4004
3126
1375
2268
980
2182
3035
2175
3701
2370
4810
3031
4164
2138
3332
175
837
2155
136
4613
915
2266
4424
329
3682
3393
2714
4472
2556
4195
1140
212
2683
4417
3735
1125
257
3982
3538
1095
1252
2655
3241
50
4047
2
4296
3388
861
1103
2831
107
2320
479
829
2091
4935
3628
4986
4355
260
1468
3021
2083
2309
3805
1135
2379
4686
4356
2508
3650
30
3765
3728
3536
3435
2590
1360
4520
5010
3146
1733
1476
1127
1382
4491
2098
3400
2061
1222
410
1536
31
3014
3523
2373
1734
2436
2156
4494
1464
219
4241
2398
4264
2648
1180
2457
1416
4968
4885
198
262
1262
432
1336
2187
4283
3383
4204
5072
1151
2538
3499
1681
2678
2105
1046
1554
3455
3465
3553
4702
4733
3945
772
4980
3792
1759
4177
3227
3601
4506
2646
3478
461
2973
2905
3882
371
3567
445
3402
2479
119
4780
1076
4735
485
570
2132
3744
2206
4544
2197
978
207
725
4809
3979
1458
905
992
897
4372
1366
4761
2030
2592
1200
4089
1451
1185
2892
5037
5006
4452
3597
2341
2997
4484
3089
1965
2065
832
1696
3401
1440
581
1748
2060
1003
4500
418
4243
3900
2561
269
3200
3568
4940
1428
199
1409
1680
3094
2642
3
5012
475
1091
1802
3342
668
511
490
531
3417
869
3556
1626
618
4561
1137
4337
2276
1611
1926
1404
4703
3325
2896
4420
1904
1968
759
24
4646
4778
996
1235
960
84
4344
3425
3837
4343
366
2421
2533
4237
4488
3642
1337
4957
3127
768
1374
1175
2551
1507
2213
579
3109
4306
3395
809
2788
4175
2930
2998
4478
2397
3257
4450
394
3522
1097
4130
3836
3687
3740
4129
4958
948
3295
1672
4147
1725
4688
1935
673
4470
3975
172
3545
216
4746
4988
758
542
2710
4347
884
2353
2245
5044
1220
1922
4444
455
3961
2880
268
3874
4750
4975
2079
4178
891
569
294
868
1105
1279
1653
2629
1434
4846
4911
398
3140
1556
1169
3851
1599
3778
3665
463
3832
1012
3714
364
2686
3458
3557
4580
3272
286
4273
4575
1353
983
4974
4625
601
1717
3766
718
2483
1230
4329
2330
1
210
681
620
3439
4858
1305
938
363
4272
300
4137
73
3956
377
4890
4509
1315
4601
1694
3059
3762
2445
2874
1153
2679
3691
1894
2417
278
4533
3427
1973
694
790
2776
3456
796
414
82
528
205
3973
1860
2071
4835
4395
4252
4097
3010
533
3936
2689
3331
2172
819
2044
3589
4094
4847
2205
5057
2611
2271
3659
4498
3811
1217
2481
2576
968
1142
4290
4659
2053
3898
3779
4751
3769
799
443
1563
4095
1510
981
2637
2512
3905
4997
1196
2524
1682
282
4677
4184
1757
350
931
1816
3501
2539
896
1099
1023
1432
4379
1937
3083
32
4331
1535
1487
1435
1304
2687
4086
3646
3444
4991
4977
3313
3229
3093
4860
4398
697
1417
5066
1437
4014
4032
2962
2036
4824
1958
957
3179
2849
1490
1889
4608
2269
2390
4936
2594
4064
4000
423
3357
1289
240
2845
4036
2740
1219
1115
3177
2761
2671
2920
5068
1660
552
1679
1241
3920
1803
2960
4612
750
4199
1730
352
2062
568
3935
8
1876
2901
3009
2647
1878
1232
2639
3794
305
2503
56
4132
1367
1875
341
1847
4428
3002
4798
4351
4092
4863
2545
2615
3209
2258
3210
1143
3120
2162
3654
4260
724
3547
1765
3844
1560
2956
791
3301
297
2198
1422
1841
5040
753
3532
1272
4691
3055
113
174
2806
3372
1758
2003
2736
1181
4431
1842
1318
932
3561
848
1909
689
4769
3519
1769
4950
3219
195
3861
2218
3870
619
4234
3786
4253
2425
2548
3327
2885
154
1429
4619
806
3867
749
1582
4891
2089
716
4362
4742
4930
788
953
4019
733
4802
450
4599
950
3587
4567
3871
3624
4611
3226
844
2528
4598
59
4925
755
4120
1914
4614
2697
4346
140
3901
2673
4363
3581
459
3243
3944
3649
2025
782
5074
4391
1821
1078
3356
3309
988
395
75
4276
4413
4267
4793
3966
3937
4574
411
161
5033
1608
3494
55
2618
2377
2049
3853
2316
2705
2640
990
408
1030
4066
1102
2856
1984
677
1667
752
3153
1564
4511
1035
3230
367
4439
2950
3422
2106
2770
4109
120
2484
1571
5061
3981
3612
1037
833
516
5034
606
381
1755
1788
2603
4707
2477
2971
756
4176
2721
5027
3057
3041
1541
182
4076
1316
3051
984
541
1258
914
3634
2516
4055
3452
3808
1650
1255
1811
3244
821
1190
2669
1447
3423
757
3128
1448
1932
886
1331
4726
1266
1495
616
400
4594
4308
3405
1655
3697
1253
3543
2777
2127
2913
1203
2179
3754
1320
706
940
2951
47
2262
723
1376
2651
3259
604
3491
10
2933
2103
208
1974
3796
4724
4071
3967
1109
1406
0
4425
4729
738
1022
1597
4084
2455
565
1943
3448
1239
1780
4823
209
1625
4652
4307
665
3866
1384
116
1018
2924
4647
1096
1465
2564
3318
2151
458
4766
1698
2823
1218
2427
3258
520
2731
3957
1899
2557
2080
1845
96
561
2400
4288
169
2747
3398
3114
5060
489
4933
1164
2704
2328
3299
2498
1155
2280
328
2016
1545
2052
1864
4931
4996
1338
4476
1882
284
295
4144
2815
2450
3485
4716
4189
2719
220
2772
5075
2186
4518
1529
3346
3942
4210
3690
1034
336
3636
4421
2713
4069
939
1590
1855
1373
1306
2374
1881
3938
3552
213
2535
3151
4907
190
365
5059
1609
847
700
1072
2875
3948
712
4679
2600
2034
3734
3917
2670
4894
1400
3930
4193
3291
798
2514
5089
1380
1057
5017
4423
527
4384
557
805
2553
147
2877
3001
3421
1189
4560
2926
935
792
2895
4020
2433
4315
3709
3781
2840
5053
2190
999
2429
965
2546
3531
1445
709
4228
1013
1341
4714
4754
2515
200
872
4796
836
4709
3939
2073
742
1016
123
1843
426
3727
4429
2604
2570
1483
2542
303
3023
4485
2981
4875
1324
3392
3260
2836
2866
4718
621
4124
702
2764
4106
710
2128
4814
3492
2351
2978
185
2614
1716
194
3777
4407
2027
713
4383
4827
19
2371
1311
4087
3652
1849
3919
775
4945
1058
1605
4033
3619
2808
5004
4896
2168
3801
271
2589
348
3446
1752
1347
1427
3571
3217
4918
1275
427
3881
4070
4342
745
1171
4654
2357
1613
1299
3618
3445
623
2221
751
1242
3102
543
2774
4730
646
703
438
2017
4649
3432
1913
1526
4522
359
1819
3544
5013
3328
3008
3940
4519
12
1309
3077
3113
2610
1146
4067
3749
558
3607
3355
261
4845
3814
1632
2982
2937
4648
3952
1830
826
99
353
1954
2635
4115
3443
340
2572
1221
747
4462
1327
2730
2860
2055
1742
3817
4026
4225
2451
188
2613
4287
4366
121
5054
3283
299
1067
434
574
4085
58
908
3098
4905
4139
913
607
4392
2136
1378
331
2568
3775
3987
1426
2207
1942
2792
1323
1558
900
312
4469
693
486
3228
42
2024
4046
4791
3912
95
3772
2585
2057
1080
1798
248
4634
563
2534
3854
3626
4497
2028
1212
4057
2032
1071
2793
1836
3147
1735
3708
1377
1415
3520
1475
4202
382
1408
4123
518
1154
4639
1265
1240
1317
4689
4463
4872
3827
4915
263
3711
3238
2367
1365
4822
767
2531
1438
3436
2368
3883
4291
1665
1824
4551
2254
4438
1335
2363
1370
3822
641
4683
362
3340
4325
532
4790
4889
3621
4044
4045
1870
2478
2906
2652
4687
4305
977
3044
2281
3312
3511
875
4586
2715
3569
3599
1629
2709
3196
3047
1469
4876
588
1412
2663
1518
777
1835
152
804
3475
2007
4797
1713
1364
4749
3594
995
1850
2916
783
3293
666
3605
126
4024
2219
4939
3072
3350
4565
4541
4101
2338
62
2000
4581
4249
3736
1857
2068
704
2554
1297
4005
3138
509
1915
1182
2449
3908
2191
4819
2261
218
2677
1031
2110
2293
1577
3069
839
358
3225
2904
4623
501
177
4995
628
741
967
4816
4081
4932
4280
1064
1065
3317
149
3902
1800
4934
1885
2263
2899
1703
874
3493
639
2102
2447
5087
2912
2633
4330
1236
3843
3206
4529
3704
1007
4578
4053
3521
2188
4427
231
1963
1027
1381
4881
1778
304
2031
2745
5005
3747
3572
2466
3846
280
3220
4191
3923
2521
3666
1094
2288
91
2441
1126
2911
298
4667
94
54
2957
715
1314
1113
4562
3834
1049
1138
2001
5032
4705
37
4440
1763
2804
2574
114
2428
3266
2807
526
446
3816
729
610
2406
3565
3677
2696
3592
2303
4262
1051
5055
2919
4304
2814
3430
929
3991
3707
3971
4972
4821
252
258
2915
4832
419
2879
2674
2862
61
16
4059
397
537
1086
1172
4339
4151
2149
879
1600
1216
76
5073
2161
4919
3764
1630
21
763
1330
1906
2738
877
4460
4096
78
629
4358
1546
4399
4927
4630
4882
2208
2940
985
2355
2970
1170
274
926
4317
3720
335
3771
550
1620
2345
2376
633
1805
1791
572
1746
3773
3415
422
2702
4208
4715
3185
3412
4929
4893
930
4665
4154
4999
83
4785
2414
676
311
3066
2599
2643
3602
1312
4900
1568
1209
2938
2435
4626
3006
2259
2886
1010
2192
3840
4082
1053
1452
4162
544
90
3614
3276
2832
4284
2754
1944
1938
1947
1430
1574
1550
1074
3278
1410
2923
1979
4271
778
2331
4255
2944
1928
682
2778
3488
1244
4111
3289
155
4680
1604
1419
3019
2004
122
4610
227
4400
4105
3954
2701
654
1402
5035
592
4603
3976
3467
4675
3016
2114
928
2310
1467
1844
3806
3495
1047
898
3192
2054
130
2925
1505
1869
554
74
2335
1300
904
4314
5036
2255
4587
399
1555
344
4430
1895
2209
4513
2241
1583
4960
237
3540
3414
3453
484
3437
1455
2072
2084
3566
3447
2240
1711
3247
1136
4382
273
92
986
385
2914
1892
779
1307
4451
1173
1771
1474
2583
4171
4967
3865
3333
3496
912
272
1045
1259
2737
1920
1285
2382
534
1000
3768
46
1006
3710
4788
3468
2597
2492
162
4678
3339
109
4861
4483
66
2555
1618
3096
4775
2964
4328
2326
1756
1646
368
1772
380
3524
2717
3080
3798
1471
4190
1039
3368
1799
4552
2947
115
4183
3825
3660
3261
104
3441
3527
214
1288
499
2301
1744
4332
1470
236
4181
1002
670
577
3410
1770
254
356
2809
2707
3916
3921
708
2787
4227
2134
229
3645
4493
1246
4571
3305
3364
1721
4952
1391
3470
1414
3302
2488
2346
719
2891
1640
4083
947
1642
4017
3929
1043
596
301
2431
5042
2459
498
1576
2743
3316
979
1612
1762
2779
1782
1484
2999
1124
127
624
2929
3631
4182
5014
1029
4725
4740
4799
2013
4456
1975
515
2869
4887
736
1121
1346
2979
584
1523
1631
3262
3155
3983
4784
4710
2148
3623
3955
497
4970
2220
560
117
4003
1750
3329
5063
3079
4218
4311
137
3613
1764
133
1442
1692
1797
4772
3525
3831
3082
3362
3474
3752
1956
447
2482
2650
3927
3761
4807
1543
3750
3864
3969
1865
4394
2843
773
4063
1792
1527
849
555
4187
1008
2123
4923
64
4913
2816
1019
2202
1775
2694
4908
5078
4119
2789
2825
1970
2153
2229
4112
1081
795
4238
2975
3584
2766
1939
1887
1934
1584
3349
247
3195
613
361
4268
2873
4857
1818
2444
4616
478
4390
4163
1886
3595
374
1933
3191
631
4834
721
4211
4897
4693
158
3154
2813
4402
5030
2273
3399
503
1996
2507
3958
3497
4100
2846
1332
2667
2232
3459
1833
656
2664
2315
3431
1425
4592
204
2094
4437
1796
3374
4723
4763
72
3518
45
164
1689
797
4312
1768
3818
3203
1940
589
2472
2116
1144
4316
283
4368
5019
4487
2130
559
160
944
111
1449
4467
125
3141
989
3265
1461
7
1033
255
4270
1804
4282
2404
3616
2791
1108
29
1579
1570
424
2986
870
3233
2852
1693
597
632
1152
4149
2685
959
1379
2928
1264
672
4107
3426
2771
882
893
647
3397
3686
3733
3928
1921
2894
4215
435
3129
564
834
2818
4572
2011
4357
2239
3003
855
3651
1443
3092
4535
1493
2403
2467
4699
4404
4433
562
4984
1572
403
1339
2093
4532
2581
1649
1481
1104
2392
4596
4566
3416
4216
4289
3877
2046
2725
4981
955
1643
3369
2654
1388
1038
3696
170
1858
3841
2108
1352
3352
2819
2249
2773
315
79
2631
3330
2898
1420
2332
1163
3268
4209
87
4415
138
2463
2910
444
1233
841
2953
4840
3609
1712
4990
622
3507
4326
4540
3480
4624
663
4419
3962
1669
4585
4528
1225
217
1628
3202
4145
892
924
5080
1810
1325
2485
4359
3013
1399
4214
2830
4416
2562
2020
1287
1048
1223
4166
3187
595
1647
3839
2076
5088
1614
1873
3655
1357
4719
3860
3216
4054
2855
4664
2676
3326
2656
3835
538
3859
1204
1790
4447
4062
1966
2578
1251
1372
1271
1993
1494
637
223
2318
1957
4777
2559
53
2296
3658
2038
4859
4550
2092
3946
3657
1032
5048
3878
2424
1044
3887
2822
1581
3503
692
4698
1606
830
1971
4559
2897
2598
3554
4453
319
3296
228
4650
1392
808
338
2145
375
4114
2460
907
2961
2718
2201
2118
4247
1740
4207
901
2708
824
802
1166
4606
3136
2835
4079
3464
1187
163
3133
3164
1877
1167
1586
2375
4121
2434
4361
4396
4909
4223
4795
3875
684
1539
2097
644
2002
2420
2101
4186
1936
285
2780
4233
760
1662
1267
3249
2658
4924
244
3036
2139
202
384
1502
3724
392
2755
3809
2588
343
4263
3558
2117
3438
132
3868
2283
4012
4983
1929
4160
2340
691
3635
2385
1269
2733
3271
2069
3275
4038
413
3661
2256
2558
4127
4367
4348
1040
4902
822
100
2362
2299
754
4
3420
658
1854
3990
3684
1709
909
4774
404
1261
2868
3052
2442
3375
4722
49
3989
347
4928
2006
370
540
3073
781
4739
3718
1041
4700
4841
4607
1837
2286
2131
239
1897
4295
2107
4405
3022
3484
3236
2608
5007
3668
4269
4895
2246
3371
3207
4820
945
2688
496
4684
4285
192
4964
785
3486
4635
3915
2113
3183
4261
2470
4912
3067
1322
4789
1149
4418
4118
2250
1141
3075
4165
1303
249
1588
2936
793
899
2987
1286
1162
3510
1980
3721
1561
1666
2602
3165
1208
3529
1354
4212
920
3880
4219
4443
3608
3162
3232
3017
1862
2386
3838
3144
2104
4302
2233
4336
88
482
3056
3722
4117
157
3413
3625
625
3674
1552
3142
1243
2344
2495
3922
2264
934
351
3617
4457
2468
1959
3450
3963
508
1114
3119
2728
974
1910
4134
4292
594
1158
1025
4172
3046
696
3688
4341
4854
3451
4597
105
4213
3264
949
4174
2790
4093
243
655
1635
3058
4695
4185
4505
2784
3004
1319
680
650
4152
3251
1134
2506
3297
102
4240
4768
2350
2306
4293
3947
460
4979
3551
636
4168
3855
5022
1186
134
1641
4148
3440
4125
5003
2826
488
4696
1088
4301
1827
852
4591
3959
3194
2265
1248
2410
2329
4855
2783
4773
3320
1321
393
880
4534
4758
3849
3797
3123
5029
4682
4133
246
1101
36
2628
2171
3267
643
1228
3045
4345
3739
906
2504
4220
4029
1183
1950
3590
2115
2811
812
2641
4826
1195
1991
4369
3469
813
4856
951
1985
93
3738
1738
4563
1607
3118
4792
1122
2297
4871
2858
1459
3606
3641
2222
1893
1999
4056
5038
2967
4527
4727
2734
467
2757
3457
3000
233
4321
2226
4479
4299
3640
2532
2158
1533
4068
1639
3201
3596
1202
3539
1753
3100
5020
3384
566
4965
1061
4615
1817
1009
253
452
769
679
831
4643
457
4021
2837
3106
2882
5065
4108
810
2909
2215
3564
2063
3407
3732
1197
695
51
3476
1652
4605
3311
4954
2859
4075
4050
2744
1739
3886
3279
70
1131
4334
4350
3070
3406
828
1549
1441
1237
2889
1503
2735
2946
3541
2883
3719
2300
2700
1806
3110
2111
150
383
3788
3111
4946
2726
4103
473
2657
4770
2154
2805
320
3152
2841
1732
4753
1706
3804
3285
2992
2415
4842
2418
3188
2142
1987
2039
4275
1685
3390
1198
2990
5000
2966
2624
4554
4156
3263
3826
748
1651
1916
3925
2469
4006
234
1967
1174
2763
2703
3932
4877
5051
2443
3960
3341
3934
1165
1480
3629
4815
3176
2440
1659
3689
2739
1871
4229
3391
2943
2833
3172
4318
4569
2160
3028
3508
2135
1964
2412
3705
1670
4853
2681
1509
2881
2530
3433
4490
4949
3604
2284
3211
4010
4633
4570
1751
1055
1017
4653
3322
2311
3366
3150
744
2802
421
2446
2407
3381
3800
1056
3949
1407
1117
2871
3335
4938
602
2834
225
4685
4994
1708
2587
2099
3999
1978
3215
2437
2200
2824
4849
4464
4609
4335
2480
2026
807
4674
1477
2800
448
1512
859
2606
4661
1168
4072
2963
3653
2810
4140
3995
1793
2903
825
3184
3890
1363
1710
4502
197
3970
86
4553
3580
4380
1355
296
1989
1119
453
3548
3343
4048
1671
4258
1677
129
1369
1098
3647
3280
316
3256
894
2109
3161
4985
3024
3783
1888
3577
437
3189
2399
3802
468
2439
2918
3588
1280
2391
771
405
3968
2517
314
3502
145
4852
4224
4401
4037
43
3359
1308
1852
1992
4353
2393
1326
4155
1424
671
3319
1874
1930
2775
2199
3730
250
3250
1695
131
1436
4956
3996
1371
3579
827
519
2653
3310
2146
3795
4374
857
4231
651
4031
786
3237
600
3884
1761
226
2438
1823
1919
2059
2549
4721
373
3799
2601
4138
845
4806
3234
887
2045
108
2085
919
4266
4757
2994
4656
4426
1720
4161
1178
506
5070
649
4159
3813
4998
281
3745
4538
766
4436
4471
1981
547
889
4007
3086
1446
2247
1731
5050
1548
2141
3585
2619
936
4320
2282
2569
3828
4030
3985
2722
2292
3292
2066
3763
3182
2361
3387
2159
1296
1724
3314
3408
943
25
1948
2848
3269
3951
814
4865
4244
3321
2272
308
2143
224
167
4645
1193
3027
4504
4961
3746
5085
2211
4851
2401
1506
2008
2193
2396
1814
292
17
4073
1450
1525
318
1145
1623
1912
774
1883
1356
1566
256
2322
4600
2294
4888
3409
510
80
539
2525
4631
2021
3911
3212
2625
474
3050
1250
2649
4962
524
4294
3833
730
481
726
546
2989
4843
2723
3286
5041
5071
1866
1111
5082
2948
2753
1015
1719
1990
3174
2567
4352
3091
535
2325
964
2900
4620
3907
787
1787
3904
1808
2305
2727
3466
976
2781
407
3717
3533
1924
235
302
3062
3679
529
4324
1123
4016
3516
4023
4636
153
4310
2884
952
3287
38
3205
3673
739
3088
4579
1358
3396
4371
391
4531
67
1028
675
1699
571
1201
2015
3338
2742
4167
3489
4558
3159
927
958
3061
3065
3122
4800
3025
1718
615
3793
1077
4313
2632
512
4690
838
3610
1880
1444
379
4482
1601
2695
1278
3906
3424
2166
4868
3108
853
1589
5021
2540
3281
1508
3351
310
840
605
1903
2464
425
910
1569
52
3753
2075
3700
4621
3197
3856
483
701
1282
3029
2453
3598
4752
2782
3984
611
2327
1488
4736
1005
5076
3787
982
1273
1789
326
1439
417
4870
2383
2290
1872
517
2170
4555
626
2620
4018
3481
3888
3741
77
505
2820
4850
1532
3530
3582
4245
2732
1211
1291
1900
69
2321
3509
698
3894
2638
1976
994
4666
1658
3910
3389
4481
973
525
4926
57
2996
2851
2537
439
662
2502
4744
1089
3748
1516
1302
2942
324
4941
4732
4236
4618
3477
2577
1553
3290
2394
1295
290
5015
1112
2863
4536
731
1896
918
4013
3869
4830
1813
4475
1079
3166
608
3101
2693
4817
2456
288
2009
2692
3115
5047
2622
2609
3076
3011
576
1593
1394
669
2037
2184
820
1082
2741
5031
196
1884
815
2798
2234
477
917
1205
3757
2724
4644
3379
851
683
1955
4454
5028
954
3758
1592
3622
2195
4642
6
159
3064
3442
4944
4760
187
2927
1794
817
4090
1349
168
3726
337
652
4976
33
3175
148
3526
617
1547
2454
2452
3715
4217
1482
4091
1513
1997
1386
1962
1389
23
3005
2430
4194
2666
4657
34
5025
4410
3020
3018
3760
215
1853
3107
2458
293
203
2550
3163
1090
4113
4818
4441
1511
2285
863
2214
4480
1107
3515
2565
306
969
4708
4466
1573
3500
4052
2850
3361
1907
5008
2140
4041
265
735
436
1405
2365
63
259
2120
2314
1345
4576
661
4458
4435
3053
2510
1822
4982
3472
1188
151
3743
2474
1644
4099
3576
1686
97
2579
1986
1863
1227
2501
3694
1350
495
2563
2941
2969
1385
4878
5009
3725
3273
3563
5077
2029
1551
1861
2349
3378
1868
4839
2593
4622
1676
2878
765
1736
4899
3156
1637
5084
5018
2854
4131
3534
2275
3081
4521
2137
165
1433
1902
4655
20
4043
3170
895
287
1714
1284
41
48
3702
342
4196
2630
1931
1423
3965
14
3385
334
1132
1879
5064
2750
2389
3633
1925
2623
3872
862
415
3145
1059
3770
2181
71
2274
3924
3270
4804
2716
1133
2799
4670
2566
961
3160
4278
4662
603
717
963
2972
1684
1393
238
28
4515
3632
4257
4978
4397
4782
471
3043
2526
2243
1130
3048
642
2491
4286
409
3124
2520
3852
4360
3550
1994
1595
339
1093
4955
3235
1050
3644
4403
332
1293
4496
3698
2278
3298
3504
3344
578
5016
3253
3897
4711
441
3304
850
1767
1530
3972
1092
454
3751
276
3695
2126
4254
645
2177
60
3479
4748
4102
770
4694
1478
1085
2812
1891
9
128
142
3931
690
4921
3284
106
4838
3950
2242
4524
2847
4461
141
1927
2842
993
5049
2150
1398
3134
2304
4499
4508
1783
1116
3583
780
3873
640
1087
3663
3042
2178
4516
648
5052
2985
2180
4762
4035
686
856
2888
2921
2070
2257
1619
3693
2388
4681
2627
1066
2908
865
659
4434
4442
2462
4629
430
966
4406
1479
1538
2890
4173
442
4512
3600
4864
2119
431
1148
4365
3858
2358
2861
2595
491
3847
583
406
4104
2081
2088
2519
3336
1489
2369
1807
2122
81
2605
3830
1801
3978
1908
4256
2342
2473
440
3731
4150
3213
1084
2993
2991
4387
2189
1867
2236
2048
4009
4221
1598
612
997
1722
1139
3418
1160
1972
144
3367
1403
2486
1524
941
4914
3239
1179
1075
2210
3240
1263
1851
13
1207
1674
5
3620
1340
2163
2426
664
2659
3303
1587
598
4825
1276
372
4011
2012
1042
221
4943
4409
354
4232
573
2887
4906
3639
4381
1848
2749
4274
2302
2041
2522
1839
2746
2586
2152
1021
4277
3505
1779
26
1633
2752
4142
3380
3030
4465
1290
3662
1700
4279
3178
4525
4473
3449
3615
4446
3095
811
2384
4449
699
4548
794
3821
173
4060
1210
3593
396
232
3889
2260
3245
5062
1585
4728
4015
3896
4701
360
678
2343
4783
1812
178
1329
854
3181
2544
956
4663
1501
789
580
355
3490
4126
1070
2253
2333
22
4867
1726
3090
118
2112
3032
3157
2699
1728
1754
2043
2165
2339
1206
3307
1745
18
3103
818
3862
3638
5086
2248
1784
711
2958
4640
4170
4706
2767
4992
1359
1176
2018
3712
4673
2980
1500
925
1688
1063
2078
3994
2035
369
85
4042
843
1192
1809
860
521
4879
2225
523
4385
4738
1580
4222
3637
5067
883
4501
4837
451
2494
323
4128
4638
3903
1591
1238
3353
4319
1522
3419
3180
3337
2307
3603
2336
2448
4169
3578
2337
3248
2169
3879
1562
1100
5024
660
2523
4192
4604
2413
1294
1838
1310
4787
2922
3246
1540
2387
3386
1945
1747
4039
5001
4812
4658
1621
402
4459
1636
325
1675
4692
2839
1395
3033
1463
5058
4338
761
156
5043
3993
1497
2319
1723
2125
3537
593
493
888
4226
2511
4617
1638
4157
1602
466
1431
1344
2270
1832
2786
4445
2298
2313
2064
4448
707
3254
3845
279
1961
465
3574
4556
166
1161
3573
3222
4731
321
2675
3277
4989
553
179
2560
4179
590
4786
614
4001
3223
1383
1499
2476
4794
3570
4947
885
4158
1690
3360
4542
3513
4917
1118
630
1413
1634
2334
4049
2405
2801
3068
4641
2661
4801
143
4259
349
1245
2959
2893
3063
2672
1776
2591
3672
2645
3087
345
2157
3308
1277
2164
4829
3611
2949
722
3546
4717
3807
1859
1911
5081
1147
4028
4903
2797
2090
1704
1062
2465
2124
4188
4309
307
3892
740
2380
1951
3354
842
3575
4590
4712
4741
3471
1774
3699
2983
4200
3149
890
1397
1664
2785
4386
3716
4564
638
922
4523
3334
972
1786
1557
3850
2935
1421
2529
2409
866
4953
2185
2827
3040
911
4747
2056
5056
2607
2010
3667
2821
3482
3137
