353
1203
1905
2124
3885
2733
834
283
2790
1345
2914
2688
948
4233
245
4041
2565
3941
4513
860
1923
5048
2057
1121
4615
3465
4086
911
2526
5056
4133
2438
1548
1398
598
2681
3531
2102
3065
2182
3699
605
4611
1100
2809
1689
4013
1762
4103
898
4620
3924
3901
3951
3423
2803
3058
2903
2255
2685
773
2317
3134
3515
4649
1562
568
1139
2341
4163
3330
462
3921
2584
2297
3886
4510
453
3425
3049
2722
1662
3489
2014
84
4913
4270
893
3177
2338
1751
1514
1792
3303
302
4949
1315
88
3228
3243
3205
1988
1727
2730
3473
3050
4915
3815
1160
821
983
1924
5081
35
3094
2340
2546
2061
260
3283
4244
335
4761
4093
2223
977
1094
1697
2481
2679
4612
1227
2240
2536
3490
3656
3555
1517
2307
875
3820
4358
622
1630
2541
3668
3793
2507
1872
1363
1154
1115
89
3607
1500
91
4696
117
4047
2123
3492
2299
496
4199
2708
387
2560
201
586
4397
4853
3201
1250
210
2231
2422
2454
4861
3279
1636
4002
4871
303
1885
4763
1476
2794
3379
2003
2115
1209
612
1385
2944
4011
2876
4731
2398
4811
2181
3969
2786
3215
5075
5063
4527
333
4102
2199
4346
3641
5088
1306
3575
4177
438
4381
396
112
4969
397
3018
95
3802
979
2217
1247
1672
4145
96
3280
4378
2195
5053
3308
1486
1728
4274
1267
3507
2410
195
3417
1525
1609
2782
536
2781
958
2621
2767
4115
2103
4221
4930
3884
4931
278
2801
3060
1776
3545
445
4849
2033
3763
3472
956
2552
3904
2659
4435
712
3310
2110
4154
601
2358
1409
4427
3544
4952
4037
3068
2868
2559
2996
2449
2428
3287
1216
748
1718
3192
685
3229
4567
2492
11
2575
457
1766
807
4059
125
4802
5037
1823
2432
2598
3723
3591
3404
965
2390
2167
4593
2687
3620
4648
1908
1224
930
2841
3178
372
1799
1317
1099
2835
1713
4994
2892
471
973
3369
3359
1202
3301
2983
2088
998
694
1757
1798
2227
247
2140
4425
2653
4752
2774
3972
2043
221
868
2122
701
4895
1695
155
3805
2573
4094
3596
528
2676
934
2486
2241
1561
2608
2171
4918
2334
235
206
564
4839
320
962
3213
380
561
2595
1434
1071
451
429
847
4476
4250
1891
4408
132
4372
768
3842
1478
4647
4452
3872
4576
2505
802
2475
3009
3041
4351
1763
2973
4713
1536
2447
4619
1303
4171
205
444
824
2856
2650
479
415
3996
3017
4300
4805
4297
3680
3377
2462
4798
671
2700
4370
1975
2409
3275
972
4528
1037
2872
531
2593
3929
4320
1508
4535
3006
177
1651
985
1765
2735
316
4243
1974
918
593
1463
1242
4245
3841
4026
3088
786
1466
4815
3560
4538
3539
1756
5061
149
5002
2605
955
1205
4982
1967
2994
1017
4934
2963
3958
3323
4058
4232
2078
5086
1992
929
4556
2763
1292
778
663
819
2703
138
4500
1687
2391
2224
1995
1005
169
4188
4919
2459
2074
2243
111
1186
1342
3471
1807
3464
1135
843
3834
2128
105
309
215
3484
2344
1505
1631
2751
1682
1608
370
1877
836
2532
3327
4856
4996
2367
1962
1368
4202
2952
3888
4980
4043
2137
3613
3011
1899
4293
1143
3704
3960
4067
1743
3410
1854
3709
3930
3033
4042
4343
2840
3500
787
3420
2400
634
2415
4167
508
3570
3376
2537
114
2921
2132
2887
5030
5066
4779
1649
1816
2266
3825
3167
2212
1917
3456
3247
3093
582
3790
2100
4635
3650
4506
1998
4016
573
4090
1236
4562
4146
202
1663
3588
222
3461
676
150
2082
140
3533
2957
98
3795
1982
1774
1421
4788
1142
3797
3925
4120
1646
1642
4003
4403
2382
326
862
4570
1804
3353
4338
1653
1717
1008
1714
1744
697
3553
4730
58
4459
4721
342
3853
2444
4621
2831
2229
2590
1459
4821
1102
1596
327
3256
4055
321
1085
4548
175
2045
1064
4860
772
113
1089
77
1979
2524
4253
737
688
2827
2776
262
1625
104
2855
4074
4364
2511
3086
2105
4236
2712
4393
3487
4748
4024
4280
4755
2062
3054
3090
4897
2134
3582
4456
805
4273
3632
3320
1639
3810
4017
389
2040
3274
4169
3932
3393
4667
3663
4898
4360
3043
908
2623
763
1760
4118
4278
3235
2038
2797
869
1016
4375
349
1111
1657
5016
1594
4281
304
4014
4035
650
4714
2316
4138
1114
3158
2168
1936
835
1795
4835
3949
1540
4336
4646
416
3673
1286
3851
3431
967
3678
1289
3690
2274
1020
1077
4734
4111
4240
4851
4939
1880
877
1914
4987
2770
1847
2439
2550
4218
714
4322
4265
3429
3069
903
518
4742
2339
3114
3504
2677
3577
3096
101
1943
3027
2728
500
361
3045
2889
616
2494
1470
2883
2766
4181
3705
291
3517
4311
1355
1090
3042
3407
3501
4104
2637
2520
1583
1862
4633
2760
1675
2556
626
1810
3179
1179
4554
4148
1911
542
1643
2126
4421
1120
3615
3181
912
1025
1661
322
1691
2795
1846
2882
1458
3796
4885
2988
662
1889
661
2897
3711
4810
873
276
2521
1193
4106
3133
1874
3738
2032
801
1966
3788
1395
947
4920
2909
2426
2969
2875
4234
823
4660
4331
2582
1314
673
1919
1944
1888
4884
4124
4977
2450
1633
785
4267
811
4624
2587
1813
1948
1146
3039
4050
1620
2517
1278
4543
1748
5020
1650
4559
4909
3176
614
5036
2834
4493
1955
5078
3644
239
4301
627
1864
186
1685
5007
4921
5032
2125
3519
1369
5085
2955
4141
4978
4629
4677
1752
3523
2737
2523
3571
2162
1838
2018
534
324
2072
752
2561
1786
288
75
3341
1850
3231
689
3212
5042
1733
4200
4691
1322
1164
4377
2519
3952
351
4807
648
3454
1360
1789
3389
4098
4462
3978
3122
1750
2910
4342
3206
4547
3315
4812
517
4384
4112
409
2846
2736
3449
2154
1512
4995
4858
156
4628
664
14
731
1704
4744
4431
754
1519
5072
4010
2242
2920
3616
4985
3161
3139
1162
3635
4140
4438
297
2204
2485
1185
263
4545
24
4882
1940
4498
4396
2397
1442
3138
391
2298
2755
679
1886
1153
1546
2353
942
950
3633
3095
3799
1547
1782
551
1313
3691
3218
4449
1344
1223
1268
3953
1580
3293
142
1156
4363
857
1279
1183
682
3758
2949
4607
1238
3583
12
4684
331
8
4668
3869
82
4867
33
1829
3587
4428
4653
3195
5073
996
5027
1582
3350
3258
1070
2257
3785
3383
638
1354
2141
458
4888
3947
3332
4946
4685
3035
3708
1980
4439
4107
1640
3155
4818
4899
4864
3652
949
1262
4383
1372
3889
2907
1388
1601
932
670
1366
592
3878
1775
1288
1842
1080
1033
3082
3642
667
2870
2108
3144
356
3688
2540
4441
3457
1433
2064
3540
3268
2529
1764
3548
4678
2765
1397
2058
4609
538
4379
2351
3916
3418
1833
4704
3610
2525
4703
3118
1893
519
3187
3180
1703
4166
1367
159
3193
4770
4089
3304
791
2387
3840
1680
45
493
3394
3099
3578
3284
833
2142
2499
4663
2112
3148
4299
2967
3898
3314
3402
4465
783
3481
1690
4418
1622
4443
4272
1881
4976
1957
3891
1902
1716
3326
2273
1635
450
4176
1946
2968
4657
2441
3626
4031
808
4206
100
4944
4645
793
3030
1549
767
393
3217
1201
841
2407
553
3081
1555
2859
3153
3452
4826
3483
2566
4881
21
2183
2543
1726
384
4883
880
1670
4842
2904
1856
3868
794
876
3737
796
4608
69
27
1605
4201
5050
4334
3623
2465
2850
3135
3077
3131
284
466
4604
431
2211
4800
4753
4907
4323
2116
690
1373
200
2964
3163
2731
328
3538
4038
4515
4385
562
4156
143
1000
2218
3609
2642
2572
3113
3629
2611
4718
52
3637
1248
2999
1239
2290
3108
17
5004
3232
271
2363
2366
1556
3482
1074
3325
363
590
891
2923
168
3368
820
2518
23
721
3037
1192
3091
275
4595
1989
1277
1494
2990
1941
2111
289
1869
4772
4791
4048
3589
1473
4650
2971
1965
2222
3895
4613
1024
1808
1232
1821
4446
625
4622
4640
2375
803
2534
3654
1346
804
2970
4834
2508
4472
108
3491
1573
1222
3861
4765
435
2359
10
4150
3156
1954
330
1771
1276
4419
4639
5068
3446
2886
2248
1261
4426
99
3692
4797
1910
3169
4231
3919
1557
3249
4962
2804
3345
1254
1420
3897
2474
1906
46
1699
4598
4912
633
449
2352
2823
1439
4745
3906
849
2028
1231
4349
1706
2149
3880
3927
3599
1602
692
3127
3670
4348
3421
427
4686
1785
1036
4928
1182
1614
4852
974
411
4922
3863
624
4400
4665
3750
68
3558
858
4575
543
2953
2895
2089
2769
402
4220
1066
1490
3170
2547
3311
4195
559
1984
2932
2720
3561
3386
3104
4198
1007
716
1129
2250
1296
1003
629
2401
4517
2599
2764
165
2384
1245
359
2365
4325
4555
2686
4175
4328
2849
3773
122
1285
2783
3817
3742
2292
503
1410
2279
2618
4833
3408
825
329
381
2858
516
4327
3399
3346
134
227
2663
3023
2318
2440
3298
734
1022
1392
3447
570
1422
1200
1935
473
751
889
1098
4751
1996
106
3638
2202
2235
2984
4844
1198
2771
4654
3056
896
2442
1883
369
2551
4391
337
3355
2975
3438
237
1839
340
455
2216
544
2023
3432
3385
4869
4260
2890
2873
1377
937
268
1942
3877
1773
957
368
3984
1926
157
5059
4080
4164
3643
990
2131
2283
4491
2077
539
258
4951
870
4208
4100
4992
2962
1343
1059
3403
1041
4290
2034
4488
1571
3194
377
2854
2004
745
3396
1269
4490
3299
4627
394
3238
890
2191
4122
3428
1736
2992
43
3550
1237
988
2226
2579
4168
1462
3405
2772
2709
3910
1101
1455
3948
1173
2030
2472
3687
1310
4945
4252
2828
1879
437
3107
4568
243
2042
198
3697
755
4973
3064
4552
4585
4981
4485
5003
4087
3434
3234
1274
4637
3071
2651
669
4803
4566
1332
2581
103
1732
4910
4412
2165
4275
4473
2830
2294
2436
1840
3722
3292
2847
733
2245
4845
3944
635
3939
3250
1149
400
4519
1579
4282
350
32
4178
399
782
2934
2430
2150
2380
4071
489
3664
3514
738
2950
3040
267
2535
4382
3373
1584
360
2288
3829
1629
902
2710
1532
2652
37
4254
599
904
1258
2852
2169
4846
2412
4886
521
1449
1907
963
1794
2791
981
2177
2707
4887
1018
2405
4950
3150
644
3896
2848
3962
3008
4060
2188
3495
3525
1507
1618
1191
3440
4361
4316
1560
306
4034
1634
4671
5008
2345
2046
4464
3183
4018
826
3272
921
2477
4284
365
334
319
1123
3395
730
4162
3106
158
926
4481
515
901
352
1781
2300
2888
4249
2114
1859
3766
167
4368
3907
1058
764
1255
2860
3595
469
4940
3677
2861
249
3911
2095
1868
1933
3819
610
987
3918
2213
2138
660
3721
3908
3116
147
2862
4460
4057
4486
1110
4357
856
2893
915
4455
3614
810
4758
512
382
2597
753
3806
1638
2799
5015
230
2157
3
704
5009
4020
1684
2545
