541
1061
4928
1885
3469
5012
2539
2117
834
4409
2503
4080
490
3415
1399
3128
3306
194
3222
2167
2326
165
1702
30
2300
2337
3191
3413
3675
795
657
3558
687
935
3150
2492
2069
4367
2563
3687
2401
2997
4802
3322
3932
4072
2891
1722
4215
2603
2792
3959
4837
2617
2988
3379
4028
4592
3810
4255
4331
28
3061
3349
4566
2646
3298
901
3970
2855
3005
3402
4037
4002
4529
4129
4274
3722
3566
4923
3570
899
3603
708
2172
1164
539
2561
3040
3699
3729
1261
3263
3363
1065
2741
584
3333
4807
5063
50
2967
2233
5001
622
2809
3093
1447
5009
644
4502
386
447
349
4422
4417
1284
1686
4676
3216
4905
3794
2592
1601
2085
4916
4686
1814
4599
4494
2884
1539
2742
4724
2546
1083
1906
478
4410
2749
44
3733
3704
4473
2473
2146
720
3122
1333
1621
932
4224
515
2014
98
4890
4292
1143
3716
1666
58
1330
3046
2083
1175
856
5043
4420
348
1428
1432
4710
5011
211
931
3551
2513
1870
3161
2021
975
2841
3360
1985
1278
3353
783
3062
1989
2331
3521
330
3968
438
2991
4204
3630
1900
1558
4258
4601
977
2179
375
4266
1121
5007
2137
3355
385
1730
5040
1921
4865
1514
4699
102
2292
1001
3995
3180
3905
124
3346
1773
3459
2147
2224
4478
2709
2245
1304
1214
3395
4014
1441
1277
3041
1424
4637
1265
2788
633
3912
1582
4933
4237
4575
4108
655
2719
2887
4326
231
852
877
2771
1389
114
4444
597
3199
1280
3980
1886
738
2410
2669
2089
3595
3225
2238
1170
2294
289
2377
2330
3399
1500
2052
223
2558
3811
2415
3674
1199
1422
1518
2886
3841
3260
1225
503
2684
3078
2824
4421
3412
4567
118
1434
4495
106
3032
1651
985
933
2278
2710
3440
1974
3660
4925
1495
1218
3196
2675
4488
1517
77
1433
2765
4646
412
4674
337
1541
3988
3273
3783
292
4557
3350
2569
4233
1622
817
4202
1105
4479
3625
727
241
942
3598
4934
732
1256
1090
2313
4815
3441
3749
1487
2041
4717
2920
1623
5025
7
1862
610
2357
3366
4904
1484
678
4803
4522
886
5054
5081
3365
4391
2908
4968
2620
3451
1303
2073
2869
3779
3607
2044
1909
1998
2800
3091
369
3845
2359
265
1983
2798
3895
4659
166
270
2930
778
915
4568
1108
829
1286
123
3443
2481
1888
1522
3387
1689
4280
2565
3646
3798
4044
4154
2633
4115
1348
1613
130
448
1571
1615
811
3013
3500
3264
3357
3492
3348
3374
293
3941
16
1769
2319
4641
1703
1752
4334
2623
1841
4052
710
317
2972
482
3177
1192
531
3888
2764
914
2733
737
4513
912
1746
4994
3424
222
1924
551
3560
2711
2302
2823
3157
2554
1236
1687
4249
3073
150
346
4690
2099
4276
2055
2840
4596
4766
432
2727
3076
1806
4835
2051
2952
4189
1787
2013
370
2934
2969
3105
2540
1735
870
3070
1765
3956
2735
3204
2637
2043
2728
1335
2899
2295
227
2806
779
4711
1075
4848
4560
90
4753
4822
4588
2412
2525
4019
2037
793
3519
2348
3648
3547
2495
5084
4984
4689
2722
3767
1929
2325
1783
791
2335
4229
4533
1489
4870
59
3858
4345
497
1451
2794
476
2070
4446
1713
1080
54
2416
3793
1315
2028
973
2584
2643
2557
4577
2060
3884
3676
818
4858
4635
3426
140
3166
4853
2872
2685
2095
3092
391
3865
83
3777
3185
913
4282
419
2414
2487
833
422
4086
220
2927
4437
4970
3380
2345
698
3799
4180
3044
535
660
3179
676
1795
786
1016
801
3828
2601
2317
1411
4995
2223
1162
2881
3573
4343
3621
1317
1910
1242
88
4153
649
2272
4188
208
3809
3597
4281
3664
2951
2234
1099
2253
3855
1024
352
3472
961
3768
4562
3682
559
206
3341
4005
3834
1033
3756
2925
4561
2098
85
2579
100
3577
2625
2254
2518
1753
1637
3827
596
3713
3772
3989
379
4173
4429
3247
5022
3121
4356
757
1173
4992
4953
21
1965
1397
2857
3557
839
587
868
2485
1684
836
470
1527
3313
2955
295
4741
3869
1184
4902
2362
3590
14
3123
1545
1299
2964
4708
4792
128
4241
754
3323
2689
2304
1797
4061
60
1977
4875
835
1002
46
806
1852
1013
1112
4903
1458
3641
4441
1679
3419
2003
4346
3599
1472
1741
517
3651
3914
560
4643
4404
632
2607
82
3176
537
625
2181
713
4407
1671
2575
51
1410
2538
951
168
4964
2045
3392
2829
3271
4700
879
4693
2210
3109
956
4523
3876
1480
4585
48
3112
3981
1799
197
2332
2354
2422
92
743
2355
4277
719
2868
2157
1125
2431
3162
2839
2011
2128
728
5058
869
1180
2236
4135
3124
2833
4070
1895
1834
3894
1052
2001
1415
1230
1290
178
3252
4959
2534
4174
4433
1569
253
2246
3142
1630
3963
1234
2867
1745
4595
3200
1351
4844
2630
3315
237
255
861
1811
3764
3139
1660
1598
340
298
2340
2287
408
4389
2619
2296
1618
684
3873
2808
4736
4869
888
4999
1707
4405
760
2905
1209
3068
1115
1329
181
3686
3098
3261
3163
3295
2346
3201
4559
4042
1590
3436
2483
4747
5008
2901
4539
1272
2804
4579
4096
3194
4090
4024
4102
2679
1901
1017
1970
4913
691
4519
1476
789
3719
2757
521
1867
2943
2758
5045
3512
3438
1142
4828
3627
1463
631
2327
4299
4718
99
299
1520
2745
3158
2218
259
3339
2316
4779
802
4726
2251
718
2642
1460
4734
581
3474
213
819
4788
4707
4470
665
3235
274
4518
2755
1575
2139
2169
866
564
2019
4740
2780
3710
650
1619
1525
5056
4226
3998
4119
2573
3761
4133
2686
957
3584
1931
3396
2877
2012
4071
4878
1508
5085
4716
3131
875
4725
2174
2256
1088
2942
1346
186
4259
3673
397
4025
4783
1386
2893
3006
1777
815
2131
4597
4179
1091
3055
680
1708
4661
483
4203
1137
3175
473
439
1412
218
1723
533
1160
2447
4715
3632
1875
1430
3243
3705
3465
666
461
1390
3602
988
5072
2704
558
2916
2248
2225
1883
3960
2883
4382
706
1398
3680
4116
4897
175
3694
243
87
479
107
4424
4895
495
1813
4793
4151
5028
34
4790
4338
3094
1863
3889
2738
4413
2870
2752
499
3337
3614
1031
1342
1208
49
3470
1726
606
2082
761
3808
513
4265
428
4952
4442
1820
3003
1840
2854
4713
3000
5004
3747
305
355
1126
1257
3039
2133
2389
3672
174
2751
2504
4719
3408
5074
2508
3331
2585
4918
4911
1540
1682
4756
3945
1095
788
1271
3373
4236
3186
2087
3666
3578
3787
1319
4632
908
5051
1448
1007
196
1039
2652
595
4607
4830
25
5061
4057
2322
1210
5088
2136
3806
2542
3669
2458
1046
2746
2398
4244
2605
5049
4511
1128
3300
1302
4160
3433
435
3647
4039
2071
5014
2618
2312
2466
2769
889
4694
1960
3453
1098
3861
2940
1751
3596
1837
2850
1106
522
1776
4094
1925
3899
604
3482
1625
939
3789
3525
944
3754
1993
4350
943
2324
1326
3846
2350
3489
603
4501
2708
4009
3953
1704
1737
374
322
1314
272
2968
4622
2424
593
159
2093
3030
3657
3432
147
1118
520
4517
4626
1361
1577
4975
627
1643
177
4615
2900
2488
3645
921
3925
1832
752
56
4914
5070
3160
5044
1675
2180
2423
4328
1946
1607
1919
4703
1056
3904
4845
199
3906
945
2091
3994
4079
599
4141
1305
2203
1279
3938
3830
1610
1967
4435
105
4480
226
3152
1681
2299
1943
2937
308
4798
2706
1606
3014
3203
2688
3851
71
991
1564
1589
3206
4275
2311
4251
1815
4206
3304
2405
1603
3149
19
4074
4336
2237
1911
4996
3461
1652
1672
2895
4742
619
4789
2918
2515
2038
4214
547
642
404
3052
3417
1711
4512
4709
2118
663
1468
4610
2797
576
1073
3695
1801
423
455
3106
141
774
2571
4162
1692
1507
4145
3358
2846
3910
356
2370
3922
125
4536
2944
705
3745
1421
2773
3354
1231
155
2163
2329
1568
4849
4976
2843
2460
2059
3999
2129
1153
5039
4451
2208
267
2805
2914
1821
2185
3814
1250
3248
3430
3536
2931
3347
4027
2220
395
357
1306
832
1942
4698
3744
2190
4125
1557
4554
4316
909
2994
3281
2544
4176
1343
2590
138
2532
3012
2874
4004
4084
3997
887
3410
2437
2421
1467
61
4398
668
4898
2107
104
2543
309
2442
2653
4087
3376
4638
3164
841
3286
1167
1690
1174
1600
4954
4842
3908
4201
4917
1483
3833
1936
3707
325
1205
3404
2276
4310
4957
2228
3991
1627
4565
2390
636
1657
3107
2830
3542
555
5086
3450
4665
4605
3924
771
4786
1835
2162
1499
4374
4171
2409
4578
63
1145
351
1685
4385
2026
4671
2922
784
1022
4013
4625
2323
3144
1377
2400
4059
3530
1267
1030
1165
4706
1833
1245
1251
2451
1089
711
3051
3125
4664
2596
2036
3929
4922
1387
3202
2247
4166
1742
3985
2760
388
918
2096
507
920
1273
1403
2399
1444
3219
2714
2551
2958
3836
4054
2702
3334
2547
42
4920
3024
1341
1915
1570
740
3017
2270
3487
4359
4839
3588
12
3529
4300
3784
2291
5046
2963
5076
2928
1903
485
4208
1298
3209
1803
209
1994
1845
3455
3898
981
2308
1338
4122
3370
487
2445
3702
1700
1531
4088
2950
4873
5075
4445
4548
4238
5037
1889
2627
3885
3540
758
3071
1219
1394
4908
279
2898
2382
4509
4770
156
860
1599
3824
2837
709
3035
1123
1060
1464
1818
2381
1425
2480
4850
2078
4128
1854
1249
1683
3911
416
4530
3640
4063
365
4593
5036
2232
3555
2671
4050
4354
3189
907
1664
3409
3352
2629
4528
1952
2392
3742
1000
3011
1530
4011
2737
2289
5018
4978
2229
4252
3545
776
3475
3127
454
2436
1478
2655
32
1744
1817
2759
1240
1747
4279
4486
36
1984
4308
3844
1388
4403
2138
4327
33
2772
4211
409
4864
2767
3878
2457
1964
2959
4820
3639
2989
525
4966
1536
1830
4801
1288
1561
4383
2214
4026
2201
2724
3454
3825
491
57
2748
486
1129
3585
1750
3120
4750
651
1026
1937
151
5017
3132
2119
2859
4101
1337
2260
2444
4586
1705
4161
3967
3978
173
2663
3513
2221
2559
3608
4043
873
3173
2301
4106
1383
549
4317
1759
4993
1899
3571
269
4896
3544
1822
4268
1244
1498
4118
2789
1328
613
572
2159
3736
212
3996
3446
4124
4472
4888
1727
4381
2889
1620
2600
2853
4312
1141
2148
4426
561
3803
1793
80
2048
3550
3241
2911
3734
810
3739
4795
3385
4243
1612
4492
4158
1015
4806
2116
1594
2647
2795
290
519
3765
591
4051
4608
2919
1788
1592
4958
4782
4682
3755
1391
2577
3208
350
3850
845
2888
1716
480
4178
4142
2973
2213
2971
3689
1442
675
1872
2802
4411
2640
2555
1524
2939
4369
689
1510
15
1928
4283
553
3207
4874
294
511
1523
813
1992
2865
135
256
1004
1784
2730
510
864
697
242
2995
2273
2977
1923
5053
847
2613
2109
