3312
160
4315
1900
2830
1924
2044
3436
2732
2965
3648
3320
1203
4726
2088
1059
1690
208
4013
3767
1287
1765
3834
4148
143
3167
4964
4704
3299
3024
1724
2614
4458
3569
1311
4711
3415
1376
53
2744
4224
4391
3794
308
122
4972
607
2097
4569
1112
399
2067
2858
1624
4794
3034
1446
1136
43
3799
3995
1574
1048
4442
967
1616
4162
4049
4899
3170
2930
2931
2165
3884
4927
2259
856
96
1813
485
3719
2377
4189
3726
1667
1474
4649
1226
2478
4264
2562
1832
1953
3057
5083
4757
3262
393
2307
2979
1305
3376
2652
1710
2886
1204
3671
294
4636
855
4765
4547
1695
1754
954
2627
566
3384
1512
220
1715
480
304
772
4484
2302
1587
3052
2426
292
2163
3047
77
1490
4867
4635
3357
4241
167
4915
4763
4983
3507
1741
3970
2988
4047
2070
817
3334
908
2210
1258
3487
4674
3553
572
1720
1264
4723
822
509
3760
1369
4177
1202
3112
4969
4307
1528
4702
4003
4617
1799
2641
4581
1091
1705
2358
3583
3756
1072
3442
2785
3462
4771
3145
4389
3716
2908
3635
776
225
1093
1533
1214
2622
4665
532
3003
3041
3922
4777
4312
4482
3322
1565
2524
4666
2802
2754
4135
1140
4840
664
1967
3419
35
1979
4902
5007
271
3190
3017
257
2836
4640
3317
2544
2702
1907
2589
467
4936
2916
4898
4079
3673
3685
3631
4811
3949
2505
1911
527
4684
261
3911
1543
3461
3947
4564
3122
2244
4294
3718
84
227
1751
3053
2432
3769
3231
3797
3021
704
2578
3153
1336
3607
2633
2924
2109
2359
920
907
749
3266
2770
4042
1362
3109
4206
1525
5061
755
4679
1687
2396
2692
2788
4851
1419
4869
2116
2670
452
2057
2494
2422
3885
2020
1566
2663
3345
4334
715
4848
524
2328
2343
575
237
215
4739
3835
2458
4323
4597
1507
3976
877
1834
3400
1768
4395
976
3696
3753
4306
1727
1818
4293
2615
1734
2580
333
2832
4451
1802
1513
1711
4358
3692
2423
1425
1806
1252
3298
596
238
4858
676
615
1623
3521
4146
1023
2879
1277
1581
788
3980
3221
1107
4568
536
244
2730
2519
2457
3694
4965
3402
1812
85
3964
4960
477
260
2055
638
4554
4720
4383
1494
351
4144
1031
5
1972
201
336
3252
828
1056
3827
2304
4741
361
2080
1937
2995
827
183
4889
2461
3966
4813
1451
1656
2243
2777
3472
4661
895
1762
5065
3837
3764
2436
4415
732
1940
2759
1219
283
5015
4612
4694
640
4681
3287
4365
1154
1676
4196
3156
2394
937
1551
2731
1284
3071
72
2686
2069
501
625
3281
3273
4284
360
3856
631
75
1484
3996
211
1231
2312
2172
2424
3027
2906
1232
3806
4496
2939
4363
1918
3469
1266
550
2813
3178
2865
3077
2291
621
1797
4412
89
2502
189
5078
2322
3319
3485
2170
1666
3651
2452
4773
2991
2921
574
4605
3529
634
2000
1170
3550
70
3147
4620
530
80
1675
3913
3775
4571
4322
848
1909
2899
539
1923
339
4825
984
3679
1047
4084
2672
2875
1700
723
836
760
3295
4230
2263
2999
862
4257
1769
2510
2084
318
1171
744
3229
62
4775
4173
2926
2425
4719
4476
3270
4267
2512
2474
1864
5034
1826
1087
4638
3263
3233
1895
279
1030
440
1546
3296
1753
2030
2042
1392
3619
4431
343
2815
3137
3967
4453
3466
4555
105
4728
4753
4823
4574
1065
2638
1339
1532
4650
3211
4387
589
4748
3177
2325
2472
1188
1436
4388
110
1904
250
1859
2460
4874
4209
2616
627
4732
4460
2092
1627
2114
2129
3517
3377
2761
3215
1969
1951
1298
1163
2268
3163
1358
3981
3082
926
4780
3755
2869
194
4714
3920
1510
1503
4006
3488
4404
3045
3977
3120
671
4522
4531
2905
3076
511
2248
2204
1049
2112
628
2715
1782
4648
928
778
4553
2491
353
4219
2880
285
3193
711
2255
2738
383
2100
4367
3227
4031
30
3239
1230
3502
2569
1828
2794
846
4713
3441
4827
987
3715
3608
2689
897
3727
923
366
16
1779
2516
3226
1411
4335
902
2179
951
2465
1477
1508
2585
3455
5079
2673
3344
54
2963
4984
4157
3378
2487
4703
4935
117
3802
2102
3324
2690
2684
5074
3429
813
3176
3998
2671
599
521
1492
1482
3200
3924
4707
1703
3636
5041
2251
4339
2381
4507
1319
2545
4039
2997
1328
3820
3482
2198
2167
3318
2106
2909
1995
4870
3265
121
3869
931
1076
731
1133
4953
4308
1618
1699
2881
522
2662
2594
3387
3624
3303
4097
2108
1785
2364
1861
4466
3896
90
764
1470
4449
1257
4905
1241
169
242
3410
1297
334
3654
314
2722
3372
4092
4562
3972
4074
1184
2405
4546
2694
88
4842
171
5013
2605
4542
481
4398
2935
1177
4432
2901
2265
3422
3917
3019
2419
1986
4033
2400
5008
2903
700
1745
4378
1518
2511
3346
3460
2077
2940
3125
1629
4050
4248
5067
1055
4919
4038
1831
4386
3723
3483
2977
4319
3131
4082
4535
4197
3999
1869
3056
2017
4032
303
943
3258
2838
1761
1837
1693
1086
4567
3585
2636
1273
1401
265
4068
2644
4403
4022
254
2233
2967
4830
300
3561
1149
2619
2985
2914
2463
2727
4102
1888
4318
2323
1044
2011
4774
2346
773
2065
2853
4349
948
4824
137
1268
420
1663
3543
219
131
1234
783
1493
5012
3026
1174
2522
642
2696
2119
3347
1522
3389
385
2868
3237
1860
648
2005
2790
1865
2811
2276
4211
2695
4501
204
4580
1471
3381
4252
829
4250
4922
1183
2305
3868
2382
1684
4805
1009
3935
4406
1467
422
2475
5021
2145
1976
1038
2352
3748
1417
1245
1950
2526
4742
4667
4439
2645
1447
2239
3468
2031
674
1973
3588
1681
3486
3565
1414
3625
3519
4090
3844
4136
14
1575
2098
570
1402
4409
3475
832
3042
4314
3267
111
2363
2584
2554
4356
2634
2828
2449
567
313
1413
3862
3872
4785
919
2292
104
4609
925
4311
3249
109
2969
3601
4801
3926
4273
4268
1870
2814
2874
4279
2534
3936
2101
319
3762
793
4557
4352
3280
3351
3152
2008
2856
4963
378
3066
632
4450
3401
4009
295
1042
4727
3729
4784
4076
1278
2317
222
4204
4646
4357
1303
1010
3854
4328
4435
4846
2372
2859
102
1647
3798
1233
3108
3933
2043
2618
2122
4700
3316
46
1764
4908
3562
2737
4002
1147
4903
2454
2640
1005
454
128
576
3245
284
2543
1534
1721
3136
2819
58
3365
42
1262
3421
1092
847
4063
3161
3493
2513
3610
159
1654
2560
3527
373
981
3551
4706
961
3261
3814
1954
309
4304
3385
4532
2202
2556
3276
2282
4698
2334
859
4122
656
2806
1855
1032
1424
2240
4167
4034
1999
929
922
4338
940
3876
2173
5058
3114
4277
418
3277
2082
2996
4
3274
3467
1511
3904
3725
3033
4251
2079
1789
3051
1723
239
4945
2161
3675
4185
2779
1562
964
2854
2590
2230
4758
2536
604
4641
826
721
3928
4217
2090
939
2277
1191
2171
3575
4629
802
2212
4215
4004
973
4210
3416
1383
1352
4918
3747
1505
1228
2712
1390
4258
1664
4276
1404
4576
3598
4454
157
82
1780
2987
1822
1016
3355
4342
1597
11
3800
4503
2151
2708
4693
5030
644
3504
3404
1388
4149
2817
245
4527
2877
1242
2588
800
1766
1746
3790
3405
2717
2047
1608
79
974
491
416
3286
3871
2369
1662
2797
392
146
1259
453
3097
2966
3140
2483
1747
2257
1097
307
311
3412
4436
4106
3791
4634
2273
4664
2385
1757
2064
1659
2540
518
610
3942
503
668
4051
4705
2327
3368
4163
2241
2437
462
1081
4864
2845
2561
2135
165
3290
3143
1673
4065
2308
1729
4600
4397
2923
2300
2208
3018
1496
2012
1391
3535
2004
965
2809
4171
330
535
253
372
712
1760
2111
2531
4081
3902
2062
3564
686
4055
647
2391
1910
3758
3428
3783
3283
1272
1165
4548
4524
1786
3945
5029
2373
2200
692
488
1908
3098
1180
1697
4738
4440
1949
2724
1897
1732
3613
780
2975
3253
2920
2297
1104
27
4195
4744
3407
278
4255
2592
3955
982
2687
2342
1161
1175
1260
116
329
3684
3078
231
979
4008
1060
4054
2453
977
4672
3849
4393
1674
1763
750
4154
1468
4760
1286
650
2045
332
3969
3202
2284
2237
2158
2591
720
5011
2320
4048
5023
443
1811
4602
39
1459
936
2582
3552
4020
5045
2878
3232
1852
545
3567
3080
2676
4237
4944
763
4095
2306
3989
3526
4108
3438
3394
1922
2296
4639
495
4374
600
4847
119
2655
1749
4951
1457
689
1691
1615
682
4887
4105
2701
369
3393
2431
494
2897
2485
2315
31
3490
1295
2642
1726
327
2546
435
2936
3135
2195
1677
4994
1281
3662
4329
4459
994
3874
4822
1984
174
3151
2397
4354
1941
892
2155
830
1661
3779
4855
752
2121
993
1367
370
4485
162
1925
1453
1280
4151
4427
191
1651
1195
1961
3478
988
2844
2061
2421
3804
1084
3008
2028
806
492
3881
1318
1657
5059
2835
1288
1058
3260
3079
1279
577
3321
4041
2810
3217
3698
2378
401
3963
786
614
4541
861
1415
2089
3234
4104
1329
1862
4875
667
3720
3581
3062
3025
123
2412
76
2563
1342
1614
207
3206
3722
821
884
1571
1989
3548
2602
81
446
4810
5071
1497
2792
560
145
1854
3403
2758
2470
4487
465
1857
1758
504
2514
3951
3380
4958
476
2110
1181
2818
3745
3363
4752
4187
2693
1777
1473
3961
10
2156
2623
288
312
1334
2711
136
1921
1205
1156
1554
1001
2107
1050
1158
708
2650
2807
5038
2390
3784
4525
917
3663
2199
431
1371
3826
1586
595
1071
1291
1079
139
558
790
3503
2269
2675
3395
4917
2957
2992
4131
1640
344
483
4433
1028
4336
1871
1964
587
4394
5027
3620
4911
2912
400
3937
1354
2220
4978
3358
4142
1558
3703
900
544
839
1127
563
4680
1538
4977
3048
2025
2949
322
1103
1491
3028
349
1218
2597
1310
2891
4999
1985
5016
1024
4628
3030
1536
3993
1206
941
4418
4731
66
2664
1120
972
1825
2365
1399
4791
4140
5073
1006
4468
1611
2550
3572
918
1131
636
2476
337
4152
1078
150
845
415
380
3420
2059
3953
1665
3706
2573
4622
3195
2049
1308
263
432
2839
3566
2289
4797
698
2339
4863
5017
1442
2611
3068
2128
2459
4266
714
274
4854
3360
1875
4512
4990
945
3506
3637
2117
2245
805
1025
3105
2756
3013
3954
2911
3023
4169
161
2816
4737
252
4992
2361
2409
1650
1559
3780
4570
1793
978
1884
2303
1877
5010
911
905
4405
4766
4245
4193
3309
3435
2651
1926
1455
507
64
4796
2530
3074
3899
235
2964
878
4364
5082
795
816
1301
3640
2890
2595
794
1320
1790
3736
2521
2182
4201
1755
4764
2796
3658
709
1689
2917
1698
688
1847
971
4966
4530
1552
1638
4976
1625
3590
3073
2529
3842
1237
384
4390
2223
3189
4309
825
1506
1843
2968
995
1418
1759
2948
