3410
971
704
3401
2727
2856
3509
2595
767
699
4155
1693
1257
3351
2408
338
2906
2701
4010
1867
4126
153
92
2409
35
3692
3378
4161
4591
2547
2085
2928
44
1633
742
2723
1285
4771
1045
4939
280
4847
261
4328
1215
4566
1871
2457
2796
3516
178
3492
3066
2738
2882
4910
2034
2753
1815
3260
1227
1317
2772
2704
4692
826
3177
3348
483
3361
477
2354
1237
1822
2520
1415
2006
2716
133
4535
1618
2854
173
518
3089
1730
451
3530
3392
707
4463
693
1289
214
5011
4417
4764
4633
4574
2612
4836
3042
2903
1225
2289
1783
1544
2116
407
3262
796
1058
3373
3989
1873
142
3382
4340
2922
239
2492
562
1894
4280
2713
1459
2077
2100
2140
2128
3667
4968
3854
1013
2401
4944
3896
2634
1008
3605
4778
1701
4303
4442
3536
2008
611
2915
4366
3718
2585
1306
3299
3403
1969
3380
3838
1529
4327
3638
4980
3196
3653
1089
3355
1024
2083
447
18
516
4931
4356
684
259
3095
4853
302
4283
4639
2895
1406
5014
1619
3622
1677
303
444
892
2933
2223
3432
1494
5057
159
1021
2214
3096
3827
215
3790
4883
4603
3651
1674
3058
3381
2107
1341
4392
3199
487
3232
146
695
2663
2389
3437
4067
619
2498
3010
1446
4052
4291
3083
755
2502
3417
1367
2453
589
4394
1127
722
536
2432
2896
3850
111
980
2743
4589
4235
4083
2170
3680
4950
4708
1191
580
715
4656
2831
3603
4611
196
1438
1850
426
1934
969
4036
4577
4998
2900
2639
4099
1381
3748
4653
2880
2490
1129
43
4744
4608
1831
898
2890
2486
248
3181
1401
3761
4000
4506
801
4662
2355
1853
780
5078
2820
4849
4969
4358
1682
4141
2428
3842
274
944
2980
976
480
2307
1139
835
1106
1835
3771
2272
802
4517
867
4167
777
2174
632
1698
1548
2038
1069
4256
990
808
3635
4664
837
872
4806
1776
1247
379
1452
3237
4860
1064
4697
4244
2819
1271
3879
4874
3094
4175
1052
5009
268
2549
125
3368
3765
2436
2146
3949
258
3995
541
2318
3570
1585
1363
2245
114
316
24
4564
1639
987
1352
865
3595
3936
39
2321
2132
5075
2091
1060
1957
1376
3180
737
4390
3636
2029
3364
4129
1802
3113
702
3070
2830
1678
934
3087
2556
2672
3743
2629
1026
4878
4062
4685
4263
2060
2344
4432
3408
1099
3762
3798
694
1333
4393
596
2939
427
3971
20
401
3219
4569
2514
2509
245
5031
509
1946
5023
4794
3923
3512
2221
4762
1370
4339
2628
3263
3811
4537
2104
4468
3433
2186
59
2544
3777
4961
4284
2095
3659
4225
1804
2314
2615
913
3301
4932
850
1074
877
2345
637
2722
1094
2985
638
414
2936
3330
2638
3645
5049
2240
4982
4370
306
2575
3878
1868
2226
959
442
4588
1995
1631
1595
3711
3491
383
3414
3360
1240
4936
2443
1272
2074
201
3510
1569
273
2588
3282
1732
2756
3984
3328
4262
2924
499
1605
698
3518
996
4991
4539
3375
1109
3292
4983
4350
508
2572
1188
1818
4215
2655
2721
3739
1412
4076
4259
2840
38
1213
4427
4529
4655
1959
3840
2366
4456
3523
3921
1983
4156
4827
2178
467
906
2527
298
260
4840
881
2086
2190
814
2073
182
551
600
1843
3506
1580
4957
4894
3029
2648
1810
3957
1628
213
2058
3347
795
3464
2555
2297
100
4722
3192
1501
2775
825
3524
4976
3713
4220
888
2098
2159
2793
4346
2299
3200
3797
3584
1309
4027
3420
4703
1858
491
3152
2046
805
3749
623
2407
1700
1348
2705
4072
5022
4221
3568
2185
3828
1294
2504
2559
2270
3049
2731
1750
2410
631
2832
79
315
3960
30
4389
917
4963
3604
1805
1668
1004
2356
784
1122
45
2237
417
2423
1320
1274
1982
2627
2445
2746
2030
3669
1113
2192
308
839
506
4650
3901
1176
3206
3912
3596
5000
4251
351
4128
3131
3228
1485
3079
650
1378
503
5056
1404
1346
3859
3256
1764
2724
2543
3488
8
951
2678
2051
823
4047
5033
3288
1185
4094
1563
540
3024
3082
377
2972
3314
1922
1801
1193
1742
3792
786
485
1492
3591
2683
3044
3532
2576
2208
910
678
5083
164
86
3742
1019
3109
855
3815
3319
905
4924
3467
2884
4450
4679
2072
3940
1705
660
2412
4845
4313
4773
4270
3302
4990
355
4118
2253
2679
391
4616
3864
2039
4048
4590
2932
1717
4063
864
2897
1960
2564
3129
1641
3051
3344
1966
4833
2056
3799
2376
1800
4228
4360
1081
4312
3843
1468
3145
3740
568
1369
2647
1637
4065
1068
1005
3479
1659
1080
4918
2040
4430
2931
2914
583
2732
2602
3440
2113
3483
4593
1875
544
1589
963
2607
2438
209
4649
4338
2827
404
3278
1863
1728
4902
588
4040
1949
3573
4059
741
4789
2956
3139
1942
4186
3012
2875
1855
4568
1879
2866
3908
4800
118
2694
2176
4227
4318
771
4841
1737
4329
184
2350
2127
4891
2848
3163
1259
925
1014
144
3028
2165
4154
3276
3593
1809
370
2837
2065
1184
3613
1049
1253
194
5077
4663
479
781
3245
1795
394
4632
3424
2377
2501
763
4301
2754
148
192
2662
3555
5034
4441
2020
4934
2068
4277
3462
247
4505
6
4309
2349
4509
176
4890
622
4877
376
586
3333
2666
3398
4194
672
3511
4978
1340
1848
629
4457
884
955
2834
4437
1423
3855
1793
1649
4587
1975
2472
1541
2414
4596
4462
3830
2584
4217
752
4940
995
2553
4763
2215
2659
3712
677
1554
4549
3076
3441
3213
1916
4851
4504
5013
4320
2054
2136
4999
3744
2015
4667
5073
251
2984
822
459
4020
3730
512
2078
371
5028
234
4414
3165
4609
3060
3287
2708
481
3048
1242
3452
1145
534
5043
1733
740
190
121
2326
718
2278
3445
3531
3592
1611
1
4583
2228
72
3126
793
885
3261
515
107
5017
3937
1092
3396
1634
3469
1895
3223
2130
4074
3724
2021
1837
3910
4086
1202
1905
3117
2371
3268
4606
1503
2773
4558
1987
458
1769
3966
3108
3366
122
4190
4481
931
1206
584
921
4386
4844
4006
5082
4788
2459
3036
4497
1856
1645
2092
772
434
3230
3222
4850
5012
2310
1635
473
2293
3465
3456
4635
11
2187
4805
3376
2864
2442
3628
613
15
878
2717
13
3091
2041
922
3497
2653
1919
1944
2604
828
2946
257
4213
1880
2791
4768
3406
3598
2958
2365
1290
3684
1910
2669
3170
1392
4335
2515
134
1749
1397
1416
3559
3443
711
3658
3363
220
3374
4561
2640
3610
2809
405
1500
1254
3870
1077
4431
3009
1085
2150
625
4750
3503
4551
1670
1100
4571
3448
1281
2304
1365
2364
2599
2370
2883
4640
651
1234
1018
5064
4166
3839
2947
1936
412
4582
3340
2325
3934
2994
1098
2069
2839
3979
4727
3829
3883
16
4786
4172
3495
22
197
4029
2597
3627
4630
2667
552
4555
3560
991
2546
456
89
55
1794
3190
1304
3243
4160
1050
48
4411
4479
635
2411
2485
1451
1900
2218
833
429
1044
320
4325
2106
4460
4364
2392
4629
1736
1709
794
4576
1413
2374
1753
1598
3395
1407
502
4380
363
4626
670
2893
3715
3699
3025
5018
110
2787
4732
4105
4055
1029
646
4341
4144
1379
165
2144
4949
674
3047
4780
1731
779
3725
2450
4033
3231
1429
665
2911
1773
80
1621
3275
2315
966
474
4808
1143
561
3776
3253
3015
1658
2386
2406
4445
1211
4050
3427
4049
337
3311
1859
902
1307
757
2518
3714
3146
1361
4676
1573
3641
3026
1291
2001
4293
882
4023
887
2460
719
3242
5052
2970
1721
3394
3416
1172
1511
3988
3763
1088
2824
1364
904
26
3027
723
4310
4614
2786
2391
1963
2750
4736
2122
3796
3614
2818
2152
1515
3498
3017
545
2853
2529
1131
4689
1057
4938
2674
2230
4687
2720
2963
3709
2825
1218
4490
2303
4723
1918
31
3476
4645
4532
2052
4149
3698
4572
2200
3546
714
1673
4459
4945
2232
328
1276
1757
2149
2280
2439
3717
232
954
1943
4236
4426
663
2117
4810
2961
4881
3341
3220
3972
690
3907
135
2066
1223
3162
1075
3059
1400
2744
2125
590
3857
2630
3130
3399
880
4214
2578
138
3544
2026
3515
4823
469
2497
2758
4247
1169
4053
1263
2018
2108
4948
131
3124
4089
1166
3316
4475
2817
2603
3781
2010
3334
4326
3745
1561
1980
2857
1111
4872
2464
4204
2908
126
3541
3176
2774
9
1284
4438
1334
2194
457
4702
4618
2888
4378
109
2383
3832
4122
2561
3849
2649
1579
1226
4792
2119
1256
2452
1834
3631
3054
4359
346
2157
3324
1840
1854
2925
1138
1110
2889
744
2592
1892
137
1457
524
4100
3071
3105
1581
2625
3950
4092
4265
106
5006
4116
3668
3824
2427
1327
4261
3881
4885
840
2563
4424
4379
3620
3682
2799
4243
3835
1931
233
2989
599
1663
3450
158
4495
4121
819
1137
188
709
2733
1766
3805
2225
1375
195
2642
566
2673
1735
2658
454
1726
4546
445
4422
827
4218
4538
2677
14
1422
5040
1437
4503
1293
975
1265
3454
4493
3599
3589
4397
2878
4453
4070
4781
2849
4478
565
1817
946
1171
2789
3853
180
2322
2049
177
4300
2935
4482
117
4097
3321
4631
1932
2269
3902
559
775
3925
816
4240
380
774
981
1311
2137
3128
4930
2918
1409
366
4153
85
466
523
2288
1792
1790
3924
4321
4866
300
3309
1644
1443
4276
4057
1506
3623
1141
2626
4735
1319
4545
797
4830
4865
1115
3359
2990
2927
4854
861
409
4114
594
4868
2348
4718
1623
3905
4384
2569
859
2387
4101
2296
200
940
4202
1600
3882
3887
179
28
2385
519
3767
219
1286
2063
1517
4272
1360
2441
4205
1396
5080
2110
2608
4420
1938
662
1999
3329
4157
1123
78
4030
3284
725
4680
1051
1214
578
1751
3736
4131
4981
576
2120
1578
2718
4597
4290
2964
3384
1973
817
4557
4691
1998
3132
1338
389
2448
4229
986
2367
2596
464
2179
2960
1626
4210
2043
1216
2729
4363
761
1426
3365
4436
4520
3993
1082
1990
2771
582
1335
96
5035
227
3851
3061
2636
2784
4960
648
278
1268
1198
3660
3111
4066
4992
2229
3697
3804
3579
264
3618
3807
4181
3863
3564
2767
2801
3006
1345
3945
4875
3727
5086
418
3706
2606
3871
2822
1538
2419
392
721
2064
2921
998
2976
886
1891
175
2011
890
1048
3693
1266
669
3001
3101
246
1282
490
1627
4721
3575
3429
811
305
1355
4915
2874
495
3818
2938
3527
4660
4751
743
3463
1473
2959
3179
765
1496
1965
1624
4311
3760
286
3899
2728
4598
941
3045
720
1707
1770
3307
3625
2013
4354
1550
1651
3183
3919
4803
1582
782
0
4333
3092
585
1706
4022
2521
2652
4324
4521
4189
4724
2191
5039
4090
4469
1846
3466
820
4454
1646
1820
4494
3719
2798
4177
3670
2239
4523
866
4492
3903
47
3769
4425
918
3327
3240
1258
527
1097
4473
2745
736
