1802
1182
1324
256
1069
3839
777
3194
2709
2641
2850
4796
2978
4436
2334
3637
1004
2949
3494
2776
788
1954
936
1821
2046
3703
617
603
3230
321
865
623
1761
1643
4152
2390
240
831
2048
4251
4107
243
838
2671
3340
2735
932
224
1312
1532
3791
3114
3028
651
1333
3115
473
3511
3158
2902
835
2632
3454
1899
503
2455
2398
2118
1957
2858
4935
3564
3317
3554
4693
3933
1194
4371
4852
380
4844
1317
3914
1451
2396
2032
2213
2550
184
3553
2486
3034
3867
3785
1050
276
4472
4744
3373
4321
1067
1374
3832
3391
4986
429
2863
1294
2843
2130
2413
2526
181
2896
16
1406
4246
688
320
3268
4863
2308
755
1946
2939
4062
205
2208
1747
3248
4650
5075
2618
3586
4099
4079
4642
3783
939
606
4468
2027
1908
3414
2633
1526
3092
1429
3915
3448
2623
1571
4788
1536
4221
2509
3886
307
3389
3342
4293
1402
3185
2043
704
1866
4860
4674
3955
734
5060
4510
3668
3271
542
2625
3939
4326
477
2187
2039
4161
4528
1831
1341
398
2929
4774
4219
1256
4330
1469
3124
3372
892
3720
1814
1095
2987
4022
1475
947
2805
738
2281
3670
2395
4896
4886
1638
470
4560
3688
103
250
1439
3902
379
180
2512
3287
223
3047
3280
2957
3026
1265
3669
5008
4384
1601
3907
3270
290
778
4964
3493
2892
3767
4243
2720
2367
1208
3931
3390
2229
3328
1175
3374
1751
2306
586
2454
975
3381
171
4201
3234
3789
1716
4625
2900
4136
1633
2167
1635
4341
4171
189
2898
1169
2785
2703
834
657
3689
4589
4999
2052
4997
3101
1376
4656
773
117
392
2569
3519
4838
2857
1224
723
4377
5082
308
1465
2088
1598
1678
4574
1049
3853
1473
125
10
884
608
3821
2781
3604
366
3293
4443
2012
4347
3418
3161
4052
4414
1328
293
4422
2844
1599
1499
475
2825
4060
4487
3737
3850
775
3811
3428
2142
4252
1337
2985
2434
4666
4783
1152
2225
2114
1221
3512
636
3206
714
1713
1233
3157
127
2314
1271
3439
2997
5044
4786
649
5022
2934
4453
2336
731
4153
4230
1072
4924
4518
654
3085
4097
3233
3903
2659
544
3578
4539
3447
1120
492
837
2724
3638
1619
1500
4261
1199
2326
2606
3813
1952
4900
3235
4343
2959
3794
3486
673
5074
1385
3492
4006
3329
25
3420
4911
3881
4914
1252
3928
3969
4439
4125
4918
3887
3033
1759
15
1278
2586
2855
322
1298
318
2907
4932
3498
3584
805
986
5004
4279
4456
2240
3159
3364
3628
3377
430
4738
871
4734
4482
985
1591
2829
5006
1921
3544
2522
4469
4613
1326
1613
2137
3164
2837
4680
3228
3108
1903
2639
4298
3086
5057
1321
4956
691
4039
5041
457
4254
1227
2990
206
1218
4661
3375
4244
3823
254
1460
257
3243
4536
1977
4507
701
3344
3276
4407
1775
2389
1576
1145
3190
3752
84
789
1649
783
14
3423
2485
4683
634
2539
3217
4546
2847
5005
75
4277
279
72
21
1754
1494
2095
913
4260
4917
2009
4320
1052
2202
4064
343
1983
1404
498
4096
4460
2332
1092
1431
5039
4415
415
604
1412
393
1719
590
4403
1290
48
757
4571
373
4877
2821
577
4188
1277
1484
3662
3507
2087
2717
1036
4756
1045
927
3912
5025
247
4952
1788
4754
5015
4654
1843
1496
499
2919
2292
3658
3671
2757
697
1038
262
4386
1368
1361
3062
4183
3864
2419
3322
2040
801
4687
2055
3566
2571
4151
752
1963
239
3111
3991
4429
5020
1914
4790
1383
4871
973
1244
2018
92
1168
1760
2350
3613
753
4300
3723
2583
1541
1771
328
2609
2214
418
847
3851
200
1216
685
4768
4527
3171
2906
3645
3868
3187
4998
4787
2183
2148
4568
1447
1267
3303
36
2554
4253
3996
2499
3089
1975
2620
2931
792
2604
1661
4727
3495
44
4808
2144
3841
4759
3840
2798
2790
3941
2468
1940
4305
674
1609
574
4494
3469
233
621
1777
3313
4949
2786
3879
4857
2917
1056
1492
833
2015
4515
3844
2961
3547
1741
4643
3384
3378
213
4025
4
1524
4922
1001
4272
1813
1288
1399
3337
282
3537
3579
2420
4303
4606
3654
1455
4753
2719
1165
1339
2964
3347
3395
1077
445
4458
2317
302
2644
245
1284
5029
3906
842
1748
3088
2482
581
1653
1133
1850
3140
2267
4820
1041
4566
1471
2007
156
3481
605
3143
3001
2912
168
4584
4707
3898
382
5086
215
2331
4505
148
4420
4898
3822
3331
264
915
2984
3905
1578
3360
1779
4717
458
4517
2478
3556
2165
353
1672
1464
439
4632
841
2412
5011
2508
2661
155
160
2438
3149
3518
1300
351
3806
405
906
595
902
1924
4875
2954
1941
4359
1726
1255
4224
1248
2241
1697
1612
157
1099
1620
1030
3617
637
4992
829
2093
875
3653
1338
4056
3209
4334
2530
1923
4197
2074
281
2495
4702
3925
2245
2155
1774
2287
1457
4029
106
1667
4514
1630
4489
1369
2489
1419
799
3444
4058
4093
2889
3593
4909
3431
3842
4709
4054
112
1527
3356
1824
4269
4508
1607
3044
1025
2457
1808
5078
1874
95
126
1430
3407
3186
692
2417
423
2342
301
1528
987
602
4807
5064
3461
1987
680
3699
739
598
2487
4442
2710
2456
86
1827
2721
873
1251
1616
2206
2725
417
1728
1648
4832
3106
869
3944
728
4942
192
2435
3319
4291
1694
1851
1172
4127
659
338
2923
4817
4101
4178
1018
4065
2576
494
2383
719
4882
4630
283
1427
4139
4639
69
1787
3520
2741
1468
4928
4850
2321
3920
4608
2220
4358
3585
78
3095
2672
2233
4634
3435
3618
4637
2878
4619
2345
2223
3131
4649
1166
2548
4864
4354
1732
3341
2537
5065
4870
496
4595
4142
4557
4890
4390
725
1054
2649
1596
4979
4958
3057
4463
628
3055
3451
1398
121
943
2117
144
2423
4019
2221
2473
3757
3017
5073
3524
3673
1584
3855
4162
3298
3562
720
4550
1556
942
4795
1949
2286
5069
1014
4335
5033
551
4775
202
2736
888
2111
4433
5071
186
4424
3366
2147
2359
3704
1463
582
2397
2966
2634
1658
4578
925
772
718
3676
3332
2443
4196
3039
3038
4418
68
38
1671
4082
2448
4916
3646
4839
3107
4921
3483
4537
1857
995
1247
3573
3275
323
1048
2556
1098
2702
1372
1183
3465
4116
2481
3015
128
4258
4005
2340
4119
4849
5051
4831
1858
4512
1139
2146
4179
1706
840
3393
1335
3692
1745
614
2128
2727
2357
2975
2589
3817
4237
4026
3253
2769
4960
1313
2663
2662
5048
4440
4887
2635
2385
2323
3856
2940
5087
4396
2730
2361
3113
1855
3260
2801
2090
4726
1958
2160
3707
162
1797
607
4186
3995
3002
4149
1587
2307
2942
1822
4466
562
4267
424
4102
3415
1913
3582
3282
2309
1421
387
3198
751
1755
1037
1237
3541
1217
109
2515
2203
3290
4194
2572
1564
1283
1936
3625
4181
1594
3690
1687
3177
3016
2996
299
480
1572
4638
2136
2459
2135
2734
4134
2101
4373
5009
1201
4874
2424
4346
4448
1664
2871
422
3135
3232
4493
294
5021
3080
505
4120
1219
435
2988
17
2056
4659
5031
878
4791
1912
3302
3911
626
3052
324
4506
2668
4526
5034
2234
813
2251
4991
815
1896
4592
2388
2500
4455
823
1605
76
1931
122
1542
4623
677
3422
5056
204
2433
2834
699
3557
4344
4847
644
553
2518
2595
4501
260
4192
3354
1927
2380
5068
4770
3292
350
3216
1323
3900
4304
3765
2224
1796
3631
20
3496
118
887
1220
2582
2558
198
1623
4778
83
2969
3833
1130
4836
1683
1994
4785
3945
4074
4262
2246
811
1551
1784
4121
966
291
4461
1863
2564
2001
4974
3615
882
1856
3129
3172
4324
34
1708
3983
4427
3796
185
1063
3353
2816
3543
4920
4278
298
1410
1962
4977
4017
2714
1895
2036
4907
656
1730
3873
1846
2751
4015
3076
4457
855
2386
4202
639
4679
2269
1757
4089
4105
1446
2944
2327
742
2077
1740
1837
1196
1840
2349
3320
3929
1966
584
4411
1123
5055
2080
1051
4724
275
870
3700
3438
2271
3740
1916
151
3200
1088
2083
2028
3918
1343
4892
5037
1561
3627
3538
4925
1778
3852
2126
1292
2893
1381
2832
357
3548
3482
4168
495
2104
135
770
1562
914
2591
928
3874
3369
3357
3782
900
39
2341
4640
4486
450
1285
3937
3004
2216
1684
2150
2337
4190
1894
664
4124
1012
2422
4137
3478
1974
3810
2470
1984
571
2291
518
4567
1698
2054
1950
2463
3701
2544
3210
2979
4051
4940
4035
4071
2921
3043
1785
1016
4232
1871
73
3828
2689
4325
3227
1845
3382
3875
4596
4598
4437
2049
337
1008
1022
803
1296
4841
780
1711
2718
2369
1476
1191
2652
459
2205
4043
964
3623
2180
2868
4789
4749
2219
1043
594
4113
808
1723
3008
4899
5000
2133
60
2817
4143
3743
3555
1565
2787
3750
2175
3656
3660
2624
4236
3007
2020
2527
363
733
1700
8
862
3539
2079
737
958
4288
3735
2995
3665
3854
721
2400
1478
1359
2091
4729
4963
592
3775
1550
3056
2853
2304
3394
2608
4478
2869
4233
1948
1210
1900
4034
601
774
897
630
1982
4968
3231
4519
749
1268
4041
2243
80
4868
1389
3169
303
4382
3816
4746
3263
5016
1040
4276
509
976
1810
2830
3265
3367
2683
2511
2335
2529
4118
1743
2686
1102
1875
819
2105
4813
2351
2310
2041
2945
1351
227
3591
4242
2110
352
3410
4417
3355
2122
2182
1345
3285
745
360
2387
2425
779
5042
3581
4763
3527
1203
2607
4547
4217
3759
711
3684
4801
1844
377
4210
3120
2264
4380
4323
1764
1690
800
2894
3824
1438
881
2402
1238
1666
2186
1807
4946
1017
4710
3408
1154
2865
2157
4626
4333
1307
1758
4829
4509
4854
3084
4905
1046
2102
1346
2200
1211
3221
2911
945
1518
2696
120
4723
273
3763
3565
1557
2303
3244
1833
708
4685
77
787
1504
4095
3953
3358
2520
4222
3872
952
401
2362
1289
2120
1965
3032
2504
663
4383
2989
3068
2305
3882
3241
3333
1105
1075
1735
2759
3977
1360
1552
1929
2531
3702
700
327
2462
4091
3535
315
2098
2294
3321
3491
3679
4322
726
2030
2808
994
3240
911
4636
1079
1234
7
4245
3896
2698
414
1534
3619
2405
1314
1887
3442
191
2242
4094
3678
2358
2064
730
1753
52
2670
528
3686
3951
2789
22
263
931
1853
1428
1070
2475
530
1835
1260
3261
3895
1094
2226
2655
4542
460
4164
3733
3348
4131
1417
2360
4686
1375
2629
645
3640
3717
4176
3223
295
3973
4990
3097
997
58
641
2279
825
3402
2555
2215
1537
284
962
340
3474
575
4617
3188
3799
4597
2574
1450
861
1466
3264
2288
4419
1344
588
1370
2813
1086
1588
1397
4481
5085
3250
137
758
2129
2581
4339
4104
1378
4720
1306
4883
710
1174
1010
1140
4239
1195
3472
2998
1249
4024
3239
999
3445
3952
2999
1618
3982
2602
