1438
1589
447
3416
2305
2165
418
3703
1567
4941
3114
3805
4294
1966
4342
4904
87
4456
4403
2219
2739
1563
1516
4595
3685
1483
1857
1934
3858
2451
386
2363
487
4173
2605
1949
3346
675
2025
1790
4123
3497
306
952
4825
4972
1468
1570
236
59
3930
744
4959
1342
932
3119
3812
4516
4454
146
849
285
1779
4589
4164
2381
41
2
2285
2260
3598
4535
3290
1952
1776
3397
96
956
3988
4621
2767
328
273
241
499
2098
4212
2452
1214
3525
4389
4822
1008
4890
4450
4274
1282
3962
531
4202
2827
3443
4059
1536
1062
1124
4001
2496
4509
4136
4741
3106
500
2348
2876
3244
3743
5036
2648
1188
4560
3470
3039
1930
5058
471
1475
3546
2814
34
4916
516
4315
4844
2419
3933
4901
1047
505
3326
1863
2641
394
120
2063
4630
2106
1324
1924
335
2821
2226
4552
354
3172
2113
229
1347
5015
4506
1572
4489
4014
660
4555
1964
1010
60
1080
3660
2280
2444
2301
3366
3874
2409
2513
4824
1945
3854
941
3542
727
3482
1381
4857
3466
4963
2311
3779
3752
995
1723
3849
1401
202
4788
1811
4380
3495
3169
2333
2152
1643
4715
283
1421
2148
496
856
911
4709
3206
2938
4951
4481
2504
1432
4360
4191
3373
4866
4417
2173
2334
544
2056
2858
2339
730
1290
4458
1805
3843
3259
4544
3604
1061
2606
4402
3804
1032
895
52
145
2263
962
4198
3825
4210
2469
2039
4077
1907
3714
1134
5030
4352
972
2626
315
3464
2625
3987
2519
3392
797
1114
3833
2016
2001
2034
3176
460
552
3540
5042
2586
4068
837
1920
3681
5071
3749
2144
316
3047
4367
3258
2284
3516
3652
658
3223
4230
1005
2892
2102
2302
4082
2275
1983
3187
2506
4054
4582
65
4514
3851
5023
3273
1442
1748
923
410
478
886
4419
2882
599
823
508
2464
3649
1953
4672
2812
2796
2111
4151
978
2602
1462
2611
4567
3562
3154
3978
4189
597
1097
1900
497
1159
3412
3790
3860
3500
3642
1911
1332
69
426
441
2191
4997
3235
4849
338
1712
1306
1433
3029
4639
4211
3572
2550
1085
827
4290
1203
4665
3893
1933
1267
1251
4259
779
397
312
2163
4702
1999
3644
2101
4207
3541
1177
1891
4129
1119
1022
1525
604
1550
1872
2233
1530
4497
2596
465
3352
504
3938
4786
2913
1304
2795
151
3180
2607
3968
4593
1029
2726
5049
5080
1558
3323
64
5063
1467
1646
4924
4726
173
1083
10
1082
2786
2732
4005
4707
1120
103
3384
1151
2051
4165
4390
1977
3556
652
3328
3624
2498
2253
2325
2859
3668
2014
2741
524
4807
4640
4273
2157
2109
162
3107
4373
4734
3705
967
1301
584
2700
5032
1105
1743
2554
3595
3031
2414
2214
1989
3270
1579
4894
592
1970
3787
2595
1246
1484
878
3291
49
1979
678
1992
1766
215
4060
4208
2491
2778
3861
778
2507
2529
3653
3622
2698
917
1160
242
714
2544
74
4127
1236
1380
2493
4072
492
3985
4235
2573
4209
629
2782
3407
1455
4083
265
157
1175
990
2710
4566
2252
2676
1804
1710
997
1291
1764
949
4148
1951
1444
1806
4947
691
3335
4587
4118
2657
4877
2442
2666
3195
553
2920
4527
4413
284
4241
2392
800
1823
1081
2816
4057
3537
2793
1666
209
4884
4286
2629
4405
4442
1394
4229
379
909
1186
1184
4023
4522
3184
1869
2679
3024
489
637
3676
808
4517
1504
3960
3865
3409
113
5074
2368
2514
3287
1809
2950
3252
2125
751
4049
3310
4536
3350
1518
3445
4862
3321
3061
1718
280
761
1310
3607
1621
1542
1130
4896
2300
3472
4041
2792
955
501
3408
3822
1942
2229
1140
3659
3062
3448
4548
2213
4056
5
4802
2193
3524
2714
2468
1349
4883
830
4689
2046
4471
4987
1820
1940
3101
2562
3913
502
2779
1620
3764
1391
3801
2647
2212
3758
2958
1566
1294
277
227
4407
812
1322
2274
4719
2856
3225
1858
1908
86
586
1656
2966
890
3388
2344
4576
4683
2060
1001
3111
2891
2256
632
2490
3711
1701
131
2911
135
2276
4745
1311
1973
180
3368
339
1605
1533
834
3616
4112
1922
2330
2815
2730
2805
2518
3793
749
4110
1692
3108
622
1410
1012
4762
899
4433
327
814
2198
3130
1025
996
3736
2011
3175
3777
4159
4386
211
2471
1548
2574
4664
2123
794
845
3512
1981
2500
1471
819
4070
2422
2604
92
1754
4650
1430
2031
1409
4485
748
4479
1048
3613
1831
4008
4663
1033
3997
1199
3890
3333
2194
2304
757
2486
477
2959
14
3757
2997
1447
4246
495
2963
3098
3892
4469
1387
2887
1385
1574
1868
1774
1523
137
1851
957
3296
1996
1963
388
532
558
2686
2350
4723
1564
2824
4266
3489
4255
4784
2086
1077
376
3161
2970
3935
2434
1867
4089
2058
3389
4873
3803
1780
298
144
1161
2050
121
4736
3810
3249
1588
2083
1590
3731
421
4865
1090
5009
3993
4150
443
4880
2597
4435
839
4768
1705
2630
3582
2432
46
4713
581
5008
4998
1021
4505
1456
2246
1946
3476
3992
2221
576
3102
1634
3844
3202
148
317
4798
1885
4314
2703
4153
398
3735
3996
2209
2902
1252
4410
5060
5086
3931
2497
2038
2205
1635
2044
2327
2026
817
4423
2716
4387
3221
3103
1317
4655
2656
167
4864
3684
434
3786
2307
1873
3885
3207
2988
1278
1411
249
3853
3058
4182
1232
2186
1148
2180
3682
2384
2713
4653
1838
2774
4225
119
233
3965
2971
4125
1131
1351
63
565
2119
1664
3446
1474
994
796
3877
3332
2262
3614
1673
958
3117
2404
318
4219
1826
1529
2761
3897
3406
820
230
3338
3723
3383
3293
2239
1312
3872
1638
2598
1143
3783
2624
982
726
3410
4752
1044
1144
2418
396
729
1228
47
4446
3981
1327
2748
4064
1752
1209
1884
1221
2315
3245
4965
630
3357
4680
3314
2952
2463
1554
3672
2936
3262
1843
5056
2685
93
4491
986
822
4434
3740
1020
4879
3241
5061
3944
2555
3918
655
1915
2788
2531
3518
4985
1984
17
3713
4983
2832
841
1926
3766
5077
4473
262
356
3417
3279
431
2292
3565
1573
1787
1368
3907
3974
457
4789
3439
3549
5064
1768
4412
2989
4440
3760
3941
2356
4281
2189
3553
2929
260
5082
2823
3850
3438
401
3721
168
1173
1842
2545
4841
4591
4287
3192
395
1950
1958
4012
3940
1925
2266
1412
514
3824
3922
3343
2784
3932
2995
4881
1835
3355
1581
3356
989
1700
3013
4906
2254
4533
799
3229
2412
3835
4199
1875
2397
5088
3454
4771
294
3188
1136
1427
4976
380
2393
1904
4767
2010
2846
5059
4116
2048
140
789
3650
2378
2553
579
1125
2972
4558
1937
1470
2917
3364
2312
2973
511
2005
5084
2489
325
891
1935
3456
4958
4188
4945
4974
4605
2743
624
1849
1354
710
2522
172
3819
4022
3908
4526
4795
3599
1722
2947
2751
3906
2946
7
3692
4551
4243
3105
4631
3656
2092
1103
4614
3717
4671
4313
4829
1955
4978
3079
3455
2094
968
1275
3665
590
2142
3305
192
2992
3701
1364
4193
292
311
3158
568
2689
4152
1323
2155
214
4718
4773
2297
2517
3836
1600
1017
882
4969
4550
1703
3242
3387
4375
4276
5070
1464
2399
1355
1691
16
1215
196
1305
1749
4603
3578
414
3806
2524
1169
1704
4343
3857
2669
924
238
2901
764
4828
4196
323
1407
1226
3921
4737
3560
2132
4609
4045
1257
1740
1211
2570
4221
2208
4816
1015
4317
2546
1436
2505
4796
4697
2124
2915
4502
118
240
4494
4029
199
3015
1990
2321
5067
2389
2509
881
1269
1102
4791
3557
1398
185
3427
3116
4114
2066
4477
5052
2428
4646
1365
4939
724
2931
68
1560
1154
4406
3440
1980
4384
4859
4547
259
174
2526
2192
575
351
4525
5075
79
1611
2332
3141
1210
2543
3845
3306
2273
4716
4101
1274
4733
1393
619
2706
4818
4399
4172
1268
705
1213
3016
740
3238
2487
3502
4169
1239
2537
4107
3561
3360
2759
160
3344
1153
2591
4532
3636
3923
2983
1782
3349
2877
767
2415
876
2615
2394
4109
4204
1675
3327
2576
2722
3774
3900
2941
378
3299
3520
3601
1320
468
4790
901
826
838
846
1419
5065
2837
3190
3994
1636
15
2754
1608
219
2455
4010
3506
2944
1501
1069
1071
2478
1486
3534
455
4990
2753
4240
2914
184
1784
2731
2616
1233
1730
1272
3480
4975
3167
2957
4086
1023
448
759
4596
70
3957
3576
731
2319
915
5035
3628
2881
3485
2991
3924
4028
207
1431
253
3453
127
3895
1543
3400
3586
3523
1881
1288
2457
3325
2822
780
1629
2323
1699
161
1264
3303
1286
3937
275
665
577
1118
216
3278
2294
1283
155
3514
3057
4253
324
2771
4183
4937
2848
2164
3370
541
4370
4766
1242
1879
3212
1482
1978
4320
1389
3358
4588
3745
1724
125
3648
1206
795
3771
1833
272
4277
4468
4580
2232
1437
3275
1418
2057
2684
4499
1007
1713
2183
3049
222
3834
1527
3151
3041
1000
4809
5050
2610
2210
4178
3591
2760
1559
2195
1657
1555
2878
2791
1337
3971
2842
1905
4316
1532
928
857
1923
427
3946
1652
2789
2808
2885
3354
2584
2757
615
1928
1491
980
1189
4794
1465
4324
1731
3991
945
3709
4647
2289
3602
1263
703
201
3654
1466
1116
2181
2032
1739
1183
3421
4597
4157
5026
1649
1362
73
3519
309
4283
3081
603
248
2705
1893
1761
2244
3949
3839
1031
3734
2919
2678
4817
3840
4346
4421
1503
3795
785
5039
3361
2390
704
423
774
2940
1616
548
1220
2870
313
3856
3318
4649
547
2746
3873
22
3132
1454
314
4429
232
3789
3239
1200
1672
1986
2355
781
1051
1844
1619
75
3823
237
3970
3637
3942
4729
1626
1557
1056
3073
4452
2566
3763
4787
1609
3725
4708
470
3171
152
2855
893
2028
1303
3615
810
861
3311
114
4411
1181
1009
1123
3233
3264
165
3527
486
2120
763
1965
1839
4260
459
2020
569
4504
428
4594
2829
1918
2961
3678
1828
1149
5018
3086
3666
476
2525
1487
3365
4378
2477
3129
3372
1006
557
3605
4986
2064
1146
4915
916
3966
372
953
4610
3040
3673
2899
3253
4814
220
2453
844
3943
4895
2446
1234
1810
2161
3071
143
308
391
4345
3447
61
288
2974
4132
3236
402
4462
3828
583
2736
3712
3538
4861
218
2557
3390
0
736
787
2462
387
2395
2352
1859
873
2683
2299
3442
3322
770
5029
520
1345
2043
1494
2362
4126
929
3469
3248
147
3216
4541
2236
2082
921
2261
3973
177
920
3689
4088
2248
2215
4280
1854
4098
133
2492
4058
2590
4091
1788
4092
2277
720
3643
4425
3297
3583
3150
654
718
1424
4750
3435
2383
1315
1088
2727
4298
375
1266
2677
77
3337
3053
412
4869
3950
1058
89
4688
936
2806
2826
3474
1845
3827
1163
4409
3880
3646
2894
483
4436
1697
4845
1247
3759
4955
594
3309
2890
3901
