35
32
130
211
257
281
79
226
333
316
324
163
375
13
91
385
159
113
359
227
82
396
249
150
391
357
133
100
42
157
272
118
111
349
343
394
164
197
97
162
51
346
78
280
85
185
366
368
271
43
338
210
378
98
275
6
315
380
286
60
306
54
47
353
112
323
244
10
65
68
206
19
152
40
61
94
109
160
325
128
269
314
102
208
285
253
358
20
219
237
340
23
89
344
302
186
223
267
18
93
108
268
215
198
17
365
122
329
151
0
71
235
217
44
189
41
278
386
298
180
50
370
155
145
354
153
125
294
115
277
248
168
99
289
245
352
384
311
339
28
36
209
169
388
195
382
34
187
142
355
11
377
156
303
266
58
52
80
7
191
73
229
218
256
330
228
247
144
282
87
287
239
319
182
