106
323
222
249
72
97
366
326
241
55
80
113
232
78
344
120
234
14
247
98
369
151
136
175
308
149
388
396
124
194
209
28
389
211
83
123
272
373
342
324
284
394
49
377
215
328
349
294
285
266
5
2
179
82
245
22
90
221
39
279
375
162
87
188
79
207
91
150
293
145
226
64
45
327
119
365
290
160
300
335
208
157
125
341
311
142
261
385
268
20
178
174
10
88
139
164
242
353
309
54
118
146
198
318
330
355
53
1
182
26
243
143
121
250
185
183
301
6
186
269
346
372
184
381
325
312
288
11
302
172
252
105
218
102
8
246
155
190
116
115
217
167
333
163
9
367
358
205
147
216
206
271
129
189
187
23
275
19
40
191
376
339
132
228
103
4
265
133
96
59
220
70
41
278
