265
282
396
16
73
335
167
229
193
81
159
90
50
231
359
107
352
356
4
300
234
138
97
334
308
365
56
373
215
134
258
191
161
143
45
123
291
269
82
84
301
13
155
55
397
100
6
122
278
69
390
8
126
36
21
195
176
370
10
316
135
378
343
104
249
22
323
375
79
223
64
241
242
371
280
177
24
336
342
376
292
152
324
220
148
2
46
330
233
372
349
91
293
321
20
110
325
206
111
251
131
274
37
48
170
169
296
320
239
209
99
237
190
192
136
345
102
344
294
326
226
313
286
346
128
319
25
305
34
395
354
255
116
252
254
273
271
43
157
333
386
348
149
358
98
165
67
277
270
145
284
29
151
183
150
7
238
339
374
257
272
185
15
368
0
184
156
290
146
302
30
33
9
216
