346
203
230
245
39
265
190
238
390
43
327
37
292
157
259
63
308
330
17
47
337
240
177
65
22
159
181
303
163
94
83
209
73
328
107
343
272
270
317
299
154
103
123
84
122
105
160
46
357
127
252
396
354
169
126
319
287
28
134
392
161
100
340
78
164
276
187
21
351
275
236
66
33
231
57
365
8
141
344
27
112
98
151
173
167
215
217
361
149
316
382
34
244
59
205
31
383
226
153
264
207
139
381
115
301
143
56
128
271
62
131
109
294
101
53
364
304
353
227
110
0
166
273
202
165
298
314
315
184
118
253
359
335
286
266
310
67
248
87
180
64
104
355
49
26
393
89
347
329
185
15
397
263
6
201
93
235
228
332
212
250
195
81
380
200
71
147
333
224
42
260
191
281
106
