175
282
249
205
389
291
238
261
275
385
80
122
40
301
60
329
106
361
84
260
77
247
133
342
8
264
135
208
324
357
280
254
283
228
42
184
49
206
339
350
81
215
197
22
306
104
302
374
222
117
348
330
111
323
129
150
35
393
28
210
177
320
353
62
141
334
266
366
292
29
193
345
294
17
300
121
61
386
52
186
207
101
310
379
172
148
269
95
127
45
347
145
98
146
161
312
103
229
176
79
322
192
188
251
214
315
325
273
102
107
19
92
328
234
370
114
231
162
108
242
179
314
99
46
88
32
120
257
39
354
159
281
279
66
198
246
270
226
299
89
286
224
189
152
20
180
169
68
116
392
344
250
163
18
289
241
0
253
136
75
267
213
15
230
245
91
319
67
131
30
383
185
232
73
