6936
8555
3962
2667
4735
8679
4084
4098
6603
1524
137
3625
6730
5920
3613
1055
5460
5195
207
4713
4745
7479
7746
7038
1491
4750
735
5465
37
7177
280
3034
8609
1280
7538
150
6179
2885
2452
2000
6488
7668
5710
6497
2232
3458
6047
1528
7162
1144
5358
4535
461
1431
2589
8303
3164
7438
6523
5467
3100
1331
798
5234
6467
3033
1699
7722
5876
4741
8440
1270
7451
5245
5296
3881
7026
2954
3943
4195
3191
8608
447
1216
8396
7186
7224
1485
1205
5283
4470
7031
6842
1102
3816
483
435
5782
7875
6631
4690
4408
1754
8014
3871
4121
7612
4605
3983
8123
4496
7655
813
4187
2909
5932
588
1803
4865
7393
4287
7812
7247
8222
5891
4015
4656
2192
7308
4864
1726
6723
3498
599
7630
8505
5058
1273
6758
638
7949
7758
5340
1644
7726
632
8377
6446
3972
257
3664
5652
4805
8508
6522
2950
4405
906
3346
6628
6038
4719
743
3205
7958
4507
6959
700
4912
6381
5112
1067
2373
7206
7239
1737
4993
1788
6336
1543
3895
8681
7870
7345
7013
59
3503
1372
437
5303
8034
694
7296
6596
7294
7964
5284
745
5649
8478
8725
5572
4617
7118
572
6940
1934
2610
8487
2299
7466
4448
4218
6428
1521
2017
1297
6382
3203
5637
5701
6329
1540
6414
4620
4832
8367
8489
692
4054
6202
1401
8315
199
1161
3416
8762
3931
8120
8220
136
2505
4858
3754
6121
2785
4971
1854
7809
6113
7529
4920
6867
6652
1742
2644
1185
3856
3381
2136
806
2221
1281
5824
3726
4573
7902
1627
7207
5835
196
4711
7501
2210
8340
2307
3391
6815
5327
2095
5552
8706
7590
629
6850
6328
41
6985
1388
5438
3555
5768
2198
8280
6757
1482
2627
3376
8631
3775
4990
2917
665
3650
7554
1533
1428
8230
7823
2180
8503
5884
5186
6630
8435
5886
4181
8393
6080
6620
4825
5783
8389
761
6764
5971
3683
434
7175
1776
3345
8517
7727
2277
2076
2122
48
1765
3544
6918
7041
1200
1435
149
8522
5660
3553
384
6462
2828
860
7064
4
456
7544
2523
8028
2418
6468
4130
5457
6065
4951
6857
7723
3227
7925
4011
6701
7847
785
1477
8045
7731
6386
2532
5198
1467
8688
1966
114
5940
135
8271
5214
8460
4660
3235
608
2690
8310
4894
5551
6739
8076
8594
6507
8588
373
3645
191
5344
1817
841
8541
272
4273
582
4946
2906
6451
3911
7701
772
6715
5449
8260
1291
3994
656
8617
4846
5616
3517
72
6505
167
8453
1757
3407
7852
6387
2669
8143
6100
7352
457
7472
6608
3552
4242
1399
7757
3356
7974
7705
1015
6668
3344
3978
8324
2321
4888
6956
4585
4849
5148
8326
1324
4270
1631
292
3276
3532
7067
4952
2705
4885
7022
2177
2384
1380
5382
5975
5664
7895
2712
6071
6291
421
6210
8180
2056
5000
3151
4141
5939
7016
1364
5312
6859
2942
7886
3473
465
901
2360
995
1539
6174
7203
1653
8379
4280
8744
4431
6602
719
3423
8470
4550
3362
794
2841
5957
6574
6064
3257
3799
4206
7059
7312
5415
6823
6246
5037
5267
5839
5773
7377
7014
7575
8441
7121
2203
659
6448
250
1425
6102
8363
2329
3564
8730
102
1330
3792
7825
4529
6590
8436
4263
4444
1561
4837
7769
8429
6105
1277
205
4298
6058
6886
7759
4843
3300
5815
5718
4072
3027
7789
6542
6831
1945
3069
1018
3752
684
357
6513
7251
5359
3537
4246
2503
6432
5136
3318
5461
6141
8008
6604
5548
566
1427
5018
2803
7169
1459
8047
1110
6142
6707
6015
2008
1827
3162
4136
5758
6295
1138
5021
2867
62
6560
1194
485
7029
6405
6543
7381
4541
32
744
4324
8225
4485
5369
5361
1366
5559
70
273
6034
5393
156
8434
6238
1969
3689
5486
6963
4768
1918
4646
7069
2595
7145
2657
7351
1409
5338
6471
2053
1912
2018
4450
4482
6449
5375
7708
5454
3667
6264
7555
8038
1760
913
220
3744
5998
1078
6051
6994
8623
4281
1829
2464
2977
5044
927
6436
2455
855
6460
7643
2637
4772
1133
7408
5602
6687
7535
2808
1339
6770
4820
3355
5422
141
1263
5933
5784
3061
5137
6473
7720
1411
7980
158
2144
7678
7631
8402
7465
570
5129
4035
3424
2140
3854
8773
8528
4438
4547
5103
4530
2332
5202
6109
5163
1911
517
5944
7470
4961
4998
1143
4939
3367
165
7157
4209
7109
1992
4277
5903
1996
5993
5730
8669
2319
4425
7968
3144
7730
274
1986
159
5979
1968
1282
5739
8115
7587
3095
3551
5040
1815
2383
3438
1636
1230
5051
4695
7652
7872
2345
1353
3214
6528
1326
976
5793
92
8437
3647
7288
4175
8308
3369
4840
7320
3163
5657
4686
6438
7845
6456
5463
4115
8065
887
2529
5688
2169
4445
5563
6355
2456
6374
702
7449
7947
6261
2537
3889
1520
2494
7822
7405
1037
3817
3708
6185
2301
6294
450
3932
3110
3950
3331
8255
7831
5024
2521
3986
1320
522
6389
3086
2133
8079
487
4921
4692
5874
1298
5623
5426
8495
7229
1989
910
747
5716
7979
8102
2253
984
3557
2629
662
6766
6996
2454
5289
1908
5704
2749
728
279
2794
7481
6318
5622
4661
5992
2231
5402
5010
7550
7650
2905
5434
3941
7779
4129
5845
5867
7142
3681
891
1066
1033
1836
2260
3378
312
909
8174
4908
1690
1947
3747
4653
3620
3990
7883
8380
6383
8277
4169
8769
3118
7500
285
6712
8738
2831
2983
1635
3474
2375
5696
5808
3068
8372
2071
2262
1648
1534
3106
7072
7498
1035
6259
195
4153
8782
3038
8563
1347
3616
5262
2728
6060
2608
4060
1922
5613
3053
6313
4223
7787
1825
6332
5335
7042
1840
1769
646
3771
5131
3435
3887
1784
7854
6742
6790
1086
989
6558
454
2481
3914
8764
7710
3165
5399
5410
6792
6783
1508
6219
4720
2879
7817
3013
3421
8647
1965
1921
3793
1933
1405
5561
8224
2956
7494
4872
57
8784
1073
3277
4315
6754
6866
647
7358
403
2522
8307
4658
1504
3971
4029
2259
1419
4046
6012
7192
7277
140
4706
2652
3431
3149
8319
2717
3284
2566
4369
268
1722
1106
5378
2218
5208
1336
8721
426
6251
3669
7379
7579
3991
6926
535
5595
6215
8412
8746
8385
5982
652
7085
8
1013
5452
6606
795
479
4975
6679
6223
7259
2995
5917
2267
4166
8099
436
6293
5520
4896
6378
6675
2282
8257
3902
5424
5398
7944
6885
5686
2170
8736
2168
1154
1062
3550
2416
1962
3535
7316
2559
7624
3140
7952
458
30
5151
8037
6284
7667
4464
2903
2243
6709
2459
2086
4996
3003
3969
7478
1655
7614
7386
1623
4505
5433
5317
1852
6339
8111
2986
2461
2759
5919
4316
6125
3383
2619
6315
1218
8518
3206
493
8629
3679
1654
1751
4377
2137
4992
8491
3700
4075
5241
3791
1867
956
6905
4910
8267
7231
2288
3783
3049
1782
1127
7458
1356
3122
1036
4258
2347
2661
7006
1588
7141
7148
2469
6988
2316
2429
7829
2191
4816
1420
1052
4549
4570
4012
6674
355
1071
4779
7011
8414
5847
4986
8461
7257
6804
5087
3829
3639
7165
4140
6720
530
8381
3096
2957
2839
6688
1354
65
4071
6145
7053
1916
7474
2892
31
7049
8519
2212
4368
8199
633
3115
1474
233
3142
5643
3088
8370
4238
6498
6748
3549
1207
3960
1455
7896
1664
941
3005
2496
3530
3320
36
380
6673
2520
5440
3333
6416
2849
2816
1417
769
3306
7893
4949
7422
5703
1859
1842
3400
168
3581
7583
3801
5480
1640
1622
2688
2662
1686
825
6356
3753
5351
7250
8481
1656
724
5280
6537
8449
7023
5132
8761
7416
8233
871
2979
6993
2472
1685
6104
8466
2551
5959
805
1773
8161
254
6554
1334
2480
8352
7511
7934
6697
3865
7681
8397
1046
851
6402
1855
2912
6309
107
146
2569
3505
2280
8083
3405
1007
7676
576
6039
2737
5127
6931
863
7790
7922
4647
6753
2976
661
2172
2043
2233
4624
1750
966
4925
8234
8689
5172
2732
467
2755
4533
4455
5753
504
8360
8128
7691
3433
4065
5507
8712
2870
4839
2220
729
8593
497
935
2341
6298
2694
5606
5224
3827
6836
7354
7741
6061
1192
5048
1756
8160
4264
869
2815
1732
7058
8046
7073
3835
1352
2370
6221
2488
3927
6341
7912
7191
8424
1065
7499
3463
3765
5883
3370
5451
6805
7260
7012
5778
7035
6170
4517
3687
3273
1075
2591
5447
1471
2005
3211
1781
8543
8757
2741
1253
4800
22
4917
709
5442
5542
4465
5502
6403
6951
7190
5096
8177
4568
1587
5583
6797
3101
86
3657
5468
3993
4804
1960
8063
1880
1429
6474
4510
2103
5153
987
4145
3688
5360
3880
5860
7998
4170
2430
7489
337
4216
90
4873
3001
6747
386
8144
1016
3953
5821
4184
5846
6925
8545
1458
7800
2052
1897
6532
7842
494
7610
7433
6305
5540
3818
1753
7682
6098
411
224
6028
5082
2256
2434
5605
1397
3399
7143
8135
5330
7937
5178
2697
6704
2910
924
5275
266
6357
6775
3264
5407
7286
2980
2230
1051
6868
4668
1731
7061
2149
7540
3954
489
7939
3314
5555
826
3395
2209
5141
271
4513
5070
1183
5056
5725
2962
1301
3439
3857
1422
1348
2719
4714
519
5084
6699
8166
616
4567
4302
7332
6171
2366
567
4461
2924
3445
6998
6154
7888
7256
628
610
547
2716
5197
8448
6920
5802
3249
5307
2607
1893
6419
4509
5708
3842
7115
4456
3266
750
1708
5695
7195
284
7558
7453
8421
6486
4905
5414
7950
502
2988
2894
1514
8637
2720
3419
4312
6003
3239
7905
1060
8241
1384
2460
4284
44
4265
8048
7537
6316
2044
6166
8170
8469
7404
4942
8276
4551
2804
8293
3562
2812
7110
323
7908
1260
6214
5495
103
2639
7113
1870
2320
325
7364
7573
8109
650
4032
472
1828
3313
6182
1977
2353
558
738
8344
2166
1552
2967
5785
4422
287
4900
1068
6035
8648
4415
143
4375
3255
3077
5403
563
5618
8342
1589
7697
2750
1045
5937
4538
8195
2041
990
8531
8715
1512
1090
180
3339
4824
3043
6965
1850
1684
258
3120
2775
6409
721
5721
7887
6334
8264
1368
1871
1612
5074
2179
4296
8201
7609
7541
5528
5025
6877
2225
1720
6556
6273
1687
4544
7649
5658
3737
282
8598
6693
1799
6841
5211
3173
8591
3466
3428
1433
5850
8259
1509
1101
3147
4516
7774
3317
7196
8256
7380
7275
3478
7278
2334
1214
6549
3285
5264
3297
2686
5878
7645
7891
478
4850
8741
7983
81
1547
2817
3847
5252
5328
3903
7046
2242
8147
2703
4250
5446
4477
3888
6511
1619
3554
1643
5928
1858
556
5855
3507
1861
8787
736
1628
2002
2037
267
117
3411
8274
6732
1079
4973
1889
5453
1201
4830
2438
4817
6820
6153
3696
2598
4174
5640
3658
7570
8571
3913
8674
8074
8043
4306
1441
6761
2142
4067
5620
4680
8211
5498
622
7633
6443
811
1232
24
3528
2806
8739
4508
539
1028
4802
803
8294
2798
5625
1050
4552
4760
6755
17
6740
4247
6312
7344
7753
8003
7987
7263
7595
7754
1517
4285
4866
7272
8751
7144
3396
5427
5913
7443
7034
3054
5609
6276
5324
3563
8044
8523
1780
8339
6692
3446
4497
6683
6411
3770
5005
7953
161
5889
878
7725
3524
2540
6358
1797
7615
1177
5780
218
4013
2964
399
8520
5261
6547
4189
3573
6892
7941
2560
5628
348
2858
760
7709
4437
5062
2050
3674
8010
8087
4399
4226
796
315
4932
387
7547
7337
3652
7818
6772
4451
455
2916
6453
1963
3933
3126
6099
4898
5166
663
6774
7948
187
2266
3629
693
5711
2317
2359
362
5511
2394
1595
8564
8422
1109
1083
5547
8258
5081
8702
7889
2335
689
6009
7763
249
2129
8398
3308
8266
4981
6369
6706
2854
4978
2519
679
6503
5291
603
2770
2592
526
2022
7566
8207
4596
5160
8330
2130
5489
1341
8542
4050
3890
6190
1798
2126
3928
7020
6605
340
5092
8636
3488
7300
3886
5574
1924
7090
3412
5677
7900
6186
4659
3706
7180
8753
6583
2850
7441
4841
8473
4292
3725
7410
3312
4991
804
2810
1100
4083
3985
6698
58
7214
6728
5865
6388
1809
852
8438
1658
1126
5020
63
8727
1995
2239
5228
2070
6863
4313
623
6904
3268
3905
466
2922
1515
3860
4793
2263
8391
5630
5603
3631
8215
1976
338
1443
79
8167
152
8378
7095
2385
3109
754
8365
1141
7506
8301
6625
5182
5694
8113
7188
7302
2036
4394
4675
6373
7694
5861
3773
4988
5142
6155
911
4351
2940
7792
3159
3193
1549
7688
2323
3278
3493
8658
8033
4468
8013
5244
3042
6788
1775
3372
162
299
4291
636
3734
3617
2747
8188
238
3000
6887
5067
408
3934
3063
5416
7253
1283
6167
5770
4684
6609
7505
8642
3509
5810
5007
262
3635
1668
221
5069
6481
5822
29
4970
6818
3952
5844
2148
8136
1223
671
7814
6589
2901
2031
7081
4591
4201
3301
8560
2343
2200
3170
3800
4851
4237
1572
8278
3714
1820
2401
7672
8462
2508
2227
7906
7138
6412
5526
4199
615
2045
7766
7704
8415
1575
4143
5525
1848
3341
6146
7674
8090
7683
8458
1532
1012
462
7523
8347
4027
28
1184
589
4515
5938
5147
5877
6052
4953
3543
4640
428
0
5828
8132
7599
6736
77
4862
550
959
6671
8024
5366
5226
1723
3628
6900
613
344
7392
520
115
7572
1489
573
3560
7211
4704
6112
7310
845
549
1651
6525
8510
8752
4725
965
4621
8133
6435
4500
8774
6070
5286
6287
859
5462
4967
5545
2978
6552
4889
5801
5220
6491
4094
2080
5719
2535
2324
3637
2013
2427
3992
6510
6663
1077
3329
7480
837
4673
3179
2513
2832
1113
2673
4297
969
3891
1228
7208
8091
6919
6424
6420
3896
5206
2563
6932
2474
3160
6894
2531
2327
4133
1559
197
5004
7995
7904
6587
1412
5253
8213
1074
8767
1325
3703
7543
4293
7363
5215
6504
1131
1284
3848
6257
7323
1761
3851
7249
3476
3618
8223
6643
164
773
4057
5807
889
6299
4000
2682
4989
6129
6763
4414
1238
7865
557
283
3349
812
6798
8159
5093
2869
5635
3740
5169
8557
378
395
3654
34
5268
5817
5345
2483
2636
1936
405
4774
130
1438
5173
317
857
247
5443
1841
4495
7604
8442
295
2067
5858
548
6615
6947
3761
5419
1375
5988
531
8164
5539
3091
7117
1938
8697
7475
4795
8476
5646
4943
4848
8735
5086
12
3187
5396
580
3037
406
1362
7748
815
5311
4789
2358
7942
8168
8514
2487
2047
2692
2599
2562
3915
510
6422
1553
655
5027
3259
6263
4119
2573
7557
3809
3936
7311
6427
6379
2526
7383
7248
3904
1843
4243
6744
7582
8162
4879
3798
6347
515
7767
5676
8662
4185
2878
498
2135
3624
7532
5954
578
7533
6726
8288
777
2183
1647
3099
1670
3298
2778
4956
4514
6819
7613
56
8726
8565
2735
4002
7928
3359
708
5072
1625
6642
6175
7181
3455
352
2887
6622
6810
5916
5671
7088
3838
4575
2970
2378
4815
361
7772
8553
7634
8025
2453
2151
3103
3097
3107
546
477
6203
7504
2397
1142
2635
5036
1312
3031
2125
2945
8110
6352
7699
5002
6789
5531
4580
8447
5984
308
4614
334
6464
3984
898
5990
8084
6939
854
1005
7008
4527
8078
3813
3882
8287
3967
3576
8243
7580
5593
2497
1805
1914
8366
417
8722
7880
5804
6265
8289
2952
4708
3525
5791
106
1577
6990
7658
543
217
7990
307
2489
4670
4791
2579
8061
3189
6958
7357
347
309
3780
2710
3082
6043
5342
4040
1592
6741
4051
2444
1581
244
3682
3178
4934
1728
433
4479
3831
8138
5934
8486
4366
5827
6493
2147
3024
4282
1351
7087
7411
1394
2891
1466
7798
1022
3437
4589
2224
3982
4236
4269
2396
8194
8181
6241
513
8745
3132
1069
8601
6794
7799
7009
3523
3080
8060
5187
2643
7388
2428
4314
2314
6213
5322
6304
8184
6068
1660
2761
7602
5524
1546
8650
7287
3072
60
5930
3500
6718
4427
1952
8479
6520
3611
1831
4578
5436
8677
7134
8626
7133
8759
574
6465
8016
3461
178
587
7163
5409
4418
8348
4923
7517
4780
2
5302
7714
6729
67
3404
7993
7729
1231
8780
8311
897
8191
5184
5293
8146
7235
7274
4876
6050
730
776
5154
6803
714
8204
5866
1652
6395
8124
2340
5060
1261
7919
4373
3242
6825
6243
8570
5379
6014
6368
2527
3599
7518
3475
1779
5926
6290
8534
2094
7075
7752
7199
2187
1768
3591
5714
5308
683
459
678
801
3310
2001
7342
5986
8190
7768
4913
4852
4290
5278
3670
4766
7036
6401
7468
1099
7159
1370
4400
3906
3429
118
5682
4685
5030
8026
3441
3224
8066
4747
7640
6502
912
13
5259
290
8562
2236
1139
8490
1560
4821
3087
4901
7139
596
3141
4918
2544
6591
5745
7783
7347
3864
4903
1023
2306
8263
6735
7371
7463
4101
791
157
847
1208
5519
4540
4219
2338
2124
512
7334
174
5885
4945
1111
2189
8309
4213
5720
2028
8754
8433
7100
3483
296
2415
5522
1053
7608
2116
8357
3250
7988
2876
3772
621
3596
4117
3808
7215
5174
8240
1288
5191
1719
3269
8567
2729
3074
3520
8210
1626
5976
765
3196
3695
8114
3968
6117
933
920
7033
5265
6477
1452
6714
7606
7844
2422
3608
4079
4867
2514
6325
6827
1513
6623
7670
2311
7909
2707
3062
3641
3748
1983
409
4782
6746
1465
7819
8472
1535
388
1702
2752
2547
7611
2197
7801
4301
4122
2708
4007
1387
3764
4191
1955
868
840
1308
4359
6023
8019
8198
3251
8728
6272
2757
1040
5432
226
4968
8454
488
4493
3566
8249
2895
3662
3112
5629
4010
1954
8007
8064
1038
6514
1150
3452
5717
3527
4715
2222
4457
982
6658
7065
8284
6571
1974
3877
4331
2075
2026
5304
8228
1774
1738
6319
3324
2392
919
8732
7549
5383
7174
2927
7562
6472
7112
1206
7373
2941
7328
2813
6535
7495
2640
5371
1342
7488
4810
5737
4592
6641
5936
2877
198
4228
5923
7484
2493
5788
1167
2304
1382
2296
7454
4014
7063
5580
2612
4342
1536
932
7123
1
1407
4926
8329
6624
7378
5653
4186
3425
5715
3202
5159
8022
4240
4063
1875
1590
7588
1250
7297
6338
666
1545
5706
6891
7744
2650
6410
1502
4581
2465
7102
1946
1082
2357
1103
1197
6760
8375
3283
6006
4364
7621
175
5698
2206
96
1373
7617
4677
1032
8302
251
6832
7182
1001
975
6021
7228
7692
1479
1256
1014
1271
8611
808
3603
88
1733
412
1220
3032
3347
7765
676
3102
7861
2152
4059
80
3594
5203
3794
1180
6140
1088
1239
4562
276
8737
6327
6093
892
1047
555
799
6557
1570
2127
6854
5079
6626
7078
5949
2342
3963
4268
5592
170
3192
4413
2423
3774
1119
5760
6074
1526
1268
4632
3558
3513
5997
7871
3640
1116
5868
2009
7734
6267
1031
3720
3653
7125
3946
6711
4318
3671
2155
8152
834
6187
726
1927
7571
8704
3496
1646
1269
4066
25
3260
5705
3083
3026
660
2145
1662
3434
2245
7879
4977
7135
5909
8356
1615
5662
6888
5666
2290
1599
5978
8275
3589
4964
3803
5641
5762
6348
7305
3584
474
8349
1386
2157
1706
1361
4329
7665
4200
5697
3494
4874
8488
2407
3961
5331
5219
6208
2510
8590
4446
377
6884
2874
286
2890
7255
6306
2498
7815
2889
1181
2722
7795
6431
2128
7969
4666
5115
3408
2251
4326
5341
8603
4299
4275
2030
4356
899
7221
755
3595
4396
240
3796
4555
5518
1444
5890
908
3288
1696
3464
4532
8209
4108
3240
7519
7241
1189
7876
6538
7739
1437
4469
8685
1584
4420
8627
439
6236
904
5771
1025
3398
495
1701
4220
2011
7244
604
7212
4016
2862
3468
6828
4453
1758
1217
6570
823
7370
6483
2994
5632
1786
2204
4076
6749
3485
8335
1157
1796
6235
1990
4941
3989
5305
4731
6664
861
8169
2534
4221
6082
6041
2571
3040
2382
5343
2951
8341
3287
627
1792
2788
3516
460
5114
1999
8665
2789
7330
2871
3384
2318
2439
2711
7462
8373
7563
5240
2656
6239
8625
1406
6490
5948
4995
2499
8388
2202
3879
1329
4383
5977
2857
4728
5685
8733
6588
7510
6461
6067
6362
7167
1448
6128
1991
1862
2768
1953
739
3388
7432
4861
66
664
3322
986
6577
1621
7913
8630
6580
2264
6183
5942
6708
7868
8547
3721
3490
8292
8001
2840
6255
3987
184
8312
8501
4335
3749
366
3210
8710
2246
4749
227
8680
1679
4534
7933
5363
2744
4286
8179
6149
51
2244
7632
2765
565
5674
1346
595
7592
3241
7884
2308
7366
8693
8663
4914
1573
2773
8041
3489
351
4938
1905
7914
6594
8231
7374
1064
6768
5996
980
3410
1000
4697
4844
1555
181
3015
3715
7797
6962
3655
4254
4736
5809
6040
1736
4374
50
551
3917
5222
8359
7077
7901
5872
6069
4972
8068
2866
2727
8619
1234
5045
1800
877
3181
8509
5581
6158
7156
6901
1821
2038
3606
45
4058
5246
2818
4124
2174
8218
6084
1844
7446
3869
3340
5775
3668
4742
422
3093
2767
7267
7597
8492
6660
1650
2971
5950
1979
222
5754
3305
3704
7713
4389
169
1439
2678
6949
6393
6476
5156
3833
1191
1365
1904
1240
1371
1932
1703
5271
5319
1604
6638
4928
3275
1279
1608
7813
1404
6829
4460
7747
6928
4112
4845
2844
8698
3722
720
4489
374
3282
5381
6568
4393
8468
6282
2458
6765
2575
82
2294
7
5638
2615
4073
6529
3649
6833
6248
4940
8098
6450
3999
5032
4188
7622
5779
5158
3686
8673
2073
7403
6915
4190
5281
7878
5108
4931
219
3364
6211
6016
2139
4078
4827
2276
8694
3295
5377
5871
4842
438
7838
6063
619
6871
843
2322
5744
2362
939
2352
3709
625
1374
1891
1681
1557
6089
771
2107
4556
4871
7700
5598
3332
7439
7695
7457
2746
528
4761
635
3124
8574
7376
3850
3718
6526
1202
8297
4222
5647
3427
7071
4204
