5992
2426
4635
5600
8612
4706
3803
6159
5231
3902
2667
7099
981
7210
5035
5391
6537
256
7035
621
7289
6350
2198
5692
4770
1738
2367
8464
3098
5592
8531
7776
3581
6940
2833
7836
1802
3240
612
172
7543
1576
3580
4734
4328
8169
991
7709
4510
7164
1786
1632
1205
5723
7679
2161
6886
4721
7373
5539
2556
3084
1157
4336
7645
6757
6299
5839
5144
1959
1393
1953
6190
5834
2520
995
1000
5483
3965
2326
4784
8725
7310
6803
5644
5344
3627
3732
4531
5404
4684
5269
1673
3100
5302
8483
6184
7039
2028
3751
8103
982
7993
4871
5637
3010
3082
1142
1832
2983
4906
8220
3895
4503
2974
8141
1592
5286
6297
3672
6872
6353
3577
3423
2944
2022
6790
734
6445
7668
4911
3472
5940
6862
5852
1654
4955
6800
5512
5959
7486
8588
7943
2080
288
1503
6224
6070
5385
3404
8379
2365
8482
3941
1217
48
6836
8142
984
520
4080
7890
6282
7426
2867
3802
7785
8128
4920
1617
2946
7661
2710
2003
2248
7043
3179
3904
2239
4495
4489
8130
4472
6479
8773
5562
1623
3381
6429
7097
4752
8294
7066
2132
7564
7017
961
5108
731
6633
5165
2716
5826
7607
3429
702
3484
4380
1247
2058
8381
5999
6493
4162
2484
3008
6102
1481
8029
7729
5801
7920
3392
4090
5281
685
3060
350
1698
5202
1043
2446
2938
5639
4757
2262
3143
811
2542
1997
3629
4771
2920
7667
107
2029
3599
4840
8167
7617
7680
7547
6087
5898
7964
313
3256
3889
5553
153
5736
1979
4246
6788
6303
6075
5638
5802
6542
1253
703
7420
7879
1604
28
1902
5270
5075
3988
7433
4786
7517
4689
6110
7471
6496
7021
6001
1106
6031
3569
963
8673
2515
7513
579
4359
5757
596
2124
834
1051
3201
7726
6147
64
1983
7934
4
413
3625
5501
4818
1749
910
7708
779
1504
1202
3684
4353
5062
5445
6811
3824
5162
3186
7277
6088
615
1945
661
2767
2195
1320
6846
1951
886
2256
4546
7970
2302
5918
7112
4505
7393
2573
7627
1898
5621
3129
752
8401
4550
5223
2094
1451
223
5556
7465
3898
5890
2265
5106
1570
6877
8290
798
4590
3319
2864
3667
801
1746
3879
572
4669
939
4700
5933
5511
7502
8291
7779
4816
3223
7572
1003
2810
1779
8740
8710
4508
8502
176
1237
1431
3441
4293
6919
7587
93
8048
1815
4820
6356
1407
1512
7441
6688
4894
4604
4101
5234
2465
8451
6801
573
5614
8731
397
3741
4206
1421
281
6211
5735
2560
2357
3324
1800
2777
2359
1082
5810
8009
5590
7006
1376
742
5100
3956
1154
295
2616
8432
6539
1526
8354
2057
4557
4679
4817
1557
3863
3225
8342
1880
4511
5714
2664
4845
1672
8318
953
5932
7491
8556
3405
7351
1560
5148
7085
7129
5303
5619
3048
7019
8184
8147
5926
1223
7000
7400
8046
7385
6298
2804
3559
7834
8367
4279
8308
8373
1083
5874
3997
3489
3378
7303
5722
3095
3377
6721
6781
7888
7551
3244
2462
6638
679
4326
4747
1736
6898
7194
6403
5377
5693
722
4594
4288
2061
6114
6109
7501
2459
2809
1113
6005
6965
1691
3279
1833
5379
2145
8214
6139
3384
7757
2074
7111
8647
1068
1204
1622
4502
2525
2413
7312
6795
7876
7357
5287
2935
8639
1145
1892
2429
358
3538
3643
4493
5855
2518
4384
2599
2850
853
7559
6723
7901
2250
3833
7005
960
439
6842
567
345
2376
5293
3294
3440
7540
41
4680
1378
7292
8019
4695
7134
8615
8314
2298
339
6305
8204
6143
1943
2076
2077
210
7558
5357
6643
3778
1541
8047
1148
3385
6979
6553
5218
1877
5102
1067
2677
2390
5246
5230
5041
3178
160
7578
8627
3901
5063
4668
4798
3096
1153
1045
2171
1311
2358
696
4053
1968
6528
6325
4878
4294
8480
522
4134
3876
4004
5112
5432
6181
7384
3766
6246
3123
2502
4611
3600
7576
4539
2148
8303
1967
6222
7788
7851
7508
3849
4693
8232
7855
6897
3146
4783
3508
2244
2737
5315
6457
3020
837
4858
6168
4527
2736
4791
5513
6248
6505
2353
24
250
2707
3761
8157
1716
1597
4574
7001
6480
7148
2243
2896
2137
2956
8280
8045
2784
5931
4699
4987
2388
7363
3977
4526
6612
1226
2818
422
857
5278
4616
6384
7113
5141
1272
3530
4406
15
7220
4759
3044
5532
3397
8163
5668
1641
7541
8315
4199
6408
2695
4216
4270
554
2309
4215
1793
8477
6693
5538
3139
7712
3487
3670
7940
2160
8515
5928
262
1240
2509
214
7782
5119
8113
2997
84
8476
1883
2551
5241
8695
4656
7842
4438
6818
2349
2615
479
7323
2844
8780
1419
822
5706
6441
7652
7504
27
7484
7402
3819
365
6821
4242
908
7885
1914
5498
3552
7533
5744
6067
6000
3865
8484
7577
6192
8741
1521
8459
6971
7810
379
1251
1094
1747
7434
5095
1078
3607
8570
8175
3471
4260
8170
139
2744
4660
207
7735
2039
6098
576
3476
3093
7116
2111
6324
433
2323
4366
7222
1545
4315
6607
1708
2849
4739
7049
1138
7195
7423
5331
1433
5205
4389
3509
4456
6312
8059
5232
4449
8176
5418
4561
1357
8411
1791
8221
3776
5191
8275
649
3798
1131
4487
1726
6030
6955
3618
4348
2010
5127
4470
4414
1578
7658
4248
4642
5563
5456
7442
251
8418
4629
2374
5280
3837
6151
5581
1423
8300
2237
8473
2775
4275
4430
8525
586
1499
7815
2351
6517
4962
4386
8618
4516
8719
7209
4855
913
3695
4207
3719
449
7864
5071
2018
1924
5439
7648
4903
6366
7414
3880
4952
5314
3511
1587
4461
8287
3560
1166
8021
2680
4575
5362
5193
4869
8389
4905
1664
2559
7949
5272
5132
7789
6514
6531
895
35
2254
7483
4690
3588
2347
2688
6869
8298
7678
1640
1634
2558
7957
2373
5965
4074
1980
7429
5991
296
1615
6748
907
5434
7156
8416
1324
8355
1548
6754
6650
7626
6780
5334
8645
4418
2536
8682
4073
4937
3231
930
7938
8648
6685
2410
2854
7596
6658
7770
6264
4183
6459
4803
445
1447
6614
4193
92
1245
1954
792
2776
2286
3812
1986
6680
1149
2860
5260
173
7728
3261
4615
5372
999
2763
1948
541
1354
243
5805
4313
5954
6895
150
8765
75
6696
7839
7212
2378
3288
7882
8135
5123
7718
8620
8764
3911
2377
1111
8309
4725
494
7320
2214
7334
6738
4978
6454
6205
3696
5294
5655
3808
4513
2331
7853
4295
6076
2046
7655
7604
7756
608
6334
5462
7898
4556
114
8559
7497
6328
3475
7894
6945
4257
5345
4466
1266
8055
8641
8678
8254
2011
8500
6656
4785
4455
7509
279
4730
3685
5428
5967
7632
1323
2471
7359
704
5080
7347
8361
6605
1542
8640
3912
2131
1428
385
7207
2957
7302
3556
3858
936
3332
3
7546
7394
5190
5593
2475
5135
5611
7416
5142
7505
6279
1936
7954
5114
6865
6797
4914
3328
2474
4551
7592
839
1759
4303
6492
5253
5770
4213
4569
318
2654
7847
1502
175
764
2417
4212
6848
7492
6391
553
1552
5759
2874
3648
3049
6289
511
1055
192
5403
3017
7028
729
3914
7219
3459
388
5604
8391
5435
2657
7188
273
8460
8536
7731
7598
4096
7521
4306
2960
1160
4719
2800
833
1727
3639
6456
5017
8761
4387
4917
1174
6463
2483
8247
5875
8494
606
701
5640
5782
4464
4041
760
5399
6736
2226
3537
4139
7258
7783
2732
7224
8576
6588
5014
761
6595
4344
7526
2827
7948
4822
8312
2898
7711
4227
3327
1705
3056
2726
6718
7657
7799
2690
5220
2260
6140
200
4411
5850
2840
80
7874
3369
8752
3571
8413
6980
2102
8372
1742
8728
7932
4075
3990
8533
5784
1366
363
3650
547
5211
4944
8050
1182
564
3523
4448
1637
2953
8700
3820
6623
667
5682
7893
2759
2723
7683
1586
2714
2043
5284
5586
6050
2259
599
6889
2961
5523
4634
3301
3113
4068
3290
7055
1416
5519
1890
2122
3030
404
7478
1978
925
4274
7924
3106
8000
1928
1860
499
1913
2620
8341
7197
2312
4760
222
601
1725
8014
7552
3374
3181
1554
1337
5350
477
2457
2436
203
6251
6974
2197
5275
933
5814
3945
3561
419
5247
4465
1079
3437
8235
1442
2792
5654
8008
2644
6214
6437
3948
6912
7283
870
1465
5194
8121
6952
5111
6799
196
6876
7628
2439
7560
4003
367
8605
6418
5394
7071
3057
1469
4938
920
7024
5785
7109
997
3516
7
2586
2796
1728
1773
8466
8506
6954
2727
3975
5011
5822
6651
2389
1269
7381
6128
2831
118
5749
1826
8572
8272
2205
2869
4392
890
4897
7298
216
1567
6678
3862
6295
862
3886
6057
2082
6856
2084
1179
6936
8426
528
6942
6013
4729
2382
5180
162
1265
6497
7290
4969
3785
5347
2296
4361
6812
7960
6117
4488
774
709
4491
4971
3652
8224
6538
6427
3809
6881
815
3198
4273
6349
1665
55
7437
8657
1065
2955
6185
462
5045
5210
7872
1854
7396
705
2802
1938
266
3728
5595
5487
4127
4051
1944
1061
3206
2837
4671
4686
7088
8340
2348
5047
195
6533
4711
5623
7120
8162
1444
970
5131
4110
3589
2492
8213
7183
7480
3769
4012
2949
1155
8530
5068
1228
7463
6116
2754
7524
6576
6920
8439
4145
1377
3659
892
7990
4153
3501
2179
8724
4017
7724
2213
8726
6245
1818
3138
1891
4179
3980
8164
1966
5121
5929
1639
6115
8654
3944
3544
7638
6460
1536
2626
7899
5779
334
4300
2606
497
5910
171
7925
7676
8487
3236
4223
3075
7553
3220
2477
3297
5378
8238
5423
5951
2253
7454
157
614
8498
2394
6381
4939
848
2636
2157
979
4716
6397
1081
6204
6760
8244
1626
2311
6551
7007
7051
977
4587
6575
1848
4500
3276
4548
2116
8669
6413
4123
6830
6860
4847
2835
7244
6530
2406
7858
725
307
421
3073
1671
7670
8497
1050
1192
5681
3216
2522
147
8317
8549
423
2529
3339
2282
8690
6188
1058
5006
206
917
2659
2173
7365
1188
543
4458
4774
2152
8044
2886
4059
8722
6385
2420
2397
2294
7361
5603
4435
6659
1417
6953
4832
5019
7247
6410
101
4764
3408
3193
6502
4848
3513
8417
8701
3195
2789
5263
3118
627
1273
3182
1360
6598
5415
4085
2356
7959
4622
3763
8732
5860
5720
3830
7775
1792
3442
3996
4094
5627
3548
2685
7937
2651
6371
8683
1143
8181
5827
3272
1141
7105
6850
5825
1973
4261
1643
8067
2232
4744
4795
755
5775
8212
6243
1696
7294
138
8011
2154
1795
402
8239
7812
2857
7291
4195
427
2629
7871
1628
4670
7525
5919
8036
4975
2106
8087
7438
180
5168
6212
1432
1984
5420
7571
3431
87
7917
2289
5547
1663
1087
5712
6664
1359
6380
2765
6540
2700
2470
1489
3177
2870
504
7348
351
1999
8405
3458
1304
4280
3527
5137
8687
8351
2729
5304
3122
6169
2140
4517
7615
537
3104
4390
5329
8248
7398
6203
7204
526
417
7080
1108
2794
6755
1076
2164
6699
6922
8757
4772
2880
4180
3110
2730
487
2797
6394
7100
2799
3844
1232
128
5273
5160
1294
8626
3074
738
4606
1633
4462
5962
2987
7987
4849
1390
6999
3602
6556
1380
2000
2686
7378
3386
232
5987
550
2580
2139
700
7797
7620
4479
4224
5907
5341
1104
4806
7675
2053
7301
2814
7754
3890
106
6253
7637
2431
7844
1152
3698
4245
8596
2970
506
885
8152
5559
2035
5620
1098
8277
1931
2761
3966
7506
6011
7282
2451
239
1555
6170
3127
1209
6804
8541
2133
817
4419
5715
3554
1556
2159
6172
665
1241
1602
4485
7700
4724
3241
6926
2717
2932
3376
1074
7955
859
7833
2917
2900
269
8061
4119
6900
4150
7388
4401
4823
757
756
4641
3507
6077
3271
4089
2288
7695
3606
5089
3522
5847
6271
1703
5059
8584
1084
6340
2813
7778
371
1961
2697
6894
607
5861
8028
6660
6789
2549
5685
1276
938
8523
2341
7845
1650
4218
6250
7946
2117
3826
3187
4056
1858
124
1328
8279
3481
6558
8148
717
5583
1589
7337
4321
4627
3796
2621
590
2562
8114
3735
8245
1072
6905
315
5819
2236
5118
5821
3032
4343
466
7786
3400
861
5790
7272
2136
8571
825
2177
8532
710
4665
754
4220
7415
5198
1704
1884
6052
1124
8434
8582
2422
6430
8219
854
525
5571
6714
1562
8081
6310
6510
2916
5382
1620
5745
4454
5817
7856
4349
5895
6555
3635
6284
6121
2499
1023
6677
6038
7030
5578
3932
6815
4360
5441
4555
7532
7692
4563
3983
7305
4007
39
5984
8249
6476
4621
4168
1678
2544
2706
8784
4654
7875
6189
5145
2703
3506
3287
5508
8015
6092
8348
642
5164
5846
6949
8590
7033
4885
3930
5429
4035
7037
259
3793
2964
3999
272
2049
5647
455
5240
5944
4691
5612
1401
8745
6904
7368
2893
6683
8519
8744
3536
8660
6853
7633
3252
4397
6822
6389
8370
5870
8054
947
7153
7062
231
2783
4105
558
2733
3562
6768
7010
6655
7124
5389
458
7386
1852
2332
6175
7449
4100
595
5671
7738
7159
5912
1964
4184
2649
4221
6927
5675
8094
7561
3978
6488
4901
1741
5025
6338
392
2937
1195
6063
1427
1335
3510
7742
5214
3673
5156
6557
6991
6550
4908
7777
5869
7528
8146
6742
3426
884
3892
3170
4968
2109
677
2079
3931
3278
7032
2044
8735
1102
6568
4008
6996
2632
5842
103
2534
2007
3770
7271
4189
871
6210
1950
1525
574
1692
336
1823
3436
1282
1575
1799
901
121
6482
7140
4612
1994
7317
1699
3871
5963
8052
5425
7818
5105
1661
2495
767
5343
6420
937
4596
6776
1296
3105
5764
3396
802
8267
519
5787
3754
6817
3899
2725
7440
3664
6386
3151
7612
2
5233
2149
5976
2230
8444
8269
4447
5178
4340
78
4308
8374
7574
166
6426
6648
7825
6892
5973
889
5935
6100
1009
1452
775
435
7562
3038
7485
3953
1345
5087
8430
2547
1824
1662
5986
7556
2554
3465
4254
7308
5541
5703
2123
8183
6069
2923
415
505
540
8283
8558
6206
5376
3249
2720
804
6407
8586
4173
5437
2628
2490
5550
8085
6287
63
4282
4395
762
6998
3009
7706
2299
7573
7747
4965
7889
6202
5163
4038
923
5968
340
2843
8078
1092
880
2764
8598
8358
154
4084
5518
622
7436
7296
158
2995
1796
4158
6861
6348
5806
4562
2670
7376
2321
8228
6467
987
2942
116
6468
6515
6903
2899
2568
8263
4825
6320
7651
3740
1187
8753
2261
4646
8343
3949
5756
4736
2701
3439
4804
4989
33
8390
4241
7696
6498
2519
4930
1990
4799
1165
8369
6395
1344
7873
8185
185
3891
7276
1052
1987
2567
134
1777
3760
1656
6916
2204
1019
4566
7835
5615
4219
7157
7263
4197
7482
3173
4190
5124
8481
2181
5815
1707
2493
325
969
1177
4243
4151
4722
1183
3815
6766
6828
4258
4371
5009
8597
25
1612
2539
8563
2434
7838
430
6220
5470
7774
324
7293
3470
1537
5970
8638
2425
8282
8677
1598
3992
3325
3503
6216
7217
1992
8592
4104
5751
1868
3352
4432
6504
7569
7018
4481
5078
5937
5364
1268
1875
5669
4355
7660
8143
844
7201
5769
5405
2371
5626
1762
1817
4851
6164
3756
3330
7622
1022
4126
2150
2442
2473
5024
4405
3551
4140
3553
3109
5449
5361
5922
8568
3296
6854
1293
2915
7174
4187
6326
4584
1136
2906
5151
1461
2972
4092
2335
6065
2362
5643
7192
8099
4667
5930
3478
4102
1351
3348
3989
4116
6649
4572
7047
3309
7387
3960
4552
446
1455
5738
3321
7288
1456
1920
998
7669
2721
5070
662
7166
1998
3349
8089
1778
502
2276
4904
3183
3567
5091
3215
3242
8234
4002
4692
38
7760
4317
7515
321
3968
5975
828
8397
931
2927
5015
5313
3460
2089
2229
1853
5044
2878
3350
898
8557
2166
4866
8178
407
8692
73
5546
8456
6317
4532
2661
8068
5328
4069
5413
3154
7640
6079
2400
4850
2500
7135
2931
6995
4865
1780
1912
7751
297
594
7703
1739
8621
983
2267
8004
3955
7758
515
5074
4148
6319
5902
2453
4367
8789
6863
3535
2982
6125
3923
95
2929
4305
7107
4830
4287
8299
4076
2968
2333
3555
4198
3823
5891
1718
2851
485
8455
1603
2460
8273
3726
3061
1041
7977
5529
8585
4021
4267
6613
2609
8088
2272
2889
2819
2246
737
3593
2635
6771
1763
6431
7231
6989
5094
8024
1941
2497
4535
5530
3176
1095
5301
4731
1185
5656
465
8337
8528
5243
5610
6016
1437
8166
7412
1527
4753
6263
5427
7884
7076
5478
7941
7036
5567
6840
5755
4222
7804
8446
2614
5101
7641
4841
4138
5189
5537
2328
5854
6434
7266
7583
5353
1458
4632
82
719
7929
2991
1886
2591
893
1029
2155
1063
3438
3486
989
6066
4809
6346
7519
2756
3976
3022
6827
5691
7567
5460
8356
2825
1923
1107
1369
187
4368
1645
6344
2768
241
215
3851
467
4272
1505
5295
431
3550
3382
5606
2372
4601
575
2308
8573
680
3428
2211
3305
1181
3716
932
1666
4391
377
7259
8241
6462
7588
1493
2270
6832
3228
2450
2219
1910
2192
7518
6750
5851
2405
2587
4436
5390
4388
4108
5201
3340
440
4416
4970
7254
8010
5747
1039
3547
1422
3234
4404
5134
3310
7481
5622
5542
4253
790
2595
199
451
1298
4486
7816
1977
3499
1336
6490
5001
5665
6707
620
1522
4341
5311
1947
6592
228
6590
3235
137
4581
4141
2257
5336
2096
2772
3518
6137
5698
6412
4417
6532
5369
5799
8604
1847
5468
5534
2327
2892
8578
7716
1732
3168
1238
670
1836
875
1030
4793
1453
2986
6037
7611
6708
3597
2641
1544
3853
7424
1025
8772
7769
6415
6986
2631
267
5913
5340
1862
2913
8706
7380
3142
691
2292
3920
8295
5396
3993
5748
1958
1507
7971
4152
7672
8782
2081
7079
8246
4060
3002
6024
7042
6304
5109
5957
1180
6706
12
5030
4065
6090
6451
8628
8715
714
8684
2919
4143
6301
1775
4919
170
4236
4492
2773
2666
6700
1462
5506
647
3427
4867
1280
8566
1034
5972
5316
2993
2668
1021
8090
7510
5921
6697
5865
5636
1430
6032
2643
5349
5816
4879
5183
5174
536
3655
5040
2977
1002
7986
3658
8209
4819
8449
7479
5053
4559
276
3031
1821
2103
4522
4351
2194
2895
6237
8659
1317
2771
8522
29
589
6509
1125
2633
3921
6844
840
8188
4283
4304
4899
4778
3083
6835
8297
8144
4171
3004
428
7405
2055
177
8056
8733
6035
1770
730
1813
3055
399
6630
2979
3686
7979
2142
4608
4951
2739
6728
8716
270
6943
1066
4506
6388
4268
5235
3722
7603
962
5493
2821
6586
4307
1558
4811
2936
2890
819
125
1191
6767
7714
2241
3132
6666
545
5056
1440
2093
843
8548
4857
6535
1915
7257
8755
1766
1712
384
8286
8293
6165
7278
368
5889
2393
8777
8693
1528
226
3226
1413
8770
5981
5187
4674
8429
432
1733
6669
7315
4988
6765
1486
663
4718
8066
16
6352
1478
8360
3910
2097
4441
7859
518
5565
2222
1225
6376
4014
1901
6111
8289
5687
6593
2129
205
6798
6471
7262
5564
3353
8352
6810
7563
5008
780
100
2712
7003
3663
8027
3202
7644
5036
3563
1933
7762
697
7914
1918
6883
2596
6735
4525
610
6809
5589
693
5113
4977
909
161
1734
8229
6950
7162
4542
3165
8554
820
6276
7094
1064
7025
1687
5407
5575
4999
6123
7053
8180
3752
8763
6208
7963
7634
3682
2415
1299
1176
6527
1207
1341
5677
7226
3524
2221
950
4358
7589
4054
5716
1574
1156
4889
3467
6153
8454
3903
690
1524
2126
3915
6786
6763
7828
3117
2597
1278
3039
438
8786
8262
7342
8034
3114
4837
8012
4963
7600
766
6579
5149
2224
1091
8396
369
2603
6675
6028
1814
6838
3200
3229
1348
7951
4120
6272
2355
5750
7331
829
2734
646
1208
8788
59
7725
8040
5591
123
3217
1037
8032
8609
2275
5485
1392
6014
6739
1279
2482
4703
109
5516
851
2313
229
4789
4565
6652
1744
8266
2517
1227
34
1488
8153
1436
7070
5387
592
1845
8206
2639
6910
6422
2433
370
1646
7431
3838
5419
5421
475
5140
2658
1822
1553
7245
6219
7704
2240
7275
3112
3845
4160
1842
4868
2980
7557
8458
5797
6049
1367
4228
6526
1905
2787
311
6280
2037
6957
6985
7822
3883
2824
641
6668
1629
5548
1689
8535
189
2252
8501
684
1866
261
8096
7477
5392
852
6491
2922
964
694
6522
2395
869
5624
3131
1115
83
5122
7624
7273
4782
6336
5798
3445
7850
2671
8139
3790
2836
271
7693
7710
1172
3295
6657
6489
3124
112
1075
5069
7064
3371
1653
6918
2424
299
7119
6283
6291
1362
6215
3079
6729
2803
4292
6966
2017
488
3125
5739
7072
5188
501
6161
3262
836
6230
7281
6601
5305
3003
4335
7447
6864
5077
4787
4983
3660
54
7404
6209
1056
2735
6198
3346
3771
1346
8486
4471
7407
1879
6871
5596
2945
247
70
3526
4523
7953
5380
3628
6870
4434
6268
4071
2998
1530
645
355
6722
4403
7580
3645
4916
3162
5081
3539
3322
7020
7639
7355
8086
1932
2404
2476
8642
3782
1509
5679
8463
4337
1385
5052
1543
2290
8499
5256
6265
5657
2741
781
3805
3861
8474
8619
8775
7304
7349
7861
3410
5411
7830
7130
7722
6552
7284
1046
3137
1073
7721
7173
1581
7956
927
4377
357
7251
2119
6831
7252
5029
5568
4194
7092
1379
618
2038
5561
660
4192
8292
1470
7462
230
855
4156
7503
824
7034
3528
683
46
2024
4913
7370
3456
37
2740
5170
6270
3468
5308
2087
1582
4055
3045
4118
4922
1895
4958
1480
6548
5522
3857
8383
8378
6358
3493
8313
2669
4029
3365
8223
7089
7743
2330
3069
6704
8053
8022
6398
1169
352
2042
4742
4457
7186
6217
4688
362
4592
6737
4940
7476
6808
8154
8542
4682
6577
319
81
2464
291
2398
6327
5949
1054
7274
816
2856
167
3435
8545
4524
4662
6837
568
5729
5339
4437
6787
4382
3275
459
4921
4685
