871
7235
5390
2714
6254
825
5846
6319
1889
4978
3482
3374
2994
7367
6212
7256
8699
7545
6680
2074
4400
4430
3328
8592
1412
6843
1129
8740
6336
8785
728
5662
2317
3197
6431
8072
2058
4058
5445
1111
7706
1303
6012
6394
2009
4417
2364
2407
6165
294
8621
8090
1154
3956
8331
4650
3667
1499
7262
6788
1366
6702
3895
3075
7111
4537
120
7777
8348
1995
8604
4828
3552
5213
2494
7270
2083
3787
2165
3031
1706
2289
4995
1501
2658
3073
4682
7643
5348
4087
2474
2649
3753
2797
2905
4589
4502
7221
3893
8597
3813
3223
783
2719
5533
7200
1453
2588
5863
1344
6926
626
483
3063
3704
4607
4315
8304
3076
1939
6778
6695
4644
5415
430
523
6927
6824
6274
8088
2120
2941
5612
7559
2281
8334
5587
6300
1906
340
5068
6975
7254
498
475
676
5870
56
460
3654
2534
6999
1775
1377
5330
6327
4552
2691
8342
5436
6502
5125
8719
4209
4095
1509
5877
1362
2868
6050
5015
6547
6705
721
2302
4765
7360
4546
4717
2429
643
8462
7407
1612
2138
6717
2073
2254
3355
8451
6209
1848
3603
3318
4041
1997
1581
4602
5137
5629
8275
7137
2654
2508
765
2118
7409
7435
8134
223
6444
2548
2072
2109
8460
5827
4652
7525
6649
5948
3305
5486
8481
7744
2669
6662
15
7881
4231
7887
3598
6958
8246
445
8174
2986
1689
7935
3948
5192
6586
2256
3068
1316
3296
5695
1644
3167
6030
5369
6995
3020
2438
8155
8770
6799
3829
990
4126
900
45
4797
2359
6646
6880
7542
560
8297
6716
7989
4153
5955
1232
6096
4177
3569
7564
1815
7325
540
919
1822
5639
5132
3511
7222
8040
5261
2614
7101
4104
107
1890
1178
2748
8672
4278
4463
4504
7088
682
2455
3157
3298
5270
5601
8187
2378
7955
5903
3459
4862
2612
926
6067
8385
3543
8614
2264
6835
1348
2684
3108
4008
8415
4718
2694
4837
3806
2948
688
7071
7000
8473
4608
19
6189
4906
2104
5811
8467
1883
6596
8569
262
8549
7589
1910
72
6714
1517
7041
3316
1221
7690
4699
7803
645
4456
4269
2391
5640
4419
4635
285
4127
7007
4638
8486
7177
2094
5583
2413
6311
3276
5737
7496
2095
3458
6485
5196
6652
723
2007
5632
7846
4163
8176
7188
7284
4936
3418
6728
3363
2197
3880
979
5658
4668
1912
5888
3192
7828
6815
4168
2590
8019
7598
3752
8263
5427
6286
6365
4316
4044
1099
4420
2338
520
3935
29
5842
6159
6852
141
2611
3872
4944
2269
6898
7752
1531
3913
3742
6275
1245
7105
136
5893
4461
8585
2160
490
5525
6792
4836
7
3052
8495
2132
7070
6489
5442
1942
3574
5980
6341
7827
7236
3375
66
7115
6947
7804
5823
7015
5813
6922
6854
7272
8335
6869
5538
1580
1669
4046
3928
4258
748
4070
8378
2760
1929
4145
8394
2135
352
5570
3454
2813
7937
3582
1739
7841
4378
3395
3538
8756
6675
6291
8191
5342
5997
4505
49
6043
3861
5169
7636
1582
5405
3384
519
2885
4538
1569
7346
4048
3669
2947
3916
1038
4235
3796
6853
3010
8231
5324
6845
2920
2188
3683
969
6118
3637
532
4165
1865
4935
4478
1067
5093
5773
574
986
1124
2230
8758
2997
6800
484
5627
2869
8713
1100
7536
4067
5578
3012
7285
4707
6036
1534
3886
5775
8468
194
7520
1033
1066
7343
2489
7586
4466
1020
4793
3042
5650
8507
6202
912
2082
8352
3281
4364
8565
1542
7831
3751
8102
502
1042
1570
7965
6956
4348
5686
8069
381
7414
8503
1495
437
3027
242
5984
5546
4405
589
934
3774
3173
5292
5497
2274
6134
802
7918
98
7370
5710
6986
4290
2883
2467
1771
3730
3583
319
6945
1855
3496
5580
8192
341
7301
7791
6548
5689
6909
6477
3875
3789
5046
1204
8290
5322
284
4616
5340
1876
2705
3651
2794
3380
5746
1256
1847
609
3828
2655
6401
3547
6235
6418
8761
5237
2152
411
8208
3036
1656
5524
2621
7210
6751
5359
6577
2500
328
5800
6936
4363
6637
705
7058
256
1599
596
4567
7362
3120
4782
1603
7010
3196
7681
506
1025
3099
8287
2690
552
2634
3596
399
4647
4811
1132
6817
1885
7231
3974
5318
6551
5041
778
3373
5351
1738
2253
1345
2770
6127
5181
7722
4976
8409
8177
4293
3636
2742
1524
7054
980
8374
4279
5095
1034
3181
3918
4895
23
5266
8068
7931
1312
8052
5571
4140
148
7267
4020
5370
3779
7920
1652
4788
187
921
4805
7175
6145
944
7622
3528
8391
7596
3530
5510
6961
5609
3616
8093
1407
6987
6114
8766
8094
2473
2373
8016
8620
4870
3567
2593
8463
891
2702
5544
1271
3274
121
3612
3632
7333
3739
5727
7450
1970
4439
3550
4998
5421
7787
644
2982
6501
6826
7413
3595
1451
6774
7053
738
4488
3877
322
8562
6806
3688
8445
36
4539
4551
3914
8537
4712
8042
150
6017
6924
670
2124
2608
7811
1054
4853
3581
4493
2620
197
433
7265
3348
6584
2330
5076
1286
5696
6833
8371
2706
4593
977
3456
7608
4509
472
5660
3507
2583
1489
1493
3981
6148
8788
2516
6499
1955
7056
8431
2147
6640
1418
1976
7040
3433
3189
7009
8531
8135
4074
2430
6508
5957
4973
1780
807
5061
6389
1572
4574
1930
311
2843
4863
5655
238
5301
8300
7850
6863
5231
3341
7465
4109
2795
530
4916
6734
6464
5148
2895
3013
6621
5899
1693
5012
431
1859
5701
5294
4659
7954
353
8292
5223
819
8056
5115
5626
6585
8170
3087
4172
5771
5993
1112
7461
820
1988
6135
5380
2470
7759
8434
442
196
3909
7341
7547
2792
3697
4495
8366
32
7081
4288
2782
5416
3966
7664
2173
4940
2198
4928
5062
6549
4052
4893
7577
1133
314
1249
6619
8039
5252
324
8061
1333
6457
5476
4997
3960
7852
5517
652
640
7158
8662
7666
8138
792
5336
8111
2180
2103
3145
3045
8306
263
5131
7642
3985
762
435
4657
2476
4670
2730
202
818
6524
7913
7557
8720
3732
5602
7956
4739
5401
413
6871
7797
8258
7971
26
3425
1224
4333
5327
6701
7668
3978
1079
8588
3312
7050
3284
749
2164
7398
8574
3520
7074
5443
8593
5845
6093
4480
4387
8047
4019
615
2636
5677
3558
8048
740
6044
5675
3942
6285
1926
2340
1374
3222
4243
21
1284
6182
6772
6633
478
2042
4486
3114
7726
6257
8384
7416
343
3613
8724
5631
3291
7979
3508
4063
5080
8123
6618
785
8611
4476
7324
5600
2116
6247
2033
4582
2891
5396
1417
2246
2412
3815
4330
2052
4783
8525
6262
2656
1834
292
3994
1520
5516
4554
2123
6370
2266
4548
1755
2733
299
8742
6100
4071
1164
557
5210
3478
2962
4195
2190
6886
3083
7282
4415
7211
5498
8398
2085
822
6829
3864
2914
3131
1636
4396
1740
621
5931
1487
5576
8722
1399
6648
8542
1674
2408
7994
363
7672
7697
8156
6436
1092
5515
5323
8064
3202
3964
1732
6832
3521
7507
5481
321
1122
2823
147
3372
38
535
6037
1187
2228
243
3799
2897
4529
7373
7986
531
7683
3971
405
7704
8438
1594
2390
5141
203
4464
2965
1685
447
3924
2796
3676
3488
6715
6079
2619
8623
6546
8128
3461
2567
382
5878
5836
176
7853
7631
3993
1433
7661
6192
6699
1304
933
6238
1376
5121
7721
8736
5649
1343
1584
213
7083
3080
6026
1248
3962
2039
5809
6249
1715
8225
3754
6846
725
3074
7077
4775
5078
4252
7738
549
449
1946
5284
6350
4913
7024
7191
114
3805
2791
5496
333
8368
1991
6083
8730
8555
8606
2545
7972
5265
7458
6724
8161
384
168
5757
4784
6172
3071
7727
6123
7550
2894
169
6746
1617
4225
7454
7495
8681
2096
2517
1073
2185
1540
2577
5333
955
7161
2790
8219
7447
5550
585
7020
1413
5096
1388
1109
2879
1012
8195
697
61
2420
8733
3235
8492
884
7592
102
1039
2433
4738
1019
7776
6928
3563
5303
2349
325
7063
5189
5334
810
4349
1863
2781
489
6500
4737
5560
2275
2020
5450
6106
3620
8457
8763
2354
1519
4971
5569
143
2151
4832
5767
7492
2969
4227
2406
6770
2840
3123
4511
6450
923
3230
5065
2280
5017
4131
2956
8118
7466
8570
6393
5250
4986
8622
7141
7785
3163
3857
4860
814
750
2592
718
2974
2704
1907
3790
2347
4553
8038
6910
2911
2107
8216
7487
3527
8115
797
2785
5036
4735
6015
2718
3089
5928
6075
3358
7768
179
7347
1356
883
3303
7320
2671
3265
4890
3175
4230
5613
6200
3451
7196
2890
7693
4431
1021
4809
5818
3842
968
7176
689
5820
3103
4212
3741
7330
3
8746
4922
6700
1177
3208
5717
6228
2377
5003
8309
798
2539
6481
1263
2835
5825
915
4246
2298
1742
4453
7560
6753
8288
2325
157
8015
8031
3836
7584
1585
1897
4910
7404
3191
4128
4313
7132
1216
8496
5170
338
4544
4508
5952
1483
2437
8390
144
6016
51
1119
5355
6982
711
5116
468
6033
5958
1513
1516
2245
4189
6809
7116
5307
3740
4632
4698
5759
462
3446
4224
2600
8282
2849
122
6858
1758
466
335
455
3299
6842
3054
1466
5264
4023
1029
1613
3062
4873
2896
6860
6735
2878
8612
8157
3953
1512
4830
6972
2283
3976
6381
5592
6655
1023
8586
5994
4949
1464
7877
1786
1398
8472
5772
8060
5883
7933
2331
2025
7213
1431
4413
1370
6816
3448
6913
2666
3706
5376
4160
2839
5947
6364
5291
6944
8521
5458
7970
1179
2344
6870
7351
3586
4069
1288
6305
2522
329
3066
5780
6624
7742
1323
6949
8197
4240
5714
8556
5853
5972
3961
1828
1933
3293
2462
6
877
4817
354
1711
2803
1028
3878
5713
410
924
2070
2223
6784
7649
6244
1456
3121
2609
556
1480
4841
7257
6307
7875
470
6222
4036
6591
7484
1878
890
6294
4203
5987
206
1113
5113
4681
8274
201
6530
7355
4055
1353
3232
5389
4791
8571
1116
5087
3709
7698
981
5778
5050
5590
6970
1496
6117
949
1864
2613
7585
4536
1620
6448
2836
8104
3863
6893
8602
6469
587
6455
4089
7357
4686
2236
4680
6685
4560
3420
7157
6561
7715
966
2205
4584
2938
5874
6918
4840
3884
3911
3125
211
4029
833
821
154
6128
2445
8767
3396
4371
6143
7069
7741
8551
4025
8778
6492
8443
48
1811
8345
3870
2575
3619
6020
7992
1515
5287
1769
5837
8757
7298
5494
7344
4470
8080
7709
8425
8775
6692
6204
5783
1969
7870
8636
543
3984
8668
844
3050
8235
3678
1839
649
7319
3214
6765
2744
4359
7148
6510
5922
732
4520
3357
5147
2365
6258
3800
3409
2066
3096
7702
771
8427
7818
4562
8130
0
1807
3617
4871
1105
7048
1794
4241
6226
7813
8601
1952
622
1241
414
134
2499
1357
2552
1799
8168
781
4754
7252
7180
4700
3457
5298
5730
5180
3160
4547
6201
6066
11
2353
4201
342
2300
7543
7568
6760
3239
7219
3007
6726
282
1606
2243
3078
8780
7448
4238
272
663
7659
6589
5454
6985
7871
8305
8487
3749
1554
5101
58
7169
7946
8418
1824
1963
8043
8399
2119
5992
5619
3289
2313
4249
2097
633
8635
2814
4993
6400
4857
1745
5674
1895
6181
3718
8738
3003
4434
678
6059
1728
5204
6920
220
3421
777
6224
5786
6461
7583
3673
7380
5945
4276
3224
2080
7740
6146
108
4121
3362
5319
1662
907
7544
224
7814
7055
5959
8105
59
7223
938
1545
7215
555
2101
2663
1083
8677
4994
6952
271
4758
2110
6848
2870
4925
5976
174
1592
755
5084
1550
4575
7839
2260
8082
3760
6375
603
717
1089
8272
3323
7927
291
4883
2456
3134
1621
3648
5937
635
7603
3643
3544
7832
1973
7902
7408
1796
1857
7203
6938
151
4825
3272
1565
1074
3969
1117
7289
8360
2977
940
7181
5960
4353
6196
7537
6504
7489
1285
2496
946
7849
4854
7756
1721
1265
8741
846
8071
5133
4897
4060
5332
7441
4211
1147
5603
592
3644
7868
118
8199
673
2309
6290
2972
5162
2854
7982
6261
7144
759
8122
5545
8248
1427
1919
5872
2959
7475
2196
4421
3571
4885
7796
5815
8533
1004
7038
5999
2434
2729
6996
7905
3523
359
7685
2650
601
816
712
3975
4100
8337
6991
3258
2915
55
6997
4759
6213
8644
4216
2035
5449
5499
5707
849
7171
1292
6206
8781
44
7121
1281
5636
874
1259
6408
6458
1422
5005
669
390
6750
2884
4416
4563
1252
6045
2830
2507
5535
1902
6472
2015
1434
8560
1318
6411
1470
6519
6280
4275
8626
6536
2518
5138
2696
1698
2307
8731
2610
7403
5007
1289
7100
6801
1446
28
93
910
7467
2204
4991
2078
2002
7652
4868
8181
6984
6152
840
935
4880
8329
4545
7226
1055
8759
2311
8784
1474
7432
3628
1923
5940
612
6766
8504
7032
5917
4824
7434
79
227
2776
1127
5611
7167
544
5690
3056
1853
5698
5440
165
6528
6570
657
5513
7655
2105
4839
3641
2385
4196
7630
8095
6399
7419
70
41
5831
1056
7339
7573
5614
7964
764
638
2003
88
1075
5594
1185
3278
2604
4215
7225
5519
4202
5829
5989
5448
4748
3391
6916
2724
7930
4881
2469
2677
5379
8679
8706
1069
4135
313
752
2268
1666
6761
5023
1009
2399
1045
6183
3118
579
2030
5532
2029
7395
1722
2906
230
5966
6429
4540
2402
3987
6776
6372
4325
7242
2963
8262
1484
2550
4336
5808
109
2504
5086
1694
2086
8405
6086
7322
5485
4113
4816
4915
6295
4597
4218
6897
3896
6690
1527
7688
4534
7978
6954
8200
7051
6423
6645
2710
529
4901
6804
1781
2168
7303
1250
8590
283
3713
8573
5554
396
6873
8188
7139
1880
4006
4822
1189
3336
8312
6669
8296
987
8464
6780
6267
2193
6230
8393
7302
2150
5932
78
8671
6608
7338
6215
6361
2602
6297
7451
2295
4829
8152
5182
554
8536
6437
1294
8643
2664
7131
4755
1013
5654
7588
3338
4875
4068
3095
3910
5029
2859
8488
6019
273
6534
373
2675
3415
2841
4624
5466
7590
1415
7391
6316
906
3150
132
8700
4946
4092
4630
8515
8083
1497
522
4800
7710
528
1760
3254
3681
5320
8341
3610
3943
4452
3902
2454
691
5670
6129
2842
3821
6758
8518
6264
3402
6301
376
3098
7701
3014
4032
4265
4960
2301
7812
2090
595
303
3432
7411
1445
2099
1676
2699
5040
3965
6292
3687
675
8238
2209
8232
3568
1024
1319
1514
1810
3756
4003
7844
2646
6161
8012
7127
2558
1829
1046
6678
2277
4334
4018
6963
4102
4149
5242
7307
7345
3327
7527
8493
487
280
3876
8498
2211
3707
903
8120
2220
8524
4379
2276
4789
4948
8698
939
7833
1274
3844
214
1214
7143
7287
432
2154
1831
3767
4865
1968
2899
2226
6773
4013
586
7402
3605
5155
7801
3522
7582
791
2999
8211
3041
8639
7436
8631
7895
3626
4954
4257
1556
2314
7519
5918
5926
6733
5295
6299
2013
104
7359
6575
6775
5642
302
6467
3883
1753
1472
5444
2678
1608
4622
4423
6718
8548
1071
1253
5288
4311
8339
563
8325
2626
2191
4460
8581
1175
8509
4141
2923
1871
1437
495
1068
1532
4580
2321
7453
6616
2451
3677
5414
1547
3548
5953
8714
1816
1346
6405
8142
8389
5256
8508
6233
2389
3785
175
1479
1937
421
5235
1143
7314
6126
6593
3792
3668
5290
6337
2687
6992
8119
787
746
2410
2067
6064
5211
2811
6620
4930
3811
5339
1986
5010
3369
8599
5214
7962
6993
1637
2670
1856
4377
7878
2833
5471
5633
6939
6790
6422
6803
7035
5345
18
8183
1432
6812
5828
6862
5889
195
2571
68
1701
7198
6979
1087
5073
5386
8198
4171
326
7329
2988
1776
4096
428
3556
31
3321
5981
4050
7245
2149
2902
6878
677
3212
1866
6340
3153
277
2531
3825
1108
7747
7890
4814
1967
1351
739
1707
3030
8572
2157
7898
5913
6218
5013
4785
1257
2186
4794
6087
236
5595
6491
6360
2232
5793
6568
536
4385
115
7377
7286
3889
5777
1667
3882
667
6744
2161
5744
6194
6757
3675
2010
8557
7421
3439
6597
6239
3339
37
3770
5437
7720
869
2953
453
2662
3226
6526
3453
847
7073
837
8004
2821
7826
5858
4896
7372
7060
6139
4776
5286
218
3809
5255
5742
4361
2258
1858
4515
7680
5475
2303
1767
8461
1229
4097
731
7616
2488
7248
5175
656
3132
2237
2952
7412
4045
1522
5244
5240
5962
4300
1797
3686
7151
5908
610
1978
46
1465
2661
6929
3404
3294
4516
2950
142
7348
3322
2992
3164
7940
625
832
2743
5468
80
7587
452
8367
1535
6102
481
4292
2293
6170
7629
7650
1475
3926
7405
4808
3465
2231
5938
2826
5161
1473
6537
974
1577
8711
3346
1060
8322
3912
3921
1162
5277
4394
3804
6571
287
378
5483
1962
2112
943
7297
634
984
1
7485
7393
6053
3977
231
4049
8426
2121
8049
5919
5081
7207
5862
7230
1709
171
4859
3262
3193
2618
4323
8381
3642
2667
7497
6665
7753
7112
2554
8676
1867
2381
8583
5728
5143
5271
288
7526
7633
4568
3593
7923
7110
5798
6160
7792
8065
1649
8204
8499
758
4541
8629
1251
3290
3282
327
1575
5447
2247
3288
754
7064
5474
4386
2444
6943
2528
4220
446
2591
8686
5282
4111
875
113
6404
4162
8609
6427
2306
7735
6385
7859
4038
8206
2628
2195
2409
6488
630
8194
4259
4137
786
7133
4425
7985
3304
5852
7019
5683
928
8313
8087
94
2436
4139
364
2049
4917
6432
1382
4592
6068
3765
2172
3005
6783
5274
8147
5978
1321
1393
7531
6823
4578
5253
1996
6353
5799
7386
461
2648
6617
7027
267
3352
4977
5146
4907
6721
2368
8250
7676
8013
2757
5451
8748
8632
6040
914
5097
7593
3602
4299
6032
2990
8411
2411
2772
2964
7780
8055
1638
4588
6169
3734
3314
8227
2057
3379
7546
6971
6840
5898
7963
6132
6572
7014
3429
4125
2506
1894
1940
5991
5558
1297
5075
4856
222
286
4328
1491
2089
2578
6197
3735
7241
1869
3033
7864
7856
6447
1301
3746
8777
2629
1954
380
6089
8289
3979
1798
5678
8281
4291
6493
575
5399
1063
3466
1766
8063
5596
5688
7749
2192
1202
951
2989
3594
3407
117
930
7486
2573
8260
8079
8379
6054
4178
4974
6076
8787
1492
1007
4170
5897
2114
7378
2487
6347
3285
5150
7013
8466
3691
1989
3468
7552
1017
4614
3932
6252
8458
7513
406
7904
4152
1507
2263
5607
4481
1921
3001
7102
4528
4532
3385
5269
8735
1011
1195
8449
2257
7212
5236
5797
5552
7712
1460
4248
4921
7516
779
8646
245
1085
2831
7201
5723
5310
5762
2804
7993
3213
5000
2647
3101
8024
2478
7442
3639
5835
1537
3142
7614
355
34
3342
3381
4001
2461
1367
1035
7943
2898
508
6081
6899
5375
6622
7872
3275
7762
5289
2976
3034
4175
1170
7114
6156
1977
4888
5706
7396
7278
2332
6749
6140
89
8311
2043
5457
4795
8151
6883
7632
881
4550
360
2676
3988
4761
4491
308
2819
6768
8424
6811
7944
3945
853
707
6115
2928
2128
1404
5354
5373
6179
2449
5047
4965
3503
5969
6397
3933
1538
5542
6906
7106
1928
4579
4813
6205
8150
2374
604
270
5764
4002
497
4869
456
2596
4489
3140
1395
6604
2756
8678
4692
5523
2008
7021
1759
812
4441
362
8392
1984
5540
2130
808
8545
1690
2871
863
95
1387
1800
106
3137
4958
7717
7512
8112
2892
7440
605
4643
6255
7399
4429
4411
2798
5428
5709
7446
8459
2206
1394
5312
4372
2784
982
1530
2752
4192
4673
7707
2809
2630
7739
1428
7983
6103
8483
7896
7433
4601
4322
1461
8091
3579
159
3112
5644
2660
7321
5275
7713
7567
7340
1803
4667
2861
1239
6960
7002
5477
5748
3623
3658
1015
727
249
2372
2700
2076
5621
7854
1544
893
1914
3818
8133
105
6168
7331
6513
3635
8154
5129
6403
6674
3638
3028
7437
7130
6933
3244
5975
5740
1149
2440
695
2503
4510
8387
5736
5246
216
2888
3148
4517
4358
4180
7515
5553
5199
1654
1349
6251
6796
6786
983
8661
5035
3674
4826
8577
7755
8228
4519
1410
686
8283
5843
6060
3968
606
3694
2944
5119
1744
2537
99
4186
7462
4391
876
3891
6872
742
2932
1703
1879
7165
7646
5487
889
4697
6794
1468
6654
4777
4969
4523
3382
4938
8377
3980
931
6379
4021
887
3040
7306
4028
3356
7969
2806
2084
1506
3515
878
1558
3242
2565
7309
5802
7296
3469
7736
2041
1602
512
3250
2526
351
6590
1678
3824
4929
5463
3780
3554
4902
8035
4317
2011
6810
4214
8020
3657
1255
2560
7311
4357
4399
5434
5659
3207
4338
1148
8081
6310
1391
1217
5830
558
8295
5349
1982
8269
7977
1032
1266
457
6605
5616
3229
8113
8416
3386
8610
5531
8475
3021
6610
3597
7665
7350
1838
4747
6837
4689
1354
8255
6124
6965
6071
8207
4213
2955
5996
864
6227
5501
7349
7939
1735
6263
8587
517
7186
2379
6656
7941
3714
74
289
5341
6828
3764
8663
7767
6369
2876
339
4815
1772
7478
6308
5973
5618
6190
2098
8567
248
8667
4672
2329
1818
3024
1010
7017
8136
5749
3510
7498
2222
2519
2980
3438
6727
954
2203
6838
3064
43
3901
7628
6281
5164
1503
8598
8651
5417
3264
4398
7857
7085
4989
3695
4570
1961
2034
8529
1726
4444
4395
8315
5299
3726
7097
7657
694
562
6609
7778
901
8314
852
8514
438
6428
8029
4535
2397
4866
3475
3287
3088
1290
3990
8301
5279
13
6188
1254
1081
564
7899
4603
190
2954
1052
5964
3738
3833
509
5765
3652
3107
6550
5776
7724
7473
6099
2771
988
1892
534
1835
7699
7824
5941
3184
2031
4483
3959
2212
1365
8607
6011
5559
5296
3406
97
3781
7599
4277
1155
4223
8185
6223
210
700
5838
240
2547
7006
6720
2581
4894
5647
6748
2882
8550
7914
967
496
5679
6014
4678
8041
6065
5281
6825
2202
7247
