141
31
237
118
109
315
182
111
176
93
51
219
166
379
287
351
257
115
202
211
101
312
288
14
188
250
346
25
344
168
309
123
318
94
57
84
322
311
7
59
9
229
75
150
69
387
348
284
145
58
204
146
368
11
216
130
286
105
38
389
222
266
179
367
299
90
155
194
76
98
79
162
132
340
208
247
178
192
104
173
157
256
60
18
72
189
27
127
317
13
270
230
170
43
363
350
371
217
34
343
82
333
99
372
253
190
335
364
3
139
320
357
148
398
42
117
70
181
48
281
225
174
393
37
183
138
241
121
319
235
345
36
374
45
274
236
199
242
73
39
352
50
290
131
244
120
238
26
67
239
197
227
154
20
203
330
240
292
385
129
218
206
261
221
53
161
196
29
396
77
24
298
223
107
142
10
381
112
171
342
369
377
314
116
278
205
140
63
158
110
361
215
95
46
