12
308
24
385
326
229
40
293
160
22
306
34
301
263
116
164
304
333
256
224
130
202
156
55
257
128
277
110
206
114
235
228
8
139
218
68
275
250
265
278
147
181
167
162
352
112
343
371
15
236
129
390
63
140
217
350
341
391
72
52
179
210
365
358
366
117
95
196
101
28
311
121
317
296
191
27
339
170
397
71
74
337
9
75
388
203
201
157
46
300
35
69
328
353
294
145
282
251
88
364
214
227
233
151
370
354
61
363
137
321
312
49
150
87
26
269
347
249
132
313
89
91
299
17
255
378
119
377
188
342
241
102
240
10
149
30
243
338
123
186
357
246
67
182
273
107
384
154
44
92
142
33
138
86
335
53
174
207
64
226
362
276
199
284
292
166
344
146
4
23
57
232
80
349
279
36
361
355
290
16
11
3
172
122
205
93
238
189
204
148
368
175
173
220
