355
11
239
277
124
276
392
371
96
395
1
17
31
382
209
106
38
164
383
61
369
269
256
206
176
169
244
366
180
241
264
30
339
214
245
105
159
391
238
204
317
14
218
28
210
231
332
111
265
390
298
291
325
310
380
128
296
3
140
21
185
181
358
22
324
71
221
329
194
205
364
69
44
295
146
134
207
184
166
237
333
319
254
73
16
292
161
95
49
172
189
299
220
84
336
286
160
76
211
381
200
193
327
151
338
147
195
27
308
309
177
117
323
173
208
112
283
235
378
249
92
370
136
250
80
352
64
127
320
255
198
232
68
294
227
279
197
67
72
142
113
37
351
45
118
2
144
143
115
59
129
347
252
290
119
247
379
394
149
18
274
343
87
170
155
168
130
289
141
108
375
93
58
270
157
188
52
281
19
56
199
300
354
224
398
89
60
8
110
259
373
372
273
62
