342
99
84
95
350
28
58
369
132
259
137
398
150
110
198
37
329
266
371
14
133
240
284
234
230
66
146
191
65
121
105
54
351
22
239
221
18
129
153
85
215
326
23
307
232
177
126
223
59
269
324
347
1
253
380
103
32
19
260
294
383
140
300
78
176
361
201
189
27
387
167
184
332
354
222
203
122
308
258
107
104
310
11
393
281
362
257
0
277
171
337
161
218
375
299
29
6
293
166
73
313
195
97
359
273
207
262
334
51
115
292
309
61
368
288
139
365
328
263
41
316
182
290
330
40
168
349
134
154
317
39
90
164
91
391
135
242
120
113
24
305
79
125
331
56
356
12
72
297
321
364
392
46
373
261
162
186
340
69
226
283
304
241
251
233
192
151
30
179
94
370
131
314
336
20
8
333
106
352
82
83
55
183
386
159
219
199
60
355
285
136
197
156
4
