35456
22491
29446
22698
23511
9106
34211
14124
13934
6633
23366
25608
31558
17979
28260
36527
8642
38820
6414
4947
13045
21140
3631
10204
30563
26817
16512
19389
36199
6275
14065
7543
13248
34234
17338
26630
32002
19328
32151
6809
3629
38965
5487
12644
23210
20851
11243
33864
2985
25488
30287
34120
6945
19673
22841
16811
24664
787
17620
38108
24826
881
17776
4036
36478
38823
13145
19866
20538
33746
8701
27234
25834
9021
37799
35752
25669
38131
33321
31018
9851
4197
18323
31484
28948
24445
5905
5441
23172
13005
24460
32711
25421
25465
7645
20225
7799
9951
33490
4202
33970
38009
33087
18328
35700
19342
37033
14231
30973
5379
4656
2663
29213
2008
381
38418
7635
39029
155
4776
20959
31839
23296
35184
6085
28685
25151
20479
16054
36468
22095
28244
17107
5710
16493
16435
29667
38781
18536
10585
19184
26686
15919
2930
25132
21744
2324
16634
11371
34275
31306
32666
10210
12839
21728
18413
37375
3715
36222
21572
22315
13722
36549
4601
34605
22756
14598
31795
23383
25800
5255
30987
32397
19951
19186
23009
1488
30536
4801
30701
27728
20131
23234
18289
30256
11176
31033
26289
38352
28878
16169
29440
27981
12989
8772
25083
4088
31941
38434
25474
25972
27455
3894
13695
11577
21378
4841
27177
21568
5007
2745
3815
19420
24978
11944
16071
7613
22042
4000
37239
19826
1992
39064
2732
3650
33487
9000
35506
31309
4676
37096
11427
1270
20588
27967
211
22054
7415
2397
38974
30204
15626
2511
20902
13831
3849
26572
2368
21968
22232
12092
26346
11082
5456
10123
10226
21893
9715
14512
4360
34620
29509
33000
31722
4140
29418
8378
30150
37816
21297
2170
10047
1532
16631
33364
30783
10262
24808
20642
37362
11586
30248
36621
7540
18033
28882
14059
21999
28376
5921
32297
35846
32480
729
14593
10333
34846
34426
13895
23362
7242
16037
25430
38159
16106
20874
29785
30624
967
19124
36409
37612
14716
6738
38841
15189
31488
27288
38972
13731
6578
37874
8723
5073
22603
17091
28960
18942
36589
12208
11356
28037
5635
25435
27650
18972
35072
12953
30149
37855
11355
26732
24070
19971
23846
8256
36655
35569
2895
11164
9786
31905
35845
36834
23613
3243
20475
1849
16043
11446
15182
35084
22353
18004
5137
10854
25142
27166
33932
20585
24578
21798
34007
38448
14644
32971
1966
25074
37169
20049
14146
10723
13714
35584
36223
13457
30830
35411
35171
3373
9530
8541
14478
11323
27187
2872
192
25311
19235
33021
27480
417
36035
7299
36280
4240
23656
20859
32083
15336
18427
32703
28516
30861
1184
10082
26092
11671
20302
23392
36586
819
384
9836
17803
27549
6744
10138
5440
19591
13453
33804
10095
17774
19428
6600
17925
28262
30899
5817
8569
29958
15783
33309
2700
19957
14321
18947
6356
30161
30426
12960
32903
6513
5459
10349
32302
14336
1604
1220
1872
36013
559
36630
17814
657
37737
15044
20399
8827
18953
34726
9632
19040
13103
22489
6364
2358
29146
3860
31000
3748
6365
10467
9182
22163
36889
30182
31228
35324
12532
9450
3899
5419
1622
6892
13956
33583
602
25473
26399
18821
21712
13464
32683
8289
24077
29965
35856
22513
26766
38268
33947
36665
6008
37985
19507
30013
28486
8259
13353
9848
2955
8524
30559
38731
11525
11298
6996
22148
19137
28347
20574
38074
24753
5008
13626
13639
22043
30891
3006
33590
27526
27204
31694
7491
10427
5694
2506
16726
13215
13454
26808
4537
16446
8260
4028
33827
19689
31828
17873
31945
24711
23630
30112
14319
36650
28469
9962
2796
23665
3998
32385
2108
23309
20335
11043
11599
33389
7949
36200
18396
33312
26097
12683
38012
13232
16345
6427
20017
27437
13555
16975
29376
5100
755
32701
2795
4703
12103
14292
11584
33420
7282
34520
12304
7604
7101
20060
32225
28251
30733
23300
17252
24342
22058
17713
29721
38309
33173
22134
15241
32684
37340
33781
29045
32791
19125
33343
32792
21054
23278
35110
36509
34381
23408
31751
28540
22847
25725
25384
7025
11124
31809
25343
8473
30381
32405
12773
30944
21576
33246
36445
22036
26771
3121
33723
7336
27326
19715
37249
27629
33859
33632
33609
12072
27039
20946
9167
1564
2622
6503
22897
11442
7752
15990
30712
9346
12731
22029
6070
28363
37317
18333
14052
35823
580
13359
17160
29981
5824
20657
8707
37708
10996
15183
34067
11305
37131
18693
34692
36831
33634
11439
15255
31871
35801
7100
15969
30833
6728
2990
20503
3985
6125
25348
7718
676
8382
2364
26233
33984
7189
29056
13584
10205
26849
34699
22180
14913
17365
36664
31655
21252
22565
35630
32121
21215
17089
32654
563
8369
20762
20458
33036
897
31466
27167
20314
26986
3861
13303
31592
12095
28057
30552
9807
24701
1719
19806
24518
7956
15703
32893
13897
3800
22919
4882
8345
27807
21367
36479
33339
38895
23320
30037
31438
20514
6801
5821
6330
8698
26642
5525
32138
30278
38335
13609
12753
191
24727
6534
7137
20044
38878
38607
22551
1461
15466
1112
9040
4369
8665
15617
19526
38341
11277
2737
4608
12118
14792
20069
30932
5828
10546
20779
29920
11465
9952
31157
26190
29714
7875
5626
19149
26544
4249
21583
30774
32555
21276
25613
16521
34151
20928
38113
2684
3641
36788
22894
17039
2483
18184
33679
23467
14833
32241
37745
36024
25692
24164
18382
32664
6337
26292
21886
9801
20892
31151
16296
33925
179
29938
13035
35376
31181
33276
17927
38265
162
37750
34382
19633
7068
5669
33975
34380
14628
21184
21357
25304
35233
26562
32991
21494
24894
20822
16305
32646
4847
7054
23524
17372
26185
13487
4491
5577
32981
15480
25758
28527
38285
24245
24422
17001
1946
23365
15549
7338
21768
24377
23345
17743
522
20604
23331
5629
35666
6334
20408
20577
34277
25292
33026
36913
32642
33050
11460
39040
25510
30163
10632
30846
13785
8939
32915
17263
2554
32565
20840
38323
16418
11520
1311
32333
12765
19899
17817
17622
14659
3381
5682
27125
33823
9030
20210
37697
26536
18149
32003
15576
9666
7346
9433
2051
3802
2323
33614
32036
28100
33561
28255
34715
19261
26072
10064
10751
33550
2698
19134
35649
33494
35288
19663
24695
37214
38629
15020
20818
19636
36040
2050
26768
38384
24388
5999
35192
1658
16670
38827
16379
17025
24086
24354
15059
35515
31046
13495
24757
3065
21352
17955
5374
26277
16396
34961
15733
14105
31814
18364
14962
8529
35048
20826
899
21154
34785
6405
33088
9982
20661
9395
29041
28763
19887
37848
18662
987
17023
870
11709
24716
10255
36607
30526
26997
24115
13521
18655
27196
6353
23306
23771
21419
24266
20391
33834
6247
13162
33541
36261
33515
3833
22147
29095
4248
4996
1877
37653
17318
21242
19665
25070
33467
31923
23411
3229
21866
29068
964
26314
13110
5171
21672
21414
698
28690
18544
23676
20110
23275
29461
23605
3063
5042
36347
3959
26452
5353
5175
1653
19821
23280
20455
17686
37639
12399
22086
25551
15858
38032
3561
26003
20697
37617
8077
33280
23596
7298
17063
34694
4328
15951
6905
15965
22203
17169
38385
32247
37289
16974
13662
26375
20373
7481
28800
14522
8588
30767
38529
9289
19818
36307
15323
23380
16841
33950
6774
22018
36790
7643
579
4444
37121
38742
78
25093
32467
18587
2041
25687
23440
24406
15443
4087
8741
8162
32526
15123
32301
32588
9633
33127
4397
24748
19856
20388
23856
16660
36618
12012
26602
10821
28321
11315
3314
24501
38171
6974
25818
12622
4531
19597
29857
32983
38089
3925
11892
30176
30797
34006
24103
2321
24491
19674
6262
3023
12115
1222
36415
27060
34074
38443
23603
23623
33047
25387
10686
14379
2825
31317
6221
5931
11663
35035
16279
38589
35861
33591
31500
14730
10993
2574
22189
1485
24334
34973
23892
32096
21024
19843
12672
1251
34691
8028
25714
28904
36216
1173
38649
14603
33180
2877
35116
2207
11923
32407
23290
33906
20901
20004
26214
12437
22804
302
33923
9474
20979
36952
2792
38500
14656
31872
710
25068
842
3992
2451
8790
24185
9111
22493
18315
2348
33642
26558
24371
12314
7868
36482
11632
10098
4386
37168
20412
22654
25632
36400
2363
14
13381
5819
36053
12543
18944
33155
12393
9124
21259
22864
33821
17645
9202
38789
39035
11917
35537
8278
26065
10508
5782
25578
18079
10837
17173
17660
31764
3270
22480
20624
16285
38242
18496
34185
17666
24248
33986
17262
20100
23013
3842
33573
19571
25886
17542
17044
33473
17684
24810
4350
10783
3773
30778
36510
30515
37074
9002
15844
35335
24381
32329
10113
28817
2866
2227
18175
4477
22152
21239
24043
39067
19265
27869
22405
9761
4684
18744
27245
31267
11456
29550
20010
14013
35129
17129
13020
7500
17539
9168
18831
3156
38003
6069
13322
18473
13614
22950
31398
23653
20675
28812
32164
3630
31170
12568
32390
13818
66
6063
15565
38779
37278
34241
10771
6519
20766
30639
11165
25829
26837
1825
35657
30286
26931
32740
6940
7162
33228
6834
38059
11906
23342
12154
19303
27965
21171
10816
14877
19043
17249
35209
16601
19691
15588
1331
1637
5139
848
28522
10867
32013
15797
20718
16024
2026
15674
7135
35385
12054
35092
16428
5153
32261
1075
6780
19785
35008
3884
17658
34081
36643
7121
19664
20420
4392
34723
20700
27258
799
27051
6886
260
210
3416
34388
19745
36837
38140
18823
33920
2854
8429
20096
9339
2219
33737
26976
2340
11686
16097
32717
9904
23821
24852
16693
23287
19305
2509
16778
36135
34591
17892
21786
12758
32133
35681
23283
3477
7671
34433
3340
35314
32113
30613
1170
12948
10005
2518
13243
11206
2905
9300
4773
16475
35143
19188
21599
30710
15226
37222
11921
23046
1374
1744
29567
10697
23741
36978
8413
28940
20682
7256
28249
18165
29161
12915
23486
29936
13067
4100
10555
30113
3728
37010
24242
10200
393
2052
21055
32808
16240
18189
16844
23994
15484
1839
14499
10777
12538
38688
36082
30020
15462
33497
7657
12465
31331
9669
33268
2220
8066
38466
39111
2291
32294
1651
20980
11354
14846
17811
102
20942
17964
8987
10371
36519
23487
37244
3654
20612
24359
11777
27297
33869
19217
8875
26235
4761
33202
15460
12159
35142
26929
5138
31942
8835
24911
21120
30647
12863
20370
27732
18406
8049
12135
21436
14639
10243
24605
24158
2356
26433
18094
21589
26441
26569
22390
8889
4743
33514
21195
9156
18343
24564
19742
11738
12284
21225
6797
19654
27452
28059
5243
7145
37849
31015
18303
22914
4807
32487
16802
37175
24343
30339
37899
31125
21577
37788
1005
543
15612
5425
34677
27686
14771
22781
26102
16826
12596
35298
9978
32769
30292
17066
18576
33284
5367
32290
24929
273
36667
22975
22978
11304
22461
182
16282
8408
9001
11410
22253
32434
9706
28115
37320
19805
20966
8051
12179
30959
31402
13304
37463
10070
19728
30709
17198
27151
23261
24367
11328
30754
6531
31840
33875
31200
11222
4164
214
14643
17019
25869
13527
34143
13070
11464
31878
2581
7331
14468
17555
30855
26506
10501
38691
32291
11529
9215
20947
856
15161
11054
30845
2136
5846
137
38714
26554
6430
25807
111
34367
20823
7526
34192
28872
7630
13652
9277
2913
17101
7433
1648
28959
5199
16112
29733
11204
2419
30975
16653
15205
36131
15263
15931
19977
16132
11413
29766
164
38346
6026
21503
34942
18813
7905
31690
24314
14930
15378
1032
32955
9343
34943
23738
8288
16313
8854
25045
37344
29207
8424
10866
23590
1997
13606
3094
13004
26165
35580
19836
29654
32954
11050
21520
14549
31076
34071
13135
29439
24030
37176
16623
7646
37367
30178
33918
37069
20595
33325
34147
1923
1257
9236
37037
12947
27075
33346
13282
1525
26248
11803
22877
37059
36561
33524
11352
10185
27905
17870
10927
31605
6692
37390
33909
12848
20547
7834
33929
38063
517
35081
34099
27935
18739
17721
17488
31551
15492
22979
20478
16978
13802
1575
10304
25158
20381
5546
10752
12589
1598
33208
38117
31037
32403
32807
18985
15363
18202
37470
38757
13988
25211
10242
26357
23442
9125
20914
25952
33814
38683
4344
10609
19019
26564
33832
18659
4145
11048
6702
1138
12147
31632
18962
6972
16269
20794
5347
14604
8967
25084
12286
28803
34998
20275
33256
519
1210
29151
25133
13105
25836
24368
4968
38077
6695
24424
16193
8947
36770
12759
1812
16600
30807
36095
25956
25283
29720
25689
24008
27888
19535
34983
35253
25763
33566
1829
27803
9190
22031
37548
6849
35565
23561
26164
30199
19340
12768
23195
37822
12636
36871
35800
23834
14871
15144
38605
15775
37225
33163
8626
3356
34760
21569
9957
4865
30531
2117
21830
8154
23999
35080
4233
29843
7326
20286
10385
7757
13003
28721
15596
33017
24436
18604
34288
27418
26459
8397
16733
17504
20166
38777
7482
24039
35155
31530
25079
32505
395
35827
31190
16083
23698
3843
18145
4672
29182
36436
4827
19459
24887
4854
24113
2067
34835
24900
36540
27665
5835
31142
25018
30908
33265
1772
31192
36459
20456
11299
1064
11291
1115
19876
18347
23354
20883
35704
29745
9365
30227
14770
21094
22220
20167
32205
20
19870
13625
18867
33379
8876
11765
25742
7603
34227
16548
16098
32009
1514
13221
35993
707
19332
35088
23122
39091
7877
35842
535
10846
23390
3189
1976
36324
9967
37229
9473
8573
3971
28911
23944
23923
38181
24476
9070
7498
4607
25033
12594
1958
26019
35705
16324
28575
6909
3766
34440
4517
9491
32339
37789
28514
7198
6294
34224
20751
177
17092
39016
27279
9887
30456
20926
5735
17032
13324
16091
29557
31749
18796
11379
29715
24987
32621
38333
16349
15138
14299
36620
27899
23551
23203
1733
38985
5123
23528
15203
27318
32015
10404
10992
33665
37782
5812
771
7078
23762
18672
14610
36989
30371
3185
15878
15358
27519
15569
11280
16473
31604
21743
3618
7289
34996
20613
24862
7104
36343
26693
2457
38654
2098
17356
18611
691
20345
6791
18529
32908
2813
25723
14187
2958
3115
21730
1938
20841
1057
24770
35555
34718
9121
903
34899
10084
25245
4978
7764
25063
9626
22544
1549
18787
25231
32659
30400
27968
34552
10074
20034
27878
38677
21361
908
12949
32179
37973
11358
13736
23757
24256
1932
15198
11764
1100
21278
38524
38363
28677
37797
29301
7664
36997
37208
5265
15281
12412
22145
8662
27174
23041
19176
735
31473
19168
2634
26068
31681
7494
15874
25305
5965
16330
5106
29404
35045
26476
18290
37638
38960
29621
11608
8440
13226
17900
7316
18239
32939
9902
28184
2122
38798
2251
20689
33948
6585
7960
3939
20965
3911
27191
20311
21047
10336
15621
12124
27838
11647
32785
12453
37723
2423
25476
37820
34129
32193
5857
10041
20992
31727
13582
14402
34844
29910
22767
17524
29503
26687
22191
30297
16468
7085
12909
17918
24974
5173
4782
4469
30676
697
33438
6698
1742
3546
36329
24913
13051
185
22127
33784
26955
22121
2805
3432
36614
19174
4584
36529
11601
24261
3763
8842
9977
27505
15660
24112
20045
19026
9580
28856
7075
16511
13705
35717
4070
11411
20253
19676
35632
16633
28538
28524
33186
35266
9143
36597
13503
29637
19256
26904
18420
9772
20804
16922
19772
11019
23216
27263
2257
38780
21432
4106
7015
38995
28941
11736
35935
3363
20037
14763
36483
20013
16227
33027
31106
32847
2105
29675
6185
27551
9546
37554
31478
24322
16507
12641
25981
21642
11988
21725
14570
30893
32111
25052
14110
10640
9353
11462
8924
38156
8547
24405
11980
3341
5242
10160
4925
26580
35327
4134
33596
18023
11386
27274
11935
17865
23932
38990
4316
840
16769
12524
9318
33387
23788
34101
4182
22304
35622
29957
24845
36108
26157
8419
35758
15860
10554
21011
37290
29505
8869
3533
12772
32098
31790
26706
1006
37546
1979
5834
38693
22702
13223
35875
151
33269
23934
19512
17655
27068
37450
34905
20290
18838
28707
29227
22944
16199
13349
38276
33844
30620
38803
9139
26829
25888
37850
7935
16591
27542
12967
35007
32255
33567
14233
14650
32355
26866
30253
12024
15592
2547
31636
15299
10422
7504
18834
560
5631
9542
12306
26757
7434
30291
6375
16029
20430
12971
29349
33939
12156
27766
21611
13220
32197
37056
3495
14921
9625
10856
2605
15190
2972
12811
25314
2150
10532
18688
38830
5996
20364
7188
6408
27853
28308
1980
19154
2163
14044
10354
13157
39017
32862
29788
35497
20646
21651
38366
25866
20658
32966
37118
25663
14064
3914
31753
8937
19909
37114
26280
22131
13424
24930
31575
6166
31241
37044
38490
27924
9198
38694
16914
11100
14448
31890
34460
11263
36494
34911
33298
30556
2971
23560
27450
5421
26101
28859
8439
8619
23701
5030
33072
31822
26675
8874
1830
18057
17924
20316
8753
31424
37361
28311
37591
411
4016
22541
2851
34060
178
16142
17629
33305
11965
30446
23217
4587
34398
21658
425
17084
4165
14974
25737
27823
1204
33241
607
19923
34181
30825
20080
36750
24179
29578
32821
4953
25721
37022
35683
25670
18384
25128
29940
953
29864
8503
11430
15820
15839
30207
32221
11169
11200
35688
31117
28221
9636
9208
14111
2103
10861
33780
15818
13279
5533
23617
22458
17948
18800
30303
9876
36814
8312
37969
37832
12340
21671
28991
18860
1027
37967
5122
16360
3809
33424
5027
28389
28770
31153
1325
33655
25640
36859
32964
28683
1357
5518
18577
8090
14450
12013
20803
583
23158
15749
23540
12957
22532
28172
23979
18263
30448
13312
33385
16884
9777
29998
3224
37803
6484
31455
29158
9831
3445
18872
6295
20242
18322
27365
25817
7793
3040
8938
13426
18463
13438
35633
34252
2555
15406
11985
6837
10401
23822
30056
26099
8673
37778
34916
6685
2750
27595
33313
11866
17331
19088
11718
9683
7970
24455
17656
4638
13050
26049
35904
20982
26936
2485
141
5738
32184
23170
30397
39080
13636
6669
26198
30803
9745
33505
19485
8567
24425
22597
1834
24108
25789
24443
5115
34195
9932
23662
34698
28659
38642
5470
13842
813
25928
36178
27059
21528
32928
9219
7997
15464
38964
29030
32061
7480
14123
36533
21302
13985
23746
10655
19198
7227
28987
21111
38494
9129
22631
34171
28644
10133
18750
30760
21023
34316
27352
26668
22332
8901
23843
6875
18649
20640
37227
16846
30407
12501
32520
20904
20592
725
18436
6208
2862
35708
3130
8095
19143
16596
22647
37716
36388
27327
1302
37259
2082
10014
20244
9926
36709
10297
12619
30587
23382
17784
28884
31115
17095
34424
1826
4356
3829
34922
22968
18606
10399
34949
23447
16730
34157
38632
12664
16907
31616
14060
12419
37272
25504
32782
1349
14353
34179
13915
17605
31335
21708
35079
24358
5627
10744
13929
4212
27313
36741
1756
18850
38774
34904
25799
30848
18170
18222
37373
17863
36185
3244
16887
22214
16354
6164
10119
5229
31040
18703
24836
20988
12080
207
6260
12616
9469
3107
23363
4771
5129
29504
9435
9436
19494
27870
15343
16413
36304
27376
8070
34919
39114
34855
10542
15092
7290
31108
16187
25127
29111
28344
6786
9048
34311
6018
18565
7122
14538
11196
27938
32087
31518
24940
32471
2338
30976
8097
10488
32417
25777
219
24581
19398
8616
26299
14977
24755
12189
17526
20447
34068
17500
34351
22445
14399
14160
38204
22515
10964
28512
30129
24671
24166
21067
27941
24737
10918
25146
3810
38495
38441
38381
26422
22314
343
23684
38679
34207
17157
4713
37545
29123
28447
5056
269
29163
27841
24270
35794
36733
36289
3451
17799
18255
19831
30631
10928
1147
573
25277
8075
13779
24610
19175
19788
19111
27734
37626
37812
20088
6323
6090
12345
16590
37215
6785
27709
30209
24107
28829
9091
25138
10069
13659
21538
19681
38400
30222
16283
28833
36896
22818
20672
22443
29858
13
33569
34308
33963
26173
11117
18299
25509
35433
25477
16546
6412
8362
22715
2765
32941
15534
2416
34627
35445
7049
27361
16230
18781
36526
31517
15690
21300
35052
3527
32358
