2156
2703
2244
4914
3269
4533
450
749
4867
441
1332
787
4583
3437
1430
1767
3512
2011
2387
1027
3394
3205
934
929
3585
4994
3263
2665
3518
1449
1923
2576
4047
4043
224
2047
2318
4830
1116
2841
1090
1422
2272
2150
288
3091
1851
1572
2013
3582
4622
4429
1191
1838
1810
1460
1295
4310
4984
2162
3536
818
2906
690
2590
3
2229
463
2704
2800
657
2441
2542
2974
3849
3047
3061
4308
4519
1266
4339
2211
489
429
1182
126
4028
4317
4499
665
4619
84
1441
1047
2833
3220
3590
920
717
2622
27
2994
2160
3130
918
1747
2206
992
411
943
2422
873
3966
1104
308
1432
4449
1784
4120
1106
1173
4937
4041
1065
1385
3197
198
4088
3978
1876
1250
2338
4365
2460
3505
2188
4866
339
3623
77
2429
2340
3648
2293
3303
2676
4824
4889
3160
3561
30
3962
1617
3637
1270
4462
1940
4523
1442
3832
3340
721
737
583
4539
2266
3510
72
699
521
97
4803
1361
1789
2219
4643
876
2353
550
1472
2461
3776
670
674
2918
2763
1401
2112
3616
3781
537
370
3092
4525
1728
4547
4952
4862
4949
3934
891
4453
971
792
1733
2073
3002
2495
1485
1478
1082
2485
1064
4939
3506
4094
1294
3122
1905
5019
2090
580
2245
1453
1147
93
2177
2840
1341
2647
5065
788
2788
1035
4366
3229
613
5049
2326
3633
5042
2541
4372
1529
3944
4065
4823
456
4948
2595
5003
31
2771
746
977
846
4006
3337
3479
2593
3820
1195
1888
2502
2012
2159
2476
4392
826
4156
2671
3416
2885
66
3834
1336
334
3113
987
5039
4504
452
3604
4958
461
3370
3413
1337
1620
1025
3308
2343
469
3444
4426
2149
310
5085
2807
1202
362
756
986
916
635
1097
3560
3387
2770
979
2336
2462
3569
312
1038
4601
677
439
2597
1545
1051
3364
2157
2297
4294
4399
4286
4705
3199
2330
4487
140
363
4986
161
1395
1009
1628
473
666
2289
2024
2964
1500
3022
2171
4650
4240
1123
4933
4543
4000
2749
4202
3127
998
4659
4168
1404
2007
1727
4171
2919
2319
15
1540
4408
4177
5021
385
3078
5050
2536
1590
2623
2504
2880
243
3986
5088
3233
136
4657
4703
1044
379
2543
2131
4016
202
1057
1503
2432
357
606
4229
2100
4681
1522
887
531
4270
2537
4917
4029
4818
4260
4359
3632
4963
3638
1856
2401
2356
518
166
4763
395
4424
1216
1916
1970
3069
847
4555
40
1980
3304
35
3450
4370
2186
1623
2335
287
4105
3332
2642
790
806
3605
204
5059
2089
4023
1840
2475
3857
3973
427
1574
3583
3298
4397
4404
4419
935
155
708
4381
2402
1703
2179
3927
4552
730
892
3722
2299
4872
1283
209
3740
4497
4293
4273
3926
3007
4030
2601
4568
3076
3096
2773
4095
3468
3187
2110
4514
1417
1582
3500
2563
3631
3941
2036
545
3875
4796
3223
3216
4051
1256
1054
1705
2606
1758
3789
17
2321
967
4452
1305
4086
2521
2604
2403
2878
2443
3200
2395
434
546
1368
5020
3921
1550
4109
4913
3641
1093
4982
1581
2046
837
3235
351
1827
3418
612
4338
750
3938
2669
3148
2043
4732
1776
1149
4597
3802
1959
4511
1775
3358
1680
644
4268
3412
1640
419
4324
1427
2724
4136
4596
1825
656
702
786
338
1218
3860
4540
3817
3365
3009
1855
1282
1165
1695
3626
5032
3159
2581
4790
1706
1030
1410
4827
4180
712
3726
4900
3231
4343
1902
3118
2961
3521
1688
775
2610
2342
4422
812
4546
2038
2524
3420
4250
1957
266
3745
3381
544
279
4323
3723
457
3494
881
2649
4232
3586
1276
2617
853
646
523
922
4863
3436
878
341
919
4263
1599
3751
3971
2181
848
1730
4894
1302
1005
1520
1780
4157
4955
4885
1170
4896
4724
4679
2124
968
1646
1014
1738
1593
131
1455
2958
2223
2380
5078
3548
2554
705
4284
4380
888
2534
2555
4951
5013
855
957
902
1621
2979
5025
1797
4131
4440
3833
3196
2991
2378
4782
2725
3565
2915
1542
1762
1600
2063
3646
1625
400
4992
547
4090
3698
4848
1989
2600
2471
1415
302
3086
886
1092
3318
558
1929
41
2176
10
3685
345
836
839
4081
1791
4089
2520
3286
2803
1881
1525
4667
342
3460
3539
207
4275
3578
3212
2585
3764
1349
3589
2952
1843
1438
3157
4774
321
3785
3573
3168
1495
4697
4376
3823
784
2224
1275
1281
517
173
3592
4163
4400
1580
4779
1101
4767
3678
718
4878
794
2020
669
2257
1850
4829
29
3591
426
3707
3389
4942
1006
1726
2648
2522
4165
3422
4220
2170
1055
3643
4348
4531
3345
830
4735
2625
808
1570
2016
3728
3988
3171
3067
3461
3868
1133
468
2515
3869
864
3777
1516
2589
1371
206
1504
4471
4113
2944
5000
2440
2327
208
2734
865
2993
4203
2988
2434
3958
2737
3285
1467
3098
3787
2030
3680
4139
4329
3176
2782
86
4192
3805
4335
1658
4624
2231
3119
2294
4564
1018
3555
2240
3618
3185
3154
106
4874
4692
2548
589
2406
3382
1867
4755
3562
2092
4815
2298
2898
854
3498
2445
3174
2028
1720
1722
1922
1740
3297
1690
963
3670
460
4405
1348
3417
2899
2144
3872
1244
2392
909
3141
1778
298
4506
4483
3709
2501
4407
3383
2256
4598
3052
2346
4670
1085
4413
4902
2730
273
1849
300
3557
5040
2230
908
4314
3634
5064
4289
4379
4821
817
1246
2761
3463
4941
3253
1407
711
4586
4777
706
1178
2953
33
2633
2056
2390
3221
2104
1426
2526
2238
3919
4312
2465
3829
3084
3991
2902
3694
3772
4570
3213
4611
0
791
1523
2344
3085
177
743
3360
903
4675
560
436
3062
574
438
394
2927
4374
4082
533
4238
3033
1861
3099
4345
2759
4443
2828
4493
3445
4031
98
4710
1594
4166
1858
127
869
4965
3629
1774
348
2992
1941
1169
2147
4035
4528
470
4847
3572
4576
401
2755
3433
3314
1088
1829
1614
1945
399
4188
1424
2955
2060
4974
2134
404
275
1073
69
1114
4762
135
4142
2309
2654
4716
5008
4628
1376
3492
3803
1396
2535
2122
1944
3732
747
3885
4925
5017
520
4584
4960
3520
1039
4684
2275
3128
4761
628
4285
4300
2978
3225
924
1844
4222
1196
2901
1965
1769
4254
4417
1659
2564
4869
1338
257
1564
3619
591
32
2106
3232
965
4744
2123
178
305
3236
1144
1748
5055
1350
329
4182
163
3192
3601
3106
94
4685
3016
1626
2084
1387
4639
134
2492
4901
2198
1251
4069
4757
4127
1126
3372
3920
2019
2408
378
4401
2813
1288
377
344
3636
2872
4439
2826
123
1634
2547
3635
740
5056
380
4063
2329
3974
3055
4103
2120
1096
2758
1908
4458
1713
2636
1555
1273
1177
413
306
3865
4870
1809
109
936
1900
4064
3259
4288
3355
147
4500
1398
1751
4746
827
3800
938
2995
122
668
4444
1836
4218
3877
2805
3821
676
3040
3775
5054
2588
3778
2242
249
4046
1725
4973
1975
1788
1763
2987
4789
1259
37
3808
4282
781
2662
1645
3486
540
1168
1043
3234
2095
4604
880
3992
3963
4687
3530
119
4811
5083
4327
1366
4121
3056
1662
485
4836
2846
150
953
2200
2845
3854
3979
1213
1013
641
707
4616
3369
4912
1684
225
4215
3901
405
682
2071
739
2140
402
4122
1901
753
2221
1476
4587
4644
4004
100
164
4446
397
2213
4699
1492
5087
728
51
4130
2832
4797
3065
4020
1701
630
437
3467
2480
3577
236
4747
277
364
4807
1049
5061
4642
3327
911
4781
3276
2811
2722
3068
5045
4363
4377
3030
4129
2766
3293
2421
371
304
286
4696
2814
754
1931
2228
3454
2067
129
782
2530
4496
4062
3925
2532
3576
2273
1877
1303
2870
3883
2438
1129
1153
2119
4018
3932
2045
412
1910
26
3153
4671
2917
4193
3672
432
4475
4110
2561
4428
1777
2859
662
4245
1239
4138
2705
4178
1190
2738
1087
686
4719
2442
4887
1345
2199
358
118
369
239
36
219
3503
5043
2377
105
2352
835
3554
1563
4255
1655
1269
1611
1977
241
4333
3878
1059
2809
2208
877
679
2261
2143
2957
443
833
1794
4542
4513
704
2410
3023
4036
1448
1483
1028
1272
3415
506
1906
3704
3241
4947
227
1354
3922
4745
4173
3517
761
1822
559
2598
3782
2416
3721
453
2369
1188
1607
1584
4276
3739
858
2981
3404
3811
647
1571
5010
4200
4981
4271
602
5
1308
4534
650
3664
3050
4027
3575
4634
1148
19
2130
3697
3488
4919
4954
577
3031
1261
1670
1233
2619
497
4134
3855
1618
4903
1409
4935
3373
1031
3111
2863
1569
2185
1946
28
1518
4594
5058
3904
1512
3279
3607
1724
5074
4996
228
191
2718
1466
3959
1439
4877
39
803
3136
2873
735
2804
430
1479
3689
4465
614
1199
2982
2002
2884
2852
4614
871
5034
3100
1325
3322
3516
2303
2510
375
1406
4785
2664
2533
627
2368
2783
3795
894
3344
1826
1904
187
5004
1589
1839
2891
117
4087
799
1463
1739
1248
229
4893
4630
2997
3858
1040
4625
715
3046
4857
4445
1118
2523
2088
2239
3843
4474
4969
1155
4434
245
984
3026
1526
4920
1971
2348
1993
731
2105
2875
322
4351
3965
2308
3222
1102
3179
3295
2109
779
3156
4149
5067
2696
1109
2695
4091
1271
3508
975
356
2909
2202
4791
768
2195
4476
3209
263
3138
3549
2713
