3310
1697
5056
2137
3484
4259
1814
3722
257
3246
1838
4612
3241
3337
1436
3007
1278
3675
1836
1441
1995
3201
3574
953
389
2967
845
2914
828
3076
4892
4419
935
689
1079
1894
1225
2420
1699
3809
1087
3072
2337
667
2278
1507
1387
3059
3614
2025
770
4223
4635
3895
3245
1413
3303
2029
3597
1662
3534
3447
103
176
1543
2736
3164
442
71
3962
1756
1684
2523
2100
2887
4334
3816
3648
2206
4889
3820
3726
4232
2011
3001
4343
707
929
4661
1094
4363
1140
204
376
3739
2348
4902
3094
1641
3249
647
3239
3324
4761
3529
4725
27
25
3571
3301
2384
4715
2291
1952
820
1580
3783
2823
1789
1671
1614
2470
979
1615
5064
1438
2634
2579
3234
3516
347
938
4289
402
617
2404
1464
424
4152
2002
280
3381
1714
1214
2993
1931
2034
4606
3585
1958
1909
5062
2033
1081
3542
460
760
3127
4021
1993
552
208
4459
1918
4083
134
2130
2345
881
4810
904
2393
3676
37
4955
4906
3503
1261
1027
2082
1555
34
3930
1131
4035
53
4243
3093
4936
4087
3677
9
1858
2858
2757
2814
2302
4662
1
4268
4780
4891
3877
1301
724
2051
4944
5040
3036
2065
4341
869
2561
4505
4148
1812
333
5024
2458
1710
4073
1396
4091
3624
4600
3762
2544
3613
790
2439
4197
1405
1008
2272
4596
1547
2059
3587
969
1571
1025
662
3312
3881
20
1122
1422
4869
654
2918
3981
4119
3032
3870
3504
2406
3181
3111
4678
1207
3402
1327
2614
1740
1469
302
2320
1529
4466
4588
4827
962
2829
4826
4960
1935
4897
2332
1813
3683
671
909
4055
3806
2801
2714
3617
2290
985
2958
213
2310
2401
4150
4822
1310
3316
4265
2797
4478
2815
1644
1591
4420
2639
1099
3924
200
4467
817
2813
2859
21
4263
4434
2677
2326
2134
3610
244
1369
3917
4354
268
1435
2513
162
2257
1971
4814
792
4720
3626
631
4768
1869
1399
900
4449
2447
3640
4723
5044
2998
2524
1248
4526
3035
541
3970
1201
3173
3311
3415
4985
4418
3434
3747
1270
4375
868
2920
348
4568
1911
58
621
4245
248
2937
948
5026
2416
3100
1236
3150
2975
4251
2619
3931
420
2712
4603
372
4149
2382
3680
140
133
1574
365
1736
186
2653
3153
762
1741
2529
1294
3056
3314
1357
4797
4531
2528
1682
245
3321
4103
434
3757
1240
2145
4514
1125
1664
2275
4125
2162
2604
2609
3642
1989
2370
2590
4433
3801
2375
2342
130
160
993
3123
4380
537
1774
3176
1447
1335
3580
4978
1136
1959
4110
269
169
2955
3009
1410
4244
3083
2708
3855
1893
2154
3488
4395
3069
1459
947
4999
2796
2510
3166
4642
547
1842
3628
2449
1365
2474
966
5015
747
1683
3042
1587
846
3028
2492
1086
2488
1996
3046
4306
262
149
3780
4823
212
581
1867
3841
2539
3845
2412
2274
4771
1348
45
3477
3375
3199
2760
1311
1177
731
4424
2994
4405
2437
387
177
2017
3361
3152
1997
1253
277
426
603
4871
4278
2396
125
4440
3891
3633
3018
4957
5005
796
2012
2542
3342
408
2825
4778
2867
927
521
298
1427
2057
3459
4631
3190
646
1328
2215
4658
4542
524
2251
2155
5006
2663
2615
1017
1254
2335
316
1475
3409
538
4703
1120
996
679
3276
1266
1973
3995
4865
470
2842
3218
2537
4084
3868
4031
1392
832
3313
2912
4038
794
1015
534
3483
4163
315
2722
3091
4654
4950
1251
590
7
2224
35
3736
3774
3396
4017
1108
3560
2286
2521
4717
4318
119
3720
2094
285
1907
2599
4294
2333
2419
1107
3374
1504
2738
1274
2235
4545
1022
1783
505
2489
2435
1704
696
4640
2728
2869
3518
3911
1590
3320
921
2640
4648
4219
4224
255
3671
356
321
4765
4011
2200
358
1805
839
5008
4940
4474
4437
1990
377
1847
3417
4599
1210
2050
4817
401
2649
1057
3541
490
4461
1808
410
4591
3003
3760
3692
3630
4176
684
4133
2932
4384
3273
3620
4344
2321
2346
4199
2678
8
776
3348
2556
1568
3990
645
3793
3070
3170
2766
613
4743
3709
640
1412
49
3961
988
4680
267
4009
520
3786
1823
4495
608
2606
509
840
4499
4537
1346
323
1716
357
578
4098
362
3800
38
2647
425
734
2971
620
464
976
4643
4758
61
3338
2056
1078
2202
4593
2411
4104
875
741
863
105
4962
3540
2014
332
4049
1651
4357
2314
1390
3523
1000
1864
1446
3863
159
3678
2053
1092
1284
971
3420
4922
364
1072
2199
3126
579
4101
1708
2140
1154
2693
1946
700
3696
4122
4651
4154
3965
1408
2101
5083
2107
2997
3521
3872
3330
218
2922
4146
4404
1432
1755
1183
3847
4788
2725
4255
2681
498
2170
500
3953
40
3328
3037
4132
4113
3307
4001
4679
334
3916
3401
4990
5086
33
4707
4347
4910
4663
4361
2758
674
3097
4422
3117
3107
2559
1545
1030
2367
4181
681
915
4416
155
1380
360
3694
4930
2591
4518
1037
3096
3474
4062
2889
2851
482
1566
156
2249
995
3577
882
5011
1456
807
4881
4089
458
182
3938
480
2931
2374
471
4609
4831
1386
4885
3939
492
2192
2650
367
2821
1863
3557
83
138
1212
3395
2666
3277
2271
6
1503
3738
3996
4517
1988
722
4894
1221
3532
3275
249
758
5060
2726
3270
3779
1588
1668
1527
669
1943
310
4061
1148
1786
483
3492
2119
4970
2021
2983
59
1224
2466
4693
1731
3701
4896
3451
1924
2538
2720
3665
3538
963
2205
1313
2959
289
2944
2180
2668
526
294
3300
2656
2623
5033
4497
4081
844
3813
2304
4607
2153
4737
1235
1603
3335
3025
4277
4373
2951
4480
232
3021
2569
3189
3058
516
2981
1896
153
3288
1434
2171
4370
2900
4324
4330
4271
2307
3904
4841
414
885
3424
806
1974
4527
4729
937
1634
4736
4907
373
2459
1758
3346
3634
2629
3039
73
4732
1792
1146
3225
78
1404
1007
2499
2674
3918
2464
3731
4111
1944
1428
4421
2863
4659
3524
485
4203
2627
3843
4238
4247
2582
529
1608
3880
1499
2924
4293
4171
3713
3256
3350
911
3699
3631
4188
281
3867
170
2913
393
3238
3151
4131
2878
1953
5066
3547
3716
2844
1042
4825
4512
3202
798
5014
4649
705
91
1478
1701
2506
4691
802
1601
3365
4953
3782
2184
2641
2452
860
4876
2044
3154
2078
933
3139
3485
3045
4539
3110
4561
1596
1143
1403
3216
1910
4206
497
809
4299
3463
1688
1454
2032
12
3490
1312
765
1636
1036
1772
3737
2831
827
4819
4411
4815
2438
1966
128
1567
5017
2238
266
2807
300
975
1824
2794
3336
3002
1632
4481
4382
4533
386
4432
3410
421
2729
2037
3785
922
4914
3913
3472
2885
1181
2739
4129
1804
1048
4451
4075
3770
2552
4208
278
998
3792
3029
4415
3966
1202
4248
753
2550
2525
273
3907
1421
4116
4489
3386
2737
977
3531
1983
3060
352
2953
4558
4063
1524
3398
4656
4690
441
3283
1054
3317
4276
826
688
2284
4088
1058
2751
3079
825
1796
5079
2117
874
4316
4872
4587
1118
1840
175
5020
2158
4702
317
2642
3778
1031
2216
2477
191
467
2941
533
4515
4989
3823
63
4714
717
2410
3795
2486
3623
886
4913
4183
4657
1481
1525
2161
569
284
82
4931
4963
1744
4511
5061
5013
43
2966
4820
4973
2281
821
2645
4698
572
17
141
473
276
3411
3426
4273
4623
1256
931
1006
1299
2535
88
3903
1134
1282
2195
3558
2124
573
1764
3393
3853
1100
4112
3827
4302
2930
3146
4836
2624
4000
697
4740
288
1492
2445
3819
3040
4700
258
2359
3727
1061
4629
1986
580
3370
2613
604
219
1611
2169
3368
2826
849
5007
2803
127
1562
343
795
3061
1089
4602
960
481
4486
423
528
195
4742
129
1534
2288
1038
3384
466
1630
2574
880
2325
4503
624
2071
2572
439
395
1242
2292
1388
4086
3213
2950
296
1626
4338
1064
1077
903
4781
50
3669
2020
1477
3325
2164
3948
2874
488
3394
1549
3050
2800
1273
2296
2785
3427
437
2201
4170
4270
598
775
1888
4220
2159
5039
659
2418
4611
1978
1916
3690
381
4895
3147
81
848
3659
4520
3510
2740
1606
1897
2398
636
4592
3020
4560
2151
1948
2945
2372
716
2779
1105
55
2
4162
2672
199
4476
2448
2282
4683
699
553
3876
3875
1882
4066
1050
2628
761
4667
3892
3685
3509
3824
361
4161
2916
4837
2349
2081
3366
1537
4532
4994
2425
3105
611
3357
3455
2141
739
2710
3945
4470
1200
1486
3893
2414
3837
2735
2989
2250
68
4569
4627
713
3649
243
2197
1624
1028
1457
1831
3391
3787
3808
3565
2160
1738
1585
3721
463
3598
2409
746
1272
418
704
2305
1516
1583
811
1929
1544
397
1733
5082
2373
691
2518
1977
3221
1829
2268
4726
3839
3254
2747
2540
283
2402
2219
1174
4082
1819
1640
3946
1180
1487
2949
3008
57
1761
1920
1106
3603
3763
4773
1051
4674
1461
3099
4757
2340
1617
4546
3440
1872
1308
250
1726
3507
4209
1458
4660
1565
2890
3714
4447
2910
1660
637
2298
2809
2566
4760
4639
495
3470
730
4858
1296
2277
1423
3404
3512
2116
4229
2244
1471
3006
1139
607
3235
2256
749
47
2819
651
1040
2611
2336
3688
2545
3203
2363
4828
2388
210
205
859
4124
1960
3377
4699
2237
4883
