4888
984
2305
3272
47
4579
4509
233
4511
827
3100
1154
2515
3071
2751
4952
4506
3881
3175
4250
3978
4043
668
1690
1892
615
3756
2074
4305
297
3528
1096
2755
4255
2494
5020
2079
4560
2597
1935
2555
2436
4871
1011
1381
3762
2281
2983
753
4280
970
3931
4640
3617
4421
3296
1655
4269
77
2698
1824
2577
4989
1982
2362
4132
3588
2505
1441
2692
2872
3109
23
657
139
1020
2520
2884
731
2633
1901
2412
4209
3968
1999
3170
1389
5002
1492
4910
4958
466
4510
624
1300
3643
1359
3196
4549
248
3454
4875
3981
3078
1630
2241
3152
4862
4625
1176
229
3593
130
4750
3592
635
2115
3335
31
4724
382
4572
4528
4247
1347
122
2148
1691
1844
2177
3938
4138
3021
538
1260
318
4517
1877
2424
687
1606
3792
4982
1997
1871
665
3344
3253
4512
2137
3250
1556
4386
2303
2486
3460
2584
3743
2610
3541
1676
709
631
3783
2477
3456
4599
2109
1817
3776
3235
1788
2166
337
3662
3591
3397
3241
3304
4363
3371
2409
4733
2982
2534
3839
4187
2492
4183
2634
4072
3531
490
3043
2460
2614
4283
471
3893
3438
4785
3204
1422
3044
3545
2005
4433
2112
2186
1952
4111
213
3391
1323
4883
2794
85
2903
1214
1609
2760
4609
1523
2930
2237
4828
3634
1293
53
1607
3827
4809
2253
3422
1544
2548
48
3065
4742
2194
2678
882
2128
2449
3297
999
73
581
1023
50
2960
1397
1370
4271
235
4541
562
3798
4483
4614
1682
977
1430
3510
2915
583
4190
4370
4134
112
2479
2331
2703
1166
2214
3711
1764
1037
3679
1482
718
849
877
3244
843
2212
839
175
3005
4521
1035
2474
802
1631
2083
1459
3124
3760
4751
1317
3707
2880
867
610
1543
4497
4317
2429
3556
622
533
3992
4338
2622
361
2319
33
1967
2809
2845
4319
3134
2765
3040
3677
3578
1637
1039
4163
4279
3445
56
4329
1156
1743
2198
797
2986
2174
2879
2127
1957
3451
1566
946
3328
3687
696
4291
774
3976
5017
2338
3598
2862
2452
4206
4214
1091
1234
2829
1591
293
1256
871
825
2853
2590
2278
3793
3840
4267
1835
1969
4325
470
2165
5051
1714
187
829
2846
4518
927
1030
653
2648
2350
4556
4045
4824
228
1363
2828
155
4499
1440
860
1240
97
2458
82
4712
4369
3372
2269
3363
3522
3939
1729
276
2866
862
2179
675
2779
2207
1921
2566
352
4629
2795
4457
4987
4049
278
4524
1463
2221
1339
3559
4620
1948
1596
3621
1769
3489
253
2570
492
3318
3374
853
24
619
790
798
381
3673
1551
4021
4582
2213
4490
2733
4491
976
4450
3693
3047
373
1272
409
4650
4589
4262
4424
4757
3888
1834
4545
1925
1680
3453
4929
3956
472
4807
710
4731
2716
4316
3104
2395
1178
3606
1721
935
5082
1447
1375
4459
2151
2521
3435
1808
255
3648
2033
1336
2920
1063
1025
3712
3859
4671
1210
1453
4562
1697
3336
2836
2949
4536
4778
4586
3963
737
4009
3048
1758
2076
2541
272
444
3803
4038
3640
4126
1342
2191
1254
4569
1995
5024
3200
1909
116
196
576
1571
3161
4914
2468
1884
3225
2173
1400
1353
1780
911
1355
195
176
806
225
5068
462
2646
1196
1322
822
594
1779
2462
3619
499
3356
997
3642
2734
4765
2336
385
1219
4169
2416
2490
3449
630
4789
4755
683
3077
523
4273
2267
4227
3142
118
1852
4026
2839
285
2012
2322
1285
3036
4927
4184
1303
4005
1289
1938
793
3786
147
2220
3042
3392
3289
4314
4371
3431
4408
3354
2044
2516
4840
2294
2419
4425
3448
2989
343
1719
2907
3067
658
4405
3128
4675
4687
2016
2309
2686
60
3417
3129
979
3807
3500
2202
2337
4166
957
3112
5035
1760
1425
2945
1501
4542
2323
1801
2987
14
1468
1715
4879
4854
1208
3469
1362
780
4085
2081
3644
2388
549
1337
2891
4046
425
4346
1287
1720
4496
5054
4050
2300
1804
12
3153
4027
3779
876
1226
3580
3396
3713
3049
2608
4272
3162
680
349
792
2655
1412
4909
1031
781
988
2804
4136
1960
1275
473
2030
1757
1068
2453
4181
3236
2459
4858
3133
778
2554
1604
563
1617
4108
3614
344
4110
4969
3935
1601
3400
2264
386
2988
2706
602
1826
881
3273
5032
4084
3822
4661
3176
308
4373
3746
303
4752
3999
703
2058
1144
2704
2841
2563
3255
1843
279
6
4797
399
88
115
1451
4631
3373
4391
3169
1649
1325
2631
3303
2036
395
4841
3735
3464
3192
1632
3083
486
2464
1636
4727
1373
4310
4186
3390
1831
4475
951
2849
1988
4242
4853
1562
3991
324
2640
4618
650
3590
4688
3341
1650
3740
1097
3863
4980
166
3611
2898
4735
1752
2071
271
3994
3794
3530
1268
2728
2783
1645
4806
2752
1410
2929
3202
411
163
4389
3305
2378
1966
4985
638
295
2314
1004
467
1261
5072
4988
5060
1264
4285
3302
3222
4332
4670
2197
1262
4832
4534
4159
4158
1790
4659
1466
3891
1773
209
4322
105
2904
851
86
388
2894
54
3576
2420
2478
982
4486
855
4226
4827
2599
534
1186
1402
1567
641
1045
2004
1130
4480
3989
586
2869
3769
4624
1192
2950
3350
3924
4175
8
81
2386
277
495
1218
2788
1433
787
4474
2321
1181
3143
2591
158
1122
1310
4923
3575
4380
3474
3172
3718
1284
4695
1991
690
4478
5050
3207
5036
1577
3837
2575
502
451
390
3875
3551
1297
1698
3492
184
2747
3130
818
1330
4860
590
4423
4313
4109
788
2643
1115
1145
4837
1378
4088
3120
4222
3914
143
413
468
1662
461
3177
2762
1712
1527
4065
4602
1911
643
21
2171
3404
2887
3613
3458
4406
598
4859
2407
5007
905
4938
422
4920
335
317
2609
1859
917
1576
52
3708
2164
364
4347
701
1207
408
1333
141
752
1442
3237
394
2536
3987
4345
811
5045
1627
3473
2802
1979
412
4268
4622
5074
2192
1879
2275
2114
4701
646
3227
3767
782
2967
891
3455
3107
2581
4276
3195
3412
4554
2971
1491
660
835
391
4284
2274
4191
1247
1908
1584
3901
1865
2994
1978
328
1376
2637
1956
1885
2860
2556
2045
4830
2368
3299
4350
1922
2282
3503
4889
114
3565
315
3094
3075
3314
4792
314
1119
2227
900
3165
592
4006
2285
3744
4729
4498
4018
2435
4964
556
2256
4946
3182
3290
2639
1899
3887
3300
817
1426
1216
2690
27
2598
4904
3386
1589
2110
2977
1124
3943
319
1782
4432
164
1977
5041
1614
1283
1706
1887
3646
2501
2050
3720
2652
443
3370
434
2064
4087
5057
4199
45
2739
1055
3004
3689
453
2583
4076
1103
1789
3381
1094
1538
1080
2502
5016
2315
4638
4218
3974
4328
1379
823
2524
3231
906
1521
1950
4993
3770
3000
476
4281
4666
5
3157
30
636
3416
4605
2606
4577
669
1399
1674
4258
4679
1307
3055
2813
1428
4220
4694
740
2249
3649
4748
3459
3095
894
2425
2738
3518
2091
4217
1405
1101
353
758
1926
3952
2069
1472
4044
1003
2131
4493
1623
4925
3826
1524
3218
3355
1172
29
400
2349
3867
3547
769
1600
3288
2740
3825
4139
5084
2403
4876
4375
3581
4656
3418
3452
580
4594
2509
3761
480
542
430
4123
4758
3425
1259
1550
2657
197
1855
3560
482
621
840
1634
2304
3625
261
3033
670
96
3629
4813
1965
2080
4014
3951
4692
4990
359
4702
3732
1060
2705
613
1597
2667
2998
4764
4686
5014
4899
2289
2484
2217
2120
3594
4800
3757
3210
4092
2847
2817
4059
3775
1228
4523
936
655
962
3521
323
300
1893
725
1611
3549
1670
918
4481
1792
3140
3486
4331
2514
1515
3543
3894
2831
4773
43
3595
3058
3186
1533
875
589
4513
4402
3508
1277
46
2664
3850
4999
5087
4873
1346
3627
1553
2656
4194
2389
2699
3699
301
942
1099
3501
3127
1509
264
1545
2962
4089
2122
522
4893
1494
4122
1198
2883
706
3393
247
3206
1786
1579
2493
3385
995
452
1785
432
4917
2621
2102
1350
2251
872
1774
2832
3883
3340
3537
4420
3624
1572
2372
1452
836
2838
1384
2470
5019
2098
656
1201
489
2889
3525
3704
3387
4000
3446
4121
738
3567
4715
4819
4647
1182
4337
1528
2152
4690
4195
1768
1127
346
4455
1914
1615
4101
3433
3158
3442
3936
1431
160
3080
379
2243
4653
5018
4672
40
4034
1471
2010
4150
1406
2426
3399
2124
2714
188
4260
944
2351
1998
178
2199
3884
1150
1050
1327
2605
1626
3069
226
2062
2072
4224
1049
4002
0
4177
282
230
387
4351
3064
3742
2457
1392
3583
121
5026
794
2130
2574
4137
1592
1772
3068
289
1704
365
2645
1043
1368
3123
299
1829
3131
3025
4062
939
1985
3544
157
1742
1763
4142
761
955
511
4379
3215
3753
2366
294
3199
978
4318
10
292
3631
4557
3953
61
2662
3555
3983
3
2965
2439
2623
3932
4270
4178
254
1598
4151
2931
265
2065
1177
3960
1319
2818
3146
973
4377
1853
1903
1024
783
302
2616
1802
4395
3603
1923
165
679
2236
3600
4616
3514
987
1732
4073
2559
1411
510
171
3763
1805
3320
4965
3201
2039
1740
2855
4254
640
3680
4590
377
1052
355
4680
2792
2498
4031
530
2996
2528
4090
3171
83
415
1301
1141
2254
3097
4211
4233
4469
1067
1958
959
1104
1506
3002
3864
4207
4665
