53
118
368
324
76
188
148
375
43
63
77
185
252
262
171
120
388
73
36
39
256
253
389
304
306
391
12
235
105
9
109
352
10
213
190
263
83
215
290
107
354
293
230
149
72
173
201
243
239
62
327
50
81
139
380
135
181
302
192
216
127
305
60
251
316
140
382
206
1
370
371
153
2
397
177
4
95
35
86
91
80
299
265
194
326
157
310
364
27
356
164
340
257
48
236
162
214
34
200
335
79
331
5
29
70
152
276
7
141
126
22
96
25
351
260
197
165
198
376
322
196
115
229
92
82
47
168
180
163
31
101
378
366
308
203
176
144
398
353
234
65
358
191
345
205
23
277
61
359
125
129
246
320
143
33
175
69
361
211
68
264
42
392
221
178
182
287
291
280
158
121
122
160
116
237
245
241
166
248
40
74
71
136
379
57
220
258
247
315
283
167
374
8
309
289
199
170
334
117
218
26
51
138
137
284
281
297
395
104
30
363
179
187
387
87
228
268
113
108
85
261
381
210
337
295
273
231
317
103
0
301
111
355
300
100
348
343
307
367
67
269
132
64
240
52
128
142
332
159
292
390
66
3
202
396
318
24
208
394
225
94
259
250
18
393
49
209
328
325
383
161
279
186
232
106
338
123
244
323
146
133
114
386
249
339
55
296
226
193
124
271
311
369
150
282
217
84
313
189
286
154
350
330
37
227
172
312
341
44
242
219
13
110
145
97
347
19
98
204
21
384
134
346
58
147
255
314
275
385
155
319
224
321
238
28
56
195
102
