59
142
289
17
220
394
388
235
197
41
111
303
88
231
189
287
218
109
292
147
157
19
162
347
286
236
275
3
278
112
150
53
57
78
342
241
216
259
20
125
40
327
207
228
209
297
325
2
45
227
82
15
145
183
348
70
386
13
234
148
58
203
343
179
251
243
155
198
186
206
9
67
273
253
107
159
126
305
263
390
7
120
146
29
25
143
294
367
295
214
374
86
221
299
377
333
356
133
124
344
52
165
272
137
211
387
358
54
244
359
65
200
205
23
269
250
298
84
152
108
331
338
232
123
309
245
266
75
16
392
276
365
350
354
371
158
293
308
11
12
264
373
26
361
317
341
31
213
24
229
280
262
208
267
355
383
257
91
281
39
288
254
201
144
202
134
349
332
43
357
94
284
230
353
330
261
64
369
199
223
336
90
260
135
222
100
181
92
42
346
226
168
63
156
320
161
117
153
115
372
351
396
398
0
33
301
319
118
102
395
382
166
249
105
252
74
48
185
139
368
196
141
8
132
55
4
256
171
176
160
18
389
72
49
360
173
34
311
93
192
265
363
61
339
340
268
68
242
379
128
204
329
290
37
191
71
296
95
151
215
239
69
47
50
300
306
270
1
279
302
188
391
318
154
334
10
285
384
247
224
77
46
212
225
352
28
97
364
138
140
36
6
81
62
283
182
313
190
397
87
315
169
96
110
121
233
98
73
106
312
51
307
32
345
5
195
375
