167
372
61
186
126
308
310
89
194
355
29
36
171
185
253
366
275
270
327
116
311
104
196
396
156
360
332
182
292
271
115
111
10
276
330
202
39
314
331
297
83
41
211
118
30
280
120
44
328
47
281
3
45
175
165
334
294
247
90
395
151
215
86
5
81
121
348
249
144
161
62
27
70
84
103
233
367
20
313
349
301
177
18
244
92
82
88
132
312
43
122
168
391
191
258
25
15
256
184
149
37
8
381
329
55
35
204
180
370
236
163
134
374
326
320
288
142
6
302
388
69
138
153
223
145
14
108
157
52
263
178
130
316
231
357
76
210
293
139
16
152
220
278
7
158
110
392
282
112
42
298
375
222
117
50
385
38
13
373
206
40
245
143
336
333
74
66
31
195
95
315
33
159
91
341
124
307
53
345
376
24
17
77
100
172
133
369
201
147
296
347
113
239
265
75
299
241
63
397
193
99
380
101
166
203
19
155
26
65
377
119
11
208
283
188
160
364
56
67
225
324
260
78
199
318
34
363
181
58
358
274
106
383
322
114
80
9
289
213
229
248
250
286
197
154
22
60
268
325
221
125
335
150
350
97
337
251
368
237
68
291
96
387
246
123
365
93
386
79
295
339
398
304
238
49
87
356
264
200
393
207
279
164
226
183
102
57
362
131
261
257
51
137
269
4
255
162
379
135
340
128
98
389
342
54
321
209
300
232
382
305
338
187
129
141
359
94
