31
138
249
293
126
259
139
239
115
215
260
250
79
182
322
389
135
96
25
46
77
137
309
27
116
232
160
134
112
270
187
351
386
280
235
384
339
269
185
274
191
393
266
2
242
295
117
278
303
206
186
332
346
264
224
11
296
170
381
315
179
48
331
113
361
34
145
69
368
341
99
23
151
174
321
376
56
93
193
81
70
284
236
364
245
225
385
15
316
29
223
85
200
292
304
32
65
207
340
45
24
71
369
60
370
246
345
49
127
66
201
272
265
198
367
279
387
86
101
17
180
299
129
330
132
14
39
166
291
141
172
44
47
176
5
208
380
288
268
76
219
8
148
388
212
130
391
169
184
310
377
155
305
95
379
262
397
230
40
37
18
4
9
324
241
52
57
209
347
253
202
124
103
171
133
231
247
308
244
300
334
320
233
68
263
357
100
251
336
213
255
78
335
91
328
392
290
371
167
53
216
21
80
312
20
355
323
238
240
111
275
64
301
283
352
318
89
390
72
10
74
157
178
306
16
188
220
94
90
237
210
333
154
289
286
164
366
378
12
396
41
183
159
382
58
277
199
136
177
119
257
325
54
109
327
1
356
67
273
146
175
97
362
142
120
0
261
150
153
342
337
276
373
217
123
42
50
30
28
158
314
372
43
222
38
282
353
108
55
82
125
338
7
87
152
326
63
6
350
102
203
59
252
75
302
294
104
33
234
196
173
354
190
375
197
114
218
