192
363
2
210
290
174
275
289
17
330
228
388
207
73
303
385
66
258
125
267
341
245
18
201
224
170
150
20
393
390
301
38
37
326
175
259
72
202
288
121
343
389
236
79
82
61
7
91
176
171
239
87
156
29
304
27
56
136
9
311
12
213
364
144
39
78
282
96
127
323
50
41
383
340
110
119
235
181
395
130
36
77
1
319
28
206
243
375
158
197
89
391
164
217
179
141
147
298
42
263
106
98
357
307
204
310
277
328
344
221
333
312
15
157
23
374
284
287
367
386
67
359
166
135
325
349
161
118
188
149
93
5
362
257
241
102
21
32
281
305
313
74
198
377
68
45
143
31
295
115
225
373
100
187
358
380
398
142
57
229
249
274
189
219
162
145
317
379
322
214
260
8
169
60
184
332
151
49
384
233
337
300
10
350
64
65
256
35
193
331
47
55
294
128
70
335
264
345
360
205
76
34
297
280
146
306
172
334
126
97
226
309
321
250
25
155
117
0
262
397
123
94
103
316
270
246
253
283
59
137
308
211
394
124
116
248
153
140
353
365
320
247
85
314
107
291
366
227
81
54
186
238
216
369
348
19
14
22
265
4
232
347
3
95
90
105
292
99
80
16
194
58
13
62
278
296
185
43
240
75
387
218
327
173
254
318
272
293
279
251
324
112
396
208
351
276
159
182
368
114
378
392
44
92
160
131
88
209
180
242
237
178
63
382
234
154
109
