4794
545
4279
2503
204
4831
3880
191
157
445
1541
692
402
3944
4153
3869
4384
970
4884
2244
573
2036
60
1317
1116
4261
3440
4432
1296
2600
3773
702
2833
3868
4997
1611
4880
3284
1041
1789
4949
112
2209
4107
42
3276
3966
4320
2606
2319
4532
611
4687
3968
525
1364
4580
1500
2155
2001
4388
2000
1875
4228
4720
437
4682
2841
718
807
614
1027
1976
2159
855
2865
657
1821
1320
895
3894
1150
5041
1113
1276
2228
4364
2106
867
2524
2122
2229
3000
3364
2448
4127
4676
887
511
3377
4170
2418
2024
518
349
631
1175
3756
2188
3355
4104
1921
1506
2808
4957
1700
3175
3947
4206
3008
3035
2775
490
3516
4620
5081
3851
2200
102
1240
2517
1295
524
1702
3726
3712
3743
563
3779
2429
1333
4343
2742
4684
2646
4355
696
2365
162
3884
4225
687
1892
1808
3699
2906
1997
3943
3552
1590
1066
1595
4800
4770
4131
3125
456
2436
4177
431
453
1241
4406
4683
223
2345
1449
569
2932
3977
2773
1115
2401
1395
4425
2728
1914
141
2300
323
1183
4708
1538
4953
2902
3571
4232
3544
3700
325
2670
772
4653
2860
3504
1526
797
584
1221
4298
3220
1242
1357
2968
2424
2009
2964
2957
329
2387
1468
2366
4983
5083
1509
1428
3507
1589
2485
1691
2721
955
4578
4898
3917
1807
206
2540
3594
4523
714
1785
959
5030
1867
3358
3249
4423
3860
5061
831
3758
1555
4126
3205
1437
2016
4472
93
958
2963
3203
1793
2603
3940
3398
442
4458
2885
208
1141
948
2294
1055
4308
3350
721
1854
3259
3659
2449
289
3436
3751
4981
4978
2562
939
1447
1710
3850
2367
1948
1624
1149
2153
2426
4513
4704
2713
4697
3651
1274
435
3636
1765
2798
3235
4871
4835
377
3438
268
3186
2050
175
4642
767
4454
4558
750
2868
1459
1050
2548
144
4448
94
3796
1891
3072
3278
1076
4036
559
2653
394
4985
2880
4882
1396
316
3906
3588
1157
534
2802
3946
214
4830
3529
787
3083
1534
3293
946
4413
1227
2263
3093
4866
1269
1581
2959
1352
113
3924
3
778
370
1945
1869
925
1612
950
3693
3844
3820
2099
4541
396
4134
2066
15
4581
4712
4434
3290
4964
603
4748
1824
703
4534
3954
3313
4975
4276
4531
3547
2994
5078
355
3332
1442
1490
12
4660
638
3488
3749
3939
497
1602
1910
2028
1280
3483
3441
1729
4048
3180
4346
3989
4090
328
4919
1062
4905
3109
3405
64
3952
1471
3635
2583
3417
3137
675
2102
4870
2916
998
2882
2921
369
4742
1517
1489
3074
586
1477
4629
3071
3189
4533
148
23
2781
132
1052
429
1493
3117
3331
3351
266
4012
984
2245
3196
1512
216
2848
1256
951
3667
4850
1021
4874
1309
2281
2011
4816
346
4974
2667
2739
1432
3958
4005
492
4142
2534
628
857
3733
1830
4627
4658
1856
4089
4251
2708
4497
2144
2355
2484
1279
2758
681
4416
2587
1484
1756
1129
2151
3242
3503
4795
4064
485
4191
5007
3179
661
364
1328
3978
354
30
2381
4890
1842
3585
776
2903
906
3367
1900
691
935
165
3995
5048
