923
7125
891
8441
245
7824
8148
887
6424
2046
8440
3964
8041
7110
7016
611
1455
1235
7234
6045
7891
5384
1576
4621
6107
1098
8520
8151
4937
3403
3198
1756
7893
8659
8165
7843
1386
6859
748
3259
8131
7084
2165
5605
1360
7622
519
5988
4583
1254
5626
5263
3974
7297
3482
2952
6446
535
110
7691
3320
421
7543
6654
5201
3994
6275
4532
2563
494
2539
7490
1574
1159
7445
8283
4109
8012
6231
7469
4406
3444
6207
5045
943
1566
6138
5375
34
4428
3570
2250
5282
5910
3601
1031
7860
2103
3235
2164
6976
3085
697
8555
973
2923
2084
4997
4944
3417
8714
6007
792
3634
984
5800
5482
6052
1192
2144
2037
705
8523
607
2582
8398
8481
6522
1025
8735
2900
2229
3660
8311
826
2849
1107
37
8613
2669
7997
4872
376
6106
3908
6425
8125
6729
5653
6460
19
1236
8404
2444
2820
927
332
3336
6256
1546
7017
6973
2021
3916
4755
7267
8672
2789
3534
83
8775
1932
2203
1645
8787
4728
1333
5968
4606
8668
6602
4541
1602
2462
1398
4274
6594
2471
2543
7252
4577
6025
5762
1167
7593
3576
4028
1421
4602
6501
8291
1104
2274
7838
1143
4861
777
2139
5440
1387
1093
7600
2043
1008
3469
7929
4646
5793
4454
8058
3833
2579
1721
380
1374
8432
7655
577
4706
8736
4347
3089
967
553
26
3780
7732
7919
6943
6386
1511
6073
3038
4110
6246
2709
6755
7393
4315
8255
3894
2432
6323
5500
8363
4078
5930
3529
8589
6310
2600
2414
5855
1166
6903
8347
982
7204
116
8191
4952
1689
3330
3739
5451
7581
2109
1213
4871
6413
6871
3059
6227
1464
2749
7272
5162
757
909
12
5487
1404
5833
2138
5921
492
2772
3505
5257
7220
7061
3597
6669
875
883
7460
7485
2114
2208
8710
4346
602
2207
4073
5984
5583
1521
501
3769
4396
7954
7357
8364
6789
1632
7666
1339
1287
5298
7804
4572
4833
8468
5646
2457
5345
5368
1957
2318
4913
3365
4067
3132
8181
5175
584
8770
487
469
7697
8137
5630
5261
8164
13
503
4026
4870
7942
6308
6003
4838
4390
4375
2728
6635
3722
2212
5716
5109
4730
4482
2162
304
1423
3237
5619
104
1054
6357
1272
8149
2365
2823
8275
6565
7822
7907
551
5695
409
3533
7873
2535
4852
5056
311
2042
8556
8641
620
6142
2008
5187
7444
1906
5978
5949
588
5572
8253
4361
4280
3591
3351
5799
7064
629
18
4849
4551
244
8249
315
1987
5797
7590
5319
1665
6837
3439
7140
1885
7240
400
6300
4330
4131
1515
5832
570
6431
706
6047
374
991
7709
3004
7122
7541
5981
6503
44
6671
5143
5264
6120
685
5456
8374
1340
2233
6978
8177
5831
4380
7979
7698
1981
6678
842
3236
8721
1757
7525
4060
4362
3759
475
5338
2689
8552
4824
3226
377
3674
8160
8188
5702
3327
3705
8285
3392
1482
5810
5397
2081
7179
437
2145
6058
993
448
3376
3927
3082
3696
6762
7117
972
8731
1070
1216
2099
8051
1624
6065
3339
2134
226
1871
505
5998
1834
355
260
3826
2446
1135
2619
2678
5725
4578
7270
7384
6510
1839
1456
2561
4075
4995
6990
2844
5184
22
6822
365
7993
968
8546
2498
823
5199
8340
7542
5363
7739
7503
1741
5205
4696
7494
6410
3632
8685
497
249
7765
114
7945
2881
4874
7495
7030
6991
8121
4614
4904
1679
8025
5879
1716
1923
2989
313
5090
2374
8338
2124
4875
3928
1125
7002
6038
3912
1057
7527
7965
8321
2346
4574
6054
7884
8327
5718
3958
7235
3842
3402
5544
8062
8238
1623
4343
6183
5434
7318
6725
1666
7443
8581
2907
4197
5481
699
1568
1127
5128
5935
4853
45
6269
107
8743
6375
3381
1933
297
15
2065
8147
7877
2312
2788
6062
711
1914
8123
2189
698
4689
2131
3127
5668
576
2163
4800
6959
767
5502
2614
7848
862
1343
6034
5860
7704
2170
640
7003
7399
7943
7482
3681
8536
6339
4339
5152
4975
5178
694
8558
5958
8458
253
2265
1794
1399
2276
6838
3926
7982
6611
155
5649
8054
530
1082
545
6887
8157
8050
2154
6737
447
8335
1695
4506
7202
1653
401
7338
7034
2750
6736
5924
316
8689
8645
2180
79
3999
6874
4167
8421
2499
3103
754
2140
6883
2690
2981
464
3277
4987
1304
3758
1796
8266
6265
2965
2906
1532
5508
2302
5074
7436
835
5875
8258
7764
5161
5657
1186
7794
75
2565
2041
1676
4052
7814
783
5273
6448
3069
544
6515
3851
3676
3764
3369
4719
3411
2435
1358
1766
3200
3167
8466
2988
3192
672
2383
5745
6061
8616
82
1412
49
2409
5288
4956
1562
1992
6429
1719
6795
6812
2917
1692
6198
2270
6919
1765
8081
5585
3952
6988
8049
6714
4083
6415
5135
1883
7450
583
860
1704
3973
1984
8486
4744
2520
1517
805
5761
8410
4661
2617
5553
3512
1289
1842
7596
7024
1477
3340
4055
8677
375
8450
3174
3161
6294
3803
4381
8020
6971
6730
8354
5138
6842
3694
8190
2721
5209
8216
4000
6964
8618
3868
7760
7731
2226
2183
3761
7820
6201
3387
1473
700
834
5101
8524
6543
2781
5179
2591
2887
1228
859
3809
1734
5225
6767
8509
6804
638
7259
7368
3157
523
3211
1406
3186
8455
7279
8591
841
4511
3633
3023
5017
894
2422
5093
386
555
1137
1049
8214
1095
230
1657
2030
1030
8122
74
4077
7616
6222
4835
2548
7356
4894
8391
4090
1270
3283
3309
1450
3602
3854
4771
541
874
2168
4965
658
3614
146
6674
5896
7679
8195
6126
241
3081
1330
6858
2004
419
190
5362
7738
3569
1681
6358
213
8561
5939
7546
5167
8446
8592
1278
3508
2174
1698
1205
4867
3790
7567
1683
3053
5349
6081
2244
2147
3343
8444
2790
5148
1625
5348
3565
7556
2025
4119
3619
905
1292
7108
4958
6364
2056
2480
2741
6852
2983
8047
2253
6568
3385
6794
2672
1916
807
3494
6305
2508
7971
4165
759
3366
1709
6101
6761
5015
2406
3142
6368
6041
4960
4049
8035
8622
4980
4411
7821
5240
2871
6497
7341
3501
2335
4863
7712
4539
2652
3852
1554
5824
271
6631
7715
8516
6066
8067
395
1805
5378
8317
2928
287
996
1879
8406
1369
5220
3905
528
6475
2377
3671
3953
3621
1518
5265
6707
4597
7969
5748
4563
4436
4157
2502
86
2658
1682
5410
3064
2494
442
240
282
4552
3107
5151
7713
4857
2590
1196
3390
5883
7159
6474
2977
4951
6496
5829
5302
1410
8698
2680
8248
3687
3789
5817
6434
67
4427
2391
8028
2160
255
2828
5686
7903
3012
2577
7635
3138
8265
752
6035
8526
6147
459
2473
848
1950
2921
6361
1243
4287
1938
4256
7471
4516
5874
1990
7932
2647
5321
490
3552
6590
6482
5625
6896
1090
139
6148
5857
6359
3982
6694
3355
3985
4015
1711
2002
8662
1658
5420
2656
3757
4815
7741
5366
5803
1061
7522
2515
2605
8384
8211
6604
3178
8439
3589
3726
8083
3989
3405
6686
1523
6980
7776
2688
4429
6576
8145
5039
5997
5938
8052
1919
5648
5051
1162
896
4048
3020
1817
5568
7872
2169
3706
8596
6754
799
3713
3914
5733
5330
5087
949
427
7342
2694
4537
1348
3455
1288
1535
2893
3399
5971
1111
5682
5222
995
2961
4001
306
6927
8578
580
3998
8434
6439
8134
5043
4900
4921
7373
3156
4030
7237
5738
7370
42
4657
4325
7023
6110
8075
4014
5560
1816
6560
8090
1012
8080
5917
6143
5679
2166
8324
8372
4472
8477
5471
2058
4569
2301
5441
4738
2184
3810
252
3000
725
8411
2460
1182
7792
2305
5305
2337
4162
6805
5108
1707
617
1319
4726
4344
6721
8510
7690
2510
4972
3920
4784
8511
6817
4326
413
4837
6637
7505
1027
7989
7623
7850
2426
6160
3345
956
466
2992
1146
8371
649
4554
4237
2185
2567
8449
250
2360
8727
8003
3736
223
2223
914
7352
6441
6380
1846
5963
3149
4681
2990
5778
6184
693
959
432
5835
8094
3855
3175
1591
7077
8187
5259
5
6129
8465
4618
7558
8254
1873
7454
1484
5540
7755
7012
3418
4717
4931
7784
8276
6059
2453
6458
5892
4935
8423
4029
1443
6709
5546
2111
4840
3068
3763
6452
4453
717
5337
531
1091
4166
4570
6354
837
130
6456
7534
7557
228
3556
3253
7724
3715
2358
2528
8557
390
4893
1033
4950
2343
2574
6881
4986
7996
2659
4664
8342
988
5170
6388
5255
6152
5217
8341
4936
8414
7083
2785
4340
8373
1593
367
1337
4374
6283
6378
5085
4117
3075
6672
5153
8619
2999
7509
1513
2331
6163
628
7551
30
8771
6344
2642
2621
6541
2495
7977
7290
3035
7602
1626
4679
6462
1318
8277
7868
8246
2991
2623
4132
650
7245
1172
4881
270
6783
2982
7133
6293
35
7578
4410
8452
5067
2141
460
7526
1429
5663
5149
1673
3734
2466
7940
7158
2902
2010
7621
7842
3933
6792
2126
2283
3646
6774
5195
4248
2962
3599
4553
1926
7976
3892
3925
6279
3005
6290
1888
4515
4656
3112
7432
3071
4990
7048
6836
2843
4136
3476
3428
1617
5100
6316
5103
1778
153
1204
1461
6371
2682
7219
4123
5759
7801
1120
7121
8334
888
4556
8008
5367
3468
5908
593
5335
5320
6493
1096
7973
1772
5526
7700
6490
5685
1504
1507
3474
4988
7753
2334
5461
5772
3096
4312
5047
7138
1774
3625
1731
4672
4488
1038
1929
1371
5114
4158
6013
5996
1563
5751
2080
945
5709
8319
4959
7653
1128
3102
8726
8425
644
6935
2580
6847
6530
2803
6136
6710
7075
4604
642
5868
5104
4609
7987
344
1286
207
4093
4389
1890
1019
443
4299
1691
6377
7649
1837
8761
6011
6064
8496
5382
7938
8657
671
2032
514
8757
5334
7834
2396
2967
1920
4805
1436
770
4159
2115
4108
6703
29
3586
8156
7145
8108
4286
111
2769
2361
305
7066
741
1655
8675
3805
5586
965
508
3458
3270
7417
8612
2230
6149
4860
8508
1056
1522
7538
7053
7239
8233
4254
7088
8330
8286
6023
2784
2894
5377
686
7749
2657
5574
4796
7324
3183
6466
5244
4776
1023
3807
3316
3969
1405
5990
7308
8769
5790
3134
4384
7170
7663
4432
3593
6022
310
6642
5606
3488
1578
3899
2177
7809
549
7243
4467
4780
3391
7714
5029
5509
6641
5775
2909
810
4638
2090
3686
3208
1601
1480
436
1050
5460
7447
1418
3483
7506
5639
6444
6537
8312
6987
2758
6154
5727
1847
398
3870
1001
1237
6562
766
5962
1972
6040
7374
8590
6785
4969
5950
6673
441
6521
3436
5844
6427
2091
6574
7781
3525
992
4615
5361
6905
5395
7689
7740
7617
4005
7625
3825
5694
5672
4266
6529
8220
7529
6644
4535
733
7474
6533
4257
2273
3779
527
108
4968
7068
673
8127
4745
5712
4891
6722
6319
7523
440
1828
2956
3146
6053
7924
5631
219
1256
2890
8422
6862
7620
17
740
4187
267
8088
1422
5444
2633
8153
5058
3959
2317
3410
5192
5150
6784
4883
1307
8599
6089
526
4670
39
1773
2078
5753
2509
6104
3109
7458
6205
5697
3374
2804
4074
4665
4573
5517
2455
5156
7230
2064
7349
3778
2831
2247
5478
794
7086
4639
266
8359
6873
2370
364
3258
1558
6070
3949
3227
6612
3223
3813
1042
2484
4063
5683
6086
7718
248
4017
2802
7702
3546
4080
5447
1785
1094
8723
7637
720
8245
2222
804
7210
5618
5121
1144
64
1537
2465
6645
951
6692
5215
886
3598
1379
8142
6816
4887
3511
1752
7959
4964
7468
877
4249
3088
150
2395
1190
8292
5008
8773
5999
1448
6494
524
2971
7639
1268
6500
7953
4909
4376
1723
7744
7387
5900
2903
7825
4214
4628
4924
1680
7365
614
5720
4783
7100
4447
7207
6643
7470
2693
8426
2420
6278
7395
7805
7881
7841
2262
1463
2830
4372
568
4889
7988
7285
6224
1279
6122
5207
4691
6118
1905
4009
3996
2450
8701
3729
4832
5258
8577
4751
3863
8084
6579
6666
3701
4686
7361
6712
138
8566
3159
5174
1597
6907
2727
6536
1608
4791
6302
2324
59
2439
7492
4655
4504
1439
3194
6285
6704
1824
4778
7899
8438
6646
5905
415
4318
445
1797
463
5433
7441
7566
3791
5327
8322
4699
7803
573
2850
2342
1959
2239
4753
1266
5861
8490
2310
2596
990
8521
3117
1964
5269
2959
4902
5442
141
2123
7333
5911
2020
41
1338
7277
1798
7109
7181
6834
1462
3304
3373
702
2674
2417
6577
1670
928
546
5034
1895
8697
3670
4723
4499
2625
4817
7770
2116
178
89
6680
1177
7504
2929
1424
624
5467
605
7493
6796
8751
3524
3888
7766
6993
4500
3150
5383
8376
7785
6913
1997
7157
7796
7359
6548
3098
8078
8741
1506
5483
231
2793
2193
6910
2292
771
6651
6559
522
6423
1524
7483
8408
3062
2267
2564
1776
4693
1705
1029
6813
2423
4204
4169
5852
4932
8655
2085
3653
8550
2839
7570
774
4099
6996
4557
1141
8762
5599
197
5228
8169
7303
6320
7057
8628
8637
3723
7902
8071
3310
1878
7079
307
5807
2293
1088
4789
5749
6727
2388
1028
2352
7282
6571
4637
7692
3297
3869
6829
8113
5373
6217
6656
1863
6791
6870
1297
1296
5439
7323
718
6917
7839
5518
4984
3409
687
787
5324
3679
4233
7065
703
8580
2204
301
5922
8694
4929
695
348
2846
7686
6127
3673
3203
4024
7491
5838
8026
4595
1551
6032
3306
4866
4592
6449
7835
4513
3655
8479
7974
1080
7808
6499
4334
3475
3781
3477
4734
8647
521
1614
670
4185
1860
1875
81
1781
7376
6833
3941
4234
3160
8231
2364
5932
5818
3627
5730
1910
6566
6867
8702
7628
6170
1761
1935
6751
1585
8643
5848
7165
8693
7827
1040
2505
4368
3006
1267
4097
1154
5180
7314
7215
4188
3622
5049
5279
4261
8305
8765
5004
2713
8039
3700
3039
5577
1793
1362
4910
1565
3824
3225
6100
8016
1389
5614
2808
3612
6331
5933
7293
8005
7319
3106
6555
1053
3180
6648
7711
1550
1872
5318
373
5233
4649
7516
6975
5539
4103
8186
4210
6211
8224
6407
4676
5137
2003
8667
6814
1867
3498
2691
657
8089
3794
1808
7481
3052
2218
6298
4064
7530
8747
4369
8280
275
5781
6417
6958
3666
251
4831
4320
7098
366
7851
264
3427
2392
5466
4223
216
2385
3416
5916
8660
3817
6063
1620
4820
8014
8528
2521
6020
1472
1712
2350
2663
1699
7226
1775
2474
1161
6595
3311
1496
1109
3574
2018
2112
2778
2060
5689
1857
7096
124
8260
1864
4071
2720
5230
2161
5359
5594
3027
2684
2930
8494
5477
6088
538
7670
6872
4276
6090
3467
6998
8010
7682
4027
4630
4908
6850
6255
5316
6385
1732
2196
3891
6268
1323
1451
5071
7380
4397
4449
6172
3931
4271
8633
8030
321
5285
775
2542
2492
6461
6586
6618
8485
8574
4711
4282
1112
871
6261
8774
4019
7769
3972
3207
5579
258
2067
6911
2136
7427
3440
621
2384
7608
4032
2214
4363
7060
1164
2257
7589
8370
1409
789
8752
6128
4079
3607
8748
8767
5070
3308
4072
6752
5903
5133
1820
3582
2219
4177
1893
5314
7912
3094
265
940
3749
5569
3318
6992
900
2424
7586
6557
3535
550
6936
8571
3128
4896
2707
4731
756
4456
7751
1194
1263
4822
430
6197
5531
7241
958
7185
7553
1991
6556
5213
4107
1979
1476
291
4208
7647
8500
1557
6802
6620
7148
7886
115
1928
4762
4047
2146
3481
7962
6826
450
8289
3944
2966
5610
7539
831
3767
7392
6389
5457
7560
1306
572
7033
8102
361
5290
2575
4476
7379
1020
7574
8118
8640
7641
4635
3256
1101
3252
5743
3567
8227
7846
569
283
6451
7448
5037
8173
6665
2482
6282
5064
6145
5752
3691
8390
2714
2246
847
6048
3154
710
1264
4559
2399
8205
2879
4092
4942
6082
7435
5880
5249
880
3448
8457
1211
5567
8683
3093
1729
4440
2463
1438
6934
7960
1415
2847
2086
5622
8092
8234
8208
5196
5659
6435
5110
7964
7269
3555
830
168
2776
6017
915
3668
6617
1021
101
4126
579
5393
1076
8715
2407
6921
8326
7149
3635
955
8171
175
6908
8586
1960
2092
363
7426
3287
7719
7531
1823
4283
4558
1559
2958
1675
3875
8104
5431
5633
162
4365
4360
2356
3193
994
4792
8530
5480
8609
597
6051
5462
210
3284
8120
1877
8781
1812
3090
2235
922
1743
5642
4081
3513
2782
7262
3121
2631
2968
1355
2746
128
2118
4830
1115
586
5245
2321
3202
2742
7264
3424
5120
5252
2532
8568
1004
5140
3640
1081
7584
6545
3808
14
5929
5497
7915
378
6169
3596
8215
6297
3461
7124
3502
8200
7337
1158
1541
5796
4632
5403
6206
6597
6920
5621
225
1071
3129
4151
3331
6688
4605
8099
5914
2969
3549
1786
6457
575
1007
5491
5146
4923
8027
7508
4115
3900
7665
5236
2290
8136
3832
1157
5449
3962
8379
5571
4152
4304
3070
7925
4241
4091
6420
174
3041
8135
8000
2260
3446
8209
4290
4321
4142
574
1471
5185
808
2215
424
7980
8495
4919
1664
133
196
1783
1208
7880
8189
20
1160
2211
3783
6682
31
4379
3986
7540
1560
772
6952
5052
1375
798
5221
1850
8779
1829
4813
3302
2610
3629
5231
1789
8367
504
201
5937
1428
4651
6922
2773
6962
7684
2028
2172
1326
6619
1391
53
1755
5503
6131
8206
434
4543
7961
1245
2440
517
1894
246
2595
592
2594
2442
729
6480
2481
6273
140
7668
6735
5750
2882
8297
4466
6514
1365
4674
5946
2419
633
6468
1321
6766
3708
865
2297
2643
8401
6453
3816
4629
349
4244
5973
2757
8387
72
6006
5463
856
4625
3122
1395
2884
8584
5871
8182
4129
3442
6401
561
3987
6892
8585
1113
2940
2034
3080
3748
3752
7071
8161
7278
3113
512
236
1148
3033
8345
3382
1994
6613
7025
7754
6318
6505
2209
7831
4818
6506
6591
6901
4954
5313
5021
485
2143
5994
5654
3992
1648
4388
6189
630
8424
1342
5059
4643
1631
5242
585
7123
1806
8105
456
6487
2098
6607
1800
4727
6146
6689
2347
3120
2816
921
5927
5525
6098
4314
1232
3848
3859
8251
6295
372
7990
2128
6723
7927
4940
6156
8302
3902
4402
2699
183
6087
6711
4862
7819
8560
6899
6512
2200
7421
4239
8402
1841
1724
6200
4452
2655
3242
5867
2249
1440
1735
7442
8749
453
5490
5112
1187
6909
6966
4895
3072
6124
4530
272
6698
3520
2188
6253
2636
4562
4962
2888
2885
1457
7056
6226
5311
8598
7343
8112
2629
5009
4533
4624
7742
3371
3349
7771
4487
8045
2700
2704
5494
47
4483
7182
2939
7131
1497
838
6875
7328
1357
3730
3394
7009
1132
5928
5842
482
8623
4898
6693
7479
3945
8435
2242
4705
2864
8712
726
6008
8328
1983
8445
1238
849
6403
6884
1327
2400
7174
5284
152
8111
6055
438
5582
3796
3312
6756
6662
1615
4263
3823
6204
3907
1589
1792
1811
3650
4405
6894
1635
742
8488
2696
2912
5476
4627
7113
5721
176
7875
6242
4897
54
4829
7837
3095
7050
986
5357
2158
5826
7707
5411
6778
7334
4740
1099
6134
5902
1536
3866
4240
2476
8620
1300
2953
3578
2559
6258
8708
8192
6717
1687
7756
7995
1189
689
8716
3545
3904
1489
7627
6924
8110
3841
5862
5224
1843
6769
4306
8635
3037
3753
7758
3419
2806
5322
5616
5580
6352
4324
1370
1136
1561
4353
1942
3182
4701
716
4758
2264
8303
3218
1961
200
5676
3114
4608
6994
4479
2282
5954
2860
1201
6863
2005
1804
8085
977
4779
3594
1403
7478
3580
2415
5863
6819
2719
2497
5286
1376
8141
5007
4250
3843
7155
2187
7197
1977
4414
5406
7263
5499
3662
5496
473
662
4645
8559
755
4522
5189
5703
8412
2386
5941
5144
3040
4145
468
562
4069
2760
1155
7459
4720
4801
184
7076
4205
6387
8066
3507
8096
8564
8786
7093
3460
8588
1077
5602
1769
557
32
164
4355
4207
2225
4743
2382
5025
3199
1587
2569
5747
3433
7906
4970
4333
6508
3246
1901
161
2851
4493
6690
782
3523
669
8436
2525
855
4613
1005
3530
7966
4491
8447
69
5907
1700
7651
3874
8059
4461
8456
1293
7200
815
7833
4687
4033
8634
6083
1548
3383
7696
7345
1649
2602
1452
1150
2854
6216
8692
8032
3131
8539
653
8375
2687
8152
137
513
1544
2855
414
8678
2171
5511
2354
2926
2845
615
1684
7532
3921
5226
4455
2862
4761
5216
4698
1092
3450
278
6739
4858
1273
8107
5667
8501
6865
330
8595
1316
4899
6811
1328
8385
8407
1083
3272
5040
1388
5332
735
7951
1151
6447
2556
5604
4843
4654
8178
8652
1922
7082
8356
3334
4549
486
1966
3216
3568
3500
7265
6532
5755
5590
1630
8464
5022
1265
5443
4008
6093
903
6191
7354
2006
6223
1609
6951
881
3425
7006
2069
4966
4423
2536
6383
6341
4589
1220
263
978
3562
6744
1866
2057
2551
6600
7388
6549
8272
2852
7743
4011
6588
4118
4999
491
8365
1611
2533
7412
8706
2156
370
8469
947
1199
1612
8483
7909
7248
1725
3456
1385
2319
6349
2792
7101
5119
2512
1988
7757
3045
7287
876
6851
2998
426
360
2381
3496
709
471
8780
295
4607
4617
6664
1181
7160
2326
8287
610
5822
2433
7580
4773
5044
6495
7419
1494
5295
6691
4756
892
6213
846
8567
8349
8237
7916
8256
4955
5584
99
3515
6801
7716
8259
7299
4806
2278
381
4611
7921
1840
1693
1048
3230
8576
2618
3845
985
4928
1936
3354
3220
6983
2379
6111
1533
2286
5696
8614
5306
674
5251
2489
6582
1815
6563
8235
1302
4345
154
6528
3518
6376
6288
8646
3993
2127
8033
3703
4230
7599
2842
1779
7244
745
5124
2036
4194
2501
8232
243
3800
5401
2434
8734
7550
7568
7998
6426
5976
7810
3721
2119
2730
4509
56
309
4869
4477
2754
7890
1380
5116
6114
1669
5325
7793
3414
3333
7102
2735
1176
2814
5343
4195
2340
7583
3665
2587
2470
712
2896
1251
4329
6526
1495
6440
893
908
3372
2861
7648
5388
6232
1301
5445
4819
7027
1835
2800
7415
4600
5789
7253
1129
3648
256
5077
2279
202
2221
3447
4393
4971
4227
1346
780
5889
6416
7092
2825
1209
2901
5504
681
7394
5735
257
388
5595
2378
7646
4124
320
2692
6593
6569
285
4856
3073
2589
3923
4684
1710
2955
1969
3938
5003
7091
7069
5512
3400
6396
7991
2975
4403
3281
5013
2448
4458
1634
1660
651
820
8007
912
1230
6060
824
6864
3784
465
6890
1903
4358
163
4285
4307
7363
6018
1373
8079
4486
3971
2445
4527
5979
4094
793
3684
4471
1453
6408
7296
6161
6267
4700
2670
7312
6984
768
2341
6745
293
85
2330
817
4416
208
3239
2101
1441
2588
3820
648
715
4876
4125
3111
8146
2198
6628
6001
4764
796
5887
899
7533
7710
455
867
3965
6190
1271
6459
6573
8056
3077
1553
974
2088
3799
6437
1849
122
6367
7195
4242
7070
970
6937
8392
4683
2194
3431
3466
1896
4585
6000
5237
2737
8397
5834
516
4212
3137
8038
4525
3980
5419
1103
4807
8116
603
932
778
4842
3750
2765
7721
3263
476
1314
3536
6970
4616
724
2437
3328
6141
753
3742
4020
5492
3652
221
8018
3527
2307
925
8777
5498
1006
4268
4741
1647
1351
7552
4575
8666
3664
7317
4352
6885
102
2458
5387
127
6068
6507
1701
6229
960
5945
8068
5036
2237
2227
6233
8219
587
6266
3716
1810
3164
5188
7408
4767
1149
6094
4178
3626
2082
2774
6517
362
4642
3970
5647
1650
2899
4890
6237
2205
3772
2810
1262
5280
2898
36
3497
8093
7208
1434
1927
4707
5608
6634
1284
179
8063
345
4907
1838
663
5479
6940
8154
4378
5643
5551
6031
4367
4335
7085
2592
7187
3299
6800
8681
1931
4854
7467
38
3798
8476
4957
6400
4534
6621
2380
3126
3443
2868
6609
5815
7351
1257
4443
5229
2873
7830
3976
7291
2581
2685
444
3054
1613
7439
7154
6442
3437
4054
2369
1826
4044
6347
5652
7464
2819
136
1582
2303
919
3233
5516
7629
2818
7119
8226
8711
8431
8040
3248
1814
4725
4782
281
8304
4774
3413
7937
6708
8737
3896
5779
1394
3286
7717
1943
6402
2314
5806
2298
5400
7693
2079
4128
647
8565
8709
4260
3901
6203
6626
4809
2703
1210
5722
5194
818
3603
3076
2447
872
675
2173
3051
5277
2524
7564
6540
821
6263
4619
8309
6531
3261
806
3484
4139
2332
666
8703
4512
3267
6695
2234
6381
665
6132
4135
5010
3881
4505
7722
1011
6527
3092
761
5323
337
2263
5405
1344
3016
131
8519
7708
5845
6287
942
5317
2613
2322
6948
1086
7144
1041
3744
1556
7184
5893
7587
4478
7985
1184
329
3074
3777
6879
952
93
2722
3571
1874
1543
6321
6598
1685
5989
6770
4301
6241
601
6103
6967
6625
5424
5254
4037
4235
5891
6768
7073
3898
930
7107
6498
3913
5469
3966
1396
7307
4275
8101
6544
4704
1483
3819
3398
1677
1900
3370
7513
382
5740
6324
1668
2611
1512
8525
1116
8603
181
8673
3707
6313
4523
6028
6016
4180
259
5415
2853
5991
1538
4121
172
431
1446
7571
2255
8682
5850
4196
3595
3611
6803
135
3683
1010
4106
2087
590
6699
6622
5458
4221
1212
6483
5872
40
1354
6097
5854
7382
165
8782
8554
2296
239
8428
470
2349
4297
8754
8262
7487
5960
4089
2941
1753
5379
1678
5670
1720
1036
2813
4176
2874
7375
654
7257
5159
2616
4424
6961
7198
2304
819
1588
352
7147
5627
2076
4675
4948
1605
5538
5734
279
1855
4850
8294
6484
7042
2695
4501
626
3981
7786
2248
2083
2624
4084
5358
679
8772
6309
1581
8074
8159
2061
6616
350
2824
3903
6056
205
1697
6955
664
8789
8611
8201
5904
1889
2398
7171
2373
2026
8733
2996
7510
1117
1505
4337
7153
1261
3711
1260
479
5076
1539
2976
8042
7706
4061
3509
6647
3645
3522
2934
911
4216
3401
5136
612
2387
2371
7914
7871
917
4497
2586
2534
2368
1079
2516
3792
4601
6914
843
7562
3395
3600
4018
844
7047
5557
6807
5563
8053
7366
1430
6395
1491
3342
565
3118
4338
8617
5767
7087
2892
6284
1140
4669
3636
2479
6623
4385
3693
7768
2367
6558
1119
5075
8240
7203
4270
8329
71
6893
3995
1191
3532
1599
5360
1200
5915
1059
5801
1819
1356
1941
4383
4181
3265
6660
3047
1976
5392
4492
6075
5805
4434
8362
7014
3637
489
1240
5675
4528
7802
2016
6123
3915
6701
2763
6469
5820
2755
5293
6397
3890
5452
7489
6345
7520
7231
816
7588
3510
790
7917
3148
979
2130
5473
7095
1869
2832
4749
7161
6824
8204
2015
4156
2747
4710
8393
4122
5060
4086
1445
4827
2040
6542
2412
8006
4102
3295
1431
3172
5704
3939
166
1908
1241
1142
5142
1233
3835
359
78
2876
3967
4170
6280
7472
5134
5274
3219
4272
4419
7579
4218
4641
1967
1173
342
885
4934
322
6286
7385
4096
2323
7863
3577
6327
1017
7900
1882
8199
6743
6192
2339
4777
762
1426
2571
358
3168
2649
6299
4680
4648
1763
7640
5062
3531
1939
8563
5656
368
1937
2662
2231
6705
7811
8478
3176
4839
6718
3588
1193
3222
3814
4868
6581
6432
2504
402
1713
7933
7059
4444
6411
1055
3940
6640
8293
4172
6292
7882
8316
6329
728
3537
7514
1214
589
21
1382
5177
6105
6188
6243
2132
6084
3463
8
2646
385
5701
6853
2752
2472
5326
6178
369
708
3453
2210
738
4243
8166
2606
5464
2948
1870
6840
8350
8344
3209
3158
2708
7128
4748
5876
5082
2315
8684
6969
5940
8034
758
2612
5227
6554
4480
1595
7854
3031
5632
324
3919
1381
7162
3641
935
5200
461
3412
3746
7283
8506
126
6257
5714
7038
6788
3924
7812
8505
6379
2351
3301
6208
3022
2436
2089
6071
6610
3639
704
1100
8572
6821
6091
7414
4426
173
5847
8021
1106
212
639
6115
8534
7449
4732
3231
5728
7360
7849
4412
7135
1425
186
1754
88
7355
3271
8158
4631
7676
6880
6950
7763
828
5866
5214
4752
5024
2834
8764
3189
7288
1063
730
832
1748
4663
582
7063
2268
2725
6583
1818
7867
5923
3506
7437
227
7636
5700
2620
7391
4947
5084
3009
8077
7782
7111
105
1231
3771
1917
2972
6039
7515
1674
6433
769
5746
3177
1277
8361
4885
6180
2256
8442
7667
3288
5587
7229
1087
496
3950
534
343
581
5729
641
7480
1586
6891
6947
5561
7626
4160
6336
1259
2394
2017
7537
3462
3214
6202
8001
351
8739
2073
2673
918
7788
4873
1862
5693
5987
4316
5370
5130
3275
6830
5166
5011
8489
7643
3100
6236
3538
4612
2661
795
6108
84
5635
5983
2503
5510
4799
7950
6535
1153
4364
5425
8261
7944
5952
8430
4804
5028
2739
5485
1534
8515
7105
3133
3280
7856
4003
6687
2863
5814
8443
3558
5296
410
8019
5126
1640
423
8602
156
7332
8271
3348
7664
5169
1594
4772
7952
7413
3797
6773
2964
2875
7823
7206
6409
7302
7167
5073
8223
1902
3459
7106
406
6856
564
8484
6518
8474
1335
6348
7575
3889
235
3946
1325
4252
5827
2266
4279
7615
8179
7175
7224
4892
1662
1861
2770
3241
5671
4441
1880
238
1244
2427
4209
3838
3526
8109
7634
5947
220
6043
3013
8543
6486
6760
3441
4062
5208
1638
6844
6230
2438
8212
96
4006
8570
4085
7423
1022
158
2997
7783
6390
1965
8114
8325
6857
356
3163
936
890
3397
5088
4702
7498
1475
684
7674
3542
5132
1183
4420
5309
6117
6589
2272
5812
5840
7194
4473
6374
261
4146
5299
3464
4685
4046
435
8366
2607
2880
4797
4920
2848
7251
609
5552
870
971
6010
7748
8243
1830
3503
682
933
4105
6463
2920
5865
4201
7559
1980
2486
4713
4319
7446
4906
6179
4855
8491
4468
1203
2418
7874
2910
3620
3357
389
6740
3680
3379
7548
125
4161
5681
3101
5171
5292
5428
578
7818
1577
1499
1643
408
3704
2199
4903
4803
1913
2245
8601
2102
5118
403
2191
7789
981
6215
4974
8507
8680
6945
4510
5391
2353
6854
5172
1085
4484
7673
5386
6085
8126
913
1639
4886
1034
4666
198
65
2944
1255
8168
5629
8218
1717
8072
383
2175
6333
5206
1465
7212
4293
3836
1175
6683
6786
3755
8250
6478
4189
4582
6116
1641
1139
4747
4925
2954
6658
797
7335
4459
7975
785
8183
2664
7613
2148
7250
2918
1253
4039
7266
6753
8382
7457
1274
3853
6337
2545
2376
262
6649
5841
5739
6112
5578
4395
1750
1485
5493
7926
8252
294
3422
6155
6866
8257
944
3735
3747
7750
2459
3329
1603
1809
6572
4051
732
4371
7935
543
7591
290
6245
5795
1400
433
4144
66
1013
4313
2477
1341
6394
6624
7887
6343
4983
2478
429
2197
7300
5396
7936
8198
1249
7585
1995
4690
1549
2573
1827
4298
129
4435
7177
169
2280
1234
3741
1051
5808
1663
5097
2913
7052
3044
7946
1955
5099
1156
8419
7434
852
8228
7081
4359
8537
2654
4610
3255
6077
696
1580
1009
6979
2289
7001
1016
7386
5634
5173
2821
5164
8229
5623
8295
1315
5262
4502
8357
3954
6606
312
8730
6989
1364
8513
3091
7007
1352
3083
2151
2402
6218
3990
3948
5297
4041
8267
6538
637
2786
5786
6153
8788
8413
4193
2634
274
7984
7403
2593
4246
3144
8695
1427
171
691
2584
8753
6886
1459
3544
6749
7736
5534
4763
335
2277
7428
2711
4255
4022
5069
7407
5770
2430
1777
902
8155
1844
3472
3169
2911
5157
5398
1947
1784
7870
3802
5658
4724
55
5993
7246
8624
7772
6210
302
1114
1290
1968
7031
8298
2306
7463
3830
5072
5418
2604
3190
1384
7465
5068
3692
1702
8196
180
4596
2807
4354
132
4004
2190
4888
5869
3865
5524
7477
1646
7778
4278
7440
2288
8389
2299
8604
2796
4404
4599
2186
1329
3754
3099
4202
4356
3942
5783
3718
8548
416
2748
7099
3871
5794
5450
3988
2220
3298
4016
6465
7315
680
2537
3195
8593
4517
4967
6137
2285
1282
7330
5048
907
5131
7190
1000
5026
3141
3997
3021
6159
3543
8009
1367
2560
7678
3623
5566
1218
1014
3323
4303
6629
4113
989
3773
1108
2240
1807
976
4520
6825
4070
8502
6272
5472
5186
8745
4351
6775
5811
2327
8138
7512
3238
6815
5347
3017
6638
1940
1516
5970
48
341
926
1749
5416
1247
6982
4327
7260
1530
7703
4993
5556
5737
147
707
2729
5470
7618
3658
7416
4462
8575
3774
660
5354
1590
8394
5782
3702
6670
8625
4565
5238
1686
7826
6404
1738
7118
677
6382
247
2359
3677
864
8540
5992
7918
8174
7836
4981
5023
3269
5413
3605
854
5436
2075
1946
3714
2666
8416
2167
4598
8785
3221
7223
7258
2615
5687
7431
598
8766
2518
4311
547
5437
2572
8044
118
3917
3268
2950
6069
3738
2775
8718
5788
3756
8339
3042
33
5218
2104
5050
1654
134
4821
2000
4291
3884
68
4149
417
5356
5422
5426
4650
7857
4038
873
2047
4460
4147
3885
5982
5661
6244
5698
2597
6655
7453
4788
1525
5601
5522
3829
1854
7612
3897
5763
5884
3145
2718
8608
5710
7294
3968
8395
3389
4445
7644
5536
8193
3429
472
5061
1075
3002
6677
7484
8388
6176
4529
4175
2645
3313
3445
6818
6491
3471
3717
5032
5381
618
929
8687
4111
2993
3065
8332
2506
3317
3028
963
3105
7172
8358
7176
2570
2526
7225
2181
2756
6220
4790
4622
8671
7659
2523
6534
1131
1897
6015
3487
1730
1718
7695
5744
5645
5455
1508
4100
6362
3196
8263
3291
3124
4088
3719
7350
948
5899
6119
2759
1072
5016
6601
7305
4660
1037
2712
6876
868
6779
4439
5407
7451
8346
7326
2653
6250
8538
3682
4927
7143
4647
1368
3486
2681
2405
634
7049
5421
6898
8139
786
142
6906
206
8690
7189
5380
3957
845
5096
8273
7280
5181
734
6636
8420
3604
5839
2049
3922
502
6350
7518
4682
4247
2048
8512
8583
7055
2468
1064
8281
5063
1058
5543
3575
6897
4507
2031
3489
405
6650
5283
6787
8013
7565
112
5486
1583
5351
4058
4508
4963
2736
3856
347
6928
6587
7168
751
2496
4186
8547
4798
7535
3857
4524
6504
495
5342
1715
692
1989
157
439
8482
8462
4401
7897
8688
5977
5163
3911
2544
3812
631
7062
7130
901
625
4593
5091
2715
6430
7680
6968
1671
3368
6861
7371
3572
961
1999
3279
8498
1911
5628
6289
3656
5266
7949
7577
6360
8308
4143
1239
5107
3775
7869
594
3818
3378
2072
6485
7026
1762
690
6113
8247
4495
764
5942
6196
4884
7462
218
8670
1221
6981
7883
2483
4677
3384
3834
2059
2362
3606
4035
4348
4737
3710
3212
4295
6685
6248
953
8704
6369
3932
676
229
6516
7970
6728
6334
3689
3560
7582
4258
5253
791
4101
7424
2946
8300
4013
4422
159
2549
2142
5640
7720
6732
6632
5535
3782
3479
3880
4785
2795
7347
7780
6471
7236
4989
5925
2063
2129
1311
1892
6133
7922
3043
776
1771
422
3473
599
6306
4292
8002
2640
5600
6418
5607
5328
2701
5190
1656
3452
2
6776
2671
5651
182
4709
6355
6603
5402
3290
346
3421
8587
7878
7701
4296
1633
8380
7978
3499
1479
7614
1962
7861
5715
3063
5813
4294
5785
7268
1138
7310
4636
7737
185
2767
3847
1454
788
6235
8461
3554
5972
4140
3019
4922
3743
6251
5724
2598
2897
7603
8594
7390
8202
7438
7271
6715
3644
6985
160
3032
8499
2513
2732
4433
1881
3084
2686
5256
5307
5364
215
7163
3130
822
1619
7078
7747
8600
