4938
3164
2360
2787
7865
5988
4393
7023
8663
5237
4982
436
3882
3227
3561
4092
4854
4086
1646
7049
1623
1037
8072
6534
2995
6768
5446
1148
5051
7462
7024
873
3861
629
5088
1540
2510
3038
5246
5350
266
556
1710
7127
3864
4569
325
5709
481
8764
574
2550
5694
8054
5588
6462
7809
2981
4193
1440
4242
684
1258
3496
1903
5916
6211
3173
2637
7401
6345
4618
2834
8581
506
6312
5182
5899
1662
1591
3586
3087
7198
6727
8094
1277
585
1659
5824
4526
6984
7568
2748
5214
8304
3907
4687
5447
6122
6506
1120
4292
7538
4083
8241
1055
4196
2662
5832
5984
3399
2361
2502
6610
5520
1276
5388
8011
4729
2063
1982
5095
7685
5921
7566
3947
1315
7540
651
2732
3243
8427
3041
610
137
1577
3178
5011
4337
5125
208
1910
6691
5675
5863
1197
7143
3576
1472
2340
576
5120
2358
5998
4671
5227
2835
303
227
1038
6394
3192
5742
7019
5401
4206
6325
7031
4629
1172
2908
5341
3589
4712
6609
3054
6194
1213
3416
8593
3829
4724
6926
1581
80
2099
8486
1414
3229
5845
5714
3439
4942
3808
224
5033
5487
2395
1546
4542
2156
1489
4419
4902
5909
2396
5453
7579
3856
1968
1866
3581
6352
1756
8672
406
7796
6736
5424
7394
6849
6745
4824
3499
4722
699
6289
6341
5810
429
7826
2054
968
4868
98
5828
7080
6053
3567
4427
280
2802
7973
4910
1753
2380
7740
1028
7253
4277
1528
951
5672
331
4229
8458
8270
7165
5752
2039
2411
8388
4554
3213
1003
5616
7836
1992
6306
4213
5480
3506
5396
3117
3271
7704
4207
4472
3658
8111
6042
8753
3731
7642
4022
407
2625
499
8739
2729
8159
4042
3611
2804
4143
2881
3830
3050
2772
7962
5982
642
4482
1813
2453
3003
8336
1000
3621
2472
1887
3433
3495
881
3792
4908
5322
5173
3995
1201
3121
6656
274
14
4059
2256
1403
5119
1468
5754
3968
4371
6535
8556
7573
7128
70
6039
2289
7067
7541
5272
4124
4802
163
3395
1792
8242
943
8649
7231
3594
7163
5355
6705
7033
5301
646
615
5796
8407
3096
774
5328
8080
4269
4619
3898
7134
6741
807
8531
3560
5875
1370
1298
5661
5622
806
1700
4026
1944
7353
8091
8032
2295
7457
1049
8303
3470
7594
2525
5705
5441
6811
539
1703
3946
418
4956
7825
7837
30
8199
828
4589
6236
3074
7706
816
5893
673
6978
1661
6282
8338
6088
2445
4981
1785
8527
2130
7656
2363
1056
1837
6075
5716
6809
1415
8640
7377
4882
428
6679
7481
8247
7194
4614
2831
2419
5115
7409
4148
8371
1377
8368
3221
7250
7934
4457
3119
8200
6231
4932
1013
2010
2555
6877
8314
2226
8311
4797
7407
2654
3618
5295
2743
2299
7682
4583
7437
6048
6568
6131
588
4761
6986
6124
4489
1719
3030
3220
3419
6207
6125
3844
1638
6439
4365
8251
3114
5027
124
4055
4334
6765
8445
1325
7793
5199
5775
6455
2987
5491
2668
1978
6522
4031
1158
3123
3014
5668
4937
2600
2383
4301
7158
129
1755
1066
1854
4851
7546
3237
7161
5627
1327
3999
4418
1961
2660
5220
2085
2518
3357
1919
3389
3911
2702
7118
2780
2200
3868
6810
2849
7270
993
4469
7982
1449
2556
6887
4421
6493
3869
8190
7938
2421
3097
4947
2701
5332
515
4254
7508
4182
7987
2104
7547
8203
7823
6370
5640
6908
4072
6068
842
4750
4138
907
5383
1205
112
3275
1712
4461
2352
5091
701
7767
4344
6413
517
3157
4291
1722
3452
1096
4548
8101
2143
8310
7329
1246
1503
5019
1263
2650
8462
7644
3562
7940
5420
7831
2545
6686
3565
8269
1375
3274
7099
6711
7139
497
2501
3451
7242
4091
173
3750
4146
1282
8195
7248
7867
2261
4354
2911
6333
4433
1816
7054
8590
7136
5854
916
4609
8012
8472
1984
7924
5023
229
1225
3695
7433
4512
6257
3823
1643
3126
76
270
5426
1432
805
664
4663
4635
8737
5819
5098
2626
5251
564
1215
889
5877
1091
1470
2875
6958
326
3574
5309
193
3471
8717
7937
7227
5708
6019
6433
1824
5128
2253
7791
6626
6038
833
518
2475
8298
6814
3279
2957
2492
6833
4594
7860
2298
5677
2619
995
8139
8507
4861
754
5495
4090
3603
7925
3740
6299
1154
4097
6635
4733
4693
3746
8508
5551
4380
6869
8409
8174
4866
921
8348
5117
7058
3771
1018
6515
8509
3838
7756
3474
2409
4716
5416
3065
7003
5941
1709
3583
5344
2921
5589
2557
949
7373
432
7077
4901
7199
4145
1806
4971
3253
8644
8610
5366
542
6166
7254
5835
2203
1778
1350
7590
8071
7222
4247
3687
3466
3840
1126
3937
4485
2315
7108
2259
3820
7445
190
4839
2897
5795
3833
5233
7117
3939
6597
6395
1930
6873
4194
2321
2491
8789
3521
7948
2928
8008
4117
6925
2136
3315
5181
741
2482
2986
8059
4993
2504
4050
1811
5159
6000
8567
6637
83
1711
1828
6164
6979
2109
5788
7615
7674
7083
2750
1074
6315
5468
3973
6204
6065
3481
6942
1572
5195
5261
5168
3384
2014
162
8331
2561
5655
1617
461
1970
6812
533
1986
5623
4392
2417
1264
3585
5247
683
3669
3168
620
5308
141
6138
1232
1476
5205
6213
8770
1487
2982
3040
1447
692
5572
747
3441
4005
5244
3147
1598
6738
1799
7220
2062
7423
6495
4768
8583
4015
8517
628
2815
8056
7299
6985
7496
8038
8767
2883
313
2805
534
7655
7454
7830
4113
5385
88
4076
4879
5087
8198
5604
8560
8192
4991
3045
7446
4141
5970
1877
8090
2428
4073
3190
705
1580
7068
512
458
6239
2432
7209
5636
8335
4195
5077
3976
505
6280
5818
8704
8279
1445
8140
3358
6069
5368
3642
6653
6872
7478
6036
6835
8725
8052
7532
1481
6449
6800
947
883
7148
2265
5321
7412
7526
8426
3596
4028
3880
7632
1306
1512
1234
6193
871
6769
7606
7111
5513
2535
2057
4197
6473
4630
5609
4899
1412
721
8699
8226
6801
3448
4052
665
296
5241
3919
8073
4877
6652
1568
5172
4553
7665
4977
5756
4841
1133
3372
5834
7759
2819
5288
3544
885
5418
2370
6842
2833
1636
3394
6959
96
3556
8155
4967
6760
8403
1949
1695
8364
6058
8585
1471
3438
6072
3736
1793
4641
248
2734
2033
319
4763
4928
7420
5046
8206
1609
5611
1797
1181
1963
4975
3083
6392
8250
4128
2956
3859
7173
142
8365
1142
6516
4219
3004
3200
5550
8105
4053
911
1945
2643
342
6498
4202
4396
926
5286
7391
6443
6689
6737
7843
5196
3727
3242
749
1031
4000
1846
8280
1843
8374
7121
1767
2269
8216
3779
6804
3886
5167
6792
8530
5391
299
7089
374
1582
1319
2558
7506
1251
2968
577
6698
3005
8781
4006
6988
4820
8064
2631
5879
3905
3258
4787
7267
6059
8459
2719
6298
4855
288
1815
5757
6550
233
6023
1174
7535
655
7303
3985
2303
3865
7799
5746
3770
1595
7010
5432
2920
2304
2783
3196
2946
355
4212
6764
1188
3650
1288
1394
4954
5536
7013
3889
1224
3500
5710
513
7737
1134
1453
613
7291
3492
7974
5462
1501
1256
3797
4989
6690
7766
2238
7789
2720
792
560
5658
5457
6302
7280
1357
7164
5085
6946
4235
5965
7098
6181
6147
5951
1281
5114
4996
4444
5933
5973
3559
5379
2117
2900
3327
5957
3910
3377
2762
7627
8612
5712
6304
1586
3339
581
6827
2020
2680
7881
8209
4509
2112
1993
1871
3284
2759
2455
4087
2694
8316
5226
7477
2519
6763
1937
3719
6724
3093
3283
8740
2029
7176
2485
5215
1203
6673
2790
671
4562
4186
7007
4876
1818
6281
8658
5964
8116
1743
2601
7292
4410
1262
3445
7821
1950
3948
5436
1459
74
2061
5320
5669
5135
2081
3908
1613
3721
6482
3011
5264
1857
4238
109
8479
6435
3817
5632
4683
2526
7880
7237
3116
8636
1664
2403
8301
2290
6664
2979
3224
8410
762
8469
960
6920
350
1802
2997
8376
1853
5275
643
213
8185
3912
3693
2434
7256
3957
7945
3551
6648
7895
8221
1908
5764
7474
4931
89
652
6676
7449
7041
6113
408
7181
850
2050
1511
7314
3203
8503
3053
7709
735
7438
3888
364
6423
2463
3664
5152
147
6938
1121
242
4360
197
1407
5830
8164
6100
7047
909
3515
17
5762
3397
1189
2731
2691
7862
4819
1702
3383
6027
8037
3314
4189
1195
2753
4688
1845
7305
1284
7716
927
1456
2086
7011
7851
4093
7104
315
8650
8688
115
5838
2940
8100
6253
3659
4714
2809
8137
3783
5335
6963
2154
6650
998
3827
5387
6752
5362
8312
7581
1999
1508
6384
7633
1176
148
8711
3486
5807
1608
5499
4069
1
5601
4065
945
2711
4771
2727
7169
3150
5751
2534
1144
3760
2586
1969
3640
4798
1301
2268
4163
1335
4362
983
8665
7392
1685
7892
6796
5545
6531
5105
4576
4725
1420
7678
5681
1947
403
4244
2798
5753
7812
6819
4232
2158
7417
3211
4398
4510
813
5223
7432
6212
6580
144
5733
237
7142
5038
4256
4112
8048
3155
6397
5477
7296
4867
6479
2068
535
4139
2184
6363
7369
5256
4101
8480
4010
626
5166
7864
1404
3483
8414
3188
3301
3312
6450
2080
8769
2937
8360
1214
7847
8788
7150
8607
2124
8654
5719
1996
900
293
5593
7534
1212
338
2605
4627
6722
5763
3330
3781
485
253
7295
3166
3794
2850
2058
4478
8176
1874
8022
7658
622
4786
1717
4299
7839
3027
8524
8315
2693
636
4611
2695
5577
6343
3714
7207
1551
5911
4114
4516
1147
5543
2376
7166
8126
5005
3468
4915
5597
1221
2090
3167
1798
1689
3759
8362
1771
5939
8121
2932
5989
8050
4602
8081
1117
5464
1772
3207
7355
3634
6339
2774
4048
2480
5143
829
2990
5586
7684
4013
222
2786
1342
3607
759
4941
644
3295
8455
1303
1273
3371
6286
8515
8579
7228
8496
5931
4491
1356
2844
8097
8
3975
958
1923
1765
5876
2208
1536
455
7598
5888
5997
4721
7926
3266
6661
7447
215
8285
4225
3128
480
2490
5277
5992
2397
5421
49
5825
6845
6884
8572
174
6348
1206
1060
3679
3408
6187
6623
1935
2394
562
5393
2532
8342
5471
8234
3331
2288
2857
4976
467
2284
913
4836
7857
1015
3716
5869
5858
3261
7904
3789
6159
6815
2331
234
4929
4382
5305
6614
6062
3375
8662
4002
2153
2852
5884
7711
4454
4847
7634
802
7819
3761
1819
5680
1166
2393
849
5422
4377
1852
5929
1826
6247
7084
8451
7456
7046
4104
4425
2991
3447
2509
1759
3588
8182
1796
6063
1543
158
7951
4190
7733
8413
4924
8442
4316
7016
4413
3548
8397
276
6990
4464
7187
6539
6386
5065
5154
7530
4448
6418
6541
1366
1624
6240
4442
3239
443
4416
541
7798
6285
5850
3454
6426
3932
2377
5701
4605
1243
3918
988
8439
3186
2960
3991
2954
3579
230
6144
3676
4331
6317
1164
4481
4089
3398
5943
6545
3255
457
1216
3169
2273
2647
1579
3484
1868
2576
3577
4330
5725
7352
3925
7750
4169
1605
4289
3806
3352
7676
8430
5411
8504
8659
7302
2382
7646
7465
1092
205
6459
8222
8255
6546
2175
8186
1302
4838
3015
1676
8467
4261
1556
1428
7956
1457
3456
3432
6504
3550
5895
2426
4803
4719
3458
8660
6974
2765
5800
8147
6775
1746
2435
6859
7942
1408
5735
8539
6713
3490
2348
3072
8333
3599
2797
1515
2457
42
7746
1653
6198
3953
3424
7229
2939
392
3182
1964
5679
5455
4900
6961
5737
5507
7468
68
1725
6185
7203
6843
4443
2845
210
3058
6513
1452
8587
4992
4681
2511
857
3250
633
3765
6830
1616
5372
5634
5570
7101
8405
1787
4405
6778
2142
7553
8582
6706
3479
3706
5285
1242
6153
7624
8465
8645
4581
8289
1333
3306
3151
2245
4895
8502
1494
3853
2221
2123
7062
815
2919
6349
932
1830
7470
6976
5454
8227
3299
1547
2630
5569
2878
6571
1708
3265
3386
4348
5157
6882
4529
2236
5060
717
1374
4094
946
1011
5516
6484
3843
3082
4320
2373
8167
282
3633
2389
2071
2725
6939
704
6157
3461
8036
334
7850
2959
6575
8513
3629
477
1654
866
6255
8588
3867
8293
7308
4130
1039
4460
2194
2186
7162
2274
5740
6300
2652
7807
5799
1649
4909
128
1883
31
4860
4812
861
3960
3904
6336
5522
729
4080
6547
2791
709
1737
4668
3534
4522
1307
820
3828
8537
6501
8762
875
1450
4620
7028
3964
1211
937
5653
8586
8623
6458
3026
4099
7829
258
8521
314
7950
2972
668
2257
2043
3972
3802
8719
7170
761
6017
3894
3876
4215
4905
6430
3225
4057
6982
3057
6594
4664
4056
5474
5947
4367
6463
3924
6105
8387
5591
3646
4341
6203
3554
1386
3396
1807
2092
496
3376
3348
1190
5615
1266
2867
4570
706
8240
3208
1940
8358
6398
2013
178
6087
5946
6230
7899
4024
3623
2569
1048
353
7813
768
6649
6629
160
6911
2681
5676
5068
2218
2958
6127
3879
2477
7580
3142
657
8429
8115
7510
5656
7379
2862
7521
5014
5374
2836
5463
7135
4119
2206
470
2910
3144
8400
1451
7262
6295
6377
3962
8404
8236
6229
5103
2324
1261
5783
6852
4020
6324
345
3655
6403
420
5193
474
2180
2197
1226
2690
486
7902
756
4607
1812
4470
4388
6151
6894
103
6276
6469
4476
7362
4363
6372
662
7475
3636
3345
929
7435
4369
6817
3615
6326
7338
2342
8145
99
8466
4250
8707
779
4808
8189
7584
3657
2359
4596
2384
4227
4088
7413
5006
2747
2829
4814
876
7764
3
6563
3822
3001
6805
8447
5736
4586
4258
2684
2333
1078
1050
8346
5296
8305
2220
3268
416
6232
1371
8599
7747
7874
4945
6527
6762
6943
5539
8112
8029
1040
6322
1915
1239
4878
7057
1361
7490
3002
4504
138
7543
7215
8703
51
2785
4267
475
1112
6102
630
1916
1339
1506
2338
2964
6598
4948
1437
5282
4745
5809
8278
772
6543
435
273
8129
6758
846
154
3626
7027
3403
5089
1341
2517
417
5398
4557
7663
4085
1933
7039
1768
5773
121
5723
2129
2264
6857
4162
5502
5269
8785
3064
5081
2636
426
1873
1165
5178
6301
8483
2404
1833
4980
1046
4503
1870
3648
4862
5717
8436
8392
1809
7879
2756
4395
5873
4001
6321
5358
3405
6645
3514
2015
3517
3459
4859
4843
4239
1575
2161
6045
868
6860
584
6146
2231
5808
2892
3965
7990
7425
5642
7993
2237
7806
2089
730
3923
2622
5849
7607
8501
3170
4667
4612
6799
8217
4424
5147
3236
2944
47
2060
8477
3993
7669
6081
5990
8225
6642
6964
992
3109
6196
7226
3863
4436
4870
6142
1104
3751
6895
1016
4927
4342
218
5778
3240
5158
7419
271
922
8646
776
4521
4375
7561
5234
7455
3593
3480
5673
7548
399
8138
7056
1592
674
4356
5815
5291
4210
7609
8481
3762
1305
6378
7556
653
7525
5814
1042
5912
3951
2040
1899
478
879
3141
7459
6909
4552
5923
7894
3931
2444
2160
4907
7000
373
1693
7197
32
4572
3187
4501
3446
4517
6511
2176
6472
29
8085
453
226
2926
3009
5232
6135
5759
7871
6559
3547
6134
8141
698
4675
2613
263
5361
6294
4695
2430
6183
3373
4884
7868
989
3365
6618
6841
5070
4767
5314
7507
3136
2441
1537
7854
1141
1083
4762
3249
7265
5823
1007
6786
5339
1123
5469
6996
4447
8550
987
434
2174
4021
1340
5977
4161
11
7152
360
6715
376
1652
240
7107
381
785
2764
2241
7055
1895
5240
6309
2225
896
131
2594
3970
8184
6773
7849
962
2412
7567
4723
1896
7328
1294
2249
6858
5686
4953
5787
7063
7499
3336
612
1838
631
6616
2439
5594
6238
8106
5857
2481
7219
1025
7952
6630
1202
7891
5859
4165
4848
7200
1976
6041
4857
5460
279
8143
2697
6668
6338
7641
6599
4507
4741
6047
7149
7044
8102
5102
4307
4829
607
3743
952
2488
6080
5610
5637
7583
6834
3941
6120
6560
6269
4105
7523
5767
1952
859
6451
4852
3230
6910
4172
5541
2375
6555
7822
482
4966
3131
835
3598
1344
5040
8655
6132
400
7608
6416
7343
4648
7109
7972
2021
2437
2506
7659
7085
1714
6007
46
550
322
1101
344
8180
2996
2046
4370
4123
1008
678
1417
4208
1114
4776
1704
5162
7404
1975
3539
3622
5528
7722
6015
7933
8763
320
4041
3764
1678
1280
3754
5960
7649
2642
7075
2229
858
4528
4136
2820
3206
6746
7835
4809
4810
3530
5944
8039
7763
3887
4573
1520
2011
7383
7133
3681
4934
1542
3584
5075
7645
7157
5587
639
7137
6008
6419
4874
3402
5018
1859
4896
3145
6082
7400
6438
7816
3287
5094
5324
8150
5614
640
7238
7768
3066
7903
1433
7832
311
4286
4744
5327
2103
4921
1399
2126
7817
6677
7560
1891
502
3184
6509
1795
6009
2252
3624
1529
1491
7949
5206
2327
8534
627
2953
1733
2367
1061
4023
5979
5503
444
3710
2392
211
5000
6596
423
6307
4438
4919
7712
7557
2280
5260
7814
5555
1382
7293
2343
6380
6460
1422
6960
3152
592
1559
194
7144
7661
7907
2602
2458
2065
4095
8419
8069
6291
2438
8448
5919
3897
500
7776
6486
6476
1889
3199
5146
5996
5837
7424
5067
2718
4535
5121
6600
7317
2205
8369
3745
2543
8215
6292
854
1207
2599
6260
7130
6604
8161
7914
56
3729
6064
781
5013
1383
3698
589
2074
1107
2335
3351
6318
5333
451
8395
2487
4164
6574
7775
4834
1127
5700
1878
10
6981
733
5258
8446
2924
2568
3161
2717
3100
351
7875
8068
3858
6655
18
559
1635
7536
4218
7988
2131
6836
8669
254
2025
7416
8093
1100
6929
4973
8678
2096
8697
6998
2758
4826
347
4417
4420
4109
2483
4228
6316
7408
6874
7595
4533
7991
598
3653
5922
7834
8053
4216
2115
7428
966
6031
753
4439
2777
7414
6503
5519
5184
5578
1912
6748
4904
1463
511
1410
7464
4135
5999
8009
5768
2312
5134
1670
186
6173
6215
6779
2989
6740
8766
5945
4757
5313
7625
703
1901
6470
6975
7931
1367
8211
8228
8778
8551
179
3090
7120
3696
8679
6956
2784
2773
4328
84
2133
1817
5063
2279
1173
8520
5020
7666
6999
415
1875
4754
1270
1129
6167
8104
3436
5703
941
1941
1438
2150
3688
5950
1398
2431
4149
3535
4933
1385
380
1851
4800
2471
8597
7783
8558
893
4662
3782
1247
2023
6735
3645
7087
6172
1103
95
2724
810
2137
5053
7239
8702
3726
8383
4252
2712
1482
7707
7770
4468
8103
6035
3570
4888
2341
8674
4837
2297
5359
3834
116
4898
1849
0
143
3404
6222
8158
5831
2125
5212
890
2930
6695
4588
3465
8492
5390
7088
1296
5434
7403
396
3785
520
2730
7175
4883
5523
2620
1504
5329
8456
7325
8628
914
6931
3814
4950
1658
1665
872
3292
6171
2839
1701
5185
6445
8375
4432
4747
8615
1425
523
7966
1311
7943
5054
6034
1475
5242
7038
2527
5816
4058
800
20
5829
1248
2301
8020
247
1292
2271
7992
1751
3940
6789
4511
4865
7037
5292
6126
5848
1550
2
3744
1200
4102
2095
4652
3012
8177
5331
7777
7503
5867
1900
199
3639
8684
3034
2903
1105
8175
7376
2999
6556
8096
5228
6481
6853
7145
4739
4742
1939
2640
6950
6514
8675
5995
713
6391
4495
462
957
4622
8098
5142
6885
4084
6973
3724
3540
4281
6202
3860
7963
4660
7476
6782
4431
8618
3332
2201
8605
5565
1946
2749
4234
91
7210
2169
2100
2402
3179
7513
8727
4300
7600
8608
2243
6683
7035
1392
6169
8731
1825
5885
7230
7542
1283
4532
2656
2608
5934
5645
7929
5665
431
3129
4735
980
6666
2416
3084
727
6475
6693
4191
39
6290
5367
8194
2638
5031
4560
5782
1808
4968
3362
7570
8750
7912
3954
8329
3018
1287
5197
3672
6359
3747
1387
3546
4282
880
8130
2355
5174
1880
2399
4842
2286
514
3717
7168
6287
7246
1191
650
4603
1391
3370
5304
1804
6707
7396
2706
891
7221
8777
1822
6802
7131
1672
4637
1716
5170
8565
82
6923
4054
4832
6114
4696
6043
5856
1106
8399
5283
5025
6903
1435
1523
6891
8552
149
7480
125
5409
8018
1783
7298
5986
8686
1640
6200
8401
3450
7116
1358
2573
7936
4760
8274
1789
6523
3104
6466
1223
5558
5126
2975
551
1193
4465
8424
7725
2223
8212
2988
7941
1170
180
6410
7640
290
3156
1571
3776
2634
7306
2688
375
812
656
4815
1448
3209
8326
5071
7708
4012
1043
265
8330
449
7452
5696
4376
7208
7692
5417
5554
4916
8416
3707
7691
1304
3630
7910
5581
3852
7051
3873
3686
1010
5300
645
3137
1943
4249
2889
1108
4285
6517
1240
6553
6697
5035
1784
4963
2204
3511
6552
4563
8393
6350
2178
7618
4173
8366
8453
7935
6353
2842
5715
6687
6346
2147
3469
3202
3210
447
250
925
3165
4309
4935
5208
2349
4705
1698
5784
6703
335
6717
3280
996
4579
2796
1884
7312
1909
1929
2162
561
1115
7375
2612
830
4636
5698
1747
6404
6252
2978
1080
3021
5509
1483
4639
6494
3713
4640
2671
4789
4287
332
6489
7863
8543
7838
8787
7348
7334
358
3343
6840
8066
7592
3986
2931
4310
323
1671
7760
8124
5392
5069
8523
8265
1791
8307
5874
1017
7174
4122
8408
5325
7890
6133
8759
6328
7509
3742
3966
1956
4825
4060
5598
5605
4222
7794
6383
616
2795
8642
8133
8470
4764
2870
7492
4349
7727
8591
2598
3536
4284
2513
385
2503
7616
2559
8317
1750
7188
6160
2017
3328
1151
4358
6588
3122
4853
336
2181
2907
3205
6824
1885
72
975
4584
2950
8114
8123
5473
7002
7074
8117
2703
6052
991
746
3309
473
195
2199
2537
1062
5045
1429
1360
6953
775
476
1431
4728
8322
6492
2581
7484
1497
3417
611
6216
8443
2767
6659
8761
573
1353
1775
1198
6937
2307
5161
3349
456
8535
5200
5137
5131
217
93
484
3780
7883
2037
5437
4274
784
8557
7878
6965
7086
1517
6174
3460
367
7957
5765
2768
7284
4171
3677
4828
1047
5625
6250
6948
7402
2157
2114
1738
7672
2076
107
5644
5505
5744
5443
3772
4039
2121
2733
7140
3885
4400
5273
378
1893
5574
2000
304
4096
2665
6754
6329
8438
6108
7995
504
4806
5311
3254
8296
5303
2001
1430
8224
8045
757
2577
1236
5252
528
7095
7730
1067
8497
990
2166
2993
5302
8021
1116
3753
8720
5452
959
8396
1532
4869
696
4411
3836
814
4534
3281
4319
7675
4025
8549
4361
3180
7565
604
1109
5175
8643
6757
938
2533
8475
2451
7922
3325
4766
7275
2211
8361
691
3422
4775
4326
894
7048
2616
5769
4183
4568
7273
3652
7555
7668
1601
3248
6186
695
3809
3647
2588
5662
7596
2547
133
2984
8461
6507
2639
5294
1267
5983
587
4986
6861
2313
1185
5948
4205
508
6987
8300
6536
516
1321
7326
5210
6361
5384
6319
3711
6678
5415
855
4578
7631
8058
7501
5886
971
7276
2149
1844
5049
7205
238
940
532
6284
5064
2655
7698
4559
5770
3262
5606
1507
3333
3489
2766
6471
479
1563
284
5476
1478
7844
4079
4592
7986
544
181
3060
5034
8681
7191
5357
244
8207
5129
8001
6024
1317
526
7870
7512
5707
1336
3421
510
78
6177
268
5549
7119
6262
5862
3685
3194
3318
7664
3913
5445
3516
369
1085
5163
3153
3320
3545
2761
5249
3434
2344
3553
3812
1053
2066
5058
4925
4778
4159
6991
1735
404
1098
23
6540
538
1235
3945
4702
3649
146
7004
5693
8062
2737
5730
8044
8620
3079
4248
7451
531
427
2191
5842
4211
7186
5629
4178
6010
3656
2122
1821
7810
8450
2905
3251
7184
165
2106
3620
4755
1731
8633
6270
6756
5913
6001
2120
4283
4753
5547
8478
145
6590
3056
2004
3705
546
7001
2466
8484
4203
59
4383
1667
6076
3661
8252
2536
4863
663
1180
4595
2649
6718
4538
8594
6401
4121
6879
739
8561
8529
7103
5204
430
305
970
6624
1922
6406
1320
737
2073
6261
13
3635
2994
5353
3504
4530
5771
8306
1072
5189
605
8352
3841
4311
7069
6520
5342
6444
6274
6692
1496
3831
1622
4177
5748
1602
3238
1521
4297
4176
495
1380
7271
5901
5160
7005
1637
3720
7017
8110
3670
8683
7927
202
1245
5892
466
5766
8273
1892
7179
3212
2415
2628
2266
8075
3643
2871
8095
8589
1555
6863
2886
579
5259
3388
2771
6821
6780
8666
6712
7654
4736
8738
5016
801
5699
6139
6152
7189
7311
7739
4387
6878
2083
602
8041
4237
5356
1502
8774
3304
2927
2250
8563
7212
3148
2692
4381
8715
763
2583
6060
783
7780
1113
635
79
3725
7261
2108
7436
8023
6567
7800
7078
7628
7728
1093
5086
4541
3124
3839
1620
4296
7688
8390
4498
4545
782
4694
5563
7805
5055
8173
3017
7082
7971
4389
7155
1490
3354
7562
3300
5822
34
5900
936
1419
1145
3580
8382
8031
167
1274
6155
2247
4961
1290
8490
7263
7930
7426
6558
4157
4964
3756
5633
6277
7636
386
6021
328
2293
5153
6101
6055
5280
4198
1071
2677
680
3942
2614
8741
720
8687
7853
6670
3518
6898
4689
1034
1831
2232
7921
799
6273
2742
7597
2551
4003
4885
1057
6374
3855
8712
4116
6793
708
5351
4831
6771
7384
6564
4492
6073
3573
5546
2172
6342
1530
1745
4426
715
954
6751
3909
4642
1739
6709
3943
5096
1323
8708
5728
321
728
1064
7218
8559
5044
4835
4046
1220
5745
1156
5682
3462
5940
7516
6190
2189
6855
8606
7243
1075
269
6699
935
8570
8526
3891
2700
3135
2170
2776
3748
8135
317
6620
4918
5954
5187
7374
8243
7916
2894
3103
175
7320
4441
1998
1479
5660
4314
1089
7563
8613
2242
3601
7327
2922
3259
5914
8744
536
5021
3010
7660
2287
7981
944
5345
25
5266
6429
4368
3390
2072
7486
8516
1059
5118
1842
7434
4445
3872
5538
7192
2138
8653
1218
7745
3016
3285
2052
2860
2710
7483
501
300
4271
2606
1196
7282
8641
3739
2400
658
6906
1184
1541
3617
6941
3877
2917
7330
5279
6051
5525
339
1509
2448
606
7344
2087
7444
2300
5738
1668
4450
3425
6358
2171
8494
255
75
2663
6074
4
7310
3347
7235
4531
933
3105
2275
2898
201
7514
4174
2093
6641
8327
2427
1140
5667
5780
1597
1163
8721
543
6448
5346
7710
6818
5620
3335
5203
1051
1861
5209
7448
8086
3423
3701
904
4373
2669
8609
6209
4132
867
7852
5966
836
2401
7884
8546
972
5535
3990
8548
4556
4064
4911
4506
3766
8320
6018
6206
7032
6170
7958
1314
5475
3959
6572
7204
3513
4251
7359
4823
8033
3278
6258
1905
5571
7749
394
2823
301
2832
275
6570
7614
151
3592
7251
6199
4111
4580
4643
2980
4384
6210
21
471
6631
5287
3498
8783
2651
6725
6608
2952
8545
4240
6165
6365
2185
4995
5451
3075
3522
3028
5959
472
3604
3857
5747
5438
8460
8638
5461
4788
8718
3197
5484
4631
159
2436
5643
2346
2113
697
3368
1774
974
647
2779
5840
1330
6710
529
7268
2188
4312
1152
5584
206
8157
8287
4158
1723
548
289
4665
4394
126
6902
2372
2745
2646
4474
8437
791
5245
3590
7667
2738
1427
887
4014
6272
8661
7258
3138
3575
3219
8264
287
4154
8540
7365
1312
6573
7964
5348
267
6116
4804
2356
7695
2069
7072
7662
2094
5330
2084
827
3440
6542
4475
1534
3232
5229
4357
1576
3606
7818
1313
4435
6046
6914
8415
2963
1544
2754
28
2632
3293
152
712
8205
1446
1867
7154
2585
997
8680
368
4700
8169
2309
365
7461
2552
7030
6409
1348
8611
1275
6646
8432
7690
8493
7603
4044
693
2173
5496
6201
307
6899
1030
6424
6158
2667
6265
5649
2329
6729
5651
5657
214
2755
4713
1669
7141
6056
7171
6093
5429
4720
2030
7479
1054
7093
5624
7741
6354
7889
1673
2611
1954
6581
2479
5956
637
295
8113
1352
8386
7431
5806
1381
6847
2781
3929
5219
7112
3638
3628
3883
5386
6218
6868
5255
7551
123
7301
6657
7138
1567
5253
7440
2728
6130
65
6029
1006
3143
6829
614
632
7677
3494
1790
3044
5104
1322
4873
8728
2803
1454
726
5741
7450
1316
1800
4939
2364
1024
4527
3491
4199
6283
8630
4649
5127
5458
5419
2983
6915
1329
182
4850
5198
5961
2424
1526
3949
7427
1159
7241
77
490
7623
3890
8122
1124
1418
8282
3509
2316
189
3111
4604
1177
3610
3222
1138
555
324
554
3674
8379
7705
852
8705
4406
5024
844
5883
5722
2715
4505
8267
2856
1400
5257
1836
6969
6905
557
3201
6865
3185
6337
155
6057
6141
3715
5190
7389
105
6896
7053
1122
1966
568
7300
2523
1862
3862
5435
685
5456
4923
4168
3527
8355
1917
5889
8302
7487
2973
7761
5930
2049
6759
2478
4858
6275
5138
2538
5431
8079
8434
6293
5991
5544
2936
8748
7622
1065
4960
7765
6907
6268
104
6601
3549
6823
7240
6685
161
2391
1960
8500
6004
1594
6770
8457
7324
570
1354
7604
4134
8736
2318
4822
2962
6442
1527
5336
7252
6537
19
3979
8775
2544
5048
6111
7050
5192
8411
6993
7091
6219
3411
3846
1894
260
7443
8319
8498
7206
4791
3098
3893
7693
3978
6750
5689
3319
6897
6957
3682
7336
2595
8061
4887
7815
3816
1135
2489
7183
4220
8444
566
572
7803
2672
6788
8083
8340
5100
6561
8166
6864
4403
3557
4463
5975
4397
1255
3832
4315
5918
3223
767
2016
5904
780
139
4926
8733
7315
8154
4936
1498
6313
7079
5871
7828
2148
3051
7984
6499
4386
1474
4922
1642
1584
822
6658
3768
4827
2164
2528
4734
356
4306
3073
223
3288
591
1927
7333
7702
3032
1265
6518
6241
3654
4770
2452
384
7572
5907
7953
1082
3493
4366
8417
7060
1233
6221
2582
851
6583
5222
5281
603
8263
918
4313
8016
8153
422
6369
1252
7500
7370
7277
219
6803
81
1359
4969
5156
5486
2067
8229
6674
1444
1565
1633
333
2904
3322
281
4790
1656
4434
2082
5504
764
4540
1376
3799
2405
5012
6797
2007
6838
3049
3342
977
7593
3524
8433
7617
824
899
7928
7790
1677
4536
166
2843
352
216
6356
7360
2244
5915
8260
1911
8334
113
8099
8752
7364
7873
184
2078
1022
5690
6237
6992
760
5985
625
6083
2916
2965
6881
3793
4727
395
540
1087
3903
7380
2336
1409
8299
463
7786
2934
122
4598
912
4422
4547
2522
7279
6156
2064
1660
5612
8506
5373
4707
4514
5844
1160
118
5316
7554
1748
6077
6233
4061
4147
8343
8573
6243
7788
2792
8341
3215
2838
1810
5755
5482
1549
2610
1237
4711
6671
6071
8695
7347
3113
4259
3401
7586
4610
882
172
4749
7587
6228
1324
787
4257
3455
1063
4796
1119
3728
1238
8690
1655
3077
2098
8622
8584
6526
4690
286
3866
6137
6603
3099
7255
4153
6030
2179
6781
2219
4082
8258
90
5963
3234
8786
4192
4333
5596
1971
2974
575
488
2560
5579
545
8617
7753
1578
2687
7213
3528
8701
8146
1600
8318
4985
1879
5136
6256
5017
2562
948
2740
738
7294
8547
2967
3360
2901
6224
4029
119
2828
5974
6951
5377
3006
6178
3214
1794
4241
4571
2132
2811
638
6625
6487
3443
3317
5695
5652
4144
8328
1525
8724
4137
7909
4308
2769
8758
6381
6267
2362
4943
1308
7113
7034
3172
6189
393
7123
4379
2992
2325
5493
2031
1951
6096
2255
127
4717
7125
4412
6696
5110
291
8574
865
7643
5805
2707
114
5910
8089
5032
2146
8034
649
7172
4653
1788
8179
5217
5400
5683
8027
1300
4680
609
1310
7421
6949
5433
771
1599
1936
6742
7216
4077
5729
3146
3961
6176
6744
171
2659
4323
2328
8238
3663
108
1744
4893
5150
5042
26
389
3457
5761
7249
3400
621
3414
7877
3668
6264
468
840
7961
2285
7997
187
7524
6890
6767
454
6490
5230
6777
5560
2696
2008
3297
2574
5099
4651
6244
8380
2486
1882
2621
4709
902
8536
5442
4273
2686
6566
53
8000
1518
6636
6061
169
4752
1924
3703
3085
2408
3564
4846
1684
2657
6440
3691
1907
2539
7785
8706
9
1388
5092
6529
3063
1396
177
1699
7965
8010
8673
6379
3660
6420
803
4127
7285
2739
931
797
8092
7415
8015
3602
4692
3915
6414
8698
7225
1227
8768
4890
5141
7919
7491
4131
6168
3700
7886
7132
5289
5866
5164
724
2566
2047
4120
7989
5512
1766
2354
3738
5403
277
4872
1137
5425
1102
8689
6355
5270
1564
1593
1155
94
1458
7059
4844
1199
5981
7393
3712
623
7699
8219
7147
2653
6179
6334
45
4414
2357
3958
5202
5852
1299
8349
5466
6182
860
8377
7620
5646
8277
1754
2365
1974
1890
8627
2420
1674
5382
73
7882
7588
4253
8131
6118
5529
7859
60
3069
5561
2704
6217
8635
8351
1118
6684
1318
5556
4437
425
3191
2855
414
1834
1241
5039
1467
722
7081
3412
8076
6962
2190
3429
4830
3380
4353
2263
4017
5395
5559
3228
1651
3160
1373
2813
2807
6
4167
4811
4407
8541
1957
5007
439
3430
3600
897
8631
5263
6453
942
4245
2322
6726
1742
8171
3732
2239
2507
2495
910
5472
5485
8651
3795
8571
4793
2794
877
4632
2027
6095
6456
3757
4490
1326
3684
86
1045
5191
2443
3008
1469
2209
6721
7680
2670
6593
5239
1069
6408
1289
35
2251
1860
5036
7782
2163
7283
8538
5139
8259
3413
4067
6521
3538
624
2609
2943
388
4456
7339
7917
984
2515
6259
4236
519
6123
4276
3819
950
4955
6415
7458
3478
5697
5238
4706
5804
3507
7696
1495
7673
8578
52
4452
357
3022
3641
8487
2210
1688
4590
1573
6901
7858
3568
5459
3270
7025
6107
2379
4917
6428
6191
8385
2006
4673
3355
7269
2572
4957
5151
2721
5817
4255
3379
4983
4998
278
686
2887
8286
1864
5274
1782
1254
2224
3998
1279
2159
7214
8249
770
1044
7304
2374
4784
3089
1585
1334
1328
4574
6716
5776
2339
1462
8454
1545
6828
6813
2814
985
7287
8283
7757
6966
888
292
1097
5315
3125
5517
796
5968
6714
5083
4459
2882
3176
7896
7453
8372
1182
5573
5028
4043
3671
6297
939
196
3531
8353
4266
1035
4272
3980
1881
2664
5378
5030
7571
1473
2347
8647
5897
7350
2334
6682
8682
6866
6723
2119
3752
3353
594
6032
5880
4268
7096
2499
5894
2969
7382
2955
2314
3246
5670
563
297
976
8367
6806
4661
1614
3818
6912
7043
5376
5207
7732
3605
7092
8332
8760
8257
3418
5935
6421
1001
3364
7178
4446
7066
7519
6755
1208
135
8035
7482
228
8616
5726
4740
3920
8406
661
5056
3667
5613
6719
6026
6591
3552
8118
2041
3870
7177
4633
2597
1761
1587
3944
3788
7185
1823
8464
4617
6761
7316
2705
2032
3031
5540
2234
2476
3130
7545
2053
4500
1641
483
6662
3485
3081
1902
2529
1997
1626
4243
1175
8780
5180
4047
7866
4801
3149
5659
3926
5928
920
7905
3901
1557
4906
7650
5497
1679
3020
7856
2793
8272
8108
5524
1439
7769
7341
7714
8639
2498
5363
7159
5952
5494
8014
878
982
3763
8003
1269
183
7703
2553
2971
4684
7090
3786
596
5777
3520
892
4037
7715
3080
1872
7153
5144
507
4623
5467
3796
7738
2775
1149
4493
8087
3569
5962
8019
2816
3987
3683
4494
1533
4305
1524
8782
1257
7955
6305
3475
5861
3922
4467
3842
8163
7713
1162
2002
6611
7735
1863
3198
5793
3612
4703
6528
3029
1995
3722
5811
8710
6787
7126
676
8743
2182
3363
3735
7217
7726
5688
239
2381
6544
903
1187
1052
7528
5905
3994
5794
4840
8428
