2152
4325
7588
2711
6199
5386
2891
3207
8065
5916
6220
974
5396
5220
2691
5083
4066
8469
8481
8206
369
6130
5970
4530
3367
5936
7891
3824
1978
802
5564
7125
6827
7564
871
5049
8086
6395
1792
3471
1585
2008
5646
6381
3737
5610
7793
3551
1026
8316
4075
1223
8123
6293
4570
1935
3276
6814
5983
6017
3997
4081
5161
8449
1499
1445
7639
4940
6377
8554
6821
1001
8731
7008
7267
842
2468
7402
6180
5899
2661
4145
1146
1206
4847
7889
6789
6645
6786
2156
7919
4393
7940
7834
3487
5833
1112
7194
5612
8142
3484
7887
8287
4851
2224
2940
268
7596
7411
189
7335
3973
2215
3714
2315
3735
259
163
7455
2037
8786
6983
53
7225
865
6911
2497
404
2457
1874
8229
7454
7327
4219
4048
6657
4341
3147
1501
3122
6213
6003
6044
1908
7778
5546
1823
2095
2188
5176
7767
3153
667
3567
1851
3112
4750
3135
8535
6139
4033
7977
7105
3722
3803
7724
3705
6025
3195
4687
4078
3738
5348
8416
2594
1797
1214
212
3517
4206
7102
167
185
1806
2194
6406
7141
548
1478
2227
7872
3318
2523
4037
7697
2313
803
2647
6780
1202
6096
1700
4235
7459
4998
2166
4518
2749
297
8413
2374
3673
1680
2530
228
7802
2600
1564
2705
7207
513
281
3746
2975
2310
8318
5096
6731
4316
6597
7406
5333
5895
7017
799
4480
6782
7413
7464
4363
3406
4076
7935
1322
5853
3529
4516
3633
4479
7649
2708
4169
4274
3930
4931
6089
4706
1783
8192
6970
6976
8253
2459
5749
5095
7840
4947
4352
1422
6168
4915
5677
383
3291
4743
261
3491
5887
8692
3409
4906
6560
1713
3190
1171
8131
6125
4438
7662
7925
7732
978
6583
6626
741
2912
5102
3626
6499
7574
2163
7195
8335
3654
2391
3656
5211
6280
3625
1717
6486
7897
2153
6367
4258
3826
4025
8500
5441
6908
7188
8286
1857
8002
3360
3131
8241
4845
6464
2387
614
8437
6068
2764
4657
7901
10
680
389
1308
2561
1222
7521
2223
7748
5732
1342
4746
3273
7378
5866
4972
4350
3095
5378
1930
4595
5664
8659
3756
858
5411
6132
1840
933
4834
171
2533
3375
4471
8311
5433
3750
5415
1587
4294
3924
6009
8764
3410
999
7344
4117
4306
6819
5543
476
2109
3922
3048
3744
4839
2249
2787
303
5373
3560
7857
3092
3362
2149
4815
2237
733
8112
5303
2113
5061
7992
2590
8127
554
1685
3706
2696
6157
5553
1240
6912
1219
6977
3775
6084
1637
7967
3514
1591
835
135
6574
7251
1063
3383
4196
2567
5191
3901
3526
6748
7165
2836
3851
592
4364
417
700
804
1074
8309
2981
3867
2251
3010
1812
3648
349
7667
7987
786
7039
4166
4579
4095
1791
553
1955
2139
6029
2197
6023
735
5570
7068
6339
686
237
7312
5098
4564
6914
4574
8604
2593
6742
8726
8076
6539
3534
2044
1447
3313
7682
5094
7014
1115
5445
4596
8685
6842
2804
3133
17
3283
6724
6350
4930
1048
3429
2397
4653
7299
3392
8546
1398
2524
1080
3069
7691
8306
8036
7311
5185
2713
1103
8221
6408
2088
4872
109
3054
3477
1036
2545
3908
3370
1888
6474
3804
2118
2734
1483
3580
2410
4009
6014
7881
8103
388
7249
5616
4385
1659
7632
5300
5580
648
7761
982
3219
6569
8619
988
4456
3072
5382
6159
3707
8292
2184
4314
1305
995
6179
5559
7738
4713
352
7155
8473
6271
3485
6651
7605
7357
7300
2577
1529
788
2021
1992
1742
8461
3574
4131
5660
471
3976
7757
88
2365
7232
7322
7220
2819
2027
257
2662
5314
4691
8197
8584
7460
5353
1519
3467
1774
5877
315
4510
2354
6845
194
1260
4397
1536
3935
6319
5609
8751
7482
6079
2529
1670
3734
775
1873
3875
4651
2629
5428
2492
4891
113
8020
8640
560
7633
1449
1671
4799
8638
5566
2737
1555
5482
1490
5158
7041
6320
6971
8040
7376
8585
2730
4881
6844
2579
5448
7522
7256
1848
5410
4029
346
3057
1413
5283
8441
5711
1323
1982
5233
4184
5294
2157
8647
5133
7204
5824
1133
1475
3267
2080
1374
7923
5270
1515
5532
895
470
4776
5266
3988
5478
1560
1255
7747
2869
2489
3599
6881
270
4885
7896
2494
6287
7623
3419
7084
4739
6718
1228
708
1752
5636
1920
955
2281
6682
7153
83
2976
3977
8451
6252
1332
8132
2074
2065
852
1984
8310
6158
5791
4093
355
7983
7825
2751
8483
8238
1841
5785
3843
6144
2615
1280
2218
8561
6080
3134
7298
1595
3124
946
3024
4260
4884
2947
1979
748
1966
119
1187
6743
445
1766
6346
6550
2361
877
6932
2318
5654
3814
3140
5587
6223
1563
1608
8107
4741
4018
1265
3602
8494
5443
1204
5752
7770
6333
6874
7661
4148
3049
3463
7830
8214
3288
4720
1229
1884
496
6085
7128
519
379
8439
6197
8331
2601
2335
5455
5615
7783
2798
6445
756
3412
6850
7458
1535
7161
3754
3700
5980
4167
7687
6061
3510
5476
2470
6284
52
1060
6323
1349
2851
7993
5142
6980
4592
1364
5882
3454
869
5369
1417
530
6573
3225
2563
2280
7175
6839
5022
6310
108
7488
924
7953
8090
7756
7279
1064
2783
221
3886
2005
1811
7524
8382
174
7516
6102
4696
5423
3757
1687
6073
4655
4448
7930
6042
7674
2055
7543
7719
364
8565
8734
845
7835
3020
7306
6702
264
595
5013
3933
3105
5781
2305
3175
1242
7606
1496
2872
6376
6736
8696
7775
1253
1594
4803
2345
5560
3312
7170
2949
8599
1353
4406
7795
7728
6357
2134
2544
7080
6138
3322
4942
4473
376
6384
8282
558
3214
243
5659
4910
1924
3823
3061
3456
2562
4731
1755
6581
4083
3762
4324
7833
3693
3956
900
8606
3366
2675
503
6762
2173
751
3581
7049
7042
8173
385
4837
5894
820
1617
7133
1523
1949
1292
1942
7539
7861
8690
1524
3083
4849
5548
1044
4147
525
4534
5932
5452
8428
1459
4844
7088
1150
8637
6586
5625
5997
234
2552
7144
5486
2349
2990
7536
203
6234
3453
7918
2591
599
8109
3844
2307
2276
6204
1375
1199
5511
6153
3981
3587
8629
7882
645
5350
7134
8459
6866
2404
6490
5778
120
2609
6840
6734
753
1735
7496
7470
5605
5082
8587
8767
6745
1777
2774
8058
5064
7083
7234
6561
461
8781
275
2417
8391
1767
5184
7534
2863
2565
851
6770
4323
359
996
1196
5327
3201
3145
3101
6609
6805
487
3004
6816
8440
1328
455
3298
6847
3763
89
4768
7563
1099
8507
231
4215
6537
3108
577
7956
2476
8386
8499
6729
8668
857
2867
4814
4485
7292
1534
6733
7337
4898
6459
4598
3329
7476
2518
4195
1484
2592
6373
4484
1357
6739
2379
7400
1538
3944
7437
1788
6317
2715
5358
3188
1902
256
3447
1882
5273
1634
1019
778
5355
7773
8424
6943
398
1116
6797
1638
8773
1118
8723
932
2741
2283
6425
7734
8549
4712
1052
342
324
1911
2824
6532
1871
1162
8106
6214
5851
6886
1612
4616
7274
1952
4969
4763
6390
3589
948
783
2963
4886
7310
4453
1076
124
7552
5801
3942
5832
200
4827
5163
1371
5719
3640
7355
6190
2724
6414
1082
2471
2495
5347
7936
2225
3913
2993
1248
6524
8593
2346
2132
4753
7760
4062
5131
2312
6402
1321
3144
4648
7900
6698
8513
74
6829
2505
2961
6194
936
4356
2123
3676
6747
5129
8453
1958
5526
827
5972
4086
4151
4937
8571
1299
7468
4531
5057
8761
301
5967
6753
4968
5827
1406
4833
5622
5922
3451
6721
3982
3594
6140
1596
6522
2169
4427
6984
1403
609
913
5326
5927
8660
1440
8352
6834
5725
2316
5308
7829
7186
4060
8748
3863
3062
6750
5238
1572
1225
4766
3709
8285
7371
1679
2033
7070
2271
7659
5157
4929
6473
7387
1802
407
1554
2116
6351
1078
2613
5265
3876
8029
6182
2488
1530
340
4782
6136
2423
6638
8402
2758
534
7996
6774
3955
5579
931
5159
8676
4529
8118
1764
4606
1517
7799
5451
6093
4417
5435
286
5477
3679
3427
3277
5718
6443
7886
5431
2284
2755
6879
3066
7704
8170
7295
3003
2516
2344
6118
7504
3971
5103
7943
5256
7469
5716
6822
2973
6389
5678
4124
5995
6804
7063
701
734
594
5168
8370
6764
3992
598
4678
3100
3363
994
8719
1813
6446
4263
3736
5840
4110
4953
1300
2571
2560
3050
5589
6291
983
8704
3884
1604
130
7821
3394
8429
4012
8452
4659
4403
1720
1881
7696
8725
3769
6509
6846
4213
771
4625
7276
2581
1843
156
2239
5429
1749
3627
5537
3839
3724
7530
7922
4187
8558
7879
498
6587
4794
719
6738
7374
1934
8353
2053
418
730
5896
2551
1051
4547
6064
5969
3898
78
5854
5276
7941
4141
5963
4879
2046
5685
2570
3928
818
638
1178
3126
7603
1245
5066
8067
6957
7864
7230
8185
6726
1528
3783
7177
4859
2263
631
8422
5721
6365
7585
5900
3439
4673
158
8242
6226
5774
8348
472
5703
2079
2780
2429
8216
1600
3915
8326
7708
8436
3244
490
1571
3671
4677
7127
6165
4055
3642
6580
432
4383
6910
7316
6363
1974
2989
8178
3798
7414
7566
7982
2064
3199
3914
7157
7666
2731
4914
1124
5503
419
5230
5118
3569
4002
3008
7774
6145
7826
671
3015
451
6637
1744
2337
1706
4176
965
6163
4816
4326
8093
4823
6963
1266
2553
4286
7693
3712
6741
4288
7513
3441
3289
3324
3899
4703
3877
1401
8645
6411
6593
209
2654
3279
4295
7954
2201
7436
2937
8597
1474
3300
8101
2111
561
8346
8289
6771
3340
5400
8147
1818
8771
8275
4609
3042
907
2050
1875
7641
6650
6901
7527
8622
3921
7819
5459
3929
2897
3888
3434
4634
4563
3588
3658
5885
6617
4315
434
3860
8293
3193
8698
2650
7814
4198
18
3807
8563
6867
8217
3583
7129
2658
3507
6832
1492
8709
6345
8423
6696
1652
6755
6596
367
4001
3694
481
6041
5857
1390
6047
7494
745
4491
526
116
6228
8681
7146
2082
1343
8210
514
5529
1184
5688
7067
6200
8523
7622
1032
5162
6697
5471
3606
1710
7104
4328
7837
8745
363
814
4268
3385
6176
8274
7291
4428
3910
5558
7540
1049
7101
3850
6692
2253
2433
5089
8611
6034
6401
44
3155
6691
2860
3530
5621
6708
5107
277
1962
2297
3399
1148
2632
752
1879
4201
3321
186
431
5910
704
3666
8779
5696
4858
4497
7048
610
2393
7894
5552
6270
3053
1140
7294
6427
5528
6544
6380
3178
5475
5674
7304
6812
4487
1804
5975
1948
2413
4464
8146
8194
1461
4000
2421
1970
3440
3790
71
8550
7119
381
1586
97
1916
7950
6439
7811
8596
2102
3382
8357
4615
6553
5055
8121
8404
3248
7006
5920
5597
1441
3907
1400
1282
4229
2534
6848
5960
1471
5160
5087
4257
3638
7252
616
3758
7167
905
3109
4569
6630
3344
2513
5507
8060
4946
4070
7619
8256
2131
7920
433
7110
6456
6030
7147
5653
4860
7078
2161
5197
1172
3896
3455
4786
2681
438
4019
1768
2446
8164
6063
6302
1796
1218
7845
1234
5880
8364
7876
7706
465
7561
7307
7999
854
7410
7280
8367
7199
7250
7390
5293
8694
4220
5697
5034
6792
4203
1897
1583
7281
7112
5765
8576
7236
5644
6148
1914
3304
8
3604
1683
3472
5788
444
1721
3292
1256
1238
2171
4540
2668
1548
5755
5965
8471
5016
165
2834
8333
6710
1493
6368
6430
5679
5337
5751
4275
3405
541
6
5093
6263
6207
6621
3940
1533
1111
8749
7658
2258
7062
1330
6803
8158
5005
7809
5517
5586
1457
6675
4772
2030
841
5394
5195
3621
3524
7550
2012
5067
2986
6043
2232
4273
713
354
4927
7275
975
2444
8004
2882
5017
7712
6823
1819
6620
3461
6728
2832
1956
267
545
7443
6903
7211
1981
4462
6632
295
4297
5130
8607
2319
709
6975
2498
126
2007
1880
7427
8027
3960
7444
1301
1662
5515
2905
3794
8288
3912
3859
985
8390
7755
8617
6364
8159
1163
7348
6849
2048
3674
4011
565
7213
7824
8454
8567
5746
5409
1021
8070
8268
4292
1726
6308
7742
7556
1598
5334
678
3013
6760
2688
1977
8537
3379
6783
7752
7904
7019
1983
1655
8332
5432
1505
3093
5595
6869
4380
3032
8184
7555
60
7766
7544
6253
3302
521
8627
1041
1799
6356
2078
4111
5360
6558
7181
2205
23
8163
1262
4459
5633
6941
7325
2623
8350
8279
5798
8743
8557
2009
8088
6404
6591
184
4072
7680
3064
6155
8658
8730
211
6355
8098
5320
4112
2477
4737
3038
3218
6831
5830
4233
7740
117
5099
5152
8468
822
6751
2631
7677
2660
6426
3718
7542
6888
2995
4645
7261
2427
7430
2680
3438
2293
7617
2599
6582
6937
2922
6713
1551
2960
7418
3480
4245
2791
794
6338
4718
2414
3643
6278
5858
491
6010
5171
5234
7782
833
7303
4708
8319
7363
7714
1329
7096
3680
6594
8757
6671
4402
6923
3078
4607
8283
348
7867
6772
2503
4429
8340
7422
2857
3490
6288
1129
3509
6255
4247
5450
7115
316
7293
7089
6289
5924
4435
4389
4572
7908
3635
4911
2849
5897
2941
727
1361
812
1125
2996
4790
4498
7055
7489
4548
2447
7163
3148
8545
1642
7614
5461
5250
740
1306
6398
5744
6896
3286
3088
7505
1231
6152
754
1918
155
8245
3063
5436
2904
2290
4199
5848
38
832
7650
1418
860
1465
7018
4388
8363
2148
7743
2278
6759
2291
7064
265
6629
7156
350
4358
4967
7668
5009
3608
4265
2145
1522
1615
4524
8084
1886
7525
8686
6315
6032
1887
1241
1838
6243
4472
1866
3858
7853
3110
5757
7868
5984
4129
962
5318
2781
3203
1285
4664
7571
2920
6796
8713
8085
3697
5527
7763
4666
3452
4855
1151
7114
1550
4977
326
6107
8729
7347
3091
7735
725
5547
3031
4793
707
3022
6679
361
1559
6098
527
4338
1341
2903
205
607
4283
3404
5070
7572
7934
2496
3541
374
7700
1263
6483
5805
5203
2269
3771
5366
8151
657
7142
7148
2018
4959
2235
4523
1701
4441
1856
2406
2644
5023
8497
5982
6476
8313
3311
5530
3662
5600
4544
8049
2085
5783
621
7382
3713
7395
3941
4728
4629
6945
7593
7959
7786
6757
2873
7258
1128
8174
1816
2968
2133
2953
5138
80
2928
4610
7215
7984
5952
4904
904
7449
7073
1734
8117
5349
1917
6611
8031
1220
7091
4136
7118
3051
5878
2034
1326
5065
492
8699
2663
2938
6087
7502
499
6324
6019
3989
7366
5153
5948
396
2170
7226
3090
5979
2341
5383
6164
8383
6514
6566
1609
229
4894
8394
8434
6006
4717
168
3229
33
3531
7051
1363
4535
6276
8193
5647
4207
2630
3254
2076
3891
3430
8701
2303
2939
1173
6388
5264
1209
1200
7388
3759
2069
7964
1006
105
6471
437
4617
8039
1169
8239
193
3009
2180
7598
1778
3275
5523
3565
3991
2072
7166
2810
1733
7132
3716
290
6020
4980
4990
2640
1741
825
800
992
1526
7152
668
6754
6269
366
5841
4313
8116
8444
3012
6336
6250
7330
3575
4987
332
8777
5849
5557
3882
5794
4386
1427
5728
8739
2951
8762
21
5935
658
4902
6111
6312
486
2796
3266
4347
6372
579
1055
1971
2573
4527
8392
5637
5522
8654
8600
5259
7512
401
703
7005
6027
2097
7805
6082
7025
5536
7948
1369
6303
8693
2616
1160
2483
7820
3380
2637
6281
6652
416
197
1995
4200
5549
7332
1106
7643
4875
1990
6518
4738
5847
7621
5958
4461
7573
5284
3209
343
7317
5059
5541
112
5155
7397
7604
6198
2015
5538
6432
5252
1636
2838
4555
3335
5376
6451
8396
3872
8671
737
8411
5939
8248
5033
5938
5695
2029
6183
3065
1824
7336
3106
4483
6928
2762
164
3812
6674
7260
2687
5632
6830
1729
3143
6968
4227
909
1929
1712
2520
755
1793
5006
8270
8372
8111
6870
6286
157
819
821
1770
6854
2154
8589
5542
4742
4414
7237
3689
8162
3563
1775
1569
2906
3212
542
7362
5224
4376
1581
5722
4045
4817
4109
6329
5060
6554
4410
6666
1748
42
4080
8630
6005
6133
4956
4164
8539
2717
1737
2793
2073
8551
1347
6382
7319
7020
797
3381
2892
3299
4769
1853
1648
836
8717
6468
4381
2823
1370
6238
4537
6239
1194
3853
2128
6193
179
2036
868
6686
8648
7796
7501
1360
889
7389
2143
7058
6712
8477
2304
971
6124
659
4127
4955
3578
7723
4329
3678
7001
4676
2507
2833
7981
493
2805
4784
3432
6600
5956
1885
6915
8769
1337
5883
1141
7401
590
5491
6999
7690
4831
4922
477
7031
2032
4106
3554
759
1938
5902
6978
5731
6623
1460
8458
8374
6890
2136
7202
3189
3755
3795
3819
7792
7131
3957
2273
2198
4952
5568
4670
2382
7404
3274
2485
8688
6149
7831
1145
4343
8083
1980
8592
5219
269
1033
6437
3079
4771
2124
8355
3802
3397
7758
3522
2262
4022
8594
141
3831
7467
2047
5210
4269
7198
2325
5792
1963
8695
5913
1056
8276
522
177
1009
7946
6818
7529
2040
5658
1771
7487
3618
7994
4853
4335
3081
1859
2511
1852
2692
5085
5424
6099
2721
4919
3339
1487
2678
3025
7190
991
5467
2898
2820
5648
776
1808
4041
4193
3494
8148
834
8303
1589
4683
3932
4775
3677
874
1727
2848
6352
1649
5002
31
3464
147
8728
724
8135
4077
1999
8706
3415
4671
3387
6585
4581
1311
4094
1689
6418
7500
8556
6663
7243
3782
283
6794
4759
6069
2913
7416
2377
3356
3641
8521
2448
6669
7579
2685
4279
3044
5216
3305
1732
7591
7932
3230
2267
8033
3856
4521
1391
2876
192
4583
8380
3007
241
5748
3748
7462
1646
8137
6181
4237
2146
5315
5196
7248
137
1297
4085
2016
6433
22
7364
16
7637
6644
3046
2814
4857
606
2
5981
781
6057
4040
766
339
4985
872
7120
2288
3198
2982
3592
7526
4500
4067
7030
5715
3623
4732
7333
8251
153
1603
460
1429
578
6495
3172
6549
811
3016
3425
4641
127
8746
2655
4476
296
8538
3854
4298
8772
1339
5942
178
5447
3538
223
2279
3595
4948
2203
7510
3386
2754
2564
6703
5577
7736
8176
7238
712
4345
8375
1197
85
4404
3158
1794
4225
4097
949
1520
5860
1928
5052
2999
4452
2651
8432
7302
7412
549
1725
5485
1007
469
2612
6412
8189
2794
8680
3170
8455
3500
8361
4208
1102
8273
1628
6229
2936
6965
7784
7849
1944
3835
8255
4013
639
4455
1939
2347
750
6496
4787
72
3001
813
5053
8474
3401
2323
8119
940
1428
4567
3116
1313
298
3492
6501
4933
4846
7628
2340
6462
2207
4943
4492
7098
4663
7699
7239
5111
4632
4488
5401
8708
8626
4802
5246
8017
5771
6507
1740
4236
2208
5875
2264
2458
2308
7323
4349
6053
6340
2642
630
7575
1694
7139
7869
6841
8202
4850
4876
571
1540
6813
6579
5307
2643
5278
1039
3488
68
4714
8237
7216
744
8081
7003
3257
345
5261
2883
255
3672
5747
8412
5109
959
319
3571
6576
5077
4157
75
6920
885
7024
1814
1910
5585
6795
2373
7012
7417
1365
3402
6512
3810
4780
4626
5614
1643
4336
5929
27
5710
3687
5565
3444
8247
4477
4806
6056
6513
3649
7519
1258
1388
4836
6392
4511
1407
3631
2542
190
3223
3348
6570
4791
850
3644
7425
6826
1215
6318
3442
3609
5209
675
1835
5694
5282
5480
6453
3572
3730
2144
8315
207
1541
7673
59
2825
8149
272
4218
6332
8624
3005
2390
5379
8532
7269
4654
5454
1346
3879
1045
5562
1708
2368
2324
4994
7375
3502
5756
7651
6461
4798
3426
4621
663
134
4863
5021
1546
6683
2745
7716
3958
3141
6700
4792
4613
4353
5279
4311
8430
5521
5699
7947
7511
131
8498
8272
5807
2746
3511
7210
2893
3226
479
7656
3187
2261
4517
2364
6502
4068
1754
3272
2966
4628
7584
5758
4762
125
2428
930
1661
4205
896
7095
3732
2179
2971
7069
1697
4862
5829
2504
3866
572
1416
8097
6953
2703
8674
3030
8504
5312
8188
7074
7608
5891
2375
6114
2827
6141
7151
54
8104
8223
3476
7907
473
976
5603
2666
2768
3443
6746
6298
8683
6050
7065
5873
1613
4730
1170
1507
6891
1057
1498
5578
8714
2700
915
1104
8003
6094
4254
5422
5080
8502
4186
5189
7452
7688
1480
6987
230
690
2285
5966
8570
7916
5139
588
4377
8415
5040
4912
7583
2120
7975
5799
3868
2802
2472
2108
6958
293
601
2537
7745
5704
1738
5062
8019
5921
7749
3372
6974
3585
7654
5810
4812
5750
7324
1704
2242
2509
6667
917
1947
2522
3546
967
3437
1986
1437
6076
6913
2665
7878
5973
1165
2210
3208
7219
2519
637
6497
3934
732
6110
4565
1395
7033
1027
4481
6962
1434
2841
2230
5275
3282
7217
3297
2546
5539
4519
3848
4287
4291
1012
7253
3236
6330
5387
1891
5881
7329
4044
6429
6224
8228
1086
7509
4239
6705
8760
3417
3094
2089
307
4443
3255
861
2137
2847
2062
8267
608
1195
5607
5686
8401
5140
4726
1921
32
3238
1061
4411
3711
3074
3503
3457
5680
3221
3000
7616
6405
8572
1233
916
5072
4231
7386
2645
4142
2200
1769
831
6187
886
2641
8155
2853
1892
979
4242
5192
8126
808
4478
899
7535
4408
7744
2674
1829
5879
3542
8768
7683
7351
1624
3865
5182
6435
5299
6282
7173
6660
7011
7201
3632
3945
1784
1261
8702
5917
2075
8089
520
7339
7600
5811
585
4088
7420
4541
5188
3029
7433
4444
8387
49
51
1625
1906
1227
6240
5359
183
5298
6482
8266
2017
330
6169
1291
3056
584
106
2300
6058
2817
723
1627
3776
4828
8025
1614
3761
6694
13
2326
6852
5272
2559
887
3204
4431
0
1380
5761
682
429
3364
1862
4217
5598
8196
3870
8360
2956
2486
7242
1878
3150
4745
4370
5494
3539
6410
3994
1763
7675
3772
611
5835
8298
46
5010
6484
7297
7439
6151
6202
7044
5950
495
7587
357
341
6070
7445
677
6851
3151
6232
6100
6765
2183
8508
2330
6735
2699
6450
6493
2716
2463
3258
6013
593
2244
4599
7259
5088
8074
8120
4925
1284
653
6142
3903
8068
5380
3974
1801
3070
7718
1088
5365
2220
5554
1988
6922
3620
7343
180
7116
2189
7759
507
602
8265
5260
5047
7609
4137
3813
5329
3320
2302
3102
4528
6172
1053
666
8670
3760
7692
5893
7029
1443
3779
1960
5001
3036
2625
1281
5701
280
3545
7545
867
934
47
1244
1941
6230
7672
6174
8129
1120
5655
5097
5789
7392
8621
3393
7551
1294
3646
1296
3462
1509
6653
4369
421
7477
7727
3784
5343
5812
7931
1442
1482
4405
3780
6494
4576
8438
6631
8493
8541
3118
7223
6603
3245
8525
1650
7865
4604
6109
7340
7184
1251
152
1279
790
6916
5928
325
5912
2151
3537
7301
3182
1468
2127
6884
7097
82
7729
3742
3325
4890
7862
3139
5645
4304
2126
1592
7009
7800
2114
3691
7631
5727
5367
8447
2213
4684
3478
3241
2294
8710
4299
4246
5923
371
7822
5782
1335
5474
3954
3184
7871
8150
7352
2878
2211
4685
2557
5251
7785
8157
2355
2187
4679
86
3176
7090
129
5317
217
8389
5330
6624
6081
4190
3959
2588
1896
4210
8066
7349
8271
4133
1139
3157
7810
4284
4600
2875
5914
8687
334
1436
208
3842
1846
4057
3127
1574
738
6688
6325
5681
6810
7625
7035
3607
422
7989
5509
7113
2879
6415
626
4896
6775
6248
2430
1957
8006
8744
7787
8172
5384
6519
5222
922
5672
4907
100
1399
6986
4918
6820
5335
8515
7334
6749
2770
5258
5635
5743
1654
4602
1719
5421
5993
4430
5726
5003
563
3330
5937
4475
8011
1096
2964
5682
8044
5301
5026
5287
622
3752
5442
6311
3630
7794
428
1431
7689
941
7228
1822
5817
5516
6659
1664
7567
4161
6949
118
1993
636
676
8419
3357
426
7046
2363
2185
4280
5684
6328
5281
7472
7122
1177
8257
1606
29
7803
1456
4601
3017
3703
7592
3668
973
4499
1620
6119
7780
7507
7206
7054
523
4419
3354
6470
2221
466
6918
3129
397
533
5044
3026
284
6723
8312
981
3801
3389
2556
64
7898
6413
5014
3234
2013
1201
439
235
5996
2667
6249
5125
7553
7358
6693
3242
3269
6658
6961
5116
5630
1432
3239
5737
3990
2652
1132
1728
8339
5671
3307
4486
3557
8134
5105
7203
3497
8056
1959
4809
4735
5412
8495
8244
8715
5239
4719
5790
6216
2440
8046
7092
7059
3619
258
6463
8595
2031
3681
4622
4253
484
5173
5226
8649
6706
4509
2099
1409
3191
3166
2725
2195
7178
413
8059
5241
3601
191
4391
8297
7040
8591
1446
2245
2092
3825
5032
5500
6123
943
2885
3743
3159
8167
1667
1038
1320
1834
5863
2527
5802
8290
980
1736
4119
5025
8486
6784
6853
7877
4571
4838
8752
3897
2255
1831
4015
1122
2572
7353
260
7635
5363
2707
7045
2987
4495
2350
2684
8028
5987
6530
7209
4905
789
3838
1532
4705
951
2502
2771
4729
1226
2871
7421
8071
405
7192
5619
2812
7193
7816
5803
7247
8054
4986
1224
2934
8133
5627
6299
35
3160
3499
8718
5604
2726
5126
1965
3777
7043
4172
3536
6092
6598
4951
5134
866
5481
3568
3768
5638
8379
1167
4191
6541
4330
7910
5310
5601
1295
4542
6285
1010
1092
6595
3034
7906
6643
2902
4566
1593
3911
7313
4226
5831
6526
2917
4059
3811
1384
3468
8368
1542
5814
8642
1830
4549
2204
8503
6457
2233
4173
6217
5862
3253
7506
4027
6051
780
8231
1412
5496
2580
1134
7980
3617
4113
3931
1382
1747
95
4458
1605
6489
7823
373
890
5582
4289
8409
5901
6254
5641
7915
742
5640
6394
1350
5505
227
5545
3893
1338
5277
1854
448
5591
4346
114
7634
2106
5484
2449
1031
6543
2727
1452
7205
6510
368
4573
8553
6860
5200
6454
3077
2265
2619
1257
1189
8407
1356
5223
4378
2416
4724
4996
8460
8213
4624
3213
8467
8010
1094
7495
654
3424
5257
5213
8450
4939
2752
1864
5344
8667
430
7233
2287
5483
8365
1715
1470
4585
4560
1433
2087
7711
2214
757
2701
5819
454
4656
5341
8485
8656
5822
1243
5876
216
1681
3096
8230
8466
5971
4721
8258
4445
6049
6681
640
7657
2977
2119
7028
764
2481
5253
1825
7235
8219
5331
792
6268
4543
6022
8381
5302
1315
3482
4533
5692
4913
1562
2135
844
4256
1419
4003
1298
4071
8099
2063
6992
8209
4935
2469
2431
2924
7268
8727
335
7099
8205
7559
3408
8559
139
1868
7359
4084
3505
1377
1142
48
7858
7385
6633
3235
6614
3082
2735
96
810
6077
777
4042
7305
1622
5567
4154
4928
6838
863
2732
5004
391
3962
8741
73
2835
1396
3373
4777
1552
6241
4310
6205
3351
6399
1641
5054
4030
251
8358
3827
6584
6527
1414
5947
1355
7285
3163
2068
8328
4144
5086
84
935
5174
3181
7937
8582
1309
5999
2388
182
3993
5786
4605
3696
6588
8077
2177
3067
848
531
5795
1658
3917
582
5309
2103
8369
2846
8124
6627
2270
6052
2491
4103
1005
5463
1147
5613
6801
7751
7002
2272
4635
4046
8643
3359
3262
3953
1042
4197
2992
7601
1383
888
5524
4366
6481
4442
1776
4643
1690
77
3852
8431
2769
2070
2965
4631
1481
1247
8516
1912
7645
1619
5498
3197
925
6024
692
4165
5662
8087
2575
1386
6467
4308
123
6066
7486
6985
8421
1750
5048
1839
8215
3027
8094
2445
3894
1278
6305
318
7590
6716
3799
128
4271
772
5269
5243
6033
3764
2760
8195
3983
990
3845
5024
669
1246
4608
5464
619
2396
5865
6211
2236
7379
2176
2896
3121
436
784
4339
5951
747
6955
3986
7490
5050
1119
4788
2501
7277
8405
729
5836
7746
6940
1635
5240
5404
893
1068
70
5462
1075
5826
1907
762
480
5514
837
5141
463
8280
5427
2606
5311
3222
2723
2022
8053
3154
12
6656
5809
4467
8334
8479
8384
2327
1450
6129
6259
3336
467
3294
443
8652
4582
7998
6536
7318
4224
5285
25
87
5624
5328
2811
1807
5362
510
2480
8464
2434
6752
7326
8512
726
4290
263
1283
1746
1079
4958
2895
8410
4515
3136
984
8476
876
1709
5931
2998
8603
8278
8013
2736
2514
8783
1317
8226
7160
3978
4756
1014
3909
8169
972
8325
8682
1438
2286
5420
6956
1927
7710
3473
115
5202
6244
8366
2384
3605
2535
4222
8263
3778
7979
6485
6387
2799
6209
4997
839
3215
2931
3610
919
3264
721
2617
4993
6737
8261
4355
3624
4580
3368
6008
8691
1319
5012
3939
2506
3314
8262
3967
3615
2360
4808
3270
2671
5154
5734
5313
1190
3727
3420
912
8750
6640
459
8180
2722
5930
8351
2861
5007
6562
6386
5777
2105
442
3690
2158
589
8338
1751
4092
61
6960
218
3874
600
8653
6599
617
4848
1159
5110
1022
4132
6246
4434
4241
4264
2842
6403
7289
7022
1336
3562
1579
8016
4100
6103
3916
5244
6397
2962
7109
6557
4554
5208
1669
7754
66
1210
3450
3501
3119
5388
6942
5206
2756
2309
1632
2605
4800
2677
7050
2526
8785
2926
314
7240
6636
57
6326
4758
4618
3936
7963
4765
5395
6875
4005
6354
271
7034
2412
7367
706
409
435
3171
7669
7720
8141
8232
2101
4020
1527
7815
5237
1138
3670
7346
1381
6807
2499
7272
1647
5573
7801
7380
8281
6517
8601
3466
2839
2510
7586
7942
4415
7884
4425
7438
1584
1126
2584
1372
8378
4973
1945
7611
2532
5709
8531
1362
7870
3600
2129
4941
2190
7370
1213
1639
2636
4008
6206
3398
3395
4307
6208
5837
1872
3833
3268
3021
4767
4693
6882
1008
2795
3918
6447
5117
8344
1188
2602
8625
5274
1692
952
8759
2401
3259
7944
7479
618
3303
8612
2659
6428
918
8161
3039
8651
8529
7753
2689
1665
4688
58
2066
5776
7663
2653
2586
4764
6431
6967
4368
5020
6680
3699
7221
8108
4421
6212
1293
5232
4143
244
8400
7168
5540
746
3559
2750
7107
4878
4892
689
94
581
843
8635
5368
3593
5479
452
5584
8342
7703
4512
2918
6419
8581
4586
1575
7933
8308
3037
4099
4232
938
3470
7914
6612
8259
5569
6369
4396
1216
3926
3293
3125
4243
2385
5078
6601
1570
3167
1861
7255
6358
1508
1193
1621
2744
4244
7508
3331
4936
4760
5953
1411
4418
4135
4259
1100
1393
6366
4457
8233
406
5775
6055
254
3998
5112
3830
2478
6625
6121
7772
6191
591
7342
8235
8675
660
3871
370
5620
2174
3675
3702
3855
3773
4344
8201
8128
2045
6602
7447
2043
2289
5618
188
2028
1486
6720
4963
7549
644
3947
1101
3295
3130
7143
8143
2859
7960
3161
5446
4727
4556
3250
4282
4039
8555
1561
3789
4895
5071
1967
3377
1488
4680
7212
4032
3217
474
5823
215
1025
7150
6768
6661
76
327
5323
6221
6925
7562
1743
242
4051
3281
2117
960
2299
3548
7432
1288
5968
6725
4043
8505
5867
5472
6407
5606
2828
4079
3002
3179
673
4856
2877
1973
2371
2775
8225
2826
5652
1716
717
7036
2980
5497
1695
322
6704
4387
1815
5998
5768
2356
6862
7480
2932
8609
1660
6799
4216
4153
3481
7244
5708
1828
5907
6160
2888
3577
7227
716
1250
4049
4440
7399
1883
6654
5859
8608
6858
489
539
1180
5742
505
6371
4704
5656
5855
387
6572
7548
6878
3837
4052
5405
3086
3097
3881
4867
6589
8665
662
6504
945
2209
5037
6028
823
2829
1394
3829
1821
957
787
1711
4122
7149
6934
287
3458
1786
6766
4733
2697
914
7671
4822
2991
1016
6567
8426
3338
5470
4964
7733
2693
6257
1155
5469
5104
288
767
7741
1152
5147
5962
4277
2578
7474
4035
5374
7328
5440
806
2389
7057
898
5986
338
5502
6535
4120
7715
7949
7640
6167
7893
2366
8568
5290
3055
4162
2260
4865
1544
7665
1264
457
3787
2422
2952
1084
5150
7698
6272
859
566
3739
2669
8324
8540
6926
6540
2452
8747
5262
7262
5712
5510
2622
5594
3107
3347
8482
7828
2844
7121
5280
927
8573
3634
2850
246
312
8032
26
515
1182
1968
2628
1157
5144
5501
360
7032
3800
249
353
2314
2257
6150
870
5132
4539
7612
8043
3708
4603
6083
8395
4826
7007
3352
8511
4932
2813
3202
5717
6065
3435
1640
953
6861
612
1368
3937
537
1458
5101
7176
3961
3809
4649
5495
8356
6113
4866
6701
5864
488
1903
8203
2959
8756
7854
4158
1208
2547
3174
5905
5027
574
4372
3636
552
8301
6997
7471
5556
1511
968
5254
2348
7377
6210
6646
7391
2597
3137
5933
6744
337
1397
30
5356
5869
5623
2950
1539
1869
1898
8212
1421
7602
3637
1837
2226
7890
7899
4975
166
5944
1117
7988
7844
3596
6534
7888
8534
4351
1610
6120
6067
2620
8034
1135
6004
5255
4695
1054
8037
6613
6040
5146
2909
3521
5698
4318
4785
2921
4047
6564
8030
6242
2122
4337
7265
2240
5357
538
879
4882
4897
4082
2165
7208
3564
2874
4211
3883
3880
151
2473
6188
5843
1205
2759
4965
6575
6785
3418
7288
7440
7426
3446
6078
3805
2803
1951
580
3749
8145
635
6788
7859
4170
8113
1110
7245
743
305
1312
544
2621
1473
5000
873
4553
2331
801
8753
2614
7169
6592
5419
8092
1909
7514
5225
2038
98
458
5437
7595
313
6687
2648
1827
1455
5390
1467
1217
7338
1307
536
2334
2517
3966
8359
3869
7750
5041
4423
7812
8012
7423
3765
8678
7739
2049
2424
274
198
8470
1345
1580
7140
4637
5946
7737
410
7182
567
1028
6184
4801
8050
4116
3271
2256
8679
8138
8252
5733
7087
3873
6730
7618
7991
5091
2067
4508
2014
2914
5940
1324
5187
1714
6695
1870
7647
540
6258
3337
6127
7451
2359
1989
7626
2199
8051
6170
6122
2550
4188
1765
4843
5166
4248
2332
7308
3655
4204
7492
5593
5325
20
7730
6480
6379
65
3252
2035
6192
5571
2254
3518
2320
3508
6605
453
8636
5460
8641
6383
3667
2698
1081
5739
3906
1454
6529
69
1011
7015
3358
4098
5416
4584
5874
1798
3885
6991
7885
2778
4974
551
497
1426
966
7926
6060
3374
4155
6506
7597
1058
5008
5506
6917
3975
7345
7624
5178
532
2150
1760
1893
6622
7686
4725
273
512
2985
4026
8417
3781
2785
4050
4501
3582
309
628
149
2493
5321
2800
8442
2443
5247
6370
5985
427
5670
575
4125
6515
2972
2929
5666
4597
2352
5639
4034
2955
4121
7847
7589
1161
5518
2776
569
2686
1975
8105
5439
4538
3808
8755
8765
8260
1164
5943
8096
5322
8199
1462
2370
8001
3448
8478
169
4978
2096
3741
2979
3132
1545
7679
1677
3729
829
7695
2100
3527
5707
362
1267
5945
8330
8524
2942
423
2779
7892
294
6492
6876
2538
4482
950
7913
3391
8492
5397
1803
4074
2742
796
2983
6349
2789
8208
849
7779
2809
4340
8543
3925
6434
7968
1024
4887
7466
4192
2748
8048
7442
3731
2454
7158
6075
5493
3249
4302
2042
6011
4820
6143
3834
570
8246
8711
3770
3496
8650
2508
1865
1537
7381
8634
8661
4903
1077
3142
3535
1389
6106
944
7287
2970
4612
4028
3211
3766
535
2439
4036
5193
2845
8110
4507
2147
2234
8776
5170
5199
4945
3715
2155
3797
8737
1003
4736
4594
6007
6511
1567
4064
5399
573
2358
8175
5046
2690
1510
5172
3721
4362
3566
911
8200
7694
4807
3651
5235
4561
1451
3474
8669
4661
331
6670
3388
220
1506
6321
4240
351
1985
4493
7135
3846
5661
8510
145
7902
6424
375
136
6893
8770
133
942
2854
4984
6685
2672
6448
8041
4526
7581
970
881
201
8371
3099
7843
1762
5745
4901
5596
104
7356
253
6969
3149
3540
8179
7791
