1050
4134
1713
3661
2827
4676
8317
4488
4220
7153
2836
4704
7227
3286
2355
849
920
6728
1134
6045
8679
6815
5950
5105
7684
2686
2624
734
3573
5923
2149
1227
5748
6652
5216
7804
929
1986
6010
1895
7451
148
7459
5440
5897
4233
381
1326
2613
6231
2227
7437
7900
3041
6657
6542
8638
2580
4022
502
3695
2296
174
8067
2084
6337
1082
6013
344
2915
7373
2491
4578
5640
7704
8305
1749
7321
5302
1719
5287
1222
8164
7766
4642
5739
7382
3743
2989
1575
770
6583
8276
6143
510
6814
2958
1209
7509
7379
7150
3852
7052
6840
2228
6238
5971
4365
2050
3564
819
1541
7608
5793
8609
2114
6906
7919
6474
2223
2179
8260
1485
6372
4979
7322
5614
7518
1142
6772
757
2324
2098
8542
7519
5693
4523
7858
3369
3240
4450
1122
5625
3897
2462
4790
5528
1860
2579
6821
7793
6771
1456
6402
3410
2626
3002
2358
5073
6486
1418
8
7025
7612
1173
5612
3643
4627
5312
555
6505
5097
1336
1557
5419
7552
3634
3772
6189
1894
6220
717
2795
2216
4539
474
3842
1068
7448
5112
8560
3776
7392
1354
1013
5913
6697
5343
5326
3221
2221
8467
8702
6813
4495
8691
4697
5750
2029
1362
1489
5173
329
3012
7591
925
2851
3964
1211
810
276
4867
3232
1306
5944
4100
1205
5963
4963
3625
3190
530
4259
5189
628
5477
5784
5413
8322
8015
6691
4860
3091
8502
1843
351
4886
4923
1196
5161
5915
6946
3854
513
4075
288
6785
1166
8774
1104
1674
6034
437
6750
2652
4724
2956
4133
1827
1736
6818
1900
2434
1714
7735
6873
7599
2136
422
3995
1525
8086
272
3348
5258
1579
5308
5004
3179
5365
4747
639
2504
1390
4825
3163
273
6202
8657
8522
3301
4563
7111
5425
3954
8282
3103
5183
3553
7051
1826
7794
4840
7948
4743
3919
8044
8201
1217
4911
7465
2946
2383
2
2879
4090
1048
4482
3795
5387
54
2653
5964
162
3116
33
3102
4579
7846
2984
7127
4549
6269
3621
5714
4392
2724
4387
1281
151
6195
8008
3518
6514
3666
2193
5050
4124
1137
4903
7860
5281
1869
794
2076
8397
4520
5790
2832
6321
7975
6737
6103
1668
5177
3314
2138
6731
1663
2161
3150
6666
8148
1329
3504
5863
6770
8173
8365
1388
433
3946
7625
5402
5841
5618
8453
1164
5610
6448
4652
1833
1984
3758
136
6565
1908
5352
3063
2719
4393
7404
5264
1307
7818
8038
2187
6866
4306
1474
5279
53
5482
4499
8129
644
6601
3338
5428
6057
4409
1315
7737
2936
8179
4189
4496
2203
7588
3205
3001
7756
2178
388
6564
4061
707
1569
2033
5158
8603
282
6259
4399
1667
7249
7767
7774
7148
4280
6393
1877
5828
7894
3169
913
76
8471
1696
3178
2584
146
232
1854
2920
1717
5257
6274
398
1812
6912
1778
976
4386
1972
123
7126
3450
8251
2699
8578
95
2685
1132
5904
5529
4509
2884
8156
2096
6149
6491
3840
4110
8267
559
7806
7898
1808
653
7195
6610
3038
2683
933
6456
4209
4223
8030
969
3706
7996
1460
127
164
7161
2468
730
2514
739
4197
6207
142
594
3403
6663
4736
8662
6603
7571
2625
3628
6440
4718
5018
8227
1397
4004
6846
970
6270
4289
2658
7880
8017
7103
5978
1249
8417
8390
3923
3890
6288
455
4967
15
5617
4820
3642
217
1889
5411
2036
7267
2534
3937
3720
8769
5195
5832
6788
3761
7001
6538
6246
3760
2353
1284
564
7058
7814
808
5147
2206
4208
5919
6278
8308
7885
6681
8259
6791
5549
2347
1000
315
1212
4439
7329
4673
8599
1702
6532
8299
1922
682
7593
5178
1253
7651
4968
5515
8420
3034
7956
8495
8614
3122
7609
2666
3605
7486
529
2689
2872
8402
328
943
8172
3337
3415
1279
390
1814
6004
2043
3528
4137
4191
7380
3451
7416
4936
3508
7851
8743
6881
4947
6308
5235
4201
5723
2385
7692
5020
4350
7798
7529
8010
7522
7677
518
6720
6378
6243
71
586
2732
439
3160
8735
8131
5271
1791
5604
135
4984
5219
4683
5602
8751
1250
3844
6253
7930
8110
5519
4121
8660
1358
2797
8318
3910
2266
6855
1598
2146
3156
3917
3467
1871
4143
5616
2071
1488
2621
6055
2926
8631
5687
18
4238
2533
3387
8204
5871
4394
2560
2435
1188
838
5349
6923
2913
6109
438
5570
3044
4898
4978
8690
1563
1078
8506
6685
3849
7167
7759
8565
238
5819
2357
4800
3713
3130
2979
6970
6736
1337
2604
1124
1412
2220
8094
6802
6023
7770
7216
6830
8075
3341
6022
2239
228
489
5690
3900
2505
4278
7660
7497
1510
6959
5768
2225
7291
2903
4600
858
4214
6678
6801
6904
3611
5390
6345
543
1012
6350
604
1971
5123
6135
1145
6618
5068
4971
2502
4987
7901
8588
7757
3986
2826
1287
4062
4154
861
2495
848
2167
380
3561
4097
239
3469
948
4142
7675
8396
8012
1730
7618
7644
8107
6577
8196
3381
8195
4250
4383
6961
1136
7579
8045
5906
1280
8445
229
8001
5310
8400
3475
8311
6727
7349
8787
3238
8593
2052
3780
2969
4000
8441
2945
7582
2612
4341
3918
2340
7631
5095
7907
7493
4710
6941
6154
8183
8460
7401
8561
1794
6469
3603
2622
2563
3811
1759
5375
1533
4972
7120
319
4236
5850
4774
6272
6003
854
5489
4426
7913
5676
408
8004
2527
2113
2492
5639
1666
4299
4474
21
85
4407
6863
7285
4548
7714
7815
8709
4419
4044
8634
3170
4215
5818
4830
1377
5328
7564
2536
6499
7144
1982
7783
5501
1800
7946
3962
6841
2834
7721
3054
8367
1298
8285
3395
6871
1784
6079
5243
4267
6226
923
3889
6777
4456
8321
6599
2770
4171
8723
5697
6774
5937
3022
2577
1454
403
8207
7005
7323
4188
4847
2998
6052
6935
5153
5131
7698
1584
5716
5613
8719
6700
4892
1795
2152
7530
2446
3449
8733
5960
334
5100
864
1084
7355
6163
947
211
7393
3583
7377
2046
5490
3355
2727
8782
6938
7556
4846
3863
3762
3359
5340
5137
548
8357
1780
3697
7994
3005
4146
4580
2427
8113
6530
2337
2414
3384
2396
1219
5934
305
3948
8688
1762
8011
962
1564
6662
1004
3195
5636
789
7610
8463
1011
1350
4356
8246
7211
2460
556
1041
20
5400
6255
3598
3040
5179
2614
954
5894
6794
1765
3574
4985
5486
8382
1463
223
6628
5053
2696
5872
3651
7790
4552
8520
500
7099
2964
3644
60
6616
942
8541
7962
725
7723
4989
727
5444
4818
638
1046
656
3136
7140
233
6517
4155
7596
1060
5160
2222
7162
325
5608
6299
2988
4404
2484
6464
7302
4996
4363
360
4117
3060
7068
3511
6807
149
7785
6625
3030
8088
2389
3452
2952
2594
3614
2974
6675
2253
3902
6589
8606
5594
4077
3299
846
2704
8098
1963
5091
1116
3080
6445
4568
1655
6998
224
6396
2769
5005
8013
6743
2593
527
3510
7992
4868
8544
1029
8458
5042
8533
6465
654
4148
2180
2294
5000
2586
3138
7536
6374
3850
6152
6567
7201
4615
7255
2483
173
1576
8412
4791
3862
3006
2909
2741
5029
321
1201
8214
875
317
2430
165
2550
5110
3845
134
3010
5732
550
6709
3893
5499
1373
2198
3608
1624
3134
6093
2101
5901
6967
3393
6500
8240
2547
3300
1062
4715
281
3391
2406
2375
2218
8747
3807
769
777
3723
481
4528
6211
6460
2288
8146
6387
3309
7847
4190
853
6926
8773
8694
8083
1727
40
1754
4458
2320
7425
2966
4635
206
1603
6294
4234
1044
3664
8000
585
5163
98
3251
822
6295
7409
5981
2094
6182
5557
5539
3823
1318
6531
3729
5272
3520
7929
2831
6704
5743
2692
4512
2213
2773
4574
8300
7533
7876
1195
3822
3515
2691
5046
7406
1750
9
4355
6016
8418
1254
2914
765
2323
532
554
5072
8236
3659
859
5019
3687
2642
965
1566
4112
1371
1802
6142
3056
921
1105
81
8295
6233
4141
1286
6725
2752
8378
8314
2304
7320
312
7179
8117
1993
716
1065
2040
5652
3284
6936
6549
7906
998
958
8777
7628
1199
6574
1501
244
6839
595
7655
2267
5193
3123
850
2930
5805
6843
8031
5586
1261
2934
5081
3626
234
3507
4248
6175
3479
2883
797
6800
3198
265
4872
1746
8518
6768
7130
8354
3128
6746
3624
7778
4813
5833
84
4288
8511
8652
820
2862
3386
2308
2224
6540
5493
5824
4607
4649
1856
5370
6196
1290
6292
4256
8411
1085
4334
2021
7430
8191
6900
1457
2705
6263
5560
2333
6000
1527
3524
7419
7771
2781
4772
464
7411
5260
145
7623
6956
369
7638
889
4464
3869
7542
1200
7498
4493
2497
2858
2494
935
4013
3915
5397
2461
5014
1658
8029
3244
4888
6232
8007
4585
3018
6058
7257
141
7997
3913
5518
2628
3197
2395
2779
6384
2922
5488
5478
7172
1690
1464
4416
5076
5246
8478
1374
7559
5039
1170
6466
8141
6696
5475
3558
5049
1226
2026
7558
7695
8759
4506
2842
1433
676
2428
416
2006
4680
7462
2450
6310
4924
3151
3669
5685
2199
4618
7780
2028
2837
4650
7061
6939
2601
357
1573
3819
961
7514
1691
4017
6909
1040
4058
5548
1542
2731
7041
1237
6129
6362
4891
7758
2249
2812
2160
7060
3112
3495
8228
407
4045
4095
5334
7429
3592
5935
92
5502
1322
1560
5890
625
6570
2654
1587
4930
8618
5470
231
1925
1620
3262
3542
90
991
1797
1119
6819
593
6380
7244
4123
7185
8039
1359
2749
4878
6566
444
1161
8789
7909
7136
5667
5034
4937
7265
5410
6816
7026
8339
4384
6990
3322
7812
4889
2302
6188
8139
1338
8047
5399
8737
2089
1071
6551
421
6436
4960
5854
3206
8431
1518
126
5606
7953
8025
7813
1443
483
4177
6349
1077
6131
153
2570
866
7453
2156
3704
8738
3372
36
4535
5575
3532
4068
157
5753
6322
1292
3385
894
634
367
4353
1229
6752
6797
4066
941
1472
7554
205
5735
522
6790
927
2675
596
6392
440
4653
1888
5388
3292
5940
6236
7269
2938
3618
7160
3550
1210
2153
6007
6087
6878
1732
1385
6842
349
3548
2260
5441
692
1330
4261
8112
346
501
4812
5674
6902
8059
5031
2485
28
5401
1103
3319
6028
6229
7222
7114
6880
3753
7192
8676
6937
643
8626
1452
7050
1987
1295
1740
2762
5372
4135
139
8304
3969
2899
5141
3726
7646
275
3458
6025
3426
6291
1370
1095
4785
5329
5415
7306
1176
241
5124
7088
7343
1907
7761
122
277
8781
4481
2243
3161
3638
3884
4742
3787
425
746
509
1299
1851
8556
7981
5371
7177
1998
5949
7089
6451
2982
2157
2521
719
4565
8482
4511
7713
1803
4722
6898
7018
2581
3829
2023
7229
82
6858
3476
2493
1546
6455
668
2281
7611
7501
1291
3779
5638
5225
4030
4111
8436
5688
6130
8175
3891
4027
2725
5791
1081
5797
8142
3824
507
1744
1816
6919
6487
1947
732
3831
5965
778
3660
1660
6317
176
6884
37
8716
8398
8150
5450
7961
4645
8655
629
4550
4624
3171
7048
8748
2433
8642
2261
4071
7768
7279
475
4804
8268
1019
8685
8237
7174
2130
7968
6643
3061
2488
1074
7293
429
8686
3462
3236
5253
6
5338
4339
6083
8692
645
6779
5677
6672
7903
5730
6108
2755
7751
2066
3444
842
1593
2192
8446
8076
6609
6639
1994
7632
2230
6128
5213
736
6850
4976
34
4023
1223
4424
8151
7535
8788
6132
1
3939
8372
482
834
2381
7225
1394
496
8272
4408
5437
7369
2339
1503
6331
5713
6073
8385
4700
7149
8696
7652
1238
6401
6965
3499
4795
3708
1382
799
4395
4001
6921
2931
4660
2919
5982
4465
6463
6533
1772
5861
8649
6283
4544
601
3346
7987
7629
8379
3752
7009
4079
133
4156
7428
3735
3187
318
4272
292
6412
1462
7510
5002
6266
8742
791
246
5820
460
1876
4181
2443
8598
1426
4286
57
4739
5041
8294
5336
4108
3736
795
5802
6224
4007
130
5111
3933
4672
5389
7869
4900
7473
7755
2090
3271
2422
908
6805
3377
3997
6899
1646
7959
7461
1348
7984
696
8596
3633
6244
5970
1706
5291
1128
4252
3204
1630
5252
5979
453
4521
6822
695
434
7075
2537
7133
2457
6653
7694
8274
5362
3310
1571
8763
8477
2079
2455
2730
1092
6041
8161
7297
783
7585
8229
8298
7169
6804
8422
978
1918
5066
6473
5048
6895
6078
210
303
4613
531
4226
8494
4792
6296
3942
3543
7852
881
192
5113
5903
6624
2054
539
950
3315
4864
3579
2718
2687
6715
1682
4303
5995
8501
618
5786
2598
6096
5635
2877
7314
1252
3087
8287
6364
7796
8421
5204
7311
4953
4582
4662
8564
7825
7334
6221
1327
580
1141
4423
5991
1551
411
2881
525
2904
3066
3615
7983
3414
3366
4726
7259
7499
4492
3282
987
7326
2541
5992
1604
7296
8473
5948
7507
5985
8517
6755
8093
6475
2811
469
8538
6695
4536
1609
2975
5379
5887
1662
8185
709
5898
5461
5391
2865
606
8576
8519
4176
3184
8515
1864
4907
5476
3781
2044
6730
7547
2892
832
5728
6177
7418
5480
8338
8271
412
6710
985
7683
7224
3700
389
5733
4725
4658
7492
1853
4302
6908
6446
5684
2168
6948
6339
2273
2608
1745
5789
4102
1536
3019
7371
1283
1715
6405
3613
2038
396
2742
2410
1404
7826
966
5511
2093
8362
2800
5658
8262
386
8009
182
3291
5384
6635
4671
8582
3750
1467
6151
553
8706
5907
3563
3257
7729
4204
1824
3368
1204
3682
5564
7573
6953
1799
6726
1278
5593
4065
1591
7344
5649
5645
1491
8253
5740
2600
1757
4874
2557
1435
7386
7258
1679
2715
1901
4415
3146
6494
3435
1544
6450
1912
7746
6092
1561
3837
138
3172
5276
7932
8531
3888
6784
1027
4196
5007
3880
5119
4031
8717
7348
855
120
7939
1139
271
4120
3526
4806
2126
3104
8095
1703
1601
257
4019
6670
7720
5717
7460
3981
1451
7387
5922
6872
8602
824
7447
7434
7581
944
6483
25
8328
7656
605
3159
6979
8462
7478
4706
6547
8197
1308
2583
4145
4573
5763
7163
2003
4977
6711
1545
7031
4866
3185
2660
5701
4745
5642
4436
1839
4596
7318
4950
7839
4855
4139
2165
2313
6119
2821
8159
7220
660
6568
5245
8621
1554
2205
4170
2602
3218
1080
5870
6158
538
4357
4926
3439
1364
2734
2196
5292
6556
155
6352
7469
2965
7881
5848
4486
3124
6432
955
5107
3096
655
2764
117
8296
7654
8500
3265
8459
7928
8752
2838
16
4553
5706
5957
4274
2140
1789
6798
4843
7892
6461
2246
803
1625
1553
7358
2053
5766
5255
5232
5446
3362
2407
3656
4433
8514
7199
4257
5721
6619
278
7102
7182
4584
6915
8316
7414
7676
5301
2265
694
4844
1611
1878
4128
3089
2088
4029
5347
5896
5395
2322
7002
5508
4986
4897
4693
4320
4153
6388
8785
262
2326
8123
1937
5118
6546
7187
2111
8327
1825
7911
2856
3471
1273
2439
6394
4025
3827
3570
3306
1241
7679
3209
5695
5986
6920
2106
3000
1113
4811
4324
2917
6738
2131
4510
5859
7926
442
4050
108
101
2813
8355
8461
6780
1840
3446
6782
3616
1951
4448
3591
2793
4655
3027
8472
1946
5247
7317
4763
4203
7886
8428
5803
871
2310
4109
1038
1192
465
8765
6431
255
5090
3991
7166
1271
6931
7413
512
2575
5447
4336
2977
3407
5472
7738
3838
7363
1815
2475
5756
5222
77
3655
4229
1277
2824
6311
3455
7658
3785
6929
6673
3960
1449
3420
284
8406
8427
2360
5103
6454
6515
5438
829
1213
3114
2012
4828
2873
1079
7481
6501
2709
4230
2627
8310
377
1769
6282
3990
6329
5601
3373
3734
410
3647
8537
2706
8381
2082
4049
2542
1753
111
2432
4428
5430
7719
3855
3832
7276
6358
7540
4048
7483
904
6015
3242
140
96
4313
6739
4002
7234
8056
2264
5241
4625
2518
1112
2757
6882
7342
1396
1820
8124
69
1033
4857
6719
6205
3396
4012
183
1148
7063
2500
7764
4605
1165
216
4028
8072
880
94
8469
4824
2737
7990
6173
8364
6046
430
7657
5633
1572
1517
8248
3620
4224
5129
1378
7560
8770
4816
2364
8545
5598
4639
4284
5339
8121
3667
6504
7188
6453
4162
5842
6265
8343
5780
72
3786
417
6006
8507
3357
5799
240
2298
1140
6115
2011
1516
7700
4944
7887
8297
2745
4371
4297
7065
5572
5886
7977
7840
7543
576
1898
1818
7979
5420
7238
7097
7202
6870
2486
1704
7252
7441
3423
8633
4417
2077
6227
3285
3253
4597
4881
4309
5006
7351
7682
2801
5874
6146
467
5769
5781
4243
7368
3512
5492
8091
6094
3003
3886
5030
4347
7800
7215
2690
4854
6312
5209
313
956
2629
3731
2390
6916
4087
3653
4603
5644
7613
7809
678
7394
2388
3789
1909
2898
2618
1093
1913
4054
2259
1534
6354
1216
1549
6554
7925
3835
3980
1605
6218
704
3230
592
4258
3947
2208
4765
4400
5274
5442
1741
2993
6413
664
8041
1030
8115
5078
2531
5565
3607
1034
3892
8092
3885
6562
8384
7360
7206
608
825
7753
519
6716
2632
5451
1639
2941
3813
4787
3879
7485
1383
5290
1399
4913
2810
5172
7827
536
2458
2999
1194
6186
5027
7366
2280
2605
7173
5845
2469
5320
8127
63
5545
3799
1845
565
4709
2986
7036
2109
8683
1855
1247
5527
2805
7604
6471
1051
499
8760
3246
3070
4379
476
1763
1879
5374
7466
3231
6988
816
2983
2185
5929
2996
1966
4483
8014
1260
7109
6414
427
1805
2804
4770
4566
8557
4809
1537
5505
4374
5996
8266
8680
4039
4995
973
8671
1202
4894
2255
5457
3275
6204
4385
2472
1636
983
5566
6088
3277
666
6844
4826
1234
4956
8625
3974
1302
159
2034
8464
8128
1159
6021
5574
3078
6762
6080
6735
2252
4469
2866
2473
6286
7834
4656
6199
2306
2789
3007
8190
5624
7071
5582
3418
3715
1007
3353
1207
4008
4323
814
3572
1495
2721
3092
5250
8340
5003
2559
6623
1520
1796
6001
2069
7452
3237
5578
3640
6747
4776
5835
4242
2083
4729
5597
107
4293
5615
4397
4370
3111
2571
2748
5242
2820
5718
5435
5895
1631
1120
446
1476
7808
1514
59
7218
4325
5464
6126
5121
2568
3851
7617
2729
2018
6320
7861
4679
7718
4085
6689
5500
5900
5067
3058
7023
6629
1146
4734
8567
8023
3721
6277
3916
8771
2829
8551
3200
5605
1099
7838
4756
8049
1934
6061
823
2229
6917
7760
309
2437
4833
1242
8360
755
4998
3894
6297
250
8395
6694
5893
2365
7176
8210
8617
2366
7662
6502
5396
6420
7867
2263
1983
3569
2840
3047
6260
646
5908
5648
5423
3318
1405
5942
1707
8332
2305
247
1218
7941
2932
172
3095
1171
2379
97
180
6901
1458
1275
2056
6963
8109
4876
1512
5796
413
1977
1543
3225
3501
8275
8455
1228
2925
1586
2655
6857
856
1532
8263
2515
4042
6178
6622
7600
3805
5724
7143
1884
1172
4814
8081
7078
8503
5916
7882
2112
1255
8629
6424
3147
3220
5752
3397
8672
4717
1487
4620
1135
8389
2589
2535
7949
4629
4703
8114
743
8334
7788
7197
5315
7098
2643
6285
2269
4779
2278
6002
4411
213
2285
7353
7391
6765
8586
8277
2510
6890
2784
8583
8288
6659
6809
5595
5767
6860
302
3927
4185
6328
7402
2506
624
6879
4675
979
4467
3361
1436
3801
3298
3307
3812
267
3235
4454
6351
4663
1346
4720
3365
6833
6982
8198
6228
7350
1413
2211
2713
7595
1274
2896
1708
1923
1790
6861
7006
5001
1402
156
1441
5181
6122
1858
3784
261
5507
3584
5471
5236
7590
3588
8493
7090
2835
2008
1098
3909
3663
774
2412
6994
3538
7821
2673
7438
1231
99
2816
6059
5952
8264
6529
3612
7848
405
167
8211
7171
3825
2207
7118
6751
3032
7268
2545
7354
128
6664
3654
171
3999
4161
5807
5323
5196
1097
7175
4525
8623
6102
8125
7488
2245
1817
4628
2060
1976
1391
7277
4373
4425
8230
2426
612
3730
3749
1506
6171
2631
1419
4144
5778
382
3432
1904
4470
6835
7557
7765
6924
6127
1130
6508
154
2350
3311
5092
967
316
3560
3952
7295
3489
8374
6940
8492
2248
5928
8020
8562
1177
946
2332
4091
4073
3351
4661
8435
801
6411
4941
1776
8147
5368
6280
7539
4348
8756
6910
5936
2578
1294
5233
1723
2463
7627
1768
3459
1523
1055
8192
3031
5459
1928
1867
1793
2132
3482
4237
4980
7781
7964
3272
7246
1053
2404
4638
93
3073
6978
8536
2351
1657
5455
7260
5226
87
8126
6766
7537
3350
393
7020
1269
2250
2235
6676
8573
5120
2002
7576
982
3468
1766
4621
6825
8677
4558
1933
2697
6954
6573
607
7567
2569
1233
6795
5037
2532
7855
4130
1479
6851
671
1508
7420
2549
3370
1850
8401
2868
6641
882
7716
545
3703
401
6537
7096
4733
2254
4991
6594
8725
6150
2503
2610
6342
7951
4735
6955
4361
4172
5809
1257
450
6757
6216
6534
6449
3629
2572
4786
5376
1437
6756
4902
3039
4344
8512
2409
3794
1892
2453
4769
7081
7730
7004
1453
2990
7672
8707
3519
2027
4217
252
5321
2591
2020
2947
5122
768
3463
2787
1091
4798
314
2423
1003
4586
2371
6713
193
8726
479
5125
251
2637
5977
5808
2815
616
2520
8350
1276
6318
6147
670
7982
2189
5010
6105
4266
6410
5899
2317
79
773
296
1866
1174
667
2740
761
5666
1285
2369
6381
4572
1954
5205
718
3841
7480
4674
4151
1848
6357
6184
5102
2051
1924
6649
258
1948
1568
3965
5569
8154
3791
6085
2065
504
7356
6323
8223
3770
867
4895
497
4719
4909
6039
561
7749
1300
5836
8388
7711
6837
225
7910
1903
804
6170
7890
5382
6137
3516
195
3334
4691
6682
1680
4372
4761
5607
8653
6632
3710
7300
8158
5060
2743
2150
2214
6340
1670
7963
5702
574
5280
7570
1842
3867
1614
1991
7893
4665
3157
2650
1612
6124
7372
6145
3174
1629
5538
964
7822
2162
4634
5180
5846
4198
2850
1837
287
4688
2459
1143
1498
617
4381
4942
2714
3252
620
6390
2330
8415
6267
2539
7442
6744
266
6993
7436
4727
2746
7938
1035
3048
2417
5660
2182
3382
4084
2470
7316
8613
1037
844
1950
5994
7209
8698
6705
1270
5143
2918
1592
901
5345
3437
5025
2760
990
2928
2073
5880
1906
3177
6651
2987
8035
5305
4858
4296
2783
6933
1340
8257
4491
3118
1058
5909
3021
6894
3425
2293
3145
8193
4460
6077
4686
2169
4609
782
1669
6928
1089
7335
7883
1440
462
7810
4842
2194
3484
6732
5350
4959
1434
5761
5452
5634
4035
4235
8118
5479
6692
4273
4870
4861
1400
6325
8758
2854
1813
6773
1263
7710
7184
8730
7365
6922
8335
6081
5646
459
5629
5650
6031
4332
6416
4845
4167
4377
4329
3049
5234
2176
2682
2861
3540
5749
2738
2935
2151
2702
5882
1728
3627
6064
1356
3023
4057
6760
1086
749
3690
5175
5628
3975
1731
4583
3683
3481
4307
5497
6242
4946
7294
1363
4669
4312
3864
4199
2646
27
2286
3746
1101
5061
6304
4263
517
7762
7129
4631
7397
6353
3227
280
6074
2452
1637
8203
7544
3645
7191
2728
8061
914
5759
1519
3008
4131
7217
5825
8077
3783
1688
3075
6918
5554
7168
7935
862
5776
5220
7132
5071
3487
8695
2921
7920
767
5881
8241
1705
4421
6607
1087
249
1969
404
5712
6452
8450
8740
2237
1685
7989
7489
7221
3544
8437
2726
2397
5671
4335
1961
2853
547
5946
5770
836
4664
4531
2478
6525
8650
5306
7603
3984
7853
6407
8465
5409
8525
3679
1697
4835
2867
6829
931
6062
5729
4186
11
6856
4129
8136
3143
4836
3763
1028
1792
6313
3411
7872
1407
6987
6036
5277
4522
5558
2342
3766
3376
2968
6808
6733
49
922
458
5669
7551
2319
7400
1638
3110
1628
3316
2723
1980
2416
4617
4316
1735
6960
6518
7805
2155
1810
3502
7795
6992
5905
6714
843
7251
1366
5360
186
5170
2441
2772
8668
4623
1558
5514
7042
3108
6543
7117
551
7614
6100
6885
8351
6314
4106
1822
5705
8208
2923
5217
7054
5317
1393
615
8513
3934
781
3985
6165
7151
5855
6419
5341
8630
540
2617
688
3148
7829
3815
7799
3497
8470
2638
2143
2509
10
8489
3882
1915
5052
772
7592
2929
5443
6572
3490
6615
8366
358
6585
3828
166
1094
3097
3956
1410
728
7817
4127
3312
102
1408
7491
4
6539
323
5725
6865
2471
7281
759
5154
5707
566
2859
131
5873
1742
6674
4262
1755
7605
2710
5186
516
2378
3565
3745
2808
4644
4114
3228
8186
8205
2402
1782
6217
2032
1927
3834
3609
4287
7091
8345
2344
2387
7789
1109
4445
4225
4556
5032
2668
5783
1439
7385
4598
690
2971
2289
3874
1788
7864
7702
4403
5885
4540
4595
125
7235
4107
2001
7310
2314
2615
5810
3945
2937
1911
8762
1409
2318
477
2123
2750
2814
2973
3069
4359
2693
5925
8509
7189
3676
1448
2099
7960
1475
3804
5720
6114
8036
6608
43
1552
735
7871
7196
3806
1752
1167
1355
3052
733
5483
649
7663
6198
4982
5681
1689
7433
6190
2119
7859
5369
7583
2039
8255
2780
7198
2766
1349
2399
6976
8508
3233
4852
6086
5040
3906
5700
7239
3330
1528
449
4517
2078
175
3466
2558
269
744
5853
8539
7653
6781
3751
5188
4437
1395
4169
7884
887
3724
5862
1118
2695
3955
7457
6172
7622
5993
299
4938
2711
1896
5599
2852
546
5517
3817
879
2274
4270
8433
8060
5101
3576
3998
5523
2843
3988
4490
5230
6054
3323
6722
3324
7899
939
2576
6907
2284
4940
3053
3173
8600
1339
911
6658
3843
5166
3461
7824
5585
2087
6385
8635
8580
2454
5603
5675
7494
6592
56
1465
5304
5185
2295
2972
1049
1258
4358
324
7412
6403
1767
3963
2097
6778
485
2878
38
1677
1684
1970
7299
1057
7915
6275
3011
1831
8568
6423
7403
4822
3976
1059
7038
4036
169
3196
5082
8032
4518
5543
3492
7565
2774
577
4670
3046
3506
6571
6913
1444
209
1949
5830
793
5133
8543
6683
3083
5990
1829
6038
7525
7705
2398
5504
5109
8440
2634
4865
3870
472
5201
1529
4575
4138
6406
3904
3211
1985
8456
4375
4896
4687
1022
5398
8302
8269
5679
2370
7046
8247
7745
1324
7575
4184
3153
5580
3256
1015
4848
4589
5571
2368
8356
3944
1045
5325
4659
5930
2092
1785
6327
2442
4807
5840
7733
7555
5961
2009
7390
5745
3394
7803
1618
1832
3105
2444
5104
7237
5902
1066
7693
6426
3289
1965
3773
4227
4033
5954
2247
1133
3941
487
4240
3026
3339
5174
4360
2244
705
1334
5931
8202
4555
32
4269
3567
4801
737
4330
4737
484
1530
4455
6435
7707
1681
6330
2125
5293
3582
3924
7152
1649
3453
4228
2825
4271
3101
7383
4695
895
7772
5782
3599
6212
4919
7213
2476
2210
8292
5719
2817
6043
3
2121
4917
5879
8601
8720
3649
342
3388
3158
4078
2447
352
6276
3571
2553
7024
4532
3950
7407
4973
805
5156
1881
6981
1381
4052
1343
7517
4446
6404
2828
2133
4564
3756
7513
4910
7870
332
8220
3352
5203
3342
3062
8106
6360
7470
2630
524
7468
4981
5324
4759
2142
4999
4166
662
750
2530
648
2025
1056
2158
5997
2047
4104
6101
3590
2007
5474
2962
3090
633
2822
6479
5773
420
5311
907
2524
8200
6569
4459
3400
5774
1787
6251
7844
5691
8656
8100
3798
4342
7476
4380
3740
8181
2275
8442
13
2980
3120
6219
4696
6113
8369
8135
7924
8546
41
5237
5194
752
4362
4016
6793
8549
7734
5075
1461
4630
4366
687
3814
2839
738
5162
5084
2386
3254
372
3587
8722
8407
4484
1182
4912
112
4570
3015
2561
1239
6934
5057
3896
7965
2482
7690
898
8484
2328
995
3714
6140
5525
6144
723
8768
1578
6687
1073
4056
1220
892
364
6225
4200
3796
1492
5883
4125
2343
1450
8163
1002
7531
7523
5969
100
4500
2603
4602
6112
3263
8713
1650
2620
4219
4606
4089
2496
2847
8393
1699
4799
6498
7952
1597
3580
3650
4018
4869
2309
8491
1131
6116
5256
7524
1555
4906
4519
1959
218
4593
7624
4340
4905
8715
5704
8476
6335
5692
3600
1849
1724
779
2694
8245
3652
6699
5331
4032
4767
590
2940
8627
2086
260
7347
6347
8555
5787
6258
1721
1548
4643
7515
1430
6997
8449
5858
1910
3241
5033
7116
815
4922
2341
7388
8605
6497
7688
8594
6513
2992
1264
760
8359
6655
1675
4915
4732
4677
6334
4569
3321
916
8006
8439
4308
4159
7086
6250
6947
4789
2464
5878
5465
3367
7986
4213
8217
5751
5294
2517
6326
6181
3477
3757
641
8444
8434
5344
5573
6316
3877
1932
3557
8034
3210
2778
5987
3637
7242
2763
8377
6579
8194
5722
4810
191
4741
2707
6271
2024
320
5822
905
8666
8177
8419
6209
5563
2640
290
7736
977
6027
1014
8786
714
912
2523
3994
5760
66
6355
3903
897
771
39
6053
4839
1296
7568
78
5867
8624
3428
2238
8058
3332
6306
6974
3100
2487
3610
2373
399
2279
5249
698
2102
2055
8779
932
3895
989
4887
8221
7243
4619
1345
8432
5136
5086
1008
65
1659
5806
1798
4158
1500
5135
2301
5757
8499
8673
5077
3269
8293
6133
7980
3329
362
6626
8320
5134
2551
5261
2346
6089
7873
3445
4780
8225
8658
2526
4292
4275
3267
8734
754
902
1168
4074
5838
3313
7849
3826
2145
1455
7115
5313
4821
3427
8475
1589
152
6966
7456
5267
6104
5553
1232
8215
7773
5275
4626
5779
4083
341
8344
61
2546
2564
1096
8239
1309
5983
6068
1191
2782
1893
6524
6400
4794
4781
3996
1531
2135
5804
3531
8548
4478
6932
2680
7432
4207
1083
4877
6375
3349
3496
3245
8103
6164
5150
6447
2103
1333
83
406
8053
4970
5296
14
7837
2665
5792
7139
3732
1783
327
3141
3972
1737
7123
8319
2647
7164
494
8165
3782
7158
4210
2256
7937
7706
2335
5589
6136
5945
1389
6516
6099
6237
3448
6376
6749
7879
3648
7044
336
3498
385
7288
294
5239
6620
7866
6789
7282
7754
5659
8703
3959
1957
938
4581
426
503
2283
7069
785
8101
5449
7007
2663
2803
906
8209
6832
2057
8250
8216
2611
830
4322
3433
6604
2949
7923
2664
5884
5989
7022
7639
7339
885
8504
6669
7445
473
2015
6792
5045
6159
3167
3701
8138
4893
6192
8055
7908
4748
6044
4081
1953
4975
8043
7566
2321
5021
6944
3873
710
6660
8610
2058
8669
6557
7740
5726
1477
5416
6717
8665
1181
4945
8130
7241
8592
8120
5491
7835
6677
5378
7933
7154
4640
1902
2767
5096
5408
8160
3541
2282
776
8199
1929
8628
8066
8454
3522
1835
4884
6480
7995
6241
5386
5544
3830
2183
2870
1185
2995
4402
8119
6758
8281
2657
6478
3859
1471
1535
3568
4723
2498
3290
7135
8323
7183
4218
599
4443
6488
2849
5108
4452
3344
6812
7944
869
4983
3883
5481
6667
7043
1718
298
5503
5199
3399
2120
8016
8252
7748
3672
5576
4301
3836
1570
402
2005
256
2134
2393
7674
3545
7862
8424
4805
1480
3438
1720
4969
6194
4961
4487
1184
984
3953
4921
2735
4024
6996
5346
1215
3064
163
7280
993
2684
345
4668
8675
4471
2874
2703
8409
4164
1154
3820
5777
4037
4990
4264
8755
6377
3790
8684
8615
7633
3767
7298
1891
5988
6168
8371
6183
3876
8404
4879
178
3133
8206
5332
8648
2376
3861
1368
3938
2953
3922
7891
557
5248
3488
893
953
1032
4608
6191
2619
226
187
890
105
8089
2303
3155
537
3191
837
6602
5709
2451
6348
7290
7562
4681
1594
2771
1882
124
5445
4599
2186
7378
8097
7678
4026
7062
8708
5327
4797
636
3575
4020
248
2644
2327
1774
5190
1652
1615
8003
2830
1310
7640
2823
3470
307
8674
6617
7141
6958
7516
5914
8168
1756
8639
5622
8754
4103
2807
865
4740
2100
8176
2415
3681
3658
7958
264
5509
5694
7931
3266
784
4388
4147
7998
3457
7338
2338
1938
3694
6042
4449
6764
841
3552
4021
8783
5353
4611
6874
8005
6095
7057
7076
2844
5017
7520
132
2720
5467
5013
6526
4047
6527
335
2555
4957
4281
4202
2063
2538
7974
7352
5155
8361
8352
1023
6951
2833
7732
7105
3175
1751
3803
5316
3072
3871
1574
7128
3677
7954
4793
4988
1995
7917
1075
7532
1693
4260
5738
5951
2081
4576
6373
7410
3936
2897
6111
4530
6980
2163
5089
3833
5432
3617
7856
1417
1710
1811
6595
5921
1331
129
2880
6166
802
4232
1897
5426
6888
2070
4885
5868
4592
635
2049
8108
626
4918
4730
1484
6712
6831
7970
6776
3279
4502
4612
8064
924
6783
3129
1917
7534
6014
7395
4832
3754
3509
4290
6476
6254
581
4406
3671
6741
88
3727
8659
4251
6869
2911
1067
828
2421
3472
6644
7666
8184
5550
5561
8485
5865
7830
3222
6984
2700
1352
5138
4541
3363
588
8265
4418
470
3283
2359
6252
3949
4116
552
1106
2907
5361
7110
2886
1887
2467
6661
4802
4479
7325
7634
8405
4041
68
5698
6167
31
7636
2543
7709
6522
8724
4590
8258
3280
1807
5394
7059
6893
3521
6684
368
1945
3406
1108
2170
1375
2226
6943
6264
3668
8410
5433
263
3389
600
1859
5330
4038
5699
560
4174
3777
5064
7021
1905
3619
1642
6528
5099
2232
2556
7550
2674
8002
6485
3402
5869
7399
1992
689
6496
4351
1502
5117
6433
2798
520
2599
7079
5798
2209
7336
7741
4136
591
5333
6261
6134
6849
3374
3288
4046
7010
8778
758
4216
6457
2978
8637
7106
1214
741
3093
7747
7112
996
1626
6656
5814
392
3562
5772
3702
8534
4547
2656
3025
7003
2004
2171
2519
2574
3144
5506
3293
7934
3098
8552
821
1017
7874
5038
2384
4378
1838
6580
6467
1473
3926
7843
2678
3928
945
6883
6523
1643
6634
7093
4708
884
5984
1392
4882
1230
4498
8286
1861
8443
6287
7484
8174
1635
1482
6215
2698
6548
347
959
8235
697
6332
7512
8111
7791
919
957
4105
1809
6507
2429
6862
8550
6686
3297
6481
6973
3226
86
5106
5063
409
5933
2775
5469
6983
7927
1129
4067
886
89
5892
6421
480
5484
1622
3577
4738
775
215
5273
8408
3589
5943
58
3546
384
7340
3294
3808
3971
4808
4422
8736
8524
4451
236
7247
637
6925
5533
2544
3491
4434
2512
6633
4841
1733
4567
4315
7865
7417
7546
6051
872
8171
5843
8074
4327
731
534
150
6587
6701
1266
8448
7725
3328
283
3417
8070
3899
6582
4546
2292
1245
8553
1698
7083
5680
874
8166
2888
6584
2976
579
2300
652
8577
806
3951
5168
5973
661
3943
8026
6408
5473
1633
6671
5967
3733
7936
1325
394
4562
8496
1316
1225
7574
7648
4931
6817
6734
1144
1581
6208
109
8256
5968
1872
6441
2219
756
2981
1123
6836
1999
5795
8149
3707
2970
7727
7040
1899
3792
7742
1021
937
7180
118
5581
2869
7084
2960
6786
4463
3566
2791
2041
5568
2191
4964
3678
4684
994
712
5662
6645
6867
1847
5524
7474
6823
8579
7580
3802
8526
4851
1054
490
5240
7594
1526
526
2670
1600
5661
4382
3881
6914
6647
1180
1459
6084
870
8182
222
254
188
424
753
3180
2361
3500
1654
3077
7878
5813
5664
6305
2124
8132
6213
5403
706
1695
2068
3295
5542
8608
3929
2635
8392
5765
4040
3142
6273
1235
1627
4571
7228
3345
583
562
3004
972
1743
5485
5888
4254
5265
6249
4494
1429
672
3086
7013
7446
3636
4314
5678
8273
6576
6303
3793
6680
270
1968
5654
285
7030
5132
5462
4505
492
5314
5657
8714
3930
3517
5592
