13406
36681
7139
24924
17909
2548
23123
20768
364
17686
11879
33378
6783
22661
19658
21859
25155
12066
27745
28846
14925
22360
1974
22842
337
16607
13476
3574
27390
25227
27772
30868
21563
33586
26112
24505
25351
25165
11520
38464
28237
32225
17353
11510
17291
3269
13883
21916
19593
23547
22474
7335
5326
10212
21486
37896
16786
30023
5115
35777
20642
3710
9592
34401
12349
37722
9118
1546
31708
36496
9213
8328
1804
32371
16214
19584
23921
14711
29971
20587
29717
35948
3486
37357
29229
19582
38892
37280
11064
2318
7883
27027
10166
25914
25291
13662
18746
32958
6267
20501
24128
2460
35172
32097
22657
23796
24730
12327
11405
6790
6168
17828
19091
28731
2420
18912
16540
7552
7676
25328
15318
27212
8757
19819
5406
21415
31944
36123
35164
33811
30864
32481
25694
25480
1782
34121
13967
8177
18934
20637
4508
20675
30256
39046
4115
28053
34752
28153
1105
9893
1592
10914
26074
36141
8625
7556
31382
1629
3848
25396
22549
17579
16641
19121
16546
17665
2546
27824
4231
38952
26909
22097
30808
30895
37138
30747
6656
7076
28403
8735
9841
36039
31080
6421
3767
5420
19355
17811
36417
2147
30733
28171
3679
3577
9257
31040
6117
20328
25021
32879
32403
30510
23489
32498
37633
12564
356
4052
21262
3765
28191
29201
3301
33030
35893
23723
35534
9424
38984
37582
30182
27783
13207
20021
30091
28106
18831
21353
5927
6124
19341
11434
26222
21882
18594
17607
20895
38674
37596
33052
34676
26298
2050
5985
33205
28556
7396
4559
33513
23099
32489
128
26590
13186
2277
37902
32025
33143
10696
5724
32606
29334
21551
19789
25559
5202
24678
2949
6708
24728
23860
36627
2929
10308
9229
27733
14515
28745
33571
35775
2202
12995
13586
39090
22912
27930
11365
16047
18702
15785
1700
10064
34015
12252
28820
29097
22623
12304
14922
2384
37002
14890
4940
7854
9691
33516
26243
30941
36878
35966
31658
12695
23515
1057
13828
17793
13128
22724
23809
22152
24109
32537
23852
31319
30203
37630
36656
23059
2836
10253
36314
18917
20667
10561
18273
35741
17860
9807
11173
31056
4021
34672
1859
33544
9375
32522
26673
36449
29495
25411
20975
9264
3975
36876
28426
25548
16847
19960
32716
15840
34553
4373
31185
1440
3060
28641
28920
13935
23383
19465
10626
4663
28609
38860
4183
9319
37559
38321
1094
17015
1347
38237
36441
16865
22589
18158
5285
8952
1701
9432
30005
32504
4454
9808
32401
746
6235
19238
16324
19127
32143
2997
15483
28124
13764
33459
20625
7683
16074
27221
18264
24116
36078
10190
19979
1323
9944
32141
10105
10868
2212
7316
35486
5405
15612
5777
10322
23739
7517
7775
2333
17050
14692
17805
7310
4424
16308
32620
25496
7756
25703
25040
22006
25357
35059
7907
8971
29747
14764
335
36107
21393
18993
6542
5219
5581
29599
18458
25039
33920
37895
19214
9875
82
25986
4831
15420
9146
27712
37479
34831
19135
2871
28993
28486
3525
14429
25326
33659
485
20885
32672
11298
16962
19154
23725
18996
5873
33500
33653
34356
32136
17478
17679
23009
7685
32894
27062
1012
38133
4999
21825
29827
31655
33314
19636
32381
17493
2705
28163
14827
7252
23430
18412
17247
33541
12744
13879
29170
505
5375
5849
17450
18733
35602
37985
31428
21558
20620
29993
13736
14281
23494
12622
5006
38327
20024
37944
31486
16913
23042
6304
25223
16316
36794
22069
17297
6260
32739
20423
26019
9282
23997
10693
9833
25909
14801
7785
941
19229
38562
9911
34364
37853
6481
7510
34959
23246
11028
2052
30116
15211
26797
36657
21536
22310
20269
21366
4881
24986
24987
27276
7286
26039
22563
32677
5017
37836
22229
26881
3665
14335
27998
17837
27655
30787
16444
27545
34848
9423
27669
37395
21983
37594
38043
6752
30761
16210
13356
27321
22628
10401
13925
13333
38815
14444
19501
27386
29598
23033
32331
27962
36472
1021
31134
13122
19184
8982
37413
5797
15730
29296
36259
16873
37012
10642
33125
21929
14780
17526
23523
12025
14074
6252
25946
21057
22980
1112
19964
22043
10930
23592
1892
32836
15811
30857
32201
37591
33772
38165
25688
23590
38973
21729
22696
19650
4487
37165
12122
6779
11379
27202
36150
27255
20542
25624
27854
11113
21460
36420
1580
3251
17009
7449
4632
16824
28455
22739
34136
21439
16600
3868
16472
29114
786
19422
7285
25911
17961
37576
24580
14837
24271
33132
38268
22101
9551
11825
5818
30218
22530
33279
3705
36364
5604
1856
21871
39020
17452
20572
2266
2578
10785
34250
399
13190
6704
20485
35269
1868
30311
2377
25410
6807
32128
29265
12908
3053
28067
13179
22414
27411
29411
21364
14379
24473
26969
15714
25584
37017
8741
10011
29517
24793
24259
10060
34998
37412
8498
15423
9707
29902
6174
28649
9153
22346
14742
19917
11107
22161
2935
11536
31180
11217
9814
21226
12929
30191
25602
34438
34994
38874
11226
10559
7488
26865
2857
3798
10280
31340
38387
31591
8705
20960
5439
7805
10426
27742
16787
22456
20009
14026
24587
30489
16004
17123
21631
37285
33940
19954
27385
26384
23746
4588
36704
33620
20850
34088
2555
4456
4971
10686
1038
14626
37776
985
30860
26212
12359
9563
28693
1507
37403
32172
18247
2574
24188
2756
23539
2455
2864
10138
27573
2666
24331
21996
23081
36018
4287
38699
14536
17470
20618
23889
37820
5491
7455
5823
3943
36508
5904
24945
19945
32964
24130
5234
7144
27412
1902
26850
35933
31477
12521
8237
5343
3609
15120
25529
1399
29139
30825
9884
17171
2706
11600
26790
4598
21887
23768
21056
11176
5231
15843
33823
38185
19375
22274
8336
33410
8231
5846
3413
15833
37219
8087
7558
28254
26189
23642
16973
36014
1175
2274
33299
24086
34728
24168
2085
28119
34254
34515
37473
7846
16046
35952
5643
26965
11777
31150
27533
21136
33806
13977
24353
19663
7934
36210
6301
35286
3556
20320
18290
3212
9303
37189
20257
27246
16933
4738
33693
5259
29783
36224
35237
18966
25002
29035
37863
7248
31978
21231
1878
20176
22828
29350
28219
34450
35874
20970
20393
4633
26823
205
20480
6236
3600
21200
11548
4264
5555
16482
33118
207
35577
6671
22892
4779
31728
26684
16415
21738
25543
31360
19959
21650
13152
8138
1938
35357
28776
18972
26406
6413
13167
10540
20212
27469
32925
30106
10484
23252
2282
26905
18794
5478
1381
25808
406
32500
34365
7060
3945
1722
30110
13157
16296
24186
24573
18192
34971
35826
9137
22040
767
24960
18965
33832
555
13260
9486
28983
27503
35878
4795
7263
26442
31149
8574
22268
18983
21800
19628
18995
28017
20022
28735
28689
18813
10454
6582
28415
21242
12656
34804
26174
1237
37908
26662
23856
14643
27129
10357
26487
33584
13323
6420
16409
16748
10709
38430
27069
36767
18629
38921
5624
7469
35820
15632
7912
35359
35117
38184
35390
20881
25284
23913
8195
9988
29853
30695
21161
10625
13582
29276
17472
7996
5523
22964
31528
28874
36232
15755
77
10430
17914
5145
35520
779
11693
16689
38439
35713
12311
3191
32217
13354
422
21384
11411
10601
7670
24809
15787
14627
25330
5923
26465
27242
28719
10711
678
32325
19589
32346
23749
34795
14936
17726
6811
24907
1710
38036
18731
33320
2701
38552
17503
16396
18677
22435
4408
929
1170
14691
14302
35112
264
9633
31720
38146
24272
14191
8166
12965
35338
4953
2071
27577
1702
2968
14522
14503
22059
19866
4531
9718
14004
13634
31425
21172
7406
34902
34881
8785
17887
28252
35962
33333
16664
18323
2842
5702
16328
5155
5295
35500
27131
19583
13705
28561
31095
9601
23035
13079
168
30341
23619
24015
9895
22515
4850
5832
31896
28844
29784
1449
14858
807
16843
2150
9773
36695
2917
29147
6473
7937
21208
29765
21009
27875
16565
30430
4963
26478
27343
25065
27552
18250
16077
31853
6551
34888
7849
32959
7236
35156
706
1481
27300
8774
37344
27374
19872
6777
23207
7983
7087
21689
34531
12160
27320
9498
38005
21251
6026
22246
10670
27487
30400
19226
31007
2584
23284
20419
12835
19713
12155
20852
24442
34480
36555
6701
20403
8009
36324
15054
9037
35662
5766
37140
6058
27474
33381
11667
22053
1274
32391
23817
13457
26190
14909
5798
23313
33139
8836
23296
23067
14816
35461
33244
36962
4267
14883
37134
12986
1983
23119
204
34932
16831
19574
24838
30727
34552
20400
29832
5573
17606
10787
6285
13506
34038
9367
4305
5995
21699
9267
30473
13290
13500
30528
4120
5569
19874
38063
27376
9248
34031
18841
4859
31364
37516
14674
36908
5779
20809
21711
18621
8798
24420
28214
27268
17169
145
38222
19808
33803
34849
12124
10938
8362
16403
27405
8346
34108
17519
26874
7637
2263
27695
37911
8454
15407
38806
27445
19062
30586
35416
22541
10794
19045
20350
3035
12605
30336
24265
10844
34409
23148
29704
26627
21965
17206
26042
38461
9414
24797
3834
35450
3675
16753
12023
11524
7203
2772
31558
4568
6203
2431
18674
30943
25423
8211
12174
13101
31423
17516
36669
12620
32066
27446
16610
8213
36897
37626
34713
3672
22756
28618
37075
10605
37976
18624
10156
3134
26344
12810
22591
35927
18072
26955
32134
19723
38408
3935
5978
34636
10470
20703
13063
7159
18379
38617
7158
10116
1815
18675
11567
4833
34970
9760
23453
30947
11850
31444
22075
8144
23648
21031
17191
7947
25095
24964
22162
35815
23202
13077
15002
10311
4005
1959
26893
7027
29802
20691
16163
16618
23271
35362
31242
27947
8829
34790
2681
35119
33966
19204
9059
6695
23193
1258
29001
19308
7174
14509
588
27082
19970
12682
30307
28614
13845
1611
9811
27598
16524
5373
32809
26076
38284
8361
6570
32913
32107
34402
17933
2360
9269
5537
26517
29511
33681
36831
6675
8003
32036
39025
28827
14849
14460
24935
25924
20638
4104
23876
5562
34824
33503
18706
17492
39022
25906
25611
15037
38150
21192
27277
4046
26169
21553
37381
5475
23554
28612
37904
23794
37674
11854
184
16417
9179
38548
35783
16011
1661
7594
16425
18060
6372
16926
19423
24771
32365
26831
13850
7039
11808
12234
10480
24503
17986
37740
9683
34513
37502
37077
13392
12214
13449
23199
38803
26496
38769
38021
2934
9047
24721
16846
23724
10666
32050
10842
5340
34147
30219
18314
14207
5554
18345
39071
34083
5181
6370
37126
1046
32336
17125
30380
18462
33814
29045
16348
27389
3604
23533
36528
30468
25788
26785
23893
38838
18153
21515
33827
14346
7931
3645
27523
24929
11096
11834
36361
9608
7525
15441
8207
26864
33754
38310
11585
36172
31475
20412
4467
30060
14649
23740
2688
10079
32450
3526
21055
6604
26564
2173
22858
18511
1230
37128
26728
12958
11663
4586
11542
16282
2108
20629
28225
16344
14500
21682
35062
23443
9508
1884
3363
22194
3739
10004
8219
9744
37428
34342
18998
3610
12365
30676
9155
1466
18452
36744
27904
8654
3858
30700
12756
35032
35748
25783
4259
23726
13795
32174
31624
6398
37910
24553
2350
9198
2790
19175
22562
548
38729
31594
12994
25885
20484
20319
7405
18403
31069
26106
20884
29937
31755
23751
22634
38841
21005
7910
3936
3367
14680
1768
1173
26983
26437
31273
23016
6003
27937
9110
17617
34059
33758
9114
19920
10634
22772
20349
36209
6668
33435
24702
31184
547
24991
27693
7605
29706
3703
30703
31826
9244
7134
14410
2289
31537
36385
24182
116
25631
33593
20037
15090
17912
9915
1703
33877
4345
9054
29778
2522
15199
2824
35959
6326
11177
25329
13709
28926
9519
4669
7492
4845
6495
31530
31575
11229
2154
37099
31057
11224
32539
20865
35258
16008
7209
27917
19840
21132
20415
9458
11106
26429
8984
28560
15788
26904
35122
3189
16958
15933
28365
38218
22680
25121
6875
32979
1144
10816
11532
24399
10985
33278
10015
7156
5368
29984
14087
34600
7861
26675
31168
27782
19057
28284
22340
21190
31723
34794
7243
11470
6729
31353
161
17965
575
38901
9489
37378
25124
8658
14453
8333
26639
19900
31695
24810
6503
35392
38129
14882
30277
8681
22465
2366
28876
30202
19682
35076
14021
13301
13327
29197
23420
332
19163
7903
8695
11312
11732
19640
295
8222
30258
17200
1608
22631
18662
11039
28792
17381
8301
2545
25316
4740
37308
15360
245
18479
30657
9162
4455
2162
35177
35217
27849
19441
33383
29078
27975
1181
32734
28276
15741
35101
22786
28334
29978
1687
11763
33158
13292
31192
7427
24436
5883
22626
8296
7306
10173
17582
17099
3548
3719
32090
2809
18852
13452
17850
9255
2936
25200
8273
29190
8776
11472
8445
10275
1928
34625
28788
20773
25461
34004
13842
38986
11990
11452
24465
34744
5715
5166
34856
28036
22891
35980
18604
35852
35888
20280
3477
14177
27067
19205
13573
11239
6611
37261
26721
18952
36245
19125
6254
19666
18267
20120
35033
30754
23405
37190
19027
15395
31376
24260
6343
25502
15336
2064
13559
20220
22612
4768
15086
4516
17688
33718
36771
38119
25479
33578
12010
32358
26135
5480
24499
6857
15484
28626
24177
27473
33385
7175
36392
38566
14950
12360
3076
28485
26715
18895
26495
141
14020
16742
38173
37035
32351
5026
31861
37210
29448
38516
10901
13958
11690
37663
14887
8619
24620
5371
37638
14593
24470
30309
19613
36350
17797
28952
177
30752
27757
25829
1140
21149
39027
12745
36382
18815
12137
36935
13636
1315
12097
15226
35626
27125
2286
34929
3534
31963
9457
2324
16101
28880
7564
10301
25589
3971
11255
6755
36944
38074
7916
6516
32164
25535
23008
4285
633
17212
30064
26181
38990
20260
10140
506
35606
20254
8673
15601
7011
25712
7323
11672
8855
18824
22725
5565
9219
36869
19793
25050
5647
38554
5188
28329
17228
8364
20624
20204
6845
17823
8001
10584
304
22382
29184
13092
762
6244
32663
24164
26835
29445
16111
17636
28113
13693
1636
38082
38016
33041
27609
2494
33202
32420
38525
32800
13482
6641
19024
37220
8500
5739
8094
33218
29819
7624
1326
2269
26833
16732
10069
26086
23594
17342
30353
39026
19012
8820
833
698
5157
14565
16658
26072
5935
26246
21300
34705
37026
21863
27085
27641
32843
23469
34568
30924
31076
24557
12777
12774
3359
38382
36598
12344
35448
33921
29929
8407
14645
28933
33079
24889
30181
10045
37038
10992
5809
6008
30721
29217
22507
36377
8243
21394
34168
190
29637
29990
33867
34658
8090
7875
16060
1593
22312
32974
7404
1978
20267
20714
35683
21022
8606
20250
9861
2649
24445
2190
38019
15220
4895
33115
11447
7051
33601
12381
21727
26285
8677
7431
9614
25801
6738
12685
9490
9618
3601
11139
13759
15193
15299
34755
33699
9163
34574
20082
13342
24375
9731
35406
8553
28984
13059
8592
31293
7733
4226
3204
29348
28434
9825
11902
31773
22910
35983
39021
6957
23361
4247
26633
29730
8053
31401
4524
29933
5313
35351
36227
17089
27298
11367
5970
18086
5872
12978
18528
31106
34783
21894
6773
9092
25235
12614
25814
15357
31446
17346
2795
7989
32772
31939
25435
34432
16473
8424
18114
15899
29635
1223
6114
22269
4331
33259
18443
4638
12326
35806
3040
24802
36165
20521
36949
17768
565
29856
28696
24904
18555
10981
9945
36190
24418
2426
36943
24926
13507
4739
14535
13761
18283
14271
17265
37732
15774
32865
31788
7818
25715
16175
27995
10362
38208
17427
7111
14029
1220
32049
8598
21760
13707
2981
28330
25875
9547
4884
32786
29917
32387
5363
31218
10476
14162
32073
35718
20825
37978
747
21202
3647
20710
8054
31352
27475
32110
21067
25313
18801
32977
2473
648
14230
7856
5862
31991
38399
38453
5631
29512
17005
22799
32464
30357
34129
18849
5542
36513
27546
34210
13104
17794
22119
9684
20409
33774
21265
17987
23392
39035
8709
28990
21846
17684
29406
22704
37272
1072
13133
10077
13744
22603
23531
34299
36174
14937
9951
11078
30567
2933
26232
36624
11169
37534
3963
23423
25447
2039
36052
9422
15242
21318
13680
35990
1500
323
35547
1367
10463
35536
2675
1171
28677
27992
15252
31711
19420
3426
1127
24538
29431
20476
29760
15868
13522
512
6077
25939
9185
14467
12886
25567
10514
29261
28884
17104
21975
16633
38565
14859
5695
6564
32360
16256
24242
32304
26238
7251
37712
11441
14382
25306
4396
20288
1704
14885
30348
4230
38852
25952
25696
29988
31082
30929
13147
1079
26416
20848
13906
30504
24232
38205
16147
35195
30016
8589
21507
20601
11299
28480
20283
25891
15682
2357
33713
23502
11237
29052
16844
7480
32132
7928
1346
6806
9318
2638
10715
25619
8761
12783
434
32494
16484
36310
37247
17511
9525
32745
29627
38160
15010
20988
13293
14508
3276
17654
18656
10619
2678
1756
23787
15761
26757
38000
29575
33219
38523
19232
543
12632
34512
7360
13083
18338
23335
15078
25117
35526
19098
15082
9743
13495
28879
12231
35819
26791
26860
10100
23321
10545
10486
23820
12347
12482
22365
10838
21185
10133
38041
31472
35580
2892
5064
29185
32173
20210
18394
1243
36180
7772
36633
34461
30840
6098
29465
25069
13334
7058
13124
32910
19967
34424
14231
12970
19848
6402
4805
22512
8084
36545
11624
33826
20047
14766
23041
7389
1582
8161
9855
11042
25102
28100
25131
37671
12278
34374
3243
14441
15297
18487
6034
20379
5877
23514
13614
14940
28322
20110
27399
8322
26105
26356
11589
18186
2523
16454
14958
3326
18540
1787
28377
12812
7783
37906
4108
1679
12345
26038
20545
8891
4130
18748
15902
27418
37553
30634
28222
1096
35995
540
28418
553
18564
25194
6280
23233
7381
16584
25731
8529
5561
2902
18377
13836
26020
32352
10551
15567
19646
15387
30300
7596
26691
6985
5827
20424
3461
33568
30167
9479
25071
5998
35152
25285
10563
18448
16655
22375
10143
29585
24428
21772
5824
8833
23565
3869
30646
5958
24194
944
6524
36450
22508
5433
16828
33987
24617
35292
2746
535
25556
6715
30274
34979
26652
27310
16327
15732
12427
10076
34510
23834
29539
18482
7070
20490
1666
30723
15698
27037
682
19644
5019
32177
17873
22543
37028
20835
20797
14778
6355
185
1145
20713
13054
34897
25177
31758
28344
19054
11728
30697
23043
6089
10078
24488
6686
35892
18622
3261
812
36832
15692
21769
23219
25228
11830
21277
29032
29905
12133
23230
22036
7446
34040
19143
24493
10295
8464
20950
31038
33476
19850
7882
24084
26696
32437
4551
10220
38443
10548
8597
15131
32112
18685
28862
30408
18289
24009
25459
15350
20911
18990
34347
1177
21222
15594
17398
33258
15950
28374
3546
19293
34863
6487
8327
12828
10175
11272
19618
35955
4175
8929
3822
13697
25146
9321
9625
11782
14354
23697
20540
9671
24523
426
8604
1894
26068
22528
20633
37025
19639
33682
18470
29664
4944
20189
2078
12498
32333
16773
28794
4506
15495
12358
13952
23397
10719
14968
21346
27506
22114
36737
30384
38535
21918
10774
11630
5220
33570
23332
14874
11487
8570
28543
20977
11099
18469
35154
9256
27064
36987
5133
18141
12804
30867
888
21746
28093
36611
4821
25175
4786
456
31188
7482
8567
15516
3389
31534
18970
10118
14505
33042
886
10200
18926
12370
14365
33697
37441
13615
2029
23832
7998
30226
6490
32622
29716
26301
4121
32034
12461
5008
14274
3854
34805
38859
3524
34101
27422
22432
27286
8847
27554
14417
18883
6110
10388
29600
27804
6840
35924
1674
37115
19416
5268
32687
23154
16377
28551
23635
18473
36423
37051
4356
29928
7066
1013
18974
32686
23150
846
31156
23065
4777
21925
12132
12441
23377
12484
7978
943
22222
1685
15587
21479
150
13539
33477
31032
25441
8182
26338
8630
23711
1740
23231
15798
38808
28338
17401
8768
32815
26266
20818
20193
6248
27851
28890
32170
37659
4929
27646
7588
19785
21305
27694
30565
19104
147
34617
9649
32310
8665
4793
38568
10367
38342
21309
36973
5344
37180
38328
24534
26755
31073
19726
14915
21458
18558
38999
17443
8264
29950
25303
1445
8280
10645
26398
18296
1022
23314
29881
1626
10029
16124
10853
15561
26477
14112
35896
25419
11484
4098
22272
2091
13282
23883
384
9655
9395
16219
19031
28321
9738
10881
35039
11563
32698
28010
19609
24210
14416
6844
10934
10876
15813
9338
28391
21912
4028
16387
27273
16650
37512
33061
36335
2612
16586
24258
29301
6478
19000
4760
28845
23445
38665
38569
36617
2632
34963
29624
15651
15686
14409
34914
27880
38802
9939
16470
26242
5330
35913
30472
22388
30741
26810
3489
35458
12467
27989
19553
26214
16400
33596
8861
197
18948
33023
31980
30317
7452
33474
861
14902
30426
15837
10242
18908
14423
693
38422
33373
34275
21147
10560
13862
34923
27961
8456
15951
38799
4484
12718
9396
32693
27371
6741
8230
25861
6554
15339
3136
7591
14202
23318
20505
36839
38937
34657
38733
17003
8191
33250
7017
1141
28126
17304
16486
19096
29166
28092
3946
29361
18455
971
26926
9701
24169
19931
35358
16006
8672
16963
14543
37392
36701
4214
663
2075
34520
30643
31800
14113
23374
29962
34441
8475
35162
19717
38909
31969
29590
2618
23685
31718
34476
37774
27561
26994
24003
14930
2581
34514
10211
25539
1861
23425
7501
13669
400
24905
34187
7240
27723
24058
8599
9261
9772
6883
4166
16496
20338
36557
30133
29436
36846
22378
10975
29841
6176
8740
31654
36309
10317
16064
5386
8382
30221
27128
419
26282
22719
17235
12272
1359
35321
24160
17911
5859
13090
29172
27516
14609
33308
35804
26259
12559
22728
24347
20953
2718
25106
1385
281
31686
37455
21452
7537
4171
7745
14730
34980
2272
32937
13069
31098
20265
21448
11354
2709
2816
20363
14932
12434
27587
23497
4371
1812
17543
38839
30881
23023
23232
14124
29697
3889
25485
6566
31802
7839
5666
25718
18457
8549
25795
28306
18800
13440
1563
33684
22976
9390
8867
17799
28966
6847
26352
20883
937
35333
33238
17380
13206
34068
7787
4471
96
9407
14298
31657
14817
22241
31309
7147
34312
31405
15854
2687
17072
17292
1059
18853
31549
32392
35612
12457
21378
24029
32660
18887
23930
33254
596
15771
31738
9569
23965
18901
25389
24851
28570
19929
29974
12125
11987
22016
26620
1207
5912
12401
529
14668
17696
8227
15105
11774
11507
24666
2692
27593
4112
29374
35403
37256
25558
15737
11590
29287
24782
4732
38331
15229
34264
3206
7830
8027
2570
21600
16631
28299
12082
5579
12852
31685
21815
4529
21212
9455
18113
12405
30211
5244
30138
11220
27812
742
14510
36296
6526
33701
1330
13017
21167
26775
34065
22633
8963
31532
12114
30275
32098
33747
11124
85
8964
13919
16471
34385
17305
25526
18123
15640
20112
7820
38672
31439
24543
36534
7613
17115
14524
13181
7866
12241
27256
37319
26571
21519
20471
37108
31297
26118
7789
15103
29430
21841
18138
23326
19965
17393
2228
13585
3181
7724
34204
2309
35956
21703
12164
13377
34011
23650
18565
36724
13460
30968
36271
19195
36852
37139
36223
25693
38144
24409
11522
13365
1743
5622
35353
20991
38938
25654
16690
30033
29026
29533
28828
11012
6706
23793
32082
357
18499
29817
2135
26796
11975
18106
3612
29030
13589
39049
1716
27282
22407
11759
37471
36778
11543
20558
19040
5762
27714
5976
35665
21093
30624
37440
899
32380
10598
6284
35546
15224
15240
10003
7570
13807
38939
35833
13085
28047
29996
4268
26686
3814
34725
36597
16990
1723
3509
26733
8905
7732
31849
1389
24743
35685
30305
23352
38199
18744
21968
22845
1216
30527
21501
14152
23267
7804
8423
14975
25716
21951
7123
4319
14216
37608
1168
32492
21367
26595
12707
17955
24776
6945
19140
5787
26802
1731
8704
31456
28967
5737
4035
21594
5102
33875
4698
18734
29661
31078
20354
37290
21757
39004
21987
9334
11005
4346
27894
37487
21471
17412
2241
5961
2303
3588
21775
19068
5731
17096
16031
18840
2414
11384
31886
25515
10518
8139
33562
26750
28775
23512
33077
29463
31801
3218
31684
25149
32599
21030
24446
8059
29090
28301
15547
22460
11530
27805
27018
26738
37203
10287
29125
33865
25067
25563
33260
20606
19440
20213
4240
33514
21260
8558
17103
29915
382
16991
37737
11615
12149
2299
29792
19896
33270
24894
31345
16263
25518
32953
4306
14779
31124
37943
25617
26954
12391
4253
13105
20394
37622
19327
26732
5105
18321
17100
31474
4868
37252
32846
29490
32579
17997
19274
37014
34782
37586
1618
27756
21480
18703
23358
12393
29969
9541
22225
33221
23769
28210
36988
3360
31564
35618
7350
4745
12544
29396
16148
10832
16735
25824
2497
8151
18665
22693
11420
10027
10958
17866
1245
38435
17968
31599
24785
20428
36932
261
38163
5556
38783
9796
34878
21387
8079
17742
21035
9466
22822
17898
12688
20974
29389
28097
35023
32122
31754
15954
27302
32538
20274
11608
29658
6913
17233
13725
7355
34677
32909
12078
33159
3304
31885
16927
34517
28091
20137
22325
15605
1918
17259
19403
17461
21687
17662
14438
21162
9900
3522
38030
15588
25367
31585
23333
29064
12379
3865
12534
38230
17008
23818
36135
34082
20804
24803
34803
7842
3528
13205
29304
29711
3374
4303
35019
4578
31438
4163
17605
32597
20976
617
19415
19199
9053
27915
5567
7401
23010
18419
16197
18421
37925
35682
31243
5776
19587
10238
12374
18154
23990
26677
22865
22037
24125
5215
38831
17405
24602
25633
21809
15556
5333
35360
31042
37781
3253
34149
21108
31255
10639
31937
8760
12655
27279
31
12150
8842
5586
10800
26575
23280
10395
17225
18112
36866
22745
16936
35178
6848
6020
30874
16955
23396
26561
38314
2580
14860
12487
27814
28187
18591
13007
26693
30878
29572
4423
31262
28563
23653
10554
5182
1557
16241
10835
9938
15097
7083
11243
24968
30469
5293
10097
12253
27905
12260
32047
17368
2444
27383
9754
28659
34879
35663
4051
12192
6088
8431
23894
23784
8858
1578
25853
25890
34516
34583
18682
7374
36239
25826
15405
34233
17846
18409
13417
20834
38715
27329
4613
32075
20820
9990
27734
33501
29771
23692
5348
16574
8169
28977
33577
15971
33634
25636
20017
11406
36419
6975
4648
18556
31517
10488
21160
23715
36666
15879
23085
34423
26394
32902
29460
37476
27210
38091
4618
8438
20631
206
19412
38145
29340
33538
12612
752
33622
25277
6036
15662
29614
20422
25687
20304
20502
38828
3622
36491
18710
34949
24790
17495
9962
7973
39076
26275
19374
14091
5535
26454
33231
20123
12951
972
32139
3250
2189
10664
29145
10455
32229
9528
24466
6529
6152
1724
30270
29189
5528
23243
37886
13102
8857
14514
14328
11110
22434
23174
287
38903
3643
10192
9019
2328
11115
36059
28203
22677
9148
20308
13380
14617
36931
12007
15228
22160
2925
32905
5445
16222
22996
21207
31468
26537
2211
15566
34115
9285
11533
26218
33047
36131
15438
27172
29811
12621
35774
27514
24489
20855
8112
37424
7036
7565
628
4647
7925
23552
3093
16185
6749
11967
2439
18688
29810
4504
24235
7632
20864
7204
26015
31665
17237
3578
7211
21890
16130
2733
34939
16995
16929
27011
17810
14545
13504
33953
24005
34650
4382
11276
23073
10310
13035
6682
2978
5067
34995
17596
15
31819
37058
36404
15364
34991
3839
11868
13792
34532
20067
4587
32248
13692
3340
32696
5693
21079
17159
7773
21759
25488
9548
8494
87
1923
5506
9462
24818
2558
31993
22348
12546
37507
28664
31390
14326
12213
1672
33375
23873
15182
19835
10856
31906
8674
34326
11399
18758
6359
19655
26921
38479
34359
27517
9495
16701
8061
34857
22167
6104
2270
25178
31887
33885
26910
22313
27528
12586
11824
17085
1777
35870
19577
875
23862
939
27789
4473
19457
11936
330
10877
20029
36155
37729
28718
15398
33550
32277
9639
18686
29979
2331
29715
33633
6476
14047
19097
11054
22058
26264
10394
38423
8068
39075
22963
1693
32899
35350
22992
29731
7759
33853
27993
15234
8611
36094
8283
32200
649
35153
37295
22441
20089
18164
25166
34696
23505
9540
10862
1361
21128
13666
20044
13713
36051
36504
23262
25757
28703
33321
29674
15094
7634
21900
3625
9515
28934
28238
14608
28646
13279
23613
29963
13613
22163
27709
18623
32993
926
26533
13039
17932
36001
24888
29560
29329
17849
34086
23771
31811
6684
21349
29080
15426
30176
8122
9181
9067
20401
33511
11061
27430
28645
18586
30268
643
31975
23993
9297
31054
18315
35609
38823
37276
5237
4834
7475
18973
30684
31434
36069
27375
11754
12733
36918
12947
4549
10577
17256
8610
18006
36126
6137
1867
38514
2833
18198
33475
17840
17367
26704
30694
14158
35444
23937
5311
2383
28327
19418
34028
24476
771
25883
6541
21130
1778
25196
24326
16193
32123
34743
7347
15752
22198
28030
2125
440
11757
33074
17107
28583
12957
26268
9343
15253
21126
30323
5317
11952
14596
10266
34633
34286
25444
19034
9635
9798
16162
9736
4436
26601
28369
7413
30792
21053
28875
7390
38560
15305
8507
6630
30001
38616
25094
8468
3833
6519
3874
9747
26503
13884
7167
17770
11125
25791
37837
8506
18833
1503
16605
3104
30232
28460
35846
29726
9553
1761
24535
16458
39072
31895
6828
36956
36371
755
31272
14209
28924
19566
935
18312
169
31545
35130
1883
21363
38103
17835
36084
1226
5050
14234
29432
36614
16940
5183
12872
4406
4823
1668
2602
17058
24726
9826
27113
14297
11550
10231
26196
223
6964
24374
3535
7752
25577
16330
24323
19013
16467
4045
19804
9024
9298
8612
36684
35661
38571
2941
6340
13096
38371
27698
33291
39001
3809
23758
28527
83
24978
14030
2940
12291
21793
25601
4679
4196
31020
34070
15237
20140
33692
9555
23249
30392
9745
12747
14884
12593
6948
19479
17878
33657
16988
11120
2243
14263
8945
19911
33770
30014
33700
22418
570
15250
15482
35675
21298
12830
17743
29082
13514
34354
3602
8817
25960
31974
15515
22314
37380
398
27612
5477
4223
21909
10364
2882
30553
14472
2636
634
18219
37641
25647
22546
7050
29593
21403
9733
21730
15306
26324
2553
36293
10931
29785
33733
30071
792
17425
31110
13198
4202
35082
22032
30165
17048
4078
9254
38985
196
3121
15241
31030
32241
14145
32092
36900
25704
18607
36910
3183
37268
34992
28914
11486
1614
4684
33651
25430
22572
11882
13052
26545
23699
16253
13486
15461
15534
26959
22997
7791
28208
8744
17217
37362
15187
6082
36573
6354
9981
2769
35022
38634
6950
20074
21084
23176
33149
4935
9576
37394
25400
24698
1650
17053
17360
798
7703
13637
22654
17249
20127
5650
9678
19861
24383
21163
33203
21484
37166
7922
33060
26929
17634
22583
29728
14929
10270
7727
31779
2019
15859
34775
14706
18922
22284
16335
22105
34146
5161
34064
37438
25845
35166
16188
18280
6007
20449
10206
19558
29659
26722
4344
32555
35161
1484
1783
9386
38836
2247
24798
34773
37353
32244
2823
23441
32655
30823
18654
29381
13933
14716
19651
13631
31332
9481
13776
16930
32398
18667
33490
14063
30143
16294
12900
6607
6228
30758
3343
28278
4367
11027
21994
23312
15217
6134
22608
28078
14491
10506
32956
16744
19215
9609
29934
31865
24944
35531
158
27722
18079
2914
15245
9931
38220
14190
36133
11880
7825
11181
10900
36182
3656
35573
14294
1000
36399
12694
5816
6687
16755
26740
19519
1106
3888
2812
38190
4556
18741
4241
25237
9572
13034
8493
38400
38603
14394
16670
11828
17272
254
21806
4218
20008
19509
25984
6575
3396
26002
7499
20429
29720
32670
27696
28802
26536
12041
28904
29435
37509
11376
6216
22887
894
23710
33520
13251
17858
34887
280
33598
607
9157
35727
10265
8480
33028
8371
36802
21618
24290
19944
4709
21891
16545
13227
35941
8870
33610
20570
38577
33233
10330
4295
2370
1955
20445
14773
7725
10160
17694
31580
32469
25676
17038
2035
20056
24317
25623
6362
35459
16558
4816
18043
16602
33742
18722
9795
33604
24837
21076
20322
35287
7135
24852
15928
34699
35184
4619
32340
3800
27946
6780
32551
7811
22471
24397
22989
243
33236
2462
27468
15219
10445
8384
35985
37796
18335
5207
27551
7744
16112
23863
14151
20435
17343
30609
7448
19643
30766
25259
29449
27855
18502
33298
30818
32313
28116
15883
15400
9575
38927
12017
36691
36682
30963
28592
19065
18941
32395
27138
1623
37568
22258
1992
12062
11601
34188
18293
31148
22552
18339
22688
30595
37535
35638
24088
28251
19207
17326
28555
29302
26227
26869
25565
16305
19998
14114
22662
30494
14601
311
22377
24474
18858
22518
29115
35414
34833
1824
34443
24868
9620
2141
21915
25879
479
33251
18178
2242
2825
171
10044
16675
29868
36867
31587
34987
38249
23096
15941
25308
3701
22666
9450
3137
133
25917
10624
3120
14184
14201
34241
22322
25297
27287
4600
32400
12638
38403
22986
39067
12092
31466
29922
9023
29317
9726
4902
38775
14725
32721
14487
10474
15939
11063
23850
7559
471
9284
34875
21275
2799
21098
15017
34671
17389
11989
138
1773
7055
25449
32556
21941
37330
8794
36641
32893
5066
15164
38361
1910
12044
19734
1965
11407
10332
25950
17651
15393
29874
9653
29561
22236
20535
38920
3783
31619
37351
36859
32719
1584
1268
38598
2447
21514
19897
31820
26695
27711
12653
9271
27005
14134
34415
13432
19078
8941
33318
28578
32969
8791
16772
33737
37259
2736
1551
3941
13022
18619
31187
7430
13060
4390
18797
71
13499
12691
3977
37640
32643
6674
6405
26612
20219
973
38251
10492
36761
73
12788
715
16699
23833
16412
16477
37101
36755
26583
15683
12740
34545
25226
18606
26187
7586
17197
10288
6097
31356
5200
13424
38354
30831
5861
12167
1065
2664
38381
29385
4322
35092
31422
4249
21791
29485
22709
12169
9935
24946
30809
10511
37340
28094
29925
14616
4664
24095
14265
27899
14954
16009
12460
22836
16257
27660
25854
27591
37844
18155
14532
1792
21807
8536
9901
23327
15499
30934
10629
19681
29438
38308
22776
20822
30285
11079
36342
15227
34336
7391
16673
16367
29219
3307
25130
27818
6452
10269
23668
13209
26987
15639
20926
19291
1457
30589
26692
432
27188
246
7840
10256
32771
5391
5093
1192
18330
11128
6763
33423
25606
10967
27748
25999
36372
31232
17056
17147
10051
19036
6013
5001
24150
4177
22425
34370
23996
25540
39054
15485
24310
1936
20643
10805
6040
6743
4617
35739
19010
23098
36774
20931
28495
15468
26331
31088
14544
21868
1487
11468
36215
19222
13445
5009
20154
27710
9448
741
17612
23967
3406
883
24638
10663
19356
29554
17146
35991
19426
22317
7795
30381
6318
14751
15080
27155
11823
9156
33895
6131
29347
30367
38495
23237
2797
4497
18009
2751
38458
9415
35320
30937
20091
33389
31398
36391
13222
18755
34022
8924
27076
27719
15583
34819
23549
24132
26832
16322
22479
15337
20546
7084
39101
18679
26147
13878
7327
1125
1757
19330
31603
36021
17001
29851
33956
6091
26588
15207
1951
4089
3227
25290
29767
17044
3917
1597
20576
8580
5018
28089
22319
36471
30386
37560
2159
6064
20663
28173
20841
21881
23687
27247
9026
35252
21910
32873
2903
23892
7527
32932
35108
26284
37468
20364
32004
37235
33602
25954
25239
11117
34368
22242
13428
10099
13685
31789
25958
27988
22300
17201
36976
3691
7647
2096
28489
109
11105
24665
38801
16155
4952
1110
37830
35773
4389
1489
16465
6878
18937
27420
29314
19402
5652
38055
27447
2672
14970
37725
7021
14459
9131
23532
14639
5889
2627
35970
22327
30046
9104
7793
20944
21818
23336
15627
39081
5710
34668
14598
23879
157
10002
14928
11846
29019
16012
15905
28473
4448
809
4168
9922
17218
6782
21142
16291
18346
11172
19174
727
23696
14972
12899
29326
105
25118
503
26580
15124
27963
25516
22052
23929
3603
6221
33929
38164
12077
23343
21320
9121
33805
18223
37246
27201
26286
1202
37024
1224
36405
32651
27324
15995
25144
7665
11575
7617
2429
25014
13136
8702
29020
17824
29854
33141
24013
17881
30599
16150
24252
13359
28668
28603
6962
33165
10757
24415
15244
21104
22500
28546
32413
21099
28937
19247
19673
38923
31972
26358
32013
25354
29998
31841
1730
10557
33847
2677
35423
27134
22080
31300
9560
37175
253
7319
39048
5625
21039
13716
26709
33347
1156
29719
28311
20195
35701
37858
8985
23576
1414
34104
1576
11398
20040
20440
21955
27982
20111
13787
27306
22940
35253
13645
19334
32564
38414
22217
30034
5403
8202
34162
20992
27402
28289
31903
35540
32228
37667
38653
32204
1874
8965
32100
35503
14647
36322
22642
24492
11528
36697
11104
28105
16994
11314
27253
11602
30863
26292
17267
23664
2437
3327
37217
10956
17647
20737
31404
1758
13803
25802
37901
30447
28507
30427
8670
34662
25550
14384
9969
36788
8314
782
22171
7408
16109
19827
24506
17512
17723
36291
12337
2776
17639
34464
35410
24426
20740
20986
16923
27041
34054
38320
17456
36921
18496
12989
10513
33288
36145
25665
26754
28899
15053
30716
30463
34263
1371
9872
30841
31465
1695
32558
8721
33555
10210
22341
32463
14533
9322
18149
22018
34686
20859
33284
6222
33679
25702
14869
9735
32987
2669
24856
29581
38701
30248
13996
33473
18054
17964
20673
18253
21577
20654
26443
36803
38827
19906
3514
8942
14028
9546
12533
32195
31831
249
31877
13777
537
29890
13262
25597
29421
37975
5463
4009
7061
2201
35371
34075
24044
181
15397
38734
30467
29680
23560
1517
10017
14273
8474
38210
38624
7758
36890
30185
4079
31799
34163
34353
24346
1840
3552
6513
5863
18182
10415
27540
7801
2702
35789
17341
36164
16559
18884
22514
20489
37965
29663
37289
34276
18609
18411
37787
33009
3292
12275
6429
16138
28481
11350
20695
20469
12819
5957
9201
13411
20792
3209
24440
27681
17991
25551
31935
38976
19338
14555
24763
24882
7366
33815
9587
11775
8223
11274
38681
10169
6157
37019
29286
19969
13569
21225
4105
38155
7338
22193
14710
22703
5706
1334
13640
4503
26290
12954
21043
20407
18672
10035
24179
21401
2015
8097
21274
32014
35296
21116
19839
33344
16169
12303
36287
26432
34560
17652
31817
21058
4394
38022
30190
16998
9658
14233
27152
3046
23052
29446
32299
29954
6659
23329
8415
37142
35054
30122
33731
27071
31569
31776
36892
32712
15520
13402
14605
1225
35352
24059
16353
36589
1368
12877
23450
4797
13490
4335
30794
18878
5347
20866
19774
35885
6949
31331
35242
35507
37360
17334
26203
30196
20649
19282
13210
5372
32586
6148
33256
36813
8546
5398
24288
29780
8628
28162
4976
33010
36821
15560
11966
17578
14012
14118
12090
8111
31094
2860
12462
37850
9307
13972
4178
30711
4763
32681
36620
10829
6320
12065
8180
26679
10217
28383
25268
31482
26953
6183
28938
1944
22833
13391
21004
28351
1866
5296
38596
23074
22922
12284
26152
36034
30938
36789
24087
2010
19088
36625
15757
5906
30513
6583
3350
13547
12962
10515
14275
9426
13981
23713
23519
2990
10714
13448
8756
17924
19464
16136
26488
25122
17274
18737
23384
37847
20898
26497
5888
30324
319
34442
7547
6929
37924
893
22970
31950
29303
7152
6827
23113
30935
35310
4723
7954
11611
27350
35762
1301
38374
28711
28801
13156
13249
32805
38112
8947
25365
930
28361
34021
38805
23316
5576
4788
8671
22886
20019
16441
2409
27621
38416
5360
14452
13425
1802
4882
26837
16200
37402
25823
10281
7348
12716
19586
18236
31626
33363
13422
31263
19130
4802
23273
7870
35515
1858
32722
5969
14116
8244
30284
6276
23830
21170
16131
28479
23226
34837
12323
22140
32354
7539
35554
23490
36383
27061
8350
6017
1498
16179
30080
27534
14539
84
8998
7530
23297
27225
1050
30009
6469
34447
36885
852
6579
26701
14418
24558
36011
38279
27616
21434
29909
11018
11597
18645
14046
31832
25713
25587
16019
23160
26089
21169
20750
33345
17370
27741
2379
15388
38587
13175
12355
26653
1512
1779
23789
18504
26245
11494
12675
4615
35491
27873
24322
613
35480
1098
18211
36311
23641
8893
8497
27490
22311
4734
1979
28500
11680
16254
36986
1325
29211
17
38753
11001
19641
20132
5601
17697
39056
1239
26687
32189
18535
21051
28379
23272
4566
8024
8023
4213
33840
33412
31529
21059
15384
18597
20788
10523
22362
26325
18608
16682
28537
27111
14685
3605
8353
36238
14270
10112
4848
37885
6889
18928
8944
27559
35299
28925
8012
30662
15194
15373
35844
36752
35737
4702
38419
21781
3608
22895
25299
37363
38484
7272
24368
24019
1926
25058
13626
15258
30063
33
9274
10307
36071
36730
18563
16891
6796
32278
37775
14414
19268
3853
12963
4429
37660
1383
9015
31075
10366
10668
27938
37089
32816
19870
25752
18291
11148
34035
3692
33489
15958
303
8708
33461
27676
34357
37887
21473
13016
29128
35330
38864
5409
1483
35506
25282
18640
9739
22343
2818
28065
18523
20050
23864
35096
16303
29357
19372
32887
16168
268
28347
15089
17490
39086
1420
27788
5721
18490
12497
37686
8281
10489
33763
20817
26725
3043
10178
10667
10479
3073
20410
30601
15657
23289
17098
19253
18437
17010
18260
2210
5352
7979
4407
29410
34555
31114
10547
29749
9096
22832
342
23608
16418
35038
26699
3942
297
3407
712
28450
18616
2886
10068
12984
8582
27170
11699
15063
4924
34358
15869
1406
203
34581
27870
5626
352
5089
4386
22015
164
8940
934
28465
15158
19437
13775
16661
32998
14976
5659
25108
22834
8241
10384
6649
15331
36847
25743
32934
22041
13712
6725
36927
29150
13025
30109
16259
28324
16509
27333
19264
27103
34097
26041
32714
40
8603
25085
22111
24379
1991
6390
33938
10880
33794
30926
33539
15071
39091
24227
8696
3630
3523
19109
10747
31615
20352
17508
16250
11157
20922
1048
22196
16514
38351
15493
16914
20362
13963
30625
28332
9902
10098
6346
31496
37345
327
23459
37488
37123
34762
653
15636
17746
11780
14448
18398
7317
19508
1886
16480
27536
18428
17188
19170
15092
8185
31824
32449
533
6953
15637
1122
18170
24565
8814
3460
36917
25320
23566
609
5790
30054
17732
8015
26651
11886
22622
21539
21889
27156
8437
21313
14132
16647
31733
33198
25634
18048
30178
18047
19451
2394
14156
35446
8338
25160
3824
11832
18718
37986
27456
2969
36290
12087
19153
27740
13388
7829
19318
1405
19803
7557
28947
17817
22580
20899
3540
21895
4111
26944
22350
4803
32188
9286
37852
3471
32761
23522
16764
26550
22760
2869
30819
8137
10273
7423
1376
19925
27815
8262
20384
13103
37047
7988
22202
10414
38167
4290
10730
27087
22321
10807
13385
25153
14683
13021
19231
15122
28835
25156
18241
9384
5621
28016
38388
36446
17129
35251
17210
17285
31934
29349
1655
6128
37457
33479
3779
9149
22994
18696
10469
15844
2130
27199
6102
24610
38675
8402
34255
36609
32111
8135
24694
8773
8926
29116
27687
7877
30603
28997
5928
16051
5117
35709
27046
12050
13426
6514
8226
2907
22296
19314
9762
21075
13715
33069
11794
5698
20444
31816
25416
36008
22768
24249
31572
35647
7295
16271
35484
36225
35802
17194
38919
36834
35369
16345
38015
948
21180
13957
28837
20467
10892
22668
14571
27845
7460
39036
32324
22991
37742
35476
13353
5086
2820
10458
2992
35291
3593
19262
29094
31674
2967
30769
17601
31948
29050
28341
7151
29173
27494
22277
38175
17603
1751
134
12256
27362
33927
4208
30406
3435
5255
31027
25852
23080
24421
37269
32857
459
8459
7579
4116
9927
7457
29103
25115
3278
28212
26858
3803
36946
21653
16814
27470
5674
21073
37692
26440
15747
2114
33504
34528
23477
12608
21930
2418
4875
10736
20921
17250
12557
14256
24975
30572
21816
23684
33211
2640
20709
11149
19142
21694
30590
8284
16677
8157
12590
37316
32439
14244
22021
12641
16209
27544
14675
11213
23229
23509
29002
11505
12489
34230
19632
9704
11537
30213
16686
16336
1058
6884
2954
4211
25841
23799
25500
34390
4217
21088
28818
218
11720
23875
32612
2325
27705
37748
18982
1765
7936
7781
37851
37331
14587
7333
1973
864
11464
28476
19782
9408
22966
30078
29608
13943
7696
4592
39042
34628
1030
8032
8142
11517
27606
35865
16318
32311
9190
38120
9586
21046
17369
19181
22779
950
10340
15886
20039
8043
7271
2209
25262
38809
13375
12273
8876
35249
22714
21290
10226
28601
25765
23369
2063
38628
6270
5085
18272
34180
1905
18357
16501
19336
17648
35548
20340
18005
1791
37208
23220
36403
25494
24772
7074
32397
19200
34479
29204
7504
29342
3220
38353
33243
28541
31955
31910
20721
16208
22315
30730
13466
36603
9316
35543
23636
27632
22497
37966
18071
34734
11513
17618
30410
21897
9387
19257
31581
4091
507
35322
20172
25576
534
16005
14857
26236
10617
1999
12499
24371
9388
30960
3126
25298
25993
2883
9200
32084
2479
19118
9552
3880
6448
26605
22561
4554
26845
27929
8733
27352
16657
3580
25246
14214
4887
37539
6105
16863
32678
18984
25961
30042
10358
7821
12003
29054
25443
15931
9425
33201
4608
12708
969
12031
37117
21397
30852
37354
18084
38046
1925
13900
33619
1532
28548
12572
14579
15664
25105
12647
25148
12352
17428
35856
1300
15145
26405
29191
4494
17973
558
13801
2697
12697
29294
27664
18110
13176
8883
6507
26626
35817
31193
10746
29576
38747
10705
16010
24458
20222
25042
8451
14648
16562
18863
29343
10657
451
8420
37482
34937
773
17920
215
10093
6946
26446
25138
6139
4983
1320
25250
16329
19011
33257
11228
16481
38257
24586
5304
16319
4538
36384
6382
2791
14678
12279
3102
16274
1690
6918
5760
4809
9051
29558
14470
17487
16402
35440
8163
13604
33864
15817
581
10986
37900
578
12732
35317
24917
30884
7674
26756
38223
26224
20053
26158
35639
30047
32866
12979
34823
21032
6901
11838
15658
5438
24669
34245
22881
6153
19876
19521
8099
39047
189
5248
19635
9245
17545
19347
33739
8980
23434
31829
27175
30661
30731
9208
10176
16464
559
31986
151
24637
11570
12081
4431
12378
28059
7291
11230
32297
33611
18630
14309
6339
15214
1412
11489
26851
16152
35651
13117
27441
32363
38143
22880
27857
17586
739
24284
7858
9471
6016
17581
11708
27264
38663
14551
30925
18981
8086
19703
5551
20630
2484
33188
959
1429
13322
9702
2540
32364
34412
38578
9379
15829
12902
36688
10425
35961
38476
8083
9354
9058
10184
25777
15690
28046
8056
9858
5141
32435
8544
12660
23205
20414
2863
11554
28429
5487
26402
4806
6367
13885
23627
21235
8337
25928
30444
34044
24971
12540
23712
13307
38094
36503
3891
4515
22213
26828
16850
244
18599
27120
23901
34416
14907
9986
7140
23427
13874
7261
32950
32545
31492
24263
10703
13742
28414
27254
34789
27501
19421
1862
13551
3908
10875
33900
15239
24006
14577
15206
25987
7064
20846
22307
38197
28376
8235
38518
15946
5893
26239
5714
29255
964
27260
16280
30631
10841
35045
4387
34936
31484
32223
38168
2476
30431
39007
8368
10237
3495
27427
9119
8367
38869
3147
25490
1162
16906
8720
33450
34507
29875
28666
34801
30970
16373
25292
26018
23225
7974
35478
677
26941
39099
17919
14661
2041
11926
4877
14963
6281
26912
16462
4762
3098
28061
35046
35542
5972
16463
38683
15622
658
35634
3757
100
21203
27715
18444
8551
19878
22902
11980
15964
20647
15694
14581
33661
546
3796
14560
19693
29498
33980
22459
12237
14506
12049
15011
29636
19150
31162
14042
5560
6335
20547
38816
33110
18454
12247
1505
15685
36915
24405
12617
36401
2235
1108
4270
32023
37176
37566
5529
17354
23845
31182
17457
23014
11349
18344
23140
15056
26989
30004
25481
10903
8928
27761
25363
35522
28786
6553
17567
14961
2974
486
7245
26011
1014
38385
36725
30287
3468
23088
38772
1490
20530
25941
32867
15149
36116
14490
25060
8006
4041
5842
33603
33800
1109
25673
23104
12263
18136
31381
7329
15816
6092
24875
19303
10161
12643
16740
19718
29691
5127
28589
38392
21607
27927
9211
37042
16629
23415
7653
21692
13338
9129
22878
25790
11369
12604
22290
28809
22721
27602
35175
29238
1982
22901
38406
687
4040
29685
17402
30299
8758
15599
11762
28183
28433
3659
37738
3737
28244
8739
8869
18885
15865
21293
7033
13121
28270
24047
14641
15718
15280
20076
32777
14465
8967
8131
25935
24082
3700
25266
26773
32114
24316
33124
13407
36780
20102
518
18333
6047
25293
17894
9676
6626
14594
19762
33802
37161
17310
14259
28736
19987
36567
10461
27361
25126
19139
37356
6584
18763
36531
19436
11032
14455
22879
10882
6893
26705
19265
13556
3467
37691
33167
913
37687
38720
32465
14182
14650
35975
33600
38084
7571
35365
18664
25127
17230
18249
36282
26362
2942
33607
21510
23904
32344
21301
21114
11574
15168
24956
34844
18133
18671
12925
18683
34177
27359
7442
22866
18306
18508
34763
20722
22221
6854
21970
509
9942
13173
31226
15580
30523
16309
3440
23324
32390
3658
18579
5417
26199
15068
3410
4623
12233
15295
32065
2203
6547
11030
7890
33384
21693
3139
19507
34262
32782
2850
32972
30483
18726
23571
26276
11351
14893
6308
21810
9815
9234
7400
3480
31408
5286
30869
17549
14789
26369
9836
2354
31839
3263
7777
15733
9125
9138
22421
10369
30743
3451
514
20287
34533
31458
33388
3007
34425
2390
12165
10193
10762
24874
26208
7788
15003
24581
15504
8046
34033
23542
38366
12529
31393
37881
24933
6028
1203
17510
10381
5249
5476
7815
12855
5810
26303
33605
12309
19623
35786
35876
27891
6118
7722
39051
64
30313
18782
13701
7398
11789
22063
29274
17303
17333
18023
27222
28722
25433
12990
4117
32332
6629
4509
23944
9441
3376
28501
38767
19208
7798
31061
15818
26761
23311
25374
25504
16239
25940
3008
19023
15374
7016
39108
25304
3582
11183
2153
23414
33854
37291
17359
10827
8206
30163
8588
31737
36461
16687
5948
14979
35793
15013
33129
33091
4693
22972
14127
20503
33673
276
522
11596
27953
7215
24237
17715
22238
8408
22540
6259
21696
26043
15021
12560
23223
17447
21588
10485
22729
6313
24093
1605
4384
36323
30225
26281
31873
36090
10341
11427
17288
19389
22816
1516
32766
25073
37323
6586
25862
21399
15091
31502
15768
35508
7312
26933
17231
21210
15796
3903
31842
3487
266
4911
13491
8403
33210
34975
38433
9831
30365
28621
31245
3482
3634
38829
4785
34860
30666
3536
23130
5902
18070
3695
35426
8593
30520
15578
18216
29668
5316
20734
7277
34119
33447
18814
18030
16408
12809
16757
9310
9828
8256
16782
35165
20838
26769
7212
25183
3005
28184
9349
9050
34684
17619
10628
34307
29083
12294
28779
11841
28474
30988
15545
36539
8563
27147
34338
12746
28811
19286
34951
20007
36030
23970
3029
30525
13363
27426
38260
26343
7302
2879
8983
18392
6645
21933
475
29081
33055
35564
28939
25399
20996
9578
10656
28842
24713
30461
26902
9344
21475
32375
38049
32951
2953
36072
19397
20311
31225
23773
29552
11710
36004
36199
572
8575
15386
28026
10918
32927
11197
15684
37609
3325
18559
35908
32878
14293
4980
26401
2507
23446
27454
12878
28345
37884
10185
25642
27070
38782
25232
5137
25995
14960
23583
23071
6380
22372
18959
5583
13296
21312
11605
37
34569
2018
28971
20819
1729
7210
8208
78
38818
19686
32176
4288
21327
21175
16411
38725
25638
22585
16123
1635
29787
37199
7697
13753
32125
9652
15448
6103
33326
17351
26168
1089
20504
33557
24624
27095
9438
9534
31222
6750
18268
16616
23339
38764
13465
37174
4583
24277
29308
4393
25375
4783
16140
16099
14468
30304
19468
8715
37519
27991
12739
19445
33017
22862
25767
19110
30686
5780
405
8882
9262
18265
1640
951
35558
19669
10781
26683
24261
13484
20548
5885
21440
6664
644
28110
30759
12905
34323
3722
11586
7623
4888
14094
11642
17759
16697
35703
9032
13396
32203
23792
2656
26099
4714
23127
38330
26999
1355
17258
23372
33271
38507
15014
20187
32689
18288
22139
22551
13256
29852
23507
5933
2926
11268
33402
19939
11793
9178
35492
30904
13018
33230
32936
20744
27055
22170
16160
25532
5134
15956
13168
8875
28233
18570
4624
15530
32912
12730
2100
32266
39079
6457
1408
25179
12035
3667
15994
34132
12784
12752
26838
6376
16076
22389
28838
28847
8010
26532
13508
13058
24643
9742
35742
29388
19442
19894
30011
9518
26414
16654
35795
21351
11305
26644
1514
8038
26635
11266
30850
20954
29550
9150
3341
35894
27285
8488
27803
34631
26479
14208
11849
31998
20298
12353
13473
38343
15922
13907
12773
22649
22726
8990
30421
2219
6485
7960
9659
2711
19021
25678
2468
23506
27259
10351
26636
31151
7077
10337
4291
35977
16999
13143
7863
1997
5629
27716
33976
21911
34389
24413
19248
3096
35212
31554
29727
6831
35823
20767
33414
508
2205
5954
625
35869
37747
22809
21817
35063
38962
31736
12944
13749
37979
33081
23468
32906
6808
27480
22156
29492
29222
38853
28217
35574
29531
8797
25902
27106
11544
16802
5673
19488
1308
34140
23831
35418
20085
23474
28373
34112
1699
26128
23707
11564
6625
910
4023
4668
24746
5318
1602
21991
30449
36062
16720
1182
28201
17214
14574
21545
10335
8790
21990
27482
37617
18281
35949
29987
21333
29657
156
37827
11234
33455
38850
10232
29076
32528
7699
38531
26318
21939
31385
144
1631
2629
4172
34663
8902
25753
23164
5232
34629
18040
3299
9021
39104
20908
30870
3233
27900
5644
13074
26058
8675
8040
2600
23300
907
18711
33916
5549
37485
1397
37611
25758
6866
31473
27283
9095
15443
32054
28487
38335
11456
24780
38757
7244
18967
8557
12938
9878
36243
29798
34030
12901
19321
2073
14782
19361
4725
3403
35576
32308
13888
27313
30224
10928
5495
22638
29208
759
11721
11332
38367
27290
4323
20555
2778
23407
32621
16405
6774
27659
1473
4466
33493
16085
14966
4277
20306
28748
28958
3543
20443
13201
2065
19907
32142
32335
10834
26094
4234
15689
23934
31856
20655
2031
569
29338
13818
19197
6961
21812
19679
10786
33643
15708
27240
21152
9454
24441
29155
36498
2255
657
38101
20324
2300
33070
27739
6537
18802
28095
17269
35399
26178
28349
25604
2374
32749
21291
18553
38945
13813
7654
19755
25076
7956
9930
31467
18951
26556
15942
25440
31301
2320
34222
24611
15411
11561
13940
30898
15815
22894
37303
5464
32015
4083
15881
21329
38759
16511
16119
16240
24067
38227
7951
24330
17531
19573
38710
38832
37988
23196
20128
27619
13496
8892
23187
19178
27265
17295
729
9591
34169
15570
14754
35565
10813
8822
5082
30654
22956
18305
34920
13250
25286
37759
34361
1830
10782
17753
26872
27688
26257
20814
22675
10922
3965
9253
17659
8737
5630
27795
24992
19838
3105
1001
17097
33878
33934
24392
35187
34124
38758
33689
30312
32763
2520
16137
38690
16547
20613
18728
32901
16713
24228
822
495
26449
9494
30149
6851
8204
29143
36416
22420
29623
24068
35901
31919
30278
29119
16539
14604
12940
21714
29710
27203
33662
21621
14325
33776
6303
4265
10751
30745
7939
28074
7199
6555
5274
17283
26529
36067
7841
38269
25964
37209
31924
28604
9443
5494
23227
32738
4561
30783
13557
28943
27847
27827
17471
10345
723
9741
37733
35695
30853
29415
29586
10799
24226
10465
4176
5735
1981
19680
1594
2657
30517
26229
34435
29914
27178
32986
14832
34834
12324
34335
25871
24920
10689
10250
1567
31709
34043
14811
23403
15343
24886
29536
25280
9512
25809
36540
29331
12051
8504
33151
28550
37867
26706
15392
30206
1388
20877
38735
20525
11634
35421
37766
3755
12790
32919
19363
25644
3966
2077
24976
11207
18845
18573
4977
27942
20466
18361
4106
4055
37538
15313
25072
28704
1832
30382
25920
21617
36549
28552
24359
30534
13108
14935
14982
26339
37078
16859
14721
38595
30152
14400
15988
8210
27960
1272
37751
14000
36830
9516
35915
17537
32994
26568
37156
36208
32440
22392
25620
31823
20916
568
36104
11677
23754
22
10644
6972
29179
30822
10558
39115
18708
10188
34732
9347
35479
35812
2731
19773
26102
12382
22670
34698
30739
27307
26700
6328
9604
20708
25836
4852
2987
20297
30448
3510
17026
32227
25426
25453
12914
30172
15623
34758
18049
29918
1826
18584
13923
31878
8532
10830
21585
34208
30465
16612
35277
24765
20610
27116
21833
38337
19764
13127
21847
2946
25894
17814
4266
38081
22672
12135
11659
32377
12111
30512
6033
35664
26160
33127
15643
13875
26164
39116
27432
2641
17078
28416
16206
9634
5239
5975
26771
37260
14718
21667
17999
30135
36683
29471
2765
12887
18092
3131
37211
16363
9860
38462
22253
15025
19531
29202
29645
29181
9412
37623
38318
26897
30562
32272
29615
4915
9719
19733
14877
10435
24741
14948
32966
1964
36443
26890
10473
23737
21360
20103
31107
14752
29782
15514
38098
24619
8786
905
3914
15473
13790
25956
23805
13099
24349
13880
27142
15972
15111
23763
38503
34151
24362
17164
5023
30578
16691
7394
14439
15231
37909
6063
17168
26088
16419
31142
11844
4482
27425
695
18786
8559
38297
37991
15968
6662
39074
2302
11077
27582
29322
18944
23824
28897
33984
21308
1379
32052
13552
20015
32733
34525
31794
8878
17795
36098
15269
9539
23290
13663
22045
24490
13929
13272
4908
5773
25004
13038
2362
38166
24883
22741
26476
8116
3072
16349
35746
38830
7004
11170
31157
36563
38306
4379
9581
26444
6295
34567
662
3964
34613
23463
26053
8277
34908
5547
33762
10370
35469
8441
9084
33324
4263
5593
23095
4165
26731
3235
24448
26225
34107
33425
3316
19483
28117
30050
6361
36877
39008
18239
18386
13916
21125
16774
20312
14313
32127
754
11674
1398
12424
5679
11158
26092
27452
4180
25361
11429
26363
15997
4923
9075
32727
10325
21808
20963
14083
27462
12185
26971
29566
3563
39038
29931
14947
15099
9705
24650
8076
11319
7730
37511
21826
22065
2592
14672
17255
28902
6992
957
29823
24754
37393
22896
21191
24090
903
13145
20483
24434
3138
27787
20
9147
3554
15918
6735
23422
29966
29029
17444
33859
18760
4425
7767
21092
15535
26176
2738
24422
28125
37583
11604
30568
14393
16118
11921
3057
21278
15625
27668
6809
38174
17134
14842
37693
19986
28088
34811
25730
25807
16215
14563
34680
37937
9083
11144
12662
35899
9771
18790
13553
4272
25111
36871
31334
10008
34605
8285
15807
2393
27521
3419
13740
24597
26396
1407
35100
1234
12116
8432
24732
8527
29739
13089
2222
36772
26505
2616
37152
3953
24126
10375
20781
16784
30920
14043
16512
33190
24312
32834
21340
13513
9411
37760
25049
564
20771
38792
32282
32559
12123
11613
21959
33102
2800
19996
26335
7961
3030
12611
20668
3553
18767
27584
24478
7461
30073
9660
7085
38668
14868
1842
16632
20161
3475
5871
10505
5290
26060
27395
2500
10725
36884
35864
24444
9228
14095
29106
36217
13312
11141
14805
22988
20550
14556
17766
30846
14655
17685
13046
15884
31846
20263
14342
3334
2919
22390
9978
26826
6042
30679
22875
33631
18898
13367
29237
37444
27357
33374
28297
23841
18701
10886
24660
34865
31639
7102
30335
6461
25238
25793
25681
1769
14360
33629
38610
20854
4053
21445
33658
33001
19359
5751
36154
1912
26581
33545
19295
8939
34331
10929
32021
19458
22595
4858
10294
33294
10655
32706
11250
35981
2097
26589
13945
12178
29242
14753
36448
1364
37578
12215
29705
10393
7769
28457
28172
8863
21103
22499
28942
14432
26886
7198
36235
26120
13278
2724
12026
4544
20856
35159
11086
6976
31741
10616
32918
23385
22872
15970
1188
6319
19823
28073
35017
24133
16888
28569
12709
33018
7121
36600
11401
30154
32642
34157
32602
1291
17491
1556
27840
23874
9577
945
34838
1587
11168
4545
4973
36413
14404
33108
23811
5201
12175
14620
27275
36664
36386
17556
16236
1055
26341
20607
32946
7643
18601
30518
15724
15139
29743
1841
19228
3851
22952
24934
15524
15551
30665
28168
5638
18968
21728
35859
2713
18650
26853
3272
2178
16716
12373
17371
24396
17695
18468
15431
12151
12769
34599
35756
13434
18064
7609
30608
18303
31605
21581
18204
18226
3566
2817
37921
22303
24338
18612
14282
29392
17142
14750
29073
2906
15469
24038
15629
36951
19081
17719
2911
8071
10729
23616
2084
8571
15870
13584
5507
25110
27010
37494
24623
23869
11711
19077
35435
17530
20930
17029
7429
26976
27763
29884
16246
4534
33782
30496
3764
35232
21566
29040
16851
17792
24096
11317
1915
4294
28431
19910
36718
26609
13386
23013
4873
17110
19597
8020
5867
19058
31395
14615
9465
6480
15589
19942
7622
10952
11087
9511
10614
18792
33644
36439
5025
10306
30006
23526
19591
21097
28805
26672
14833
538
24783
8542
2454
6747
12411
1039
10052
2026
36352
26730
36091
10083
7929
4187
524
33970
35567
4896
599
25352
29549
23912
25174
36732
33382
31361
375
23266
20581
9168
4309
3517
3890
20728
23918
2004
21365
26562
11347
3162
35993
38647
14440
35181
23007
19730
22831
17198
36163
37651
11270
32875
26498
30735
768
1585
30748
15340
12599
25213
24402
7099
37929
37213
26424
28619
33595
5027
17027
16369
34478
5179
25945
11864
37982
18052
20690
38671
23182
16826
24998
24849
4251
37779
14267
12734
36804
8751
17609
34290
16127
38727
7399
26311
22961
21629
35387
8738
30017
20635
15345
37304
15603
22074
19746
24085
28960
4377
27933
17677
28797
26544
13270
26141
20556
2923
15130
34039
23447
37312
31373
5168
28760
30985
225
1957
38106
14338
24078
13343
24504
33409
28014
27105
31144
20685
17710
30670
24439
37068
33295
16039
9337
34296
9348
6145
33436
21239
34681
3949
22755
13722
3561
33943
28530
2801
11352
33174
10441
29901
15585
25910
33599
25462
8492
5454
20061
9429
28419
5840
35617
6556
17861
13664
5997
1297
9305
32163
16339
33403
37715
38709
10225
25615
22599
35946
38373
18326
19005
23024
33745
22417
38029
18472
12449
4365
23782
17547
10177
35881
12595
21829
8349
4317
14746
31589
31880
15115
2784
10149
18684
21522
38083
20688
2556
25128
28883
14708
8533
28898
5449
34644
214
2835
21962
27576
24862
23079
2957
3906
22025
5470
33338
31179
29291
18632
5837
15802
30775
25359
19188
33606
19776
21604
15447
30798
35343
2550
33537
10678
22527
13639
31664
17827
34232
7148
14703
22177
33485
19889
6595
25163
23417
29994
468
23797
34248
17124
25483
13812
35118
31965
21568
29442
15314
16300
26175
28445
11375
8895
36307
6817
25682
14374
31900
2647
28602
13973
31795
35784
30680
6572
27162
19467
32752
13483
38299
35155
23215
37968
3885
11328
3650
23582
32730
24829
15828
20201
38258
11795
26646
36717
14904
2511
908
2744
37934
36355
34952
32175
18920
19009
23614
35689
5483
21042
15965
11939
20749
37629
1011
15277
21857
5895
16102
21392
370
17302
19846
19901
37251
35615
32296
4636
1365
36288
226
28945
31215
481
37151
23464
10252
33941
35697
36763
5488
