22911
5973
16098
6025
32881
5321
474
27195
4481
30040
7396
8828
37549
1771
12531
8265
34950
19131
6532
12600
13597
32457
1709
18770
6686
9726
33281
21071
21713
22191
10850
13291
31506
7536
31364
26744
18815
35268
16751
6176
18482
24857
29608
13489
22000
36055
4197
30290
22671
16764
2670
17470
28395
16504
737
5969
31672
35141
7758
34323
16835
31047
29991
3644
212
32191
12280
23122
28044
15026
8748
2314
13083
8058
6193
9714
26344
25790
19738
2415
19060
39118
26499
5861
18683
4298
10710
16696
14861
37365
3588
32030
12861
37460
2305
12158
27889
27797
4416
13994
38663
34715
31244
15713
11793
37573
24770
105
4637
31639
4116
13798
17560
21234
16321
10918
14134
24847
38019
23814
9854
35311
12526
3711
28060
10909
10817
14632
22569
7503
8819
692
16718
25687
33248
12090
13025
37265
1499
5016
24689
23405
19580
16418
6506
4300
32610
20737
35541
18620
32311
34475
24685
25011
7476
33590
38763
3757
13833
35890
4030
13954
14917
24833
21164
9783
20784
20848
8364
10904
35174
17517
10797
22387
32779
21378
37292
27389
37767
10913
14092
25289
7473
10351
10833
25037
28285
1
37624
16111
25650
22659
32830
19307
7543
27759
29167
16820
1481
13628
14718
35873
6661
8795
35440
14922
15936
19618
6037
17027
6088
1799
20479
23758
12333
35837
32130
36505
17729
22765
20279
8628
7656
27477
29970
10753
7671
6874
32907
11443
3498
4850
17318
28523
22248
6034
22912
22938
24780
24932
8798
8457
7338
37477
10852
12421
31464
1538
34309
36452
1372
37310
11968
38633
22745
1038
15761
381
1510
37210
29088
9869
29628
19226
8389
482
37145
15186
18568
21047
4971
23209
4882
28180
31053
3036
14953
15486
38868
16268
20249
9067
9525
32202
34104
30250
9257
3279
3084
23398
27051
15758
13169
14807
6944
11981
34240
10856
8315
37889
34987
25851
21360
27245
34982
25373
1398
7335
23059
31520
14887
19517
1134
2473
11467
20757
24438
33065
609
1817
20077
20458
18265
11678
17957
30258
20111
12003
11804
8735
11194
33997
8038
24355
26190
32078
37220
5663
25836
969
4897
30532
4173
11734
21738
8559
17856
5827
13730
30364
27411
29548
30978
30752
20863
37239
28831
10052
11246
5875
21533
19364
15988
18219
35284
5932
22576
29531
12424
23577
19803
32424
19838
30267
3220
19707
25867
29975
18079
4636
5229
9214
23022
10984
23411
15431
12371
27456
27092
33992
35934
26911
20599
5624
1150
19058
10472
1203
36624
13049
28705
12463
36828
36166
25121
20225
749
17665
9626
22899
7121
5442
8800
38333
3187
30295
24660
34209
6524
29525
20139
1171
28590
30542
13047
2183
6835
37505
33434
113
8171
359
32091
25334
15764
21547
5917
7423
24865
30942
29684
30582
11339
6177
31727
2829
1678
28212
8606
27457
17248
20544
29647
29160
16419
33437
27986
35852
33463
14341
31387
27024
28524
38467
3667
38824
27254
29817
23298
26207
37359
14154
33727
6284
20350
4385
35797
14165
17428
35530
8030
11245
16549
22935
2632
18099
30092
22357
27850
23187
24195
37386
1324
22775
30406
10189
37161
21534
33951
15144
25322
16336
3166
20761
12765
526
12663
33465
25568
34891
8086
24461
7736
28013
32931
22332
13643
14844
8921
37137
7670
38745
28536
1774
32767
1320
26954
38553
31948
33454
11592
25408
13340
3445
2598
17054
27762
6774
32135
34716
27423
28945
36501
21840
38180
1540
25799
5125
21681
3497
23439
32851
12025
33099
36348
36696
31623
22714
10832
20204
15456
27753
12340
16468
36898
22063
19125
35434
186
31266
27584
3975
24399
32221
13826
30660
13667
18571
24807
26441
17324
19823
7524
20661
12658
11693
19587
29823
26269
6277
24690
26887
30605
32040
10209
8407
38462
18674
5404
32266
23183
34801
5821
19266
108
571
33666
39070
13515
21241
22893
7995
19694
36631
33625
24697
12700
29290
11492
27941
6970
8869
31349
106
2804
1294
345
668
12143
16132
27610
7163
24812
32999
29328
15282
26855
23818
11545
35045
12464
21406
14258
822
33632
30251
17423
11901
14603
20084
17930
33896
12748
6769
17653
8913
12450
27404
23166
19729
4317
11934
31267
35039
11513
12650
12067
4878
5138
29743
17614
38208
29490
16887
5536
18308
15699
31889
27006
5211
13246
7062
35355
27921
37632
16148
6939
36495
22432
34928
4090
9367
33310
20200
8961
34691
17974
31485
18587
16555
31178
25049
33639
22639
13326
12859
36342
15013
25330
23939
3037
12794
25616
14332
24435
1489
19918
22821
29670
6413
17310
3205
22102
35393
35000
25637
25120
33351
15576
7924
14964
27247
7134
26402
8839
18763
35228
33576
33358
27151
18735
4831
10033
20820
24082
21918
8870
22611
30233
27588
34554
5851
13259
34961
26191
1443
37021
4450
18583
20872
10700
30375
28686
7853
9227
3190
34773
31198
12452
15680
18937
12822
21838
10372
2020
5598
15652
16187
34609
2758
31577
21725
29169
58
33701
5285
34701
28023
33000
29076
22141
19045
17952
24773
33056
15415
38321
31431
6471
29250
31821
37403
13274
27495
30700
25901
19486
1537
33011
7661
7430
37106
2728
27910
38999
33409
21070
5588
12054
10640
10804
16682
22472
21643
9321
16948
28971
9788
23320
23554
38551
1898
3875
6583
15111
14959
21453
35310
36083
37969
20895
5435
16914
11715
3564
210
34824
16811
17610
15819
9317
35058
36013
7528
8980
27642
19628
38534
16050
30138
13367
7014
30504
34058
14091
15599
24223
30123
12041
27403
14118
5989
15332
22362
28448
23491
37260
34382
25204
17159
8753
24250
8105
19952
5278
6386
8549
26371
24542
8284
29916
4376
21910
28169
4600
32729
14720
11813
6919
38727
13276
39104
20693
32709
3428
18950
23227
16924
32529
7361
33721
25050
28771
33871
34992
26491
3931
24030
36482
27925
20510
27823
34186
16294
36697
30900
15751
36255
16254
37778
11486
3079
1830
16909
24113
17488
31613
10184
17426
34069
5764
24035
26541
5986
11806
26723
36138
37708
3704
8842
15962
7477
17715
37709
11169
36387
21021
6180
7294
24630
3381
8334
21211
7482
23697
19381
35755
1078
36129
24032
9167
558
32966
13265
6566
8373
16883
18276
5035
30850
6340
28591
2675
33825
19280
18890
34273
30245
26719
34254
3227
15738
10414
24854
38042
14033
12692
15455
13840
11931
27533
21541
18493
5312
37314
14748
36689
1779
1164
36798
8386
24040
11616
8317
32225
36983
17520
15956
19032
15366
6111
37262
12949
24992
9632
36793
11987
35767
20148
2211
995
17241
27366
4606
22330
4919
30729
18253
12265
20429
5293
35502
17226
9649
18130
1991
5102
10744
1357
13088
11707
18326
3935
13544
25199
3839
37666
23142
3995
20931
14874
17447
21817
1736
34877
33489
34946
23417
1935
22827
28237
27233
9801
4274
14549
3506
14450
18083
23801
29637
15670
35487
3928
19527
9258
12092
29703
36700
16145
26646
33491
19851
16812
3502
19108
31007
1317
35911
22998
2022
27206
19029
18153
28931
36189
927
9790
30616
12541
29139
21661
6271
2540
9236
8890
35346
12360
34507
13983
27251
22346
35614
22345
28
28202
33628
15945
5128
6211
26268
13386
12537
1719
23848
35136
23852
27632
15491
28338
12431
12336
36757
4536
36433
37736
10578
35213
16371
27767
6909
3059
17860
24453
21781
16591
4241
17221
15930
35719
10872
31571
25063
31373
24139
39035
18614
6159
11603
31847
28574
11284
17635
16387
7932
31130
9932
30655
19681
28258
29832
13623
31241
8239
3259
21177
27947
5550
12209
9748
25228
32991
17926
2928
14087
22906
4421
2076
7410
767
21862
27037
31107
21369
7918
34045
1464
25601
36320
13176
36480
17357
20023
7604
4901
21079
25992
12277
13240
9204
6507
11206
13132
2024
26967
1350
29473
21521
4377
23009
7695
36206
36461
11852
5562
13865
22936
9928
6914
12924
17108
38949
21349
17076
23124
4431
11748
33090
2973
28645
13927
9345
2573
35183
21711
15869
31271
1668
19326
35448
12994
26137
25755
37252
24166
15624
37724
15648
24599
21117
31744
5573
1186
20103
12268
11196
30928
7959
2564
14937
16610
17102
13701
21791
31118
891
1814
17082
38930
10585
15253
25375
3930
6107
36588
5909
8276
12789
27242
3459
1658
3063
9784
20168
7087
21375
28261
37153
26315
825
36074
37086
24570
1087
3823
21581
29868
20361
25265
19462
33391
428
7703
31254
32623
13867
29968
35080
19799
20353
6523
35581
38947
14601
25069
2005
7763
32679
17702
13936
38434
20192
22812
38386
37878
879
12902
14902
22733
28535
557
10010
19121
19509
21981
28706
3464
24425
10140
34345
10938
37763
15442
6086
26132
17128
12873
8311
29609
11861
26715
32928
35462
11757
29892
22483
13750
6399
7574
3494
924
4877
27613
21829
31211
27178
22531
32055
30407
3376
12228
15935
30436
26704
27273
25068
7755
16870
18684
25086
1113
28684
11497
38241
23090
34143
2770
22656
608
22010
6543
10586
35041
18779
21952
4959
23659
26586
2609
8273
13875
1993
32053
14977
27147
37714
4405
13644
8567
22881
7155
29881
1852
26022
20937
15821
19245
3680
32239
27638
21427
32265
517
13117
18418
2571
13376
7955
35756
6595
16094
14457
28646
27815
33433
30521
13692
14594
20905
33016
31773
4768
36059
5648
35103
135
25664
24530
34755
8172
648
14607
28307
15569
4824
12905
2671
4451
26457
38775
34868
36087
5995
5023
13442
1257
11323
23701
7149
14678
34677
10597
1660
6080
20615
23754
4863
18212
27444
9758
22942
35770
2791
34128
21890
21915
25
29546
19728
33633
31856
16482
8802
7357
892
11963
12208
32351
16051
9974
16505
24953
17397
35703
15371
33744
198
11947
18298
20329
14444
28303
16101
28582
5980
28486
33052
17887
9899
12200
37577
29734
20033
12166
20961
12035
1345
20705
26583
19821
2599
9216
16128
32367
22782
19071
12352
13392
22268
19946
10095
36688
20398
33139
16636
5687
31636
29518
36275
12643
31523
26722
7386
16856
18962
25134
10649
17997
34589
9123
16219
3244
4904
22372
31009
3141
31103
29065
21762
15191
10315
19853
9674
23671
12303
25562
34696
37857
10667
13038
28911
11498
33342
20252
11920
37480
17987
25884
17581
325
19795
33078
5041
29389
26585
32169
2353
2052
14743
30337
5113
6780
17663
27730
15818
15896
19562
15934
35552
22977
26362
18768
35172
37761
34812
5627
11580
3645
2112
19991
31468
16642
37440
2051
6953
23743
15386
18506
38774
20277
9967
697
19673
5240
22451
14914
32782
21454
33022
6170
14970
24395
7810
20132
27274
38932
35373
887
2888
36598
5105
28435
15889
8446
30320
26113
35278
9957
19976
22653
12912
22519
32861
26197
11753
15585
24106
18732
30152
30943
18959
18671
16871
8164
11234
37219
32979
32245
5631
21149
7557
216
35380
3053
32164
782
1789
36908
8260
11032
32726
7588
28253
22154
12102
10361
29917
2658
18003
31920
17889
33331
12404
27378
7685
26126
28465
27249
24984
31964
18537
9586
26862
5928
6871
12433
2595
1509
2138
19675
22272
8858
1529
21901
35553
17521
38628
7295
25519
21199
21780
17444
2277
21788
7466
33482
30455
30490
4065
26467
24271
31129
35455
5101
6436
8223
24344
9174
38801
19761
29265
94
12947
5474
14234
37415
14941
24676
23028
37690
18411
12232
37043
9078
1046
15110
11871
20155
35928
14841
24840
34269
25614
1511
14212
25511
37457
31490
6611
15816
22548
1180
29013
36054
34196
19970
20782
7597
21444
16204
14565
3529
1977
36460
19910
1753
14434
10986
21556
25595
2088
3723
17688
31503
5694
3720
6068
18193
38501
17513
32553
7383
10859
33674
26511
32874
17257
10821
1287
2914
30835
35566
36131
17239
3612
20239
12898
23010
18230
37015
34048
22633
32527
35681
24382
32588
13453
35900
9369
35381
24912
36742
20578
1109
8489
37082
26853
8015
19548
12855
33267
33145
29602
9098
23643
27768
36127
30362
5740
14382
3965
22781
11017
4979
23698
23290
13902
25902
824
13297
23264
22203
22713
2334
18633
33097
2651
12085
26270
12687
35656
31139
23365
19310
13830
32043
4640
19897
27974
34395
11589
17869
34399
24323
14397
11539
4087
17260
12171
35481
2593
15972
14255
2884
16338
4925
4944
19292
36276
12767
11799
34130
5431
22160
2998
30395
31297
30244
12369
6617
4470
11831
38417
34070
27780
26536
35389
1226
11747
33443
1266
8052
5031
11685
9460
35620
178
21824
10109
4541
33008
3558
10831
20909
23860
38672
27235
37907
23212
16325
38102
23782
12233
35245
38312
31142
37578
7299
7806
33001
21042
31203
38438
5121
20765
12112
11273
12422
20587
18994
21544
4976
15975
21061
23738
36887
10874
22811
15288
10709
886
22453
3167
36177
36438
5706
37663
20290
9370
23741
6066
36307
5333
36182
16646
37084
18810
24541
14619
14284
17822
8917
37315
27467
3505
575
11197
18589
11845
16076
10634
23194
25067
6584
36699
11826
37139
1148
17901
9987
9202
36149
26352
25619
20261
20158
12829
7459
1323
11051
7717
19285
31390
2957
19008
17500
12941
25628
27972
894
25690
26647
12651
6455
10311
5668
26374
29453
19361
14875
25002
33843
27356
25944
29778
37182
26128
13122
5355
4771
21691
13128
1846
24931
10107
26492
25332
13842
13990
19384
22997
35388
27530
20427
35557
991
16350
18781
11188
17808
30887
15103
19631
38447
2752
33807
19573
6336
33119
36273
11053
37005
11914
15277
16303
20759
37949
31194
13140
24494
539
15414
21254
38481
17954
22933
17977
6710
35097
10461
36516
6679
31696
4788
14014
22854
13743
20898
35227
34542
25879
20395
27573
16335
26286
36133
1375
532
5098
8013
15079
29257
11864
149
11180
5271
8383
32847
4131
11989
9152
31932
34825
22831
28716
7611
34776
20987
22342
6242
9459
33517
9729
5866
17409
1306
25456
28171
23141
9448
37686
19789
26240
31395
22122
7851
5849
6285
10648
36832
28442
884
22133
1321
27134
10587
12183
7416
17274
36176
36204
29360
34410
37228
832
7222
34870
24072
31041
30682
13136
12896
30350
25250
35588
15868
11211
25259
11157
14378
8095
21819
14901
78
17477
11911
28473
11896
13561
14220
28053
4379
21089
22223
5400
5975
32594
30082
20250
7650
23082
17883
6981
7256
27334
23111
8527
32916
22594
22210
19503
38095
13101
7288
34689
18665
16631
5001
7001
4464
11524
3528
36628
20819
378
24043
19638
164
26535
30009
37499
4989
9250
27933
34072
16516
1756
21801
30428
25785
22717
10825
13756
4398
30823
30397
31963
20788
20172
36404
39102
35323
2180
9993
23553
12750
11316
19282
22985
31013
19934
30686
4199
1624
14525
15745
2503
13861
11921
2801
2587
35395
12164
9603
10651
34489
35013
13467
17268
32490
19659
22078
8080
3009
32910
31601
15219
5689
24331
7152
3087
27741
16742
19653
18908
33785
29839
2916
27676
27860
27203
30960
8025
30698
319
26168
21029
6741
12708
19651
14209
24031
1283
11282
35118
21743
18466
26356
23045
34878
10125
28825
26573
20166
471
27880
24404
17998
13995
3101
38420
19152
34251
32524
31023
33460
35520
32893
13719
10080
32868
25692
22106
9326
32080
12695
21336
4806
17780
21028
30322
15614
21975
4455
38643
15642
33755
5148
21659
29336
18744
15886
5275
23070
37309
21363
26918
26090
1028
22044
32873
6987
10503
21604
4555
16620
32048
5415
32528
37872
38443
11886
33309
11469
18834
3261
16361
16950
2500
34834
15737
2545
15178
38209
35491
2176
24615
27493
22317
20497
26176
22502
9286
38848
14893
7883
10944
7791
35376
7052
30951
5541
25429
21219
32455
25817
26288
23185
38391
23515
34019
11265
31236
24381
193
18363
20064
23164
29306
38041
2623
29447
32097
17839
380
15996
2074
15677
11305
13542
20308
4664
15399
30204
5297
31781
4226
37682
4698
34141
16937
24809
8901
32086
1330
35560
36225
29162
20657
21411
5320
4595
13107
30806
6639
16683
27234
37270
14768
7678
9497
28869
34414
30621
1893
15674
24240
30767
15918
8173
24933
18578
7698
37750
25651
16621
11317
8972
7708
15625
31702
22199
14760
30800
25059
3986
14987
26216
31314
303
25179
16900
32128
16629
729
27562
18973
9516
4458
35691
27937
19498
4176
11147
25083
24646
31620
22826
31938
18556
14517
3598
27643
6389
6832
30053
10624
9159
31682
19033
842
27289
33081
35841
10471
31898
34387
9502
5227
26507
5307
6433
4772
1329
23489
23760
37571
7130
38374
13583
34521
35035
27551
22816
20269
16963
12770
20939
32995
19203
17060
4183
4021
11185
34588
35872
17918
13418
32269
13360
21694
14184
25909
20535
32316
31066
7985
5173
734
38510
6885
7145
17628
28695
275
12686
24229
8274
7705
3441
3893
34628
4588
38646
24515
23824
13768
25458
36217
22829
387
13551
1333
32947
12964
28952
13193
18181
25821
15610
14356
26821
760
13560
23152
29514
14064
37533
18686
26509
4514
23394
36406
7352
19559
32198
9756
36845
552
37779
19299
13535
4691
37119
11608
29010
19392
16705
38682
13380
225
13401
20179
22763
16689
28634
30802
20764
29077
37157
35734
11985
13831
12400
7531
14128
9294
3742
2308
31815
17733
30211
15312
1001
38498
10165
4922
34364
11906
32905
1895
1894
2329
19061
12527
9829
5139
37539
37047
39061
38130
31811
30610
14648
8047
16658
26878
30687
19496
34977
24439
17765
7095
38182
37269
8369
8703
14196
28502
17933
30101
26121
21873
36894
8213
1941
21794
8467
8694
19187
32480
3869
8755
26294
16747
38027
6906
34480
21053
19866
6787
4185
4120
2363
29924
6539
33486
18661
9584
4384
32076
35888
35549
9397
18175
12345
33459
13733
11412
38368
14395
29844
17852
34140
12558
10429
17537
8469
33180
3355
33519
38318
33917
15728
9755
5637
21013
38909
27674
16885
10638
29977
31724
4516
5873
14993
34910
34391
430
33084
3052
25079
10272
6005
38379
15903
1797
31257
35091
9027
15211
34210
30634
13498
16225
10295
29950
35650
30776
22973
18040
35248
35020
13765
5708
6379
36535
6222
23730
20658
6862
4711
17509
1888
25613
18698
23803
30172
5606
31145
2601
11296
19949
23849
25860
7971
13422
38834
9536
31227
12104
16855
2607
28850
405
28054
19495
107
36243
16217
11726
33923
38870
35808
13611
38645
8392
365
2895
38345
14556
1767
30547
34127
37967
3832
19775
17794
27357
34777
28434
1135
12008
9650
37392
576
4286
34565
25905
19413
16921
9706
2982
16327
22896
34260
18084
19982
23778
30901
13657
27917
1154
1513
23106
8226
35386
22550
17255
3901
4765
15446
5693
18338
26250
24257
22240
30377
3435
5002
18543
4503
31951
36287
21531
34720
10431
4499
37008
23500
31436
22778
21243
16443
1937
15284
17078
17396
14301
24828
1517
23385
1027
38722
16823
18597
7813
34385
13222
22438
36097
25859
16824
14120
10720
2946
12836
27885
32508
37339
35072
22157
35011
33562
6681
14235
18289
12456
31511
14711
25019
4045
9976
3170
27549
19965
5192
37691
34669
27219
1260
33312
22845
30777
15037
32534
7619
18658
37697
19037
29493
14666
25338
22761
23914
20150
1760
8533
31631
29557
26401
37820
33597
35874
25394
33040
71
25913
21979
23922
30957
23030
24389
9871
23031
13147
17134
8167
5495
16006
29634
21874
32057
3447
16598
7894
6151
37646
34978
33286
24114
33072
25671
33869
2195
7109
10733
16319
12710
25523
26450
18526
25138
28954
5616
32599
5303
16378
29205
10280
16544
20744
15082
2749
4742
29194
25639
16808
13214
5245
37305
10614
19852
22907
36010
15061
27878
23118
10473
6297
11556
31366
8093
28896
34699
37812
25730
16890
8784
6984
9589
26571
22422
31746
16400
6623
9874
21116
30762
34672
22392
36459
11325
15349
28794
21050
25038
26779
1961
38700
5323
36224
1931
22595
19049
4478
33254
33580
16384
38238
5943
1352
18954
29905
20226
498
26760
6394
28812
11856
13063
3728
19297
10965
17654
1552
2318
18394
30107
36770
12331
17637
35033
2116
31435
9429
1036
7126
431
26280
18044
984
20478
17690
29351
21285
27464
21252
33982
16925
16252
17171
26812
9631
16120
35714
5650
31575
3668
11843
13317
7641
35793
11355
9349
36509
16391
28922
27915
10215
5721
19870
8422
21268
14939
6057
33994
15630
34674
28791
32150
13374
33146
31482
24672
36399
4484
27648
19723
23434
31539
22226
18306
23576
34771
37340
28801
30566
34291
17445
37936
30064
17838
32132
3813
10112
36744
34230
25226
32511
33382
24904
28410
34675
34121
18143
14074
19649
2496
36016
15711
37301
6723
966
24401
31315
28678
32454
25694
15999
8695
17424
9908
32498
21204
29291
19777
14753
2436
10117
30836
656
28427
34938
3573
16184
25106
32673
22515
28950
2217
10334
814
10687
16997
20010
14205
10608
4362
36443
12904
2459
31248
307
25800
32800
8764
30121
18509
28003
12243
36534
37280
27486
30519
18533
31235
22360
13810
23093
20288
3390
22181
18074
6022
32290
10668
26432
28276
3028
1713
5889
16499
26710
34640
30129
24935
20651
21576
3678
25839
15131
26482
34863
23586
33688
28556
4669
8175
15153
14086
33781
16758
12544
1360
24096
39031
13530
34327
17935
32189
7891
27818
21308
22215
22185
22796
14379
35694
9069
8534
27898
9858
25057
8665
1580
9470
19520
7211
32845
15817
7263
21687
39099
11694
35368
16152
37146
11894
24148
18473
7068
25415
35093
20054
38923
29207
38697
11593
36684
10703
23598
16363
26974
19387
36541
22770
368
2921
10747
14658
20161
1778
19784
3300
6877
26623
1107
21008
25878
34799
31940
27810
7511
32551
34017
7427
8750
1282
28767
4053
35630
20357
35569
11723
38347
13850
8267
6647
33524
29725
2154
4785
15772
29049
15266
8477
29887
29990
5027
26556
33598
32583
4982
26406
7247
31522
1436
9596
13219
11772
14681
26020
18902
1712
22292
15857
35947
32224
33759
21475
13848
22987
9108
13752
29812
4804
6596
25096
23896
3150
29233
36170
32425
31112
20483
8110
25267
3125
5044
2414
16343
902
26335
28165
11010
8130
28854
8345
14487
38022
29079
10254
23556
1533
24592
1004
10876
36777
14631
24475
29765
12559
26396
7724
34177
21247
19892
8584
23366
6809
9737
25833
33509
9335
29914
26480
591
342
25648
28347
38676
4046
15739
12442
635
2845
37932
10129
28012
32146
21133
20413
784
32809
21312
15409
16030
1596
34959
1925
16558
12332
17807
4689
33410
32067
20408
2940
33064
2860
22318
36814
38617
20377
20953
4106
35108
35810
1039
23330
6382
3985
8825
14617
22415
32338
13721
25640
24054
32310
19401
22403
6824
27163
11822
34791
34527
7440
20316
9921
9888
35102
23853
36956
16728
37195
23492
23412
31741
5416
14975
26591
17189
3406
29249
30870
38547
20128
16947
35208
8065
22742
9223
4008
36909
15029
1225
27787
35744
11353
18534
38799
11040
27374
16099
32986
14156
22034
4192
2004
24118
6252
6612
28349
28223
9671
16093
35989
26797
31770
8523
18214
20536
4255
26638
11436
9861
6614
2061
37186
15362
7908
20365
11162
23087
34188
36377
35042
7675
16913
38101
35963
258
4609
21034
15470
20918
1880
13033
6232
26876
13406
6367
27891
13245
11855
16817
13588
1692
6904
9209
24181
25868
18734
481
27692
36380
36223
35126
12202
29857
25862
29794
9140
20692
11866
8933
6148
18022
36538
11892
34272
14462
646
13010
7676
27454
19043
20454
13068
27452
38466
29620
13751
8246
9026
36007
23013
15124
21563
34162
34367
24889
25244
19345
9188
7586
7099
9312
27073
4645
7122
5049
18078
30510
14806
26919
37272
5751
872
16932
4448
34225
4289
7082
18840
9831
38024
18236
31480
31954
17473
11501
33725
19132
35280
29123
14560
6355
13987
26254
8179
35726
14083
16964
27620
8221
23995
4024
18983
14530
5156
3417
5748
4675
4998
25104
13301
13327
32667
15942
32496
4615
11453
27830
15593
16124
10122
38637
29482
2715
29302
33547
26673
28416
1224
2231
29596
9360
10778
14547
22442
13801
15769
6058
31245
9564
55
29192
12384
14742
4378
21069
2985
5085
9517
3325
24288
27421
28080
6248
29872
9058
26649
11590
1613
27936
24545
6553
13204
1777
34767
10898
26481
28124
35225
23115
11154
4596
5572
15128
22189
32977
11019
15352
8458
2581
18402
14828
3951
9660
2303
17328
20286
2983
28567
6481
350
25582
20617
22469
6262
12218
17185
11544
1911
3971
19311
24230
28374
18248
2119
20481
17227
36332
4661
2707
6721
33338
2713
33913
8939
20228
34116
35917
7093
3223
30133
14399
35758
37308
29446
25492
31651
23279
31363
33986
31152
1242
31207
20641
35906
26179
11517
4783
13968
26800
37522
1339
12007
35804
4191
32321
4761
3344
16875
15518
5034
8322
3961
35288
35920
30891
7784
20280
7613
7132
34620
37143
37183
11499
33376
20299
16700
19758
33596
18911
19721
19847
20123
28747
12978
29157
15712
8090
7649
18491
8963
29055
18462
25045
35882
2891
5170
6880
13547
5334
17006
33989
32401
12210
28275
9019
162
19263
18383
27474
25331
13672
25921
19160
10622
31143
29586
31570
23514
1291
7737
18836
25660
2354
2530
21401
6823
28348
25169
17940
9636
38626
21352
2786
3176
7578
17857
14769
20441
9856
4781
24071
26095
13803
36019
28504
19062
36240
18475
18638
25753
13284
21381
4150
15249
11239
15573
17403
5656
37470
7373
4148
23276
9138
27013
28509
6568
19264
2453
19244
37048
32952
21459
31851
19566
25951
1361
37527
36041
24503
30728
17722
25626
35612
13790
666
30854
15170
32409
5649
28899
13006
15529
4054
8749
26069
32407
28250
21998
28344
37091
32214
17553
26053
10333
5949
17123
35895
27784
9526
2445
13425
18771
18955
32217
17419
7210
33578
17916
25234
11758
23658
25203
11874
30269
30449
29017
21638
3741
10336
13287
15723
19937
12105
16898
11149
20999
29606
3567
21338
33474
25622
7451
22028
1623
22175
32509
33211
18693
13325
3913
12891
586
16012
32419
3765
36864
9378
26024
17099
1872
9033
23639
37128
29679
38511
31536
1861
8716
23058
201
28669
858
18192
16783
500
34014
3683
24725
25775
18030
21597
38152
14413
10492
2520
8235
3836
6325
27704
38363
24105
3911
553
26622
12113
29399
10335
20602
22520
4254
36175
26929
2034
21724
32951
36160
11345
20650
30508
16368
27546
12180
20585
32072
15526
27031
20278
24928
5203
30596
20796
38075
12130
27173
8911
3994
10690
36982
21756
18406
10306
11222
21132
36333
20891
12725
28963
11595
25893
24384
20955
13618
13138
32689
16023
13666
20259
12161
3712
978
2006
1536
18027
15171
13933
38887
15210
31594
7936
35181
17071
34922
38285
27398
38125
37882
10116
7794
35101
31326
21627
22695
7911
3127
4004
22510
15549
37954
21339
28822
4182
7395
20735
4447
26699
37621
30422
8280
21584
6020
35009
4011
17496
22535
27479
36740
20850
6531
27614
15235
18617
33726
21778
3431
5056
14483
9154
28904
3620
25739
7930
5437
12077
24093
14463
572
17964
28405
8947
20304
26766
15063
23734
10970
31733
19526
34038
36052
22176
11363
11618
38049
23286
30173
28000
27076
37971
18352
36510
13116
18223
30151
13216
25124
27760
25691
28155
11897
13319
24431
24582
167
13702
10558
38158
15212
3392
16660
23473
32945
16872
15333
29964
31592
38771
1262
28065
28354
35164
12529
22934
23976
5131
1326
10798
24752
12744
12879
19391
14689
24566
13807
1423
13446
33209
20837
26732
33920
16513
2410
4386
3785
29501
17103
27494
35418
18486
6098
28436
9471
23296
29875
9239
10523
4049
13417
27313
846
4571
2683
19834
35191
33702
12064
4129
19695
4540
18547
33737
28163
4280
6202
36794
3590
7022
6601
33150
32587
27836
18755
38044
37554
13999
21618
32192
22721
15777
9590
3342
38944
20112
16560
34717
22704
28213
6050
11350
16179
23170
23291
23631
19017
34318
13069
35353
1401
11105
32592
12886
38121
2189
4296
18913
7637
21628
35422
24346
11400
25264
4123
30262
24233
24325
27977
11268
23266
22809
17219
4875
27583
36906
23925
22805
21433
27328
31627
28598
28891
25384
31560
35049
6712
10126
27049
17021
30873
115
7292
30004
109
3950
28199
25777
18776
38823
26568
15694
13878
31762
13740
37179
11137
32655
23226
35260
29478
18784
23055
31089
16962
14272
369
8539
35281
38576
35168
11043
6124
8999
22230
31223
24559
10068
33328
2346
2794
611
36701
33998
1988
34201
28783
26036
10590
38955
28553
273
31378
4147
4668
10611
19506
11859
15691
28487
20979
24460
16452
31250
30642
1558
13822
22990
13444
24343
4864
16713
23550
5276
37124
7475
33353
25710
26359
17555
37117
22631
4534
27145
12869
29019
17354
24501
19232
2153
24775
26026
5806
24864
16372
21614
15379
3114
2121
11535
12605
28103
37298
17284
24631
18616
20323
16474
18062
32843
37828
27556
11991
35971
16643
5596
37025
1314
18860
38128
35526
32140
18436
14527
14946
12976
8585
24365
141
31552
38985
37542
20125
12972
33600
22437
14496
27538
36967
5981
7826
4486
36171
33488
20550
2502
16190
38544
21245
20815
9760
27943
23527
28119
37681
30893
36349
34388
20106
36627
39002
2832
34835
30347
32833
29575
18425
33132
11766
15197
34229
27812
9553
18699
24126
14522
5115
30799
24440
33448
8122
9839
33200
15487
20447
38734
31299
26276
4210
36996
28878
21958
25405
19896
38484
36247
28326
3149
30549
27286
8120
17861
4994
20626
6019
1422
27670
26379
36582
37374
19006
14885
23513
27359
33955
37746
17196
17114
26349
34754
11745
27723
14464
31215
32885
15287
24625
17552
32523
9482
35857
3997
8692
16571
14911
19410
16031
10435
15069
37381
31720
21888
18197
20515
5210
18428
12239
12473
783
644
38211
28871
31997
3112
32250
30529
4394
25004
4729
27462
10342
15754
6445
9643
37678
33005
5564
28476
6537
33372
4598
1231
18729
19291
21443
7272
27801
2858
25484
4829
18702
8734
10791
23127
28183
14079
24259
35644
24765
17164
17847
12073
15174
38809
26613
13187
35178
31309
28561
16445
14012
1835
6108
1729
20136
34488
34945
1131
5004
27550
15622
20002
7187
24158
18989
23353
17600
5032
16244
19394
25686
30558
696
24332
31489
27478
6319
28728
9965
19686
27877
25145
5846
6640
14974
36364
10417
18023
4365
8763
32695
10846
23800
34943
28154
17986
31731
24587
35959
14263
16322
11809
2711
34485
3496
37648
26145
17459
32059
15274
26653
17290
12028
7786
28104
5775
15251
5837
22677
32270
37607
28663
863
2421
976
1114
25385
23399
26261
1526
22013
36820
34876
14837
17158
16397
8310
31497
2580
9733
845
17984
30849
1781
24270
20335
11531
2432
27236
13312
30894
344
17703
38053
14786
16462
21880
7312
31427
9212
2212
21678
15012
21669
11870
8384
2736
18965
37284
32047
7898
1508
10331
31865
11335
14624
4607
11674
620
20470
297
14773
8744
17912
13804
23727
29611
15132
21550
28570
12385
10513
12425
39052
14314
2551
32464
25574
28324
9040
23303
37546
30819
28010
20818
2493
27250
27861
18746
33440
39027
34450
38461
10561
4251
26232
19760
5154
31624
19013
38375
457
11801
33336
23485
30147
10864
10813
36017
17989
26081
3754
33838
1860
24741
6870
26244
20636
11832
18883
7113
9432
16118
5147
36715
633
8850
3448
10866
33602
23024
17772
34574
5938
18641
33573
31322
28815
6364
18350
28617
14179
25412
3119
8416
5040
7097
34080
29121
6689
3632
14180
19235
36128
33058
22304
25123
6967
26013
22306
34028
11949
31960
9750
35781
26563
4903
13575
36599
33441
20793
1962
12799
18050
22629
18356
6758
38425
1103
2735
37068
13792
11923
6466
18149
24317
15822
33518
31978
30709
16859
2029
37741
35524
31341
13104
30078
32949
37346
11037
6042
3477
2783
33423
18629
29299
15022
31918
10081
19504
26174
20772
9602
25762
10447
13397
30810
22137
4467
35892
24607
21900
27172
12468
22740
13074
13641
22327
23145
10265
37322
33136
16381
31531
18550
27046
24890
14352
21707
35693
39024
37454
11858
31542
4839
36196
1353
30756
31036
31673
26011
22153
13705
7318
11184
16702
5701
8363
14476
11421
13889
33711
31739
24042
7657
28835
26390
35092
25798
30631
18115
38669
16250
9064
31505
21139
23574
338
27777
29627
27078
14800
13720
10020
26159
26215
2232
18225
23453
5544
35088
626
30543
33556
6767
28346
2863
8989
19336
30636
34199
13163
30427
12475
31635
10562
26277
8564
208
4641
27605
3799
21036
33677
19316
36035
37337
23263
28384
34803
11186
6260
26850
11249
459
33355
29901
37500
11924
24262
2808
10921
23506
19552
3253
19324
11464
21608
16487
16521
20376
28568
21522
38839
12307
426
23347
12011
16919
27480
3241
27505
6620
37884
35806
6943
22400
31127
1147
25720
4235
3430
38277
31591
1882
4277
22047
24848
14935
37963
26729
9422
5886
7387
29729
4248
32350
27267
16645
36151
37294
13402
11628
16907
17340
12191
26476
23799
22920
13055
20908
12439
32177
28745
34625
12704
15074
3414
12878
36664
12729
13631
34065
877
6740
9877
35312
22136
17934
17097
4268
30735
12554
4109
16744
16298
24825
32839
4155
28644
17467
2106
28203
24533
37540
3715
214
37876
10367
16189
37604
38015
19583
6630
17058
25316
4677
8548
18731
35854
13870
1312
37273
17512
27397
161
6812
17613
12056
3465
18114
261
35493
13210
3732
3791
16395
32197
7986
30710
31923
37890
4299
14185
26311
1391
20051
3495
1337
7217
13604
3134
14018
19133
38250
24327
18580
17013
25923
36603
38804
30787
12774
8012
23443
28021
31633
21166
28762
19563
22795
37675
33620
21153
26124
10635
8654
28530
2948
13441
11954
35508
1179
3597
2535
12099
25915
38960
5554
22570
9052
34981
19955
15019
7716
37049
26824
14880
18209
25554
11980
6320
9020
21779
24909
1605
1929
1106
9763
35944
32537
17535
13735
9454
38811
20276
25531
37978
6306
3859
20864
16100
5430
18360
27360
15370
25301
807
29856
11020
23661
8401
14338
30265
1995
15072
20163
36269
444
11034
30706
32507
31694
30878
13815
1867
4208
20373
20630
26742
22134
13800
3305
13665
7692
4717
1467
9121
18075
20933
10085
27710
21926
28239
18312
27734
15067
5644
37131
24543
7956
27975
14309
17188
28469
15514
7472
8245
35819
3530
32352
4992
23548
13600
26736
8781
21770
34806
6616
23867
15199
9779
20425
24598
4442
11351
18531
3822
29172
26866
7601
39036
11647
26299
8476
26689
9287
8794
12135
26188
33284
36188
17787
7768
6221
4684
36340
35942
34023
11881
20072
37558
39038
24970
17342
34050
18419
25606
5979
13023
38893
12403
8808
5840
3234
31313
24869
3561
7064
11375
20538
19598
11977
9127
7332
7857
13
33025
25541
16771
33728
3882
28066
8903
17668
9081
38629
13385
15283
10958
37515
37360
5874
29953
33322
4767
24173
15437
21863
28821
26681
34864
4472
11712
34568
9920
31874
28983
29293
3106
10535
26807
20170
17180
25849
11714
26996
17630
6521
5472
8941
3138
27658
12571
2684
24902
35019
37672
32835
1127
10469
37977
33617
2336
7845
29015
38764
30030
12315
7902
19944
32497
10127
37972
18103
2620
36801
23046
11156
961
34187
35365
10935
18484
32735
26338
9713
257
8071
25658
2570
9834
24478
22593
16002
14585
27299
13134
23157
33289
37733
28521
29585
26518
6497
30441
35771
9489
39034
34263
29894
10851
26243
32738
34175
704
35169
24026
6646
18163
593
25219
27987
34311
14339
13569
13396
30856
10621
15169
17872
26713
13655
16071
25491
36901
180
8193
8002
5900
25008
37489
25962
17564
2037
10179
18761
14398
29350
20949
8616
25290
2572
1531
29715
36785
21111
3562
12493
30209
2662
36067
31600
37058
34951
39114
33784
1304
38589
25142
19926
32349
22057
3046
18588
11698
24333
9546
2021
17390
33151
29432
3828
7166
803
33844
21220
25359
10403
10570
38709
23920
2597
32332
13639
7869
5265
30319
3778
3643
12534
22846
29228
14038
3064
2835
4851
7847
870
2691
2202
14682
7453
31026
25573
2174
11410
34198
24710
6228
27520
17694
36278
743
33118
20469
19164
37338
8824
34073
4122
32410
13272
21644
13919
35573
230
24988
19511
38012
12649
25345
6300
33481
5374
33195
33053
30747
25153
25140
36174
32892
22253
1810
3436
5657
17481
6449
14504
37955
29870
30346
16848
26083
30109
28149
20217
10952
5327
20748
1240
36158
23564
26668
38539
5830
23250
31652
11397
30210
1948
30599
37229
23288
27661
31619
14082
11006
14101
9696
23829
9308
18766
25467
29510
24392
29361
14931
10263
27809
8190
3581
7412
18756
19947
22649
5968
24123
35629
17036
19194
975
24714
22819
13777
3374
18879
8138
31110
11482
31193
13636
6895
21074
13543
19368
19863
37568
36492
34632
19508
31814
6548
5366
22530
36735
11295
35221
16798
4060
38867
31154
19067
33829
20968
5679
27449
6533
2880
4288
20992
34559
36804
898
26001
37595
29211
29396
8536
38971
14164
2870
6840
30099
29716
21657
2145
127
566
22789
12597
31807
25041
29052
15188
33471
21879
34462
1096
20407
27252
21848
24312
34967
7949
8872
12667
12264
14145
19969
23536
19209
24455
15629
18789
12513
6492
30298
35965
25209
454
36096
2030
35153
11622
7907
14230
25724
31800
30898
26930
4339
25916
34372
31465
18613
34960
22231
11416
2381
2777
27636
5555
37351
13816
30476
1258
4564
29442
17525
35162
13225
26088
27281
30306
24046
29948
20242
10771
5730
19483
37095
3035
29847
27786
38919
32688
12760
25177
27672
31443
25414
17691
30969
29971
11919
10137
35188
22149
37352
30304
26210
19396
36522
36713
12801
36685
21865
25733
39013
28702
3107
18976
3627
25625
37455
4475
20367
4070
28160
8357
8891
16295
24119
34749
30875
26734
17541
13773
2803
37373
25953
20306
1520
19011
1476
28539
8723
35831
37660
17881
31569
10398
8778
32942
20135
14898
21398
6635
16279
21306
37473
12167
1409
2043
13409
10956
30979
20284
38185
19193
34103
21721
20234
16708
30191
35220
32572
37557
35660
24009
6695
37237
20194
20601
4023
35201
19046
12216
262
22591
6963
16159
19898
16611
26418
8634
33384
8889
5349
32307
31860
28297
4738
28407
27516
16091
20943
15860
28217
5645
30661
20484
17325
23120
33093
23393
15752
11676
10193
18371
23813
11854
16834
31279
7072
9540
2179
31231
15865
8056
18953
21068
26403
29140
9267
3434
15720
16201
28069
38883
6090
36115
9684
28322
4471
34226
13943
606
8630
30051
32171
7465
8037
34336
15548
16905
26875
10194
30122
13269
32159
11383
36994
34005
19881
36157
36825
4737
11293
6240
32837
29882
14035
34948
24712
20405
1737
24469
27571
38450
3487
6162
36370
29190
37644
37253
33412
34629
25726
30041
37916
20336
15060
32751
15932
4714
33205
10883
27719
2563
27578
25718
14479
10848
22597
383
11579
29682
23859
20013
15263
15603
28977
13005
25095
12920
14521
5790
11357
5318
28660
6035
35163
33940
28648
11755
32542
12918
35114
21462
19239
23397
3178
19620
21595
23340
19415
38181
38582
16826
29236
8671
25025
24845
38707
18263
5676
35619
17738
35199
219
38449
14853
29421
9494
36251
22673
20867
36926
22443
8696
32151
20577
9254
21703
22431
23690
26080
13656
10235
5354
10128
35066
29922
20593
38117
37494
23545
33815
4073
32109
10098
2149
28985
4847
20672
16229
28751
22252
27984
1801
34915
7309
19420
22516
26221
38623
8320
12285
30695
29032
33134
1828
11159
37589
12106
15134
1994
37367
29617
5998
36694
4397
36330
21856
27370
24398
10039
21619
5160
20736
23440
15094
35173
3034
1223
23391
3848
6514
9875
32466
778
30548
26206
15062
32978
32168
15900
5252
13847
17464
35120
30084
27694
12282
10330
36388
10419
13358
12184
14249
4887
4249
5159
12623
6082
16944
30774
34076
37819
26882
7614
36071
3397
9505
19054
101
2923
2081
6304
7024
12052
38732
8914
32615
18564
33525
15501
33494
31500
4734
8301
14226
9200
19288
4678
9705
20328
34215
32305
24870
32002
8100
14830
36705
22840
30874
17153
35796
17719
5951
10230
8664
12494
15499
6629
19290
6322
7197
23475
22445
22051
3102
23772
7492
33530
38169
21379
2475
27166
31024
19642
16215
10392
17968
8586
10623
20005
934
31974
9557
18332
6121
10633
7464
37209
23808
28393
39113
19400
5103
3719
15600
20492
25376
11256
22356
20422
12223
15554
1697
38043
18039
11555
31680
7117
15384
28800
14716
27002
33672
27122
32365
24008
27572
28685
28870
11214
33189
921
36802
16331
7162
6923
36306
38414
10705
27263
18146
980
15091
32491
15194
8360
9365
22016
24069
15104
6879
36692
26520
8896
9466
19547
18252
493
17678
37901
19903
12361
28308
24122
25771
2247
38357
20824
26709
26517
17394
10257
16441
18762
27846
32706
1761
11878
21393
881
20884
36695
30834
28398
29376
33077
17440
22083
8385
21479
25811
19140
23284
32532
588
32285
26421
3914
22284
31471
29742
8203
1084
36920
6762
10249
25391
10594
22533
17254
2787
29696
12376
35849
37147
3964
17565
16273
24313
37996
1805
37958
9194
20211
15444
2594
12588
9410
34528
35417
23063
5594
33386
24027
26993
9354
36311
4980
18887
22817
20679
33973
29183
13802
14622
168
9633
24556
30073
19096
10595
19185
11983
16669
13476
32127
29750
37096
31721
35119
17222
34593
25772
21514
15127
35956
37141
37256
14355
22646
893
25387
33154
29363
15989
33671
6402
1940
27062
9434
30937
12051
34319
10160
9088
13427
29798
3192
6434
17413
34947
19182
5500
36394
20178
31941
3394
36218
28861
11681
8009
29848
9832
8331
29087
18797
12242
10756
35825
7544
27764
37354
38827
7457
25647
13565
1268
16993
22880
34753
27009
11849
12728
21931
29095
34573
22444
11787
19075
20071
32768
13903
8088
33884
11183
35673
16471
3032
28944
36463
36147
5857
32982
23251
18651
20230
16079
5878
35844
24972
9176
37407
16376
9528
9687
23971
26984
22599
2439
26686
11751
6385
37974
23466
30740
9535
22664
19179
10456
33508
38077
16996
16484
31513
9651
36654
23172
15257
18213
17922
10166
16569
38865
12126
24991
32934
14872
34189
25516
30653
37405
29912
11478
28048
416
17544
20668
17245
2816
10381
23840
31732
11978
20749
24047
30221
38574
12098
12552
4732
33405
34941
20255
36508
38838
26917
15856
7696
21983
9456
19961
12319
26475
18311
2547
9418
9496
15589
37423
37941
27416
10245
27472
11129
32021
23700
30751
33775
24003
12053
6167
31180
14443
20763
29026
8774
9361
25088
1701
30872
36959
9077
22099
2113
14244
21985
7238
17670
17951
18523
22456
781
22930
13835
23079
37582
25466
10195
14660
20934
7990
8501
9044
1896
10945
29528
26104
30231
20785
29787
14420
7004
332
38205
1407
14767
9918
33499
11018
815
34989
37078
17463
2026
25540
12448
27209
4459
37421
14520
32663
14049
25672
37924
1782
603
6773
22132
34352
9208
34051
28698
19939
9694
25321
19536
20623
26449
10841
9283
9933
23841
20511
6685
35729
31561
35352
24952
29182
9652
16005
21258
25896
11680
21031
3872
28033
22187
2377
17620
27993
19440
4342
18307
35768
34933
18615
13154
13075
28933
19351
35899
1939
35202
31842
23198
7701
24499
18833
2379
5090
9545
12271
24263
37722
20467
27223
11036
37981
25183
6372
9600
30120
25130
7978
11415
10192
7237
3412
14923
19118
7083
14528
17557
8118
23991
27653
15978
23667
32826
10516
28511
14194
36245
15325
4319
35937
31133
36294
34522
32236
28877
23039
27814
417
3403
19153
33302
13952
29861
36200
29054
8140
27052
10810
28256
22769
10972
10067
4436
29945
32943
7655
4043
3978
12868
3655
27817
32536
14305
1626
22608
17351
9438
35016
38532
38001
27931
17705
2464
1110
15102
24806
5557
7013
8767
3078
2028
24067
38905
14955
38750
33942
26021
22642
618
24980
6053
36942
9232
31171
31361
13450
30154
18281
15078
22017
37057
13846
165
9509
23315
32001
10397
862
22117
14766
21710
20970
36135
20080
35317
20474
14391
14801
6444
19359
23964
1496
5347
19717
20081
33432
28920
35997
6759
30139
9284
3219
12808
10937
4885
25681
1773
10084
25315
22501
27025
12383
34293
3659
340
27833
24152
36504
9389
3855
17831
3743
6261
33881
4529
35004
25125
32634
13910
9276
18072
15847
15861
16160
1918
19386
26122
38684
14548
8412
463
37856
14783
5511
30145
18596
2618
21483
38621
12300
11927
25829
13059
31579
28875
37181
19612
22404
4999
7413
38478
31099
11465
3458
63
6719
6779
37318
35504
15669
24000
26600
23478
10025
376
6860
8835
15027
27257
16752
26691
11024
21128
15077
808
33479
17476
28584
26868
2011
20579
7958
23175
2373
27105
14011
14752
23089
13065
12835
23876
25194
22421
248
23732
24084
16785
19928
9701
24681
21148
30643
8771
12717
5469
6865
21006
32042
35359
24107
4713
7039
30770
12192
3993
35723
19408
33085
16671
8121
35196
37938
7609
3619
22490
28998
15244
12800
26994
34809
18330
30181
36749
33801
35452
8598
15439
33733
38155
6461
9339
14225
10455
11778
30456
1381
35406
33275
29210
23945
12436
25906
7866
35584
26033
7982
8993
26749
7028
31457
31930
28538
25353
1090
3895
3840
9394
39039
22108
6763
15052
26833
1342
37353
8871
26827
25300
679
12066
31973
22808
34419
35501
2654
9620
9803
38366
351
27796
6307
36648
33978
7056
36439
37999
5482
12004
9263
13000
828
13554
21511
39050
25393
26896
379
35231
36615
2512
12532
31138
19047
27949
34512
27187
16354
21860
31927
85
30477
23472
37317
34558
33335
5305
5256
38215
13671
11584
15342
4893
7012
8142
33028
12766
28460
20208
15666
1334
6096
36116
31416
801
7079
39066
30299
17958
1792
19433
4731
30567
15849
29475
26957
6200
18888
13527
1211
6678
28380
36764
34805
3966
29118
15423
28674
35667
13411
33360
19531
22665
34270
11996
20099
11264
25249
34022
7444
26706
36421
39015
6164
20433
37010
10318
32011
36451
18492
11530
36970
6104
9143
31393
11904
7861
27110
19654
27156
19641
26289
22366
35877
19546
9113
12809
17208
11315
33932
343
8508
14884
29221
16010
37498
12566
36161
27054
35775
2574
32745
5795
35467
25273
1204
6509
34563
21353
20043
31524
20102
23056
6133
16191
32180
12758
7195
32066
7722
30327
33906
23278
18400
30863
34810
27778
34277
34990
22848
36601
4845
23035
33218
15850
37064
1855
9368
8445
17757
10119
24070
10931
7104
25676
18202
15541
17924
30102
36731
26537
3726
36904
17905
11294
2666
3824
24471
19382
16976
28463
8971
32548
16988
1116
21229
21162
5484
1875
35918
26258
25770
17335
4805
18250
949
22774
9453
15478
10903
5590
30088
16203
23414
15671
26242
3903
17750
17433
19416
20251
14245
4755
35379
5206
20007
32913
11502
34614
19000
35047
38625
29854
29737
33170
28247
6698
9577
1985
34893
23531
22418
238
8393
804
26385
409
1590
5220
10792
38946
9149
35402
26843
4036
25965
27336
28167
703
28632
37150
7585
5881
5467
27248
33542
23793
6705
30780
33325
35757
33968
28957
7719
12745
37530
23040
9551
32015
23016
36061
14571
2280
8713
2501
24486
27592
39022
28187
15520
36192
24049
24798
9887
33680
29364
29569
23346
31924
30420
34397
16402
15562
20907
21586
18211
22674
27028
32708
31768
14427
31137
38922
37291
20605
28409
31797
26227
19334
12170
13484
30493
11935
12914
19637
36410
32023
17242
8290
27794
27563
12838
38378
32515
17973
27981
34932
2059
3861
4736
11664
28729
10410
2304
10879
2428
38566
7522
19268
38897
12733
39095
3688
22891
29649
27424
38499
36312
2275
27050
36440
20730
21706
33730
29300
21439
19172
19039
39043
3181
29806
38630
20062
25325
17833
14229
20298
17361
12177
37426
1717
33270
33204
8168
38079
5224
10529
11918
18026
1659
10571
38724
14633
24423
30437
13089
23584
20032
26543
28207
26514
21525
16442
10013
36487
25133
7583
6
20879
9021
11407
34665
2488
1621
20037
4259
1104
6868
1883
35740
18938
9862
761
18495
26548
34176
20107
7745
3774
11411
29176
38440
16524
11230
34836
35914
28221
775
29066
2701
23877
20423
17032
25112
13950
11318
24743
35125
29957
6619
34370
9273
35842
11202
3808
36831
17237
15717
27335
1152
33557
1160
34010
37673
21610
26047
13494
29284
35190
30977
32008
35987
24589
31565
20702
29499
15150
13746
17798
39042
18122
17244
32691
32268
23103
31686
37451
2762
233
7546
8402
27010
27199
27791
16556
37092
9555
32530
19521
13158
31637
21167
3546
20371
21672
27976
6925
24363
21855
33298
11174
29463
30315
33902
12721
24774
31934
3359
1451
24632
14480
1968
10598
21118
35224
19411
29069
32431
18111
3399
12254
4930
19258
9010
30125
2055
25960
15412
3083
29147
32955
2823
32226
32900
11750
23933
5690
390
4170
20842
25961
21518
35747
33795
7364
13095
8728
8312
28579
1080
16176
22077
19195
76
27582
19544
15550
25721
4439
24099
16070
594
31722
21054
4083
25132
11609
38002
7351
26272
16624
37069
27792
36442
11399
19338
22735
10454
12694
28251
38072
22836
18147
17256
17568
27892
10696
38845
5397
27500
29339
13026
19807
10805
30763
20640
21063
21782
7380
2342
18680
21818
24
8496
33607
34453
38146
13043
10799
13329
37744
29845
907
37420
6430
14036
33683
13782
23269
23376
11696
29489
37937
13313
8751
29956
9808
28761
26485
38477
35993
27669
23149
25518
954
24581
1358
30843
38948
29156
30454
12850
31038
36677
10409
30644
27595
33586
22838
19467
25297
12485
8404
30158
26070
9136
20833
24441
25529
25423
11374
4559
19157
8959
6203
34534
4721
15015
8112
6947
28058
33092
20612
11023
38527
7938
15844
35718
24125
4526
30890
15232
1593
18970
10412
23926
34166
24359
15568
8026
36031
27214
29965
37026
13270
23806
7912
27639
10344
9226
20295
14539
8242
9376
34337
5289
2407
26574
27165
16469
6310
18709
2422
39090
13681
12932
4000
15815
24803
35626
35252
2688
4688
6749
9163
19145
16011
17547
10706
23110
527
23026
18948
4539
23969
9175
16034
27597
14402
33967
12451
12626
20547
28659
15683
12690
6582
32343
22883
35558
14564
23737
13445
9852
35230
22045
2784
35236
15539
27524
36098
8907
27379
35752
10200
34940
11344
33341
16425
2296
453
6517
8517
4604
352
26490
21332
27036
7589
14661
2731
21984
13434
14133
237
6268
28732
24299
6866
4133
4186
38482
24797
16877
23494
6931
18119
19466
6536
33216
25866
27851
4671
20117
1123
5359
34454
32039
19482
34902
30029
33604
14289
18171
37983
37986
19093
21292
33788
8248
35161
9554
34676
24538
8698
12045
38154
34887
11877
3753
15947
9414
3418
24116
956
22668
22188
21857
4119
17866
27350
29384
33337
9734
3446
30480
19662
12499
14623
13244
13320
836
5443
23498
5970
11257
27435
32576
2408
35003
16794
19980
15299
11895
17795
33393
1176
7640
34637
30910
6957
8927
25392
6250
34441
3555
14102
14369
23604
27574
1523
3395
37501
16492
16365
34704
6974
37503
4352
23704
2490
36291
19737
10427
18118
18518
4178
29846
28596
5847
8791
16767
21963
33885
27440
10201
12906
2285
14351
17631
75
12287
848
25445
28851
29544
16654
2972
26471
18540
10775
17608
28647
24817
31183
21799
31426
13688
21859
33088
32411
32681
574
1146
14940
37606
17215
9986
34645
9094
7498
37478
25956
7433
11406
16746
10465
33660
4565
34081
18342
13299
35160
28042
10814
26393
28222
17906
35969
31640
5841
24134
36254
24080
20926
26017
16903
16710
28483
6150
31931
38754
34036
14563
37297
17625
5264
16815
3251
25527
30273
15025
12805
29136
12338
20834
11516
33411
8155
8826
2669
2298
14020
14425
26096
15775
19349
33758
21171
4468
8779
20722
5478
3676
30778
30624
4791
5097
1909
12892
21965
38798
38634
22760
1738
2774
16929
5008
21154
19703
17920
1018
32318
4353
9431
36683
24966
10926
4035
11582
19535
18031
14965
25056
29928
27926
25678
5236
11124
31295
4389
14144
38106
26816
28076
25597
14604
30345
32591
38591
21058
6470
30446
15448
27717
8726
7432
3041
3696
36431
12042
1098
38982
28439
18264
23644
33855
38806
5901
35068
377
29996
299
22305
10190
2856
11953
31441
5009
24511
30113
18032
32436
15749
29308
12948
18085
15507
22874
34907
30479
21624
10149
38986
2689
19954
9051
15543
34973
9323
34031
4433
25667
15606
11857
16369
8464
6495
36760
16839
2158
13015
35032
10332
5486
18961
23350
21519
12560
6748
5621
21370
20126
27999
25612
20843
21106
13502
17596
9677
13686
28081
23832
34063
33133
6011
34094
22641
9812
28377
10154
14031
28711
34123
23874
6836
33643
21046
12641
25386
25594
35446
1602
18354
27032
13844
36673
33791
19283
9449
9192
2796
23323
31495
4510
15355
20916
2917
11190
21121
6714
12504
17840
22751
33793
31275
874
9404
16595
9406
13582
24370
19158
16506
33990
322
29622
24711
23695
25900
38322
24272
18918
22750
1040
15184
24554
7643
34306
1343
24397
18215
18256
16979
32291
26712
16150
37952
8231
10674
37108
3979
5773
8817
6910
30352
6848
7402
30410
36029
615
24513
29230
33484
26764
25248
35414
4710
34823
30387
29874
23015
17971
14177
18827
5491
30383
22663
14950
3513
31474
29681
34197
33712
29760
5834
10923
28820
9151
333
29593
468
256
14201
29553
21677
35670
11816
35516
25580
16437
28417
2185
8356
25910
17016
17484
1335
30342
35300
24569
8718
7010
1735
14533
11241
20828
849
11092
36212
34966
37111
16592
37446
19301
26903
7407
13458
34954
502
29735
37242
29202
34119
464
28388
18676
2452
13922
19962
12798
4355
24753
11528
26922
18639
27470
38554
10147
31827
1295
30286
23753
15980
9952
28070
6149
31345
3539
30929
6403
16172
5625
19112
12402
4775
27104
16449
19087
33927
9166
25999
30597
11012
34362
35307
34639
30681
29094
22729
21635
9292
37789
24156
34361
29378
29375
36659
10873
9807
22224
22929
945
2561
31858
12887
32629
5839
899
35754
2603
9056
31144
15840
20235
14113
32488
9150
32519
26275
8398
30370
35651
20963
21676
35104
24572
27216
35625
2621
30949
16977
23583
13912
5685
27686
24950
6396
19490
25186
19674
18304
13843
22312
36095
8336
8859
25589
1072
30432
32334
23771
35037
28622
33242
7218
7341
4849
15270
38485
28823
32284
25591
23481
22471
21913
30124
8379
27322
21181
30236
30514
14148
32867
14526
3221
11172
31050
24452
16967
12013
33015
31351
19827
32340
34655
36795
37749
16605
28232
26565
28317
29519
11210
24558
29538
38007
24214
23714
9612
36738
3147
8902
34407
38758
8004
3727
8957
29689
34329
26230
35377
27288
25840
25085
28750
14099
37704
38950
393
17825
34790
24886
32429
36871
9079
419
9380
2437
21668
37700
9688
6821
16342
2227
30565
7771
12615
20338
32405
38984
11814
5254
17386
17864
26587
17028
17469
8307
34772
30657
3277
1403
11308
3818
20804
39032
27835
34472
35262
3684
840
12698
39056
25461
28175
21973
4812
29170
29813
7112
7942
29439
11652
37852
8568
21192
36520
10660
10686
32158
13602
38372
35345
13247
30464
3398
36384
33013
714
12005
25969
35798
9327
25032
11585
25715
12645
22458
19192
28011
11393
23097
823
25162
22497
8836
27868
33179
9759
34219
26141
32685
2541
12275
35510
12622
9379
27453
16489
11638
21666
38819
2529
36891
32335
1849
5522
35086
34304
5844
17050
11093
21191
27139
36540
28657
37805
3955
14739
31124
35028
31769
6709
2657
15327
12630
24237
22020
37817
33442
15908
20315
32561
20393
11045
36037
25009
6328
26198
1686
11807
38723
12133
5389
29185
37834
20003
31028
15763
20649
2282
850
2516
5533
8806
12567
13045
37926
13881
3984
16450
19602
21939
16038
28009
18825
18002
39026
24480
27253
34203
17734
13261
19281
10858
18164
4801
10592
18988
4699
36222
30180
23940
29732
35319
10349
21302
33505
4554
26832
9468
23720
11786
29777
385
29395
23748
6094
33510
12553
37201
36625
7470
19421
7878
19479
26801
32788
32822
7551
11775
29304
5231
29352
27905
20016
6854
35444
12580
5123
39098
26133
2478
5838
27386
28746
21929
3354
18038
34339
21447
17143
28859
28159
1184
16570
13252
10675
26399
38575
7554
20708
2557
12119
26626
27191
13316
27834
683
10545
16754
39073
23711
18869
27681
34404
4700
25971
28188
12699
15380
6018
30641
37434
11152
6637
12583
34286
64
2027
28910
16818
1450
31844
4522
3109
34138
21823
25704
27021
19995
32633
12123
18863
35329
2964
20516
37642
1884
23423
19081
27087
4673
8186
31274
3006
23211
30725
10386
28355
31778
12507
23528
31810
23878
268
8782
6839
1408
13916
13342
7975
7916
28958
20597
32485
20888
22040
9277
15542
10964
16183
21275
27293
30627
14523
20477
28135
18628
15340
12609
2484
38399
14573
9840
27491
24413
27857
341
23196
32379
27829
29287
32716
15006
16674
1015
16047
10689
34409
640
4686
33027
28885
24769
23108
16096
12739
16995
3457
4538
14598
38920
21868
16138
35936
18940
7521
29809
27511
11368
22638
22061
13855
17129
23752
33095
31893
16455
17293
9558
27985
32200
13645
1584
7243
15803
9815
36105
6494
37438
8421
20787
9042
21733
28892
24906
188
14403
6522
8799
8976
6696
10875
20055
36284
3992
19802
37950
6478
19327
7143
33684
15704
7553
9973
2477
2994
5551
12018
20561
12867
7180
32377
36558
20390
20372
17666
17774
538
13143
35198
29507
16162
33140
22164
27886
479
26292
6183
16461
16417
28863
22504
18823
17532
6083
16003
36178
13546
38929
20502
27953
19443
35764
30909
26846
3177
28575
7988
33137
22114
28173
2244
33224
29907
37917
21326
9559
28964
14905
29616
25161
24231
37364
15272
35442
28592
6187
15185
28143
29101
22592
22866
26201
5808
22439
29815
6742
10642
14203
7798
29512
17790
24488
28055
10277
4026
4338
16213
4400
13619
1804
25390
8810
16457
31914
27813
36466
19780
1016
4369
38176
18677
7496
5381
1809
33453
25641
579
17250
9771
29068
883
34671
34032
18545
20567
24553
8128
6922
11905
39053
19044
19211
26849
8375
38149
31111
7346
4276
29070
1452
17273
11297
7639
8136
32456
39109
9985
14124
24627
29943
2542
14569
18892
14333
26924
14945
31922
20047
329
19053
29231
21951
19781
12364
2704
9689
34415
15742
2509
32646
19331
12240
14175
4020
99
29480
28520
26419
18109
26576
28779
26031
20868
11360
29191
7367
8645
27900
1043
33390
9702
27008
22221
24946
10769
22716
14732
25699
306
6447
942
159
18551
32521
5815
27083
27148
22460
1527
12703
29464
31476
28757
6457
32854
20797
32438
26730
22131
28962
24464
19752
10537
13031
33128
5945
9475
28447
30052
16068
18586
31056
30496
38010
17308
1067
35811
916
6091
4032
938
32303
9582
24258
16380
32421
19265
1563
21516
34839
28793
21059
641
38783
1255
30467
18876
10760
7489
19500
1702
4581
24353
4250
25081
19922
38513
23061
13612
10759
26790
3613
3519
17431
14126
10114
9995
17343
18105
31325
3938
19004
28817
29083
11114
16522
32871
17874
24252
34570
8577
39072
7375
13634
29022
20466
4759
14764
11621
36239
19202
38465
9274
18893
11450
14986
3889
38526
36381
7904
14751
11860
2311
625
32566
13876
10982
19355
23982
19302
7429
2302
33039
9880
14409
29486
1829
38620
24168
37184
34379
18814
23935
565
24537
26034
1695
18793
32044
38980
38616
2582
14561
6950
29745
29601
5196
9479
26271
6119
27983
11108
23539
22691
34712
12741
20
35124
36590
26341
29761
23757
5082
22116
19577
19248
37370
37772
116
14804
38451
25914
14535
19718
34623
29780
20962
9709
16662
1548
5050
7297
321
1615
27757
11381
29203
19584
7996
21575
32246
23986
4118
2248
15142
27041
84
30050
30066
24007
4092
34503
23948
13966
27201
13979
34207
23460
19558
30646
3544
33193
18199
10422
36416
26867
28245
317
33627
14741
9371
29982
26740
27084
13256
5958
5571
1786
28400
20688
28268
3886
35010
32660
34611
3058
38474
9960
1562
23591
35170
26489
8103
17641
35680
17639
27852
23274
12628
13481
3920
7674
24907
7019
24466
2470
2190
18284
7815
18936
16906
4501
21680
38522
27276
12832
24412
10011
36470
34158
11504
18787
36412
1017
5950
34998
13483
24540
6764
21574
13399
34133
14322
7487
1020
16021
19499
24922
7458
2261
13288
19590
10364
18443
35059
16666
33079
3262
25572
14334
118
26787
7775
11700
15305
20618
28544
36636
8620
22748
30150
1959
24065
5961
23073
28966
11490
29398
37173
34457
9971
4631
24350
31730
26873
29086
3738
14605
8054
2150
18398
35727
15359
7377
26933
37844
28106
36434
28514
3534
8358
32213
4425
12457
28052
22669
7049
1137
2638
39033
19525
9842
8594
23354
12316
2040
14540
15645
18662
14161
34909
20760
1161
20609
38145
32126
25229
15002
33397
30429
34545
27394
27417
797
35354
37928
20256
9930
9340
9667
17364
22242
12063
17999
16086
249
35686
6781
15766
9191
4080
9183
26118
38074
35822
3983
1591
34115
26805
36430
17493
6049
5753
23823
6564
12140
19366
22940
2953
30556
6806
38894
7070
14852
17471
4990
1636
37502
4854
11116
23402
30189
24219
22637
22206
24957
22246
26228
34463
4422
19488
18169
13289
37791
16775
33029
4411
30369
5743
23905
31669
18445
795
21060
3509
8669
7340
18415
3313
16946
5733
17051
23008
37486
24944
26248
10655
27153
23790
14415
26927
7224
5772
34832
26360
20803
11547
6498
36698
17278
31237
19207
11659
25853
28092
19655
6278
19429
1132
37419
11879
33948
24955
20990
24361
33964
3755
31873
5952
38535
28915
36444
27816
32664
28095
22144
3499
21048
6894
32060
34838
34020
31463
34259
4639
36499
18882
34725
30640
21260
194
23510
30008
4633
14198
5946
38286
15175
27517
34381
32300
7966
776
269
31685
16956
38352
14485
32597
33649
12212
26019
6926
17323
18447
7139
4399
32568
34524
8094
33125
30773
29862
7493
27552
23137
15647
17915
1555
35803
5057
3905
18548
27603
2236
541
22303
34440
21458
11371
21664
34664
1099
17962
25635
29995
22143
6511
29709
21671
6615
1958
30750
13921
17817
22902
16345
13229
7569
24448
1405
287
5583
19055
20078
27011
25150
32444
38242
5331
8909
24971
36454
16144
10906
1776
37759
37130
28834
14477
11106
30006
36619
30932
2977
373
13992
7789
27170
6674
31802
28748
1708
11496
12414
28769
11476
27619
30917
14669
27845
1850
13160
37877
32019
20154
36457
37753
25476
15255
24280
1402
30293
11237
22466
32784
24650
13891
8967
4273
8601
14508
9547
36500
2128
13520
14447
28067
14208
24996
22273
36900
37125
18664
26604
18569
18655
16288
25362
8579
33818
11274
18271
32489
18740
12132
22413
16968
173
37618
8720
32704
14713
21104
32940
31209
31052
25984
18480
30282
36114
10681
20351
31377
33770
18442
14640
13841
38885
5963
21940
14107
18750
28615
13724
4709
23459
17000
27193
38901
35582
34711
21785
24380
5427
3947
35512
1328
413
10287
3027
36360
11309
27035
37769
21384
24057
31239
12973
29108
22448
2130
27700
18382
23208
24388
19811
38543
29260
27576
21974
16129
10942
17793
16563
37602
21881
232
15878
3122
19873
24717
15498
31834
7337
30358
28334
27016
35416
25722
3700
35578
38493
7645
11347
38728
1750
7618
14472
16930
32760
25948
13723
888
32717
10897
12985
12182
36153
38167
15051
4062
31466
19476
25151
34980
36655
100
28353
