14749
36116
8725
4990
5147
38461
29181
37388
16700
6478
14257
18759
27192
28011
19148
4411
23872
17425
12945
13164
19615
13912
24580
28332
20283
27599
4094
11478
29110
30923
31370
3976
30754
21279
30617
15567
35118
31103
33952
7662
7553
17962
20920
25694
11804
63
30647
12438
29233
13296
38633
7595
12076
28186
38859
8590
19959
19266
32092
29186
33455
38463
9843
24841
36867
19467
2262
13117
20323
13981
33263
15214
18579
29191
7198
13370
24661
36218
26429
10259
19809
21442
1747
4329
433
27408
21384
8064
5336
24913
8007
10505
30705
8388
8092
22901
13476
8301
9205
22833
13227
26111
31915
5542
27572
19017
6106
26966
15896
21578
21552
38045
16539
13598
20013
22684
32129
20647
17948
22712
37899
8033
10005
21646
21859
22882
16500
13490
16048
2125
8620
11752
8483
10382
3457
12098
26402
8610
11348
17759
22109
9726
38186
25992
8480
16180
8242
29460
34683
36726
19877
14932
12300
2602
31987
33794
27405
12658
1292
26309
31179
5922
24089
12913
37439
3765
27237
13151
9723
32917
37664
4069
1874
35538
14965
36356
16668
2840
29717
38376
36960
16986
22991
6213
30699
12104
11167
8759
30973
2756
32991
19519
28886
15723
6257
29217
21726
23048
978
33931
37137
35885
20253
38192
33017
11700
4117
4237
27598
11584
33778
8136
6594
28487
30327
8203
35801
15443
4146
18117
5725
37034
7954
11079
20728
23981
25018
35291
28216
2393
25774
23080
35593
19066
9514
10190
2638
38022
2078
7980
22253
35057
29804
29119
19497
458
8716
8857
1990
17117
7981
2453
33726
6074
3936
6473
30159
22578
5276
37005
2381
36699
491
20246
28939
38119
3052
37995
35927
8545
16656
32622
10640
4978
32870
12778
21666
29930
35797
36188
19159
6664
31488
32337
30016
36799
30184
27207
12073
18330
23904
24258
26654
7428
25950
34566
23621
22269
16452
15982
1575
9949
33468
29799
8920
28394
10179
4164
20143
22516
7063
8188
1961
8642
12619
1726
38445
28538
6926
8285
8516
7163
34150
35875
26565
35900
13176
37533
13428
29354
17747
32732
34346
33744
23269
14364
2654
32041
24466
35645
1510
34011
29878
8071
9500
21595
8428
2525
31538
1254
27756
20761
24029
27954
33276
27024
33430
17066
11173
32047
5412
38977
13500
33645
763
19053
28601
34522
38905
30199
24591
3416
35363
13180
37436
9252
4702
20261
3853
36439
4110
11168
2442
26932
17573
5545
15153
1161
5819
22514
14484
2333
21419
6659
33092
7162
17168
3109
1112
7871
38400
33162
17389
2438
23053
28984
6892
37237
32983
30710
26015
32968
19729
16238
34580
3654
9677
35970
36015
36084
23032
14669
28985
19372
33307
14186
6403
34684
35795
38574
34120
34801
31685
23709
32338
13588
22303
13203
6906
1564
34378
36842
31275
25599
14139
29673
11748
32726
33774
38254
32302
10140
39030
34418
32240
23832
38877
16034
5244
13136
26646
12439
31837
18625
20537
16633
30805
34170
23490
38372
20650
28560
9667
2892
24222
12910
11160
14960
34463
13089
33361
66
20543
14914
8441
19219
36014
646
36129
31549
24311
19447
36871
28259
30389
9961
5219
33136
19498
30149
27772
32551
15160
1099
29147
23546
1624
25849
4434
9968
7317
4976
34118
21710
23677
25642
23482
6112
274
27761
2279
4832
29195
27580
31619
14300
3286
9439
32929
19305
10263
32058
38215
5002
24085
24566
17990
20817
28228
11176
4476
3368
33028
18602
38330
16588
29140
33109
25722
30825
31143
32585
14073
8413
8528
1744
13041
18013
29908
32513
3533
15528
21003
29711
35924
27609
24393
15340
23716
29325
34739
779
11174
8722
3059
8420
697
5280
21425
39003
34124
33044
15868
31135
34514
37797
5731
35382
19354
22496
37928
19684
27381
29549
22374
27465
2956
18181
18691
10527
3312
5898
6806
38530
14626
3857
25971
38592
34371
35584
5633
12347
33453
32123
15595
6824
19065
26089
16169
38875
2132
35367
20644
27554
8652
352
28901
34734
38439
34654
31159
36278
16983
1648
1859
22868
24737
29860
17
11371
7913
28909
11692
32998
31100
23204
11076
5879
17347
19944
33937
30666
28775
9173
38813
14896
35372
35087
733
25107
17847
10954
22417
28577
3409
9962
12908
33547
30576
10458
18372
11112
29910
33704
9339
31572
1468
26793
2867
8796
9392
26072
26083
19051
18768
30762
36598
13314
19021
12105
32064
33004
2564
8700
16590
32164
8659
25016
8816
23847
7388
31317
10916
21755
34455
32298
25908
6048
4718
4259
12441
21221
36860
26097
8837
30607
2828
34897
28557
27697
2759
32242
11089
19121
23729
1437
20074
16382
35909
23402
19955
4125
3538
6176
26242
14638
26808
22730
12697
6208
12446
31642
24607
12364
23152
29448
308
7518
38010
30344
27489
25085
12804
1030
7076
3879
9846
10112
9348
7051
11880
11197
24776
36662
21746
13773
30374
30700
8792
28183
2799
31049
37472
32715
22487
32911
28543
6624
3877
28490
20623
7108
32709
31822
27046
471
4445
23730
2242
9107
28235
11093
23527
23243
17301
8109
1008
24804
16130
27737
24416
36732
27160
12405
6629
35605
5934
12840
31788
34189
13074
6801
13933
35670
13727
27550
6062
13811
11895
14260
5158
2743
29183
29316
26825
37092
22824
32851
38363
20355
30824
940
19714
8547
6465
7014
631
30660
15085
32030
6227
18395
6086
2193
25578
26100
36062
15387
37123
12043
6700
1930
7036
27358
20436
34097
34532
38634
23968
13667
28239
2474
13160
9460
24265
1081
19950
22282
34626
38024
8889
30512
22486
22562
26349
2443
1755
33087
5588
29326
13170
25824
19089
35865
3495
32418
20717
38721
32177
10698
24342
29055
16637
20602
35309
1568
26631
38502
17822
4821
1595
20641
6561
15356
154
36795
35853
1834
8418
2761
14869
28094
21661
15089
35119
19318
18418
1218
31536
33313
2147
20377
29853
31725
33064
2744
4709
27745
33431
23789
31204
30718
655
20670
36881
19400
19879
11434
13513
3619
32323
9419
36076
16977
23375
31592
21478
2340
7105
22085
5809
1483
23344
9714
382
9628
35054
2304
21227
13991
26666
34589
30527
9079
8137
11939
14948
15223
13121
26285
16863
34640
28198
8714
30663
20272
35589
16271
4484
15306
14124
18923
289
28781
15198
882
11666
20111
10283
8368
19966
7393
21803
34523
26659
810
997
7079
5267
1156
10623
1440
6345
12808
34087
12951
8724
17872
31512
4360
29315
29180
27964
1135
5468
2334
19173
26400
6410
38413
6073
36448
19657
13475
38855
37637
36627
35369
12797
6012
28623
31176
18209
2513
9840
4546
29946
36166
29496
8166
21961
15131
7787
3130
12297
9507
38409
27100
36275
27014
25163
24810
15959
22846
21630
3356
143
5621
4895
22338
6596
25468
16393
28146
34268
30645
24794
16322
10764
2180
27399
19448
22383
17612
3186
23109
9264
27790
26176
29993
6
21871
27076
1520
22034
21596
5466
26164
21022
10340
7891
10872
9190
13107
31894
15225
34941
24674
24142
36382
15164
20428
19131
25341
17703
2341
19136
29766
17554
13214
20615
35637
29344
17802
4652
27712
35723
3922
24945
33460
12460
351
29261
32969
18742
14720
17572
19224
30654
26561
20721
17052
23727
11945
22609
15137
6703
14321
31221
24088
17296
9954
1368
24316
9734
32231
7689
8294
36226
10835
27936
12579
18532
17594
19704
12161
16090
33610
16367
5341
24669
17681
37083
27176
36241
15258
9477
33725
23389
21111
3381
3695
11012
12036
11274
1348
38932
37673
33363
17395
23994
15805
4980
23303
39056
34005
10068
2178
28853
32657
15847
13663
24840
10869
340
22494
21060
25604
10896
10742
34484
30694
36547
25798
8533
38234
25061
31229
26449
29923
37783
29372
15814
7879
19964
16567
5150
35136
2949
7570
17426
33544
5386
1967
19994
36557
35112
28882
28376
31399
5029
2631
13413
31674
5126
17035
7652
11367
17484
4003
37181
23355
890
9982
16352
4268
38611
20212
15346
38806
18084
654
20134
10863
14464
25960
26386
11677
35405
36104
34762
9395
16523
31941
28569
18429
19019
1102
28475
9213
22659
30057
520
18452
15753
10231
2060
14666
19125
6860
462
37357
20063
19247
13420
33695
20484
24180
306
1132
1171
15904
30639
3254
17881
32180
6113
10452
20586
6131
29924
31257
23270
336
8890
23079
36619
6327
16505
7183
624
35269
11353
27415
25011
32713
9537
14402
6509
7149
12316
19075
6514
17652
31727
3378
11360
26217
16812
33250
28139
33472
4781
31850
24407
10736
12952
27051
17687
4269
11109
35252
29692
38536
9232
1403
30222
33334
13427
35231
3757
27809
23325
1477
9162
15675
30005
37155
31580
1818
20852
32228
34161
35689
33692
27393
34258
21254
11864
6051
15579
28992
13784
27310
28972
25641
19033
37412
4072
20114
26123
16919
9291
5682
13045
7598
9228
18470
20145
14753
13294
36717
26530
27185
17531
13163
14772
35350
20591
9080
26693
11172
1824
21187
3031
21160
5481
20313
24835
12440
20653
35105
1347
11532
28061
16695
9402
18892
33838
4221
33317
31268
29019
14593
155
16832
33329
625
7012
9473
12577
26353
900
24757
8938
28175
19449
11689
28086
1111
30349
6669
12212
22756
826
14798
31259
27468
2141
38322
35832
21787
12645
6286
3931
11881
32316
26938
22953
4517
7052
7296
22422
11732
20797
35936
8507
32597
36797
28863
34596
9601
232
2283
7298
3667
23221
1566
3939
24705
21819
32735
27426
7682
9387
1536
9608
36514
15545
8781
29541
2985
16826
22105
18647
8925
28803
29913
17885
10939
34274
33172
28999
3534
33519
28
28826
10523
5490
6296
6831
3641
35706
11540
5572
2996
18094
33000
31740
33492
6924
32210
10775
24392
16846
27283
38690
36573
19870
23187
10474
11761
34010
7106
33896
5811
34025
18935
25019
31643
8861
22715
29812
26533
15824
29246
24698
27807
24000
24012
34113
1143
1233
7756
2425
22371
10237
20956
23768
5301
17726
36238
19042
27348
38641
416
36671
30791
35825
13495
23942
31343
19078
33356
33191
19651
30470
261
30163
7977
19555
23265
22917
38928
14856
28319
21070
24133
32431
15851
36754
17570
21843
24813
29823
30166
11605
9575
475
14219
11526
34659
20202
14040
37872
29432
13051
6255
23058
22909
24584
745
14597
3937
30817
13327
37061
21091
5801
30564
20841
7524
19852
6037
5061
14197
23035
1850
25567
6978
12488
13666
24676
22098
38579
31250
1056
10692
17715
37107
11712
25096
37407
814
27094
33424
29451
37109
22523
8230
32845
25650
36125
18965
14163
17775
33673
36267
1206
23247
5771
38844
13766
13509
30406
21056
16305
22728
25235
3724
17771
17923
3347
16260
36389
1664
30513
8666
8687
28875
28578
18591
5586
36642
12314
12088
5890
13638
16965
26446
19626
29526
14522
17813
23095
20900
3784
26284
37426
1369
37461
22220
37748
1645
32575
8745
30590
7390
20957
38219
17669
1898
31982
24909
22468
16223
3808
38076
33119
38023
12127
29788
18617
21349
35290
22720
23491
27698
35464
30141
2126
23468
13482
34752
21849
8248
5738
6977
37667
12734
2111
6610
31874
26902
13297
23854
17230
25492
32693
17620
14038
5618
9920
26733
13076
13240
33497
1070
22125
4974
22118
21931
8356
30153
32692
23889
14773
16814
379
34993
6277
19938
13994
34833
38267
410
28663
173
38065
31868
20994
12044
5344
18999
28297
28491
4257
33301
15127
6625
19250
9970
18792
19508
35503
5652
946
30174
37534
36428
1775
13681
36373
6332
31442
38918
5058
18847
17875
6881
21760
36470
34494
26094
27091
13871
19961
14865
33916
19509
12602
21762
5568
32588
20547
30905
15897
35959
36540
37547
1943
33396
26959
22660
2925
38674
13023
17904
32603
33581
28026
31435
1802
28734
15135
33549
19342
37894
34646
15087
25254
28045
11891
27028
27105
1450
2802
7801
2323
33832
17008
21588
7271
9562
37038
23562
29260
9130
21524
2670
12521
34575
13777
2486
33894
14002
26671
36182
4833
33579
31553
20620
29680
8222
9347
35247
22207
14573
4447
11340
24126
27015
30744
9091
14421
5463
10029
2579
30631
15267
30299
11849
10705
4399
32635
2177
20293
31679
18693
7544
1812
6993
38134
35897
11949
35784
21152
9549
26534
10222
3668
28926
14541
32722
36749
4580
17349
26865
414
1757
25847
38914
16181
31038
20077
34104
21831
37470
29292
3265
6523
33282
20983
2646
22538
6883
34023
4137
15583
13452
29769
30803
1927
24954
4599
9353
672
2173
22453
9639
23225
6834
29228
8082
18786
35437
24654
13631
405
17535
4252
32776
1220
1452
14966
14455
2891
34583
27235
29727
28345
36742
38615
22377
16492
35333
33620
37680
38063
27888
19664
29357
3650
21515
2823
17892
27730
7774
20896
24604
36957
29007
22579
19389
5529
2924
240
35555
19223
32269
5483
5860
910
29105
35963
30532
33387
27701
7248
16521
4500
6324
27719
38334
18751
18692
30495
17958
25105
15200
33577
1590
19939
3770
3133
11045
3364
38422
25895
36158
38245
26903
28318
14668
15366
8247
10733
17029
28406
21255
30336
32762
30145
24081
5928
19995
19369
26142
4124
33461
15562
8497
11461
10129
20118
7881
27861
16431
6773
15051
11002
23898
3107
30612
33762
18831
2529
37115
27932
9389
39060
19837
33399
24623
9660
31472
36892
37808
29113
37614
13329
26280
32257
24666
11835
11795
36025
35142
26124
35300
13479
4350
16708
11308
19934
13620
23304
32448
35458
30106
26942
27891
5485
11768
32439
2618
5906
11604
22636
38784
10676
2481
14046
492
32816
36692
28218
27520
8416
3115
3980
19311
36138
16964
39074
17478
38539
269
28276
21469
21598
33170
8557
29078
12004
30385
26528
11789
29784
26182
7580
16351
9618
16016
2723
33285
6140
6805
6540
22145
36825
38335
26068
30510
36829
19286
5980
27662
28861
17709
32456
36107
21727
20107
10582
27086
10903
19936
29953
28197
38872
36924
4165
18886
35978
687
7690
8103
25715
24793
7485
11893
18643
31509
28483
35986
24931
15715
27674
17630
3836
7034
30387
6590
28118
31593
22415
10841
15754
27481
27016
6457
24437
3068
15136
36260
30542
16028
14775
27996
3251
7611
35428
31736
33502
16230
26169
20808
7238
28534
2608
27104
24574
6184
349
34235
22941
21856
33707
13905
38575
15371
36893
37165
34158
16713
24742
33490
20440
7510
27267
16906
9892
37170
34237
13048
3973
35999
21721
23825
29654
37917
25395
34312
1596
25547
28293
4614
16470
11085
14080
29501
8785
12770
5951
5351
21297
8411
12822
26742
38224
30131
8962
17144
5188
10973
30944
28807
32119
29705
28852
18816
12456
25942
25527
23126
16706
25753
14779
8419
36917
18879
28790
36891
24103
3883
12851
2464
8877
28155
15242
38613
15566
958
14054
26859
18003
11094
18950
31032
34466
35073
6660
35383
26882
30795
17984
14996
16985
18419
6521
30214
29184
23954
2176
20469
5335
14346
4099
21243
33606
32209
3546
26392
16869
12463
7243
1620
14811
23619
10918
7266
15113
33667
2917
16513
24888
36940
19758
32436
8631
8838
8754
18294
6291
22399
34989
33279
11785
31253
10330
10806
26686
27430
5491
14614
37956
9521
1923
19801
2639
26956
13149
15461
31490
24170
20600
12796
18271
4174
33641
37138
10969
30577
27269
19349
15665
20946
32786
5337
25865
38188
8227
18085
24899
19523
20073
26585
25375
3544
18232
14132
31902
25243
37476
24948
14776
36569
14008
16142
21033
23293
7897
9893
34852
28280
5426
23666
30540
9401
10399
32451
11825
20108
38694
6284
2035
19157
36528
37698
37709
17078
32237
5050
26678
500
17214
17336
8972
25676
34105
14249
6720
13529
22404
26851
27293
25568
2735
30701
5077
5689
22395
12583
20558
38393
25164
26615
30416
29951
17289
30375
27240
9279
34866
22245
26876
20071
23899
19315
27258
37553
1650
13641
6139
37149
20885
16404
360
31554
29753
8320
31494
30535
8389
25219
18077
7021
34862
17988
36515
1197
33040
9143
27270
13956
34155
6250
37563
11336
34117
17919
7174
34202
14007
29157
5213
5855
22743
19556
16777
38415
16952
33666
20026
9370
906
12885
25065
6127
6299
4248
8951
14358
16456
38700
24127
26340
20023
21204
36127
19757
5460
31762
34931
7363
2038
28791
23859
26848
8314
23119
37501
36503
36120
14670
31853
27245
27728
16251
7415
30885
32906
7656
15741
10271
16722
36099
3672
25759
27025
20412
10327
11717
32127
10560
30346
21202
20693
5671
4864
35663
8575
11022
12949
11414
27199
14326
6874
18610
33158
10154
24019
19360
15599
37596
38765
19337
23524
16707
25803
35371
36715
35430
34835
9267
37234
21274
18714
10073
19842
2326
10531
21112
5995
31436
14126
9780
36628
12265
15810
22598
9856
8853
8686
30493
19601
18056
13371
20399
30767
30966
18942
7942
15205
27369
8487
25637
36633
27941
31109
15991
36167
751
5390
8290
3225
5837
4338
101
6057
15692
14486
26735
7549
20588
10042
37094
18653
7675
37639
27121
37325
34451
23245
4107
2832
18458
21486
25275
38449
27555
31603
4900
3129
16421
21106
2555
22144
9068
20987
3804
37348
2120
30200
22667
27013
35708
33602
26263
8088
2772
31551
19787
34233
12806
16600
24547
28818
17323
1279
8957
34457
30202
8961
36694
28743
11709
23450
8572
20106
7340
6091
12404
36352
28150
37075
20472
26213
20704
15433
9605
13947
12489
25713
14770
5680
11134
24434
393
24084
24128
20443
23131
12310
20710
33247
34861
33189
17132
8403
28950
22161
13295
27694
8134
5171
10047
20871
22195
3759
18113
19034
737
7171
15189
6216
25570
29928
20707
31530
11097
15163
25512
15749
31770
24652
9708
1940
25487
969
26021
35849
6108
36590
5304
891
24439
13131
30172
4135
30064
6364
15738
10325
3353
13186
12732
780
13961
25127
2194
38043
6427
7156
11024
9404
10558
17012
34740
38175
15601
37210
32791
25783
31072
3968
38595
19109
32297
4457
22063
15245
31877
13626
26367
10515
29517
16464
24514
31246
28897
19518
3539
33638
1849
34410
2182
7094
11266
15105
35139
13496
1469
7636
32137
1145
38983
6110
34405
30555
10400
18588
28692
27329
15592
23135
5218
38271
32401
14033
9915
37670
20411
29012
3567
3532
34203
498
16344
22313
21402
6913
14808
1150
34995
35838
23999
13212
16655
25797
35930
3979
32470
7525
3398
6847
30295
16599
1984
25773
13172
33076
11751
31439
15186
20793
12228
33212
29289
4448
31795
32332
27889
25867
1873
7583
4395
6164
32367
6833
30079
10155
31851
27521
11137
20290
1375
38564
28645
37330
18833
38478
14483
23334
15607
20682
36801
4057
19240
33711
2936
28555
16276
9691
4627
1828
31061
23842
27846
26248
28597
8604
18245
5032
16047
3036
13714
20566
29396
19822
9250
26608
13497
7704
21434
6169
37299
28596
32161
3514
29635
5040
34953
19579
12443
15580
22210
19686
25357
20593
4253
8372
31931
36951
6657
4628
6497
26482
35915
11535
3351
24719
23412
28426
2647
22493
31974
9855
29657
23090
7158
24315
15055
21019
35819
16014
30293
8135
9683
34166
30856
9515
505
38666
4755
5747
37471
12472
35023
5192
34054
5409
16166
27991
30394
29548
10980
38824
19495
18566
11007
21912
20124
18244
27420
27814
21312
35104
8468
28823
22080
5630
1900
6672
8863
14449
18203
36189
36830
16726
9939
214
8132
24109
4874
1023
24379
29173
2432
21970
34345
4327
26642
32344
37377
8121
14302
14757
27263
5153
7521
16745
4815
31604
10079
19677
23078
6239
176
7066
13541
25671
60
26748
29512
8186
9742
7054
31729
29780
29904
6709
33551
27970
1699
434
13659
24188
35993
24389
9548
35
2429
9144
31211
26655
18735
33591
31290
12390
34022
25669
6957
32394
25719
10067
37973
30934
10824
127
14242
13459
10215
11747
23285
295
510
1119
24977
19980
8704
12165
20764
27328
22183
37734
1060
17571
8527
33837
20490
2220
33043
27874
25810
14044
17118
15233
35325
9629
29001
8223
5183
31185
24746
34325
24648
11071
18166
14082
8736
34774
13907
37359
34639
32802
7649
26236
38207
16821
31388
7724
17303
32054
38821
12668
1133
29302
30369
14748
29867
30840
4240
24284
31635
26726
9727
4377
27930
7788
20563
35892
5243
33120
5143
3777
4860
26301
28015
34476
21251
14072
31225
24573
20366
24226
33302
18800
11495
13708
8933
30508
36467
24956
36781
35215
35214
35390
37059
18834
16907
34079
23653
13485
15870
27220
32924
6746
4282
9138
25763
8876
11049
37726
30182
25017
6333
38704
27586
22568
24923
1737
11436
3217
1692
35644
32410
34515
12229
10078
27238
34771
6890
13279
151
7665
11948
5122
426
17403
24460
29407
29221
37004
28684
17858
3926
37276
200
17677
19481
15377
1544
14055
17996
19145
12813
3787
9974
14171
22458
23335
29465
23917
21044
17124
29486
33983
316
2366
1815
24839
320
15821
19085
19652
4126
13258
3679
29154
32584
20133
7707
8218
10721
20028
26829
26933
4133
5896
11260
13503
20264
2913
14189
16837
27292
19839
36635
27359
10784
16584
10884
11874
16003
7095
4573
32555
36933
29500
16511
21783
26413
17859
29139
26546
24218
32362
30492
34618
18718
6572
20829
134
28765
17228
17072
38710
33315
37189
36897
5760
26271
3015
21198
16854
4033
39108
5994
16699
3026
4420
8378
35326
23362
18339
21553
3558
22558
35761
9530
13963
36020
15255
9
29362
25714
7732
5666
16347
10494
24994
17584
14704
33791
19036
164
1813
27860
4899
33203
37413
15811
32992
23780
22204
31415
24965
1449
5234
37907
7100
32871
24944
16348
21808
14149
24251
38673
9603
15801
32976
4678
2877
32484
11183
11697
7938
2897
118
38712
31404
38591
33014
26782
8767
14752
26720
27491
15596
15524
18991
24643
29128
33075
14399
28883
18200
15209
31403
35837
35116
26691
2156
37103
31658
27795
20340
22495
38922
10707
22401
4098
5253
36483
5436
8467
34289
34785
15372
24906
30593
28395
33696
2321
25730
26291
25465
28074
23416
26557
2140
7402
4776
21071
9034
33872
35750
37220
11641
16095
17451
28642
30227
3177
32007
34942
25829
26131
14901
1410
25053
28506
37989
17683
27026
813
20454
34624
23615
38121
3341
24708
7575
6004
25792
16891
5007
6383
1010
5736
1329
6807
37033
29936
5979
7263
29205
5556
676
22690
28527
37332
11784
20461
27260
6537
36758
18825
35064
19301
5523
26471
1249
19218
7268
4245
18976
5292
23988
27034
16308
33621
13116
17337
38626
1705
20580
32789
23969
33266
28038
11253
36667
30128
18145
17720
38098
19833
14800
1781
13150
13791
21599
4285
30780
333
25241
3683
35619
10688
29610
30483
26849
10320
6674
33035
30460
301
24792
3925
71
35833
18431
18080
18802
19881
36966
5512
6667
4362
519
18413
10840
13984
13053
21300
37769
15822
21947
33653
19133
4428
18548
25723
30975
25843
6784
22843
29064
8622
8803
11551
7334
979
33529
36222
17621
38
38671
16055
37606
32889
559
35305
28200
38533
28690
31046
22434
32685
34776
4825
9053
32838
25302
7779
27108
33545
30935
38734
7961
1591
28331
6623
21305
35855
1750
8564
29148
33272
19412
16667
684
22491
3806
12373
35392
33795
3747
28364
10245
23955
27562
9885
38002
20675
1489
32447
16528
21451
13549
28231
16612
968
12155
1634
21162
26721
15586
31516
25624
14104
38653
6535
31780
9681
35869
1207
38349
34701
17541
15316
18335
33342
30786
1704
28630
18558
34970
37047
5730
30429
15027
9479
22540
16057
37661
19118
12726
3100
18844
15506
2775
22918
6302
1805
29552
34452
37340
27087
23927
4118
27147
25106
23232
20616
8317
19493
413
14780
32150
26167
12355
3666
3618
21004
23453
15883
5187
16564
3555
19092
1722
17069
36996
9839
27564
20700
29381
31339
11664
25670
248
12578
9566
30456
31170
35268
37489
39079
8762
31206
9612
3089
24344
23029
11481
11533
24981
37002
30633
17133
15712
16857
6762
17288
36194
21159
5462
25575
35042
21860
27812
852
36307
4638
27862
34971
22386
31882
27588
29111
8665
30616
30794
28721
22229
33958
2258
4734
25625
36886
9581
19894
5144
32158
3662
18174
4593
34846
33337
19027
19751
31017
31994
1734
17464
33193
32915
7958
15590
26700
24481
10064
1226
37371
18689
21973
37592
991
5205
17846
34175
1250
14546
31939
10687
33099
22367
23274
28968
26725
4885
21479
12478
6530
14792
37320
34453
15962
3978
16575
5571
9253
32628
19375
3142
33443
31294
26109
28370
10251
36077
16598
18614
37235
24317
7396
37198
38524
4880
29441
19015
20655
35741
33655
7875
36920
4349
34725
15853
13906
17185
1674
25485
7615
14095
9058
20135
35141
17533
3010
38324
30194
12751
14560
32305
33377
37522
11742
28525
13866
29464
11962
4181
20040
3674
18616
22556
38306
31733
37672
31474
10233
6882
10571
4495
5940
25556
284
26174
16946
19907
2835
33411
16108
10802
1584
9249
38616
9181
11634
18089
5083
21956
21879
18233
23582
36385
13259
16862
28682
26884
24520
13394
14506
21921
36731
7853
29076
8691
31999
27466
31183
24871
33755
25812
21564
2144
22856
12803
31462
34094
8116
13657
33815
7597
8958
378
35671
26299
10161
22355
8677
15365
5708
19660
28158
18788
16930
3510
22083
4669
35928
20744
12046
34961
10017
36408
34311
438
9152
24796
8978
9013
8158
14133
32842
23704
34108
37166
27669
36299
28425
34685
9226
34156
36252
21930
29971
38562
32565
25467
20430
29039
37032
31333
13398
14549
16927
36256
37674
26866
34192
2847
18195
23602
20297
4330
6687
12278
37611
2910
14122
738
20742
17810
14628
16705
36429
18550
20343
17281
26189
33770
23576
37232
32207
27061
31611
26013
23974
13265
872
38816
34560
5842
26096
16205
20188
3850
8410
14427
23992
897
32311
11739
22873
25592
3184
25434
6190
36592
30357
35695
12545
8306
30292
3824
7224
21687
33068
20242
30353
10583
8235
11010
12241
1166
15722
31095
27198
36387
22830
2614
22530
22192
32006
7451
14391
32873
32428
20379
233
3957
4905
3515
26986
28819
12786
6123
37093
36211
37072
27226
33964
17100
25463
11245
14610
23481
17305
7685
1985
27680
5639
30437
30082
19234
8473
18687
15047
2749
25962
20498
8598
34102
23139
818
3299
11587
18877
18460
10422
12499
12630
34531
37196
12139
21120
3145
36310
12299
23112
21166
8819
30603
2812
696
11413
12240
14582
38625
36634
21890
2969
28008
23175
20148
31716
20086
489
23188
36949
4468
4903
21328
37718
38886
15452
21015
184
24808
10669
1907
34287
28222
36394
15581
11395
7905
28344
7673
26919
2889
7530
24482
10495
17245
600
21712
28954
21489
28300
36436
35636
19382
16764
4061
34877
17259
35808
25435
38508
739
33469
31763
21766
13722
18882
12351
34992
11310
30544
15240
11469
3436
24894
27642
39020
26846
16132
10910
19151
9032
15564
26839
8761
3891
23675
15707
25484
9518
34409
22100
31383
19413
17589
25526
6592
6622
15237
36091
618
473
181
17460
5220
8703
1864
13299
24873
1373
37253
33603
35860
32251
14476
38385
27849
23422
4387
31372
11523
21210
10549
15637
13531
30178
16488
22629
31661
4724
11198
4290
13537
28503
19086
22403
23064
35803
34527
35067
35040
18037
14308
31829
6178
24849
27110
38706
11281
36244
12672
23326
7735
35047
28275
13619
7508
17498
17659
13410
4676
18867
30466
35776
3749
27873
14505
31475
15597
28629
17660
15608
6872
15307
6396
6955
17950
14534
24442
20137
37773
11965
7469
13652
19813
9057
33766
7988
5805
25015
22168
35658
22233
1697
30039
37983
30939
4266
32226
20807
5249
3138
30287
31243
37303
26412
16256
38209
33700
13078
33256
21575
28773
1256
7700
30730
26160
34247
6365
12599
9431
34060
5576
17514
4629
19763
38293
31177
7436
10943
13183
19353
18744
32527
17552
25289
2413
38397
36562
11207
26216
26911
16606
38285
29948
12082
20326
23697
37410
31828
33394
33943
24059
20019
1569
6089
22662
23116
29792
6649
31652
1114
9388
2715
10888
14716
26180
32109
22804
3903
15424
16758
31772
11972
32039
25322
15477
14622
8825
30691
29925
38899
29926
11210
26858
3210
17047
14245
9023
9197
4054
33351
32377
14920
29903
25285
29800
193
27989
12063
19263
26117
39072
22091
5493
32932
1487
30655
9296
36291
33669
33271
7020
15737
31724
30950
35473
334
8550
12874
324
836
6671
27965
25464
16091
6220
36804
3993
35569
15052
14676
15902
429
32071
2657
13336
4656
11407
9887
32676
36013
23479
32258
24828
19072
29622
37430
7710
23500
10823
2205
31178
13480
30657
18973
7806
8649
29979
20993
494
4750
24651
27591
1299
21428
25583
20525
23105
5027
10318
20341
9676
1388
18769
18698
22035
33298
37994
33088
19747
17876
16517
16207
21657
3653
36106
28066
9155
29011
12010
3176
4451
34641
19745
19326
4029
22407
25654
27041
21730
26332
19436
7693
10937
180
25918
37812
30085
3096
7559
35940
29556
19195
18393
32265
1311
25612
3564
11262
144
13491
23424
34597
18125
18410
26498
12901
16051
19346
14183
4751
152
39082
36594
37130
22965
10715
6456
12757
9579
38009
10881
27837
38394
32727
19127
728
7016
1829
29061
4789
16515
30362
10356
30717
28973
35069
6452
28530
28710
22089
17030
24504
9464
3608
14209
12812
8908
36128
13974
38675
1937
20334
27559
2068
24058
15903
6863
17156
4985
18887
29397
36632
2169
13302
16765
17494
35187
25533
24296
33236
4759
6986
22709
23953
34794
30119
29562
16574
20837
36478
16792
35224
25456
12267
11029
33274
7424
12283
1297
22664
9090
4534
23702
26434
33705
34913
8014
38577
13159
35370
14239
11507
33331
20887
31816
21876
21861
38333
31130
13449
1910
14012
36938
7843
15508
23566
24073
38264
34125
33190
8558
35332
4320
189
31670
28552
32618
8599
25129
13364
1791
33423
13788
3569
32206
32343
6346
27078
7189
33164
34053
13820
2817
8621
14664
28481
16525
22379
6301
2064
16307
11376
21898
27690
22006
25294
20085
20927
31393
1224
13421
32514
31701
6828
21503
26517
36771
23769
25550
4382
3886
25969
10882
14265
31985
16671
39036
20679
837
21458
14990
9709
33924
25499
14722
3528
6359
13625
28821
36618
20273
10885
27443
1969
25314
29748
32655
37068
3500
7517
7039
322
15917
32664
1324
29819
2072
25315
18161
2445
37524
19147
31418
25149
10498
27573
39007
11952
18657
38017
31297
11993
28295
16657
35003
23643
4784
29756
28443
2350
38237
35780
34728
33542
5941
35557
13184
24339
15949
407
19760
30089
2668
30409
31258
23263
22345
13594
30895
1725
29669
137
23649
8090
36530
34447
29177
16853
24187
29050
25997
30892
35453
13801
28187
26398
34827
16054
33539
17894
5106
14703
39078
34767
21580
17089
36806
33965
35002
25891
3692
6958
13972
21355
26828
22133
34397
25913
28260
1359
36993
7462
6857
18547
34996
32102
28652
14717
6673
22628
12242
11073
36343
2977
35772
2246
21436
8148
32184
13539
34013
11377
558
11020
986
32246
19655
29254
16433
1479
30468
29347
15154
18332
32186
38789
11807
8004
11608
27069
16966
20125
27044
4650
28564
18584
11396
20662
25823
1457
1975
34612
5510
28048
16675
35075
32927
30104
23788
18099
3446
27868
18977
8817
28439
31934
26411
4354
26028
33149
3961
30636
28841
25860
34270
14367
27187
32612
12597
35817
3577
20140
12200
33080
3951
11344
21718
23975
23804
36985
3241
22669
39014
37593
21170
27574
18814
8606
20424
23157
3300
21163
9183
34671
12029
37466
3199
6358
31411
13734
34962
18680
16474
29382
1638
36270
36207
15115
27203
15768
6007
5935
34212
14701
17455
27943
31455
9778
36805
26592
30323
13809
36006
3070
13405
17920
33953
20656
20891
12886
11037
34199
10113
15694
14147
28681
34021
35228
3432
6976
27333
20910
27101
30693
12556
10167
32557
8271
6713
4986
7145
35916
12667
589
28460
8856
7308
28977
19071
2131
35964
38812
13739
21253
22722
3121
12193
635
23330
14031
24825
7622
30879
16121
5765
8880
16512
16366
5880
17382
11916
24307
425
28168
9394
23309
28787
18212
1216
1485
28537
19437
14598
19572
7922
8791
17976
10538
4397
31976
5697
38506
21051
37610
23042
24367
25804
38231
38680
14944
7745
22298
5984
23004
15236
5117
36017
19719
1574
16737
28908
16866
15314
31236
2080
12396
33397
25549
11151
26757
1519
9716
36775
3201
17624
17087
28311
26701
24386
25947
20611
14731
22328
14097
37482
13940
12612
14876
20914
23244
34793
4175
12799
37644
8076
15008
36679
19880
29266
13001
29742
13909
13331
1555
1554
22936
27600
24885
7476
27578
20473
38885
4167
14465
37136
86
103
12584
12180
18352
20254
30212
39112
22113
16990
25328
29527
31610
27212
12809
29449
27977
29699
12830
8690
37226
15676
15901
18491
27297
22429
30635
8126
26161
13941
28113
5163
27955
30446
29366
37658
31120
13607
22106
6501
8874
27120
38206
6556
10111
1962
22497
18988
23573
18533
31848
25197
8481
1015
3179
20913
12991
37954
18955
21788
27167
28837
10276
20234
11592
36833
26910
3151
18681
8422
27456
2466
2003
22068
23049
34669
19433
875
5786
16385
23444
33609
31792
27114
6983
29166
225
26944
16191
13834
19845
1631
4153
22387
29972
35942
34722
24589
34845
10260
29423
30726
13291
26184
3716
24701
15450
24254
12701
36411
16285
30797
38331
18265
11580
23910
9502
31296
1525
21940
32216
35698
36693
35956
37290
25584
2752
13612
36759
14472
27931
33488
14884
29845
26214
5118
19873
11279
29304
37528
8036
31006
6945
8810
32615
961
28660
8479
20799
26361
38299
20030
30435
26579
33951
31030
15025
9026
16823
28771
20175
374
24322
17022
20548
17559
8326
19953
22505
29377
9772
3228
37399
36629
28545
3062
28190
10057
23427
13975
36868
36258
6898
11735
29941
25991
33265
2355
3044
15391
4241
37867
33039
26365
22267
33267
18444
4595
32605
8289
16369
25041
25620
13656
34338
23996
26000
8850
14788
1916
18071
28145
28813
7730
11438
1232
11635
3075
26627
3758
11064
15724
33984
25678
19656
2290
32063
32473
35717
36175
28739
31409
22097
26043
15748
20128
20337
21316
27331
12887
34629
25377
12633
20438
2948
14537
5210
25799
15984
26799
5225
33288
13748
3451
35010
24418
1331
16
13651
36324
2824
7757
30355
3423
10990
26843
23717
25332
12071
38892
29406
22287
7878
22564
22939
38351
12744
19569
13794
24995
27811
1200
8588
21262
35295
20368
19631
24655
31022
8514
10290
7857
30661
2818
25807
24762
32025
11787
27604
14009
14384
17295
21314
11019
24997
21450
34046
29010
381
16892
4415
8054
18731
4037
35318
38709
8263
2848
17617
32541
23337
1434
2030
1435
15709
33391
22770
33383
4675
18899
35414
19678
31579
9589
33628
37317
21737
5445
36624
1885
17084
30941
11701
17020
35263
18476
6923
4425
5623
24891
21246
6878
14624
29443
19840
7395
37969
20319
19041
35816
30801
1768
33352
20418
35525
7509
26034
38775
34828
15321
11899
13017
24613
26931
26650
30332
22362
39039
30124
400
2857
38252
32043
10763
21729
6428
16954
14529
13052
31698
5184
24527
10611
26544
33866
16547
25890
35273
1966
5675
7632
35716
25951
38842
7830
30312
7259
12829
6938
9444
4550
17274
2215
36016
30342
11646
17749
29211
30386
2805
23046
17103
18036
10315
14032
9364
39085
38014
13554
11745
17789
27563
111
18852
19983
5142
15547
5921
26268
38157
36294
16035
7077
33419
1406
25539
33992
10257
12214
26017
36379
20387
19796
20851
34001
13390
33384
35918
13949
16926
37337
35696
16477
2606
2880
26875
27458
20003
32718
2908
11119
18694
21530
11505
8272
23984
5663
28777
36583
28049
10757
10844
6135
15846
1762
37591
19063
18612
6947
32154
38523
21810
19766
29088
18063
2754
19048
25128
36567
24476
13614
28849
36068
33820
31037
28474
34071
31866
37322
15309
33211
31970
21164
13379
9128
3570
37669
6017
4772
22553
21100
2383
1687
14805
9327
13406
9365
23227
25217
22093
20169
38050
16717
26264
23770
4783
16788
34984
2286
3119
37331
18992
18856
26818
3811
19889
20572
26354
31277
15104
32130
30571
10575
5214
25616
12895
30990
27143
22173
12780
38636
28741
28209
17986
34227
23306
19529
24587
19022
20629
35129
7219
22498
9446
35938
25834
7344
18726
21539
38113
5939
5354
21323
6584
37689
9812
18299
7676
11688
15743
4987
37948
16241
9952
37432
38482
35926
10552
13132
5411
1276
22500
22370
25689
12407
30122
26382
6058
2573
10547
37139
27526
6107
16333
36756
16422
31632
10807
17761
1537
29189
26811
28904
25473
21045
2522
15866
37912
16463
13757
20201
21059
10294
20109
25688
18127
9066
20444
28811
27840
18006
9040
3690
32586
7936
1307
31003
38583
36409
10316
7422
24164
16740
36688
12721
4752
35711
11547
20328
31835
4869
15808
29571
17266
2148
35445
8021
19260
23740
37731
866
28671
36644
21779
38565
38379
15713
6982
19316
21491
9165
7839
22808
28880
24799
18272
6180
24186
38870
28546
38718
16190
6337
12023
10457
37586
20654
12194
35074
28696
7053
14061
19586
29369
29215
23198
36555
21998
10816
5859
22038
14890
30455
18319
13189
5228
25215
32465
30278
33348
27003
13937
35798
18720
6076
7376
30208
33731
16371
4289
7556
22606
27414
11506
9004
20435
21514
5446
28305
5132
26206
24285
23459
14893
35410
11609
26973
33135
30924
24734
34650
18011
38949
24848
23259
34678
37415
8275
19280
34017
23297
21225
11498
21769
38550
5322
18798
16982
25899
20403
451
11203
9202
3266
14907
15192
22524
28717
15116
15082
25559
24979
25483
36074
1006
37555
3005
18019
10159
23868
3565
35739
27036
29389
15335
15339
27679
28240
8101
12897
31122
35534
31707
18780
35610
1397
6101
18901
10220
17469
20199
8896
918
29736
34981
20113
8072
12181
7723
1428
29754
26188
8536
13206
16608
36380
36021
474
38213
10744
37694
34600
29940
14378
22102
6049
30401
8822
6475
34033
2061
33358
10629
17623
1443
32898
29485
14967
35595
11
34999
31021
37289
31803
31659
32970
37073
23395
31893
447
1438
9743
33200
38619
20037
5097
723
10437
29079
32923
36391
32321
34092
12903
33601
20502
30628
28012
30624
26297
29104
13728
28881
10987
35494
24324
23626
27718
16936
17405
1049
9201
11157
35329
34656
27213
34733
33316
39045
2444
34588
24554
31682
9874
8417
13653
30637
3827
17832
36811
34480
26798
809
31091
35949
5849
34591
5121
38464
4683
203
34285
10006
23443
6944
25224
7688
19671
2833
24611
22221
1274
3960
36846
30280
10223
7315
34741
3066
23322
16224
33747
1144
19630
34497
12024
8960
7504
31650
36542
7548
26427
19774
22162
29198
19418
7552
14049
22998
2640
32087
23929
22179
34886
25932
38129
16104
30968
11163
14698
21329
15968
16631
36751
24112
35545
34601
20926
20318
24213
13673
28628
36309
29167
5036
12022
35835
2447
27835
13416
17406
15011
34724
15673
4790
34976
31205
22315
7880
38347
21676
23229
596
19659
8028
11703
27431
13690
25317
17194
35872
26767
5925
27575
1499
31712
18225
24135
25831
20344
3480
25059
10929
17520
28867
32794
35355
15280
10298
24156
19548
27039
28126
5232
29446
31000
32160
27522
4732
12606
27445
36615
22306
11758
31141
19194
26926
35386
29883
19715
30996
32832
11428
33182
12712
32910
30867
2354
27982
24572
21937
25946
29885
20794
32241
9136
7486
37793
18631
32564
28928
10418
26976
7151
38403
1551
19991
6060
23353
18896
17646
26633
28267
3810
25898
37972
37898
1125
21232
20240
9554
18116
30055
11797
4319
33868
8818
15454
2911
16434
16702
9881
33565
27940
21625
23521
3696
28124
14830
15460
15913
32014
34370
10567
35017
2842
37728
20375
16670
25875
36224
38968
11734
37286
23201
4271
19458
34221
4696
3069
19093
5014
18492
34230
21080
3541
30536
16542
29239
9163
4826
6563
21268
22847
34520
6336
35146
37723
19424
28195
6866
1998
38584
38227
6895
22217
13229
2733
14841
26143
36586
21983
26802
22470
32387
4367
23884
9362
11096
4714
36601
17694
12557
28497
35876
35839
34253
4462
1281
22339
26886
26380
12953
12541
4951
34892
17363
34073
27789
13250
4836
25178
1495
37903
26178
17024
24014
27953
5168
38847
7538
28549
16711
38313
31644
38893
35450
7826
10878
5820
1189
30565
38303
31052
1265
168
9782
2605
21950
9590
14697
11510
36981
22798
32492
7223
14334
35903
34512
4622
3257
33118
5078
7841
21256
9225
24685
36305
9020
6718
9233
16914
3640
25680
29710
9587
5516
8031
28417
38559
12510
30365
18337
36328
28604
34808
12898
14504
6151
26621
8123
19701
7347
7822
23634
25631
1061
35587
31754
35398
31184
11233
8502
4477
22033
22510
25766
23726
14345
19807
7926
25596
1718
29991
4465
12525
10182
19770
38861
6215
31766
34879
22535
23739
17420
27886
16943
37446
5231
10572
10019
6800
22583
25323
23812
20155
4811
15757
5131
23246
19819
9816
19645
33122
22923
27788
28873
280
33465
5948
37492
26118
29868
3591
11657
8311
32945
24683
7765
5236
4041
28068
4617
24631
25042
345
36600
12688
37971
10877
20854
32082
32051
6904
22687
5085
36972
32049
34194
21277
27473
17377
14527
4754
4823
34518
32818
23398
32218
5437
10089
22139
8798
18578
37158
32784
31599
10433
36507
29200
8005
20875
6254
20606
38509
15763
11380
15680
9542
7026
2183
32725
27848
32630
36069
22270
12378
22670
29689
24201
6965
17914
5238
35813
5803
9472
5700
33946
9567
13028
2784
22112
34645
21191
12483
12317
36753
14327
1576
34593
36486
30679
3670
29499
15193
26455
7907
26056
37876
37607
24969
4655
16441
18062
11743
21008
6248
37143
5368
35277
29410
14166
13754
29209
3738
24257
15148
120
19239
31090
37437
19245
2421
38793
23347
35190
19847
7463
5598
10977
13840
2921
33625
18978
195
33441
32671
24473
21919
5818
12220
2324
15807
31441
21827
36735
30932
20866
23987
9192
17940
768
5936
23208
10003
33798
14955
22639
20853
26038
17138
7207
8474
26975
38782
37752
31734
31810
1308
38112
26893
9038
19550
10195
24467
5628
1494
31124
30024
32694
11231
19228
37706
23920
35621
7254
26305
28464
20256
10900
30249
2159
18439
8878
19501
22165
30911
2992
2839
14802
33148
16910
21042
37110
18565
34181
16580
16379
30887
1337
18658
3485
7270
20513
35620
15502
3229
33365
22280
38757
20843
15083
34756
24471
20367
21639
38058
34973
22116
14929
23722
25225
1170
6069
31048
37806
28193
28434
22086
15428
18993
32443
29162
32144
35036
323
22459
3977
32740
27770
32974
18407
1491
21332
18157
23738
30367
7971
52
24615
19236
19391
36631
10038
30430
14392
31875
27885
35138
1587
3474
28783
3099
24831
9177
4458
16490
20559
14607
8999
20266
29781
33479
19390
26525
35879
29296
32157
7245
22621
26198
2227
28270
5285
29835
28995
24018
6648
34502
26997
6714
32986
7009
24390
5299
6670
35950
13922
21768
22126
10719
23684
14222
4206
9346
10750
7847
2575
13897
30018
23525
666
13138
23228
21621
11832
4713
976
30749
17712
3677
22737
5259
21640
38208
25062
37663
15455
1707
18754
36730
23339
35945
12896
25520
16596
39047
35987
21796
14661
33085
17902
8125
1511
21700
24072
22194
12733
34698
30009
13772
13770
23741
14102
35735
15059
22423
24102
27787
331
23150
20848
24903
24272
14178
7884
23483
12938
13925
17542
1272
22067
7255
11288
9468
22616
23936
23592
22393
37571
10984
26778
8477
18262
20327
14520
4947
37599
8561
21651
10139
12064
6425
14371
18106
25366
11786
13466
30248
1376
18428
6712
10131
3635
18983
9055
6246
16396
452
24663
3071
17682
23686
10020
6814
17553
33648
38960
28461
38743
13457
6442
31386
10565
19105
37861
36085
12362
31456
28732
36983
5230
31921
367
14536
5080
31325
18821
11492
14203
1234
33988
4731
12350
27626
2440
15772
148
9485
6378
16557
3258
19535
15463
6666
18156
32463
2223
36672
33491
11614
5042
10576
36090
11080
18230
39063
16056
25754
4887
15501
8787
32681
2360
33956
35590
38414
3137
26834
9967
35499
36366
22222
3244
22802
31641
34387
10830
35005
7616
22698
6033
24366
36974
35425
1284
35192
12617
35684
4585
11432
35891
36895
19993
31385
37536
11257
33481
28385
24158
30101
3516
16595
33538
20830
9650
7683
18371
31483
6230
4088
4005
19365
21980
35738
10201
7566
7172
7154
93
26179
11334
32453
5762
11464
14974
17376
12153
37997
13382
1205
31167
33771
3221
24667
4922
1761
17556
3688
19810
17438
11068
18606
8653
20948
17548
9350
10635
24921
37512
16666
1868
29378
14115
32497
3522
34903
19178
27759
26218
20098
22301
5324
24017
4421
30195
14761
3851
38244
20306
37193
35581
30254
6404
32781
5852
28559
29545
20497
5829
11779
1896
18039
18895
29614
12709
21085
20884
15856
20470
17888
14088
3056
35680
32576
34380
2415
28636
12678
1212
13593
36034
29608
18665
35863
20219
10335
39064
32089
23169
17076
6418
10143
23972
30625
6914
8947
9110
33073
10970
34282
33417
3193
7081
4753
11570
35874
14995
33594
15374
27769
14496
18380
30485
27702
27498
14744
29024
21388
179
6136
15385
1052
31110
3375
11504
25220
26246
17508
15780
11291
5070
4787
25626
21392
38283
23622
267
13934
33498
27343
13892
13863
11969
5222
8950
29877
32772
18392
26296
7546
5581
12844
32032
34210
20456
31932
6437
6506
35848
13771
38066
19738
16629
28828
34602
37866
31087
9824
26595
37865
1872
8616
24046
23196
14764
4579
21933
22682
16281
1977
36876
32660
38309
26605
22164
33750
16409
32521
4231
5174
28400
26749
1417
18776
14946
9206
1500
13582
6228
2233
29874
24917
26806
9721
38573
1227
3291
6502
34415
4093
21548
7695
31392
28220
18033
13520
24353
30354
29298
33415
32656
36047
33427
6606
15060
22867
7837
37230
30581
7115
27784
22092
28165
12994
38863
38378
13530
4100
1035
6554
32659
8498
17637
35611
34171
16362
2794
278
37249
31533
25693
14846
31107
18490
22897
30830
29644
25157
19393
13269
24807
28616
27298
13016
19334
27376
29458
17916
17972
6919
10166
37727
36575
13615
29214
18122
24191
16105
3182
20912
25692
37557
35690
22154
11772
35697
35701
12246
2347
11437
35055
21391
25028
1288
19636
31276
37848
11473
6238
27765
18766
21470
34887
13438
9349
15998
28969
6183
19987
25644
13431
29424
30014
28779
18390
4760
23668
21096
32637
26011
27689
3581
31998
28962
37519
35095
35198
35791
12217
3047
1678
4971
1188
37819
21830
6490
33168
28299
15405
17334
15176
11802
35958
33534
21387
31973
12260
5793
31147
2027
32977
39104
25192
31002
29721
6844
26974
9337
2539
31364
38389
9678
32673
4684
7767
2502
6153
38597
38274
30875
1911
10541
691
22531
2297
33382
28071
30769
24230
2741
24858
30081
33026
32282
7291
30058
20696
32135
33381
37157
36345
35485
7836
5245
2528
10887
2327
5583
2312
25514
32831
15697
37128
3562
36678
7800
902
38200
29030
3060
29149
16290
20878
7978
38510
35177
39025
2208
13544
7426
34679
19099
19718
439
12664
9377
4034
10299
25280
27960
4923
32159
34925
3429
10754
5870
7357
33841
7798
259
37950
23312
22489
26134
4154
18546
23536
24360
36884
9865
31099
6463
19083
30112
14611
22226
38225
32879
8544
9298
18336
12097
6098
15951
25364
32415
4700
30257
10559
24658
16083
21740
22796
24816
14338
16944
17580
20846
4346
3974
7792
8546
25580
5049
31847
22566
3959
3061
7196
22915
26823
27009
904
22911
29275
4134
31040
8532
31044
9789
15823
5400
33995
4170
9508
30425
23376
14898
1415
17280
15720
31718
38745
12448
30267
24118
24078
35664
30043
34890
5632
16809
3309
3488
35301
38911
3833
12848
19527
30558
231
26651
35178
22254
17737
32526
35384
17567
35022
20315
26719
9210
17655
33474
8614
33523
9878
30951
35218
36932
26669
15459
28940
22947
1327
26639
32650
3605
5910
28065
2054
25563
5611
23589
6384
32328
35683
19986
32132
19499
9039
16732
12042
1210
28519
21513
3203
19974
28023
21838
14514
9632
13814
24323
22440
18853
37542
10381
33244
10279
18585
36687
38762
12511
32293
2007
19293
31402
32174
35345
31967
10347
17291
994
13232
29505
30032
19018
11074
406
37559
23503
24261
3090
33410
11769
31156
22853
31346
7005
18592
24293
5866
11809
18333
32173
2716
36659
7453
24854
13091
23012
23498
16974
37433
34047
1283
12379
29825
4348
32194
18672
36536
11264
24425
27608
13380
36057
34086
22589
34816
38030
35374
20826
19310
9950
6310
38790
30290
21663
21352
21252
28335
25554
20975
23068
37916
9558
8892
3439
25941
31066
28056
3502
12211
35155
15626
18888
31126
30938
31486
32182
18781
9509
13851
29376
10431
19454
7719
11999
30743
18266
28579
14323
12258
19198
33827
10487
2990
17581
6279
16235
18481
16716
36381
16176
9538
29404
33745
26870
28342
33407
8245
38025
32509
32670
13344
10543
5539
14214
2315
22448
4461
13156
14513
29256
34215
38652
17848
13493
38268
26183
18528
11820
1730
26024
27661
29494
2511
13010
28762
38442
25385
18051
7664
10607
9720
3456
35483
17131
32179
38992
38211
15497
16491
27836
36651
33024
15910
10361
31669
427
24231
12855
34818
35108
17867
27786
14023
13505
7247
37347
24750
12574
33436
29031
6901
6161
4239
5173
27908
26359
20269
25132
2256
11150
21326
22625
5499
12802
12270
31094
25503
25885
35237
31502
461
15499
30414
7645
24449
10778
23106
615
24646
12699
35815
10419
5139
23507
21410
16971
12465
11486
5983
17966
34665
14874
25234
17686
4467
18163
38247
13109
26790
18556
23283
20000
21453
12782
24255
5728
29255
8579
31681
10134
35476
9872
34780
25708
23940
6281
34031
24561
4249
12429
2255
26855
4968
7483
36741
1473
21267
33918
22193
33175
38395
25789
6654
17785
7743
17481
38582
28978
7329
18010
8977
26783
26508
34902
38822
1710
546
28610
29607
4969
13993
32333
17398
5148
10353
10748
31073
29802
15494
27370
19603
3687
865
23840
29912
390
22878
34440
33967
7532
38177
24517
4537
34029
14314
14244
6774
21793
15852
35417
22054
13580
15167
26990
14200
9905
30728
22596
1727
13174
21527
25574
37574
11792
12764
29660
10599
11713
36668
7321
27684
15616
6044
4371
11460
26320
20961
3323
18222
2434
3943
39028
37836
10889
15096
23794
29589
19736
14518
38498
26768
1541
12199
18510
34327
25813
32768
31690
23162
27144
1835
2764
15513
23924
2509
15398
28958
7608
10906
31164
34743
19910
22170
30858
24550
18300
27998
23015
409
36002
25318
16727
25476
15934
5325
16067
17270
9437
619
36273
30004
2571
32543
2057
24098
37367
22641
959
36616
28877
3505
28032
34218
2473
38091
30334
6340
11136
11591
3162
33712
9547
5620
19707
2557
32736
28125
28668
2838
6820
7725
20224
16652
326
26491
28651
4263
21908
21518
27397
21048
33061
9906
6236
7262
6524
19473
10595
13198
3304
38425
25588
36374
11482
17868
8047
18420
1573
32882
14672
24124
17239
19574
1267
36785
23214
31824
19201
13388
25437
5452
8884
14737
27682
33401
8997
36690
31397
4251
33665
7454
9304
33680
5101
25029
11144
28224
31786
18773
19203
35904
24328
30093
29425
2300
33467
12566
24859
36821
21032
26466
18573
36103
33814
18228
27326
36168
12171
3343
19067
37240
37405
36237
27727
27993
6095
24881
22826
28830
34034
4950
14385
29420
33920
4671
37213
8310
27010
7844
26046
31913
34336
15570
17838
33619
6025
12720
2115
7023
15416
1310
5178
32752
34489
18411
3580
25605
1823
10777
6969
27171
5631
11244
3728
24206
36582
30986
12722
3231
182
3809
17765
27974
13319
27363
9510
6575
7803
37700
4375
30993
11312
33589
33059
19100
6322
459
27968
16718
9912
35387
5654
24744
9795
19183
22881
27354
15767
14627
17943
4788
33299
26061
19821
29774
30668
11596
36493
34393
9994
38599
38417
32190
27113
26447
5189
9899
8843
10734
3636
14988
33819
3120
13864
12705
32449
16025
18440
16163
19739
34123
23003
25781
24763
8454
34565
30403
5395
23542
17763
32069
10408
2428
29249
26520
18104
25621
27042
21357
13910
16156
6772
34226
29038
18368
17346
4060
31728
16027
22567
10641
7987
16182
8253
17852
27482
15194
37651
28535
25740
6247
16874
8098
17477
5432
29805
7159
30676
1157
31743
18709
26786
17457
20732
8811
30198
12869
13569
18325
7536
17699
2127
16822
35169
25171
9516
25543
7187
18590
13635
6417
20304
16259
7412
6921
32067
12152
25839
12889
2624
33295
15739
6849
9244
13760
33781
37843
3403
34856
35870
15961
35466
29718
38094
30243
4435
21868
7055
32191
24877
22801
27762
26563
19712
370
14853
24146
22412
19682
15311
10504
14499
22559
4335
24184
11500
29049
34138
24963
15162
25904
242
26900
19186
20398
21242
30185
17529
24693
36947
12081
13345
22772
37679
25700
18082
2837
28884
16287
15023
23583
19724
19893
8431
14538
32307
15069
27157
36538
34568
3573
3051
31082
8711
36420
7974
33748
26950
1983
13605
17007
3733
9156
23000
9860
133
21068
4090
4376
38440
791
10368
38856
28433
9911
8992
11590
33640
32517
17181
22887
33923
3307
11544
14272
18524
23418
1088
32370
20973
30731
30050
3832
13031
32525
12179
23091
6755
34997
9653
5013
8313
19811
35886
30071
38421
7565
9557
1652
37874
21546
14466
5944
10420
26461
2757
29444
1223
15500
36229
30602
9610
6018
14612
28504
4921
12450
20386
25404
6375
23409
25363
35229
15628
14589
16263
12197
20244
34360
3799
36712
30421
19094
11440
1980
27628
540
22437
31625
29474
11154
10499
19
9536
10907
9524
11179
12882
35769
37832
31160
21270
25204
5999
9965
31058
25025
12150
23755
33125
16468
11280
18855
4658
3030
35429
31416
1291
35426
17452
5594
13307
5551
29909
21348
12495
7778
17226
20329
36481
22900
27570
32156
14691
11467
8651
36239
8777
6809
1110
28847
24872
20867
25080
28714
23401
14919
25765
174
15294
4740
31776
17724
11362
2480
33685
18894
26983
38199
6063
35006
21669
16537
19609
36210
9914
6829
16293
22352
3274
32118
37044
30781
36011
28465
34391
11900
10636
19584
19014
5894
33269
21088
5981
16049
3945
38827
28301
10374
34574
37370
3344
33632
11767
35574
16280
2591
9767
2934
9187
10618
33688
26996
14866
14322
6696
14388
2166
283
16995
4050
9563
15286
7733
7621
30395
18398
38926
12608
36133
21418
11153
35893
31266
31193
15594
17516
19443
8397
22003
4044
38131
32324
20045
36652
37947
32496
4260
22740
11106
30309
32648
2697
31844
21367
10708
17889
15979
2827
11204
23130
12033
8831
6026
2106
12914
13511
37326
33321
24451
2302
15248
25093
7640
26399
24099
9356
4674
8904
10183
5136
24603
11305
5408
6695
5360
25099
6056
17519
10341
2102
9488
9859
24391
18436
13512
16871
17650
13655
5758
29779
9440
8350
30083
22471
2687
16754
5511
9556
6367
3146
16112
19322
20449
4202
19771
15956
34176
9475
32675
2902
2776
5320
22466
22309
4378
29229
29253
35164
36283
4273
24492
10867
32018
3802
28034
8164
17182
17328
22430
3073
26162
24987
34361
36636
33012
32747
1857
9697
4212
23531
22410
14478
28611
1529
8423
27427
18424
36030
38495
25509
7304
36747
37069
4762
33240
469
6145
32745
29287
30445
15905
38003
28831
27349
34151
34464
29679
2494
5003
25444
33066
10934
14075
37119
22829
16607
3161
17038
36130
27140
79
20863
16692
34058
30972
1370
319
23683
4287
7667
31565
657
2189
32363
32579
20766
7718
15944
35727
22736
31649
1935
17475
16782
6533
2972
28499
27774
20824
34938
15041
6735
37246
2110
27335
11462
18241
37693
5373
11754
22818
37261
38000
11568
4884
8882
449
15326
16553
18782
36977
15220
1383
27285
35467
25271
18169
26638
22024
28602
18994
2987
12651
22281
30976
11311
7444
11852
34772
2478
32860
5897
21847
36816
19742
12592
32616
5817
26395
32407
8463
26980
21927
32398
21886
789
29393
32430
37932
31093
7494
22460
15078
29044
21658
9215
19440
33775
6097
36990
11065
34115
22408
10114
8224
16313
21554
25993
23596
23190
599
19189
37026
10479
20115
26496
4637
9385
6065
12486
457
8383
1810
18178
34594
36276
23107
30431
65
5271
11612
25716
34037
21988
13774
13524
3171
14205
601
11813
30060
1883
34366
18008
9901
37212
15849
17710
287
27083
19258
2047
28440
19414
31942
16591
37955
22242
28296
6538
35454
26060
16119
13239
16044
22389
1005
9453
37006
36563
29737
35063
25351
5815
27367
29194
12234
30412
16247
5931
25532
34705
7721
25755
11521
28381
37624
18600
28458
26051
4015
12647
16353
12452
2961
35639
18563
9007
32088
24489
27165
2190
12186
21484
14348
12637
14718
19355
17532
19150
1273
33546
37642
11708
4053
11691
5104
6429
11296
3721
18472
20229
7900
26409
11554
8862
32674
8952
36689
10056
31369
32507
31059
8111
1820
14216
2504
26212
82
11130
5155
19003
33540
13444
38799
16210
29841
5606
3320
15945
13441
3009
14150
3050
4068
35021
10440
21736
6482
32134
18523
34446
31823
12108
7230
25987
38222
7929
4911
5924
33442
10297
16424
3035
35317
580
34918
3148
8352
35712
33471
23672
14947
34490
16883
25043
4085
37178
31917
18338
1293
6476
9076
12187
30319
18654
14114
16315
4940
34146
29540
27909
33709
34905
26226
7403
26787
13200
32486
37183
9730
34223
14263
11903
34694
23903
12479
4045
37208
21480
1789
2005
1816
2476
11410
626
1139
38484
30917
13998
18835
13604
919
12406
29175
9451
960
16572
6000
32106
30799
2600
35056
38518
16170
36928
38802
7634
13518
37375
12957
34630
38532
29000
10040
19156
29192
29687
35502
31773
35261
23915
29046
26813
29575
22674
16768
26221
27779
32788
35270
5850
37774
21759
25858
10706
22373
12649
21828
28149
889
36617
3481
25497
2089
26052
1751
15414
15687
13414
36501
10820
5937
3288
13872
300
18404
14935
8283
30317
4489
12055
13702
7716
32225
20709
10774
27681
4427
13454
5498
25446
23197
27667
3714
5233
21157
23950
33702
37813
29658
9624
35212
36597
18920
12325
8162
36576
4419
2623
6038
32169
37925
20144
6005
17625
9741
23296
37080
18066
10239
1681
25966
13916
30569
19485
31813
130
18752
33142
21569
19269
24363
4544
19296
6775
27921
13088
20550
2248
10847
264
7747
26807
7427
22547
18097
12158
5124
25897
17951
2577
12157
35461
8549
26474
21054
32279
37010
12026
13846
21293
3250
30502
11347
34481
28329
23650
16294
792
4328
25203
15429
21610
12530
26311
36308
7258
26998
8851
5246
37966
5970
8097
9850
19441
4660
32294
15914
17706
17201
31506
21440
25663
33564
12777
20278
35154
19743
34664
38828
10415
25432
19854
84
35710
17944
8039
8915
24687
8012
20381
18500
38093
35361
17019
18133
22675
24970
35773
11222
19394
9648
22411
31056
13904
4340
33494
12550
30771
23593
2669
20754
18549
36290
28030
19164
822
35967
24299
12789
24189
23415
14098
31043
32820
22986
6146
23796
7816
19377
7786
2822
29132
21597
12464
21650
12856
9626
29459
19124
12936
24232
12927
31041
13680
24432
3601
3596
6758
9131
32993
28266
7681
3633
27168
19407
28234
24534
21955
2331
21405
18944
28767
6832
36174
34075
13502
11232
22076
14381
27018
28021
39086
14248
24252
34723
8108
38433
4626
16120
5486
30094
37788
20909
7203
1606
17439
36159
13725
19557
21609
16958
11847
13036
37676
11645
28898
22324
6006
32460
15493
25523
35948
25184
15809
7227
19090
13689
28850
36093
2260
13288
5092
11058
16628
1904
12330
1658
9366
36185
460
18202
8848
1312
294
33550
13596
35511
835
20942
17576
5428
17313
22605
39093
21532
22779
1886
21818
22822
4398
13921
21230
3372
31751
21389
20020
24177
31089
26961
3080
373
17184
5773
28287
12748
3835
32640
26892
26922
10961
26125
24292
420
19616
23773
1018
13179
37318
37810
11696
37824
9682
34571
32701
16516
30273
2870
6732
35338
24160
32259
14270
28265
3856
11931
2346
9184
15778
404
21688
11063
3574
761
35182
15623
18441
7168
22702
23883
4548
12449
32850
3400
4278
5268
36393
19975
30363
10659
14373
27194
7835
38843
2375
37076
33879
31042
34240
25712
4850
4479
17273
10045
3535
31849
28561
24973
14927
11021
21289
31284
18904
32416
10723
37275
16065
36096
12092
25869
21724
26484
32994
3732
32057
36663
23802
25724
19799
4168
12112
24116
16077
23223
10579
28934
35758
33177
8018
37280
16704
25034
18634
39098
13407
27746
19688
17874
9489
20972
9651
16310
16953
9174
19423
4736
4114
7555
12965
5348
29329
33543
1662
3147
28496
7086
34800
24756
12837
15670
29114
7865
29021
10845
8582
3990
16070
2584
24281
18513
37486
38096
10883
18389
33049
20531
13234
30333
35596
12773
20090
32435
21624
28264
26306
35446
11607
9617
26537
20648
25421
7933
2930
30262
25500
27897
17562
7782
9199
16950
5103
4056
19621
8259
18662
32962
3014
16725
5732
25664
29478
5020
25150
35567
34666
18929
5627
13385
18115
24130
7813
11035
3950
37532
30272
2092
20542
15271
27512
14950
17004
12002
12395
7468
26809
20237
9746
31804
6573
19319
11364
22331
6253
36684
7316
36122
1743
36889
13601
28006
14695
34998
28531
7586
11775
466
8212
4011
18061
35910
33887
37203
26308
13919
19984
4590
7550
27296
16734
2873
19182
11126
11439
24811
21749
255
263
18459
15355
20624
9817
6488
6233
37272
21007
2801
56
35691
8167
25657
2690
27528
5992
36437
36517
7698
38678
9798
13357
20618
24538
22922
17060
34803
7810
33973
25308
8426
23618
30561
788
16484
7771
12533
23472
12513
36145
17001
38031
13918
11553
34826
18386
16543
25686
1630
10367
6449
6845
3753
26923
15727
2239
4715
10716
9625
16473
27579
572
33514
26753
16164
7969
34052
7949
27396
9099
21371
5165
21224
14043
19158
26529
28404
8674
18656
33089
10857
11147
1034
32339
15657
15399
20082
38798
9606
19238
5333
21370
21692
33535
5982
32679
7191
6167
18621
35721
2192
32369
20678
36149
19361
17754
39051
21647
26437
6891
35939
14819
12760
13880
5495
24958
14482
4909
26785
10793
38323
4242
15397
25330
36913
4507
19466
14615
1974
31300
5868
5377
36163
22760
36779
26675
16724
14557
33936
3464
27647
5729
17937
31261
12178
30763
36533
4829
5720
22059
17631
28281
21200
37735
4441
23239
21194
35076
38890
288
28763
1068
23010
18447
4
6278
32438
15908
10952
2765
12609
15784
38527
26729
19945
22526
11989
22693
28063
30566
19140
3252
15017
19306
3289
26243
37488
38138
30520
24326
9642
22680
31585
8257
11375
13201
4672
9282
8738
34744
5419
35968
34266
29978
1074
14768
33218
20401
24301
22757
4510
20065
25579
627
16900
17119
17057
8629
34651
15618
31513
15939
1363
34829
20780
21445
5334
34068
31428
796
15456
14014
15603
3032
13055
32403
27324
28485
22657
25057
16751
34668
21460
35573
109
31174
2219
36453
547
29365
6326
10468
11898
33063
31890
32554
29268
9857
2699
38457
2410
911
2261
23368
27070
14741
11403
11830
33972
16380
31432
12962
23614
7011
13073
34901
4359
6453
2777
23821
23469
18684
4453
4063
35824
5329
22095
32020
19992
21978
13504
15
5836
25453
2760
7663
9775
15390
21785
14225
13199
8852
3805
6708
38055
16033
37218
18070
26775
27904
1504
24562
