35359
34457
22872
7855
34183
3608
2203
18963
22005
35727
22771
34001
13313
13362
27892
27900
17046
7414
31804
30055
27902
35670
29998
20355
36958
25110
382
38902
11389
32820
20377
1022
18072
5988
7541
24668
588
19940
31464
11193
11558
13765
34702
36065
37537
24479
1445
2180
38082
16492
3543
4123
9217
17483
25387
24332
11778
8292
20511
23278
16433
34025
6433
13862
9268
36141
16522
6012
27950
3493
21993
36851
31208
25795
1012
20522
13483
30983
1046
17175
20204
6822
32325
30777
16106
27483
17645
10754
17675
11757
36043
21382
23513
25897
6945
28673
35260
11738
24316
36433
29179
8513
17665
14864
7169
31646
14661
13124
19343
35567
21079
15064
5899
22003
36018
23921
35401
8229
271
5702
16763
16931
15668
18524
26494
36813
7650
13623
10835
8541
36079
10333
21644
16759
36610
3744
15670
5376
27607
12942
36201
33368
25316
2450
5139
35536
19179
30097
15075
25695
1494
22710
21327
5771
13013
551
26081
9684
28691
3651
23253
10612
22882
4197
35431
22217
37548
8381
2658
18565
8742
26155
32691
19543
15783
38817
30756
35743
11305
10810
29632
976
11363
25973
15773
7595
20183
25622
22265
19499
20465
30847
27171
655
10803
31149
4762
27717
12393
31816
9249
34826
31235
29327
5431
37900
1814
14706
30238
29293
20186
37243
18717
26406
22852
21720
9058
13284
19744
35076
28285
34646
5516
27550
36357
13983
27372
24714
11890
38610
3693
10707
18207
22822
29004
9052
17728
33297
7640
29928
20289
37455
28631
35622
22722
1249
23913
19852
18342
12185
23794
18205
3048
28948
25247
32634
22247
15478
28975
18683
9083
26192
582
33434
31161
21035
23029
17104
6548
12989
10366
36821
22431
31542
34887
32130
13609
4629
11698
8560
20030
33675
35089
9595
31998
13212
4354
12179
36242
27735
38078
38169
2897
37
35543
16786
9668
6326
29692
21009
33387
26261
18453
32275
1560
31133
6253
34677
1979
20282
28415
1235
10679
19782
2552
18690
35633
35667
33627
38664
31665
23342
26505
32723
14863
8316
7262
20408
18330
2866
37801
5964
22392
2664
2383
9070
9338
20506
13517
34256
5416
1165
20755
32846
9243
11826
17910
4905
5659
28894
29140
5250
4671
86
24315
31858
12094
8227
14597
27125
15602
37637
4177
25904
29242
3002
22650
16395
14717
26302
3300
18448
2484
7827
23480
32206
29530
14815
13268
20056
38319
9764
1611
3716
2260
27088
22903
34712
32682
32712
23753
12648
24890
17409
6503
7340
12055
9658
23923
2405
1566
32107
12474
21237
30726
2493
13330
6206
13632
20915
12490
24553
37208
24386
37353
12329
21248
34495
37565
2511
30798
17867
28204
28234
34722
17854
10267
17861
32120
34171
27847
3655
21801
12265
22559
3371
10951
22926
8218
36684
8045
9020
11489
3920
16644
35758
34444
22470
4216
19129
28280
17314
33292
11265
38663
9557
20910
1754
23088
10566
10656
28685
24588
24285
11584
19123
20110
10476
1214
4725
33649
17756
16161
20164
24141
19599
8478
17352
32942
33685
18947
16341
6022
934
9813
737
12597
38151
35039
10030
30724
12923
9613
3249
3297
35313
2229
23593
7636
32138
31132
15729
4234
18724
8105
35261
21539
17579
3018
11755
38077
347
9135
35861
21091
22677
27787
30692
3899
206
25947
18794
2964
15011
22131
728
8212
29503
13751
18535
20471
2675
7052
1027
34274
30987
27400
19331
11521
2869
29412
10899
3630
10145
26387
1396
16832
14475
28049
9956
27446
38098
7914
36836
2569
15029
13108
34894
29610
11632
16899
7765
26410
25292
38547
6325
19529
17356
18878
21487
22933
30739
235
20115
22064
29374
3949
25942
17643
15416
32176
2112
36991
10204
37130
18505
5802
23968
27904
10149
20738
1991
22995
7958
315
37613
17098
38246
32944
23787
27197
21138
22193
38727
1605
23198
5096
19923
35332
632
15615
32091
15325
28581
32491
35782
18231
32631
27608
26669
30396
33734
5158
33269
35991
16564
22930
13085
32193
13033
25733
33358
1139
38796
33741
7329
26875
5268
31583
16625
1786
31455
29860
3712
38111
33268
15101
3639
1050
1193
18796
26273
33449
2149
35884
25646
32975
15957
30380
24866
7157
18692
16663
18634
37816
26031
36468
9417
6490
21477
31062
8116
14624
5688
36922
32095
3232
2827
37231
22027
14971
16908
4876
16632
13753
2943
11295
33397
28956
11513
31076
7152
26537
23992
36341
25988
9086
13037
22108
1805
32675
7509
14086
11121
9790
4633
5476
31151
14433
22236
17726
23541
12590
14350
31549
2015
36069
17754
7808
15713
25405
5996
38841
6606
18693
11988
28514
23427
3359
35577
24178
4550
20691
353
10244
31657
35793
2952
13069
7309
20077
8136
11930
7471
1997
35900
4649
13841
25234
33029
24622
37423
12109
35668
10515
31457
15311
25780
25581
10949
11182
1100
1999
14855
10413
37264
24269
21150
18032
24515
18441
36649
14869
18774
24618
10587
14998
4972
11285
30314
9402
33124
20901
24772
32010
8810
18035
30568
23725
7462
10557
14265
19419
22628
4511
18457
28629
8485
28528
25698
30484
27314
7201
3489
37516
37623
26596
31172
32647
33369
7887
20890
11912
25840
29226
32918
31412
16575
36960
10296
33577
7353
29746
12139
5892
3137
6352
11577
24387
21736
19647
31872
33516
26711
27203
22276
18403
27270
2171
11069
22672
18126
14598
20729
11529
16971
28716
19838
23898
17818
14307
4396
10750
13744
29398
4925
27196
31440
29657
16789
19681
33925
11614
10147
23824
210
26558
15624
15446
16146
31999
13445
29876
19014
22391
36651
29942
3449
3391
38991
1921
7669
26655
12746
38821
25318
20919
7795
27466
6482
5267
29249
37681
13836
2830
15578
19598
26519
37974
32436
17101
27143
23355
1813
29064
37817
26233
22784
6409
17465
18676
6025
36443
5641
2721
6697
23026
196
13610
24458
33502
23545
26691
29256
9188
17235
27781
20667
312
9029
33354
5160
34704
8789
31525
21918
8686
36510
27166
30984
28520
33653
27086
27885
25809
6202
9290
31078
12456
35336
25297
34653
17286
15135
20981
34710
11080
23739
31890
3708
10095
9979
845
21505
19109
16241
5718
30340
21016
29623
14473
16026
24060
36192
36353
22746
3564
15106
2826
28690
4755
20841
34210
20685
35077
21636
4652
5167
6778
4614
11403
27662
18727
14675
24478
34547
11487
34583
29331
23015
3349
22950
2267
28714
38654
36410
10671
28517
12685
17647
26283
38682
9448
34091
16396
31318
14552
10336
7362
35055
29852
5896
7727
23700
4941
35249
8887
28529
24616
25461
13372
33287
29144
35705
6861
26767
14819
20421
30578
19445
1319
10580
19209
6551
37542
1411
1177
6489
29155
26329
38613
19368
26591
8177
1972
18880
15019
2035
16962
34016
12602
1039
34919
28816
36952
11045
12611
32150
19207
3967
37459
22792
10320
2505
14502
22529
4377
23858
11843
37762
1056
28490
4790
24019
13589
29420
11991
34351
1637
11152
13596
15662
9136
19506
36294
36590
8514
3583
3664
30148
22532
6083
2118
30633
29071
9669
17742
18182
167
14434
33526
31209
10433
25945
27293
19868
37344
31113
15828
17810
13269
15095
27241
28028
901
8096
20940
34790
34301
4726
35769
15031
38476
11133
35533
14793
12246
27084
863
21014
10502
19384
23826
33185
29541
6918
4251
2583
30120
4735
13003
36718
7807
36142
1925
30769
6520
25636
23842
1944
21830
38464
19120
14438
11333
14505
20556
24336
26431
32267
9399
18999
1095
4773
34542
3793
18559
13817
7139
26041
2804
8265
12332
13776
36093
28334
18490
30198
23750
19420
819
32414
14207
10071
38691
22122
10362
23328
26545
36808
15776
9987
2867
11097
36292
26132
21804
12766
12651
29906
25864
15769
38998
20354
6912
29907
35279
19967
10069
11428
38011
21962
21797
35305
39023
24038
27159
6415
14762
27670
28035
9073
2481
16711
34652
26756
21838
36455
17039
10821
25281
31819
30308
28046
9333
15365
26941
25726
28000
13455
15986
4336
1156
3462
2958
6120
22419
6735
1422
30289
2816
16524
32958
26239
24972
29720
37927
12177
33202
24384
19276
5039
37172
19406
17706
19430
6393
26441
6728
20925
38651
4452
1704
3372
2435
18491
35775
13443
18452
23428
1848
31837
11065
29320
8060
13192
34781
12226
3384
3586
6114
17330
14653
17420
8677
694
16237
27129
31421
17704
11960
19930
21158
6169
18932
37829
27004
26369
32698
11555
28530
38037
30605
32395
18986
27091
5479
25892
12333
33490
6566
32845
9812
19018
3788
27475
36100
34518
30872
3582
36170
9889
31335
25219
30481
15127
11132
7234
6869
37147
19214
13792
7011
11112
18554
2518
32900
27369
14450
36744
17562
34455
19724
13844
27184
37191
12221
6972
15802
9983
18834
17279
9854
6480
21429
29290
12548
35753
16337
12850
18090
19541
13048
26778
19044
17364
30509
33626
14893
4779
7806
10375
35085
6436
5000
25256
8072
29130
25222
7929
1948
1821
14002
37759
19632
2577
10399
9234
7007
21788
14205
736
15469
9491
18818
833
30078
512
15130
12286
24971
35783
18222
24760
27041
5638
17165
29578
13428
12536
4966
61
34288
20108
6024
2467
13725
24090
27354
32114
6574
18368
27951
8023
10160
38750
3892
3959
24654
9619
25878
9076
6758
24377
31631
9103
18812
3677
14080
8446
20307
19099
29386
10539
2122
33404
29718
32217
6817
30166
7281
36984
21366
33929
20520
10240
24010
9194
35823
14923
36264
22666
2625
29302
7832
2980
31905
31181
20660
30235
37237
8563
26304
29815
25040
20793
27755
24143
5785
35297
17197
18230
11812
38189
16342
27066
19610
30755
11213
11154
35716
27070
319
4367
32753
4526
17030
9071
28888
8168
8407
7553
29930
1760
6913
38620
5761
9157
33349
30514
29880
20380
30218
32374
321
9816
17676
5505
16594
30822
12649
12087
12089
35324
25880
14225
23688
24465
36895
22818
29661
1785
11368
13018
14523
25165
15534
38382
253
37785
8427
17376
27299
17555
23728
10742
23988
20285
7481
15702
4542
720
8240
32347
18331
38710
27476
26630
32956
2222
25875
4641
29724
34492
20315
8655
30058
37760
32740
31096
9008
38837
12687
31772
35619
16317
225
6545
21875
17018
37704
19085
23790
22238
29776
18833
28127
14452
25838
8380
14838
13920
27389
7436
8912
21606
9436
24372
14759
6853
33072
4774
3499
18968
33921
29023
32426
1647
10248
29580
19600
28557
7367
38907
16608
11899
18155
30821
33491
17426
2172
9415
21935
30115
38597
8552
12654
4893
18
23760
24707
2108
16065
33345
8824
1905
38268
34162
1827
18813
14052
18931
23807
31389
4057
33660
30430
32078
13384
31072
38774
33821
10321
13136
29447
36680
23554
37525
37643
22235
35168
22858
30936
8653
4917
30197
2437
29311
37119
5211
23535
25567
38892
34701
36697
29478
9112
2634
5276
21991
12031
38881
8372
36852
25632
7132
8472
15648
2694
7067
6928
4105
7524
982
1990
24722
23511
7272
31461
21855
30247
18593
5839
3800
3385
9814
18386
11561
37197
23193
26015
28369
3240
19416
11931
2941
35474
3640
28102
18069
17826
10055
38005
30795
19239
19814
32522
27583
10620
3672
21101
7715
4353
35969
10807
12627
18281
16007
28652
14067
1734
1175
17111
8847
532
32298
5809
14386
21458
3070
9683
1268
14938
27163
11123
26240
34030
19119
37446
7777
10771
31416
11578
958
26144
11141
38240
19064
31205
8619
29409
7701
30191
35312
17631
37497
33041
4568
29195
8309
1261
29839
4074
29713
17634
37402
35355
16434
13965
19446
15645
13071
4238
27164
31199
1640
10458
14327
36525
13453
1414
14564
32726
28426
30290
6108
10784
36339
12582
30029
8658
7638
9571
26722
9455
10186
30680
15374
32831
1129
19965
20835
14733
18461
38411
8768
33243
818
31606
6708
30678
12204
31314
5414
29329
1584
2248
23685
17847
3454
29490
38266
27201
17524
16006
6240
17982
32728
2412
25448
4457
18576
3706
38831
11391
29086
31844
2131
35914
11509
8017
16308
20532
12351
29654
30704
38057
23654
22163
7705
5995
31337
25250
14233
21029
24116
33878
4278
3904
3073
19234
27891
26067
10345
10654
8547
27110
26224
38858
19381
1424
17747
3085
14892
24938
29469
5864
17461
9269
35318
9605
30904
32736
30119
22165
33910
36966
19017
24145
30643
5037
20038
6231
1589
29219
20528
17068
35818
30783
18580
20501
10553
38912
38897
5062
29884
13396
26538
22467
35369
29897
12035
8370
15843
32780
15848
31499
19797
23454
15777
18726
5919
30153
4900
26847
2604
6285
26122
3936
2170
21241
20516
38779
30888
540
32381
26281
19273
19564
17131
34265
33211
9492
5137
10390
32422
5692
37554
25759
24587
4879
14543
30064
25537
30743
35798
11176
2739
12885
34105
38752
9962
23557
33614
30518
22008
36316
3146
2793
27940
4525
34874
35101
13555
13244
498
14312
21564
17680
32024
29881
3176
21123
13126
7788
10436
5533
38353
38579
12812
3817
33225
33062
38872
32947
12320
36422
10924
7623
25525
7784
29556
30836
38454
5488
24184
9219
3799
26606
30619
27449
19242
8198
28784
24916
25188
4702
38494
20814
8310
34819
12141
6570
34864
5365
26979
26783
18863
23217
23142
34519
1551
9482
16276
2757
12406
23370
14559
13543
31375
16708
8775
383
31298
8324
38527
33057
24496
14041
2989
28989
18428
23985
2372
3291
16963
8976
26806
37408
20043
11875
2819
251
5274
1678
14416
24373
21092
34535
35967
27784
4924
9240
3637
31680
12042
3022
35943
25061
13769
16562
35059
31082
24862
19056
34618
4912
29095
35424
8245
33853
34890
7432
38680
5470
27177
10295
3095
3184
4676
23976
35276
28324
7250
37939
11009
35771
28081
28570
24908
18960
20900
350
5541
15756
5728
15550
5527
10157
17157
25623
28543
28125
31357
22707
10543
23550
31553
4427
3827
8934
17883
10210
1671
20067
596
962
33687
8402
3841
18367
24223
18083
23496
10066
21585
31759
37712
27863
32053
30868
13961
37373
19174
5879
23682
12424
28717
33995
15590
15474
13061
6517
27256
20782
4228
36280
5323
1906
16991
18439
2892
36450
33688
38759
25512
36431
13296
2262
36801
15177
21284
36066
17681
10589
25709
11915
16897
23123
28284
23340
10907
22436
16470
8146
23022
20589
18390
9986
1
18082
15626
37179
18352
36621
33666
22159
34708
26736
16473
780
20132
13884
33415
14925
36507
21716
11765
10937
31400
4818
17672
17920
30642
28854
12571
33663
17280
21356
4161
2057
1116
15704
23889
23398
5534
30522
35179
9144
22169
19041
33899
11553
32242
26509
37406
3891
227
23011
21195
14526
24065
20768
617
29492
16080
17719
13969
12644
13539
1739
3447
34360
5704
12790
24400
37254
8992
4761
5112
10870
23907
2960
33083
8942
24989
774
14532
8252
20509
10310
16615
22279
22712
33927
9031
8423
39073
14257
34268
17687
23144
29800
38764
26060
37615
23378
34584
13880
14469
10106
14866
11585
1144
21391
17795
16802
6074
17185
15185
1606
29882
34575
27686
10959
22617
37098
25561
37521
21925
36914
16035
20340
13603
26939
4794
11452
4962
2685
3652
10300
30327
19707
17774
10387
9664
27367
15105
30676
31671
3958
27001
32455
3991
39037
36072
33624
30548
26415
10869
327
22215
3033
3660
34978
6546
20293
39009
34771
35494
20543
35865
21228
14901
3916
13789
35054
10168
28749
25554
23944
6194
12773
36862
34686
3669
27966
33749
21227
13875
29944
37524
18233
37285
15451
17836
1036
38612
25295
28993
15462
38501
15368
37227
9848
15586
5952
32546
26476
27732
6917
22111
23118
27493
20781
15877
1441
33621
5348
4091
33896
20673
28508
29967
25868
17949
4985
23986
33932
13581
37946
22655
1932
8883
3286
38470
17856
5
37099
18176
11781
14595
33888
37229
17400
7322
16945
35035
29426
37559
6221
27579
1984
9960
28904
9198
1626
27353
1037
36882
32833
24748
1891
27729
37707
18365
8981
25089
23016
20393
15243
15782
14729
24599
13761
9271
3058
6257
27214
1858
15608
19625
31965
11105
22534
30702
13977
15865
23325
13399
31854
38413
8913
17552
3894
7191
23014
33004
18175
10439
7195
2447
21055
2847
19003
20391
25616
8044
12334
11082
21118
22704
4514
7753
26776
27494
13732
37685
14829
10148
34544
38570
88
33132
10831
28650
1505
11390
20762
35080
14791
13813
28030
16990
5565
7218
17771
13538
35302
5643
13406
32632
590
37561
34968
38878
8835
11290
2391
27391
30111
22469
37799
6037
15538
26773
11752
30373
13668
12570
2470
24581
23510
14586
3881
35098
7062
31127
3079
13144
12294
28695
9050
25669
11271
28736
32585
11234
4467
20866
30362
28349
18587
16167
4662
5065
39078
35563
32739
27185
5514
21526
13243
35910
38851
33
28810
37444
30007
37552
21761
5653
9046
22957
1604
33430
23518
38340
20382
91
9304
28532
33462
30249
28445
14995
605
15650
14608
28067
18152
25353
2281
851
6362
14368
19954
19872
5836
3392
85
11850
12973
31108
10819
23895
27713
17914
29065
29006
37319
1982
5956
34069
37071
22203
23075
23479
36132
30352
14278
38968
7911
25931
847
26578
22093
28943
843
10770
36063
14795
27745
10464
25349
11463
20545
8821
17533
36326
36602
25536
31242
5384
6230
5593
2133
28990
10782
37957
10498
1898
22361
2597
20818
36798
2396
4902
22762
3485
2542
26658
21556
2031
19260
37438
6226
23143
21342
13584
36736
36465
5427
27039
955
20271
14463
28676
29171
25409
9760
2555
31032
3126
31292
26044
2188
29808
28147
27605
12187
17437
18808
7534
3900
16069
22077
10955
3990
5459
37984
14383
26444
12465
17266
1826
34195
4911
19385
5456
5210
26663
30971
19561
33869
6510
17371
3466
24583
27376
27693
24871
28767
34654
37528
19340
15324
17547
38234
8728
25395
1588
7899
18733
33760
36174
31277
11724
7900
4221
34127
19818
17535
35144
31038
29649
38583
28998
32747
7708
4776
20196
8207
24843
29821
8960
6646
18924
7197
1085
2444
12566
14764
25657
10757
37899
38592
30861
32155
30321
2207
7093
36881
31306
8642
26324
26177
20553
14514
32506
36389
35152
38708
12122
35552
32039
17143
24582
18417
22793
17983
11247
36569
9340
6400
9371
35238
12043
10233
25755
1365
20764
20689
5236
23637
281
24841
2795
1625
9387
23599
34594
7859
34056
21813
8583
14461
34590
13206
6205
38891
36589
29602
6805
36169
23752
28060
30077
5136
15795
10637
10626
3130
33539
8343
36776
15778
26889
30808
12519
27363
34219
22427
18310
14844
6887
30463
16782
19285
27532
21455
29836
5911
9129
4402
25496
17499
33069
67
20484
5963
33919
4742
34462
3533
25959
16166
35209
32458
28096
36898
31296
21230
179
18363
24541
13482
21810
30551
33198
13885
32499
16043
23030
14842
13259
18656
9181
10074
25230
33379
3480
28434
26733
7979
22904
36090
32316
19651
22713
23450
14040
5198
1698
1974
23494
7817
12268
15142
26464
21758
23074
3078
1714
14548
11767
31239
17702
33598
27742
38191
10677
12019
20559
5750
15607
38003
5926
16126
22316
1809
29498
14318
10848
633
36682
18595
36449
9262
27534
821
38856
25686
2506
13042
13036
11355
36854
30977
22152
22339
30834
21235
25021
24017
21726
17365
7612
5174
23647
31428
30320
16085
12377
1764
33974
14385
11903
3734
17578
14224
26484
29810
23537
4272
26810
32390
25445
8763
16647
19994
8011
6013
12357
3673
9755
16764
1014
18463
27988
20234
21316
17752
12029
36154
2773
16266
15059
37143
15561
2500
14223
34027
16462
18161
22660
36778
35497
23009
27521
12573
15706
27035
7467
16452
418
1624
19984
3914
35434
10850
22978
30310
16501
32467
9342
3850
32080
8055
10786
8347
37056
36945
36150
6319
4782
10442
21437
14152
36720
23905
37488
16142
14671
1045
35695
13989
9565
30778
12326
15049
10258
28812
7130
34397
13678
38567
24740
10114
23583
21953
882
33963
5936
28129
19739
9471
29192
36
28813
33813
16830
30763
1015
38705
22817
29731
6032
30653
10418
21320
35635
30535
368
16918
26535
16053
15619
8957
33478
20523
9508
20733
19664
30317
32157
36773
14757
28818
9899
20055
30159
18171
36529
25932
17577
17329
29853
5613
28593
38806
7118
8150
35406
15129
3472
6082
20988
234
36106
14924
8225
21032
2661
22368
26305
18681
10664
24246
14105
10960
28547
7075
23523
2927
13128
26964
26815
31521
33219
20926
33321
29561
8410
20222
1510
36615
13213
2906
13832
7529
32815
24188
28933
116
26531
23568
20225
24606
33247
25672
5583
9572
5213
16375
37152
33082
35683
37413
3313
24014
32337
11621
37274
1150
38638
20081
24270
8673
28876
30675
27002
36647
35615
26500
7226
18804
7634
26641
29807
7737
9857
4600
38666
22912
4040
8191
30602
16123
29751
31902
3629
26307
10318
37490
14073
9048
13946
31123
31778
29624
28286
37966
19608
14003
10004
20416
38007
10431
16018
1090
8043
30192
10046
4803
4592
20499
14183
19775
26266
8767
36670
20945
14507
9307
16074
39085
9102
38769
4280
18512
21010
21491
5081
12540
22646
29647
1890
917
19488
15296
18395
15159
28803
7904
32221
33342
39050
35699
22067
34010
26217
34173
19176
22338
23628
24306
23044
27111
38525
31870
14772
16926
2055
10463
6220
37658
1018
21315
18051
27116
19291
22584
24815
38577
29573
32629
16231
18769
15070
34246
29643
25963
27324
4974
32519
23672
38290
22219
24433
19828
8050
19361
8956
35377
12234
27199
12277
21549
18759
25417
19356
19966
12335
18712
13939
23850
31252
23767
2186
516
30382
20076
29059
37102
11705
9737
15006
11203
28430
3926
23086
30932
34473
5038
31968
1941
8351
30779
24074
26297
37687
11645
38331
35481
19830
10154
16967
30229
7173
10909
35883
26199
12803
3954
33557
10017
7165
12980
17052
5577
20903
38870
28731
3012
20959
31039
34814
12510
33658
31640
22653
13021
19083
2997
8971
30433
7433
18224
10364
25348
4060
6834
34554
14652
28776
28144
4802
21974
18103
27413
37628
10188
12781
1833
1964
4362
5536
23901
12282
37245
17100
33389
30996
15842
19669
24766
38324
7102
32503
25003
15878
32168
4909
9531
17988
18384
13410
19498
18926
17885
36440
33733
13008
14807
10970
13508
20719
6532
468
22221
26665
7054
18893
24585
30081
12762
20769
458
23771
2580
1915
15741
8641
34191
25481
24008
32795
4385
30905
29613
19527
12002
3831
25151
21296
3865
26741
10852
17638
3180
5959
21100
11520
30227
15630
13303
36681
19717
25423
12556
669
19510
8188
7404
10182
28562
363
1620
31112
20292
38863
39046
2999
5747
36315
4108
25936
15012
28162
311
29107
16860
22119
33304
3072
10231
19768
27890
4391
15055
37718
6167
25443
29653
33915
33633
3208
12888
30133
18787
13902
36273
33278
21524
9691
4867
19614
12530
22689
32990
14744
33382
1900
4021
1360
38415
17105
4831
33370
19800
37959
24878
38083
26984
1063
2095
23399
10129
5044
28634
33428
38053
25429
8607
30735
4401
30136
909
24784
6857
31706
35020
2829
25154
15657
10417
14629
32556
18425
11215
38112
22873
37185
3082
16783
1444
18249
18467
14132
15651
25565
37504
12407
1892
7270
37897
1693
35606
3951
24918
23845
21445
8124
28828
32858
18382
21966
18597
15363
8269
2815
31673
36081
7289
10809
14836
38138
25601
14562
29742
38812
27497
26086
15519
30255
13026
25692
35392
24812
17273
29780
7656
29971
11671
34055
8243
10329
3169
6349
25786
1769
29734
611
8565
22422
36689
3352
24846
1473
26992
2216
34823
38065
31053
6980
32992
28086
2419
1440
15171
19180
5681
36575
23072
16924
13352
34114
25930
12473
37667
11190
6818
14161
34638
16982
13511
24602
13332
19387
6836
37138
13846
13882
7312
10923
13014
21417
29805
19403
30882
25641
25214
6279
23347
11383
17208
12867
32031
343
24904
24382
30160
5898
32113
37108
34797
14328
33990
5324
30803
17734
28300
1348
2887
14030
7079
28208
3271
26222
25921
30752
22714
7334
16300
5566
18599
25744
36885
34185
2103
497
8074
19404
9867
26034
36022
14334
5520
35457
6254
30774
31340
23117
4539
37248
6538
17523
10245
31949
24182
2434
19494
7518
20046
27723
28016
29156
16972
27779
11753
34310
30829
19888
6354
9627
21515
33718
32099
30271
12203
18954
2626
38219
6344
18930
9082
17269
6602
21894
32079
30812
22390
35364
30000
10307
31814
21087
23713
28063
30464
36567
7894
30330
37259
12599
13049
2264
4317
35296
7571
20601
23452
26445
22699
31423
11202
10702
25648
5909
2214
20586
31838
24698
16735
14007
5207
31391
38683
6886
35450
24160
21723
38481
13943
14249
36186
326
27489
11228
28857
34436
11710
25370
21837
8499
25350
9687
20636
14654
25919
7723
14888
27359
4048
12472
20828
3162
12801
26419
24022
30916
14770
23485
34073
29313
36297
24548
6501
12513
33015
30488
12059
17477
32868
13586
5109
6988
7613
15503
36961
21496
35665
14435
10925
6050
24732
33772
1410
33231
29732
21355
2185
4763
34959
2161
38043
24644
6075
23556
5639
16403
37356
7741
37527
28966
22889
36802
4153
16992
6911
34729
12708
14441
9014
18789
5347
26465
20790
18739
34821
18836
15946
17130
10492
26993
12247
23220
6069
8385
12224
34581
34089
25680
38376
17929
11207
30485
23469
27238
26037
13656
27791
26083
19259
12883
15362
90
37726
38901
7163
7135
3851
18680
34940
4834
12848
5246
38992
3910
3955
17729
15280
17348
17027
27173
33196
37400
12543
141
15994
17191
33217
18566
9319
2766
23121
4443
13478
8691
19354
5380
3998
18484
9092
6357
9288
32160
3512
2916
15616
13608
28842
27750
36133
21103
39098
12515
15013
38761
5645
12278
33737
9389
33655
14776
1875
26645
15628
5544
10881
3383
32283
20591
16639
13739
37517
3520
11079
14879
37582
35774
21338
11849
37589
16399
30796
37256
2284
9712
33862
27990
3362
2432
119
24859
17845
3964
35099
39067
22543
28916
35162
3587
10564
16277
11571
8869
18732
31724
18652
34226
33840
14702
25991
10272
3115
6710
29512
29149
38537
31398
7366
12005
19371
23706
9569
24173
246
35872
19836
19418
160
38473
6366
22182
33384
30313
25307
21164
21653
12436
18149
3172
23257
23281
7528
17585
21771
30435
27712
31413
28839
5987
37317
7472
25143
10457
27901
1934
5749
21133
32630
3628
36977
16858
9540
30048
24228
28623
4175
35795
19901
5023
36403
19091
5675
16331
30100
30715
1539
4785
31590
29973
12354
38751
4248
6163
3252
19483
25760
19673
3756
37581
33461
30870
33329
1434
7216
33201
36687
31897
37240
29814
22248
16230
19477
19437
21570
1272
18006
11323
34723
6260
5673
9707
34534
34320
154
21555
30887
16173
5758
2882
24021
7188
10051
6826
25206
23242
37551
25459
36637
9079
6799
3688
25400
19457
827
2240
10273
62
18184
16491
19629
13420
34716
38259
19911
6604
27310
34437
20064
32525
10713
21843
30972
28326
13682
35678
32281
38215
1755
6997
14485
17691
8192
4710
16117
31102
948
23539
24024
30855
29797
25981
36699
17155
11245
12074
1418
37395
530
36557
24025
33286
24401
27266
3068
14513
21625
18855
36056
25866
2925
22618
177
33972
27093
10239
14070
24216
3306
8400
9011
3559
36930
36313
13140
31324
16602
12147
15738
17968
18261
13288
1316
7594
27639
8234
19117
36962
35182
27459
27057
35521
16067
16724
20045
33642
35516
37022
3290
22123
12500
28955
13710
9130
19565
14245
8880
7758
96
17057
15493
1284
33459
26343
38371
11278
18133
26473
11332
29033
25265
39116
4440
14101
8354
28055
12682
23111
7647
1433
11666
10562
20568
38130
17511
6302
5244
21372
3513
37162
2232
2605
22174
8119
6278
37358
24936
9336
9665
3416
23581
34663
23823
33140
24960
21097
10131
8809
365
10837
8030
26518
38936
24097
6469
9220
32508
15911
14797
8200
16353
19703
3690
18830
575
32323
16778
5734
32263
36716
18890
30717
26648
3324
30162
19358
17275
11732
4821
16934
27593
31848
19476
35321
20692
2254
2692
11775
1389
15308
8348
32543
32742
12336
5302
2718
37076
35949
11949
35785
33567
16937
8932
32371
31300
8650
24059
31865
9670
10511
8445
37673
34824
19378
38310
36705
30044
29367
36903
37991
28272
10956
5921
20953
30072
26452
23589
25191
24882
25388
14679
82
24435
11250
5799
18608
7443
20321
10125
24004
4758
2708
10388
29521
7976
22054
27461
14221
6955
5247
20184
21520
23350
14211
2621
8151
19365
20036
3789
23683
3832
34634
18014
35707
32621
20442
10259
27672
24339
20728
17936
9256
33645
37915
38723
34734
18731
38749
31700
34904
17512
23489
12327
37636
7545
37580
35024
23262
27247
20127
29904
16520
36193
33684
16158
29414
19432
22395
14382
19806
33979
10703
4789
214
30981
14330
3226
26459
27925
4644
24411
5906
22944
4495
9446
25
3151
11334
7194
27767
21809
38157
8214
9239
26997
12468
34321
25508
32919
9593
14745
422
10086
13858
9786
23903
35451
33942
1265
5299
6780
20198
19603
3646
20363
474
24256
23361
10483
5477
31660
32948
17164
19606
26059
14831
37290
36698
14620
33558
15909
16011
13502
17305
22375
28953
22038
38315
15489
30472
13134
25093
6193
24765
18007
12705
38328
34525
18714
28740
849
6015
9171
18139
32029
20339
1363
10650
37257
11168
29432
10540
26594
26105
15747
26833
4595
9555
9062
29034
4196
20163
18111
38905
20810
1183
21369
21239
17642
6341
31757
15575
35760
38853
14355
33698
14230
36347
22742
2029
264
16518
38699
24573
2181
17660
30368
4019
22408
3451
31929
31771
38979
24304
31445
28447
34558
18583
22473
15772
34426
11327
11380
3211
25274
30852
31358
14889
35933
20695
36493
17605
12208
10452
36261
27140
27842
26449
37605
29986
37182
23276
13285
7291
15727
31863
22865
9450
33701
4786
20597
9844
27331
16771
35591
7761
27032
37349
9022
34988
30826
12078
5053
38049
12338
6962
1638
19148
16550
32265
22429
32758
15963
28980
8985
37321
8982
22354
20746
15708
25020
22568
14957
6227
10646
33150
31383
35242
26327
21619
29564
27120
13594
36555
1477
5545
1382
5004
5114
12620
3336
8458
37736
35480
6178
10632
25488
17545
36220
22833
38782
32434
3917
18366
32087
37964
6208
22418
38136
37657
10266
24791
28796
12820
27970
4750
34017
15746
8554
21697
25125
29549
13281
5618
6831
32191
37465
32938
11019
7482
28935
28743
18936
14139
28184
19046
13029
36655
30576
11575
1454
8181
25917
8636
35650
29292
35654
26009
32619
17713
18542
30031
31986
25129
1133
29716
34779
33820
9488
12068
17211
26522
38141
32952
32591
2301
26093
18087
12537
27074
29723
25345
32658
33432
12370
4951
4828
2134
31589
7107
7339
3923
11209
21896
22031
31942
14423
7453
17281
26962
4724
2139
38802
27277
2590
20304
31089
26483
3766
7444
35875
14920
38659
5111
24966
17132
26938
14384
2996
21735
6991
6528
24827
19369
30046
6265
12579
1141
38965
760
34961
9378
15277
37499
4856
26025
18633
15180
1093
32493
10473
2509
34724
31733
5049
16707
23514
20496
6827
34973
31345
6579
18299
22046
21615
10723
28059
1835
14270
12085
30584
13210
26729
33677
14320
31682
27306
229
18970
7023
915
6648
1702
30517
21553
38434
12315
13422
34586
30087
29867
7494
38245
25753
28494
11041
36946
38021
26091
9921
4435
6071
17877
28944
18809
14346
10067
57
32510
37410
11918
38468
600
2082
6287
35686
11275
28683
35064
24933
36911
35420
12693
19398
10602
34746
9730
602
21815
24897
15633
28738
36953
19265
39063
30770
30263
36247
32950
35258
13261
15320
21031
36806
2758
4260
9958
23321
35386
23566
10582
11120
38964
27031
37535
15342
14372
15768
17195
23734
31719
1749
30357
22332
28907
2921
36837
11900
11025
10232
14019
17912
35618
12007
1099
22364
8543
25965
36365
17973
36104
15600
32396
12833
29576
19133
17833
24190
5301
5042
36535
961
9517
4398
13135
14950
14282
14490
25629
6739
29965
26780
11343
25242
10346
34049
31957
19679
34831
28453
24362
19616
36030
3562
34947
36886
3067
20323
8360
918
8160
37228
33562
31194
29725
30528
11891
26905
13484
2710
16833
24427
4590
24366
35800
27610
25000
2601
29383
4554
36679
37289
13750
39006
6185
1569
26678
12960
4801
7031
12166
23049
7939
25954
38286
3123
37512
6121
37722
28515
19352
12675
23590
17584
28684
20070
4921
30967
29924
18666
6434
25235
30667
14922
36820
22088
31908
34612
22519
10563
28167
2524
25621
24134
36941
7642
18715
29085
18686
33630
864
11139
19937
23475
13626
8667
10822
22528
17297
13963
12526
18053
35323
3161
38214
6823
1726
11830
19092
24537
17250
24545
20630
1763
35221
19434
14677
20280
32666
2263
11631
19795
5336
628
18611
10604
30193
24569
892
8953
4444
14276
3021
19292
12787
25108
20851
17700
26300
20502
16889
31813
35172
31935
15442
24702
12631
25223
9209
32199
27714
12253
19213
26047
16704
18042
23505
4112
31911
29840
33533
13972
37032
20063
23488
27722
29912
34755
32117
11713
1985
33229
32811
38832
35185
19171
37269
16197
15907
21794
24347
38488
21591
22992
2204
20944
6470
30447
25378
9640
6543
6849
1987
11808
5428
16075
34177
23646
24213
6026
11909
11566
36289
12921
22620
7952
568
12484
31401
11471
30188
28403
201
33386
38062
38232
11046
21559
7114
7577
23508
18922
22829
2295
7005
36998
26689
4781
17059
4399
24283
20889
22069
20536
4324
20837
35498
11971
19941
12127
27897
36212
2898
34571
5135
897
20
37919
9354
29878
33099
3506
5569
14508
12913
25199
21348
16733
12056
1341
4940
15509
3591
21501
36477
33946
2379
5970
27899
4952
33622
32804
28019
20432
35456
17161
16622
18866
20640
29143
15133
21022
3966
9395
16648
16481
10524
31951
38903
13526
2768
8477
29422
36897
24221
26068
23064
34122
30660
35849
9646
5258
36047
32066
31552
5409
27141
16637
38533
30634
14444
35068
12815
5205
19127
2205
23931
9108
32771
32007
29058
16477
15665
7866
23701
32946
35831
22254
34815
31930
26276
29921
37532
9510
17926
11600
11528
30515
33904
15955
36775
33570
14364
36576
17240
6266
14636
27783
37569
36968
14465
21399
24807
27741
32131
26517
14641
35583
10150
38603
392
36880
31137
30403
36129
22461
36902
12727
28667
1771
216
4968
38634
23614
30997
1909
16393
12344
3554
37839
14064
25853
38105
32025
16862
4887
24227
35756
9686
28755
16641
11860
16338
8714
7465
35292
10405
28172
36471
22465
15501
30747
9590
18672
1823
215
33495
10226
35163
32966
22631
1417
27772
28465
194
8711
12754
21256
17004
10981
22322
34721
23388
4215
34853
28214
8378
5977
7408
38542
35270
32459
18950
17341
2810
17773
36446
12430
33048
13936
9122
38226
37614
5353
17788
16303
21201
32725
25278
6812
4788
12151
36386
28511
2183
2033
335
13557
20350
36609
39034
17895
29507
27513
18819
35442
25775
369
3874
25135
20042
26294
42
37810
36444
13929
31217
25743
21086
30677
31806
16156
25120
585
19748
30546
32398
5367
24475
13881
31317
30740
19128
36319
3223
29794
31747
37997
7177
17324
22052
11719
1426
16103
27566
24919
34691
37620
12797
4297
32380
19111
12957
33833
24056
25241
33735
2156
31668
8451
22177
12615
6028
27097
10081
19338
35835
12274
8643
3444
5440
14538
33285
9862
38069
1142
22420
23128
5885
13497
22703
31285
17147
33835
6922
8163
38565
17995
9928
20152
1856
18594
14258
24777
4791
28210
10094
28596
21892
21247
20969
16681
18221
36630
13389
38574
28566
36236
5303
24244
29201
28331
9906
22682
34828
4986
34355
22598
14827
32781
25705
11985
20448
23689
8668
28090
34807
5408
23059
10134
38826
23507
36767
24913
36350
2215
23624
3594
37698
29391
10355
11136
8099
1578
20690
16023
15779
34820
7539
17108
15004
4085
27200
32146
1301
11681
18494
18482
6676
19238
6204
26188
30941
19900
8110
9681
19116
426
13773
22901
32464
9583
38653
8670
32913
9908
23249
29362
27633
33437
2334
10456
24456
24310
3632
26432
28368
36727
31411
5084
3541
22847
30718
1748
27481
19834
18005
15613
6242
3909
33717
24237
24026
135
6021
16754
11848
38004
20297
20705
32026
19380
34352
37126
32763
193
3511
16488
462
480
1966
24737
12609
28603
29366
31315
1506
18903
21294
25540
38541
30
12610
12546
7573
26438
7624
30215
25101
4036
37308
3944
24746
21431
9385
7069
16554
20930
29792
4426
11317
3329
8601
29142
33055
21279
14943
34331
30733
24711
3754
2338
30806
30694
37689
35075
24447
37955
5434
19721
14700
7514
34569
6880
33071
16130
30131
33106
12791
22810
3455
28537
18751
27578
8449
23315
10740
16238
1146
11993
34053
17242
33114
21941
2955
37411
11353
6563
30775
29911
21102
13620
18468
24706
28148
21530
19103
25309
22656
26849
30903
23547
8137
29568
31045
984
17289
30217
13658
3575
37115
38562
37391
18030
28267
38900
7306
3614
36578
2875
1910
32773
20264
18462
31084
5753
31288
3947
21997
15945
21065
4797
14528
36426
3450
8383
38194
25086
17095
29939
5903
37626
33683
13565
33032
19843
27312
8452
476
19143
14906
35869
22484
22249
8832
37016
28159
32871
36492
6148
22389
21074
31515
5014
34366
1652
21013
22245
21721
21030
38973
7089
9746
37690
24177
26869
28865
29434
29312
29674
5075
10034
29535
20592
38327
23305
9096
4819
9444
35298
18786
38213
5259
29891
15587
38282
9976
16617
27155
7967
11559
32255
30246
8586
3854
13831
1912
5658
31689
33276
17615
29656
33994
14093
18017
10484
27308
6575
3613
29522
26181
14228
17779
36333
36926
15122
26728
12924
22366
15323
12328
29525
11441
9513
38204
13777
31322
33886
29265
35248
26164
18516
18314
1924
14380
36740
23082
34021
26237
21598
18228
25152
24080
26676
24354
3035
13806
11446
28985
16133
28911
25320
3775
4271
25694
7260
4890
37013
27854
23716
23577
10448
1523
36859
38558
10739
4688
33250
3276
7665
33003
16727
37616
39041
36383
9324
3550
37382
33901
17498
10058
18752
33241
20424
29519
31184
4245
35939
17814
7136
12340
7349
22128
24572
2251
22475
21198
6644
23146
8185
23580
31453
29872
22686
7862
37107
13272
20230
12107
19649
20886
7385
26664
22417
32810
30965
13310
17343
15198
35925
37857
35081
14252
4052
15041
14150
38647
37983
2129
11996
27187
1328
22346
1431
38632
32081
4422
34748
38401
17386
10135
26120
6418
5558
24305
10779
14430
24278
1484
33559
4863
29359
4978
25284
23423
29115
31811
34939
16635
17456
231
608
22599
2303
15967
35094
26719
13115
12860
20540
26413
23751
27853
35580
26052
3235
767
26180
13916
12560
20220
19660
32489
3686
1383
9479
410
14963
4589
33706
3737
10084
20594
15285
10856
5349
13473
37081
17322
16145
25279
23112
27547
23348
10645
31488
11501
16578
32270
4706
35651
6018
13262
15546
4400
28782
26201
37980
24741
17769
28192
8516
974
419
32889
3758
7253
13153
8314
32935
32190
35102
30091
195
20756
8040
36797
931
21734
37494
9133
27416
8834
28134
35231
3698
15717
555
1711
5657
1831
5215
21507
35981
13109
28157
12837
7672
26242
20426
16596
27049
27067
35367
23418
33040
15092
16097
16079
18285
24682
37908
33189
24666
8774
10402
6954
33671
36004
23206
24112
18822
9785
20515
3906
6516
6187
127
9523
578
28391
2257
15700
3859
23626
20166
36738
30760
14155
29222
14960
14940
24324
8921
28082
24633
38092
23613
30168
35750
13349
32067
28140
32090
26612
20581
25041
15653
23178
189
14826
22943
16120
1801
13009
5886
30513
7063
19251
30272
22705
38247
26229
19049
1023
10529
6539
25168
4063
32652
7166
5869
35611
22014
38469
989
7856
20208
35529
15087
33538
12117
5206
36293
3247
17231
3088
17715
28288
38323
38114
31651
28553
29439
34672
1310
18097
18937
33291
32765
5968
7864
36625
31676
10304
26138
31156
25544
36148
22103
5162
16938
29584
33463
32684
28252
19813
8628
25970
7476
33318
16557
19135
5385
11594
11253
11408
17951
9672
25701
36751
13688
37214
6211
23584
2311
31251
35862
8537
16713
20141
29650
30683
26858
15856
27812
14206
33213
21024
35978
563
18026
5041
29323
4497
8623
27768
12541
7720
30004
4379
10903
15284
19321
23360
28621
29258
14243
8657
4103
1511
35127
32520
20450
24441
510
4253
32259
9758
28836
13663
8054
3138
25371
6043
20681
28341
31601
18567
31142
3420
23764
19497
37694
38776
14204
8223
14115
20513
21082
15396
22781
9579
32073
27703
11686
38031
17969
29985
21824
24985
6846
13734
14587
36226
6425
4822
13252
7470
35514
17925
5179
13132
14180
6098
23864
13360
29000
5234
26385
11667
26479
31690
7511
17503
22766
30767
16084
23122
19190
163
4957
11620
959
35459
9183
3470
37608
9484
24073
32533
14306
11592
18284
24370
14530
28458
39035
32152
30744
37663
591
13571
18543
29169
3560
34037
16906
17657
18588
28302
1104
23083
11833
11414
33807
20441
1816
13877
22850
22715
26017
16170
8738
3609
25444
26321
31266
16856
27624
9419
38880
34893
11397
6437
756
4489
38258
23690
38417
25756
2609
4469
23802
13519
16892
21765
38198
28362
33521
35706
170
870
34768
3386
31022
27404
32365
23656
28814
10197
5867
7547
19323
8020
38367
1498
33587
35837
8022
39106
37922
6902
33636
23149
1768
30918
35211
5845
34954
36654
35868
1938
11438
3431
37298
14407
14635
4327
34564
27586
2700
25524
8209
10567
243
20888
12037
38185
18955
31918
31486
32778
24151
18585
12842
19542
22522
29931
3204
32161
27249
18688
30959
20694
15947
27042
30864
15208
8777
19534
18372
7457
7451
29083
20836
2931
24680
19825
13379
19553
6229
29596
37775
29678
6439
23964
31912
38471
31662
34369
26674
32492
15831
22493
27682
34164
3671
17117
7159
10023
25832
27871
2769
15167
21772
7798
12585
9032
10341
10843
5711
34543
36519
37652
15422
26787
34220
11531
36290
9804
28592
2745
15510
28363
25007
27452
16750
34896
2039
15686
16444
17942
13159
6876
17705
22178
5145
25546
21347
36538
36636
5455
8264
1876
24087
8169
6872
38738
15506
19914
14611
25055
29094
16721
1299
14392
31632
26887
18663
21419
21088
32751
1923
28179
23894
7515
34960
27402
23978
31278
36603
34234
20168
12578
3037
28251
32743
4562
24687
28077
14673
17124
35466
877
20618
13651
25150
23260
13045
26926
4117
13956
18033
1164
17454
15864
28122
16027
598
15998
14069
27386
5068
21414
33338
31634
37987
26590
2547
38097
14079
36513
33555
32362
11935
3051
12394
16816
14688
18758
29989
3025
2158
30912
32086
3703
37209
31110
32813
31211
7086
21301
32330
16182
2431
1862
4934
4144
13387
19048
37814
24926
285
25004
17421
32142
37404
33548
15260
33938
9971
14127
2800
34664
22641
2792
19943
21638
5085
38110
34299
26851
14484
25830
35167
27765
19489
26762
33848
23438
21305
25660
36786
31950
16970
8569
27394
28988
22542
19005
20140
14287
12948
17685
28154
25867
4267
30346
6379
1879
30525
2177
26910
19976
17886
3305
36536
7230
16823
7014
12380
12880
29157
26247
18465
35315
23886
2728
28109
13646
20368
13731
21282
23844
28014
28320
18658
8484
16891
13165
38289
25792
18180
5178
11933
36091
37564
28622
27295
19897
32874
14462
15232
11398
9837
19725
20423
29440
15535
6207
35311
28142
1239
33274
26603
8548
34983
38834
37210
4878
30180
26643
38933
22301
27106
790
5901
21909
11526
1153
544
28153
32685
1097
23151
34216
33170
263
21413
29969
24667
25454
13224
36086
21194
13227
15595
35742
35569
30101
10474
25099
34636
15439
15058
26288
6975
4800
34713
9131
25619
17447
16015
27243
20707
20383
36308
27511
22570
26396
3659
35671
13095
33709
30152
29562
27491
38406
6443
21304
21919
16749
9413
12303
27078
14478
11785
36407
13143
18081
23127
18694
36136
8525
18114
23473
15267
19326
4651
34231
23724
10523
9907
31899
26196
13597
20497
37000
6081
16959
16541
11211
5480
3228
21021
9176
16674
20223
25635
13655
17758
27641
26460
23612
6131
10342
10338
27192
33100
6360
11321
37375
403
15144
38033
36892
10054
24507
37631
4907
16911
17398
26588
37242
35440
34111
19922
1078
23597
24218
387
16993
37822
24768
2612
37320
23387
3231
37028
25249
6915
1334
24909
31238
5346
25367
33359
6753
5469
33412
10101
24051
30690
33616
29787
17167
29045
10692
34068
10783
32645
14340
23190
13001
1519
36299
37202
28647
10861
37963
13672
30145
7424
14989
17989
32292
38865
7670
8107
20914
34585
21464
27065
33742
1211
2097
30831
33722
11436
12499
37473
14741
4975
37066
886
30137
25034
29356
5054
36248
22782
840
10737
6598
9456
34407
1297
29758
6865
38370
38394
31984
17459
31563
12636
38022
38042
38034
26615
22744
25611
27653
25773
14248
4212
38927
5559
26801
26779
21396
29127
6274
37895
32442
964
18738
25789
37154
32859
30141
36640
25075
28095
15977
11071
31600
36275
33365
15660
3710
5600
25068
27375
17653
10825
8977
15279
21848
16098
5622
38982
11292
17066
15428
7700
19653
17855
24613
15117
18391
29261
27013
18337
31263
28120
4100
6755
2959
38123
4229
20296
31704
8395
18625
35601
11474
30329
12410
15393
7261
7558
38566
34350
12080
34679
8891
34747
21427
39018
33960
10756
17618
32697
23946
2677
31435
21906
19807
27028
12978
37556
2320
18237
16302
26404
30988
2152
6453
3334
28500
31498
16799
17913
22447
10521
34484
21310
8317
2514
6137
9696
16037
31270
430
2649
25573
31459
20749
8344
3432
7407
35277
10262
491
31257
4442
35304
19786
5610
34296
26820
9942
18598
17896
21684
8710
29361
28069
12680
19991
36396
23344
6072
38656
13876
22380
396
14660
5518
6916
13810
6959
31402
8664
32432
11987
36516
12010
3209
27344
29300
9810
34855
3103
3626
4842
25427
21908
33819
24625
9199
35348
25115
11500
24629
18046
31685
19081
1774
33273
31028
38243
25329
13050
16475
19410
20202
14260
6617
38298
21857
19644
30241
7869
32277
17528
1564
16021
28664
32058
28597
10222
1770
36014
4840
16826
33892
11091
5508
37515
30196
2944
15429
6134
8632
7552
28639
36833
9982
15194
33738
10778
5745
28461
31363
8318
16105
10507
35688
4658
25662
6693
18803
25553
15849
7825
16985
32485
35754
34844
5691
20101
3577
4113
37041
30066
9828
21822
17738
5442
25296
39110
21767
27590
34832
15322
102
1950
17404
27687
7483
9350
31397
28402
33050
28010
15667
19150
11172
4551
32418
10091
2245
18909
34273
13669
31780
29175
35097
12938
30014
36506
36381
19096
22775
16384
718
8997
495
11923
34418
20374
34719
32433
9078
17081
38017
7440
38522
34313
12817
1060
26781
13527
31535
4173
33145
12624
2370
5235
36311
22806
20665
26967
12448
37553
10293
18767
804
4730
28451
13078
4338
14275
28006
26768
21639
26950
9438
21783
22405
21063
6124
21648
26430
16262
16213
15040
22010
20384
9643
37305
17287
9325
5636
28209
5935
31735
34297
29616
32526
19370
12733
5045
23981
6845
12894
2638
28138
32579
21300
28
23039
31641
13583
12937
31941
36571
37141
25153
25139
28094
8382
28003
11774
39028
7564
35545
874
2079
5064
35987
8131
19882
11779
29737
38690
21733
28213
16929
21023
7985
29806
16242
3795
33931
22032
21922
8958
18061
5587
36524
28950
16597
13486
4518
11733
23413
18735
34205
6990
29348
4656
792
31134
25722
12703
22922
9552
37155
21509
27914
814
1362
32210
30731
34365
35411
15886
15181
36418
17671
28878
12592
25169
5609
32302
5487
11696
32401
9638
1185
37627
9391
30267
25693
36251
11013
33195
30041
23999
27708
24234
11936
4697
6637
8826
36076
28264
22080
26315
8436
18518
36482
18454
38444
21143
6130
2058
18883
5008
22440
20723
3662
11416
14786
14283
3937
24461
35540
14634
18665
15592
37838
23465
17119
12533
13872
12318
29252
29272
2314
33080
37506
17732
7183
7244
28449
33443
15781
31822
37507
31809
31523
17494
12816
4517
32806
25551
4864
31985
3976
6651
23421
32
17325
6627
21058
9165
7051
9254
33110
18172
17753
21371
1353
29909
16352
23271
22809
1568
23530
806
21274
14453
15870
18244
36214
17997
23062
36260
33413
33078
11939
5074
29892
35023
26326
6554
33583
614
3277
38418
34913
11737
35983
28564
14255
1869
38143
22229
835
34891
18992
26662
35268
9506
37567
38748
37629
19270
7474
5914
8594
33407
10365
16125
35572
39015
24973
33928
30161
2212
36587
27011
20437
19524
11714
5762
10929
36540
3519
36694
35966
31900
19689
30575
7736
37129
39112
2386
13461
34752
2167
7380
31090
34552
19217
3056
3689
338
2347
7180
13912
14804
12751
28542
34329
23419
6745
11472
27282
7717
33866
11540
35630
28023
37772
20588
10595
23770
32038
23285
15804
19485
32862
11965
16293
18107
34987
2489
5311
11995
23776
22274
34599
31623
8649
17663
7084
16397
38923
5951
29682
25767
16840
11183
17641
37027
19988
28604
4351
14592
3792
11853
3962
15103
15490
21070
15094
4415
13952
15302
23492
35082
22208
5128
31131
30051
18291
16175
12672
2902
31475
12471
38550
13944
38845
6666
5460
9642
1709
13898
31758
28344
4256
34955
14668
25407
19160
21981
25633
18573
16389
14563
33989
31855
30688
5100
32262
4335
7567
3219
5780
23890
26835
18612
9766
36707
16538
11606
26949
16530
20620
26313
20567
25207
16646
23697
15084
15634
28880
13945
24506
12568
3849
24442
15024
30863
19373
24282
28560
18001
30946
13356
34667
19812
23032
34120
289
34957
34043
16328
14222
12545
35624
2446
24886
28379
3369
19671
5332
22497
9900
31548
36526
16695
27587
34902
32235
32735
37988
3816
4833
9586
15237
11094
31694
27206
1243
10487
16109
8183
8497
15266
1464
2382
36395
6151
32047
22053
33383
9739
13464
11887
32074
33157
33504
35547
19187
33330
26791
16875
18144
37057
16320
3680
20975
15971
38408
23196
21430
7221
8280
12413
12760
27401
4015
38339
36940
5844
10999
17731
36678
23375
15148
11104
19479
26368
3326
5573
11810
3259
16714
37921
12925
35471
9796
6558
5787
25708
11506
3738
31812
1980
5615
30929
14035
1883
38210
713
190
5338
27393
12455
11302
34341
25861
25651
1267
17875
22838
20929
38584
17745
346
21603
19342
7606
28198
35702
30539
19934
27076
14316
9545
10994
38740
35871
10794
21968
2554
36793
12940
27512
35210
25383
25469
17243
31748
21643
36080
28254
7004
37086
152
502
29050
20789
11458
3153
23572
14928
25176
19149
28190
36995
6398
27540
9189
2510
13103
35271
27910
33014
28202
10788
29456
9548
5972
29328
24192
20185
30323
23533
20244
8479
11155
23317
38786
17087
17050
21573
36032
8578
37894
25361
2966
11801
34985
21746
20404
16263
9473
717
16207
26670
5868
5391
22334
35109
17630
9597
22127
29287
19508
7804
16712
24533
15882
11049
33351
8512
701
14305
32100
23043
32745
19960
13413
2765
22654
21695
34128
5192
1446
28587
34906
39066
32180
32320
7880
23803
38135
21688
17377
12372
3642
36616
22613
11607
1759
35534
28099
24650
37870
27021
28238
15195
1502
31604
27229
24832
23558
8521
26946
4960
19425
3864
7909
1430
21575
38515
6864
18869
35349
34190
29753
31518
10178
20973
5317
3440
28646
28977
38784
20582
19987
1055
31092
13064
26048
12115
38934
29245
10199
13855
12701
3804
18191
1851
14860
21280
22692
13674
1155
36215
34778
7237
29221
11588
24027
20677
29109
13499
19100
16326
20445
15563
5850
20642
12307
10213
20561
36823
20683
21041
7282
35360
21525
25690
27574
1377
29798
8062
2053
23291
24210
14246
31019
36172
6832
22881
21255
6190
30849
8470
27281
13768
18876
36054
35908
29579
25069
9992
31753
34707
23704
24534
24847
37390
16569
11444
12673
4078
6387
1283
36425
14801
27971
16234
13083
25719
32604
26900
20478
37085
12832
38661
803
16643
33464
7060
25742
92
1149
20519
38951
4129
20838
9172
36542
3243
18899
36924
22344
24642
16612
26828
2498
18501
35368
842
16183
13184
25794
37170
38070
10052
22921
34315
28152
20760
4226
12607
20652
29741
19032
27743
25460
1897
26530
29111
625
34480
31859
9648
15046
11687
12729
15711
30603
12988
29342
32413
17202
2842
35503
293
17379
17857
36826
37784
5334
16499
37369
20313
38467
2857
19847
32500
19557
37001
35347
34476
30608
3039
1352
30592
6640
6322
24329
32867
33011
22680
30397
27119
16046
15547
21632
12964
1049
4953
21722
1169
18477
2226
17080
6896
12587
6612
2099
39102
25116
10481
6907
30013
26852
38109
26593
9752
32032
26528
37393
25829
15032
22022
11007
10277
19582
21423
18132
22988
34963
20718
35945
2228
14181
18049
5706
33210
2346
10025
26694
37180
30344
28022
32923
6378
32404
6560
7615
18443
15880
837
30898
9273
11184
10941
1189
25276
12744
3995
23517
3206
15883
17247
13746
36219
35330
17075
33695
10842
37048
31329
35876
16921
26795
33895
20461
37865
6970
37948
33554
31875
34884
13652
10297
32964
24417
2557
87
2660
35541
21605
21242
34800
15390
30187
4264
15096
21386
32085
36008
16873
33175
11447
27907
31786
33239
16793
19874
28343
26024
29126
21744
27463
17219
21662
25379
18917
18060
11664
38182
27949
19350
29495
22820
3776
10813
14876
5052
2235
14545
13074
31144
36834
7932
26626
16304
4308
10785
16305
22504
30583
6313
26103
425
37002
5746
20812
35
36729
35676
22634
13459
21052
33028
32088
30789
28074
7039
18728
20994
11818
2197
13888
26512
24665
18335
11454
9815
3694
38256
10303
38344
18096
36983
8903
29499
23060
10403
5454
2617
28460
29920
33876
3378
1186
4499
10660
11116
24286
33843
8796
23024
19839
3394
30818
27464
8779
22187
509
25957
17118
24885
17410
7391
8202
20250
4240
23783
23991
14332
6380
11789
7376
12263
7475
6929
16814
6732
8006
11723
6971
23707
26225
903
21891
9633
32873
7048
6679
35423
7660
11360
18900
32912
30399
3081
27873
33266
30140
10028
32452
4130
18245
38685
2568
21077
37074
32552
22040
20388
32565
14075
21948
32902
38311
30434
10593
30374
29373
22776
9544
23460
10607
38578
27240
4296
22959
37638
34101
37677
13022
30771
9756
7721
7933
1305
27999
23353
23996
16056
26846
7774
9568
23314
38285
2384
28724
3697
10992
33792
16168
11206
19189
28693
34803
28013
9747
26351
4598
34157
31243
11137
24801
10077
6307
732
12841
16204
11639
26922
26125
4809
14409
19246
32903
30496
16423
31198
29663
31923
25805
27048
36760
3164
24991
11061
24147
29247
38823
31091
27153
28677
17720
18343
31458
13995
10989
20113
17878
28940
16631
31093
14141
7426
21895
8369
28025
18677
33509
24632
21634
22066
6983
28964
22683
22778
37771
28863
9065
32937
17414
7740
28786
14992
36994
20417
6567
13182
37201
36620
30877
714
24063
25903
24701
7400
5230
18904
32456
19243
1347
29520
38514
8139
22206
17241
23876
12563
1562
3269
22136
17149
25902
19490
21127
8743
36184
13173
4397
32575
2407
2332
29193
37666
4382
21129
15071
16981
21125
18326
2736
26376
4233
6035
19458
21700
19613
378
1024
12251
11999
6235
32541
22327
35477
26536
17644
310
37063
22550
31000
25974
20893
10234
841
3805
31541
38046
12559
33148
36467
20194
23194
38623
32351
23157
37575
5484
1936
29743
23051
16767
34678
38050
27226
855
24138
6576
20259
12732
28389
14122
2333
23168
32042
37347
37574
28306
24959
2471
28692
5813
777
16913
21548
18551
20029
31004
6145
25699
19865
4203
34291
14788
37711
19102
31647
3993
4686
25146
30832
9910
7602
3749
28338
27114
27218
23141
29868
33414
35153
17497
19318
30820
13276
12359
21763
37661
26360
37911
14527
23006
17193
24939
14126
31556
23155
11496
13404
30750
37249
28780
557
2536
12325
35693
1916
23617
2341
27763
19970
12671
1043
38409
6688
25170
28084
8785
31727
30721
10832
12600
18181
4032
37296
24949
38231
18618
26162
2744
27064
33422
29571
10548
20024
25509
33313
39095
9132
38994
21308
36709
2750
17067
28523
17394
21389
8375
17096
13099
30208
5731
14699
22839
17378
31403
18163
2176
26534
22539
25972
5804
37052
29460
16059
36686
24967
37688
22607
33531
27597
21474
33193
29879
18124
19928
8633
30556
30632
5954
31231
7605
4039
23951
19568
26455
33890
38828
204
5472
34257
12054
22089
25746
23721
27829
34799
13388
13889
26924
22043
19696
14153
21550
10211
21221
21651
12706
9248
4321
31831
9923
17903
29559
28790
22597
6027
10459
22018
10623
20867
21071
9098
23357
13211
19998
27580
4306
38621
29028
20229
38689
10317
30053
6527
33186
35444
28340
8990
14591
4642
12238
29100
13180
11782
24249
28565
36919
2522
12969
12312
23929
4059
11164
29883
31740
745
37348
38261
21902
7473
14025
17201
13673
9588
6155
3987
29471
36920
25091
36722
19784
34760
21481
35379
11717
6168
31709
25439
37918
28927
27675
9044
9449
30628
1634
36160
7043
22020
37328
29696
26644
25109
18038
21915
39033
27207
36985
20947
9682
38701
30933
30776
6112
19493
18621
14601
31705
20539
19250
16349
6320
25989
30582
24704
18347
3696
20325
35133
13431
5024
7726
13970
2738
17146
6271
17924
22863
21825
24176
8749
15722
3273
8097
27374
4719
38598
29046
26551
12804
6578
23524
8532
30274
20557
6442
5603
3753
24956
15306
29759
30786
17608
6061
36095
16155
23205
21913
32399
11442
22157
2794
15851
3545
2455
33604
18121
39109
17964
35253
19798
4003
17141
8304
34133
407
27602
21302
25032
6761
12920
2663
4064
32018
4128
21590
38346
25440
35765
34640
24481
31200
21816
16829
25376
13735
26744
11117
34348
37844
33077
34883
8591
32237
6222
11126
31686
4201
17807
12684
15264
15119
13737
20968
19136
2485
36327
8095
38431
3242
3379
6290
15170
28475
35898
4124
38422
20331
32701
18305
31501
13726
5319
15642
13408
32934
30610
11884
34224
36913
14980
9384
36969
13032
34503
25333
2520
35681
5089
8086
11647
6680
17911
9864
20463
29076
34011
23759
20275
38291
5976
36901
38035
28548
2282
19330
18369
8503
9851
15732
5498
29098
3692
30173
34725
21287
33659
13234
12260
9225
37750
13575
33098
5965
1069
29118
24992
29633
33800
27018
22101
22870
15340
22823
4383
5286
1870
2137
5369
36390
36281
8923
9486
33704
16119
30843
35903
31033
19690
28173
17526
28034
20128
24980
8593
19796
31766
26339
7874
30487
26486
29318
24574
11122
20552
16139
35418
33601
36244
27935
33907
38958
1824
32056
38846
31367
37158
34843
18973
33977
36338
24944
15775
4073
21665
28891
27253
10684
23652
32286
3773
31044
8857
2632
6184
32945
9267
35902
11440
31639
24009
26278
37594
29283
24123
10633
15970
27284
7055
28456
7657
27937
8178
24443
36472
10894
26640
29151
22591
6162
28182
25511
34275
20112
1486
4180
24502
8271
24233
1850
29232
31
24498
8481
3761
364
32908
15852
1691
20529
30130
36715
37928
22843
3233
13470
14063
2191
36218
24369
31342
19248
24964
30095
37587
32957
20245
11862
18536
33103
37262
13824
27138
15334
1521
37040
6645
25599
30167
35025
17213
6392
9039
37068
20974
5737
39042
19597
15158
21390
17778
22188
28582
38721
6092
6772
37089
30809
1555
20857
5278
30470
14220
34460
1077
7802
17956
2924
8787
26409
21596
19854
25287
13220
16045
32881
461
3681
16229
31746
37440
4732
28705
32209
24156
25530
35866
12698
5777
36240
11233
26051
9581
2946
35761
27356
7854
34307
27859
9477
29823
34238
17127
30385
3808
15690
28298
77
14783
32246
8051
22733
37381
23152
23283
27234
10349
6978
4783
32385
27332
15565
2856
23738
10931
1952
36303
20678
37831
18307
22980
11143
19536
35331
31482
27118
34456
30416
11977
39013
17261
22084
21661
28771
5865
15077
8588
684
3940
33277
24093
2375
24813
3747
784
14201
21807
14986
35129
33375
32800
21154
10997
11376
19586
8412
32961
2893
34433
20199
31597
404
22662
36387
28163
27045
6269
26378
37272
36706
29486
22397
432
21084
27912
38391
34267
30398
28314
26185
12795
26850
24935
27085
18687
31610
17300
36252
27504
17387
2861
25221
24106
5800
32346
15752
1407
21078
28831
2144
6786
23327
37813
30065
29476
20832
14261
38392
13856
12142
32835
8983
15812
26111
21346
25008
2084
11413
11281
21961
15197
33673
8338
26681
26156
8226
37887
2845
22094
34132
7477
13065
27806
3104
22596
1675
16996
24781
36528
33612
12918
38497
34264
37530
33788
17538
27692
38221
31564
3163
18037
35791
4394
29462
25498
33944
22552
25994
21404
1828
15950
12339
35116
20047
6685
2369
5172
9026
35273
7828
23887
31497
4640
33199
37452
20932
2077
14959
15140
26480
9833
36828
28974
3400
28294
35873
5036
10727
29018
16820
12572
28248
18723
5962
12900
31688
28849
33036
11435
34169
28832
36463
38171
7466
10073
16478
1140
38156
33707
35728
8186
7793
1641
33095
39087
10247
17362
14584
29894
37235
640
37045
10161
8734
38414
8284
9929
28538
18984
31008
15644
33316
16159
38
5051
6989
24947
15643
7490
38380
17412
10031
29260
11467
6085
25477
33518
1392
27719
13530
17315
13471
27438
33953
30043
15335
30510
27982
36796
27122
26673
19694
15435
29959
35858
10434
1531
19747
11282
38980
14164
26354
2193
24730
20389
27930
1887
23087
22381
36839
3578
38524
6852
19904
26337
20254
30955
24371
27739
28949
20051
17781
7668
25078
37989
20693
5141
19090
30635
25304
2930
23820
8158
10466
17251
4711
25054
24326
29448
12196
36085
22582
19623
19926
8216
30405
2719
30172
14647
38066
23456
38839
21814
20253
25881
28156
13770
21007
14055
19833
7687
11180
695
27893
24248
9025
5134
27075
23230
32358
25386
30807
11280
36434
19740
15353
17227
14467
35156
30587
2200
5612
9193
21471
4423
1487
20933
37281
27285
34487
8274
22891
32986
14500
11889
15341
9574
25664
27289
3871
18445
13149
26650
33421
19182
36134
9809
19877
9996
7361
4141
28978
27882
20332
916
24351
31443
7213
18440
14196
5853
36622
21043
27152
13635
32406
23789
17312
36505
10934
35385
28872
36012
26004
17621
18460
415
38364
2614
7382
32970
29136
23635
38717
14167
36624
16853
17332
19763
26013
2755
24530
27614
30266
18024
4211
29908
30908
13380
29135
36358
22482
19411
16227
34395
2502
25578
30206
11051
12534
11643
7038
10424
25984
15023
18795
37905
4532
22220
20717
26936
10215
8082
5422
14156
14404
9689
33591
17707
9283
20498
20405
20554
22024
38835
16590
12749
16177
12230
32315
10901
26898
38148
20413
8630
22074
37956
35573
21110
7527
33245
17285
21705
31122
4339
16680
6328
35751
3177
36501
159
334
33174
8026
18122
22226
6842
35641
29234
10124
29264
9407
19206
34837
14728
2689
14217
28189
17215
14088
5331
17298
29164
3872
17556
37021
36515
5445
10242
37826
26702
17263
18637
18667
14082
3996
20487
32198
5239
22804
4685
30236
31021
11090
22576
18934
22919
20859
17218
24880
455
5824
5938
34596
25688
9472
12965
15829
38365
10613
9148
7550
38071
19698
12889
2421
38733
8230
26287
17513
32843
14322
31327
34131
6555
18414
6450
15461
18654
4639
32549
29739
7591
26433
16682
6785
35964
15710
37073
24529
38770
8709
6293
38140
1103
25396
17016
6888
5191
8057
17668
7522
19456
1117
26400
8703
36634
10571
12826
29974
2860
17206
10398
15815
36486
22323
15681
31561
37610
17965
5581
