185
121
274
172
136
167
131
17
348
127
245
56
370
48
57
160
317
307
126
239
144
296
209
303
133
8
151
384
63
309
273
51
205
271
194
82
250
224
183
310
213
365
122
397
218
50
204
236
253
110
364
366
115
25
330
279
189
96
238
11
107
265
104
200
45
86
168
22
135
164
299
69
280
283
284
120
98
363
97
320
269
100
377
76
21
342
18
276
351
282
178
31
202
219
147
90
199
130
192
382
171
215
396
201
145
328
338
254
181
318
383
119
335
72
153
278
93
298
308
152
391
368
142
268
137
19
304
109
84
240
301
229
89
