241
59
356
209
179
78
41
292
168
118
230
187
372
398
393
384
248
34
203
235
367
243
324
173
138
238
8
150
360
262
87
76
288
321
152
371
311
286
222
234
319
264
144
81
313
295
254
75
12
13
310
206
316
100
91
134
32
279
340
110
268
348
354
250
312
330
86
14
121
89
391
202
386
124
353
358
377
309
368
253
31
50
17
327
40
157
140
158
351
19
237
184
249
199
104
276
212
107
220
22
141
233
381
169
170
73
23
344
113
116
208
177
82
35
304
147
155
154
127
210
45
136
190
143
72
74
130
54
395
332
383
352
46
