2877
4411
2521
4337
3448
1506
456
3928
3778
1203
2721
4371
4689
3728
1973
2576
4030
367
1709
4883
3741
4506
3962
2245
1628
3873
4431
1243
2796
2383
464
4952
4547
1276
3668
4194
4477
101
5080
3718
1426
4784
4540
505
4862
1422
667
1668
3532
4142
2666
699
1701
2102
318
4884
264
3323
3588
2103
3893
1176
4134
2884
3675
2016
403
1691
3374
3443
4975
3713
3544
5089
4666
3535
3173
2860
1386
2886
2470
4445
4570
1034
3706
629
73
1544
1857
4478
5007
1504
1648
3769
52
4243
4107
443
2821
3349
1126
770
174
3432
2630
4922
3262
3754
1681
3287
3491
4912
3103
4121
3485
3854
2457
1461
1416
4089
440
3648
2293
2487
5059
4198
3969
1284
2639
1674
115
4710
4834
2490
1633
2738
23
5009
1185
1306
3786
3156
103
4904
2399
1513
1987
3333
1556
37
1964
690
3578
3874
191
663
2480
2049
2966
1749
3504
933
3929
3944
3208
3407
1638
3303
2874
333
1792
5073
2856
126
4493
4106
2864
5083
762
1615
4901
2100
3953
192
2479
4902
1746
3016
2751
106
4774
2231
2209
87
4962
2282
757
4258
3473
1820
3057
4978
360
4503
635
1388
2079
3297
1341
1281
2586
3032
2093
3219
1900
3108
2599
4500
3049
3225
2126
3952
1880
4040
4088
4077
3568
4819
2131
3788
2236
1502
513
782
3095
4611
4673
1582
3123
175
583
3145
2961
4888
4028
863
3444
3001
1053
2447
2593
3673
4375
3820
4060
3492
1014
990
1946
2652
4999
514
596
1634
4703
4280
119
1302
1132
4138
4092
4178
662
718
3887
4379
3793
867
717
3177
1491
3084
2427
138
5052
1325
110
3715
5086
4475
2025
4447
3327
931
4780
1495
4382
2928
3574
3102
4942
822
873
504
341
298
1640
1591
4554
840
3585
2157
376
549
1107
1847
1723
10
4005
4520
2647
638
2868
70
4701
4464
4299
2642
2474
4585
4900
2052
1097
3463
4770
4742
2216
3019
4684
2776
2681
2053
2454
2559
4421
1451
3684
1950
2043
3298
1224
3676
3382
2805
2450
4287
2947
517
4118
2203
948
2458
3621
1089
2067
4360
1998
2089
1994
3916
626
675
2419
2009
4773
3555
3121
1268
1183
1775
1840
322
3005
2297
1473
4494
2073
852
1225
4057
3752
610
2142
4388
3083
3110
1152
4283
281
4111
957
3655
239
2150
3652
875
2041
4058
1516
4617
2962
2794
519
1739
2452
1189
2326
1151
521
4082
1052
300
2636
4739
3034
131
1260
143
3949
4654
2538
3523
1247
3735
3365
4519
114
824
4207
3727
3295
2072
4170
3246
4155
1032
2265
19
2324
4588
3957
834
3976
2497
2841
2358
898
2439
1116
2659
4707
1298
2978
2366
4027
3619
91
1004
4408
4203
3632
3692
1170
4380
2973
1587
3216
1787
2464
4197
3806
557
1774
4304
2086
2955
1888
1914
3803
3925
1248
2071
4965
4826
3622
1322
493
4182
925
1382
2614
1903
85
4695
5049
4100
4230
2609
4730
284
930
4815
323
1806
982
4050
2792
3175
3533
2918
1630
2800
1431
348
1499
1279
3966
3601
3538
1062
2979
1291
524
2836
2932
3815
1261
1245
2056
2844
4589
48
5010
4753
4315
1067
3275
3765
4233
4624
3354
4604
3586
3147
730
3939
1450
694
4502
2343
17
2146
3556
3172
3905
4078
4761
2621
2716
365
3193
224
3470
5046
2151
3626
3496
4063
1832
1529
2257
4184
211
3524
3570
3033
4045
2827
4676
3938
1310
3314
4620
342
1571
3922
2988
735
3380
530
2626
41
999
3937
2234
682
564
3484
2984
3862
3577
3203
285
3185
5043
1651
709
4657
678
2499
2249
3978
1476
743
2242
3738
706
2162
66
3499
1785
364
3046
2386
2429
2046
2350
2814
2730
2426
2726
1860
5000
150
1418
3105
4954
3273
2924
548
5057
3804
838
3439
1079
3281
4667
4073
4643
920
1010
4293
4640
1456
2421
766
826
2606
1448
3282
4853
3340
2690
715
627
3836
2998
2818
155
3392
756
1687
5067
1586
4583
2008
2175
3761
1085
859
893
1603
3901
4718
1077
3941
1565
3457
1790
4950
2394
5039
810
679
397
1810
4041
4425
3348
489
4960
2849
3088
4541
2051
4665
4325
2752
811
4221
206
3356
901
910
4091
2728
2568
3190
4466
3986
2561
1198
861
3045
4801
3755
1453
4346
1882
2772
3911
4870
4242
2024
574
2919
67
3527
4277
606
546
3561
3462
4212
1437
1300
3537
4953
4825
2891
3849
3338
4328
2862
3545
4361
4731
1409
981
2798
2931
4260
4652
2620
3220
1671
4204
2540
4157
3318
1850
3959
720
2896
2938
3104
1415
3043
1331
724
1645
4479
3680
3947
3546
1251
2402
1390
2196
432
1394
858
4814
3685
674
4496
4517
2678
2433
964
1567
305
540
202
3635
2635
116
378
4668
4391
1012
2095
4196
4433
1359
3631
4649
5018
2094
541
1727
3744
4200
4497
3547
1797
218
25
55
1244
2534
53
454
555
2477
4098
1743
1259
1030
3346
332
2165
2713
2658
1526
4720
3122
3507
868
4599
533
2898
431
4225
450
3640
88
387
876
3990
3082
3396
2319
4569
1717
3494
1342
1365
728
2075
4525
1428
203
1223
4977
2098
3541
4800
4625
2768
5020
4026
1443
2895
3372
1558
3924
3217
4579
159
597
1041
1505
2345
1915
330
2602
1770
1035
490
433
4223
2091
3717
3456
2336
559
2495
725
2882
5062
3479
934
1716
3540
3431
84
1730
2778
4362
2443
2082
3274
4709
3151
3536
722
2608
3771
4886
2145
1944
1760
1474
216
1211
2697
702
2261
611
603
2485
3020
734
528
2163
924
4557
721
2682
3063
812
3165
1091
2842
4522
2687
1622
2946
701
2344
2244
1027
4672
2830
1891
4163
3638
446
691
2914
94
292
2754
4568
3593
707
3565
4090
1087
2307
4282
1629
1945
2810
989
4484
1646
4156
1417
2054
1661
1318
2226
2683
1076
3245
4149
4248
166
947
5004
1051
2605
2596
2725
1720
4981
4281
1037
575
277
4555
1678
2625
4732
2262
3837
2991
3345
2364
1072
4316
1846
1825
1960
3700
2501
1379
2378
1017
3528
4268
556
4003
3188
1297
2724
830
56
4199
4122
537
3014
465
4066
4648
3517
805
2960
4562
2872
473
3331
765
1288
3481
4465
3912
460
2820
2185
2969
2456
2060
3362
4356
302
2322
1454
3936
4222
1665
3286
4909
4523
645
4011
4996
4662
3021
4210
320
2028
1033
1611
2656
4164
1993
573
260
3205
266
3321
1503
853
4110
713
1954
814
441
2388
958
3059
4168
642
4116
892
671
3612
3405
3139
4898
952
4193
315
979
3502
1445
2880
3726
1435
1111
2348
970
2359
2320
245
1127
2756
4850
3143
2699
1105
1492
4653
3991
362
1463
1722
4056
998
3875
4061
2520
590
4217
4154
844
405
1362
83
3661
3202
4031
402
731
170
946
4143
137
2783
2612
797
625
2113
147
1676
3093
1472
914
2189
498
1054
4931
3992
1059
2254
2537
1546
78
3477
3319
1173
1383
461
3575
1038
3801
69
297
535
388
4189
3892
207
2252
4696
4959
2885
2114
1996
1446
200
2873
385
448
325
2624
3414
1055
4873
4457
1138
1008
3822
4365
4763
1400
98
3388
1643
1935
609
3637
3620
736
2147
75
4638
2143
3964
2940
4897
1553
1188
4874
3296
4351
1793
3294
2850
1357
664
287
2976
903
3036
2515
4964
907
3810
3816
4608
3359
4767
4151
614
1366
4694
650
716
2600
1695
4723
4451
436
3881
1026
1133
167
793
3639
3325
2544
274
2671
132
1108
534
1123
2441
4600
3868
2085
3656
3441
911
4276
2743
2374
618
4660
4410
1462
3542
5012
1323
1293
789
1080
373
254
652
2788
927
165
3394
3522
1110
1295
122
3697
1344
238
5014
3267
4564
415
151
422
1535
2136
1809
3402
951
4274
4095
1827
4453
2084
672
4396
1776
3653
3897
1616
2070
4913
1706
1532
531
408
1265
4467
3531
1434
2939
4734
1570
349
3400
3459
1150
1971
1147
1112
1003
1436
474
4797
2550
28
2580
2552
3449
904
268
1660
2187
1893
2496
2801
4565
1988
4609
2428
3393
4273
3159
3552
4619
866
3647
4166
40
4247
1697
2115
3842
4903
2802
4529
1807
4923
1748
2603
2648
744
1781
2154
3017
3896
3304
3078
4726
4614
4296
263
855
2668
2787
3097
5063
3183
3276
1538
1780
3946
1520
3085
2613
922
1439
2510
5051
1870
2410
2124
1104
711
4748
1395
753
3228
2832
2941
800
916
1931
4470
2215
780
249
1184
2894
127
4378
4658
622
1128
1617
3015
745
179
962
4374
749
370
4889
4395
1190
4816
118
4093
4322
1255
171
3239
2775
511
802
1625
4916
480
1995
3984
42
2365
1389
1871
1475
477
1521
4369
404
3446
2516
1848
1092
1912
2556
4069
452
3342
301
497
4257
3548
288
2533
3308
3951
4461
1740
4682
2006
3332
3324
386
1001
2264
4342
4187
1441
1397
3802
3370
3012
471
2069
2139
1916
2174
3516
296
3271
4986
327
1177
994
391
4755
2032
4018
2657
832
394
963
3344
197
1257
3109
1523
3730
4190
3326
2742
1635
1100
3305
3191
585
1677
3238
777
3379
742
295
2406
1990
4035
3863
1933
1764
2791
2897
2064
4615
113
1977
3488
3454
1670
3099
3335
4534
3614
3076
1166
2214
3506
543
1623
2315
997
1209
2014
369
2392
3989
4343
3411
1791
894
380
411
4601
1992
142
2159
3625
3819
1490
2553
4863
54
591
1921
425
4877
972
1078
778
3787
271
3782
2398
3124
4560
4947
1354
2954
1384
272
494
2178
246
2684
4759
1688
1833
665
1496
2327
4586
1013
781
3667
2981
2651
2912
2019
1303
356
2379
235
3789
1663
4988
111
1233
3800
827
3074
1355
580
1690
1191
2848
842
3898
3107
2936
154
4108
3091
2773
570
361
1599
371
1326
3689
3018
3940
139
439
1414
1752
4202
4838
806
2188
4294
1540
3795
4762
3196
1769
4462
3511
3383
666
1480
336
942
140
1605
395
1584
3672
3503
4319
337
1968
1698
4347
2803
1684
1347
4192
3762
4598
1364
883
3584
558
3328
2224
3869
1692
1290
2711
1031
4483
479
4241
5022
1252
4958
1963
4051
643
1512
4669
279
697
1372
4618
779
902
2929
2140
1612
2507
4844
3850
2074
5060
3686
1852
2459
1866
4969
4602
2177
1070
5084
3679
4271
2405
912
1618
1777
2951
3698
3510
520
1700
4265
2585
3515
2922
2646
3343
1457
897
173
4218
1011
4176
3521
4796
2631
3915
1815
4413
3617
656
4436
4802
3770
4264
3044
2208
2440
3055
3199
1559
2767
3243
2368
4442
2740
965
996
2968
1074
5006
976
251
3691
2986
2129
831
884
2498
3963
1316
1239
4144
1667
2982
3138
1056
5070
3375
1425
1440
3930
1838
4612
4928
2418
4079
1856
1742
4641
4961
1343
2974
1329
2181
3236
2578
62
3179
841
2229
1036
3000
1735
3240
1699
21
1444
4989
4482
2926
1321
651
2489
4575
2667
2055
1662
426
628
4235
4572
4810
773
2617
1272
885
1575
3237
2057
1773
2118
1642
4849
4941
1867
4530
1818
1146
1103
4879
3870
1721
1737
5001
1368
43
4867
3923
1312
1369
4993
3970
4002
545
926
198
870
2018
649
4297
1214
2770
3489
2514
3113
2488
4231
2833
2592
2920
3253
156
4000
589
4074
4094
2645
3399
950
538
3799
3764
3811
4291
3505
503
5005
2360
4543
338
940
1917
2572
2045
1360
4571
1804
2431
3658
1863
414
4019
4968
4238
2669
3748
2256
2397
2584
50
4811
1753
2529
1644
632
2795
3062
3760
2852
310
7
600
2509
2435
1814
4429
3734
1232
3115
2478
1028
1009
1732
2385
3166
4407
80
1042
5023
4513
2757
3140
1509
2253
1178
568
2283
3899
808
2035
468
2691
4487
1046
872
2420
4875
2597
5055
4553
282
2287
2907
358
4174
4179
878
4510
1174
4544
2858
4034
4846
2202
4610
2887
1632
4895
1367
3975
1353
2734
3791
4159
4966
8
5064
3291
269
527
3031
1923
4822
2590
3857
2183
1839
4691
1714
929
4455
3987
3785
1153
2604
1314
2317
4042
3889
4314
1163
3539
2610
2622
4435
4499
3234
835
4771
4722
975
1044
1277
2166
96
5047
4275
542
31
1705
1864
1608
400
345
4548
4481
2786
1449
3603
4132
3624
4558
4412
1273
2867
1206
584
2005
4471
3106
4592
3153
2194
4136
1568
3615
1485
512
3038
3809
160
4080
4744
3498
2076
3149
3589
4214
4320
2210
4131
2913
3999
978
1220
3204
141
1350
726
3604
3745
5042
4645
5003
2508
2153
3998
2241
2436
4259
4150
4404
1679
3646
2311
347
485
4788
1507
1659
1069
4183
3572
1822
79
3184
2653
4724
3974
389
2036
2513
1799
289
3486
3386
1831
4972
4059
807
4270
3467
4766
3455
4934
1974
1543
3641
681
419
32
1610
4037
1934
1311
2111
3907
3876
4824
4329
20
3403
2048
669
169
4697
973
3694
917
4865
3201
763
1282
1910
3069
2371
3164
3917
3376
4263
467
1000
259
3035
2601
3846
2298
1898
4480
4737
4945
4437
608
821
3398
3277
4837
2759
843
4636
2541
4871
4140
201
2472
3258
3980
1755
3064
3557
2158
1442
3843
3158
987
2989
424
1466
4180
3828
4843
1761
4227
3683
1335
241
1469
4535
2706
2719
2763
3460
2819
1145
791
4515
1154
1885
4123
3948
1703
1564
4006
1274
4113
1794
4899
4890
4048
3500
3645
1102
129
3307
4677
353
1071
157
2101
4967
1750
3783
4441
900
3549
1751
1093
1724
2182
3926
860
751
4341
3696
2471
1263
1432
1817
125
3357
1759
794
1725
0
4033
2442
3583
4779
1213
4309
1304
2843
2692
273
561
5008
2750
1210
4907
2957
2511
1155
2003
1981
1287
923
3079
1280
539
839
2660
3434
262
51
507
3982
4432
3967
1772
1398
3877
3724
2990
35
3363
4389
1778
995
4370
1351
1249
4642
2700
2546
3649
2260
3
2943
222
3330
3060
1305
4507
134
1338
3985
1560
2958
4719
4416
1542
2355
4120
2543
1604
74
1086
244
2503
2655
4366
11
1592
1226
2809
459
1925
316
449
5013
698
896
2527
2975
4216
899
949
2746
4818
381
2720
3056
2977
3712
396
4101
3453
3501
2281
1821
4234
817
1920
2542
2806
2276
3513
4201
212
2911
3300
3867
3674
324
4833
3558
2112
4974
3518
4064
4049
2739
109
108
3224
2587
1377
4997
3721
4536
3465
3950
2557
4269
3554
2949
2088
2184
620
1352
3037
4740
4963
2934
2815
2289
4188
882
1655
1413
3851
2567
1464
1873
2994
4925
4764
4973
4099
4830
307
3670
1370
2797
3608
2483
4859
2589
4007
4563
3186
1500
3814
3860
4167
2117
180
3972
2243
2634
1530
4957
1130
3013
3920
484
4650
3182
1808
2906
1334
3469
3009
4419
2179
3070
247
4804
3136
2654
4029
4070
1744
2022
1020
1929
1918
2910
4423
1738
1482
4262
1951
4489
4769
2632
3703
4994
1948
937
3214
2921
2950
4686
4692
1911
2062
4712
1115
3519
1447
825
2031
3315
4053
146
1585
500
59
677
605
4428
3148
3288
1614
1099
529
3312
1175
2881
4409
4793
4185
2863
4808
4639
953
3630
3280
1039
1139
1969
4105
4524
3848
3289
4491
1467
3404
3871
3942
3878
3711
1658
379
2878
2917
1376
1886
850
4439
1129
2500
4630
943
4313
398
1162
1673
4905
1064
1763
3418
532
3731
3981
2870
5041
3461
416
3389
755
1694
190
2015
195
413
2729
276
2611
2627
3451
3131
576
1594
3042
29
3927
786
2865
4914
3808
5056
1975
1420
250
314
2096
1972
3438
4311
4980
3669
4932
2937
4013
2595
1024
4219
4716
2395
1006
3428
1819
1955
3579
2248
1649
1693
526
1936
4616
1836
631
328
3885
4321
887
3008
1167
2494
3436
4670
188
4228
237
5021
4690
390
2161
2995
3723
4752
5015
4403
3657
2468
4383
4527
3739
2107
2869
1728
1408
12
3252
2451
3054
2353
240
148
3722
3128
3736
908
363
1429
2377
105
974
510
1229
3611
785
1498
2893
4992
1200
2904
1801
352
4288
2675
5040
24
1002
588
196
624
960
2127
4574
4305
1081
4885
4424
3610
1231
4340
2352
1336
516
3412
3687
4868
2732
4172
688
412
438
1845
4402
4303
86
1029
1477
1202
1292
1511
2640
2987
4115
4292
3943
3119
3004
4725
2902
4539
3720
2536
2080
3244
3466
2502
194
3747
4334
764
895
1484
2424
34
3616
1889
4970
2416
2083
2275
1385
1192
3358
1757
4521
1094
661
1829
1522
1045
2853
1421
2304
2156
4556
168
2372
2857
13
1783
945
1378
1066
3784
4504
1707
3794
1637
1689
1460
409
1124
45
1574
3073
4955
4044
2824
4354
4573
3134
5029
2367
3302
3423
102
4927
2152
1241
4239
453
4331
4542
3757
469
1022
3906
5011
445
4209
255
3651
334
3041
3705
5031
4613
1590
790
89
3421
2160
1580
985
2273
2837
3226
4385
3322
4683
3420
3341
2037
3551
2197
4807
2012
4161
3231
2560
1795
2482
1489
3170
5045
653
4791
3908
3529
3135
3100
4148
2749
2310
2784
4985
1021
293
343
4681
1853
4882
470
3452
3763
567
3954
3419
977
2335
1881
3155
2736
4072
2522
158
3464
2047
1726
38
4114
4584
1762
58
253
1392
3866
97
214
3699
3152
2861
350
686
1596
3211
836
2462
4809
1137
304
1729
2762
4427
1652
3429
14
1983
1193
49
2702
613
799
2993
1907
30
769
451
5071
2121
1205
4246
4333
2417
4607
1452
152
2505
1230
772
162
299
1057
210
571
478
164
2235
2404
4087
1294
487
1708
3251
4417
4768
2323
377
4756
3993
455
1424
3426
3010
673
4856
4795
189
1142
5
4920
1114
3129
1328
4841
2042
1897
874
72
393
3682
1494
2401
1731
4486
2925
4358
1683
2409
4250
1887
2963
1875
2760
1884
4646
2010
3391
2313
3714
3360
128
4706
4004
2563
2473
1332
3361
848
3733
3567
4735
3118
1283
3269
1375
4463
4279
2554
3861
4141
2128
2092
741
4128
205
2199
888
4284
1966
3126
4267
4454
2354
3659
1270
639
1235
3120
2741
2434
640
2105
913
1181
3707
3232
1962
1607
4693
1433
2316
2900
4434
2793
4566
4085
3514
64
3162
941
2486
1876
4887
4705
2116
3525
4400
99
2717
16
4014
2271
57
4910
4794
3369
2704
2228
65
2333
1134
4456
2555
3845
767
2340
4191
4728
2705
3919
1519
4206
1065
4702
1636
774
2637
354
3265
68
1779
3092
4386
4984
4591
2745
4930
2444
1412
4976
458
1557
2883
4798
1949
1406
2305
1040
1569
3994
2582
2492
2812
1545
2291
4208
267
2038
3171
3210
3003
2840
3480
344
1479
1373
4054
357
1639
1849
2854
233
495
4022
2130
1952
77
3249
231
3636
856
463
1926
1572
1766
2058
4629
5078
2029
4387
4790
984
3410
1877
4112
2172
3367
399
3790
2771
936
3007
2707
4426
820
1631
430
1895
2349
4854
2618
3030
1005
2198
3520
4799
1824
3666
4298
2504
1201
4552
1579
4399
5066
993
1842
3352
1049
2594
3742
2999
2403
1754
428
1019
9
1675
3150
2549
3272
2170
4468
795
1319
851
4891
846
3094
3979
2381
2390
3587
4921
705
3688
3812
5017
1156
1171
1363
1007
3690
184
2369
107
319
278
1702
4010
2081
4081
1250
1883
4397
1136
849
2927
3613
2685
804
1997
3409
1765
3650
4627
221
2237
392
2737
401
2204
2222
854
4685
1391
4443
3169
2665
4373
3086
3029
3933
4938
581
2413
1978
2753
1789
708
4306
112
3830
1626
3395
3813
2280
2138
3776
738
569
523
881
1095
2782
3127
5053
3594
4839
1953
4357
3458
1686
3701
2956
4253
1854
1083
3284
2123
3256
5034
444
809
2935
2292
1158
92
2227
2120
3827
3311
3230
3913
3347
3914
3910
1481
3355
758
4139
4336
4086
3605
4675
2945
1588
886
4290
1533
2274
2532
4924
1942
1905
2964
1267
3796
275
2106
954
232
3468
4344
3381
1262
3562
1320
3592
4582
2309
4348
4450
3229
2078
2250
4713
346
4532
547
4229
1666
223
2097
3270
2321
1120
2263
4046
3543
2258
186
2415
4213
3772
2119
2851
2607
3702
3564
1563
1980
2363
3313
1894
4835
2615
3167
3534
3858
4869
2524
4593
4751
2689
3968
4255
421
2266
2453
1157
2110
3824
3671
3774
1680
2425
3309
1219
1597
3955
3320
4711
3002
286
2780
2535
294
2952
2799
2519
4485
2562
1620
5075
4951
