3290
4945
3920
1054
4840
4266
655
3527
4063
1584
2577
4066
734
3795
1484
942
2876
2893
2261
74
2915
4915
2279
250
315
749
1585
941
795
4918
1638
2133
2936
2499
674
3624
3498
3984
4155
2290
265
3840
4051
1545
1542
1143
4379
3020
3272
1987
3759
3712
2039
1395
5008
2092
4570
4438
340
2409
4123
4500
4108
4091
2507
1279
3548
177
4799
4190
3
2794
1240
4144
4106
2326
2247
2175
1478
1719
139
3193
2811
4893
3381
2050
3791
2687
1350
3447
5019
3262
4043
4983
341
1702
2601
1587
5085
4307
858
4310
5050
3810
2418
2051
4103
1891
1543
4110
1507
4492
4981
3277
4622
3444
4401
104
1167
2189
1785
2473
2205
3041
3532
4732
916
329
2060
3208
4714
561
3169
70
246
1653
4616
380
1783
2180
59
3691
2113
1895
3207
4477
4773
133
1573
4001
2497
771
4553
2826
2941
2605
4936
996
58
3531
4428
4230
755
3450
3242
2161
4951
894
1491
684
4426
4339
984
1531
3483
96
1912
4442
1700
426
4651
1532
4733
4650
934
3697
2342
4241
566
1601
614
4417
3851
1432
3152
3647
391
257
1010
3273
3404
471
4206
3206
1671
2798
4767
903
1937
3954
198
1717
1035
4400
1589
3240
4526
2532
3501
978
2958
3135
3960
1608
3442
1992
1414
1021
4237
1640
4093
4
3259
3969
2689
3422
1884
2486
1031
4764
478
573
2381
2220
563
3965
2036
3906
3382
290
88
1376
960
1303
2791
4898
639
3419
4760
4979
4629
3049
1339
2377
3636
1290
3215
2394
4781
2078
3017
437
1755
2968
333
2323
2414
804
4902
1643
3698
3134
3903
179
5061
2477
2994
1665
2230
1500
1171
947
357
936
136
2896
3822
1095
4055
2761
2652
4392
3844
575
1600
3376
2895
3681
3124
3107
2999
1809
2740
2949
4191
3056
4065
3221
2793
3686
1822
4095
2395
403
2921
1947
3421
3646
4294
1354
1298
866
210
2633
3616
1510
1860
2459
3068
740
3743
3202
160
2871
1810
4649
2575
1652
311
4050
4090
3071
1356
1769
2095
4817
1968
636
3714
764
1707
3693
5068
4947
2282
1448
3765
1767
3195
1320
1296
1780
3902
3538
4076
4487
3587
4564
949
5032
2585
3284
2087
3154
1591
1649
745
3695
2923
1328
2424
2160
1450
164
4446
3378
1676
457
1839
4752
1001
953
4395
3931
97
5066
3334
3281
761
3276
4045
3677
1721
1156
3235
2200
5055
3066
789
4166
1299
2452
4179
4913
1520
2294
4170
1768
4853
3816
593
3763
337
3655
3170
4956
4858
3335
1905
296
541
3484
1184
176
2088
3994
3232
2513
1194
4881
2823
2597
3191
3896
2315
572
4989
4512
227
835
2253
988
3843
3454
2354
2147
964
2358
1734
90
3809
1250
2974
2348
1116
3209
4056
4584
4695
2430
1685
1639
3598
865
3972
4530
3553
758
1647
924
161
3689
3025
431
3881
3842
4053
696
790
2489
3217
2524
1449
580
3739
2300
1165
670
4101
956
4929
812
3010
3357
3609
753
4679
4097
148
4580
4940
4659
4147
1362
3497
1660
4343
2860
515
1864
883
236
83
4225
2067
927
533
22
2984
4573
5007
464
4885
2866
112
826
3978
4571
1249
3711
2959
2570
66
1924
2543
1485
3664
1882
2219
4085
1316
658
1508
3052
2341
4683
1197
4007
1208
1112
716
1453
2130
1913
2024
3458
4222
186
586
4787
3051
1779
4285
677
3286
3612
3963
1413
506
3985
1698
2056
3891
1137
4180
641
1503
4365
3104
4822
2557
2535
3141
4331
1691
1506
2841
4806
2169
4977
4089
1874
4414
1718
649
1892
543
2573
1737
3204
4415
2406
4768
741
1634
4829
3120
3464
1941
669
3823
4374
4413
1064
1686
2112
519
131
3318
526
1910
3769
4971
233
3308
3526
4373
4883
3425
3941
1219
39
706
2631
2677
1185
2166
3321
4661
3777
2007
1452
408
1900
3438
4746
1714
3126
2131
4575
1254
1142
456
2398
763
346
3370
4099
3669
877
2763
1505
3230
520
405
3996
3412
4931
3562
4259
4756
239
392
2712
3009
460
1446
2445
2760
3947
4811
1115
2614
3356
1889
1973
1548
319
4251
5088
1728
4213
524
779
1352
1375
1633
3086
91
2719
2157
2686
505
3260
873
814
673
1363
2254
2964
1938
1599
3890
1364
158
791
1402
253
2080
2615
729
1304
1358
1950
4543
1300
3744
3493
57
3951
1749
3925
4926
4541
2104
4920
1117
4804
3297
3058
1216
2407
1555
3379
793
1983
4927
4581
2047
4560
4054
3149
3043
1879
1754
4075
4286
1270
1986
1276
4740
3337
1797
360
2660
1166
2755
4319
4200
1899
2508
3247
2385
3874
881
3668
3878
2361
8
1951
181
1202
3945
4538
2360
1750
4802
1677
1130
5028
2210
4388
1746
1340
4081
4096
2346
500
1310
1770
4892
4917
4699
1525
4539
4175
3002
2329
3524
3922
4137
3519
3738
1474
986
2268
4772
3688
2628
1712
3594
578
1408
4642
3804
3407
1522
3575
3515
492
2998
1711
2289
786
4532
5024
4472
95
600
2991
1606
1690
3656
1093
4164
1277
447
1237
295
185
4491
7
3886
917
2246
1191
1762
4497
4100
1037
366
4846
2539
468
2451
2023
3626
363
2057
782
4441
4585
4620
272
3946
776
1022
4894
1441
3734
178
5056
637
4495
4878
1163
756
2668
197
989
820
3567
384
501
2443
974
1683
3709
1128
3525
1575
3176
3087
4536
3933
1791
2658
1964
2154
3683
3770
1327
4032
1096
955
4834
4217
3123
458
1086
2179
3180
3266
1148
2751
2542
2128
4757
1605
948
4264
3909
1943
4657
4785
630
3040
626
3867
2017
4072
695
5079
3311
3285
2818
3295
2465
957
2764
271
2426
2878
2548
25
3784
5073
2887
4039
940
3481
1961
1861
598
2837
1391
2824
3962
3364
1607
2259
110
4866
2482
1917
2519
4818
1487
3563
1435
3239
455
2946
3423
1493
19
452
4064
3324
2859
4955
1761
2622
1017
3685
3728
3061
2209
2523
211
3509
409
3919
1222
3719
1473
2517
4962
919
3470
4868
2123
3762
2436
3096
4481
2965
1527
3747
2149
222
4330
4964
2828
16
4540
2769
4298
93
2302
5039
2280
1092
4618
1680
1177
4303
1463
4835
4470
5025
1475
4628
1175
2976
2820
1078
1901
1957
191
999
2359
31
3073
3309
4240
1059
1467
5021
2892
2297
4739
4798
1619
590
1429
4288
4875
2129
304
959
1160
4621
267
1850
3650
377
1567
3570
4383
4078
4849
5042
3793
5004
4730
4115
4993
1896
1740
985
1378
1361
278
2651
4786
4975
4216
3022
1335
1658
1383
5065
3970
2462
3718
1563
1636
260
218
550
3199
1381
5014
3939
4486
226
4788
4887
3608
14
4627
1330
723
5009
1814
137
120
2851
2333
1067
1935
4280
4880
1821
4529
2355
2505
1788
4061
4406
3776
682
4274
189
4862
556
2222
10
3132
20
3248
76
1019
261
4008
3128
2813
3461
2930
798
2756
1440
42
1627
3039
2453
3958
1925
3475
1989
4350
389
1613
535
3869
3980
536
583
4459
4226
4854
3108
1843
3473
2673
4820
141
2428
4700
518
2193
4606
4455
2610
4044
546
1603
4675
1701
1283
4744
3385
2233
582
2074
3439
3657
3486
1373
4596
1020
2207
335
1887
4916
2412
2077
3166
958
3617
2746
2770
429
1492
2413
82
4948
3856
2373
3534
1645
2165
2781
1053
2988
1343
3452
2729
175
2127
1461
3942
5072
3858
1387
726
4662
3395
1970
3735
2378
1657
2
3964
1795
872
2552
3545
2174
3282
5000
2242
569
3674
529
3665
2408
4877
2156
3877
2008
1227
321
2208
3508
2772
5054
4841
332
4344
807
3210
166
1579
3157
1230
3967
3243
138
2344
4371
1470
599
2779
2232
3914
869
330
286
4304
1170
406
2320
2245
2705
3968
1501
2842
3871
2483
3283
900
4348
738
427
3238
2910
4519
2564
2623
661
3158
2014
1838
4565
2518
2285
3671
2816
2501
3186
3187
4049
2269
477
4031
3659
3137
4245
2640
224
2405
4012
3296
232
2692
651
2085
1902
3359
388
264
2702
4150
2376
151
4316
2225
3589
496
2271
1070
4228
3530
2100
3314
2726
1280
825
3329
1803
317
1154
318
616
2928
3507
2556
1119
418
565
3405
149
4741
145
2629
344
193
4643
4334
4073
4686
2096
2637
4612
3710
2672
1865
3254
2679
3142
5006
2153
410
4396
4636
4182
1963
4418
597
2000
2674
3899
417
2116
1927
3397
4901
1480
3766
1675
823
2962
4028
2318
3790
759
2328
3003
397
2194
4963
4355
975
4448
5010
840
4324
1611
1834
130
1881
4717
3437
743
2774
55
770
1885
1820
2550
2102
1455
3644
2920
3236
1288
3924
2244
1114
3645
3536
1556
1370
1837
4296
1437
3218
3585
2732
3014
4030
3019
5058
2808
3249
2528
34
3754
3821
1759
3159
184
1693
1286
4953
2884
5041
4524
3936
4199
314
2470
2187
3948
4013
1118
2421
4389
4710
1074
4210
262
1243
3097
554
1971
1954
1502
2229
3037
548
439
234
1075
183
2955
3018
2714
2172
3319
3076
2471
3145
1292
2788
2880
3261
3911
1267
3708
4554
3445
4482
2393
27
2562
2334
744
4112
4139
2387
1345
52
3026
3279
3814
1077
3173
540
931
1782
3864
3992
1662
2540
1293
733
4924
3565
4599
3463
2099
4796
1366
3183
2182
1624
510
2814
2466
4107
2737
2003
2192
2665
201
441
3930
4521
1985
2239
833
4381
4193
2059
4458
1056
1326
2122
2590
3861
3621
3491
3758
1305
2832
2321
1695
998
4535
3339
4105
679
777
737
1819
2284
1988
3305
3047
805
2792
1802
3156
4743
2722
1581
123
2469
4563
1958
2899
4005
4158
950
4635
3853
754
887
2240
2044
2526
3707
3389
1733
2747
4416
848
1875
238
444
4724
1977
608
4848
1509
3138
4068
412
4408
4149
5035
926
2654
2600
4120
2316
1529
2040
3834
3988
4655
4317
4976
644
4789
2886
2997
1088
1028
857
2502
476
1193
3182
2226
2278
747
4071
3184
1806
2546
1133
2749
2309
4637
170
4283
3165
647
2868
3713
592
1090
3177
4059
254
2046
4843
854
1590
1187
1982
3214
3468
2693
3961
2449
4737
885
1621
2635
1321
3448
9
1368
3663
3167
1477
3633
494
1336
4545
1978
4676
470
1173
62
564
4040
1271
4403
2642
396
2571
3850
106
852
1123
1688
2625
2835
5017
1416
1244
4289
2873
1528
2028
2121
981
2911
3053
4357
407
4824
665
4572
2043
1628
2356
3561
436
4702
4648
2163
1181
4010
3630
111
4531
3219
2030
4792
4453
1578
352
2812
3494
3479
4119
2960
3408
772
864
2299
815
1460
2515
4083
3618
2883
4394
4236
3127
2512
4116
4248
4212
2432
4678
3233
1257
601
3392
5027
2655
1704
1472
4656
4382
473
5089
3111
1604
2035
816
1071
875
4126
1081
1588
1068
997
2925
2709
1016
990
2461
1359
1109
472
3873
3429
4682
5082
4551
4999
61
4177
187
3383
671
4261
609
1136
4074
1586
1764
1724
2656
4023
4646
700
1457
774
2109
3078
4257
2324
4079
1338
2228
896
309
2275
3678
461
1816
2766
3831
2441
382
3934
5044
199
1482
4489
3550
4342
3852
1844
2304
664
47
1593
1868
1689
2609
3366
788
3406
3768
1546
466
618
1158
595
2404
1679
4693
3549
792
3690
4698
2081
3440
5013
4176
3716
1517
4701
64
1319
113
231
2155
1967
1043
442
1846
966
75
1329
2807
3251
3756
1852
463
1823
180
1513
2753
4220
3654
3223
1777
1205
2397
2857
3592
1726
2234
2862
2178
2345
2671
2503
277
2353
3535
4957
892
3883
4203
1111
1046
1569
991
4502
2537
539
3918
4209
3812
632
4876
499
1131
5074
1511
683
2009
921
2212
2197
3332
3346
1379
951
3927
1888
1392
4640
1934
3602
387
3082
475
2184
4587
1398
3340
4982
2069
1625
1799
4777
1262
3426
361
4942
2836
1811
1630
4836
2195
280
1851
3907
2789
1551
3847
3462
3386
937
1385
45
2110
3876
4508
874
2757
4941
1856
2266
860
3838
3275
5087
1443
5012
2420
4919
2338
4084
863
1003
1744
3112
2825
4311
2079
1664
2969
223
5049
3300
4888
560
4914
101
3189
1549
1641
1862
1805
1725
3635
3998
4987
1772
4895
3742
2683
1635
2691
2307
4666
2468
2108
3098
2274
1602
2434
895
2293
4968
4295
1315
3409
4568
2987
2591
4439
307
3420
2252
1610
4851
735
2956
3457
4172
3489
212
4909
4128
856
2721
2754
1784
3030
676
1562
570
3579
1920
13
4896
4514
3849
4775
4356
2922
1553
4558
1380
1831
4826
4469
1933
162
2442
711
4761
1206
3792
2648
3555
3629
766
3704
4252
4427
1261
862
4468
173
207
3269
2391
4161
509
819
1829
2569
1518
3050
2598
3566
353
3375
4525
383
3703
4852
1741
718
4930
787
4765
1009
4527
3737
1419
3785
4889
1369
831
4890
1972
1514
4451
4024
2538
4973
4015
4615
398
1121
3837
28
124
2090
1906
2369
4269
3571
2388
1417
1268
1890
4886
4609
2918
1886
2544
1596
3029
503
156
2135
3700
3642
850
794
2337
1530
2579
2091
4156
4641
1644
1430
17
4726
122
4433
213
2589
2446
4800
3398
2568
886
5059
3255
2545
4002
4163
3694
2843
2332
4498
1371
3054
4591
2566
2697
2578
4243
4346
3870
3752
2909
4494
4138
4152
4370
4367
1559
3601
2249
2929
1735
992
4058
4189
150
2662
349
368
1122
713
2022
2695
1255
3855
2415
5067
3045
3046
1800
2889
217
4561
6
467
86
4882
4017
617
4694
972
2947
4937
4227
3150
1382
882
2646
5057
1291
2869
482
5031
1489
3256
2948
72
4157
4354
356
3926
1550
1135
276
646
4272
3649
4046
605
666
4160
4911
1458
3944
1427
1781
300
1981
621
3687
3576
4004
1393
54
4664
2634
585
2487
2082
459
3369
689
4249
4422
4685
4735
851
1858
4569
3016
2498
2736
3569
4590
4605
2383
3796
99
1399
394
4409
1498
739
3301
2810
2140
4325
2624
4183
4644
1242
3294
4754
3200
4291
2270
2765
2985
3639
1233
1256
3991
2382
2216
2399
3453
528
994
3897
3670
68
1692
1774
3302
3264
2639
4301
1049
1132
4549
1577
3727
1454
434
134
339
4041
521
3702
3778
709
1915
3826
4208
4559
2855
4511
216
1706
1209
4196
275
1969
4921
4153
3307
80
2728
2877
2198
2596
2357
1048
1629
2864
4402
1471
4610
2978
3641
4972
861
3060
4335
3088
2472
2759
3510
3990
1907
4122
3672
362
3446
1932
1134
342
167
4165
1929
2703
4823
287
2170
2365
4658
4860
4192
305
4125
2196
465
4006
367
171
2500
1234
1801
1786
4506
334
4943
2138
720
1760
1152
1026
4275
2013
970
4704
4828
1348
2310
3211
5069
53
119
1051
4509
2849
4480
462
3391
3198
1798
1804
2704
4077
5077
2796
3916
3966
266
4855
1763
440
4844
1842
4255
1220
3293
1825
3959
497
4278
3287
1830
480
1198
221
259
37
3620
1431
3220
562
2971
2262
2942
2105
1200
4086
1869
1998
4376
1038
507
3021
587
4461
891
4990
2607
4713
1859
525
2706
301
1442
3012
1948
4315
298
1996
3802
4838
1024
46
4188
2865
2901
3268
4048
3779
424
3540
4174
2303
4809
2071
1921
3315
2935
1928
4372
4009
3833
1893
3416
386
5046
1337
190
3063
215
2506
3751
3320
3715
1306
2608
3529
446
1039
490
3434
4520
4087
3143
3130
4313
140
143
3044
3034
2400
4140
310
2126
4516
2975
3733
4478
219
1153
1150
2621
2168
581
3799
3089
4292
1456
125
1251
2626
2954
1813
121
909
438
4794
3905
3953
3584
67
4542
1476
4142
4689
2780
4747
4127
1672
635
1034
4555
604
48
2803
902
1854
2980
237
157
401
5070
3705
962
2389
4910
4503
2720
830
705
3028
3938
3640
4782
3606
29
2520
2576
1104
843
3013
2983
1232
2351
1923
2511
1713
228
2748
1894
2801
2061
1580
589
1182
33
2667
127
3607
2392
51
195
662
2555
537
1617
4847
3614
4133
1052
607
413
4690
1357
4938
2553
1565
3312
4774
643
1183
2364
3552
615
4321
3781
4474
4412
4758
672
2267
2541
4857
2202
2848
3435
4386
3940
4135
292
4464
243
4842
4385
2522
654
4211
1400
422
4205
0
3011
2038
1169
3116
1146
4960
146
4663
2885
369
4816
2777
725
4537
4793
2799
1539
35
4332
1670
115
4778
923
2786
3504
922
2861
3884
2735
4716
3488
3317
511
4204
2032
4861
719
1512
4363
3522
4148
5063
1444
3466
1199
4338
1190
2026
4721
4932
1994
4974
3801
1908
4608
800
2447
3506
400
4260
3726
3789
2417
4384
3556
4814
1898
2199
1997
1248
1124
479
692
2858
4770
1394
2830
2945
2529
704
2107
2641
3667
610
611
954
3306
667
1661
3818
4267
4393
4449
801
3161
2185
1663
633
3244
3343
1976
3033
3880
3588
2380
2534
2474
1404
594
5040
3798
1295
77
2015
2363
4246
3178
4908
1045
1747
4550
3031
4326
3732
3350
2101
345
2411
796
4790
3237
648
3146
255
4734
3024
2143
4300
3505
245
1620
612
1060
1694
3327
3955
3006
1568
132
4424
3701
4271
4815
4723
1346
4463
1406
3516
3160
1155
3632
2731
312
5081
3692
4484
5029
1157
967
893
3544
2734
3541
596
3027
229
1287
2688
1332
2331
694
971
4201
2661
1494
3949
4247
3004
205
3518
963
1333
3234
1066
2912
1103
4544
3767
1079
3252
888
484
2352
281
3976
2586
3523
3604
3572
4279
3231
282
1174
619
3771
4349
2001
1401
4688
2713
4229
1872
627
3036
2132
4398
638
2419
3478
1192
4181
2685
2559
2416
1945
4195
3390
3950
4368
1955
2458
2516
4986
293
495
2822
4567
3179
5016
514
433
784
551
4425
5051
1030
3582
1833
5033
1044
2422
1087
3188
591
2250
1105
474
4290
423
1025
802
3151
4318
3643
818
3153
3396
1263
3427
3753
2124
1873
2613
4594
2681
4465
1269
285
780
1188
273
691
2795
576
4899
291
3075
2374
379
3741
3543
3975
1396
2690
1342
3069
2150
2330
4250
2455
976
1091
3564
1796
3342
4238
3631
2319
625
1815
1572
270
200
4515
3808
2682
3573
1322
4025
1311
871
824
4434
4720
884
3048
3817
3330
1252
2457
1127
5078
2560
559
558
3101
2362
2177
2173
1535
2213
3001
3591
730
2263
3803
1738
1013
899
3638
3989
128
3521
4437
2588
269
3551
4988
3371
4462
4460
3102
79
159
3845
4944
3730
2403
4242
832
4337
3893
370
1294
584
821
1836
1204
2620
5060
4057
4617
4312
1178
4129
3469
3250
498
933
169
4922
2710
1595
2599
1876
4674
3981
2438
640
4141
71
1212
117
3225
2012
4341
1959
2298
2961
3121
2752
3344
1125
3503
4361
3402
308
3119
416
2927
241
1946
914
1960
168
4534
153
2970
415
1005
2951
3109
868
889
385
3482
1438
2905
4718
2527
1447
2937
4404
4038
1646
3289
624
2939
4069
3721
3943
2097
4547
1552
728
542
347
1215
531
1708
2914
2821
3226
3163
2627
2834
3067
364
3304
4925
3813
870
4728
1848
3460
4582
2273
2257
652
4124
3360
1515
1102
3394
4265
681
3502
731
2547
717
897
1730
3974
4588
1389
5071
4613
3788
4358
4207
3865
1931
1911
5
1080
2903
2650
3904
686
78
3480
154
40
1745
1076
4586
4070
3848
915
1282
3007
4036
3133
568
1008
4668
1108
2042
1403
5076
2188
244
2115
65
1073
712
2062
3388
2897
1462
1241
3829
2790
3908
3622
4184
4244
4035
3196
2201
504
1029
1918
2251
2214
5036
4748
3085
3131
2708
2561
2144
841
527
4399
2437
1465
1061
1863
4003
2464
983
2844
538
769
1736
2723
642
4562
5022
302
1351
3499
3093
3660
299
3418
4145
4821
4619
3361
1949
4362
4263
2058
4593
2496
3583
4831
174
2730
834
993
2827
2235
2762
100
3117
2549
838
4019
225
3511
3857
3354
4273
1916
2291
828
2558
3722
3456
320
3105
3373
3539
1126
1582
2475
4706
1521
4353
2742
1765
721
2669
2296
3190
1428
2137
1773
762
4088
4556
3512
2603
3745
4366
4965
1847
1259
1176
3882
4445
4302
2733
98
4837
3787
4725
3819
3065
2676
4421
930
2863
748
4603
1390
1668
4154
4020
2366
4623
202
2431
3139
3786
2804
1827
3611
1792
4904
4436
3824
2943
469
2368
2989
2139
845
3341
2054
372
2616
806
279
4256
2584
508
3827
3680
4517
