1725
358
1818
56
1748
2730
4367
1819
4298
541
4623
3658
1733
1543
3779
2990
4459
4794
2295
2267
2950
4763
1033
1548
1557
2579
825
616
3919
1671
4699
1134
2541
3133
1075
480
4956
4279
2166
4767
3700
141
2322
2507
4605
3412
1623
1395
3003
333
2946
1945
3190
1779
2980
4886
5026
2726
3210
2628
624
3651
717
4089
4846
4563
3321
1046
1629
335
709
3736
3161
684
3169
1022
3184
3751
4594
32
289
94
1992
3163
1089
1420
115
1347
3159
1621
2824
3841
3200
1053
4973
1381
381
3002
2308
465
2788
868
1422
4649
422
557
1617
1270
2833
522
2975
1066
891
1893
2007
1531
423
156
4950
1367
4012
3556
607
1243
2114
5038
1740
2809
3145
2785
2481
2666
1177
4546
2081
1143
4025
1767
1451
129
3657
824
4399
4876
4151
4168
2
3338
2512
3415
389
3472
4515
924
5079
815
2456
1353
744
3482
1584
2401
1982
4587
2757
4305
4553
4377
2461
2435
428
5044
3565
1020
2895
103
2699
3442
805
4329
2924
461
779
2873
3823
1272
517
680
4488
3064
3089
1362
3157
4060
1599
4433
3839
4816
4540
2404
3959
1117
2617
636
3523
11
1443
1163
173
1734
131
279
728
4065
2524
3535
4245
276
356
1032
3546
2540
1906
4102
2620
1222
3827
2523
2263
777
1519
1713
638
4438
1892
2021
2860
3452
4933
560
3000
3818
3814
1651
2747
1238
219
1265
1661
399
3587
1274
4019
1760
1462
3082
3186
2706
4821
1704
3115
4278
4337
3660
2268
4359
4435
4750
528
3548
1184
4859
174
2287
716
3255
2870
2311
4341
589
3252
1545
4598
770
2059
996
417
4219
392
2904
420
1097
1087
2654
2464
5008
4255
2074
861
1575
2230
5000
731
4675
865
3263
4629
3297
1969
1787
4041
2294
4906
4074
2221
1397
1312
1817
682
1683
3820
3226
3178
1352
1494
4274
2026
1761
453
4963
371
3216
4854
9
948
4614
2763
1979
1037
2297
180
2406
2848
4810
3711
347
2526
5061
2058
2066
3984
3554
3253
1112
1135
23
3261
2189
3603
2300
4720
3874
1010
4001
2653
2198
1847
1480
1126
2586
2068
4234
5013
482
1949
683
1334
1019
4775
3250
4114
4783
2229
2843
2845
3932
4469
2812
3058
4332
1631
4310
4136
1004
1844
4698
118
489
742
2806
1401
3576
1159
2791
4797
4371
3513
1408
617
3375
4213
3524
3518
1404
676
608
1365
3600
3317
225
2247
943
1296
2354
3707
2178
660
4957
2795
4686
415
3969
235
2238
169
1578
3340
4432
3143
2216
1687
2889
2499
5088
2595
3335
888
2502
2130
114
3692
3301
447
2742
74
205
863
5083
1534
900
280
1499
1746
587
256
1766
3112
2836
4464
2203
1012
3426
694
1164
3529
3927
2310
4858
1416
542
1981
4086
3689
4023
4717
1749
539
1024
672
935
4173
1867
571
2452
3465
3832
2581
4745
4685
3254
1685
4373
3926
4416
1234
4904
764
3462
286
3258
4476
4799
252
1583
2680
3525
4088
1695
2842
170
882
3968
2240
4156
340
4369
2302
3345
2197
648
2035
2513
214
586
2063
1267
3222
3871
4880
2551
1706
147
3668
4112
1027
554
1612
2961
602
1504
2682
3494
101
4370
4406
1236
3427
1771
3251
551
4149
538
678
3708
1911
5018
4206
4559
377
3680
1040
2127
4710
111
2624
879
3242
3177
2976
4815
1887
4616
881
2999
1860
3501
2164
2508
1343
4511
3138
4172
3780
1151
890
1324
2780
3541
3421
696
4456
1246
1637
4129
1811
4961
2462
3582
3847
3043
2549
20
285
3912
472
3181
4163
406
421
4452
1679
1716
2003
2193
1337
2856
2382
4580
1940
3538
2244
3377
2306
2498
834
2565
4046
5060
4607
794
4498
4648
1188
337
1104
83
2916
1128
2454
1619
5031
2637
1113
1815
1514
2934
3911
3913
884
1642
3411
4448
798
2611
2242
4449
125
3103
24
3815
1354
2606
3571
4702
562
3610
3857
3105
499
2552
2574
1507
3781
2335
3062
1711
4772
4690
82
4380
515
2466
1054
967
3714
3343
3499
3694
309
782
664
4052
4014
3026
3837
580
4569
2899
1387
4424
4637
3269
79
1115
530
4340
105
3722
4592
2218
4889
2357
2008
3920
1864
106
991
629
4999
2597
4261
4541
2318
1648
5051
3892
1840
1587
2543
2129
4209
823
4977
268
3236
844
260
3858
3765
3093
1464
3728
4869
4251
1801
3077
3942
1872
920
330
4537
247
2560
4296
811
2023
2002
3588
4474
1849
4157
3899
4372
3469
5085
1946
1091
4657
3333
4972
556
3581
2995
1201
1378
1467
1161
613
909
2671
555
2657
3578
1137
1537
160
3219
3916
1069
873
4860
362
4562
4645
853
4338
3595
4350
1878
3843
3018
4193
4760
3663
1563
5075
1259
4081
2177
516
454
3463
4545
64
404
2062
799
2936
3313
4853
1125
3528
814
360
5066
3574
2365
4552
2764
4135
2890
4844
2640
4470
4103
1917
4258
1034
5021
1662
1595
1921
1008
3211
2777
2329
1286
2102
1430
4010
4715
3071
242
2379
4066
859
80
1581
711
2749
2036
2735
1439
354
2212
232
1028
1189
212
15
689
5004
5030
4333
1392
4483
4613
2997
2778
535
2790
1325
1655
911
2106
484
3938
1919
1608
749
16
1385
940
692
2217
1607
3052
1429
3864
3369
2361
2029
3368
3040
2325
1875
2493
2209
4825
4312
449
3158
445
2598
3295
470
3096
3678
4757
93
519
3866
945
2482
39
2140
2192
1319
876
3259
4572
3073
614
3515
1742
4038
3979
3294
1951
4974
3955
4037
2746
3805
4812
2324
4831
1147
3378
2136
3471
3400
2705
4561
1063
3120
5081
481
3690
1469
137
2038
630
368
3171
3224
4188
4182
2187
652
908
1899
3964
1627
3941
2787
290
2479
1874
462
3674
2073
2316
1688
259
1418
1216
1348
2723
4716
540
2825
4501
715
2148
1677
253
3209
1712
4232
4119
2854
588
4026
5003
3289
3793
4887
1389
3533
3478
3531
4773
4387
3602
552
2669
2808
3456
3342
1564
1764
2370
1516
446
4445
4673
2092
1851
2728
197
92
19
3617
4427
3308
4504
3353
2996
3399
4627
1753
4174
4806
4073
895
1773
4714
3380
3023
2337
4736
5036
741
4324
3206
7
721
3393
1039
1912
407
4292
2088
4852
4942
2783
70
568
398
2091
3824
1546
4339
4733
2009
1289
3283
2261
3999
3054
1618
4785
1038
1813
1738
4744
3416
3314
1939
332
3695
3872
2095
856
2765
3748
273
4855
4471
1123
3725
296
2416
3279
3277
3123
1558
3019
4996
3142
3436
2376
4428
1219
4680
1870
3293
2577
210
4870
1009
3113
3521
4921
4895
788
3965
4064
2094
1586
8
3256
1666
2145
2518
4238
2254
2006
2921
2473
3001
2151
1647
1405
2471
4766
1471
4044
3526
30
995
4833
720
2201
287
1825
2449
2702
3160
4315
4935
2537
2884
4423
2863
44
2521
597
2631
2569
4374
1975
4084
2133
2982
4115
353
570
439
3257
1593
3262
3596
2910
2851
3418
255
3735
4494
60
476
4071
2675
5043
3239
1993
3227
2593
2271
1657
3552
5078
363
3487
155
2942
1414
3629
2928
5017
1890
1622
1252
2388
1789
2362
4297
3971
2683
1425
2643
3152
4692
550
3505
3817
2167
1338
1050
1278
3682
5005
2353
3597
2580
4706
4051
2714
3544
3939
628
2079
90
646
3091
2328
448
2711
2542
3109
3395
3056
1344
4212
2338
400
4930
3771
2820
3614
4328
2086
1963
1108
4231
507
1196
1670
3895
2087
33
220
965
4457
3034
2469
136
4722
1955
821
3165
4964
1003
826
2753
3046
2535
5035
2948
976
3229
497
2572
1256
1669
171
3318
2719
4493
4203
797
2195
100
1407
759
984
838
3562
2720
2614
3907
1827
184
1281
42
444
2205
1432
2741
910
1258
2695
2968
31
1702
473
4931
3493
2123
3319
151
3543
2670
4834
3305
2334
621
1277
227
3136
3237
5076
4447
633
3183
2528
87
3917
1351
1440
2131
5011
2919
2967
3766
2700
1574
2364
3828
3274
543
1427
3240
1896
1750
5016
5064
4782
2793
1178
3937
4398
1251
573
1081
1703
3719
5007
211
1576
4824
3852
2100
62
2367
3014
3151
4709
1101
4962
4526
3717
3432
601
2553
4791
4187
3022
4153
2927
4536
4809
3797
579
564
3888
1463
364
2274
3273
2042
2681
4450
1649
2738
1442
4404
2696
4787
3637
1358
4913
4113
4275
2168
1093
3952
4863
1639
2356
1959
4811
2037
313
2072
3080
2805
4693
4199
3730
3664
3902
4327
4334
4667
376
3131
3458
4132
3156
944
1300
4306
4311
183
315
3631
346
4183
1778
4861
2766
3153
2347
4959
972
4867
3896
1241
1220
755
2852
3786
1602
140
1812
1522
3215
3679
4764
3933
4411
369
958
2157
143
2971
704
1275
5086
4092
913
2673
1839
2488
2632
1131
1853
4490
3094
2897
5039
3962
643
705
3670
2303
3198
819
1379
623
4069
4393
2610
4177
2282
246
1513
4688
3332
2057
4596
2872
2965
576
2210
4313
3087
3508
2055
4941
5089
1261
3958
1249
249
619
792
4595
1739
3557
1109
4847
196
761
4879
1419
2761
4284
4555
563
1237
3575
874
950
2341
1491
3555
4309
1127
2515
2703
4707
4067
2760
1477
914
2467
691
2476
3005
3701
745
2028
4590
2089
4143
2867
2420
3202
4756
2281
4822
1229
4639
4162
990
1686
808
3119
5062
2501
4465
1656
3048
3507
3775
3461
2120
4608
1831
1142
3743
2196
1611
2926
3424
4201
1556
2211
3702
1588
4375
3013
4242
3166
4273
3883
3813
1665
3641
3266
4602
4218
1598
2768
1453
2475
4988
946
2977
1674
1823
4798
1302
3495
604
3506
4920
4681
1288
2677
3299
5014
1780
3361
3931
3387
3480
1339
2596
1502
230
3180
1206
3673
3132
3879
2506
3486
2903
523
1406
3267
59
510
1983
1183
4807
3915
4769
697
4508
894
677
4407
1590
146
4687
2144
215
2877
1242
1295
1096
3081
2840
1830
4827
565
1886
3855
162
2802
922
3020
2692
1330
3029
757
1756
2750
2014
4186
786
2061
1580
1805
769
4792
1774
3943
4737
3245
4919
1376
4208
328
3070
642
2485
3970
4620
2255
3772
1247
2069
4285
3789
2511
1361
1345
4643
2491
5059
2898
1536
3325
2103
193
5048
5053
4223
4130
2093
4061
3798
1820
1399
806
2694
841
1925
4443
1692
2047
2954
2107
4543
3726
1877
3065
4901
1943
4118
4078
527
228
1676
3322
1373
3752
1569
145
5029
3189
512
698
4439
1524
4235
2152
2314
2455
2590
3409
2786
4612
3221
18
862
3885
4082
4600
1967
598
3935
1806
4740
2944
5067
1276
2914
277
674
4513
679
1303
4408
3639
4784
3504
2745
334
1393
4318
2633
3470
2110
4701
4953
4295
1356
3580
3650
208
5037
4368
1138
469
2636
4419
4641
4568
4633
4127
3484
2266
2625
121
4171
3570
1095
4358
1291
4708
3601
4241
2371
1327
4401
3346
4836
2194
1863
681
1989
182
4848
2962
3801
3455
518
431
324
3330
5058
4900
2119
2630
159
1070
3649
150
4482
2292
3586
52
1426
2752
4134
2161
795
1884
1355
1473
4323
714
3355
2105
3878
274
1719
4550
3429
1154
3551
4108
3088
327
437
4047
4527
237
2350
4955
3981
2731
830
3756
3802
665
2399
4544
4099
1090
2519
1208
3633
1478
1862
1455
4897
2698
1207
1168
4656
4055
2099
167
801
291
650
4948
4571
4236
4979
754
157
2360
455
4348
983
4349
3228
3870
4354
3567
375
2389
3882
3354
1411
4004
2859
1798
4077
4145
585
951
298
1952
1058
1970
1489
1565
3983
963
3613
1016
3724
768
2555
3302
4694
654
112
4344
669
3770
3944
4142
2359
1456
3349
4888
1269
1510
2039
893
1315
4905
658
4364
508
1976
702
66
1321
3300
923
4790
4481
4928
3329
4516
257
5068
2894
1585
2446
3085
4619
410
905
359
1808
2141
4434
2685
12
4000
4352
2264
3661
3584
4260
4884
1726
1436
3642
1328
3055
4796
479
108
625
3977
985
86
385
3272
4137
3466
4040
1204
2861
1532
3851
3309
4877
1041
5055
3030
2125
1964
3490
506
231
2344
4929
4165
426
1326
2336
2759
904
2871
4326
2955
3404
4307
2917
2715
3992
1511
4994
1903
302
1227
3097
3891
1757
1228
3049
4363
3069
1493
3961
746
99
378
2326
22
2108
4200
2248
2748
2331
4303
3238
283
919
1490
4230
752
1285
2880
4814
4016
325
4882
998
2013
2987
2470
1752
1606
553
2269
809
3928
329
3041
3987
1673
756
1051
2576
1663
3298
747
365
35
3549
1907
3996
1675
4610
2609
942
2031
615
1693
4578
4170
4748
937
3092
1079
352
2799
4724
1835
2060
2690
3205
3275
65
1718
4361
2257
622
1544
2639
2182
2480
4058
1857
3512
1836
803
2635
1937
1505
4233
1782
4606
4442
4671
1751
1938
1758
2171
867
1384
1015
3108
4039
2722
1006
1765
3324
2265
763
4510
2149
2490
1359
1689
4116
729
4277
927
4095
3652
4045
1854
3947
1076
1100
4866
822
2496
3737
3520
3967
2034
2162
1962
3840
4243
4497
3745
2418
880
4981
1065
3532
4294
2804
4211
1103
1956
2299
591
1552
1707
1122
4912
75
3172
3590
1930
2712
2022
1314
534
1332
4918
240
3706
2174
4412
2767
2951
3170
413
1626
269
1146
4383
245
5052
4446
2076
2414
4678
2589
4109
2721
456
2756
1458
3053
198
1560
4992
2442
4426
3749
4980
488
2390
912
4479
218
1140
3449
1781
4087
2862
3894
2191
3234
3358
3196
2017
3572
1744
3511
1313
3672
4636
758
3856
243
4343
606
3704
3199
5012
2841
1495
2973
4954
5006
4017
471
1653
102
1203
2548
4202
3741
4179
3951
4551
4872
2249
3008
430
3296
3849
2405
2858
5015
572
3948
726
3491
1094
4111
2252
3392
1551
2346
1483
4487
584
2497
947
1299
4911
161
4615
1048
1965
4059
213
979
1790
4803
3738
2432
2434
2332
1960
3445
3842
5072
3312
1834
2487
4672
2219
504
1838
2225
2256
3286
695
2044
2516
1475
2305
4460
796
3653
27
4883
3716
46
3684
3607
4144
2740
3402
3366
2223
1307
3498
2417
533
5050
710
261
1915
4966
5019
2236
4120
3993
4107
2231
3241
2374
1449
2445
4945
2290
4575
386
258
701
1525
1382
3645
1349
2200
3225
4390
3734
2128
2234
271
2468
2301
1634
4351
926
2104
4391
1431
292
3327
3604
2224
1472
3140
248
3922
3477
827
4934
2413
4995
4321
2732
1067
1139
3483
2431
2932
4117
2958
3187
4453
3027
4997
2800
1297
925
2998
3435
1444
3880
4104
3431
236
767
1763
1650
4022
4198
4768
4535
1152
3638
918
4520
866
3800
687
4712
1423
839
3106
4788
3863
1841
343
297
4138
2423
739
899
1116
2893
1682
2667
3011
1880
2143
186
3635
3134
1842
3351
2215
2689
2945
3110
229
4625
1786
869
952
2387
1696
1852
3669
1881
3893
4222
4586
1026
3036
4105
928
1920
4579
2046
4192
1828
1894
1086
2883
1515
3989
2981
1044
4927
294
2544
1932
548
2276
1549
2085
4480
4237
2495
4167
810
4820
3086
1254
4191
2594
3448
387
4244
5024
503
4158
120
50
3826
708
2158
1042
1438
511
4654
1980
3890
1933
2659
2090
2409
3978
4420
3834
0
1244
1926
3713
1804
1799
3009
4384
854
1374
1708
2545
2739
567
2849
2754
1294
960
1791
3560
1370
4739
735
2373
166
3307
3791
772
2291
3630
4030
3376
3647
1664
641
4878
3459
2607
3039
1257
4140
1928
222
4828
2082
3803
3128
855
520
4735
727
1897
966
338
1320
4180
4018
3934
3218
4325
2323
1158
124
250
1858
2634
2509
666
139
3341
2484
4319
954
611
1386
3865
3905
1672
1810
1167
3439
457
5071
4269
2440
4331
2243
1171
3559
1793
1910
3129
2832
3599
3414
4946
4240
4249
848
3457
561
3336
4557
4663
1223
640
4987
1788
3747
2600
2154
3929
4805
4291
2855
4585
2000
2907
1060
2071
2727
396
1271
3811
4253
4582
1873
1107
3111
3004
3577
5080
4670
2646
3025
1624
4841
1735
1538
2486
3188
2963
2599
2443
451
620
3859
1591
4776
3547
1784
1567
4779
3379
2868
1530
4507
3015
4965
4268
1492
4217
637
3723
2794
2615
828
2834
442
3903
4228
2775
4819
351
4958
165
2686
775
4133
4029
3339
2649
1173
3331
2239
2505
2736
1529
3593
4652
2879
3761
4885
40
5077
4032
1141
4677
2319
653
1652
3265
2451
537
3047
403
2392
4538
2457
2956
2070
1714
4283
1120
2912
4705
4518
1398
1868
3762
1659
4603
4947
382
1233
1263
2385
2226
2126
2718
3270
25
4642
618
2398
3444
2113
2773
4176
107
388
3940
1452
699
3364
4300
4491
1435
123
1306
4632
4027
753
4098
2298
3311
4148
4308
1667
3423
4971
4207
2262
179
47
858
956
1482
3249
1500
2011
1628
1539
4263
3141
1966
3539
2232
4967
4599
1845
901
81
393
69
416
872
2915
2561
2228
600
4276
1998
4952
4301
288
1073
4801
345
4697
4215
4451
4542
2937
4287
3625
4121
2138
2525
2828
949
3078
2010
458
1316
4940
4730
4700
2165
2111
3430
1298
3344
2558
2789
509
1084
505
2246
2672
201
4097
1680
3985
2208
1029
1110
3291
2622
1768
3405
2913
4581
532
644
475
833
1098
3323
3360
5046
3492
3191
845
4400
4034
192
1615
3848
5069
2774
3739
1193
2536
2866
4011
474
1641
4317
4695
239
4330
2427
1668
2837
3804
2320
1424
1331
3619
3835
203
2829
2381
3807
1916
149
959
2147
3384
3516
130
2557
939
3117
3451
4894
574
4674
2664
3616
187
267
466
751
973
4621
4925
4164
2564
2779
1541
4565
491
4365
2935
55
842
3496
3363
1879
2993
2592
1056
3733
96
395
1720
2608
846
2181
2865
3606
688
3083
903
3362
840
847
483
4259
1944
3545
4386
4679
790
549
4147
1466
5065
4048
1388
2810
2448
3994
1632
1283
45
3012
4891
785
63
2273
566
326
2782
1609
4991
3390
2658
3410
3488
1743
3812
366
3440
4007
1636
1895
1741
459
1434
545
2781
1169
3201
1736
2796
3135
4932
2709
4795
2052
997
5070
850
1372
1402
4250
4583
3966
3755
4711
3666
3419
3884
4289
3640
1592
1445
4696
394
2020
2803
2878
2770
1209
2725
4916
4405
1747
4868
3176
460
789
1935
4057
4101
3079
4529
3845
3453
3768
223
713
791
3583
1643
793
3373
1997
336
2817
3370
319
1924
1555
3550
1409
2437
2813
1441
4531
3867
2623
3035
4512
438
5073
2040
5087
1078
2918
4293
1333
275
1155
670
361
4732
194
1728
1474
2960
4650
4414
2233
3799
4033
51
2792
2121
4682
486
4731
4347
1597
2321
760
4755
4665
929
1722
2629
1610
477
4146
3068
1336
970
1518
2737
3585
1175
2118
2293
1111
1250
1218
1809
41
3561
3137
3946
3408
4437
4669
2651
308
234
3328
2098
4050
1721
3656
4659
3044
3782
3084
4220
4462
2816
3873
2972
4786
1025
344
4898
293
4922
5057
2049
1603
1795
4751
3691
2330
4002
981
3208
3017
4381
3126
1099
673
1533
1043
1119
4655
4410
4924
3709
322
2463
765
1948
3264
3997
4062
204
4845
3010
3612
3675
2307
4533
4485
3536
575
1213
3475
1535
2342
743
531
2339
270
2494
4068
993
3500
5034
955
2135
4978
4357
2176
2797
864
610
3102
2563
1512
5032
581
4753
3391
73
2547
4635
1968
4499
2724
2032
401
3636
176
1017
3502
3953
2559
2005
2923
3385
4229
1699
1577
2708
3988
104
4239
4909
2375
3718
3230
2989
3139
2947
2896
3836
1929
994
2340
3247
172
2974
1346
4429
750
4765
4778
1011
4196
4597
4917
355
2538
3446
1905
3767
4466
3464
3203
3632
1369
98
2237
3620
1596
4006
1450
2850
432
4225
971
126
1486
1700
2048
3785
1869
3372
1691
975
3417
3403
4388
1105
264
663
734
2554
2953
1570
3401
318
4758
693
4141
3024
3334
4110
4566
1149
4793
4257
3059
4960
675
4584
2283
4266
2943
2296
1185
2253
138
4666
1437
2941
1613
1153
1273
2441
2202
181
4624
1460
1412
2578
3844
3074
2984
4837
740
3810
849
1731
4818
4403
5049
4638
800
2309
1092
4985
1160
2575
4322
4738
4495
3154
593
4440
1415
1772
3425
4009
4042
1447
1023
370
1638
1604
1005
3195
1239
4800
690
2701
3173
3821
3687
4161
603
4020
2285
341
1978
1200
2656
