3466
1943
1973
3016
399
894
189
541
3011
4155
406
967
4038
4150
3838
4934
1142
929
3827
3329
2357
2345
2767
1647
1281
3957
773
3075
4972
2206
1046
4518
896
4873
4350
4532
1540
1530
3551
2097
4612
2047
1282
245
4013
32
872
1599
1601
2815
4220
585
1730
3260
4017
2185
788
4163
4784
1811
1070
2682
4004
2962
4203
2358
3186
216
1452
4428
3135
886
662
2576
66
2761
2031
295
3644
2601
3697
653
516
2191
2847
364
3872
2484
3768
1088
1286
2579
4104
4540
4049
3949
2871
2489
1481
2011
5042
4830
831
322
3841
844
49
1328
3045
2751
353
4216
2396
5088
3446
2147
4776
4479
4662
2960
1534
3875
2900
3505
974
1962
1846
1152
1130
2431
2531
342
4877
489
4041
718
1869
4651
1020
1838
3767
4938
4626
4643
4921
4649
3052
611
4903
3339
2649
4510
4384
3590
2454
5056
2325
2475
1527
383
1445
3696
2684
81
4006
4397
99
2492
4123
1915
3681
460
3863
3915
4142
4099
2468
145
2948
3168
2566
2541
3864
3393
3419
3386
4116
3279
2435
1710
3880
2631
4592
1553
2379
3673
18
5001
3963
2591
1510
3305
2000
4488
4598
683
3067
3932
3705
3328
3954
439
2348
1965
1522
3252
3603
657
613
1982
3611
5040
2136
975
386
463
3228
313
3182
4984
529
2823
1853
671
4405
4212
2498
428
3822
2938
2308
4278
3668
4508
1942
3066
1758
3411
3273
2662
3361
2077
3456
2849
2668
4587
4204
2121
2093
4661
2237
3563
982
1623
2269
4303
2418
2039
1069
4182
351
649
5081
2421
778
2119
4814
1308
5051
1051
1223
4251
983
1841
1458
1659
4180
1113
4821
2201
4453
3659
3652
2273
4824
2473
4348
4828
2797
4317
2634
4277
2208
1877
3648
365
1954
2785
4617
1937
3229
4726
2140
805
375
4569
4810
412
3816
4641
2861
35
235
1377
5039
1239
3589
4809
4124
4862
377
3646
121
4190
4905
5053
5032
5084
5043
705
804
4093
4233
3789
2638
82
139
1464
442
3288
4359
2496
1731
2225
850
4173
642
2942
525
3610
4948
1992
3129
4792
3720
4206
1950
4911
3147
3343
2465
4031
1262
1678
1268
1423
4690
4312
2448
2998
3102
3395
920
3636
4759
4681
4257
359
4366
4490
4747
2808
1809
775
4343
1280
1724
1251
4336
2145
132
1074
2271
1978
598
3258
2841
2597
1736
401
4644
334
3785
3269
3946
4585
2611
2368
893
1331
616
3925
2037
1430
1617
4864
1394
2042
2862
540
3019
3757
1271
973
2570
539
147
1596
4999
363
53
3982
341
3571
3447
3463
4083
4500
1080
3057
1769
1422
3777
2433
2692
3548
2278
1671
4772
2128
4493
344
4254
1593
1857
3645
2052
3879
884
495
956
4696
4803
1828
2994
1566
1810
2261
578
474
4447
696
1818
4870
1021
1158
4003
3986
2106
4642
606
1426
2395
3515
2139
866
2172
2708
3945
3336
1620
1761
4721
4435
4396
3409
1815
2873
4242
3773
400
78
3121
1085
820
4710
666
4836
4596
1776
751
838
3832
3865
2263
274
1038
2247
3817
4743
328
493
239
4688
3853
164
4019
4486
1984
2063
48
3997
4703
535
4294
4175
4507
102
830
1143
4902
1203
2002
4200
4544
1139
1612
4893
1376
4971
1972
1565
981
4826
2015
2007
682
3123
871
3198
368
3707
4166
314
2949
4812
1133
317
3871
4463
3428
2978
3905
774
2069
1397
4740
1787
984
3090
3662
707
2961
3247
316
2005
1573
558
3745
3497
676
4633
1249
1685
1605
3753
3803
46
2757
311
4755
1259
1180
4989
1764
3271
1252
1941
864
414
127
4185
691
549
2133
1388
3936
1852
1497
3487
4293
2310
1285
2956
3530
3044
3845
2963
3577
2799
3304
223
3107
4590
3602
4076
4381
2382
699
2884
4416
3999
4577
2117
1332
4725
3320
3495
4154
2904
3960
3335
794
501
1176
1559
1291
5055
3363
3309
247
3344
4388
2319
1429
2060
329
4320
4973
2955
3973
4957
57
330
1359
3441
3069
3727
1196
2309
2463
1212
2561
104
2276
3176
1591
4616
303
4138
726
3474
4834
299
4576
3461
3552
2754
2126
3185
348
1975
3222
3289
305
2929
2562
4029
3349
3850
0
2328
4383
1825
1532
958
3234
2305
3848
1560
4024
338
627
708
5066
3732
4998
3625
4188
5060
2984
2181
3738
1365
2167
1204
994
366
4930
3677
4417
3862
4449
4591
1681
3889
4916
2169
4988
729
3007
4638
4442
1803
4915
4475
887
3916
62
4053
2817
2969
710
3211
345
1994
4411
4804
917
1475
1892
1068
275
142
2193
1899
5044
948
2108
387
4437
4431
3647
3714
4064
3255
1520
2510
3365
4765
779
3568
1642
567
128
817
37
1901
4222
4567
2683
5080
119
787
1092
4603
4857
4648
3482
3200
1651
1738
2714
2194
1805
4238
4495
4851
1689
1039
1132
2646
4580
2249
1509
117
4070
723
916
789
559
2412
2322
1635
3115
3656
2296
4382
2992
1859
4927
155
2544
3950
2694
1637
2912
2275
2663
3167
2672
3912
906
3994
4084
3098
1346
3809
1817
3114
3734
3253
1082
4368
4736
1244
4170
2740
4697
3376
3834
572
10
4940
2429
3717
704
4033
1716
1873
3132
4530
1968
4139
1098
175
2644
3885
2286
3731
1628
4950
252
1789
1742
2968
3651
282
1780
3538
2107
1639
4610
244
1875
1947
2105
1103
2336
3917
2255
939
1188
1093
4109
4684
1579
1999
712
1437
4477
4301
2645
1175
3512
1949
744
2937
3334
4994
4829
2222
4420
4745
3166
4682
746
1460
3609
533
1327
4679
1858
4197
1100
2363
327
715
1013
3615
1768
4925
444
3199
909
4653
5021
4624
477
518
2507
4147
3984
1385
2464
4687
2394
1672
4982
3318
1606
3347
4754
3528
166
1402
4904
3680
416
609
15
3751
4847
4704
1341
2239
810
2230
3876
133
3217
3162
3029
2270
2116
2499
1263
174
2854
2268
918
4868
487
4793
4060
2004
4974
372
1572
4615
3539
3071
3196
318
740
5086
4766
4342
3990
3580
1802
3998
2170
5041
4364
3424
45
768
4926
4700
4669
1703
3257
4408
1920
4125
2709
1097
1687
3640
1503
22
1187
2622
4555
757
4243
4443
4473
510
4565
4899
860
2153
1407
324
3688
1153
1106
2369
2840
4062
575
968
5037
2440
992
2594
4827
3312
2913
836
1785
2554
3280
1752
454
4758
25
278
4198
248
221
2168
1751
3438
1311
988
1289
3130
325
514
4102
835
2401
3001
2403
3226
3655
2857
941
1590
681
4770
630
1538
226
645
2614
152
3401
236
4400
2472
4604
669
1478
2575
246
834
763
3264
862
2800
109
28
2073
4030
4588
217
1979
461
1512
2040
3909
4476
3242
1777
5023
1832
2921
2115
4878
4665
1380
3920
1784
2846
4677
3661
670
1862
3323
426
425
3690
2292
2521
1045
3283
3748
4050
517
4095
1177
1155
3315
2160
3828
3553
2025
2350
5071
2068
1839
2192
4313
3025
30
1887
3591
2588
2807
5028
2934
1709
867
4482
4252
1925
1236
972
497
418
4629
100
430
1812
3061
3938
1696
1334
3684
1412
1646
310
2419
4670
3517
4169
3887
1391
4635
3737
3712
617
3958
2734
1355
1447
2156
2432
3142
4795
2046
1253
3490
876
2051
4937
2034
4497
403
1079
4712
153
1778
4881
641
3852
4511
735
980
4871
1011
3095
169
738
3236
3682
951
881
2279
4194
899
486
1427
1137
4561
1023
1319
990
1186
3128
3274
750
1476
2500
2131
813
3206
2760
5024
1796
4162
3621
1586
417
2974
1783
1343
833
2166
2162
213
3249
579
610
747
2991
4732
2957
1058
4483
2256
2467
3078
420
1431
3096
4324
4541
4639
138
766
1656
650
2836
4472
1831
689
795
2899
4548
4305
1301
4956
4108
2453
4909
647
1001
673
2688
3600
268
42
4514
3550
219
4498
4715
2633
2623
2372
737
4516
2355
243
1034
4042
4160
4140
1871
1715
4088
2017
427
5018
4539
3532
3560
4509
1351
520
2925
4079
1909
4009
5078
2689
2340
5025
1409
469
292
2022
380
526
3188
640
519
1820
1086
3566
1456
3719
3750
1108
659
5050
4306
1549
440
3153
4655
231
3039
4110
4235
55
3962
2215
2084
500
4432
431
3967
3034
843
2810
1190
2890
1483
1160
811
1184
2946
2461
1479
2197
4967
1418
4908
1723
3888
1367
3666
3775
3585
3359
2835
4675
2596
3189
3907
597
1988
3860
3502
3477
2553
225
4789
5083
1335
2216
2054
1855
2202
2687
3657
4551
1405
1055
1900
742
4326
3993
2680
576
183
2746
1493
1902
286
3790
1217
3723
2828
3504
2407
1072
4288
2915
1043
3074
3470
2589
2593
3047
4451
2378
2447
1366
2219
287
2021
4231
3436
2211
2730
4783
276
448
1533
2254
1340
1762
2030
570
733
1275
1895
3192
3579
4402
3178
732
2986
2413
728
1276
1959
3035
2012
3082
150
3099
693
4552
459
3869
3555
2656
362
914
1515
4025
450
1392
27
4298
2137
2816
1148
4481
148
2129
2200
1864
4360
4269
2327
3088
4705
1924
2420
4691
2693
1008
4240
3974
1876
2609
3642
2909
3955
230
668
3606
1109
4445
2260
624
4628
954
4504
2457
808
2927
456
4897
3358
4545
2236
913
3291
1790
3118
1891
3110
273
883
1679
870
3715
4314
1779
791
3235
326
4856
149
3326
3619
1400
4097
429
2123
4611
4738
2665
1773
4309
182
2165
4731
3150
1521
4860
1797
4321
1368
3583
3529
1757
4089
120
4186
5030
294
902
2701
2190
3366
4513
3429
4694
4701
4752
1976
1638
1713
2935
421
2782
1889
1059
107
5062
3215
4319
3177
1801
3317
1502
1185
849
734
2885
4907
26
979
4660
2512
4735
4234
934
2538
4546
1746
3
2404
3483
1363
1218
2930
686
2641
24
1708
2356
4992
3330
395
339
2659
1403
4339
2132
2713
2700
2423
4018
4855
1049
1010
3032
1293
3991
2476
5015
3263
1835
1348
933
3321
5076
4271
3836
3988
2312
2532
4499
21
323
233
2952
74
4337
333
4519
2530
3399
1996
3109
863
4078
304
173
3542
452
2627
1
3544
3060
888
1821
1242
2632
898
2549
1870
190
4346
4880
923
3073
2290
2171
4457
3598
118
3308
802
5038
1955
4295
926
4
2519
2009
3884
1782
3933
1903
2362
1073
56
1454
839
2441
3014
3941
1706
4890
3825
3928
75
4654
3319
3368
1317
636
3101
2497
1081
3122
4262
3159
4889
4021
2739
3157
8
3208
188
2887
1580
3754
1957
1914
3607
3795
891
3100
433
4117
5004
4936
509
3462
3348
4087
2827
2574
2944
2802
185
5019
2932
4407
3601
3174
496
1267
447
4750
3573
1684
1004
3008
1119
4403
1905
777
1969
562
3637
2342
1330
1673
3398
1622
1202
1931
3931
1519
851
4620
2307
2911
532
391
1474
719
4584
4429
3202
5012
1739
4323
302
3492
4526
3225
3282
2134
4316
1232
2686
1676
1312
2469
2367
1574
336
2094
4602
1371
3091
2244
2482
4663
4645
2870
2426
3605
3079
755
4438
3480
2798
3503
2916
4959
2990
52
3626
5072
2155
1027
2577
3042
3823
3756
1695
3897
3634
1469
3911
3488
4081
1526
4363
1929
1374
146
3629
2864
340
3520
3793
1095
2814
3220
2707
1089
3699
2654
3442
143
3507
1156
1220
1951
5013
3140
4652
1283
1006
3020
3758
1552
1375
4489
4276
1442
373
3238
3718
3306
3671
1664
4352
1484
1604
2726
3588
126
3562
1168
4264
947
2642
2712
568
784
3453
2599
2114
2820
4189
2931
354
2027
3569
5077
4401
1216
265
3556
619
1131
4101
96
238
1753
2384
264
2096
5059
632
2920
1518
2062
553
1393
3403
1273
4805
848
1140
4199
1323
44
4707
1338
3478
280
2120
3116
4355
1005
3861
4568
2917
4536
1278
1666
4943
3898
3689
2361
33
352
2198
356
2674
4341
1435
1112
2125
2831
1198
1603
2479
3526
4522
2061
1012
1763
1473
1200
2647
3826
1163
776
3881
3846
3725
1455
4027
1401
2100
4032
709
1451
2818
4297
3444
3819
3830
2752
1675
2326
3246
4922
1369
3454
762
829
89
3851
2997
2838
2685
2014
3576
390
2866
2161
1668
4379
2059
2829
2770
1272
1886
2400
3919
925
1938
4272
3835
3431
346
2539
2436
3224
3460
3108
2547
4245
3024
1662
978
3332
1165
4667
1047
4112
4375
3686
237
4983
1726
1645
1461
546
4914
4461
3695
4280
2918
4945
3360
1342
1091
3770
1619
2603
4608
1491
4187
2144
4404
2869
2996
1511
2159
2353
4618
3214
288
1576
1270
3010
1120
3270
4728
1318
2209
1420
4121
3126
5005
112
741
4958
58
2332
3355
2572
2744
3847
2716
1126
1528
3735
4010
643
3891
2771
4054
591
283
950
3040
312
3641
1099
2616
3951
2542
2318
880
1171
2860
4774
2217
269
4849
4685
4011
1735
125
1997
4773
3910
3896
2485
4559
2725
3759
3783
604
156
962
854
1191
36
1356
123
4764
4210
2373
3506
3275
4421
4941
4127
68
1686
1254
2324
2315
60
3934
2567
5063
1166
2221
3971
3181
4744
3262
4760
2635
205
392
3259
3154
1756
1349
4595
4022
2943
1000
1910
4631
1197
852
1410
4975
381
2513
1888
3608
3904
2503
4028
3345
12
2064
1680
4842
3120
137
3584
4333
384
580
859
3137
3620
95
2537
4066
2089
2569
4538
1946
3370
449
563
4895
4918
1446
2650
1344
4634
1022
3158
2044
1935
115
1985
2535
3350
3701
3018
2936
1897
1054
3113
4096
2049
103
4558
1015
4480
1631
4267
2906
266
986
2280
1305
2941
1677
4149
1822
2474
1496
211
4777
1998
5026
3706
2964
3670
592
2834
2267
4589
228
2460
3017
2844
3894
2855
1230
2875
441
2376
4517
1741
2517
3072
2655
2459
86
382
2508
3961
587
2867
4666
3141
2717
2551
1386
4901
3700
1154
2173
1416
4471
2600
1986
4734
3618
2354
2493
4135
1373
3391
2586
4392
4228
1614
73
904
4344
5049
2824
4816
2392
409
513
2339
29
1654
4057
2487
1524
3969
2072
4207
5052
2812
3760
3049
2897
2953
4389
930
3534
3223
5000
3820
4035
3266
803
1453
4698
263
3622
1225
1292
1697
4047
2455
2240
3616
2843
2658
3500
1414
1543
3981
4259
1767
3702
3243
3675
2
1315
3459
4377
3106
1516
1795
2853
4637
4268
4289
204
1207
424
4168
3782
3295
1498
1141
4787
969
1353
2422
464
1691
1848
679
1754
2613
306
3824
702
4780
4068
2071
472
2374
2029
1547
2231
4729
512
4229
2555
249
1033
841
3496
4739
4227
4692
1116
3362
1357
1963
2331
1600
605
680
5064
4968
3281
825
3985
4954
2563
3996
2629
131
2298
3377
837
4788
3678
4963
1383
3623
3635
3943
1974
2415
3394
462
2079
812
3979
2698
3051
3437
2667
2796
2995
2888
977
2568
1102
2852
3617
3564
646
4113
227
1501
1827
2809
4365
589
3525
4876
2471
1880
4811
3209
2504
922
488
4273
59
1124
4966
3310
3119
4302
2919
2386
47
748
229
2779
1321
4867
3212
3665
4960
3467
2081
2294
2764
3457
4850
3811
411
569
1449
3649
4840
3124
3766
2258
3499
1489
1922
3364
4672
4291
1667
1555
2605
3416
551
4094
995
2080
1064
2048
937
222
1670
1389
1798
184
4942
2067
655
4275
1256
2950
1428
4782
2801
1546
2377
11
157
4410
413
4742
1652
321
753
40
3669
3498
3784
4215
3267
3371
490
2502
3357
971
809
1648
171
3043
3870
3769
2722
3755
626
714
4311
482
17
725
4310
603
1868
2762
2229
4091
3086
3930
599
2850
1690
1487
3578
1980
1404
3937
4100
4866
2766
687
4141
1860
4181
2466
4543
499
2604
1440
2833
270
2238
2346
4874
2385
1597
4171
4674
2524
2265
4939
2297
1581
3265
3554
3959
3054
2218
3184
885
3772
987
3698
3868
3239
3944
277
1558
3027
180
4056
1765
2973
1436
2529
2856
976
3679
1284
2972
4658
388
3170
2958
792
1129
1663
3730
2758
2442
3161
523
2163
785
4065
3050
3627
2648
3367
1199
554
667
877
1836
4440
4632
193
2573
4172
4980
3837
2335
315
2518
4964
3638
106
1083
320
435
4322
1162
1128
1692
3254
2592
1991
3346
1548
1398
215
4678
1634
3033
4582
3614
2637
1466
2006
4455
2184
1707
3752
1705
289
5057
1213
2446
1517
3340
4282
905
4798
2879
1439
77
4328
2624
1018
2951
1842
1587
3396
4762
4825
2143
3421
998
3248
69
4208
4848
3077
1243
3983
2621
1309
3948
2227
4843
494
2102
3425
298
4699
3808
467
1829
4279
2490
797
2691
1169
3352
4456
875
2728
4801
4474
2882
4494
818
1419
1003
3021
4892
822
944
1529
2773
2388
3575
1928
548
2099
309
3412
3414
1192
1967
1912
3327
845
1370
1150
2903
379
700
3939
3005
4872
4126
4073
1655
4156
41
4334
4492
3285
3796
2347
2970
396
2558
1222
1570
1699
2213
5058
3709
3485
2130
2590
2795
2736
1804
2858
658
2527
3724
3926
1536
3392
3908
2008
4813
4304
4549
3105
4820
2437
1048
3667
331
5006
1569
1837
358
3856
4146
2323
4884
209
13
2898
2371
2939
1926
220
3729
4023
2010
2088
3388
743
908
4621
291
271
4284
1721
2001
2753
97
3298
88
1807
1339
2289
601
2756
3103
4741
3379
3216
2608
4962
4281
4136
1189
337
3179
2908
932
4466
4105
889
4613
2883
2545
2926
3902
3612
3704
98
993
1775
4485
4724
5069
3763
3144
5079
3333
2405
3765
3788
3065
545
1123
1714
2098
1413
565
419
1019
5089
3111
2947
3475
191
2142
584
1485
1002
2329
935
4756
2210
4935
3092
2652
1269
4122
4986
2266
361
936
154
2548
2111
1808
3093
3094
674
4896
3384
2024
4422
1845
4469
938
2778
1737
2495
1399
730
4248
1916
4853
4098
633
2985
2110
64
4058
2933
3205
4521
2543
4656
3134
537
1750
2242
4748
5047
2428
300
1867
4394
3843
4224
3740
2086
780
3351
4072
2300
3138
4218
654
242
4619
158
4719
1745
2352
4129
1626
72
473
4214
1087
1704
4575
759
3694
3771
555
3063
5068
1799
2581
172
1235
4965
3145
4419
2321
3791
1037
3301
3613
2041
2676
4148
4059
1297
4823
2894
1361
3806
1913
1917
2967
3277
1611
2366
2749
3268
3722
3929
4947
2745
2987
1462
4255
961
4818
1265
4846
622
1625
3149
2411
4952
801
2026
4137
2979
3547
847
4446
3191
4527
3947
1747
1964
1183
374
4034
1173
1121
4374
4253
3439
3373
5014
1395
1700
3426
3338
3197
4434
3417
350
3292
2653
3749
4706
3592
1354
3906
3878
4426
14
93
3558
3839
2774
3026
3131
3423
4900
1138
3469
2690
910
2311
3059
1117
2389
3112
2706
3710
4000
531
4349
3397
2364
2511
3294
1568
4177
87
819
5010
2409
1711
1863
966
4332
4683
2301
2993
749
2257
4371
4751
2772
1508
3484
3559
2234
900
3976
3883
4832
408
1847
1408
892
2138
3599
2148
3183
1017
2245
1740
1854
790
2977
4448
2578
1303
3639
1728
3372
3660
798
1682
3739
4556
4599
588
620
1062
3000
3546
4354
1221
796
4362
1041
1743
952
4315
2664
2738
1443
3536
453
1067
1660
504
4055
1030
4910
232
3901
3452
1060
821
3511
4676
4399
415
2724
4625
3970
3818
1032
4213
1459
4106
3658
711
4858
167
581
946
1482
3435
3653
3169
2769
1733
2783
3533
3630
3892
2863
4307
241
3857
4708
4887
1298
2506
2975
3831
502
3125
1919
957
2434
4376
1970
4594
928
1939
1592
7
4002
394
319
4061
2678
4790
2214
3232
210
1557
3296
5073
698
92
50
2514
4157
2747
2264
2444
1633
2528
1115
2035
4503
458
853
1101
781
4226
4668
1201
4296
2452
2610
4052
4714
1865
2288
989
2980
2223
5035
3314
3432
1145
1851
1563
478
1336
3582
756
4695
2699
4523
3685
4861
4092
4386
1934
3581
2784
528
2872
1302
879
1229
4506
3489
1195
524
965
80
3992
824
3858
4646
2491
355
4778
208
3385
4718
3726
3201
61
1918
758
1588
3597
4223
3084
1921
1702
3053
2643
2410
3797
615
2630
4111
484
1583
1885
38
4258
1630
3565
2150
4192
1078
1936
140
201
3055
410
566
4924
901
2338
2458
5048
4852
2397
2892
4299
2552
1040
846
1849
3451
3251
2697
3356
2525
2501
4151
2226
2825
3400
2516
685
2727
2157
4370
3509
3952
4919
4865
769
3297
4183
4119
3286
261
770
4292
4001
3764
4917
