753
8264
3367
37665
12731
8419
12041
11570
23607
32102
21535
31969
17908
31531
27048
12147
32008
17933
12844
20668
29885
36857
35544
25758
30689
2583
3743
11378
5879
6727
19989
12252
36467
33480
9655
25050
25338
9741
4820
12579
10613
28135
19603
22720
11169
11537
31013
20994
19904
19818
6480
15322
18264
12513
3230
16204
32763
25111
24913
17204
3765
13800
27287
14336
22015
4916
29620
12728
15991
36459
37569
36165
10509
12199
21494
1089
34863
3530
32924
35249
6032
34242
3304
9901
33648
19987
18385
6005
10238
1125
5079
36184
24572
7622
24016
19369
16296
36708
28640
18382
17957
22779
36831
6793
7207
12141
36200
15186
2080
16811
24800
28801
28734
24465
32473
33275
18106
36592
29209
12058
37148
12926
30286
13308
33105
12285
8666
32495
22956
31179
28377
7020
19510
30433
5962
27149
1661
34413
29971
25103
10141
14965
33604
5122
21185
30204
2679
34677
22629
29353
37912
14677
9170
17265
6254
18040
16614
5502
712
24013
10462
10993
8801
34467
12818
16871
15122
14691
21673
25698
29765
7766
32417
13880
12995
27457
6713
28504
20465
28488
29429
5483
23084
14971
1779
17637
22331
3966
26843
18733
14707
13425
8813
23701
29113
37257
23321
6905
11086
3124
30290
19523
34014
26915
6063
29776
13639
6820
1291
19986
12733
6549
14549
36880
16959
2289
29918
11696
18329
8805
18605
34720
7933
19927
5511
15428
1428
35718
2561
34223
30746
12832
4566
4488
32049
35974
23791
6546
20950
21612
25864
19894
1599
27722
19623
18246
23362
4947
13737
1644
15026
21462
24774
27821
34631
10598
35531
15550
9913
2654
21217
4219
26436
25649
4349
9955
811
15369
30368
27153
15201
9489
5576
8978
6263
33587
11268
4681
3070
18658
37908
23913
9217
3326
26433
24508
11614
30084
5610
31847
33021
35907
1484
25368
19582
2527
13451
19684
5389
7421
38679
35161
1514
12312
26403
33479
27113
39090
23011
7254
35888
26543
13452
4641
8650
11123
34398
27316
14647
5298
18738
26292
20546
9803
38227
4330
29648
31432
28356
26938
4769
7912
29102
8128
5261
24254
9845
32431
25597
17553
3635
18956
2813
20071
20796
13404
4586
15432
20055
24625
1933
2337
21655
2620
20821
13178
1909
3446
13555
7081
1431
3447
15317
38061
33049
29078
9232
21272
3507
20780
18915
10978
36339
28248
33125
995
12391
33164
30896
22295
3935
36351
33003
16744
12589
7322
22300
21877
23650
30818
9684
21166
17468
11036
1010
10098
6631
10292
36659
4813
2487
13358
2412
6836
8980
12465
31126
35720
13525
22147
32223
38850
17494
38761
6124
15542
4669
30769
20571
32275
3069
31426
7258
241
11443
19615
8129
801
30498
11599
24711
23681
30336
24083
6655
7270
12516
25184
22702
25584
20403
1324
31631
29270
38391
7584
2032
17425
37690
21616
32183
2624
37241
23626
36965
37510
32522
19877
38276
4009
29717
33794
30130
17277
15073
11481
11472
26185
24347
24458
233
9286
5883
22028
14535
23824
7
9850
771
30513
31729
24364
38667
23842
13613
13445
2055
34722
17459
31077
573
19037
14201
31518
32901
14435
11108
1716
16858
742
4411
17186
24086
26581
28984
15068
24573
34662
35921
17431
7445
14925
5696
10879
21869
35709
10804
32690
25999
9718
1943
2835
38987
33428
37607
27026
25040
29705
9386
27833
16993
25112
8397
11988
5397
26147
18345
1473
19189
13705
35403
1850
11046
32385
11370
30574
38979
29355
33988
16777
32575
10942
14235
18036
37201
37728
32267
8917
30990
22834
32185
31245
25422
3713
30
31413
30391
23453
6617
21717
24381
25358
3976
20693
1974
8011
13095
9763
30087
33158
4148
32154
14478
37209
29186
37095
23536
3583
32090
30507
33584
30952
13260
21808
22918
20943
8259
12961
36312
21504
31769
26854
17386
26261
32048
28384
25848
20271
4635
28464
11256
11524
24671
31350
17982
30885
25605
5
22358
25251
32686
26724
18193
37482
6993
29030
25350
5848
27039
1105
16313
26852
32433
6351
6592
38564
27907
14864
18683
7504
6127
9305
31929
34838
29313
28013
30134
10562
37992
38881
23012
33875
6121
21398
22133
35165
13164
17509
15738
10420
27541
26007
29555
3106
36571
13488
22972
38991
29806
4470
8956
16984
545
21892
28674
28345
29004
17604
35476
34611
32113
27399
32378
31789
25474
29244
30977
24560
35676
27540
2484
37963
14959
2809
34904
36606
37785
33900
38248
32903
25183
25790
12405
2406
14628
38930
33938
18997
2545
4110
27369
17383
19040
25924
16085
8797
8747
38304
27750
7587
31659
37676
29457
36458
16269
34122
23441
8811
12635
1259
13674
35538
5268
2980
17642
8433
38261
28785
11557
35777
4939
8938
10049
13345
21763
27417
8021
26563
859
20607
9389
8719
6971
13530
18194
18154
13728
25913
38706
37885
16629
28616
33815
38428
3892
27044
30900
28255
22861
10408
36799
15574
23769
1795
4719
22746
33654
21419
32347
13139
13632
14786
32814
11274
34069
3820
6725
31892
23059
13820
19210
2897
6260
35541
22413
19635
37522
18170
13214
540
13121
10824
29817
11641
29147
4125
31286
38547
25291
33096
35493
25614
4281
30675
20221
33907
37801
23386
11034
3340
14080
30823
32702
35934
31581
10014
34672
5603
30457
32002
18412
17113
27633
21406
11447
3050
6613
12979
34261
4434
9958
18777
31067
8089
20177
2606
34084
13217
13741
8800
8626
10201
31971
13806
2478
34155
3967
24588
16790
3192
5891
31124
28865
21804
2807
11883
5367
6235
2464
15686
26944
3424
12515
10722
9834
34972
35527
28497
19591
15247
22314
19729
37273
524
8423
24296
21064
36854
30044
31572
19779
36396
36341
30101
15957
21183
35566
33530
29617
31236
32447
13645
19018
20746
13940
18714
24611
31555
4756
2186
25441
12596
17828
26298
19668
19682
23522
14508
35360
18130
28077
23526
14213
2838
8576
27526
870
28601
23624
31646
12765
35831
34012
16141
37907
25583
7140
39050
7234
37486
3945
19745
33633
12100
35811
3747
11441
20755
29593
37822
24552
14066
6751
18974
3729
28781
7544
34851
22226
2123
34850
30178
8875
31098
20728
30073
19795
17782
8307
20021
27567
12173
28590
7127
34243
12039
30161
10556
31247
32755
11365
37654
13851
4464
2097
23199
14475
14232
21670
6210
38346
5488
6532
20160
25203
36103
2714
27214
11563
3412
26836
34876
26308
30682
21240
27273
21635
26235
5854
1491
28517
32591
13697
22866
13323
1515
10715
21943
18384
20555
1977
24969
7242
32496
29449
31431
37491
20137
30518
10517
23112
27667
4998
34450
6938
910
11214
5295
17302
1809
36134
38400
14290
35166
831
29524
36055
19151
2985
16140
26531
925
1621
7066
15931
23191
16134
15948
19546
31520
25542
14869
30451
16181
24718
21018
21729
20949
12328
15504
24623
16944
21825
2256
37128
30913
15332
12873
10768
3992
19328
17175
3269
8609
17749
17871
17098
25802
27016
26740
15786
5208
36884
17287
13366
28164
5686
31195
22892
421
3400
6155
19164
26205
34458
33983
20230
17393
24891
802
23492
2314
4582
1017
38128
16314
34080
16497
25405
3287
33346
828
32974
26141
16999
21053
10928
17290
18285
34137
38601
33745
34509
20006
28875
23908
10398
19720
28357
14385
14833
37187
19655
13271
9721
23559
9180
24978
16113
14536
6033
18507
26240
37697
799
10404
11352
26678
29915
6341
9174
13862
24071
37005
30875
15081
37192
24867
38636
34618
12877
13475
37497
16521
30845
4608
20715
35404
32536
24054
11600
34167
16675
24415
25769
13743
38568
3219
24510
26585
27505
31093
17719
3343
18437
28860
24246
16604
26621
11590
35220
29592
18168
21337
29597
21544
21758
20101
4524
2434
10193
10916
30608
29232
31057
16985
34809
8768
24390
274
34096
32243
28566
24383
23653
28481
18151
30023
20707
32184
33454
18379
18943
38628
3096
32402
1698
4868
37686
18336
21094
12446
11517
22478
14319
15022
2761
4596
15636
5446
1469
18425
31918
1048
12991
8989
31175
34728
6368
25843
36382
31318
12250
19934
23251
275
21588
38695
27320
15584
33432
6015
38206
624
38657
9338
17772
14284
24385
29110
21577
18536
26012
12253
266
5340
36502
26016
32869
21111
15413
2950
15797
27613
26369
8190
29413
5186
10564
36278
5430
35139
2304
22851
3341
34043
18411
7770
10600
31667
22798
6701
17944
36624
25209
10595
4297
15442
32677
18710
15263
13676
34104
32715
14605
11350
24939
7016
31125
32067
5199
30567
37332
11276
24318
37694
25657
14078
36776
7218
30352
30535
13287
16810
15554
32674
8607
30371
26477
17408
15384
9024
12719
4078
6486
23787
28299
21257
36619
3058
3718
6773
18063
4185
9354
22429
8826
4017
26883
28682
3566
25393
22016
29537
19281
30708
25375
8206
12080
33731
38121
11225
4924
1746
906
7041
2982
723
9555
1765
15020
5366
1404
23759
30390
28465
22700
25634
20924
3838
6576
18573
27751
16418
5781
25001
33482
35086
21174
13529
5327
10213
10224
1637
23062
12362
9736
3166
12715
8669
27804
37578
35101
1673
37409
16225
760
2313
5421
24275
28287
14084
10239
35870
31776
14948
24198
27778
38268
31484
34160
24118
33638
24929
20223
39117
19272
28926
6875
2242
36254
4540
36381
14123
26722
5417
30364
26609
13339
19089
37746
9799
30058
35327
20731
23436
38791
23463
11272
34931
25319
1004
34363
27927
8888
33010
668
22034
20818
14321
7040
22325
29180
24131
26744
4460
14426
5071
28637
7312
8918
30072
22509
27128
6119
28034
38107
13032
29105
9277
15935
37105
15658
11830
37490
20841
18835
38585
18568
7946
3319
9459
24342
35664
38574
27678
31574
29732
15947
31448
24827
11206
6157
33548
9867
13568
25244
3035
26157
12092
18645
2401
23531
16815
36293
17241
30628
28485
9873
32123
13314
1815
13818
16107
9124
1272
18571
3688
14331
4723
2259
26154
11001
36290
6531
31749
9858
6435
32101
20998
7091
17457
26632
38622
8720
7216
34244
34958
31797
14192
6726
11695
38364
35424
13489
36736
10270
33220
37351
27586
717
10987
20093
5017
7731
33608
18900
28405
10256
32831
35151
35592
12109
11692
5228
13708
20573
18581
30067
38397
37969
32537
2014
32350
31185
4558
19606
7002
34462
30642
12999
30770
24014
28158
38760
19260
1631
14778
13063
22212
26296
32247
23813
28132
29661
29028
9766
23563
487
19730
22951
38609
4755
2424
23331
10169
38821
39062
763
22565
6100
18199
33363
7205
27466
37212
26402
7868
18629
21130
36887
21917
24680
13330
4580
11650
28855
3770
20698
8390
15486
4847
7300
28492
38344
23810
19732
25509
14734
33819
14775
26266
18240
8967
35306
34926
38300
29220
36889
14878
7346
9274
33075
36548
10545
3910
22762
31713
32387
34786
35733
15839
2499
31764
10774
20038
15509
18998
2604
3920
863
20713
37814
25075
22407
2626
2425
4928
19317
0
22231
14969
21270
35103
35421
5319
20589
5543
24545
2247
9564
4285
3926
7832
35710
19576
18203
22795
3312
13849
30183
13813
38352
26471
5056
32770
17676
14072
16571
9609
20480
13523
13003
29215
28379
25805
19680
26989
35186
5346
15874
37466
27862
36378
5042
29062
35082
2787
27427
16082
9979
30526
11
29156
36539
30536
34166
8780
11845
13974
32945
1611
23033
25234
28273
31533
29718
20864
25949
3702
38763
11533
22889
16432
9878
25013
4978
12246
25025
8501
29727
26006
11802
7613
26109
34785
29928
28929
2524
9259
34185
23689
1528
8352
8943
26189
37397
7049
31217
38058
21791
23611
22194
4011
29496
1582
26367
7297
1069
4295
33956
29399
31488
35631
37408
2795
33758
29322
28509
36977
14788
1625
19685
24950
24134
17068
29202
23054
15997
1839
31373
16823
9444
28041
11039
5925
29217
18814
13985
14197
27628
38869
4431
16295
26379
36404
8460
17397
18164
28982
23655
30490
13466
12754
5746
8931
22672
13477
13085
14407
18260
26492
25134
16249
6646
33414
27818
4502
8057
32588
25667
19539
31226
28803
18947
16641
26746
35391
20893
20318
5801
24871
15009
27328
37361
10775
29937
23938
18977
38854
315
11444
32268
24074
6055
32564
14747
33545
13899
27802
29754
8876
38236
39098
8580
14621
18
16125
630
6675
35415
20997
38841
6144
15050
29151
3220
37004
16090
1482
6515
37261
6137
25668
5314
9905
365
31328
33241
8506
13225
1370
32272
22391
23205
12136
31021
14501
1146
3368
379
5033
26024
16912
12588
18136
38226
34528
7240
17568
20740
15113
8485
30113
26558
17550
1563
31136
33443
3130
14121
16419
28324
35175
26288
30676
5976
15381
10972
25720
9323
13169
34933
32851
7531
31540
15211
26323
13558
21010
26214
21074
28784
30401
36908
13416
14371
7698
9722
10762
31039
33161
17129
24661
5504
29373
17529
13124
12522
32886
31118
11255
8608
21827
33922
24029
27129
27669
23307
8073
25746
35071
24529
38142
23739
15779
35028
8280
9838
17189
24923
4444
37350
616
30266
11613
17403
29842
16596
2383
23840
29922
1623
4368
12204
29750
14048
21245
18103
2640
11907
36090
27091
30203
14400
35769
10952
21117
3472
38359
26406
39026
2127
5785
21853
617
28274
27603
36393
24059
22864
14565
14817
20778
28367
28055
12580
13369
9584
6652
15886
5473
27000
18364
8741
30452
3877
14586
15876
15958
681
4150
27511
23640
34154
6366
20745
1583
29540
26025
3470
6630
32723
14050
4650
14561
37183
9796
21433
14423
35603
23666
12396
10326
34816
35721
27723
30765
27251
458
31412
21971
11422
15202
32266
1826
37936
14384
31169
3834
32356
22874
4891
18721
22451
1685
3517
17649
21906
6161
28
26910
38953
5510
3320
11415
27576
11322
5407
8406
38320
10121
17903
1886
7467
1963
26209
29757
10253
13182
35880
7373
20851
23504
37240
31671
11569
33027
31998
4904
30877
3394
22882
6979
23641
36850
9920
13689
18980
15545
36954
10112
34599
28732
23547
337
9761
20519
38757
29327
16353
16546
20139
1559
11921
2481
23290
19258
5815
9765
12135
37689
12186
27621
36058
15715
5201
1409
30588
3897
36392
16692
16726
24987
3252
6584
3149
6716
10690
34063
22137
16612
8610
13499
7961
10704
13274
27941
728
39
21974
4405
30947
13212
24675
17048
20553
424
49
34906
2925
38093
14283
26233
20647
32163
28282
25240
6677
7447
32136
19462
17963
8402
23710
25609
10895
15016
18497
19232
28623
23629
18197
31622
34278
10447
32422
13245
9082
27461
19901
12972
14148
24475
34438
37082
6087
21875
25331
8536
5989
10355
6129
27539
35091
22681
19350
35792
19117
20665
11273
20909
35635
32357
14901
11073
26210
38218
6892
16764
1313
9962
14301
7878
2776
18470
29310
9083
25346
18860
24280
23630
1128
14422
13066
26642
30485
29764
14672
19386
28363
9321
196
33792
33827
24513
12693
3088
22820
36848
31601
21988
13604
4415
34878
7436
2297
7327
31777
20716
15228
21994
6456
31496
8649
2153
38327
17176
4401
38438
30011
21597
24348
12901
18697
35931
18958
34101
27497
16083
32512
36926
36480
15784
36779
32922
3029
36924
24877
1435
9691
22365
11419
16931
8054
33489
21961
38898
31614
26719
26920
30863
16511
22789
14115
4527
19446
3837
9293
21738
16279
29572
1646
33483
38355
19331
30591
3403
37925
28318
24876
38719
2656
3180
17935
29041
35738
26870
27266
10931
28463
24346
17264
33401
9633
11567
17581
7795
29976
6170
33889
32167
35063
20187
18153
23965
4576
16001
29955
6891
24210
23603
16435
21178
3722
6604
29007
2649
35335
22253
14643
25664
2705
17276
10483
25136
13229
27271
24372
30901
12796
17177
8568
30663
9782
36303
21496
1921
8547
33073
23543
21628
28754
24589
31600
9197
22267
5254
107
17716
30706
10932
29237
20124
19971
10276
35046
26312
23839
32173
5855
18577
12648
5198
19974
7136
7534
18132
3028
23364
34473
25436
30214
18873
23782
2362
1032
161
33390
39046
21599
4666
22772
4662
16652
37594
22639
18768
875
1485
26228
14566
38193
19050
7555
38362
23090
31452
9196
25484
1019
15709
1108
27234
27047
9952
27914
38736
12910
9240
20022
18041
21480
22412
31682
13832
7722
32236
15035
35948
36713
21878
11550
15534
34744
20895
2332
37845
10082
10848
9091
847
35638
5618
3156
12615
13107
6423
27692
20742
3143
28323
8211
6690
24982
18184
5958
101
21837
36622
11332
6897
25810
7292
19514
24991
21297
15595
8963
2568
9466
32448
4647
7065
10311
18948
12673
37073
19441
28369
12556
28578
25216
26065
29990
3464
17684
18969
29507
28925
17648
21154
27226
31564
21374
15918
6151
23864
13478
31541
36199
10153
17345
18248
28932
14191
31490
21445
2665
9538
38965
17142
15693
3120
14671
31290
25550
38735
28811
17379
18390
12402
869
208
14658
7146
15337
38715
26732
24955
34934
34489
18334
7170
19912
9144
6565
19409
33067
19222
36818
13679
11915
18652
15037
38902
2542
3684
9065
15217
24688
25070
37404
1827
10205
24600
33729
46
20523
25499
8111
26837
24522
37903
1263
7475
12701
3162
37865
10840
29494
37711
26517
30935
17748
37374
5494
33261
9956
19120
27381
33972
1097
25275
24104
9972
11859
23483
35828
14158
17917
7117
37323
17018
380
10378
22399
30123
11125
10807
27080
24533
5996
7341
16663
6478
12424
5875
26640
30945
3388
12791
36777
23512
38582
29234
18850
38635
28549
34430
30426
884
34533
13824
33373
13949
11090
26413
14330
10032
35048
19264
3572
10566
6530
33836
16738
13296
9396
25777
28424
26530
11170
24479
17171
1479
29566
29991
3001
2663
22293
34654
35872
14286
14088
33320
13527
2212
21693
21364
28226
15237
27485
7190
33930
27197
7397
18484
30626
19691
9283
31959
12263
13141
19695
27654
6567
24413
21148
1820
6454
22943
4158
3484
25347
36067
22578
30324
21910
38595
20760
28043
18233
19133
8122
23879
18326
18555
18025
17292
17621
34192
30612
33918
22115
14789
4058
10941
10152
25794
31611
32251
16243
8782
26309
4811
34755
14846
11041
10767
1009
15071
1388
24509
14276
25317
18403
10109
8376
27840
22084
8745
1727
31316
3491
14957
37577
32859
35337
17405
21170
33014
650
38880
18155
4233
20738
5282
26110
20207
19255
18540
30523
17195
28683
25043
11595
12134
8022
31015
13073
25041
33046
37255
25147
27771
4380
37938
31176
25833
1953
25076
20531
11359
4897
8867
19452
2240
37012
24241
20524
17801
29228
31658
30493
23981
7784
28735
15673
17111
7043
12223
28200
16805
35883
11753
24292
14769
1801
14906
18033
37652
17284
37634
1589
37935
13711
6739
16680
16054
36427
18897
27915
16369
7888
37304
5598
9280
19771
36375
18752
26175
17924
30327
12225
27858
9353
769
11026
37813
32662
6627
19817
30218
36587
8725
17927
10389
5773
16735
5639
6452
32581
4160
19006
22592
34339
2567
20372
25616
33233
14590
8302
36213
29692
31330
7875
35897
32704
14548
23107
21104
16406
19565
9220
5304
28630
9989
23693
36500
32883
19378
21771
4543
1856
38406
3357
28806
22607
11513
28290
8803
13383
6931
31941
34592
18955
29123
5629
6428
19524
32729
37153
26935
28086
30745
16371
38861
19736
18855
32719
22368
10496
12608
993
3832
30807
12440
20155
30813
33412
25846
7996
33781
16473
11562
37835
10935
19792
24998
24213
1378
29979
14540
31746
14112
37735
29545
2393
12182
35972
6608
23979
1817
9038
20962
37848
36935
38023
22458
31773
27884
16727
15304
13884
22678
1373
31372
25778
36859
15054
6394
9272
6660
27837
17252
5048
8773
25036
32449
29611
32852
28987
31736
23208
28010
8685
20763
996
7968
4818
17781
16075
19362
22487
2700
32239
15838
28990
28119
20425
29470
4742
36432
1394
4109
33985
37729
7152
7855
30916
12526
22754
479
6548
38291
7476
18005
18812
34251
24297
27042
29934
6359
3310
7130
11063
20627
29682
29204
299
1302
14847
12992
19679
3506
19778
32620
25650
6393
33234
21036
17824
33171
15405
37722
18972
27096
7886
33765
18827
27856
9843
25705
9817
27517
3669
37970
29003
8842
18178
24576
7910
35559
23145
13049
37952
25911
35946
34306
18886
7752
22472
7464
28853
5214
25017
24109
35185
18796
11892
15310
35201
24663
32571
39047
9149
36830
21149
8152
24906
12923
7377
6275
20339
18640
39018
24305
22647
23715
9481
38333
11279
8783
5333
22640
17139
772
35768
32159
28218
37915
14842
12108
8871
19878
35525
31141
5546
991
37405
38044
11622
23887
8679
32440
87
19245
9367
5859
705
30519
35353
16044
34364
19106
8081
17762
14294
14756
9986
37906
24439
20315
14104
27702
4720
28183
7199
11085
26959
13087
13685
34760
13396
18828
21359
37681
7598
12454
4275
31194
37159
32585
2777
10488
37035
18042
8226
25049
34420
30873
14909
14193
30343
26158
15459
502
6881
22942
38823
36463
19767
12518
16297
23040
22176
9923
815
22991
24487
36920
27593
21890
13390
38688
22232
38844
24
25684
37199
37586
33664
1682
9921
4727
24902
860
26027
36062
28545
3613
4525
4421
19030
18201
15048
38696
1926
14186
20111
9113
19611
12894
22583
19579
25956
20867
23665
30755
21032
36399
14527
21968
6057
22217
12037
37563
38593
26707
123
37302
38124
18187
20957
15756
8123
29624
18361
3445
15981
36707
17092
29710
10633
26248
23726
24181
5868
13763
7099
24921
28307
17474
33554
36802
16565
7133
6953
14934
263
29358
32281
15710
29452
9961
35703
29182
6052
34168
13368
1058
29340
2118
34696
27196
31446
34272
36742
15002
3839
4810
10412
13034
18100
3952
23858
11295
21662
31740
35456
34648
14360
38360
35735
28401
1385
10771
13524
36346
1308
35303
29655
27235
37370
23897
7597
28891
21606
4459
12360
9262
26515
3210
7175
38230
19700
6919
1693
13835
7225
28826
21896
38886
25994
17027
6663
33736
10837
14884
14335
16017
25278
22605
30701
6538
16146
37367
9346
9747
32056
20594
9409
29663
23055
9419
14556
12890
32227
19416
26081
36216
35325
24824
37943
32331
9191
24153
24157
7084
23869
4063
803
24682
482
17435
12447
280
14591
20587
18458
34718
15560
27940
38342
11666
2101
19019
22333
2193
29843
7104
372
2873
31860
12464
17154
24223
28989
16232
24840
23103
17693
30832
2008
35278
6113
5157
29109
22608
30703
27624
10232
35500
14278
33209
7714
13083
3755
7349
11187
29612
7317
36214
18557
5315
33571
37122
13559
32742
33306
29794
28491
1752
33251
10589
858
16832
23262
1946
20989
21432
14746
1553
33020
37902
644
5536
36672
12203
24031
8466
1129
38091
4343
35665
453
38371
35607
36450
2271
14114
9701
11174
2772
30106
15555
38441
21637
2006
2693
27989
29939
2680
24694
8229
36823
16940
25750
20070
34330
12974
7909
12823
25966
21316
13891
6043
27046
21986
22278
27280
18684
20769
9579
35862
38525
21548
21498
32956
20659
8306
36683
20305
12352
10577
15826
19168
10087
28859
1814
17700
69
37114
11011
17902
33085
5539
29167
1870
34940
1458
13839
14732
7803
19783
2130
19334
2543
5496
2050
9563
16529
14685
21523
2399
11891
11043
28719
32318
34196
30866
12971
2634
27170
12722
1012
5880
14982
22025
8279
35236
2759
1545
21169
3283
32115
4942
23737
34266
31166
21370
2510
23038
39105
21667
18950
4432
22107
4101
27634
8912
26677
14060
3605
1250
29503
37306
30223
13125
34595
28266
13533
28331
2960
5414
680
3152
25447
35652
1604
26202
4105
23529
14861
24855
29691
38288
27693
10190
2219
7203
33253
18617
2859
8919
21250
35399
24357
21006
23485
12400
2112
10798
36833
59
14296
36773
8156
28388
24743
13363
34216
25628
3404
28700
28896
19013
32862
8840
12958
2350
11559
9608
25410
34705
25452
28312
2064
4506
19946
26608
26703
7542
12000
24707
11911
26283
99
34715
15793
32551
3814
22500
31730
20920
17339
32778
16644
31841
28090
4814
15006
77
26059
10485
11929
2695
19889
14905
20210
26976
24251
14827
18009
29969
28745
14216
16123
20848
25333
28410
31365
17544
24942
31024
15466
810
21358
37499
14480
38434
551
3284
25312
6786
28512
14752
33884
27531
33596
71
7640
22830
12503
13719
30462
921
964
21993
5917
25859
3065
5235
27276
12805
38561
30450
11714
748
10474
23301
29158
35732
17534
386
5935
26894
10309
22484
30726
9221
16829
1507
37571
24531
10029
37439
20790
29184
7439
16665
24322
23970
36485
11545
7319
26668
15795
23387
35188
10068
21265
23388
32476
37564
30381
32145
10076
17296
27909
31545
9816
5512
25385
26539
19584
13795
19625
7231
19676
11585
37684
1999
38471
34914
27117
31292
26775
35869
25495
12859
30091
26807
17652
7195
13807
23940
36157
22616
32471
18614
26475
10846
17446
3009
33527
15940
21207
29982
2192
5386
32751
18360
2457
30545
9742
12273
27943
8872
34905
7908
34156
28014
18135
6422
9536
28720
3970
14512
32415
696
30955
35250
23721
3258
33721
27789
33477
27023
25142
32542
25339
2876
25127
30395
35066
35680
27874
17182
5474
31718
35582
6279
21373
21788
21843
20836
12730
16889
9738
32771
28999
7705
1867
11909
2400
24656
32538
11556
17202
2483
37982
874
27661
35270
16937
7466
2578
35266
2495
20161
33950
12370
36262
26193
15810
1057
22852
13796
14387
21163
24355
12494
7862
8570
29598
25398
10154
30568
5895
5827
10594
24816
406
18108
19170
14587
12732
18392
20373
6518
7281
38915
8254
1153
24401
29666
8569
31082
19619
12723
7143
4878
28917
35978
15706
13079
34268
24636
3807
283
4546
2087
2458
30828
37135
36543
1363
27392
25519
12366
33795
11111
29396
9287
517
36420
18082
26451
770
382
17466
8427
21162
31916
11508
16928
14669
16294
24141
30234
6647
19938
25718
23202
11226
21159
2171
6332
28627
25591
8671
4680
6103
2490
8310
11665
35274
20947
2125
30030
22069
23297
20109
25782
11231
13514
883
4234
6707
11799
22216
21012
19947
27371
28737
12561
21040
26981
1602
26102
8571
24524
17169
16876
30795
8208
22566
33505
18825
17925
19559
29347
36084
14352
20311
36560
34005
15479
10021
6219
25929
32086
29274
21737
22814
31094
5373
14625
32114
14771
4798
14977
14952
35515
34199
38616
8276
23679
33681
38539
12045
10901
31587
7214
6906
1793
24197
3396
7581
10139
45
13047
11505
14927
205
29643
3651
38251
20741
32072
19744
30467
12117
22339
15790
16688
15890
21101
33678
12860
34766
7178
35206
32429
7251
34365
36482
25085
7417
10229
5516
9758
11098
1641
12292
14162
37057
33640
1627
14926
39095
31050
25207
32820
24274
7669
12852
8232
2738
27592
16991
31965
3611
20650
33462
11532
26862
17231
28573
19922
22840
6007
9499
1361
21479
34045
33864
16302
36242
1938
6162
31889
25586
30089
2580
13100
19433
13991
12375
5111
25624
28308
11628
11837
