34968
29481
15928
21810
25284
30485
22607
37407
20382
24318
28552
33641
20196
22744
32250
36552
11375
21117
18722
26555
19961
33708
22824
16391
38510
25646
26081
14490
16747
12429
23970
34958
20570
28501
15329
12238
793
39099
1946
28877
35921
5439
6623
22029
8139
14437
24492
15912
20658
28902
6838
17076
34737
2897
4248
16792
36808
8722
20430
20945
4840
31836
8639
24143
22782
2076
3355
31537
27014
17268
12950
13293
27860
17995
17018
16705
3536
14840
29562
6385
33190
9118
15543
29550
35469
37862
6350
37825
13134
28254
30174
11226
10154
22467
8858
5231
4360
20349
1196
3753
1512
28301
12268
23909
29189
20359
28210
18784
21263
32056
3306
34592
5003
32662
28820
17022
32109
9614
14920
35873
22076
2900
1199
34171
1558
11943
21237
7505
6726
7393
5521
106
26652
9782
34078
37360
7710
2115
25448
4511
22200
31187
10127
12100
26862
77
7872
19513
32951
15640
10652
11790
3561
16707
36475
29792
12443
38577
19904
35598
15930
38902
13701
4951
13726
23649
28786
26932
17373
24497
4029
14240
17748
30717
10675
32279
19884
13711
30207
20628
25288
38404
13145
9263
35007
16664
33853
17274
12362
34554
18428
23622
11882
10835
36746
26606
5767
7568
31544
8625
3956
20421
17866
14594
26651
1272
22072
333
7186
9339
18834
6318
36913
33164
37140
18594
8083
38975
23643
25263
23296
24109
21004
29301
20849
36053
38795
14281
24168
27407
14093
4585
32262
33071
23251
16608
26459
7524
10928
8559
35170
13753
19741
16544
10002
17675
32651
5544
32558
22793
35706
24577
30305
36596
27512
19220
27258
10316
21471
15678
33769
20162
24570
11379
9953
23085
25824
17430
6660
2690
17056
17898
33370
8878
8111
32772
14053
29037
18791
751
6833
34043
21655
16841
12922
35313
16126
7529
34783
4601
28509
16642
19089
18774
2615
11282
13800
33419
23478
14002
25293
26152
27398
443
30591
36787
12007
20822
15636
28797
3888
10405
14022
11942
10383
2225
26307
5945
27232
22677
6400
19761
33494
34608
5459
903
29827
23184
31915
14743
31814
2155
37636
24686
21886
14224
20504
25636
11629
11427
3919
8602
32136
17601
26841
8840
773
21910
29103
25470
23436
9059
6217
36149
2945
37415
6311
31564
21779
4934
1815
35166
14086
13169
16413
36137
30843
2440
20637
36756
26145
98
14153
26707
29796
19458
23054
14551
19237
9293
23246
34369
29431
35357
5113
11988
14207
30229
18748
27298
20737
34736
10953
2212
280
36412
10693
16370
15564
37835
19505
8153
16744
9603
19956
7605
26654
3251
23753
5829
10525
9067
20415
17967
15367
29342
9951
38733
25891
23733
35271
22923
10508
19533
38529
28616
7020
6129
8592
34423
26778
34414
6198
22016
24165
10797
20871
23170
33406
20964
21112
30787
325
21605
16404
10369
34822
20334
22689
36283
30945
38304
15175
26918
8491
30244
12373
23128
16119
3618
14445
20481
35402
34858
6389
16132
37493
24294
14116
33608
6814
28236
5369
12039
20434
6162
29534
10571
11936
3642
11664
37856
31480
38427
14507
14762
10618
33583
34168
24653
30437
30282
34147
34757
9462
6459
16755
37414
37174
14687
17624
35845
22138
34818
24738
35086
14406
32658
34272
34994
20366
30555
34535
23049
2349
1978
2353
19472
9502
3891
4477
2627
35429
9367
27426
3748
22961
6544
662
20850
35738
5134
38793
20904
6272
17605
30352
7931
16371
4308
34893
33807
38409
1047
1759
8068
32974
27228
6630
32511
17161
30119
33310
2037
2461
29962
15395
25462
14784
25520
11443
21381
2342
30172
16740
1189
31096
5770
14861
17349
35393
29970
30238
7313
3481
32478
38710
858
28751
28401
30952
37152
1156
17009
28718
18517
11190
11699
9588
23279
37871
11505
8520
32806
5999
1039
4254
19942
33509
24251
17329
32238
973
20896
11934
37457
8868
12661
36407
3134
18285
8430
33659
24418
10665
8905
32316
3045
30109
7449
4298
37668
37524
36868
38704
4763
24525
13141
23687
25097
19727
36355
23865
36108
13600
28482
25977
20671
23107
33601
14889
35217
22417
24726
38208
33427
14268
20884
32532
36990
15718
20790
34843
33812
33162
15127
21168
20325
24785
10099
2763
25767
54
3092
36088
1088
37165
7564
13100
28515
16568
34421
11409
17998
21283
34041
32540
19365
19894
7767
31410
927
33766
23134
30544
10297
324
12834
25286
2679
33052
20886
36822
24208
4946
29
22536
20457
4269
30570
17005
17482
38949
12680
29574
36605
8881
26687
785
16192
23108
1458
21749
10448
9342
31399
24353
12158
13500
8148
23918
36678
26744
21421
22809
15098
11154
17197
4436
28270
34712
25353
2437
14115
20749
36721
37560
22222
16899
38756
30122
27864
7720
21336
3239
6983
18673
24469
34045
23372
32697
18390
32001
29655
18236
24830
26290
274
4712
38716
4228
37790
28510
7833
29940
15368
10233
37680
13000
5889
4812
10640
12013
23994
18820
35580
23338
33805
26715
9661
26782
31397
22789
27121
37703
10275
36653
10950
8145
26742
19977
12602
23067
21703
16999
36881
37141
26384
26600
29105
32298
21401
28045
14867
37210
8126
26467
12355
26884
35215
18787
19674
2366
38552
555
38879
29008
27729
20555
32004
28296
7264
27243
16392
13537
17910
10593
38640
17035
21426
18698
37036
15703
35572
10120
19025
24159
27593
13349
24285
36069
27590
14099
19189
10660
17630
31124
27234
9281
26285
27609
30443
16615
33064
16017
12990
2533
26579
2383
18097
15099
35192
15211
10548
18674
496
16291
14372
16537
6743
17672
29063
17234
10009
9646
6993
28521
28079
18605
30243
38176
11350
38045
5911
18506
7759
16681
5204
35940
13385
4049
28371
17912
3864
32271
8849
34830
36152
7501
9779
700
12670
2892
25305
20297
28578
11609
20261
39018
22925
10323
28434
14335
32693
21089
18909
21713
9485
31453
13564
18609
246
1629
9425
36354
2287
8945
17485
22145
25731
34826
25606
12488
2508
21178
2616
23580
24801
391
36254
38581
13366
35369
33176
5621
6706
7706
24508
17779
311
32619
28496
5412
5474
35790
19333
28865
35341
19978
34688
33072
8172
25848
20742
12449
33240
28528
23248
16069
16407
15239
34400
5064
27166
23759
37540
31835
33469
38758
27414
3779
24502
16281
22981
37513
34163
62
20890
37380
37130
3612
35251
19299
7477
38915
362
1658
24880
19736
10549
14585
35991
8871
9332
13195
18845
27918
29870
4953
1525
20018
32799
21328
24851
33549
21781
22649
31569
3769
32047
12816
1465
22041
18852
3463
6616
31101
36110
24971
27813
7040
2769
2094
37808
11305
3455
35073
7272
18107
14232
36581
15713
437
31808
2834
23891
22950
5988
9678
14705
6322
2856
414
775
17427
30075
32477
35616
2477
32898
29814
5543
26299
21560
33745
37906
16998
4930
20587
13244
23570
1945
4653
6605
11814
14285
26936
24274
20809
25310
38806
28839
12835
186
19922
4329
11862
10790
16024
1023
3042
19200
33989
12575
24750
38601
3865
18684
8339
13091
10092
1000
13830
535
26387
21430
27261
12335
21818
3873
22021
29634
504
6900
16051
36472
22068
5877
25241
31969
28508
2002
37565
4632
6505
20514
35797
18337
2111
12174
5789
23412
10273
9114
9735
32080
13083
2630
1835
7593
27694
21161
37754
5902
27196
10629
23833
934
20235
11593
12413
18850
28499
11049
25455
33059
18986
15053
23260
1178
4620
27607
19486
10315
8836
26448
36930
8946
21292
27065
36206
27336
20071
6353
4574
1574
18811
33382
18975
2471
29085
13113
13771
1393
6200
29487
17416
36502
21870
27089
7726
17030
36839
9179
37365
30467
20872
31563
8622
30540
37448
32029
30072
11568
8055
32685
2488
30735
3735
34613
13050
5221
8508
17117
8642
11881
15842
26911
19519
22488
35385
16665
36773
13499
35542
17654
25782
4206
37633
30991
34096
3262
25236
18776
18389
22296
27913
9271
32501
25161
13379
8538
23309
27091
13962
379
21675
18595
37946
22039
21799
36227
33795
2265
13708
7271
7870
22131
27616
15100
5176
35381
28882
25175
32913
21752
8891
10732
2222
14849
12492
12152
34517
1516
16052
2000
36131
23302
13747
5943
19321
36925
19836
33414
20852
27692
6374
6669
37797
26292
23026
22773
14331
35814
23998
28334
30652
20531
26379
23873
17702
15614
16058
6581
5238
34227
34293
29221
27907
21231
3500
15145
29968
963
20000
11865
29197
768
16079
15115
34348
31191
25479
27420
10464
22099
34028
15849
28828
22954
4751
37409
14616
18225
32052
1405
24696
33706
29083
25193
24977
19257
35545
9289
36517
9982
38309
12060
24360
36858
8951
16083
16140
18109
5684
15644
14963
26450
273
2722
37156
35599
27689
2188
28427
11725
4945
23265
17172
12913
25632
18768
10955
31440
28099
26113
32039
7667
39003
4943
1210
35678
12524
4757
33547
4030
30913
32665
28412
36892
9071
25228
7972
37710
25728
37112
20288
16252
6954
20192
14822
38073
28450
8184
15974
6798
18100
17294
9463
31219
7586
12902
61
20266
1694
15841
35243
17980
26174
19935
16257
22905
4591
26076
21775
14760
2435
14721
7742
15384
35992
24135
22460
33306
6673
17225
11621
30429
38570
23144
30904
5717
17341
35019
4515
14626
2275
7288
13959
21637
29065
12442
3128
9301
26257
27344
35757
24266
527
4205
18278
3535
38751
35135
20482
34231
24729
17045
22026
17140
8075
5114
23252
15271
18156
22457
38995
24809
1669
19843
29383
30170
36369
20314
7139
37868
26107
9294
30812
34461
18297
11354
19664
35923
20526
26516
1427
23929
12411
24668
1365
8021
4966
5935
26110
38190
31937
13177
99
9318
16830
15615
3617
20269
19926
31675
20677
38473
3982
25878
9583
3620
6037
17087
23807
13381
8954
30962
30973
12097
342
37750
15706
22980
10091
17563
19995
602
20680
31678
16015
2170
135
19872
3339
27923
4701
32438
5723
17767
28336
27937
8966
3048
5675
15311
21513
9424
17419
38076
4252
26442
11218
21617
4920
30469
29107
26058
38914
27033
11576
38670
27112
21225
2389
16827
18649
16699
26647
22170
7011
3738
38307
17665
19497
15925
29165
4400
23535
16778
8141
25771
5219
38745
7612
23097
6979
15669
10452
12551
30441
29040
27268
13565
37188
21097
11080
12597
7244
15149
38848
585
14586
10532
12486
5939
30445
9954
12638
19014
31081
12266
6951
20304
3814
22248
8588
10008
32302
25304
19805
17290
268
38019
12804
39106
13799
37236
38969
22431
13814
15364
10622
19712
29462
31051
7102
4817
3832
35386
14768
23954
35551
30371
14248
24230
28590
4739
10767
2640
31691
2882
6271
35866
37666
8056
500
4376
7420
4864
16914
13470
4351
24448
3749
3960
23769
22606
15724
30156
21373
39025
10268
10794
19150
27172
10784
39022
18568
31681
5334
34356
6853
10371
38959
12525
29052
12840
9291
27531
36311
29196
27246
22344
31227
30783
19309
3821
7024
30457
32177
8867
17403
5036
30103
4478
20819
29638
38929
25959
26484
20399
20773
17293
8250
10755
31658
8873
15075
29560
17871
19163
21700
34300
34216
9944
27586
15950
3714
30499
3935
10162
287
29108
8864
969
27796
23576
30057
608
26080
30898
17402
30263
4707
3893
35556
1492
13185
32139
20075
8415
6528
33181
19506
12497
29415
27960
14729
12965
194
38587
1106
30805
23439
33272
26266
26726
27188
24140
34709
26702
5462
25810
14102
21066
5440
33160
18913
32815
10842
20157
29994
36554
31905
26752
28239
19411
21805
13749
23431
23310
38422
30428
6106
10200
37048
30756
30307
25457
17519
24416
13996
21885
999
9382
36265
25042
24786
1468
37963
7012
38223
26712
25704
4542
24968
38062
26332
1311
37812
16019
31008
23082
816
29871
31422
25813
24379
4660
9963
9061
9628
12734
1042
13531
4805
35264
8085
17255
9534
3725
18593
15656
38573
33898
10595
16429
31518
18173
20705
14869
27951
35817
5302
25511
13960
35129
2307
20099
33025
4203
4676
29653
2931
9054
33501
9561
38138
6291
28277
33246
26856
8149
26511
9500
33799
27101
4570
2304
24054
4022
20171
879
27663
22422
15378
2669
26969
21836
3607
4629
34665
24816
14641
14458
4673
27876
25088
9194
26047
7081
11490
31845
24342
34840
7083
25195
7938
33457
29938
38985
14671
17939
29062
12887
946
21595
20582
29468
34950
35968
5984
18268
8457
36944
38362
3908
17320
22466
2084
1489
17237
989
11442
13277
4753
30206
26760
15582
33255
32112
14338
7396
6143
17937
19850
36832
9139
25988
10267
34951
9160
1775
26360
13125
12224
37124
11070
1865
31067
19628
17325
35710
4479
7325
17853
4208
21783
9285
19460
16253
5264
11853
28421
29151
29214
14940
2672
13040
33586
16411
15440
36918
6166
26364
15417
29251
5814
315
32315
23475
5263
35662
25211
27390
3830
31356
9914
30919
8660
16444
19325
23232
34898
1950
4610
29130
2987
37967
33006
3622
12444
5444
6212
36102
7676
4528
19647
9335
37120
25432
24434
31857
26410
6091
9764
616
9222
21099
24286
32975
7144
33316
9126
1927
13746
23266
36650
2220
18356
38466
558
18338
35492
163
33983
36516
5907
34916
35072
29409
1285
16671
29956
27451
17983
27075
6531
33648
2935
17975
22620
9622
4024
7812
35745
7143
7694
11912
13204
31514
15793
7214
24925
282
5112
32495
12503
27230
7603
26775
12028
17410
21746
6932
34434
4842
27302
12473
1180
21139
22661
6827
32739
23546
19871
7487
33028
26096
1900
4850
31308
30524
10808
30112
5207
18262
31787
26077
781
9933
36850
21335
12114
36351
17033
36435
7830
36330
6
6261
12205
615
6224
29922
14975
30822
35988
19211
25147
17208
29321
26185
9374
19213
4597
4039
33606
2189
25436
10338
5614
26928
23871
17213
23944
7933
22005
7499
13102
4884
34083
10051
37711
23586
25883
75
828
3276
32716
9481
35768
35267
37370
27515
21570
21633
33696
5506
31789
32996
15866
1747
15389
2660
3895
30984
15336
38379
35487
15880
8548
3113
410
25128
6471
2192
25737
21952
21736
12929
30010
11410
14085
2841
36701
14897
16992
31807
2123
36398
28513
25602
25044
32458
33301
7753
28704
39054
2837
1965
37394
4807
19552
16880
5307
17694
34995
6290
19136
3049
7191
8029
2699
23275
1876
13398
16246
18367
29288
24019
36752
17744
37018
13865
13641
31761
2398
5395
2042
24441
33839
22275
15604
3945
20673
31499
22903
20704
35458
11666
13978
38245
12233
32971
3614
32936
28142
23653
29117
37081
18888
17072
8233
10813
13590
20179
25031
35919
11406
744
31752
18447
33349
8711
24295
31465
869
38801
32452
28206
24689
27195
9178
17745
10397
18046
9310
23171
2707
38203
35214
38720
21795
17037
10895
19525
4069
17723
3938
11412
13009
5235
35486
5347
6080
11355
30804
24262
1811
1563
34611
36726
19899
18990
1099
10470
556
10981
30759
6552
26560
29740
382
9230
24749
12454
33422
16480
23405
23619
11203
21754
33486
4728
30953
25759
13617
30577
35641
28006
13521
20311
4505
36590
9939
19534
20883
27431
18586
1355
38460
24769
37947
18916
536
9252
21585
13036
22395
37009
2231
4372
26083
34422
18205
24735
31052
20894
8107
10777
22573
9813
23142
9935
12779
12201
5457
34585
21313
25429
15997
35513
23926
1496
26043
35752
23103
32860
20134
10368
23083
24632
12052
2753
26052
19514
36723
18672
26939
30210
3820
5516
1284
12948
2496
35822
33393
31203
30110
13683
23876
4409
15179
7747
19276
37082
11259
33133
10084
19196
29855
15847
34617
2010
32334
7268
21046
31657
16224
25373
27229
23898
32111
3149
15361
26515
30106
10656
38227
17595
14972
11236
38181
7422
19500
33297
31552
14752
32689
33618
18258
10220
9312
6274
38260
23949
13744
17943
28967
33224
36005
1807
14090
11860
301
11651
18536
26438
11325
19799
17088
19275
27483
34222
10357
31216
10999
4721
5381
34015
25796
21485
14941
10991
10787
15873
2314
25508
24663
2587
18281
18711
34777
15652
25661
5581
4402
33482
27559
10907
17338
20820
27255
12345
37909
4146
16438
22579
26626
14789
36058
31211
34813
37484
37430
1158
32196
38574
5061
14054
33347
9277
7904
26805
1820
27903
35151
3846
20840
12171
1844
23608
36105
11166
14038
28289
32838
9862
23048
28116
36983
27287
33775
24425
8400
38546
36727
4534
31212
13551
11264
30872
36931
8246
7885
32741
97
9050
5559
940
15641
2536
27205
34009
25769
25670
21592
26830
34074
9303
20167
12628
27080
18243
14492
38426
12425
6936
18544
31764
11598
37422
9467
12946
3436
1897
4470
34128
17868
37242
25939
3792
12662
29714
18804
31840
18815
16064
35174
22676
14012
23585
36113
860
20562
28139
38015
29894
34477
13464
21474
39118
35021
37420
19722
17777
16248
6270
22404
31626
16653
3070
9231
33890
12629
9056
30246
33897
16531
733
32668
16479
7433
35859
36441
13369
34371
20080
6999
17139
21995
27090
37544
34184
5692
35340
6614
17040
15941
27967
34832
2624
33350
12782
13045
7311
18752
33030
19739
20862
35262
547
1433
24572
38471
9058
38218
20544
28667
23772
37883
4593
32520
38109
38003
11357
17565
27277
3811
807
34328
21490
31885
21561
38984
15419
4865
21654
29269
27720
25090
38979
3020
33747
35638
26509
17052
35451
5025
28724
21960
2242
36628
7756
31030
6858
6908
10994
23007
26929
16006
9225
4140
26893
24709
4525
26682
34952
7284
9856
21820
26514
22960
11516
37848
24739
10786
30526
12455
15096
38345
4327
2148
3206
19338
27460
19503
3058
22144
31373
17584
21226
27224
6829
32980
18087
28532
16842
17440
21957
17364
8656
9748
17477
13294
7452
26130
36688
16176
37391
30264
35053
8974
34719
36985
28699
10328
37092
19931
11162
7761
34607
28457
152
30501
28588
38550
16746
23636
23617
34008
29480
30479
17623
28861
21496
11331
14317
18999
10341
1725
28446
24427
7028
18639
3019
19521
12340
23205
4187
21120
21701
29780
2558
9074
23288
1037
4150
17844
4142
11591
36272
29515
7847
24514
32231
6612
2848
28920
30946
9525
2063
25100
18252
7650
36460
17679
16023
6816
34586
7703
37983
1664
35423
23638
1781
4428
31775
2116
33008
15201
35195
4157
12484
15315
14015
14461
25415
21639
25078
5975
37298
18886
34404
2541
32930
31027
35857
19914
20549
19835
31125
676
35945
17815
11237
409
14759
17254
28587
21215
25374
3964
16264
18921
23137
21323
16536
23600
5819
669
10229
12794
4
23979
357
32258
19825
6450
26605
36246
35450
32669
18421
28130
8558
26312
12914
11782
25152
5122
11788
10552
32912
9482
36086
28561
10418
1867
6639
35813
1093
24431
6782
5228
15968
24007
16209
10879
12964
3101
23021
34034
34780
29811
32151
32015
21107
27862
8526
12163
10514
15155
32536
11812
27358
1138
15846
9237
23613
16643
17512
5225
24062
12726
28399
25402
32686
21599
6622
26508
38836
8690
30346
18122
6102
29680
7621
7971
1553
5736
4016
37186
32528
21507
7839
3417
21706
21588
5429
11900
21201
5533
599
2172
7175
17857
3278
36774
14753
11015
31689
21312
12460
35713
13431
37002
9582
23679
8745
11169
10710
26469
9575
16680
32525
29657
24283
4727
30881
32000
420
22388
31376
34265
11128
19910
6567
3921
28456
17147
6534
8130
13408
35236
96
18934
8185
14572
17122
34162
14863
640
8160
12959
855
11519
20621
38315
1348
33492
7737
28964
11313
23409
4738
10294
9728
10176
16510
28726
10166
16916
23467
25215
35695
35647
31940
38787
11955
30793
17881
1784
3987
35778
6455
7105
21243
9366
16840
36470
5185
5090
1253
21572
8362
24424
33207
18846
19653
8541
12573
3841
3342
18959
36184
5674
7032
17029
32759
25331
18892
31748
4734
17949
4354
165
9675
10134
33875
6848
647
14428
1113
33365
17875
15243
9323
2395
31985
9662
21052
5668
5534
2338
17124
25372
38859
37233
16504
14766
3539
24876
19369
31454
13403
19476
847
35442
4645
23541
35853
19146
32836
25702
33546
3707
6239
9660
22133
21942
14499
22187
26947
35532
31850
23930
26054
6246
23691
4756
21439
9320
20687
7077
9682
6793
31381
20135
10458
25471
38184
12423
28350
29090
30298
25342
18387
27132
4249
38343
21206
13678
25324
29076
17687
33091
30846
20440
13766
29006
11932
22063
29240
12408
37456
10184
27278
298
36340
6958
22180
4317
22500
7423
19911
19973
27120
31041
30294
9069
24947
7684
27039
29042
17036
35493
2947
38289
3333
11433
23283
2895
14597
31343
16113
14770
13003
35974
3523
6210
3382
28993
10244
12019
25672
14476
23193
30094
13769
12319
3717
31
2617
17162
21838
26991
16050
31614
5802
6933
18926
7180
29997
9385
8976
10697
26167
14825
581
34199
36980
16794
36379
21277
28626
11371
36040
6770
35906
11588
10300
11803
23718
36306
36239
21311
20039
15457
35032
12534
12341
27394
19377
28610
31781
19485
33446
34657
10712
8311
14334
11014
1107
19768
5807
26676
12674
13846
31236
14291
5028
2159
12379
35765
21574
33604
34938
19981
13930
10661
22702
4427
35419
10291
12274
6657
13491
25914
5893
7503
5612
3242
28280
20501
17470
28734
689
2661
16911
37866
24136
39092
30166
1416
6896
34720
34286
4434
24367
30383
36778
5497
34097
13364
32475
24226
33994
27704
2165
33856
12457
11001
15999
28462
8005
28348
1072
9161
27521
17099
19057
33573
18470
13287
5678
30882
37269
14485
7336
38567
19702
8417
38528
7127
19889
5048
25412
4047
2489
1329
20426
34536
14686
21081
18716
13992
33023
17850
10869
8
2301
4118
33597
20600
15811
449
33337
26859
11130
17068
21024
32767
8903
24199
27769
33617
36228
30832
16001
3051
11584
17743
22309
18486
37849
1171
20956
29791
5040
2234
20488
13389
35288
19815
27216
14851
13199
30035
9763
27144
19687
14235
8357
30394
20946
33122
28027
5596
27078
17893
1858
3464
32329
16541
11271
25325
3106
19749
20284
38602
34088
17588
12478
15605
12774
5324
9878
38839
28056
17468
20578
26070
5082
6387
6563
33672
14833
4496
16775
12684
7771
10880
31624
24252
6681
2218
17420
34005
6316
25125
27958
3362
7806
3363
7335
2713
36952
4259
9423
14676
6393
4902
38346
32373
12853
1819
38462
14267
4061
31777
2569
9104
30448
10891
16377
31477
28968
7039
28293
32490
36079
16864
24300
33962
32402
6169
1084
23540
31231
20571
545
18494
32703
32205
25970
21593
31580
16735
9780
24355
31294
4334
36020
17119
27273
14681
29887
25185
6590
1909
2754
11280
14864
32025
20076
37869
27150
6643
38948
33095
35643
17712
30622
5483
18608
8568
23750
34050
12942
10105
38284
35301
32706
5957
18809
28844
9276
9919
19120
18306
36047
34662
17510
33568
26872
20957
18762
35181
37600
29926
3621
10837
24932
38428
8778
22644
28842
14589
14778
26762
39048
34534
4918
1018
33940
11746
22774
13235
18039
16738
23730
18040
2269
28181
1236
10900
20038
27623
3875
37692
5885
24177
2497
17657
26365
7635
35630
2815
13827
23483
37162
22264
3817
28633
23503
38931
28843
11982
29772
23289
6013
10536
12281
1069
17007
25504
38286
31447
29686
22059
32516
36195
30362
32087
5336
3660
38324
38232
23513
22708
28268
7048
21644
29441
37055
5162
37860
1974
19779
13536
38596
1875
30410
8413
22256
9055
17870
19287
28154
32313
1205
30776
7282
27009
33933
37811
15955
5393
30969
1852
4986
4983
9828
18994
10551
33629
17537
6424
34834
18707
26125
15593
30212
29228
310
22912
29049
12621
22688
14598
14113
29281
13794
16761
30465
38182
33646
37841
5766
36139
19122
26784
2720
11
1742
30129
1640
37852
2105
20280
6772
35833
161
4183
21077
26200
11012
14691
29948
2160
27000
24123
28870
36499
16714
32351
37609
5934
32357
8104
29113
22836
18860
32451
1413
15019
7835
6025
10048
13658
17900
37060
18721
2080
30226
18143
11423
26496
14365
36640
34547
17759
33909
34014
10509
6241
9468
29955
33
18351
1958
31531
4778
19733
1229
12987
38833
19317
36804
21479
28201
29073
12133
8898
14993
22526
27133
29815
30693
22427
9654
16363
5350
37057
14956
24320
32548
7577
31797
10580
11317
25083
7632
18303
30661
3959
27927
8374
32133
33172
32842
27898
28680
19024
37053
4452
2239
5659
32901
33671
24520
24040
33169
34506
12610
35095
34734
25048
7386
23870
14981
28017
13234
32131
14361
4379
23558
30658
12069
36503
1948
17614
30128
11003
149
32274
17334
13339
675
9766
31066
38757
22992
8724
13474
4936
8647
28811
14720
18524
6022
30858
13483
1729
26196
37121
22549
13494
22047
18474
27979
31956
9564
22389
35463
4765
1091
13164
5407
21086
11061
11335
12017
32399
28630
1605
30554
22240
24626
33951
34666
5118
14587
34628
21649
33912
38157
33844
3911
27736
50
1262
5738
37245
20692
30968
6039
30412
38458
10761
25085
24840
36541
17959
32940
33082
13724
28245
10345
25323
36446
25289
23667
8373
18047
6645
12932
36027
23572
13982
29174
4304
33628
3408
19601
2004
2399
4382
33321
28285
21467
5995
14728
17770
34418
4085
5857
5798
2998
38797
580
36846
35050
21552
30256
381
1399
33520
20217
4416
22065
28132
2351
12720
14974
1340
601
32098
30500
17497
11132
26485
21541
6067
677
37774
16557
19443
28604
24365
13851
26705
27400
31536
1796
32932
12723
1172
4827
36477
32225
3650
5227
19714
32127
30998
8883
18754
37442
28683
21193
17425
14087
6963
13528
30883
31010
17559
9211
23574
17434
3858
25643
21085
5914
30681
13078
31671
35399
24382
36784
33831
38861
19142
8680
10588
12826
11173
25918
6193
25701
37168
25892
16907
5138
19619
36487
15595
11016
28069
25166
2028
4743
24589
8809
12592
390
769
22316
33129
30436
13504
7571
2278
35627
7067
19389
36665
38498
897
2752
21423
21339
22794
16304
27401
26018
13122
173
25839
21600
28072
31055
6741
32266
23336
29853
21728
3623
35578
31383
31965
31945
29157
16472
35667
13414
4767
27235
12210
33786
15860
4766
23297
9744
14878
25375
35106
7735
31358
37785
24170
6591
12042
14167
32989
16932
16366
13932
9589
23646
35293
28295
1202
38763
33873
21745
9997
13647
38692
29610
30397
24452
27899
753
20848
25099
23557
28941
28194
38038
13413
35094
5408
17574
17356
27068
7023
567
18033
21390
10487
11185
1915
26333
21402
13513
27423
26521
23656
8681
26203
12388
10825
13610
34754
12780
17180
16011
34932
36545
12139
5279
32107
20268
7243
31519
29314
8355
26374
28128
19780
29068
4335
5364
2193
23327
32304
28044
36615
6525
6559
26937
2053
10115
20150
14341
37661
24534
36975
31113
9348
2201
3889
13335
22175
33772
36226
35136
12312
11917
2631
18324
18135
28329
21584
13676
33503
24810
432
15899
15135
35852
15576
10272
17775
17809
39108
14894
1167
24461
26611
14958
