13041
18346
17209
13562
2917
1322
28779
979
1433
26098
38178
35576
28811
24425
29011
9905
24215
18180
31038
21695
21571
31691
17298
19956
29119
14804
3462
11449
30707
37822
28121
16785
9979
23525
8947
38604
15901
33353
31860
6096
18670
261
6693
15286
29425
29245
34880
18469
5074
15812
35557
2822
3651
12377
2771
8771
1255
27822
20799
9405
22729
9903
8399
25751
32861
18415
37701
7888
5038
4810
18853
33289
2544
31489
16581
20648
36380
10854
5077
18706
4859
15330
14809
16103
36560
361
15252
8916
30889
5989
20059
28975
691
15345
15404
13997
36596
30771
15477
7874
12608
10500
4736
29574
5065
38345
8109
26089
37456
13901
19412
6968
10069
29111
400
12047
37832
19133
12382
23122
18831
35685
29728
23140
7937
27
9828
15479
37704
34352
29863
16979
6675
18261
35992
34466
11323
3363
4034
23119
13242
38692
32554
33743
34165
12619
37536
20940
36365
28157
38532
22681
6710
36882
29930
9412
28886
31316
18822
37613
37107
8477
36888
36704
23238
22653
17331
9189
23157
31075
24039
1024
22415
11569
36183
18595
9857
22381
10671
13327
9570
27017
36850
9062
18475
25639
17095
30548
14490
5413
25531
8352
33163
2190
9435
4287
29060
36530
38735
8452
32512
10231
16541
1567
37994
3673
20806
12918
32610
8223
36814
31349
17376
16034
13446
9246
28016
24524
31743
27052
10719
35920
21370
28351
22780
22544
3206
6617
864
26485
8883
3400
1365
8339
36176
6017
25103
9983
8118
37827
37919
36269
12499
20781
25332
26112
27561
17786
25210
24060
27529
18419
20836
22246
6237
32579
2587
20108
32104
22103
30511
27835
13922
32755
8378
18924
14957
15385
38448
38728
3958
11661
12572
32691
21841
19012
108
32328
10823
25713
5041
13433
37164
9406
23824
36121
28199
28286
34936
9212
9628
37602
35334
32505
28285
22370
18701
28949
7966
1307
30271
18847
31871
25467
19731
27726
13690
20815
8398
28794
21126
9921
20084
11471
33710
24613
13543
12662
16562
12808
1627
29611
26764
38775
15593
36157
34449
38086
4084
1001
18411
27987
19851
30314
31643
34160
27464
38196
14631
11102
23511
8793
4826
35364
4332
34501
26762
17598
32515
22695
14554
30499
37522
35686
4847
26742
3276
28029
37720
32023
21560
25483
20408
19907
34818
25058
16382
8935
12655
3272
24181
30639
19986
28829
8882
7452
23495
17957
25079
14791
16579
22203
31328
10484
35616
34435
34910
11988
17430
22678
30427
22641
20020
36429
38381
5364
29144
35453
20987
4636
19302
25174
16890
30442
9641
6153
12558
31002
3574
14848
16667
576
30918
13427
19116
10932
30322
37511
19864
26011
35710
36921
6530
23715
4660
27486
8184
23457
20470
13899
8052
26375
6231
27880
16170
25679
20420
20294
6227
5206
10031
30926
1267
11009
24751
31833
9060
26886
8879
25400
13375
10936
23057
12333
30490
14578
349
36819
5061
21107
6496
20143
27973
33852
30988
21881
15964
11334
35021
38803
20017
2607
33909
32132
22510
9749
18911
28781
11046
27941
36357
30997
16228
12624
5222
29633
32174
20848
38871
41
13292
10840
15620
29380
12024
18567
11144
7909
5003
24971
30738
24550
15878
7677
15063
23226
14870
17361
996
38752
11984
36871
9913
27677
27818
27136
30043
5885
6940
8360
32528
12797
27351
3175
31364
15787
3063
14324
2983
24274
22272
18115
20232
21416
3085
23814
32333
36887
23409
16268
11623
16685
18136
4069
28849
25768
26946
9092
20647
24616
16595
9475
27707
26551
35429
34894
5172
36199
11696
27058
27127
35345
13273
12117
11282
16127
29878
30405
1460
22750
37729
26678
6881
16926
16592
19351
29071
15168
35743
13656
3454
37086
138
2172
5292
8023
5259
8719
16842
8941
30525
1068
30196
13200
8610
7038
28002
25485
29568
2714
28258
24773
38296
13953
7316
10815
21953
25297
14728
31972
23216
32067
38317
23637
278
33771
178
26639
22080
36459
5145
5649
17546
3789
18358
27122
1419
931
21387
19735
7034
30858
2593
21104
20763
38488
34895
16108
7238
27801
18323
5647
13185
8256
19169
28047
23162
21672
16364
16353
37409
34554
27429
16532
18031
9948
30514
4277
6085
2836
28354
17425
20024
31985
36829
18625
4126
33249
21830
29580
14311
1986
15968
19102
21210
20607
4792
17063
3248
13454
21713
423
30214
12817
35278
21783
5881
17737
33307
33686
13347
28062
26615
17934
18585
22731
29543
8066
36431
37047
22739
37586
7369
17825
30110
27701
28114
6548
17796
4573
17239
24795
33250
37978
19966
24914
18563
27038
11871
26992
16988
19180
7270
19541
20003
20150
17761
12027
20338
35205
15420
1
8007
38828
515
5414
16421
24428
11447
9592
14354
22878
11845
8407
38418
10348
38548
30954
35236
7942
337
34719
2682
14432
27640
4433
10643
27430
29715
18888
1201
33104
17543
15285
30947
38284
29412
121
18093
19997
6316
24794
4752
1576
1137
9125
34694
39025
38026
4684
22637
387
36974
9640
1747
17083
15829
19177
37948
11081
19978
926
952
36280
5171
14828
10610
2184
20981
32939
23026
32006
874
14712
29620
24154
16669
37129
32274
4887
7701
8419
12109
31591
29154
20291
20902
37174
25560
38031
3430
27158
18715
11495
9328
27996
10024
38586
17969
341
18673
10487
21146
20350
19008
8112
29361
37116
5132
8092
7699
28981
7614
23305
3523
17952
2533
14638
24025
35971
2715
23442
32758
19442
6771
3333
35538
11135
35342
12689
14676
32996
8342
8401
9194
37211
11405
16766
11747
19845
7182
1579
3901
25813
28466
33763
31059
4374
11600
34106
36303
5976
35872
33271
26988
2742
15323
32831
38447
31466
38211
22559
12804
2736
6651
7198
26830
28338
17552
17600
26996
25541
18514
38035
37920
16558
4582
12691
29760
23331
8062
31611
5754
12354
13392
38018
16721
17311
32121
27033
35715
34034
10118
34996
19768
13720
35707
4883
13079
34568
21516
25274
2008
8032
26232
7611
47
15607
29063
36508
31342
205
1796
34645
19673
6529
8795
9065
17454
38095
466
23498
27783
33775
36039
37557
20119
7127
10831
31580
9525
701
11776
32567
5842
35623
39053
37284
20428
20769
37933
12986
13730
14793
4281
30346
32900
18387
5370
1345
2308
30747
32867
18770
34595
23822
22716
4344
10965
26197
15223
5832
2082
1569
28434
8865
14003
6786
5835
8463
787
12846
30468
22464
10600
3646
32783
22682
23497
14141
29149
28838
12538
29383
25211
6005
3062
8544
38637
5816
22094
16029
4695
8288
23900
12831
18839
39110
25313
15449
17251
7164
16253
32039
1188
8923
35857
19818
32771
36085
12050
38911
36312
848
34648
22139
20602
27975
8277
25281
25842
25393
34139
19200
13274
8888
6546
27686
6757
35330
21348
22612
16054
11411
10195
11061
23233
17639
9576
15898
20213
866
18392
21032
7678
28471
9468
14953
13615
18433
34351
4463
24495
32120
10351
15628
5103
12407
31749
18294
20266
21399
18190
34469
37262
13549
30351
854
27248
17946
7086
5682
10727
25360
5239
34642
7672
33051
33117
24798
9058
38952
1928
31317
10981
34335
32947
29573
32010
13721
15915
6454
23272
26872
5175
23222
30393
29708
16707
1882
26752
30971
32641
34709
13145
17297
3018
3700
5500
37219
29416
27790
14369
5197
10028
20507
34767
20556
1404
15446
6259
35208
5131
22252
23108
33780
8334
1176
5262
26424
13078
36729
22424
31854
972
38275
15694
35343
6537
33319
13102
4283
389
32889
36266
25562
12748
16468
20437
18779
9896
19637
33065
27631
8191
3989
21409
37900
23102
32938
29034
7963
10253
20996
10864
32257
22845
23144
13105
12424
6957
35111
21979
14863
27389
25559
12647
14812
923
22380
27288
29289
32082
4110
7477
15455
7845
27364
646
9803
13945
6162
14959
10446
11493
2765
19474
18505
31185
30451
30812
5597
37372
28865
21489
7513
16257
10920
9376
26092
37069
21442
15260
19342
7175
25879
28832
16418
35874
7544
24419
1717
33317
37004
24684
11713
13253
20432
22371
16221
6083
2401
7412
27582
18547
25322
36446
144
10338
28053
10576
39084
6435
7561
22146
6884
18677
6267
14764
32719
23356
25603
17523
25778
24767
11685
23874
33162
10481
1284
38759
24880
17733
37031
37295
2021
3321
23230
723
15814
15722
16300
32343
2568
23120
35609
35917
34450
15582
10800
36079
28618
4401
38123
6371
26877
1002
32438
15801
14803
10105
25097
12070
31279
29287
10724
20893
9774
29662
34430
2517
8437
27914
35510
10181
5134
22904
5144
37945
14674
7541
12506
24631
9757
4169
33949
12253
26532
24491
17900
26984
13082
34931
28376
5983
14916
13909
27309
15673
31319
13665
24377
3039
15056
23179
26280
17751
12741
10527
36545
30719
12029
24623
33728
36624
10601
6519
3429
26416
28348
2680
4210
8678
2982
1343
6979
26052
2846
27496
15572
5427
2369
19270
2648
31522
9634
9128
16901
20717
28856
33929
852
16315
5699
36201
26528
18783
19400
8651
15060
37401
23051
5129
11720
30533
11595
18612
19044
25354
13396
33142
35204
6087
3221
18803
13008
37183
20458
4948
24681
38606
3535
30452
30790
38979
12021
14098
34685
6410
17404
1768
32092
35953
30008
7879
4005
26448
21479
11450
3524
37000
36116
21679
10547
21189
33159
38816
3022
32548
34358
14915
3779
36225
18912
15399
28162
16097
5403
37503
34107
33984
31953
22858
5854
9705
15454
18851
3362
14434
1637
26159
14949
37854
13391
20512
2674
20228
14271
19238
7866
11250
38834
26594
11195
31472
6342
2519
34771
36123
655
4675
18271
31354
135
3560
2503
12119
24096
26805
37193
4906
36575
36065
11489
10233
27113
2620
9804
34323
10607
28582
24829
14244
22684
30746
12316
36148
4949
24216
5458
3183
23474
15858
19202
22153
16990
15370
12262
7885
15013
21827
32113
32018
16523
3415
19039
30436
14867
7657
3968
27554
22372
20044
15786
32147
2113
11494
4059
38729
5219
38722
27221
7753
35589
38010
31757
28990
8165
13444
4452
16648
17898
34039
31490
29552
37393
7491
7696
25626
38946
28898
20193
7527
784
14839
1186
27904
34424
5320
15229
5472
1425
23507
1621
8850
19484
4554
26635
26297
15583
17047
21452
21792
29685
6118
28985
18661
33737
19903
4122
11369
13058
38810
14877
22043
7950
17498
19853
7989
6860
7935
1403
38313
20557
36806
22079
19082
13814
9368
20903
20126
4500
25869
34703
20007
36526
35305
12640
4453
13956
34522
15262
2685
26802
37411
37115
13865
13011
10857
25171
15237
7755
9035
31701
7328
35900
25475
4130
11025
36914
18078
16744
4094
21961
38755
37928
32497
3442
31
12568
373
18858
16044
34829
16149
418
7178
584
32074
18929
31553
10448
18375
20397
32569
34485
9610
28545
514
32535
20506
11456
32336
7820
15622
18383
16649
5755
19819
24220
35844
5212
23114
16489
34388
12422
12260
31558
2739
35862
511
12900
15424
23601
16613
37465
36350
2764
20466
22316
1366
7323
33836
10550
14626
14832
7518
37620
2114
25026
33755
25608
33259
17228
18220
14286
2992
22825
11510
14762
27302
10420
5900
31382
31849
2152
2921
2496
29083
2098
32964
14801
28904
18784
30471
17453
28604
18227
31607
21164
1898
36126
34189
2220
2046
26634
2553
11985
19046
33524
23544
27725
22984
35163
21109
22264
14364
18553
16148
13294
27512
22439
3967
4489
28169
37461
20581
10265
16863
18819
37989
1078
19188
545
31220
32140
16156
34354
5230
22852
6767
25243
5025
2033
14879
23484
1587
29689
10829
35254
12826
37893
22345
38826
11760
33189
23654
8972
4282
28603
10974
21105
14620
32828
25512
17798
13861
14513
21879
8918
24646
36118
410
19199
20725
29319
11950
270
34972
16799
7613
26605
20304
25977
31057
14007
15877
5581
31782
21400
25786
31794
35213
37623
31087
33347
22428
18436
32894
21632
15204
33901
32843
10540
29084
38819
8414
29399
20931
16387
17896
14243
38419
19447
4572
15302
32690
10385
20621
21625
17213
35402
12836
12238
13298
29270
24505
10557
28106
28166
30453
1948
10447
19221
36044
18587
38484
23500
25822
19829
33635
32387
3626
18961
31171
30896
6810
28745
3644
30130
19120
25995
25694
21511
17243
13068
25056
32720
22090
12381
31471
11082
644
11866
18478
26314
9721
12991
11980
10232
10935
34635
25294
27474
21891
28939
31793
15444
8376
28390
3414
21592
10494
15885
36856
29107
25111
31952
10765
10729
31016
9585
18068
16715
11745
18709
32518
22000
13084
12963
23816
15603
688
11175
34059
2637
37513
1032
497
21217
27744
12160
13000
37549
4159
18211
8630
6062
30984
38463
8117
16851
23959
30462
13167
37926
37868
20444
36557
34766
21727
15411
29082
4086
34137
29616
13967
26889
12574
7444
14781
28365
14201
34413
26104
23245
35023
32157
16280
24007
24468
78
15199
11955
12044
5343
9748
13483
30160
29360
11298
34591
19016
37123
15029
31380
27251
18999
7789
2699
32188
27990
20139
14992
12680
3754
25231
10755
13594
15337
35723
30866
17327
22888
11708
11821
31907
36594
26737
21818
1541
32009
26228
35935
34026
21764
17903
33693
19126
18452
32906
23150
28637
3223
8218
11201
23782
37962
5654
38380
36169
16654
23551
34396
12582
13241
26306
31913
31015
27709
9135
38734
5330
2851
34627
15255
23746
22292
28040
22508
17878
20668
32678
1364
15140
17218
19244
16611
34494
36791
7245
12100
34157
17719
3994
30927
5862
21244
18609
22647
23470
22224
13860
39005
26820
38862
34750
14528
26397
19040
24755
33545
35746
15481
14454
16325
36334
2039
26125
21213
27303
27552
8597
27152
26576
9633
21497
6567
31727
2249
27137
28246
29094
9751
31922
16794
14385
21170
1976
15489
17588
11463
34659
1617
5651
34460
3308
16632
6655
34753
16191
21687
14023
20117
10163
19854
15757
7368
6202
15488
14122
1175
7577
34020
20809
13096
14316
5460
34462
28503
6452
15693
34050
19634
10891
18504
5376
1582
31223
15079
21707
23258
6569
31488
35309
236
37712
9545
29762
36825
18066
27788
31917
2005
32496
4388
21777
14962
33638
660
367
13786
26582
24571
3553
22853
31452
25232
20426
10793
18005
24714
2997
29775
20415
25963
10993
12764
38054
10425
20077
30671
31595
11107
12773
9762
18038
2007
29003
17776
1691
6800
13132
5126
23848
21855
30749
1644
4625
1079
8933
6459
4761
33164
29641
3316
26436
38318
1390
39113
5009
20662
207
9951
29868
14779
15909
21137
25586
36765
24098
28706
11080
22811
27675
9339
28953
36202
17216
8637
6923
23680
21911
12234
18534
32714
14310
27157
18158
17136
37160
13028
14761
19815
36442
14813
30396
13059
14534
15887
9456
4798
12398
12858
2750
22929
29704
27445
7091
13552
1074
16587
25539
6779
22278
5415
6368
4154
31194
17294
35556
14116
16796
19891
9098
12526
8834
10620
14726
38263
3692
36258
6145
13495
15695
12217
35942
24499
32225
18336
11325
32136
14431
12384
24204
30735
382
14417
15336
2656
27854
29637
34136
6498
25669
25631
891
18968
23171
11731
14009
32227
22389
36747
8426
134
26010
33646
32909
23575
26422
19151
11170
22511
27653
30195
36323
2053
3531
35141
35958
17172
38883
25709
13625
34252
477
22180
2729
10120
4205
10734
12126
16466
26669
30225
24139
13258
9173
17474
18916
595
13293
32212
24351
14496
13876
25525
2865
37615
35471
12706
19330
14611
24443
34306
11836
27072
36454
16454
13313
19848
31126
27450
22879
39060
28028
26663
23988
2700
4343
29885
18560
32860
17450
36050
33160
30321
31771
18244
23499
34825
29405
13693
21476
33357
17853
22645
8643
33276
25151
13510
9347
33727
37041
14154
31052
3461
4694
643
26404
27479
26073
33135
2383
18735
21147
32926
4425
8902
1107
1100
9687
25365
34756
20112
7462
26258
18695
27238
19675
10694
4596
12863
30025
11124
31674
20395
13365
31006
11875
17938
38518
32745
16860
7878
11711
25357
801
7653
21039
9678
24521
35203
38726
8910
36697
8005
13160
36343
3689
29521
21103
38977
14511
19932
19961
3348
19574
7145
28477
5394
3956
19984
12244
15585
30134
8815
2321
13101
18420
4633
31088
14977
18242
34124
3645
15315
16126
32553
15747
31692
4722
10524
19205
6011
24814
21078
13766
439
38165
36616
3387
23094
38945
30481
3699
23335
21823
1481
30832
27222
8541
16885
11283
36933
31510
18615
37398
3033
4499
26452
11259
16945
24677
10928
5195
3572
26569
7259
13018
15598
17823
11120
4623
21463
20513
4708
15137
25993
37334
30210
22141
15283
30020
16932
34278
24483
39093
5934
28325
34019
18922
16987
3213
5387
1096
10418
31615
37021
924
18800
24682
29433
36420
27834
9794
20776
22693
19032
11960
35231
37683
32267
27099
34557
20189
2541
9920
9085
14581
30655
4107
25291
37205
4328
26823
32073
38550
36434
21646
22113
6098
15107
21020
37384
35613
23812
36788
28213
28384
12718
9147
32276
3565
21725
7988
36378
14195
11552
28041
27735
36370
9114
35171
35933
8712
30576
18655
12752
570
9714
32298
33
19510
10078
27291
25444
5474
36059
11431
14882
10161
28954
7157
7436
24037
946
2743
38079
8714
16873
24126
31483
23953
36782
10001
38020
2090
559
9296
15472
33192
7047
36414
15028
6333
4228
15366
25668
15246
11881
1234
16147
3571
2229
9184
35712
29312
32068
13381
18296
22101
5785
35659
32081
13088
24827
8168
1473
25684
4495
28977
16072
8600
28516
9904
21251
24886
7176
2024
38870
11287
19321
12429
3579
11576
16313
10667
25717
7640
25568
19080
14126
28195
16066
5673
22064
17570
31517
21824
36603
38025
19849
35899
2530
19292
11343
18764
26894
4408
29298
37644
36973
32739
1050
7037
23625
30498
23097
782
21526
32731
16388
34116
17726
3084
8350
19706
6592
20394
4022
17291
21852
37191
29623
11210
29551
13514
13233
22209
26196
3979
3976
33366
482
29167
5565
1739
13650
20545
37267
23064
27874
3765
9978
37156
20736
30823
22426
19099
28400
37249
103
33845
23264
34918
15070
5130
10144
18552
23811
18603
32149
29976
11593
9563
36305
19790
3231
5510
17549
7555
33509
5385
30364
29814
6322
23974
9608
23789
17713
20209
16549
35119
23685
4556
35215
15691
22098
32246
9077
38861
34560
22855
25042
19358
22452
20964
12293
8282
34491
36425
23529
22054
34362
11084
11392
5290
2670
19813
7090
28268
2164
36212
9250
18741
13951
521
20290
35816
4621
28048
166
11508
9879
35578
9095
25935
32937
16084
4673
22865
23388
38230
2224
14822
6583
16719
27836
17506
17329
26822
34759
6697
24299
29362
33313
36271
18278
14019
10403
34649
29897
32737
3888
32176
26784
29086
30908
5611
8794
7441
2647
12374
23022
29481
39052
9898
2605
38103
23978
4306
29076
7575
33294
17797
24786
7778
17561
733
24964
29618
19550
20958
9706
20745
24796
23729
23014
38737
25826
6624
13384
38400
28003
10043
28569
26691
9039
15106
16043
33288
33019
28899
35390
7773
18364
35966
11387
2755
36627
6739
10334
21535
9969
35554
16407
26178
12869
7512
22607
2331
15619
25686
5955
14802
26903
32886
14892
11763
2922
18591
14655
17865
1565
1940
101
18424
34596
14568
5125
7016
14102
15689
12596
3322
38575
24764
895
20411
32752
38037
20641
5094
28574
37060
22622
12449
3570
13334
36404
39027
36416
792
9399
5082
24676
28773
18365
7212
33044
19993
22667
1899
2182
22108
3780
10558
5282
10997
14440
6598
5865
17380
9444
22368
8068
14714
23578
35913
34870
37198
13277
21608
26443
18164
20113
26401
32362
35150
34134
31858
33331
2885
5257
25988
10314
18646
32762
34768
20183
9689
26022
1275
8525
23340
16042
17883
38644
14155
5857
32206
7785
5047
38304
15205
26456
12291
6709
29651
15233
8279
34046
17397
8562
30705
19261
5794
8044
966
10907
5871
35145
19434
1112
28309
36640
17110
14488
3069
20612
7474
34082
578
36907
34114
33760
23652
10650
10605
8897
24456
31902
16172
33453
21163
33480
4999
25571
35689
7036
26795
32566
22289
9227
14711
18690
6012
34480
9032
19360
3912
8263
12958
29367
24080
28890
19980
36562
510
16143
23208
28193
6440
22475
38164
26928
35060
18554
5179
27951
6147
3200
9145
15384
19589
33095
3438
6071
3862
29884
6561
38159
4663
37092
20546
11396
33167
10990
33847
8939
1843
8199
10895
36049
14131
28757
32864
11233
37505
9508
21813
36720
32369
7187
2163
6960
20166
10268
24147
2832
19894
19503
243
6867
7075
17548
14423
35922
24118
26852
29512
24185
21162
17888
27416
17101
30111
38047
23532
4505
256
36519
12730
5689
26088
32721
24883
32364
6827
24262
1295
7824
21182
30882
24373
37254
11744
539
32308
32629
32812
30385
12103
1331
31101
9834
17135
22120
555
14508
32572
31496
28564
12445
4957
17861
21359
4219
18806
12805
28203
33133
33824
4629
17271
21698
10653
9221
22124
8050
24079
19553
1392
4141
21140
342
22959
26384
2842
29186
18499
17029
3824
1030
23556
9941
36744
17170
14635
18781
34550
27617
33207
18008
950
13389
35968
3186
19119
11042
19139
10573
28837
25318
21211
26799
32593
8567
34409
35518
11140
17933
37840
26810
10272
16554
2563
12866
10490
10687
33925
13240
11109
33975
29592
11787
26129
1327
18850
9727
8873
34912
22360
16509
36862
30963
12386
7758
15374
12891
21702
16830
554
38940
4381
15132
21519
24268
13740
5153
961
36506
14850
33495
34245
17201
15183
21307
15092
10545
24858
17055
4811
25305
17647
19322
23369
23882
18165
21957
25319
1044
33674
38220
29061
22636
27233
26740
27178
1860
38788
33806
38565
29914
23035
5509
24736
6356
9105
29911
11561
32044
5252
1832
3099
23263
77
32697
34173
23112
849
1833
28307
5537
34653
17402
19338
13666
9887
20201
15328
13734
12150
29313
23242
5007
29432
4709
20835
5716
11299
5272
26794
4773
9204
30945
27246
6814
26747
32052
20864
28653
18631
25482
29168
6600
16329
13406
19513
24461
1993
36483
29968
7501
11831
22730
26385
19067
17480
15921
3576
15491
31085
12565
34021
9101
3265
5036
14965
715
1101
13409
6007
3751
23166
26833
13940
19958
17129
32873
29596
5551
7055
13841
6981
579
87
33945
12266
12543
25567
31159
32292
5381
31900
7445
34727
28051
17099
29264
31403
20218
11253
12551
4945
2573
15124
9232
19796
34963
16485
4163
11789
31294
8400
5445
9611
18243
29458
14709
6774
34423
20765
14980
20247
6449
32699
13807
11037
8381
11782
6715
6959
8963
10089
21355
27602
12489
1163
1850
33699
17316
5357
19561
24138
6753
10399
19166
27495
32986
16593
15996
23660
14194
1093
29541
1223
36035
23282
11440
36160
20633
12643
16870
18626
28425
8027
6607
35385
2508
20034
19512
999
22732
1695
13618
30324
23929
18024
25815
22660
4535
21520
18608
16956
4276
3659
35824
37705
20842
33544
32530
19141
10416
10677
37501
37197
17822
12048
4486
16301
20010
20328
20487
8287
1701
32390
4502
20580
36953
18130
27823
38708
39030
18249
38483
3764
19959
9560
25431
20698
8380
4547
12935
5851
26957
21199
38425
36163
26338
9453
26059
36332
2201
12687
23269
9939
22222
29818
4432
29024
38920
10295
24199
7627
26262
25636
10709
11097
21681
12496
5628
36097
33393
13687
10792
20596
9006
37051
30743
34504
9967
31469
7098
7897
32268
7112
3931
6947
18260
17847
27588
23968
31816
19770
34069
33206
34261
30676
5659
6632
33600
23872
13803
1619
10975
16032
20390
948
30893
10286
22717
33282
25311
6863
16923
16849
14282
34260
21609
9692
32611
13331
4904
23256
19295
27841
27393
21362
14771
10291
9956
23274
4940
24993
12391
26048
15930
1212
33656
184
4765
18485
15387
20158
1881
9695
37621
35279
35893
26203
35870
36262
26829
984
36553
23936
1974
9324
21594
17915
17266
17671
5168
6131
19681
7311
10919
29453
14289
21659
8028
29373
31728
1346
11801
11089
36741
225
26606
5117
15896
35714
19760
2083
24122
22350
29331
13914
25456
24869
20539
303
5811
17377
17656
2470
20672
22009
5764
11933
7727
28736
9257
34573
11641
9271
22560
27681
37885
10388
26278
29174
2848
27125
4264
28052
16019
15774
20351
35248
28033
31875
4650
4222
27051
28993
1893
37841
17672
22802
31104
20856
1228
7915
20399
4953
16801
5375
38223
24958
10710
26667
26310
24557
19953
36299
8018
10073
3419
25356
7855
18796
12390
30592
13939
13187
34307
7039
10616
37983
5514
38910
36528
24315
20483
32337
29805
29547
8124
11087
8875
20463
22652
8353
6425
36839
24470
32327
6999
5487
5152
9497
27774
29420
13278
36966
8079
24494
15633
27969
8716
32141
37931
1537
38617
36181
709
23691
32713
38253
20130
20268
1054
9876
28135
33935
22710
10302
28563
21076
8540
3027
5746
24731
6875
15030
22980
30909
24492
3154
35777
12401
37740
6657
22688
6402
14783
18951
23398
14570
15239
8538
36717
19219
28441
16834
9146
21541
34563
3358
1203
25308
36349
8964
20780
34822
21150
2342
13609
22533
19545
13857
12745
35737
18264
5797
35869
13964
31418
27145
75
22593
238
3
12379
26645
31971
4148
25859
16231
22176
3357
28230
24513
34301
26151
12251
16724
23857
21194
12476
32622
38436
12232
9492
26537
19405
19316
29419
18619
10205
17775
18766
38712
15087
13648
212
883
17483
4385
32037
27067
8283
12049
36162
19616
18792
36762
16217
13758
6367
33714
24484
36191
335
11371
29619
25699
3143
2807
37214
8769
14162
10269
8636
18816
26625
12746
18635
32709
5580
24776
13010
16759
11546
13819
34324
5791
33037
11231
22274
9076
2954
24440
18718
11584
38554
12641
26344
33443
21990
30295
7476
4955
4866
18601
16964
2380
25256
28340
841
6747
18056
32083
10331
1744
26198
27929
38185
9109
32265
11676
22385
19502
9564
3684
33200
34736
1613
9729
8518
38515
26835
25990
34386
38022
34701
3558
2296
32669
411
2930
13936
16871
38148
9053
2413
17068
22903
18893
7940
8839
34126
128
24433
17555
21342
17864
35423
46
8423
14808
13021
37448
28277
38602
20249
30370
32650
2270
19469
22633
31562
14100
9100
39021
5956
34506
32959
21755
16944
5924
32513
35329
19269
12076
28546
38785
35219
15632
25884
3848
27650
21235
13536
2064
24348
3761
11781
21478
18982
9626
15267
4599
7278
11927
34866
31529
30775
28636
35253
5856
31846
35748
22296
39051
37119
32448
25492
31721
14502
23312
35929
30756
12726
20855
30161
32516
3737
21484
10027
23255
20283
16790
13098
36954
6887
36999
1740
28997
30956
32139
30138
38815
26013
865
25908
36463
20805
10969
24
21738
3405
21523
24153
6332
19831
13884
6954
24230
20326
17926
27063
35061
10162
23768
14139
18026
35764
22587
34804
14104
37171
16100
15226
26818
1900
26817
16240
18281
10684
23656
35837
