220
53
276
284
297
249
42
251
143
250
114
342
231
176
337
384
352
338
312
397
296
277
282
225
118
246
367
37
185
279
159
382
210
85
281
5
67
21
383
133
110
218
132
93
121
201
194
343
322
56
196
283
235
206
370
135
358
271
189
68
170
385
275
131
366
126
234
9
316
71
28
303
41
330
396
97
327
4
113
79
20
91
96
380
178
307
356
345
238
171
321
84
213
288
224
17
59
223
309
270
395
70
229
1
153
373
174
248
300
116
362
109
391
8
192
394
200
315
36
347
354
167
260
291
219
33
49
280
374
368
138
74
122
29
6
55
318
164
166
310
88
152
39
222
92
274
107
95
293
60
66
52
202
