41
53
253
258
130
63
273
99
103
268
29
67
214
22
311
277
335
264
205
219
388
115
25
144
3
48
28
283
172
195
143
272
222
202
106
326
232
358
238
2
148
0
71
352
154
6
351
394
261
354
85
91
338
11
361
183
135
132
182
185
279
228
35
368
269
324
256
385
286
20
355
73
58
127
386
240
109
157
179
360
189
13
220
263
230
291
330
307
343
233
198
140
318
213
342
302
181
353
171
151
124
247
170
49
366
120
329
210
27
235
231
78
274
259
125
305
313
50
184
379
293
114
203
216
306
215
51
136
155
389
43
79
80
337
59
14
364
93
234
42
396
276
346
7
4
10
75
383
12
66
320
178
92
