171
280
200
165
138
164
352
2
376
293
345
315
154
189
80
374
112
6
44
82
304
12
85
20
203
43
230
380
272
274
126
66
205
55
284
306
337
323
395
271
389
229
183
69
174
225
386
199
101
109
219
52
25
106
290
99
70
188
366
373
367
155
65
130
310
263
30
108
159
57
338
170
1
117
266
239
127
276
29
31
208
107
254
179
385
124
318
98
387
248
295
346
384
321
110
354
119
388
364
72
311
169
362
54
53
139
378
48
299
319
23
322
344
32
379
175
261
182
251
94
15
307
258
28
76
131
253
246
84
365
232
116
123
172
369
327
45
204
368
17
303
350
260
381
152
13
349
236
222
78
149
156
190
