198
117
140
253
314
146
202
275
142
386
377
359
296
248
355
11
363
197
132
261
33
384
39
398
163
41
14
118
167
329
6
95
36
155
358
4
40
239
297
154
61
367
169
168
72
190
104
45
389
64
71
378
305
115
242
77
373
209
345
60
186
353
237
340
16
288
106
20
180
103
372
216
323
290
68
218
152
343
263
131
149
13
133
81
388
105
335
332
38
341
245
282
322
270
331
316
214
42
58
107
395
264
156
247
339
364
258
76
301
336
277
292
192
125
259
380
185
161
315
291
344
2
240
366
19
307
27
111
123
310
102
300
286
347
320
272
257
135
319
175
67
24
289
199
293
189
92
47
178
361
203
304
22
