98
19
49
308
20
48
149
115
362
299
372
391
379
312
56
195
282
352
259
392
13
211
335
74
234
53
202
132
378
263
96
51
170
360
311
397
241
296
27
370
85
153
32
35
193
78
14
231
373
167
43
375
174
164
398
71
235
6
155
369
104
371
121
208
29
183
171
156
160
22
99
40
163
280
334
295
181
303
294
206
148
317
300
339
146
297
101
129
136
105
17
305
123
267
309
143
200
332
150
207
118
94
355
387
377
196
240
11
102
284
389
326
388
90
152
292
260
68
42
93
139
291
113
124
37
145
103
182
254
250
111
307
191
272
248
330
279
9
5
253
54
166
287
342
59
232
122
110
286
306
16
140
331
