141
135
313
325
355
95
376
397
46
28
87
364
278
389
346
362
228
224
354
343
170
166
284
19
211
14
167
306
151
145
246
184
31
63
220
44
391
326
29
221
233
321
91
283
291
185
262
208
217
350
230
334
3
293
210
89
353
212
257
215
136
22
17
179
299
155
207
97
134
235
377
371
112
368
8
84
52
237
316
143
54
263
68
216
196
142
45
380
111
121
277
349
308
367
340
198
37
146
94
1
81
292
372
11
137
82
309
279
317
327
240
232
53
194
209
96
13
77
345
348
144
395
55
102
193
218
337
373
38
119
107
324
225
32
304
298
227
25
305
164
363
67
328
33
332
79
301
158
213
147
76
189
47
