11767
29757
809
18311
28315
21735
13073
33223
8535
9751
22148
17136
16132
33308
7838
15017
37252
25234
31248
6399
23264
4380
818
28349
17439
15995
21702
9913
29066
25810
18262
17974
10359
3763
759
36650
29393
3642
6507
12293
34785
33869
29205
766
4180
29519
13831
10200
21890
12054
21005
19474
26499
16888
1559
8129
21877
22620
11217
29940
35421
13639
10403
31670
4867
20491
7347
27061
7168
18130
17086
34401
38061
38984
8233
35254
17272
20226
6778
490
19954
7974
10234
2899
8959
8637
35146
25732
12670
8320
13812
5473
20868
37595
31599
2256
9407
14145
13386
15734
10450
25326
8941
34634
25643
38227
27650
20931
35713
18400
10236
32259
26287
15923
21101
32567
32321
23648
33632
6209
3215
25302
13538
18516
28842
30952
3822
24011
3545
8386
38910
34895
24186
30960
19811
31609
13211
28692
15943
36256
17013
4776
18362
16286
16883
29538
13329
27113
18814
36908
8228
26600
23473
9896
3514
13287
10584
36374
10913
3529
2287
26654
27171
36361
2422
26247
3901
4478
7577
11808
5626
28471
8398
12134
28214
33530
30708
37945
19246
26547
651
16520
34286
32595
4127
19765
19518
17387
35385
1309
4685
35451
34096
14813
38115
23957
26265
36673
32564
7277
38911
21456
8097
4169
28499
27038
31932
6144
32611
443
26733
20463
36380
17158
16013
38820
23005
25079
29799
24236
25049
34088
30461
11335
1138
34158
28065
5705
30048
32735
1075
6612
33311
14024
38280
12936
17337
11436
30753
12627
19240
22237
29745
8588
2500
2631
8377
4859
16341
10949
4050
24440
10011
16537
12797
6343
15065
30459
7700
5419
13080
694
24261
32534
14034
4081
25087
38167
1491
23396
30704
37742
21041
13494
6058
6633
22026
2112
38325
33539
19963
30982
21088
13262
19808
2492
5624
31459
6315
22929
19366
20542
22741
27322
30433
23874
20247
1481
31093
877
36707
26487
4634
35724
34539
24909
36391
4197
6386
17789
6338
25085
24541
6589
36323
6808
4692
35009
35321
26745
2248
17451
24805
3989
38330
29323
6951
29287
17609
6929
3830
30748
4044
2229
17039
20120
27618
27340
26470
26240
29752
28391
15930
25471
13077
30290
14817
16017
32781
39020
28160
5080
35867
25475
16968
23626
11075
6916
29923
32829
4193
32976
15736
9154
10504
24443
24640
16045
24200
23452
532
11249
34243
32837
27022
34050
38783
8840
20036
37411
5665
37296
25203
9314
37599
26110
5200
8124
8676
3328
18031
18114
38078
2710
35414
33567
36600
21242
33677
25264
21385
31180
36126
38917
33476
7046
22482
29537
31510
5831
6249
11283
38613
38476
5311
7584
33988
31756
27855
23602
24799
7989
25309
3936
1767
17239
36260
6607
27205
28735
618
3249
19559
17826
14660
26237
16747
33160
20884
412
38700
8247
1116
15110
28581
24506
31452
10260
26744
13933
11227
32527
6045
10279
18431
21063
16437
33047
22640
15287
4325
17816
35145
35984
31605
7270
17891
2877
22168
20151
15435
32881
17445
10060
20119
20627
23381
29694
34664
38414
39089
31724
6935
6204
15312
20907
18895
13508
14513
22434
2924
12968
38495
9936
10522
19252
2583
304
30192
13155
2225
15203
26633
12386
17361
33377
17659
25258
10368
1809
19653
2085
29653
19013
36480
12387
6457
6822
18894
19818
11883
2235
12084
34110
16931
15252
35109
23888
13201
3090
35228
37005
7778
15388
29690
5571
5171
31479
1857
18631
18885
22118
23762
25140
13859
21090
32052
37919
16201
16926
5190
2962
29493
20916
657
26501
5826
37247
1812
25060
8168
22477
20930
28289
31450
5407
21414
29885
30130
7784
26195
24683
24004
7010
21229
23488
15543
34592
36681
12343
4842
32825
290
26493
1198
19381
25708
25246
27624
35468
33119
20936
30891
38937
37065
23971
23624
3520
35822
18321
21962
14700
29495
9297
29957
5070
25998
32461
10334
4924
35230
31636
6873
29174
35548
34473
885
33405
12710
22368
21752
12498
949
10697
26115
3294
30651
17522
25902
2684
31816
32137
29556
10167
38626
5493
18037
35338
17176
10291
15175
22185
22517
35884
8664
19732
9363
13824
11708
13339
29432
13651
34659
15165
12220
29935
5765
28731
37892
25840
2245
29178
28187
20380
16314
11339
26168
7129
3879
27731
18066
26713
31138
32978
26319
36278
17079
36619
309
9732
31256
27069
34194
5307
8212
37154
16769
9965
28568
24682
8711
33220
9843
14070
2296
32200
4163
33339
15271
13437
32457
36294
32454
11058
33956
38259
1229
20020
32347
3551
32478
31074
38610
29400
19736
32808
11001
37118
31582
12667
4894
23981
24530
11219
23518
8314
20951
5541
4749
10345
8703
16228
1530
22958
22698
17125
28334
8356
35632
25702
38738
26378
34134
4962
34265
38735
14670
5438
26573
13496
22683
12285
32740
9282
5822
30258
11934
25504
29245
2837
36786
29584
12521
32377
12253
24127
6465
6361
17126
13064
34870
4641
34904
17220
16334
9322
19411
37235
23973
21572
19652
6148
9116
29685
9814
28788
33108
8136
14782
37752
31876
29831
13024
35725
8661
26962
21554
18030
5898
33631
30039
15647
35823
19800
15787
6595
18607
38054
27321
36275
20842
16412
32878
31657
10786
8277
19499
761
4480
25698
22279
11983
17256
11401
22054
21892
8839
27786
17654
10032
3784
15624
32736
22166
2257
24616
27252
9945
5756
4346
18981
38801
16577
25468
5608
28712
14214
28311
37727
4014
36075
3446
5828
34538
7940
11381
7017
36297
6227
18899
17600
9523
2441
14958
19352
24154
30528
16406
12715
5380
13374
25580
29328
25285
5773
35538
14031
3472
16838
9997
31169
27798
4319
16600
16875
32637
31423
38998
12368
11924
26016
7749
13446
25496
13665
11615
20084
18585
18600
36003
34264
38718
32588
14016
25804
28252
30139
2690
32594
2034
29937
19467
4388
34400
30076
32180
2635
29734
22362
25911
32969
24707
26762
4080
20676
2174
2392
5667
22293
27431
6819
20813
5654
9002
17109
31196
6067
2356
22024
27120
8333
13029
13548
27089
26832
17556
38262
2165
6820
20195
16172
11107
27368
10112
16934
26053
28240
20646
34410
2476
38090
2520
15259
36515
9646
6356
35507
25347
15488
31496
22652
2220
25385
1117
21214
13103
48
4611
34205
10671
33510
34256
8079
13631
36330
12621
23291
3964
26839
27080
28459
35960
30968
32856
20500
34440
26507
14002
37244
27394
10183
20941
30474
19102
36613
17357
24243
37423
30563
31082
34974
14181
11616
35704
3115
61
31146
23399
34277
33719
28288
13752
14015
38363
13846
6308
27759
27227
13672
20921
11394
28776
30793
33603
7662
2702
20496
8418
1348
36957
7215
1885
28405
9162
34349
26693
2784
31250
36660
21966
11735
163
4582
9057
7575
36183
9444
33792
9875
19496
12878
28156
21373
36385
21769
573
6108
12631
31117
33813
9356
23324
36634
25065
13715
10819
26759
34240
23988
28633
27535
25157
34305
3073
12339
630
32396
14525
20961
3969
21398
14521
19763
28782
10921
433
29161
1917
25212
21700
16716
34679
37308
24908
3931
16637
11391
13052
23990
8767
36728
36598
5297
27863
17620
19450
13050
62
16479
37696
27927
5314
17276
7992
10771
28727
28273
21492
25523
19203
15474
5302
22692
31264
36109
35314
5664
12096
34111
25597
9740
3720
36228
30667
17242
7679
35235
27231
7833
21957
2137
518
14605
26435
22959
31552
19627
28377
16101
29670
36506
11565
11692
2867
10723
4602
4844
29054
39042
9488
2432
4818
263
9434
14988
27729
34227
25909
22109
8775
1053
26193
6157
36382
36270
6804
11326
22638
37617
29156
5219
31243
12018
18202
17596
34475
22340
19712
8186
9496
10846
13857
1360
4225
20085
28515
26091
29634
8811
31851
25439
30522
34649
39064
10006
19273
925
30020
31580
20648
19891
17519
2196
1114
23189
31023
11008
28089
8887
34389
38837
24920
29191
7879
35913
4775
12514
18253
644
25645
33150
10397
25064
14100
14084
28438
38489
23877
27506
17559
13495
23867
26486
21570
37056
34818
19548
19217
30385
22112
23959
20737
36185
4865
18936
3541
26907
16284
38428
19017
18713
14875
16088
2862
15158
1909
18341
25555
28196
2902
17819
38551
27540
13361
19874
10901
16706
20216
33184
24974
7210
15681
6403
37137
38297
3974
36697
3316
23608
18533
26947
13753
11543
22551
36727
6466
27501
25163
28738
22264
35915
23970
5461
36006
11648
10340
5573
24204
11568
30109
16894
29417
22985
2915
5422
29244
26624
8985
37888
13855
8088
6976
39115
27602
37471
31632
12652
20368
26140
20240
21392
24481
25411
2251
16509
23414
32419
6215
33659
2088
30173
9516
25940
21525
12042
38368
37551
35124
37342
16442
18601
15512
32335
19694
5814
31229
33642
38377
12346
29439
8165
5607
9262
34739
24404
27476
38237
15210
21569
1960
32006
3810
28578
30900
8485
31866
38793
33534
35751
16655
17817
16355
14213
12591
6211
38348
3473
29692
10776
20095
20052
29220
23489
34901
29445
22918
33778
36165
19864
33825
13110
31713
24191
33577
14175
2024
28440
13709
19061
31594
21808
21390
24573
32673
14906
35990
36187
24704
30523
7907
38725
9988
23739
10158
21903
36101
21885
12949
12796
23780
8379
2370
18071
11482
21039
38958
14816
27791
38040
15421
19095
22199
33387
5222
2933
33268
28785
29867
2958
10830
27605
21978
3591
13629
19781
20734
29194
22038
13969
2022
24031
25992
23650
2495
19558
32891
17281
33293
4878
5779
14026
31988
31952
21563
4733
29175
3929
14578
23155
34057
17
18298
22283
37218
31038
32244
27627
11816
31469
37435
36442
21703
37174
36418
2572
22767
13903
3470
4989
24565
29637
11151
3671
6730
14951
26599
32720
31419
17185
34340
15245
5
19923
33073
28686
6138
27788
8916
637
9186
26009
25832
2459
7526
33573
13363
22178
28041
4796
21353
4813
38503
39065
24082
26753
28949
27453
18804
30721
7943
38016
12302
12211
4308
18204
29332
34980
27769
26136
846
34594
29259
6890
25660
4331
24262
20305
34828
24118
26081
354
17099
34419
23127
20617
30976
21089
589
20834
5533
605
25824
35895
30614
18453
11952
31620
7373
79
31156
13415
21434
31773
32765
11971
36817
2781
22682
22772
32102
35651
7876
6256
19301
33263
34308
31659
6598
30252
5041
112
23185
10951
22427
25577
13158
36968
18736
33132
22483
34145
1122
14365
2728
22800
20396
37124
15945
16076
15871
18638
29233
19578
10352
26852
8276
5330
14488
29127
24937
37501
25650
5785
4190
20382
32940
25573
36271
6780
35424
23704
6475
29472
1504
28130
13012
34327
35642
24174
17843
22743
15360
11243
19587
35961
30508
29099
4550
25604
2098
18310
36612
25341
13838
4888
29403
15874
4170
14969
25831
21664
18350
8051
1966
15289
33854
15783
12989
24934
441
14724
27176
12809
18119
25370
35409
1065
7592
16652
6446
16354
8960
10974
17478
15008
38276
8945
3857
32135
25563
26992
27743
33512
12271
8176
26073
24525
4998
29531
27740
38929
4070
2957
21154
7422
23894
29058
8964
33036
13862
33712
4827
18582
23934
6569
8779
1866
21514
5154
8218
9336
25721
9040
25134
1161
27055
27631
9213
29632
23954
8946
23184
7814
7908
11129
31033
6657
6037
38668
21819
24977
13906
25359
35102
38171
23817
25741
14556
32526
29776
28844
35239
19154
22643
6534
24833
3010
34242
8736
26462
7289
24252
36665
18591
38833
27129
13601
37191
448
22654
3498
36353
7391
8699
1728
32917
2350
3766
38159
13654
38120
29879
35036
27261
24840
23363
21150
17745
31686
5083
35956
16568
740
29463
23295
6391
2195
4104
36580
10037
25920
26794
32768
27746
37627
18526
35669
14409
26492
36597
9610
16278
32745
19991
2619
26955
8397
19719
21181
27620
2045
21094
35815
11806
13840
7255
13787
29459
26805
32519
38897
31753
25816
1492
1816
10422
38291
38411
6382
12674
6450
38387
3988
1825
2942
6000
9741
38541
22153
26488
3635
32801
30803
450
13727
27839
22798
31941
32305
25599
979
12163
11835
21665
22146
9458
15090
7813
11038
27926
9180
36031
22587
32554
1691
9519
7996
21684
38889
31453
18580
32248
25278
19464
5685
9982
35279
32057
28197
27847
3957
26549
11940
23635
898
1558
15066
10593
3663
20633
35508
11588
32131
1660
36023
14390
24910
33213
11540
20062
32923
27984
10171
36129
8858
37034
32088
26402
5110
25707
18606
19641
36632
19709
28213
36808
31760
1479
7223
37424
34545
15985
16858
27307
21651
29327
33033
5803
7552
21767
4960
31061
36314
217
17024
16350
999
22090
18754
21109
26871
34061
5939
1251
10053
13025
26603
22945
21333
10427
1175
6526
23526
8977
20586
20831
1974
30865
34030
18796
29404
26127
31024
38855
5680
10684
5987
24182
5404
33587
34294
32524
36932
15504
17700
18287
18783
16090
12229
18455
1951
3872
24448
26296
5518
1133
2601
38644
17780
23733
24305
29346
35643
21261
18571
30811
24364
11804
4886
37472
23552
21585
32900
20656
22194
3996
6101
5633
8569
11743
33112
30527
35912
33872
37491
3095
34013
6261
30882
8949
11275
86
16527
19009
34085
26782
21916
37598
20664
3659
38534
11247
5927
15848
32760
17268
32930
37193
26881
899
36082
28871
35374
30897
15253
29725
1544
24494
5253
17034
29512
36170
31728
26066
2855
15194
9215
35340
11024
15658
18579
14013
2843
35797
27073
33023
30058
36437
1239
24660
10541
23723
12808
18958
34532
15319
28097
10323
30564
1722
4334
35206
2739
36020
16138
28086
29568
19324
3485
29619
11643
27928
31137
15349
33613
32918
11906
2053
23162
20175
11384
9120
15801
4984
21548
2869
8745
13171
15587
14323
36351
27725
12194
16389
33060
36254
22834
23599
25970
13562
13267
37274
16532
34674
10719
17860
15570
32226
6375
28584
24933
24645
8453
29557
35927
33292
22829
31655
13256
18189
8202
36236
18361
25434
4360
9717
27071
24049
2536
14623
25980
23244
9301
10098
2685
29562
36583
9266
20250
39031
17580
30135
21927
23018
8556
2346
15984
35809
10395
21424
10364
21501
21256
28835
18423
37378
35590
30695
23173
31085
16166
28882
28719
24749
24354
1641
29540
36657
9541
38087
9536
31036
34868
8227
7962
32628
22777
17458
240
32415
36703
17716
14246
21025
11317
22192
37287
35647
10550
10945
4852
35866
810
238
30117
34890
6572
19686
15107
22490
36987
20069
29767
29305
39054
14102
30158
19930
24427
27147
968
11268
5810
13198
16925
22595
19373
15208
25414
16760
13322
3971
9675
11760
34819
18226
36822
16901
13922
24263
23998
4815
38188
8117
38145
7151
12444
33545
201
35135
28431
3001
30849
9358
1093
7868
17686
28087
32247
16695
23298
23735
13290
32573
9784
24389
24503
31184
959
14519
815
946
12414
7300
6242
14225
38753
35519
175
23102
7404
5016
27662
32795
8658
31532
33472
25963
30326
31835
22015
10717
3970
19369
9405
21811
3578
17589
20279
13066
24156
16490
36080
4338
2161
33601
23502
32684
6
28388
34090
6523
12277
17154
35880
5672
15061
16225
10698
32472
38902
10024
4904
18011
18439
15048
2226
27300
6042
12672
4539
4714
7880
2278
38835
13473
8938
1756
37755
22968
23444
17090
629
38246
9918
21986
14824
477
23595
1115
4801
11231
8519
15003
221
34055
9361
38083
6306
13270
13044
17335
11479
18839
27408
25493
1342
23694
21129
27554
21848
9877
14060
22924
6127
11237
22647
10481
30738
6483
4
28303
25842
11446
29785
33976
928
13340
1690
16505
35607
12170
21874
5264
21697
32274
22099
24867
25470
32597
14891
29415
21131
33153
14961
31903
4274
26758
33425
17752
29786
24199
22037
15751
1830
38662
19503
6677
36759
36860
18995
10351
13540
1470
7219
29234
33177
17624
20499
33015
31080
38529
32694
16195
9483
19689
9470
7949
7771
8059
29324
2640
19182
2909
20497
8815
33474
25513
38594
19570
27344
31259
29903
242
19034
24492
31794
24045
4027
22195
11365
379
38484
1985
37284
26814
7095
1657
25856
33320
28711
10560
18685
11346
36100
12750
38676
21218
26199
20569
26676
2190
33290
22616
28898
19844
2035
18942
21873
37045
10336
38205
3760
22807
22501
13161
2756
4708
1639
22221
31928
31395
12740
34600
13144
35027
38041
2818
30165
17238
15369
5126
20185
19295
6747
26059
2779
33133
26495
2344
33639
13047
29
12993
2984
36390
7677
1160
18079
21611
26883
25944
1346
22324
33482
36401
21629
10400
37011
25073
36766
39105
6165
29313
31823
32046
1461
33922
13292
18456
35079
15555
23758
13500
1837
8503
5010
20375
17732
20674
12657
6313
34762
6769
28382
35453
25438
11413
16658
37023
32129
13416
27568
18355
22900
8968
16428
26213
32231
27838
21777
4006
23174
29499
30509
36564
8684
19517
8119
26111
15364
19010
9633
14160
17436
19516
5764
28501
25610
9428
33982
1351
34660
34499
23919
20580
3255
124
20812
20736
7977
12331
16763
29391
21593
25569
2910
5694
30993
30617
21508
14671
13276
3457
31758
33871
8688
12289
6754
15652
25290
2262
16594
30280
2846
31283
35894
1302
6422
21092
36581
31394
17452
24943
20303
20283
11181
2357
10
11654
38136
17231
27826
31121
21176
32298
38202
19333
36354
21430
13595
8555
10964
5202
32116
26243
4407
18688
19542
943
23681
31735
38193
29413
9658
34557
11433
36230
21437
38637
2091
10956
2199
33566
12121
785
25893
1255
28856
38995
30096
4905
18467
8337
28063
22250
35198
7368
17690
10721
16806
32171
25226
35152
11985
9556
27552
37632
18840
14985
35076
20032
32162
15710
19884
3813
3103
34331
22479
37682
31059
9892
9500
19996
5648
13370
12742
24149
19056
35214
19782
25623
25355
30047
13551
20640
14101
15663
15401
34657
17206
28373
32216
1274
1897
13379
19230
34846
14482
9855
10867
27885
18445
11383
27991
8135
601
37997
5723
38920
22305
31359
9160
15623
25550
18946
37778
5180
16855
17577
13190
19425
24652
7343
17848
5183
9630
37738
6741
25086
17142
26748
35375
8403
36824
35846
33306
308
33599
32066
16099
6430
36618
3464
14206
10768
38891
31070
3196
18698
7478
36767
6052
37976
6407
27569
37906
19249
34748
8886
20086
2234
21973
7701
26781
32785
3165
27723
27841
33787
15327
26838
13053
36552
5699
22491
21111
13544
4357
31644
17151
6453
29858
5345
13227
3054
34989
17182
5427
11569
9189
20173
3965
20402
30022
17675
36551
36070
24371
12314
25490
33885
15590
7080
27130
10508
9200
12082
6233
7018
3621
29009
1759
38699
2950
22091
15886
12812
38293
15391
20532
34966
16023
26914
20312
5129
22930
20433
38265
1189
30671
19325
7512
8869
2987
19024
37223
2497
34189
6895
38453
17546
30071
1852
31188
7582
35653
20366
29570
20877
19115
13032
12464
10294
12676
21597
28528
25662
37103
30175
7886
16256
26029
18446
21976
2404
18029
1666
11100
30242
28563
22262
15913
19091
7687
24234
31055
13314
16474
18529
18799
9453
21080
23896
14575
23043
16685
23168
5592
6200
21584
16142
26804
6185
33130
33874
8312
9894
23763
10647
25592
38688
26558
7116
14791
34548
5682
21582
20917
8318
953
8114
8655
38443
30938
24855
36057
33371
1964
6818
13251
550
23016
38885
21965
32591
27399
27253
16475
26771
33950
15393
30460
37133
17725
8208
29488
19040
27758
2144
22735
32275
31390
32126
3451
31109
15427
35662
29286
13547
8672
33627
19164
15821
28443
13609
23525
39035
20031
31626
25620
23931
3890
13961
19401
28282
17465
34543
9678
14898
395
26317
12677
19817
35041
19888
35330
7942
38288
3063
10433
33688
32084
32792
5949
22894
27118
21489
20353
15007
26844
20242
2097
30030
19071
28201
3995
13590
9195
33824
36775
5798
12671
30305
21270
13861
4645
7082
23138
37439
1474
37605
28039
4554
16217
1455
18207
4362
1049
17520
34039
31303
15902
17207
38557
665
28828
28297
7268
20066
16755
38331
16368
599
1961
32439
8562
17684
10195
22218
19749
19200
36771
4276
14618
17043
17503
25891
2040
13872
19525
14560
15580
3912
22415
25642
3332
11385
1401
17758
17778
11963
22052
1950
24758
32724
2348
28962
35232
32207
21397
23621
9312
608
23779
19175
16561
8908
6175
30512
32096
7530
19107
17264
16911
35368
8491
23321
34367
18928
33815
11142
11009
22008
2180
22860
36943
38106
6974
28934
4283
1067
31504
1914
30536
241
18910
38632
21251
11031
13482
18642
22715
13387
15809
25136
36741
37966
3027
11895
23903
32030
38257
29877
30677
19527
37143
5073
4912
2542
16401
13828
11480
21644
9423
6066
2062
38242
11659
27986
5594
1853
10523
26688
5579
28899
34935
22600
19508
17311
1653
5346
10766
32220
19209
37941
30712
28602
24020
1818
29733
9608
8687
14980
10740
20286
6847
14522
19717
30853
2390
8857
23357
37507
31771
16302
1736
5611
13487
6495
35174
1796
23405
16939
17612
24806
33124
28915
27817
11921
37750
18987
34952
28445
38696
1169
16915
31478
20956
18999
4997
9032
5037
34224
6222
184
20338
4498
38026
23139
21824
10828
37494
155
18965
28778
29483
6905
1824
21917
23673
26958
19524
20830
36301
18347
23159
5834
16254
17730
11314
6234
33543
7906
19656
27790
9801
11258
1567
2125
14740
19807
37209
6081
6134
32466
6246
9575
30420
19446
6035
38315
37068
23229
5872
30186
24884
881
36565
10093
11665
24596
27607
31622
16026
5175
13772
29269
23202
20037
25369
19235
23496
28231
10821
22169
18843
18003
38142
29764
37875
33172
34065
13506
13085
26572
10077
35639
33437
10079
15803
27086
17383
33995
29542
30264
7382
8465
17135
25981
252
36288
11628
4076
33279
30466
7574
1883
32663
31651
31371
13569
30642
15655
21948
38176
7188
24655
20407
23285
13951
22646
1638
13747
25644
3655
19550
21072
25058
33502
12654
16421
16294
12879
8873
30228
33572
15855
16390
211
13845
13765
2479
3751
1457
9374
15120
32667
23069
35110
20707
15068
10651
37382
27349
3410
30271
595
30963
1662
796
21475
29225
26735
25466
20073
10714
28632
14174
35097
29076
10980
23573
20716
26401
27975
33597
28927
1335
28861
2735
2961
4933
17000
17926
26041
38230
12790
30376
3905
8667
26222
30045
16128
37530
9152
20453
37000
14794
30579
18237
5289
34382
3932
26479
36182
24449
21477
26370
12940
18432
219
4636
33219
6371
2504
12351
28813
33471
7797
27549
2294
3379
2990
36202
32437
30195
17929
22709
19526
12818
174
5555
31682
3005
958
19501
27474
9331
12340
15928
10319
27681
2012
21503
9382
14292
33
31926
26556
3341
6714
21854
28476
2295
12476
23094
23338
29430
1864
18722
33741
19058
30532
12391
26784
23161
37238
27024
813
5002
22162
9327
28022
31389
5561
36403
6610
13002
29173
30180
26877
7824
30575
18782
4561
28271
29678
16209
20345
8549
26525
6460
35210
16751
24533
35063
807
12
25850
2124
25790
2893
16593
9594
28746
29870
9463
33888
31129
2734
31625
25541
17851
4861
9901
11324
13622
38376
3097
1562
38267
28174
16922
6755
31810
5052
4034
24002
1786
12723
14081
11672
11722
14634
21255
28312
7476
20814
15379
15200
1371
25576
19973
27201
8239
19796
11726
5273
18238
32055
29889
31420
39080
32898
26153
18719
11871
6766
23680
21505
33921
32204
19599
30777
28873
35276
9031
27211
32094
12035
20888
4651
14878
8515
36159
3074
14239
22494
14719
35734
15952
36907
38708
32458
37268
17717
2267
8364
27577
35
14767
22497
36139
34276
20561
17526
34060
35659
38571
29722
