39089
31389
7067
9932
12958
22660
3392
11692
19578
38271
11687
5009
13358
37143
20794
4037
21972
9613
22220
38611
20744
6374
21455
3805
7942
5617
4100
2164
21629
31408
7554
22132
21416
9120
2524
29681
4927
38879
22917
936
29247
2632
29038
9854
15925
1528
31211
14735
36445
29691
732
21507
17217
5343
6671
32603
32025
38238
30936
6055
10846
6367
4679
1991
14552
34986
20266
381
20891
32875
17618
24448
15035
3506
15955
37700
5718
36664
32827
27072
311
35079
516
19067
29138
36033
4212
8534
23464
4227
28432
25428
7184
1150
19883
3763
16780
29864
32152
30397
882
13488
17797
9999
26788
30194
5714
15403
13688
39086
37432
33120
6373
37869
36717
38996
19819
23488
15743
10374
15503
31760
13785
16776
3679
9698
29577
3708
26741
32711
26688
11346
20408
4645
1225
1918
38702
2919
21431
7310
27299
29810
29265
29200
15565
28004
31992
22571
33133
22590
9772
18643
3762
3974
11030
25504
17083
16078
8778
31368
600
8412
10250
15940
22782
27385
38435
33960
21704
7703
33987
23216
36467
20941
15621
19670
28861
3538
2928
27206
2452
22086
37344
33990
4236
13737
29666
35176
289
38451
38748
11014
34782
12268
5855
1345
31529
32609
30020
24866
17163
7330
34014
19564
14482
18248
9597
11504
35315
4209
30995
214
2546
6690
18601
24606
35389
2381
24462
8117
28909
37865
30648
7784
22034
39109
1165
38389
35645
12871
38671
841
10602
22443
7973
11648
10724
18446
37047
8007
24481
14377
36651
39051
20391
10576
5077
22909
30057
24778
31608
3056
12547
15074
8745
38845
29147
30243
30491
26230
26821
22229
8709
19933
1099
34
8252
11387
24750
14034
33794
28984
16555
11627
2774
22838
2390
1492
24472
8685
9086
29575
671
30154
34314
5165
33909
17054
8970
3520
5468
25586
32670
11883
5361
8433
14818
35484
23782
27766
23363
3727
10643
29114
2658
6006
16948
8414
23577
38081
31853
21535
9291
26309
32607
30465
20653
17493
6412
11091
36400
25281
15477
30089
28711
24085
6277
35084
7331
655
4581
16007
28554
21299
33469
31262
31549
11223
25154
28068
19722
37434
24656
22928
14687
25106
14886
21902
20113
36953
16213
17219
27822
8649
5874
14061
18000
15042
5885
20599
18358
9914
21192
4896
28592
12872
11545
1265
8001
26178
25265
26225
30777
17305
7158
19452
3616
23437
13912
19913
34889
37179
8790
38528
2314
5378
21620
34954
25989
25104
29228
24908
16404
7775
30480
3465
13819
12984
14559
24816
5337
213
16226
34924
27452
23513
10870
37414
19622
38947
24350
11560
37438
36768
23564
840
12374
19914
15898
28541
8069
435
18037
10294
11849
27681
21504
4860
10271
24115
38538
25070
25608
28921
17094
12828
29321
7851
8494
7711
5010
17374
27640
28952
13448
445
14793
30637
22399
16089
32295
3639
15813
38606
5007
13125
6083
14333
33643
34593
12161
8726
23926
31028
18877
17942
34899
3195
14249
25442
23530
12340
23968
21382
2187
1193
30977
24252
6532
15675
14874
7536
2803
23752
1281
17074
8634
9248
33187
30458
23243
7149
26496
24072
6843
17151
26562
13092
26074
26325
7065
34185
4511
11653
37555
28847
33066
26364
34331
23982
30217
25645
16024
234
6537
20811
8008
3407
38196
659
34576
17609
31812
30525
27205
9620
4419
23086
8042
10009
17382
4239
28419
443
25264
28243
18608
3085
31113
32953
13345
28587
37848
12286
30952
33446
23042
17973
20627
15100
13895
29794
28095
11447
10563
31605
4942
19158
21616
20039
6746
20002
4918
30539
2371
26355
9400
32090
1138
26935
23177
1895
18117
11440
24281
9829
26292
3007
20658
20026
18713
6830
8702
347
31770
35302
4284
29339
38005
2884
33456
24262
20804
13172
6623
16713
29931
35576
35043
29254
23073
36134
35007
8867
24216
26528
23063
23373
31686
37912
4916
33082
38664
34148
27713
14002
23461
25853
13183
18001
14934
30646
2215
19572
35912
19814
23246
29065
14542
14838
12145
14634
39072
14481
14954
18459
28748
14402
36590
18833
35671
18148
30286
16028
18226
9632
17990
4517
17007
1533
12863
29855
21258
31161
7244
36487
21541
8966
3770
37385
37838
19888
5411
30139
38652
6809
36075
10642
11694
21161
8278
14163
32567
17050
15198
33314
14911
18900
30389
34471
19660
14885
8925
38598
13825
25566
31616
12235
24739
18918
11843
4999
619
11998
32706
8190
31920
10030
30515
32218
19501
14189
7391
16585
8900
26214
22261
38923
27933
110
11023
25075
21234
21230
6744
4342
8527
9391
27657
36852
38182
33773
25969
3854
22820
22037
35572
16487
32129
24020
18865
32288
28838
33335
31220
15654
20623
18820
11626
21468
19464
13600
23019
16530
36477
4610
2025
36429
26344
5650
28846
26395
13621
35545
36606
26079
16554
11196
21425
19423
9623
26607
26244
13643
23473
2407
37267
26026
18649
10920
35316
25474
36883
11787
2067
38979
332
7387
15253
23204
31089
19029
9667
34948
17963
2784
26704
13911
5236
10106
38779
37756
6480
38006
7839
7255
22038
22657
24979
23429
28896
26378
36788
33801
27320
29545
13978
16957
22046
27433
8041
24267
11111
12092
29792
22329
2395
38066
4883
35275
28019
9434
34719
24096
19062
13286
7358
10854
35296
7908
24978
30531
38631
17042
15682
29955
18414
25068
35711
3807
28242
23847
9783
12335
19700
24484
5845
35729
8947
25702
23241
10411
7696
32056
19710
32378
29134
21595
2095
37020
12517
23960
1117
2162
2696
23379
9196
36425
19758
37206
6695
35779
17473
30919
38402
38878
10872
35536
35801
6802
6678
32075
22778
18779
23504
31216
19096
29175
9162
26151
25181
13291
7265
18531
26291
34334
9350
37524
33114
27929
27563
3065
31619
13237
20606
24500
15637
25107
31596
7488
25894
13066
12071
10013
13743
29171
38326
31237
20541
9675
4320
12832
31759
20977
24138
2283
15376
12813
17039
29268
21913
21579
14876
16541
17778
7761
32369
14321
18577
19728
446
30226
9521
13583
16546
32521
22787
27952
36072
19880
20505
27233
7382
6509
19944
35416
18905
29478
19602
27779
25542
29129
21238
18054
17518
2346
20406
19833
38609
29819
19041
15826
25255
11018
716
30830
16950
20861
23134
35002
13113
31097
10291
10176
8165
23867
25146
31823
37674
20459
30783
34564
20243
25543
9388
38951
30319
30757
32590
20104
1600
25454
28022
32002
21252
7261
35303
29241
35830
37455
3901
34059
33431
36165
35483
24410
2866
37140
7861
37286
25430
1257
20918
18296
15065
15176
23897
10890
3241
325
26439
34374
28581
18113
10019
18863
20051
31342
18407
32279
27364
24246
15274
16589
611
7550
16276
36247
27906
10445
31834
38098
31717
14852
33563
19697
30626
19780
33818
11115
3324
2170
25537
16988
33230
18318
29232
20605
33817
35887
10521
5216
421
27372
3225
35309
25689
22514
35556
24802
27774
5807
16781
3173
17193
37754
37508
2429
36886
10897
24174
16275
3117
22556
21480
13999
25284
29777
19774
35931
16442
24511
22947
13794
10773
386
28703
5235
6146
37546
17441
37459
2458
7544
26811
35530
14130
18744
14123
38382
28325
14157
34180
5119
8737
3728
25358
701
37433
26554
24197
13577
13634
18263
2175
8029
29289
21712
35649
22227
4141
14973
26684
35682
478
36640
38744
37114
35076
29585
7145
2673
16410
37103
19514
30939
33738
28036
940
12926
19409
31091
19091
4550
3060
20775
36892
35290
19405
19079
7695
6034
28245
15453
6535
3261
28983
37715
12382
35006
7965
8309
28757
2382
38163
33760
17405
13455
17422
5040
21807
27703
14598
18924
6646
12225
460
8206
21789
32479
36136
36491
23441
28446
8969
14237
35236
38587
30945
37696
14356
35332
28903
28196
9712
8733
32195
26259
10432
13439
34612
12309
5274
20570
11523
19183
23342
13189
35387
35647
28740
7424
8441
33339
16289
38795
36433
33425
20342
16891
38831
11102
33212
36950
6762
39085
26754
10843
11529
21368
34542
13406
7482
12329
15806
13614
6039
16698
14429
28462
33373
7957
32983
10961
27199
23097
805
24526
17224
16610
31981
18026
22835
37939
21270
6124
24419
22033
15819
30426
3519
20254
36517
14181
38245
1057
25714
38391
2406
28369
17077
23594
16326
35280
28576
12504
38595
7664
33694
10220
22572
30705
27196
6927
11909
16874
21834
2764
13647
34305
4797
28380
4874
2730
20467
3852
33367
11051
4235
32068
34303
21362
5918
12996
12073
35384
18668
35837
7088
20860
35510
17775
5989
27613
15005
14553
6160
11276
17022
9695
12617
27492
287
1479
2034
38370
14551
343
10560
25839
19132
3318
15229
3574
26164
36504
26305
8115
37349
27149
13318
12261
9475
27354
25722
5374
30793
28801
23218
36784
32608
26121
38164
12324
29978
33765
2588
2039
13410
27646
8628
19949
10929
19084
32852
35455
16069
35162
4438
12742
14703
25850
37922
34999
21246
30303
24536
15301
30287
5811
26489
7760
28707
25636
27195
18402
7031
23291
7153
8874
37329
23814
14921
23183
12086
2277
21813
27051
11944
15559
8703
20824
27416
34012
5065
10916
21450
20559
19015
19887
20133
953
20001
4345
25880
20695
32105
684
38487
12293
6287
17345
4381
23983
25807
31460
2102
5981
6608
30116
34849
16261
3167
37330
18246
5199
5177
19661
3516
7187
8996
9504
34091
6008
4667
36922
28770
5709
18432
28377
38444
37357
18970
35757
37158
38200
10667
29902
24415
21428
16322
16990
36120
9224
24534
33269
30808
22615
22075
25468
22194
9070
22490
4689
30769
12784
30353
35991
13431
31156
36378
20639
32777
4054
10484
34539
32584
29369
11726
9781
5842
1484
17916
16755
14988
983
15619
1686
20786
36114
12430
8636
4097
1458
27105
38500
24523
33506
15324
19403
4483
8242
15033
29399
26727
13584
27307
14068
33484
35873
1665
20255
24191
30005
15495
29113
34299
27075
22027
2494
32405
19946
32004
5070
20082
18010
20110
23928
25940
5958
487
19505
17603
20147
26461
30321
10924
5530
38871
16725
16186
1049
27950
15261
1448
22253
35159
8902
1687
38533
22529
6683
2558
20119
6538
35306
20810
13408
5889
12877
22136
28018
13161
24369
35613
18603
3422
14486
8803
34530
28285
25576
1051
7551
17712
23328
23453
28795
36687
29354
20203
21709
20154
30826
25492
151
38649
752
38519
33138
2190
24086
25687
33227
13339
32885
35580
35547
4378
27557
6459
11455
29708
15378
7902
29570
1558
6315
35312
12599
20439
26331
21087
31968
24361
17756
17392
25347
37452
5914
15137
13229
5038
2012
1431
3485
1507
18316
32183
23705
25901
30575
21634
28052
1784
31238
2352
31173
24639
16893
6792
16705
9923
16300
7841
25310
36670
26141
27410
26411
37111
4700
22962
19599
24613
22990
11624
26896
18200
1316
7229
2649
19371
7012
19729
10513
6138
2256
5275
25979
32123
7538
15612
13093
26174
538
23726
5132
21275
33457
12632
4542
14573
26354
3127
22967
26031
32239
38222
20171
5345
18426
8009
6518
37663
3733
4101
36042
6580
9137
16392
32234
22699
29479
13571
38614
30293
20802
18004
3526
11037
31027
10286
31991
20438
3276
34404
32248
38193
19103
16949
30284
2795
2869
7958
27873
33218
17788
25170
20869
20417
20791
6150
21232
3517
24154
6712
25312
25706
16327
19138
13951
36019
13328
23340
80
33573
8343
15084
32146
25738
18383
7781
33085
2563
25519
13493
16389
31935
37036
15423
34756
25064
32096
2451
35407
113
10103
31622
17062
12321
34826
31674
29992
17523
22993
38060
35042
15286
18755
25800
29783
3463
1229
20287
21051
9327
37058
15964
5261
10957
32033
23744
27812
31189
17706
7578
10081
8385
15347
17310
29958
26633
25949
22709
89
18674
7329
20197
31742
1224
1688
27664
3340
2791
13828
37790
33450
6579
12701
9024
8837
12777
25666
1709
7236
22464
29565
17426
25386
2502
26416
3772
13655
32707
1802
16071
35486
30302
22460
24573
18253
8416
1015
9163
30580
8654
24300
28619
8954
7689
694
18063
27225
13262
19603
33974
23101
9170
31629
11218
27212
26238
12355
37815
33017
13941
21682
32805
776
13730
27336
12496
23160
34195
30261
4895
34649
37000
37233
30722
18590
30924
29150
17009
16266
19133
3650
20299
17852
14526
38175
27548
30613
27818
30016
17647
27080
14243
21751
6319
30974
28963
21309
14411
30048
1654
26579
27821
31833
28044
9154
17724
32348
35570
762
22019
32440
24737
9774
567
36562
18868
15945
12193
8786
8265
20252
31367
29302
18172
18735
1207
12706
25783
26502
38404
25539
20207
25651
22732
7123
18535
14842
37828
29194
23258
15817
14205
6926
27711
24829
24676
35993
29474
31990
28476
35787
19214
3024
23893
3319
24122
15836
21094
21772
21479
23374
18302
2052
33644
18796
27606
6300
16051
7557
29768
21831
20780
30582
3471
19388
21440
21696
9370
21658
28929
35889
6340
14581
266
17273
3062
39114
15168
14808
25808
34464
34572
5078
7216
29449
23934
25302
26310
8097
23554
903
12238
29148
31291
9900
22063
18565
15773
7137
36364
2530
11962
36462
15098
13055
33836
8643
22449
31387
25865
38129
30387
34858
12054
19373
8525
35495
27771
30329
39043
16564
26889
29555
23673
15899
17015
26128
28686
31246
5006
10259
21950
37704
34632
22151
10682
32952
9097
20578
28881
9604
24282
30347
9481
15496
22044
2611
7314
12067
25675
20724
30331
172
35081
17764
19873
6434
616
7197
29439
38858
10818
21099
9431
30183
30997
6442
22870
27403
5661
12498
17314
5634
25587
1521
27813
8478
28059
11381
30320
2403
29189
8257
18171
32338
10571
36763
32316
2401
13991
10884
6976
29392
37859
33958
14627
2789
14550
38015
21538
11177
23011
38667
31355
7511
1642
20725
23272
11099
33550
5005
22153
22773
2240
29642
32859
10381
25220
13766
22866
19372
7404
36840
32732
13597
17954
30375
12144
28876
1010
1330
15116
8221
11265
12305
17316
38620
33864
13386
26058
26111
6687
6360
4249
36540
11716
17759
20583
11370
6984
9530
23549
28596
26657
31748
15724
38334
29078
21365
16100
20535
12839
26447
127
36389
6289
13019
21565
6975
32698
30034
36893
20236
20949
1509
7650
33947
23176
6968
39112
31329
35599
2073
13894
21510
7410
2456
10841
26887
20304
3523
3888
31550
5963
20139
9527
21264
33231
37993
9525
24048
17291
13535
185
18104
38307
14141
24014
31243
26113
26615
23989
1560
25122
37070
17218
5738
878
20180
10528
33366
7864
36140
33424
6276
10162
8941
16048
26944
23144
4304
1247
5389
24642
37007
13059
5582
27476
17903
36563
10380
32010
13901
20302
38125
20515
22069
21257
14562
16117
5314
35701
9152
16560
35355
7068
11534
2059
15927
21137
23954
6925
9329
24717
20576
22592
28893
378
23226
30650
24820
25211
36157
24557
10988
18461
37604
832
1344
369
22380
31182
16962
4187
24219
353
14056
37772
9707
18783
21734
23708
29324
8443
34083
9015
28058
10213
13539
33147
4155
25764
11450
36036
13865
22385
5020
25180
26336
32898
32516
32530
24551
27851
34854
38621
34533
14161
5258
15912
20822
32844
8261
11611
36164
19577
12566
10403
6887
1403
26982
9666
38248
4755
10388
30921
26382
38183
27367
14741
30052
2584
30299
28248
24934
23114
27064
35602
1909
29373
29673
33743
27397
28666
37128
31527
2700
1761
19463
3
10624
37431
25397
36327
17676
31660
30859
20625
10996
20117
1729
6307
7020
9037
14079
33816
11361
33893
32586
32919
27386
17728
30835
15422
32285
17989
28422
9898
29826
10114
32322
39034
12094
6816
4924
26795
18501
22461
7719
28137
969
19101
4840
9779
307
35446
36898
6497
30866
12306
9264
2612
9660
27513
29950
38875
22756
5244
26566
29634
36061
36993
25340
6506
31252
27368
23040
790
12441
14822
22084
18814
5558
10342
29693
10407
687
25697
3618
2969
28479
6024
15953
888
1320
31224
10467
4338
19121
19144
19400
23299
33190
20239
12761
36368
37262
25569
1778
8696
897
10738
22233
36967
14652
28567
23389
19807
18044
26363
18915
20706
38742
33409
18536
10723
14986
18770
30119
23718
70
8472
18722
25253
17808
38084
20393
8739
17366
29169
32487
34865
7807
8349
9791
15761
11634
13164
36155
12725
26263
8697
2185
30752
30875
20128
9888
3070
36188
24447
9358
9201
6467
1128
33956
11438
23656
32028
9299
29619
21636
7558
20123
27409
8108
4761
10933
8675
22397
34250
19669
25376
30500
21700
23506
27168
16632
11514
10442
20854
33579
16678
9456
30471
25659
31372
1356
32688
35112
35936
4266
11294
23057
37313
38014
26088
26701
21732
17692
3260
20396
244
30740
1379
23807
30066
3027
584
30966
24753
34749
4487
19922
25557
33753
1785
32397
27948
27556
37879
29460
9002
24179
20737
7583
25375
3952
35690
32873
15252
12821
39022
3477
9889
7723
32998
3723
37096
7178
884
31649
14051
26945
21441
8390
7268
33342
35097
9582
23984
5410
32124
34172
7709
24039
14507
25848
32253
18761
27120
10111
9639
11974
20162
3437
19330
30361
14784
16814
13308
13913
1539
4994
10511
21887
10887
5730
17097
30239
21798
3775
12131
12182
23660
9717
33598
13487
19014
7038
34008
26577
7140
21118
9595
31160
12412
7328
33642
9174
33877
32486
22941
20322
10712
3833
9296
11840
31341
31849
29524
19258
22173
6101
3413
17478
30218
12282
7866
35349
19826
31776
6218
35709
4691
33029
34708
1773
35366
10296
23995
19085
17384
24181
2776
10159
30929
36184
3906
31679
36441
31643
37045
32877
27383
9265
115
1075
11338
22222
32297
10555
9635
26588
30433
21128
35135
3445
3632
16299
11353
13110
37701
15028
296
15805
34930
22600
9177
7599
25432
23637
18950
21170
18656
2391
29748
36088
3107
23384
25674
38483
29827
29335
28651
30023
33002
38646
37510
38792
13481
30024
26275
30134
9671
2761
20879
7980
37075
4855
6350
27023
12846
30567
4222
34213
13236
4591
26947
17306
25401
24158
29230
800
24142
5539
7667
27365
17927
6921
31690
32331
1483
19225
25667
3227
15860
15191
14794
6423
10074
32138
25342
24455
27546
6565
27240
33669
27722
26477
38306
34188
15215
35849
18829
34490
15648
31077
17663
24987
3093
15167
35206
4713
30410
29214
36375
31703
8691
33914
3584
36182
23067
22306
24897
14589
1737
31486
29500
6302
30405
1374
2110
13379
10810
14737
17052
23668
21426
30753
6264
5745
21918
19990
33068
36311
9043
15864
2786
33881
33040
16460
5416
18285
27627
34751
37997
7297
25330
21679
11474
24728
4045
32847
26001
24916
18934
15728
38142
11332
19527
27069
22758
6639
22401
10244
15144
21378
32337
11324
29325
4016
15012
1289
8683
8878
6416
14043
13757
38476
6899
7311
21786
5927
15570
24560
6310
28486
36833
27747
5174
7888
2259
37192
2281
25243
38466
6405
39106
25042
31714
27921
16974
18670
34116
33843
21624
28071
37992
5036
21379
37536
14536
32298
16890
511
30972
11603
5323
10702
36564
12062
16620
28715
17878
9425
714
24108
8760
4567
10037
16903
33962
8777
3638
13218
35171
13937
4392
10951
36834
8089
30117
6156
14316
15768
21445
20678
15384
16743
36300
1637
28950
4058
35857
7763
23764
18888
35636
9489
32013
25229
26183
34294
63
17907
33371
31557
35488
11142
10186
16242
33488
34855
12103
38506
14763
14587
1635
9593
38469
33220
17433
37316
38647
31866
11464
20242
12716
17758
3199
35756
6963
12667
12011
15678
35377
36313
35442
22693
10270
6049
7800
834
29678
4120
38729
1562
17596
22413
29126
38935
38286
37441
5142
3808
28749
25815
19679
16995
5743
6878
7183
7084
36151
10698
21757
35581
17832
1181
25295
14695
14509
26150
5446
815
17364
4257
18213
30863
34360
36665
7025
18772
4956
26724
29790
10358
23375
21544
7954
3743
15914
9507
28078
5881
19151
7978
36014
28852
22760
38630
27830
13276
6973
20715
20617
10948
1749
19646
27749
19704
36785
1014
6569
1804
17660
12097
2280
9007
29926
28908
29762
11243
32566
27457
11498
34808
37985
36703
10182
11811
29682
14903
3773
12251
6407
10448
20370
5445
33278
3454
27073
22383
16658
37222
28901
31793
2912
16842
26598
15787
13416
14343
17282
18572
34683
16294
33795
26972
14179
28671
13741
499
22265
10227
6868
27662
38734
32271
21336
33468
14941
38067
10610
16849
30755
32943
27390
189
8364
33406
17166
25013
23412
24861
17256
20666
37366
11491
37728
28014
2044
1797
14778
19105
4724
22943
37476
8699
15041
37463
36091
26204
22323
16260
29221
19535
24194
11165
34226
22051
14409
24416
19139
267
31333
14788
22863
31464
28495
32269
9821
12845
9726
8122
12901
28482
17714
22502
27910
28545
30436
7296
7306
18418
11031
9228
10692
14797
16142
28240
15617
5083
26366
31351
37542
30315
35511
21141
32678
14610
18405
1680
750
37331
10207
24792
34769
8110
1301
12740
24848
7344
24772
32795
15674
34912
29939
28425
10344
13558
10658
12567
13788
4777
18284
5977
29163
20638
36707
25133
19160
3853
7739
6805
29593
38480
21135
30874
7058
22412
10889
4388
9385
3535
29865
14323
3088
2822
20424
2579
35308
36873
36417
24022
15540
6345
36070
27020
34335
9039
33036
1567
444
15596
19699
38089
25963
28459
17209
13230
259
14497
19678
16440
12376
4250
15201
25412
37676
28264
28279
14565
7163
22919
1731
33526
18187
24733
18301
34674
22439
24571
6788
232
5762
34605
24964
25565
2973
4917
19547
4904
26656
33332
18554
18855
23601
27565
5320
28659
29984
15563
36739
2376
12027
1882
29604
24885
12043
14169
9121
22493
28588
16887
27717
24299
38337
38250
4377
31779
15636
4879
10345
4265
5645
33289
27362
7135
10169
13751
1656
23670
9877
32892
31044
8301
11461
23999
9939
33118
12121
21756
3417
68
12594
29983
24702
29624
24947
9075
37822
37585
12765
34767
11951
37989
5220
492
17236
32720
14410
24550
27595
19942
4157
23543
6148
11945
19360
31196
6259
11699
21556
33966
32341
21531
11649
17932
12961
14583
8091
22897
15076
17635
14330
19331
37493
38454
8238
27244
32593
25153
20646
38931
21867
20651
17930
6490
2711
19417
11205
12492
16790
20188
15837
17494
9614
36459
27070
26211
38791
13319
2398
18251
9101
779
10254
810
7085
18079
8365
5819
2947
2393
34050
27716
37920
33385
28693
20619
22520
6594
37038
12243
27326
15300
34957
37576
2135
14430
14246
30053
16873
9001
17650
18049
17270
5600
13636
8907
4103
9943
38518
13779
420
29525
4577
8169
23093
30070
6461
3870
27884
16256
3894
29180
21366
9892
22459
20932
19823
3214
7113
35631
21542
949
37794
34975
31811
32820
21033
9526
39021
1555
8336
21239
28388
20976
570
30373
28745
12607
6837
3822
8392
27163
5915
10522
24719
28119
24593
30398
36771
25452
26470
28733
15079
25846
29364
35325
13963
7571
20148
844
29889
19853
15364
11503
29285
23008
24093
17853
23850
20394
27229
29929
11573
28127
7704
35137
17427
24756
38225
10599
38783
4035
24136
21025
27131
31394
27506
8700
39015
34256
6610
5575
21783
25293
29352
8503
37155
19219
31065
16757
7321
25942
515
38607
25875
32604
18216
4570
25177
14958
16982
6648
11229
21110
12469
26824
29671
17910
12792
26365
2316
26287
30466
9662
19245
986
1878
6317
16677
5824
12462
5506
16642
12146
5731
19012
14618
27249
8031
10060
10919
26862
20457
17437
28096
31375
10415
13176
17432
17616
14488
19637
482
20414
15929
26729
4041
29455
22142
