8820
11022
37856
34056
38904
33182
27751
35184
23370
33316
22264
24202
15112
12550
18996
26921
28473
123
36834
34431
7255
38345
21536
11973
24247
11814
20713
888
36537
4096
24460
10815
4200
6774
15452
14870
17897
32734
33724
29939
38326
23160
13682
35027
12913
23465
6992
30374
39030
36985
14960
31731
30661
24744
30646
8860
26364
22838
6444
6862
27908
33029
36055
26455
26045
867
18874
9067
16439
3566
35467
22075
3485
7837
16540
28605
5893
34233
37771
10081
9347
14246
122
16211
3313
27790
38582
27873
33618
31694
5481
13144
25443
27209
642
24335
12900
38227
34117
5926
35873
3804
13428
27936
34426
31526
30353
36719
21271
14298
20021
7118
2726
18716
16389
17658
33527
11378
24643
1063
32667
26062
32152
31341
15661
21048
19503
36678
12254
21773
10330
8990
36816
16609
3176
3696
37175
12458
24350
27304
26215
12753
24154
4465
11479
9861
19041
5761
20860
35007
21655
10740
31134
16875
12513
27540
30693
36084
27481
12793
34281
11339
38387
10090
19021
34199
8115
33306
973
34673
9883
14356
30166
28616
14831
29634
28090
16232
23816
31661
22383
13155
27285
9455
34615
8053
9028
21070
21551
18293
29462
1610
36116
20716
37922
37327
10066
30367
10060
25601
18674
29336
13225
15002
22669
37578
16832
23058
23958
36377
215
37420
26087
27725
33475
26587
25871
4758
24260
27953
36856
32750
37482
8196
33314
18165
4696
23561
38409
21572
10476
20530
31248
9074
31423
5244
19952
16463
15820
10343
5065
30925
5982
13538
2451
7639
10398
21937
22426
15103
26351
15602
25813
5691
17234
2858
13369
16498
9414
9493
12618
38312
33150
32012
12671
564
37224
13035
22385
6012
20758
4011
14980
26165
33181
25104
28484
17056
36049
34280
32960
30466
22578
35655
5076
2175
29768
36525
10404
37724
29324
8013
13488
7619
26702
38947
4324
14166
27281
25962
13184
15114
23918
22262
30143
28008
36411
34609
21738
517
24973
15751
8643
3760
5715
32570
35076
29483
36505
13591
19736
11487
2
668
17355
28662
11575
11794
10385
4190
6391
1756
4662
31318
36154
34706
28893
28266
5173
9488
28273
252
10732
26066
17051
22500
16
37233
23316
38833
8114
20721
36778
33295
37036
9829
33771
30677
13074
6637
22734
32590
2522
21607
18424
18561
13495
16302
28782
2311
28743
11837
33774
14775
25536
38308
18046
7535
30490
1563
10683
34026
6298
1217
26553
15474
11858
6585
29565
21927
2829
22952
31012
699
21486
13138
5071
9294
17353
16229
32303
26840
37898
28417
19507
36231
14243
12331
29598
10934
33715
25799
2856
34827
29870
38787
20156
38991
11984
32575
19016
29710
29418
9515
11426
10981
33401
7426
29526
18907
21099
30213
3036
17983
9707
36801
1116
25529
26004
17976
14922
29385
15898
33982
31772
2730
1671
4838
23438
5056
29977
29724
38213
21341
3628
12640
31791
7521
3019
33978
10773
31388
34674
16753
29353
12749
3213
8029
22657
24086
37718
13032
28839
26317
20357
17540
30604
6345
28836
8727
9178
11635
3220
689
19133
13826
34140
9841
28963
20723
4684
6150
4325
10136
11149
18419
550
7026
17488
22544
21484
29551
32592
23624
2034
13842
8409
37854
20896
32175
26255
33331
13028
26560
24199
23836
34401
35245
4999
20407
12220
21215
35848
35238
20630
38550
13589
17979
9840
38675
13637
24582
19684
20752
29927
8218
10941
35342
2661
26680
24951
18867
10460
36890
30565
5498
4734
21759
23671
35850
13552
13314
12616
11332
19890
387
34564
33835
35072
38761
11188
29672
14695
19573
15748
32845
9228
32894
21799
28521
27569
14590
15552
26314
15334
18451
31709
17171
24653
35332
39049
23905
22749
30361
2393
33717
1908
9755
26851
22347
219
16868
20382
22686
2692
28346
1655
29472
3277
24103
389
21904
18239
12813
4931
36050
28764
33571
12515
12268
6343
25932
19998
37945
30477
7637
2727
25714
14615
24571
35572
29162
1772
15176
17870
30712
38658
22009
12743
2465
31101
33513
21752
16223
15940
25400
29373
22514
10735
27338
15702
6097
34003
16412
16639
27027
10988
5105
27193
16763
30890
26013
8027
2658
27555
21960
31059
29374
15724
21619
33166
29703
34731
17619
25632
33008
15066
2290
16940
14513
21343
529
33863
17812
28045
26487
25444
36542
22300
5199
25054
2407
23776
13684
37139
17587
13997
24575
27826
49
30650
32238
6674
34402
16991
13360
14307
24521
11208
36680
12266
12087
11157
18091
16661
32258
105
34404
7602
9156
11025
7282
30094
4357
34458
31231
37652
25837
13322
24307
33686
13265
9135
32042
16622
13692
18417
12790
13865
38634
25726
2261
28207
28526
32681
31537
1245
12982
31232
15678
25907
5201
20148
5277
38033
7198
31491
4622
35705
19492
38179
36900
25916
6812
29190
812
2225
25888
8198
6450
3745
9019
2454
9644
33810
4513
4793
3128
24726
38189
16431
36859
36216
27125
32546
38753
30232
5845
14227
18731
24832
542
24048
26729
21285
16600
28335
10931
5037
24298
24558
31220
26568
32077
29346
29914
38433
8221
35782
29225
26392
14715
37819
921
9884
7773
22487
24249
22610
11686
23392
32819
21258
36099
14984
19524
31672
10802
21188
24302
21017
36717
14400
37973
2513
2994
17612
23876
4493
24324
36366
38110
2312
8264
395
26371
16342
36937
26549
29137
26699
26168
12360
15315
4906
30278
10568
36268
10569
17609
36501
36269
1249
7112
20267
4229
280
18921
33992
19635
2078
34025
25438
4333
30581
462
11411
21628
38021
29372
739
2844
32753
28632
31954
637
19810
6253
34910
17918
24475
29009
11360
17364
9033
16887
18879
4001
36656
9993
29979
27022
2651
10503
36376
16914
29089
31915
6993
25018
9586
18510
2217
34194
9151
11221
13163
2867
31467
14134
14853
20295
10186
36741
7424
25489
1759
3650
21095
33319
15516
26739
38164
29597
23365
2373
30892
37461
22853
14840
1193
7726
13425
12687
26223
39056
591
126
27602
3459
22745
10840
14701
3390
15870
34575
8593
11500
31903
12497
4034
6930
1277
8565
4348
26552
36130
13136
29148
29797
7431
21461
32154
18274
30564
16289
2688
21806
19024
24127
14378
4267
18454
26643
10946
15162
13649
33043
36616
29757
607
24345
792
15536
9513
18479
5191
279
2987
1461
10987
16841
17452
7880
5932
25004
12434
11480
4722
20431
5262
4814
33168
22057
6955
25989
25417
12558
38650
19838
25381
21594
8456
37985
25589
12844
15929
2908
11173
32994
3507
8843
24966
27239
27682
24992
3401
28768
29504
19351
7782
15939
15357
13580
38430
29496
10609
28118
9295
17800
21117
201
20932
2632
31104
5576
15338
12630
29470
37122
38088
14062
23440
12696
37791
14975
10521
18163
20479
31714
3361
12492
11362
19010
18410
22282
37513
26054
12518
32323
26008
25158
29056
31522
38461
11390
26438
5734
25022
16772
7370
10507
12925
30861
30210
6039
37880
8994
28405
17862
2366
34072
17766
7795
1995
9277
9988
37954
17785
18848
14482
12796
17423
19082
5782
30751
25071
30003
883
2074
13715
30823
15029
18107
9464
5434
18122
15285
2431
23825
24554
14005
30554
29857
30997
12432
15425
24395
9732
19850
35586
12941
2259
28471
22369
29012
11116
20341
18379
20376
28185
26947
5366
13977
25005
35011
20358
4113
14370
34613
13436
4951
19134
12975
35433
6749
19081
7529
5936
4398
37681
876
11153
28516
2151
1146
8769
23258
7891
38732
37968
14974
2795
29509
31964
32714
38208
3748
11358
35276
38231
28418
27981
32660
29898
9055
7650
33255
24859
17847
21081
36212
28621
26677
24050
28340
22252
19790
27295
29041
21646
37299
24723
11670
8791
27534
31442
14684
13939
37089
15638
37210
9355
20972
3238
23793
10650
16888
32903
37090
6317
30969
16030
33924
21797
12553
5192
20155
398
21475
21404
17831
37022
11207
22298
30221
24768
37282
32486
33248
23188
29183
12078
22405
16366
24095
22217
25151
25842
19812
2255
18160
26121
33434
25024
32106
20925
33893
115
11488
1871
13001
5117
21283
17302
23434
11521
346
36976
22421
17059
8421
17871
13355
14290
32425
16870
32493
10557
26382
26509
7781
17405
28459
5844
23210
21075
24546
22274
27130
10916
28805
15008
8151
25304
4278
17070
34198
36002
18620
10967
24055
3574
5006
17164
12249
22394
12586
17966
11260
29784
16113
33691
24253
11712
7526
32110
17010
9696
9909
23229
13234
31468
23269
24680
30194
39066
3049
34176
25514
35716
15831
16728
5532
24578
5508
2257
14228
15509
32122
33164
38611
23486
24547
27310
15499
16448
20556
428
2646
26707
14343
38351
17787
8312
26263
8972
23594
24193
35792
38093
13774
33026
18892
35931
34132
18938
8112
26808
32061
10076
25433
9887
38129
18264
1504
37868
22476
3968
20980
23475
36495
23586
5153
1568
24746
26108
15885
25501
9710
6212
7350
18414
15158
29004
18896
2209
26608
12399
35808
28948
17705
16550
11852
21591
27856
24368
31771
25363
38663
28429
3470
18452
34904
19536
28271
14289
29675
29482
24904
19855
17582
35403
1690
33857
1096
24087
6435
11890
29340
14159
32695
20628
26277
38131
6250
9821
13780
27418
14304
28060
21949
23020
36235
38522
26830
22759
30371
38416
3100
10685
5834
32320
3224
6842
37865
11632
472
5181
17832
17572
18086
38427
29196
25763
28534
19905
6542
850
24593
23663
16970
13505
21086
30605
813
14026
10088
17866
10237
12124
36722
14789
1443
7331
24326
8378
16994
22599
5763
1876
8573
3786
3856
2927
16861
32901
23987
3166
28710
27360
38711
23724
26594
7339
18853
3681
16969
29711
21675
35310
20796
5764
2140
650
19849
37693
15873
31599
11482
21387
21103
20248
20144
15261
6686
38095
7842
10454
20149
19783
18412
10951
35717
25337
36529
29600
8190
31806
6170
33499
11429
17337
27413
37418
590
22753
18781
15438
15570
31744
13269
35271
7805
22522
21246
30095
19066
20373
9751
22378
32488
35106
23116
38698
7874
10355
32266
28862
38184
28215
7836
4472
7491
18533
35651
34749
9485
4335
34184
30436
14442
26331
20242
13243
21146
29176
23403
20213
18852
24462
34817
37242
4615
28542
27941
18422
30357
85
11152
17546
2432
5213
19506
34518
14791
281
33955
32915
9718
21240
15318
34735
12173
21606
9991
26146
14518
23951
33397
9368
20065
29277
1842
32150
5708
15047
8012
37796
17399
8848
12771
9954
26706
16538
23664
12080
6115
2395
38735
16376
22489
6142
29520
24317
8690
27261
5048
10197
16189
28860
5291
30795
29502
25110
20648
10268
30763
23916
4945
12214
25599
23
20525
38
4950
36109
7215
21292
2592
31764
3093
15235
16130
9538
34045
30923
18803
24592
18363
371
38568
30527
35109
20129
18946
14155
3379
3477
26917
10344
21367
31739
23313
26557
31456
6
7446
38596
7410
32608
23260
2396
9058
33930
18331
36982
19139
25146
25101
30506
15676
38472
33476
32088
16462
6886
37677
25926
11323
25201
5693
15093
32381
28960
35790
21043
4255
2515
24121
9471
1246
9329
14408
3587
11375
19249
6976
25124
20275
1212
17348
28457
29344
38537
12093
12772
17072
31109
5745
19004
16589
33278
14595
26080
4023
26387
29345
19319
10393
39043
26548
1823
34644
28
7873
4031
32528
28275
8049
446
18392
35417
32434
35730
31242
9947
38252
33998
9851
38543
36148
9772
14463
25986
17949
15864
15204
5770
11462
19286
17920
36800
7995
296
34955
37599
23881
16675
425
18006
19143
4546
22805
37121
28618
35903
27700
4728
34147
22899
6434
16020
5170
30255
11525
14654
5475
11811
10116
38874
18937
4361
24731
22151
17504
36572
5515
15012
18436
18250
999
1654
21502
4197
29047
25475
22574
26812
20839
6086
8606
25346
10278
37990
15585
29426
8180
9077
17926
5378
38240
39089
20037
6518
8759
29130
27484
6075
36602
23122
21158
27217
37563
11976
5884
18650
9474
13931
1399
7575
37996
25602
4526
368
34953
28056
10986
1129
34600
6755
6454
15838
31499
20283
18523
38026
35736
1305
24207
38569
35818
20302
25621
33649
37028
24162
19512
34118
9945
7117
35823
35810
4107
21666
37310
22980
29882
32200
38038
2543
24871
36068
37757
32292
1060
22609
20515
20727
31451
10964
13321
29832
22161
941
14384
4285
5139
89
17150
1050
636
34996
20593
25829
4106
18557
38311
16591
25889
29971
28277
21541
19241
2437
15121
24688
34181
6532
1635
32298
6828
35279
19862
1714
23577
4290
17935
17838
7144
34501
5452
34878
13666
2596
10635
5253
30236
36594
38078
13439
39118
30148
25651
32688
15922
31157
6281
14050
38746
3107
21613
23208
19003
17404
6063
20268
9026
21284
38015
30333
11800
33424
15914
36330
1038
34274
24470
7022
31629
3435
26636
34218
20174
18749
28124
628
12211
23902
17721
12519
23893
26207
27134
12018
16176
27900
11406
20517
16718
22756
16777
31022
18344
27067
17663
34153
12851
32436
21495
8446
27136
21658
38660
30041
7787
31120
33428
6872
36336
21332
21702
13242
3768
23818
13748
36363
12806
274
28028
5079
1836
5073
31312
12394
6279
32230
18734
24789
32727
36282
9448
3888
593
139
31515
26566
18612
36870
34390
5756
36704
4525
9442
18251
17000
10516
17332
22528
9845
27774
38520
22124
4280
2441
394
3647
11178
17685
20674
26841
9545
29592
28243
22144
23455
24956
25067
4074
6242
323
25680
17666
21016
27773
652
13673
17806
35611
23580
28536
6155
31300
20583
12807
24115
1268
18498
21329
19152
12626
32629
24841
12441
18192
13052
15304
35119
17338
17803
35585
25414
1489
11227
38398
3849
3771
2438
35028
35124
17898
21906
38044
32851
3648
29266
5188
18279
5085
21651
7090
3084
5157
15923
29907
12194
10486
10022
12715
15493
21869
422
19468
33947
144
3633
28194
17640
19437
16989
21715
26796
21364
17574
14608
10912
33489
8384
19156
22562
37591
2755
23718
12994
25186
19208
809
38566
36177
28422
34929
29965
21330
36079
9266
24713
2194
10502
26984
18860
2811
844
31209
27768
20301
20720
11803
26853
28304
30662
10576
21961
36293
23396
16811
38702
592
23170
29278
20728
8260
148
6665
16695
15326
38793
21198
16780
14556
36132
95
2645
33482
20207
8376
38944
15359
27906
21885
33148
11995
29136
24437
7438
5635
17257
32767
25001
3870
22356
21315
24201
21877
10203
27407
36579
25177
20845
31511
1437
940
27336
35997
18190
35222
22291
15098
32171
26211
7593
30579
1762
23079
30735
32579
35555
17228
32213
4611
23700
21899
8652
12867
6355
11796
18184
34393
34515
34845
19175
14216
31826
3196
8713
16443
31624
25235
2172
23422
19597
6198
15171
32070
36296
9873
31825
31343
5867
14899
30955
23520
23099
21038
14568
35453
23684
17349
23331
758
38943
37608
17673
24313
16323
32252
33832
32565
31842
5999
25335
26995
10242
22043
19845
14416
696
22436
22648
1569
28624
37938
21108
19531
27393
16765
18596
1779
21857
19756
17419
11121
8271
32977
11986
2423
34556
30983
22519
11364
2746
4421
15186
13504
13962
30348
36236
20777
3866
7641
316
21056
27511
25248
37615
34389
26421
29352
35406
1023
13660
25195
6177
4497
638
21804
21992
27323
30870
32
19718
30497
20965
18974
25580
29304
16549
14207
1725
11756
6926
13917
20244
8947
15064
4941
14548
26020
12094
21199
3211
35532
30228
19717
12072
8751
19889
26448
15143
15902
20432
37626
20439
19360
16594
29575
22692
29460
13161
33082
12657
22126
18261
35554
17738
12647
25834
26028
836
24850
27439
38860
28355
36514
16181
10955
17739
7763
12221
16503
30208
33228
21645
24003
26660
23575
14253
20054
37474
22792
11874
33215
15903
4836
18659
18782
33987
11382
7720
18941
3835
30335
4141
36703
31789
21089
21854
7753
36247
10153
38369
37422
22303
4648
26886
31646
20795
6501
31391
17205
6331
36771
34676
37858
27533
16726
14350
32510
37259
32058
25662
23972
17227
34028
3495
12299
6003
20198
19070
8043
17245
33491
8950
11992
22384
3091
9555
6617
5448
977
16959
36663
6413
34089
9106
10649
3170
14247
9477
13735
28727
25051
2579
36348
36697
3468
47
35153
34968
21726
23648
18022
6620
19166
30170
1292
15977
17901
4691
32896
19323
28276
7507
36580
11285
7407
37904
35489
36742
4143
28820
8162
33684
19174
8338
33222
7313
21408
13484
24597
7043
5422
7126
38339
20389
3329
17580
26697
15211
19904
3282
12670
25677
18784
17136
8580
18792
28187
26929
21204
13709
5675
20354
3102
20748
29701
18507
31710
4674
37201
29269
2587
14469
22386
34983
27363
30748
32215
23824
6689
16140
15993
23240
22748
5696
36392
11049
12036
18159
25795
9700
11071
34950
2691
33936
28007
37290
38163
34323
27199
16150
9262
3086
5273
10858
24823
9273
2015
30068
28651
22158
16988
8600
32502
35102
8413
20250
15040
32324
16822
38146
1421
6879
23136
24506
26038
11727
13202
31268
18868
14908
4220
25980
21393
31820
4450
38877
36987
8570
9319
27105
9962
23144
12236
19026
17882
25458
32264
35201
35592
27132
1042
33195
20408
10298
11681
33156
5159
9808
34637
26136
14871
21007
24875
23088
5362
36381
33458
10107
35642
18054
32532
28142
9661
17840
21924
13454
26466
2424
24406
35685
23830
12761
27808
4321
5908
32985
34336
17050
27265
6541
30642
7005
7623
13760
1619
12144
16001
5
8081
20677
30153
7389
34079
4884
20848
23887
29248
25959
12999
38133
27539
17620
483
23709
36938
24901
18835
18025
4399
1337
13449
37294
9931
12108
25079
33743
9396
24822
885
35876
20512
30120
29960
32989
7007
18023
15287
25641
31887
26889
20681
10096
12603
8219
18982
29836
15632
26077
28155
16821
37096
2070
22529
31992
32922
33096
5163
15151
3157
28287
31218
13879
19332
3897
22555
3352
7380
21901
30431
20399
13866
34633
34889
32996
7307
26910
3204
38757
9899
13779
36285
24457
11798
24598
31167
22198
28503
14660
856
5769
9000
8074
17104
6472
37109
16955
5450
25457
15611
19204
23732
16938
30393
38267
17128
7262
20224
14110
20378
16847
34004
8388
14081
24052
17053
4755
25480
30849
23009
6563
11383
18219
30785
7025
14332
23960
23880
828
14427
24262
31760
10692
14893
32010
3219
17210
4888
10570
17343
10157
3058
31291
1613
5496
23093
16329
38794
32346
23145
25012
38618
11474
28675
25809
10455
37065
8951
15446
35355
26742
12727
1810
25129
14288
38101
13288
35309
35805
1558
5017
22039
20669
15124
21226
1703
2302
3906
19381
30700
36671
19106
13632
25661
32940
36852
30956
23423
38571
4500
1368
37084
1577
27205
16425
33068
36734
13064
24894
5175
19401
27
6544
1128
21273
2865
10665
13792
28222
28779
34911
1319
14108
27515
7178
5107
7979
321
3844
36003
8672
33507
12004
9728
24168
22180
9934
36159
17336
6277
19830
23585
7769
32041
22470
14579
6990
14780
38340
18476
15518
26220
32218
36128
1873
13123
6056
26379
22222
22704
31214
7454
26770
35827
34213
17791
34256
30726
1864
4555
9878
26890
34618
9360
16180
2235
13377
25826
10025
34505
12592
11366
19825
5459
16980
863
18447
31472
2032
36097
17256
28742
17354
2897
7982
11211
34568
18840
32514
11408
7064
8665
22647
9512
1150
30238
23626
15250
22958
18825
38725
32735
22149
7170
6385
28102
2426
8895
44
30142
26868
31265
5667
38726
33277
17499
32156
26068
18697
28930
30186
36849
11982
35149
33697
17311
14622
33711
38786
32864
7826
34533
16163
552
33797
8277
29848
33344
25869
33019
8899
8302
27222
18166
10824
12654
19784
29251
17237
7456
14097
3108
7796
21840
30458
23068
28524
9114
6160
32716
14129
24802
38081
15583
14433
640
18231
24938
30363
38412
35921
36267
2054
30291
36406
8348
26761
16127
19781
27783
31687
12206
13047
25430
3183
38979
11388
3976
23772
15300
29208
20819
25282
14599
774
5429
3030
18971
9208
36643
30249
39093
36877
7101
11684
11020
31622
6723
25754
7688
13332
1348
28697
24716
32822
21735
8718
22478
22793
18200
29510
149
35411
24772
7481
33003
18954
33259
35293
33985
4639
11926
22041
34658
22481
5663
19995
33996
20801
23996
10779
8828
6442
6881
26010
9748
26422
15836
29417
2902
36578
1239
21255
6030
16511
15319
10823
1891
8807
19002
25404
31286
3602
3995
18836
17011
18406
38453
27821
33892
25750
12907
9419
3299
27805
29537
11760
37083
9929
14956
21403
21234
6419
25253
29157
21711
26774
4894
25208
13985
25541
36502
10222
20393
18663
34267
28366
15478
34571
21388
2009
5928
26746
468
16703
23560
36453
21411
11053
35465
15377
18846
37000
33283
3782
16677
24252
8250
18003
27235
22674
12914
38089
31191
10043
29785
26085
14928
18181
3164
29807
1994
19823
20749
31488
3127
26196
33064
12051
1061
2894
19477
2305
7277
12849
10152
20483
30729
7741
14143
24375
38554
28079
33789
20779
37910
29394
26786
9716
33373
31811
25870
33645
32715
9855
16702
6275
14354
7654
4237
10839
33220
5007
6346
32639
37451
28668
31194
38485
32949
10831
785
23625
23011
28157
15228
8326
19535
38166
26328
2200
25064
10386
19379
7462
28053
20195
22878
36094
13394
11379
24016
14614
7086
1298
25231
35198
19699
16168
18506
5661
38474
23119
27829
17717
5627
19321
24863
33121
32999
1803
25175
31492
5655
11594
8307
23694
20032
38055
35704
25236
18260
33276
17813
10541
16157
19160
23903
12428
4543
29390
9341
34656
17085
36399
24142
17719
18012
26292
14779
16266
37473
2652
22823
9034
25184
37300
15090
9634
9761
8401
35130
14771
34166
4599
2223
24672
13531
24280
9269
39117
15915
30492
1797
5917
24354
2266
12997
32515
7897
34719
38323
7804
34325
20963
11314
21760
29219
15345
30512
9238
14641
15713
22467
6048
26258
4194
22659
9963
39052
13850
433
32319
9369
4327
20412
20306
1304
7906
5264
15409
4659
34822
26047
36007
31835
7853
2888
25939
14732
14655
2316
5416
5132
25509
36104
28552
24303
14758
255
26848
15762
32025
2122
855
22587
13803
3212
26671
25272
7658
1612
26160
19059
34805
24415
10753
17590
27901
16278
31112
34685
11064
2961
3471
36461
29624
24081
15374
26061
5952
37251
36575
9353
18109
13061
506
9177
9669
37005
38918
1218
29804
16656
9632
15807
13446
26398
9853
16364
16653
24729
12125
34795
20158
20975
15781
28850
32866
33983
3285
1028
28333
32418
10409
31847
27927
29846
4887
32877
15207
8983
19116
24189
35427
656
21932
18092
35302
10334
17470
13388
23849
21358
10621
30732
11432
3415
16925
4752
10592
8004
27357
26167
36205
8298
19270
30711
35674
8975
31148
21279
37340
24514
14176
13535
22802
31669
35969
35341
38721
20467
3498
15411
32454
31815
8603
5552
23006
22326
15951
37772
20060
20047
17523
23142
21426
25817
34027
17301
4602
32757
27309
18093
5286
5129
37776
3919
25295
6751
19409
36715
31096
32988
28547
15236
4530
10680
27507
37862
32352
32333
16537
8511
8792
32322
8394
26806
20850
3217
22916
7167
28375
28183
27167
10039
9242
32802
25567
23448
24310
11906
32173
29942
24916
766
25731
35064
1027
25198
36017
29049
31078
459
12966
24631
11721
10759
25227
11674
14401
27003
13937
13179
14934
19356
26318
24920
24613
30293
23713
12563
16120
15717
25658
11311
38578
4952
36211
2167
1685
9125
3664
17683
1746
31169
25356
16792
36098
28540
14330
3604
24063
33808
34525
18641
25492
16395
16231
1728
19008
33379
26286
23446
30589
10411
31068
34640
36131
36280
29272
30156
8330
31785
14083
35901
36349
34330
29213
11476
7547
18944
16370
20495
2303
11781
9837
23286
37783
36626
21115
2983
33981
8673
34479
34115
36464
13789
11523
12574
19407
25856
30687
37071
33151
8829
5216
37913
38795
26592
1599
33218
25319
2705
9865
19521
20849
10171
6580
26721
20221
32023
3241
19269
16774
37271
28443
19678
13000
12309
23057
10208
22114
21440
37006
36290
14059
29657
30866
28505
15041
33900
24002
150
10700
9693
13115
6484
28321
37034
1419
14468
15268
16801
3785
13220
25441
32552
36203
15896
15842
4167
14824
16246
4518
3413
18016
17360
23324
36346
1809
6043
3803
26053
26480
38114
32925
4000
13701
14602
22986
18495
898
39085
12090
31864
39064
3869
25794
24314
24197
10065
11662
13330
18680
1587
28096
34502
19589
19258
15895
10158
5108
18679
34826
17012
32632
2477
20016
10063
16325
7643
12915
6497
22027
31459
11634
33563
37499
13199
5187
7332
19598
26177
31133
27704
27247
37633
14631
5796
23926
936
4774
12735
3142
26533
24390
6114
34577
8272
29029
11258
2179
5123
11510
24602
19350
30481
3684
38083
4521
10429
19484
1589
35864
17083
15244
35241
33668
30929
2558
36911
5112
17367
35307
26556
24239
19039
36486
27747
3898
30344
20590
29508
24882
18130
30174
23810
20123
10511
22863
34499
37818
26396
15327
31122
13051
6353
9246
34314
34918
34535
9037
32164
4683
2145
15900
30888
1883
1233
30807
6766
12821
24293
37655
25349
15691
15490
26828
1029
27668
36888
16301
6743
7051
22219
19068
20803
5427
12894
14799
9817
1686
37978
25881
36126
35564
24351
7662
32939
2617
31252
30074
2666
21866
32672
8710
17989
3172
3337
32228
38883
6654
3709
4002
1402
29367
12585
29210
4916
15421
28709
38686
38956
23564
13732
37895
21321
4175
18932
2241
14331
19423
1811
18717
5871
7139
15698
25642
29300
19378
11455
38210
22570
36905
27494
3998
6369
24934
22065
7984
24043
3967
37284
31099
30373
7248
8024
8901
34409
13900
26668
31187
34509
24537
13925
14850
17783
28283
5946
5233
14478
1014
12219
21898
9008
563
33153
10241
34121
25491
2455
7450
343
27605
5269
17725
5694
6747
36355
3660
13846
24902
12336
35500
20443
13481
39015
29007
14414
36875
11319
38481
4593
8255
2808
38510
34523
13990
7001
36582
29708
22434
6167
20020
27098
743
6307
17110
829
20825
34576
19413
10210
18927
5276
4860
530
28092
8080
11036
1081
19400
35715
23381
24363
30110
33158
3451
2152
6706
37515
16025
19441
27737
12182
17198
25161
13738
2823
37647
27227
17152
11419
19417
21713
1121
24562
6261
3986
13805
17559
29648
38731
20356
7589
24749
16987
14572
29542
12483
31962
38215
13412
21638
10350
3243
29303
1123
7519
29256
25378
18910
27872
22337
27618
2493
10752
37670
10605
29773
15961
5894
27376
22650
18135
7588
7185
35053
16560
12958
5814
8362
32089
23591
4260
29578
4434
28019
27904
36698
5923
26325
15152
14429
10791
4580
15880
15227
29589
33286
35643
20629
15134
23148
26760
37946
10260
33042
29437
6942
7179
25456
912
34442
20837
13077
3035
26359
20203
12185
15053
6921
33598
884
28808
32693
21435
11026
5046
33516
35017
26450
28748
11483
13661
37378
5509
26649
17900
11767
31438
18873
38567
11539
38815
747
2535
2787
26140
1910
30840
28917
12799
32554
6952
3607
15968
12005
806
17860
37312
13235
22775
4828
15737
24328
34174
39029
30190
36410
38419
31808
17306
31205
9952
13215
27729
22140
34652
8342
33656
18302
32167
349
2753
20241
3697
18310
11900
33935
6144
25318
13206
14241
3846
13721
27292
3440
35885
20442
9603
38689
2930
36511
15778
36777
13863
32954
31834
27480
19447
17450
21913
29335
22596
35562
15712
30167
26504
12104
36157
9597
28377
27897
27126
20303
27636
25424
452
22139
6208
1752
1742
29801
29847
430
3741
2342
28593
34549
37413
4566
28878
8351
39041
2770
10833
32951
39055
7297
8168
22765
3563
37470
21963
15586
24289
6285
28644
30690
28994
19367
8752
30635
18649
17916
27781
32505
7455
8483
13089
32961
1451
20927
29121
13982
7933
13980
18119
1865
3406
11128
15845
2338
11742
34012
16472
1519
6029
36345
25735
30495
5254
33449
21375
19763
32155
27985
19600
3539
38034
79
13604
33646
354
4787
12965
5863
22611
3504
23287
26937
11137
2841
28922
31539
20910
27777
3915
18564
518
13776
38059
32484
29990
1058
37708
6672
38185
25172
12962
26224
21446
36026
8286
22368
28669
32616
31967
16796
14999
31817
14809
34206
3247
8239
11887
5940
2173
12526
3358
14075
16613
705
20465
29239
19277
31984
10315
10555
35764
1561
6443
26839
12019
23318
12460
16219
8888
34372
14727
5497
1127
17982
10307
37352
6138
3270
8335
8584
26436
12960
29820
35601
5654
10766
31713
23485
21351
37908
14028
19288
9004
17864
2859
804
34332
26405
15006
31803
17457
13169
6610
3362
11202
4466
38581
1090
6865
6509
35312
24137
16075
37207
31953
3487
12712
769
24801
34833
24183
26613
11925
22276
33426
30039
4866
9466
9964
4270
33758
21467
37130
29525
11817
21029
30603
32448
12759
21317
26542
32081
29811
9919
4983
29316
9687
34289
32466
7775
22412
18751
1943
21561
995
37379
25307
4443
12139
4574
22800
18281
25773
33528
1222
4891
32078
14162
2014
31823
21750
11818
30099
37559
9182
12081
25314
37572
14983
38897
35314
22028
30392
26432
5586
18588
13164
26871
39044
34919
12531
15118
20759
29698
169
30957
38516
38121
30665
5272
8827
7303
4208
10367
17567
134
17368
18397
570
14991
23141
29586
24778
100
2992
12280
13873
19123
5512
16078
23695
31995
26764
30042
3758
19262
19828
4515
7468
18965
5093
20683
38909
37154
2299
37987
11073
13300
18744
28921
18463
37541
22089
24807
31247
14708
7620
16923
7476
24391
19772
11550
2591
24645
33187
39025
4146
2665
32601
10161
13170
624
20894
22922
33945
23143
25784
11281
22464
14635
35395
36963
2918
14281
8103
14583
24486
3262
20098
28087
16981
22201
11372
5310
31302
33487
34264
37141
21037
20608
168
7845
16523
15426
2576
35105
26664
28061
29020
8563
16054
38018
10243
30875
21377
24268
13999
15501
5440
3984
22243
3781
15524
8737
2622
22223
3641
2335
26088
33877
13395
5023
23244
30233
17137
9961
23375
13151
6970
14883
5609
20184
17596
12638
270
19841
30627
2036
2233
6975
11970
15641
9303
15051
2019
34133
5082
11853
8220
1557
30738
409
37116
36874
4735
12328
2570
37030
16201
7483
30006
19303
986
18439
38392
1204
8166
33742
22311
26453
12495
7970
36266
25218
20197
31767
17940
24220
9608
1134
30404
10102
9908
26375
18636
3759
8320
19533
19956
23982
4097
17370
26719
28897
19683
6796
14374
17770
834
10879
10167
2486
10980
2232
9893
33951
10372
24122
10690
23431
6707
28835
12447
4231
19195
35323
19634
26142
30100
14156
30505
17593
37263
18795
24146
30760
19578
10376
12990
2114
34607
1238
5754
29930
25706
17551
5540
9175
2059
36993
18560
37375
4182
37229
26873
12082
28958
19746
16492
9793
1000
23268
7767
21818
29220
35628
24845
12077
17565
25525
11757
21071
1113
730
14801
29938
34882
34896
16305
30069
21039
21201
3306
12010
26967
29734
20451
18981
618
7291
24036
5319
610
23770
625
22947
5489
20605
20657
8366
7089
3585
16869
25214
28648
166
22950
24969
27381
14049
36961
10189
21630
29923
27699
13787
292
4852
15042
2803
37839
34770
2307
36136
11586
4603
21900
5907
6765
7659
7799
21544
12134
870
17170
38512
6388
6662
19264
2325
11601
32987
34859
29615
37457
30843
30953
14329
5016
18437
39028
23230
21091
18096
8063
29717
34268
16973
30328
27756
37829
22037
16500
12435
15246
28393
31573
18656
12146
37833
37248
37495
8142
36757
18351
31610
5899
26242
8725
16407
3438
36095
4948
14248
16419
36728
34630
26507
34870
22990
23133
33560
30633
31966
10194
12763
16578
31431
10057
31419
194
20943
20599
37624
36239
38445
17432
17436
9574
33811
32449
2700
29326
31445
3201
30755
38400
13644
26105
20017
31746
31749
22148
6871
31502
21327
32385
8109
16997
32733
20672
4238
11836
26089
36798
5346
21573
18061
32598
9635
32190
37744
5381
37869
12183
26194
20478
5202
31918
5111
39047
2428
4823
10719
10034
14285
29204
36500
30508
13189
29891
31554
21429
1743
38112
23449
24665
599
33378
31759
35136
26892
25975
38822
25182
17149
17084
38906
28382
32496
10187
21895
26035
35249
10049
38159
38513
28597
12158
17630
3117
1608
18489
22181
34507
23717
12038
25996
39114
11997
24477
24187
14822
15303
37288
2352
36887
26700
8755
27622
29246
3198
26497
11595
28447
36372
12573
27814
27270
11942
3407
9610
37630
821
25450
18870
19126
34369
2679
26657
26115
12255
14215
1990
35510
2132
30656
26284
8254
36469
23285
26665
30017
26213
16347
16826
37253
34342
37906
30841
12030
9339
30838
30775
36243
37705
11598
10072
5364
30898
20829
24377
35148
17720
26098
1173
1234
4524
36894
27966
27917
6574
9690
24083
9048
32474
1807
5712
23062
10366
20954
13156
1767
10493
16785
34399
21361
12834
20319
22269
14815
1749
19863
30478
27639
4709
14745
37663
6748
14068
15289
7849
35833
6427
29000
1684
37112
6050
16397
4446
28602
39008
23516
7969
29921
20088
35641
29302
193
15804
31494
37528
7105
21825
37803
31288
29889
10843
34560
1483
33087
7301
2138
36271
4366
22605
16423
18283
11962
21141
28900
5513
29499
26831
18839
21995
32469
8331
1088
37481
28700
20961
27577
10033
17222
10871
11569
27866
29639
34127
15451
13443
15259
35140
6221
38858
39105
24155
10379
7349
3292
10412
20329
12340
34282
4119
29627
26626
8971
12552
27625
30019
36395
17039
19902
33712
4921
15069
23651
1894
36956
18706
7155
24520
38788
14918
12720
14115
24226
597
3828
5172
23090
5961
13410
37534
21261
5030
15907
37199
23823
664
17697
8615
9201
10958
35709
5802
27755
35093
23590
26850
37649
30868
33197
14145
19789
34712
1047
9097
17099
15646
19250
12839
33917
3082
34358
11471
27767
34524
30651
29100
5501
1603
28216
9601
4404
9917
30556
8083
31798
31384
23716
12130
34823
26640
13105
4667
29989
25596
27475
27072
13576
25832
38192
31208
22687
19943
25322
2511
22263
26488
35511
17082
27600
1537
13528
34058
5954
926
17990
28156
20022
2086
489
340
14186
3790
4575
901
6441
12613
8477
35760
5352
4334
28107
27266
33623
38271
24927
17957
5443
24939
1527
27202
20824
606
26157
3004
29465
21383
4577
31812
29285
35430
38872
27759
2789
1500
23319
5695
35085
36730
36312
27861
6834
12996
28824
8858
741
4641
33462
9012
32481
16942
11690
38576
14484
6621
3667
37240
8560
3567
12131
27632
34010
17238
1344
3274
37994
20035
496
30145
12828
25481
23841
31176
4101
9860
7755
25734
29527
36913
28722
1405
24229
29718
8089
1228
24026
10283
16387
7942
11921
3294
36300
12287
34802
13244
20505
18608
32859
13943
5621
31658
10515
3704
20800
8093
3138
18075
20086
29879
22249
34260
18862
32534
11923
26539
12559
23914
32929
33492
27522
10364
26414
4289
358
16563
21524
24864
9239
8944
3784
18847
20952
24873
5431
17042
15116
6588
4857
31733
2553
21779
8783
2186
18065
8907
22227
15699
31947
37202
16976
33838
15323
37135
1273
22442
19984
415
5526
30932
16905
336
34940
6763
22728
17971
27582
35042
17500
6500
4977
34645
7686
9062
3391
27743
11051
23350
18121
18551
21626
27945
28327
13084
35596
18958
23821
15578
5682
5196
21977
37851
14444
29945
10612
30903
3123
18861
16908
8854
12627
4824
11604
15436
9922
12263
19858
36879
32327
2176
28413
34966
6224
38052
7508
15247
3624
29669
17650
35366
39106
33514
11365
35693
12951
31342
7739
34714
14819
2882
28770
7408
20315
7104
38707
21918
11960
29749
21542
25780
17029
11966
32909
28699
10733
17240
4480
4179
30794
2812
22429
21637
33303
17563
32490
28360
37934
23135
2549
37798
11443
18415
5749
27858
36857
16962
38429
12812
11868
22620
35772
28147
26931
3367
26051
7176
23726
38562
27403
31686
26747
29822
1414
25264
33568
34240
4559
15137
32827
8529
5356
16716
17218
37272
19085
4088
8507
26586
14233
11440
38069
35416
22456
18385
32340
7744
39001
17304
8007
14053
15930
30299
9483
31293
17480
34419
31002
27955
11266
6646
25202
17381
1203
29305
15399
25638
8542
13093
3421
10827
32235
2947
11718
4469
3751
21195
4851
24305
17814
29729
6411
24503
6457
13013
39111
8054
24337
27111
19944
22985
13686
17549
32967
25705
9363
15429
18675
32119
10134
28249
6058
19474
5470
4092
27855
8145
22507
3403
33967
20833
27715
10811
10480
14574
77
4490
7581
24965
23014
38071
14993
19500
1792
31266
24428
21232
9088
22045
14869
5288
25788
33415
18640
25137
13280
35350
27000
12494
13884
19395
208
10864
31177
26468
30049
30162
401
15978
35289
2096
4292
16911
37369
5259
35841
15884
862
22112
13893
24862
38830
27562
22199
15406
18562
14003
13642
1932
16741
29432
9592
35940
33643
27687
34258
5121
27226
12674
26141
11125
2339
7379
8966
35667
1321
38027
3779
30901
32749
873
26797
7912
14982
37443
38871
11282
36141
35035
8968
30979
38785
12924
3392
31471
13857
1048
36360
6308
16599
14182
18320
23619
15484
15206
36975
7509
25789
36861
7206
12856
15610
10720
22556
33791
6067
30341
16566
6283
3586
26656
4779
13911
8494
11176
6675
25861
10924
38304
30962
19702
23205
37197
23156
13071
1281
30346
15814
16111
35389
8096
38432
19088
12577
29834
28074
34666
19248
7479
2417
29792
19118
15097
20012
7224
18040
35904
12824
11047
10389
33840
10597
30313
33790
17744
16650
26547
26602
23562
20700
31786
33775
27070
33931
24933
15606
18441
18071
2695
4137
21593
6096
38692
679
15157
15365
3637
29383
13927
6734
30745
30672
33654
3826
21971
34381
21703
18785
18268
28795
5100
6800
9230
34991
19494
35925
22483
27678
1887
8887
2971
26646
7879
35508
14054
23515
24628
19227
4165
3085
29024
33909
18866
33672
29404
17102
7500
23197
20883
12225
17212
24810
32095
38245
18164
9296
8905
29060
6697
10466
4196
35579
33622
8120
11628
11013
20028
6076
38502
19886
27800
30950
27006
7267
305
38335
7194
35497
4005
37842
22818
25485
26274
31728
13753
33352
6458
18267
8908
29997
31956
7293
32927
9708
31202
24948
15879
28982
4809
17035
3944
31701
23212
15119
21080
3903
16794
6795
25757
23668
22768
2135
19057
15555
11816
31490
38640
6618
37648
24673
3933
30413
35624
30457
22603
27138
24114
31958
35078
7063
18748
28726
15242
6833
19149
20536
26393
36135
6449
36158
36437
30146
9898
8261
32563
13663
27120
820
33183
28908
32004
20684
29085
34981
8368
16027
8802
17440
22444
6576
16290
29011
4129
8619
2798
8324
31740
22046
31778
7036
25271
3090
23866
10127
13607
3733
18877
35769
29185
34130
27212
4540
26597
2043
36936
28220
28827
22789
35714
12693
36342
4086
1989
27288
3040
30639
17362
14958
2485
30387
36193
34175
10091
37161
36791
8696
20173
32326
28363
25512
5473
6315
34329
6129
22884
27707
5034
11029
827
38592
3676
20493
3177
37645
14173
38602
242
37909
29759
9569
14420
15295
22173
13385
14522
30116
14130
14389
14528
38586
21758
22233
23554
7514
9923
18191
31913
36032
2445
17698
15036
8961
38435
33549
30032
11139
432
17125
19808
37018
6893
32659
20945
9519
6000
38356
5227
35648
36199
27910
9894
5320
17344
17026
16360
35732
11165
37258
14969
17076
34853
25131
7553
31280
30880
36883
38132
4966
5746
10620
3353
6341
35156
27352
36034
35793
9694
9404
15485
14904
30716
25630
302
21545
5744
15988
30938
2251
10600
10491
21465
38521
27279
23954
12826
1099
1198
13291
4877
1982
14667
18221
22623
12551
25646
25502
9567
3899
32100
30319
3943
32912
31482
22946
10221
37434
14594
119
34492
18925
1542
714
6622
11699
32824
19063
26604
3500
3891
7055
9723
12805
30027
20742
8999
20362
17863
34360
36577
15174
27487
38817
3034
4006
17414
14213
6785
5219
13815
15535
22485
32473
35344
29290
17187
25380
23066
25290
81
36992
16018
2883
29579
36922
30289
24961
24352
6222
12192
645
10812
18616
38005
6583
25138
30873
34814
20059
17576
15596
5602
3497
25199
25358
6513
2084
5282
36957
7512
21694
37814
24893
24978
11775
1202
3223
