21961
29405
13493
4118
8200
35407
31845
18024
22557
544
11593
27071
37191
12874
31202
29916
29471
9600
13264
13623
24787
6056
38676
30924
32004
24720
7670
35461
37461
17812
13005
29262
18900
23103
8390
19284
6610
2180
36751
29140
38981
32669
20858
4676
38105
59
26132
35327
24880
35944
15843
31648
13112
20064
37790
8789
9162
10006
22048
30178
8218
16043
34291
26421
12740
35172
12822
25759
17519
2776
29317
4968
30436
18749
7891
28756
18126
9670
32968
15992
37779
31073
21134
26307
37354
11911
30127
2079
19365
15870
23190
17292
36042
12544
25683
2942
10400
32626
29160
31485
29036
5559
20295
19909
1881
23299
31424
31100
15089
36669
39000
13790
20225
31348
10445
6447
11380
15700
26600
5561
8925
29867
15107
4507
4249
33734
14812
471
17672
31293
8955
12332
13475
33848
10517
38859
23337
25568
10664
39114
17998
26003
1995
35446
16094
1564
10434
26508
8879
35040
1626
26162
11583
3923
3985
4288
27254
23517
31136
20020
21400
18994
36971
13281
33667
38670
29350
7858
22505
21604
22315
36295
33045
4815
8778
23423
26650
25703
464
441
26256
27718
25492
22020
18722
12908
137
20650
6961
7315
8193
29478
19681
1166
30767
33208
30839
12498
16673
37600
25912
8237
27853
32150
2374
25181
19403
30624
9227
37334
7559
32865
30283
8976
15410
4306
30081
27999
30299
10154
25973
7180
25935
15562
35977
29092
3866
23182
1656
1835
23036
329
5906
25339
9369
6199
3929
17029
9159
2718
29222
634
2873
11433
25714
33083
32816
23002
33460
13616
26556
10178
23655
12793
3678
30238
33145
32288
24737
24055
3645
7846
38149
28681
13604
10282
5112
35261
11749
7989
10651
4957
12305
4258
20755
240
32736
35943
6942
10576
26841
21624
36132
475
9646
22353
8557
15830
12614
17563
3919
9449
18325
33724
11562
13469
28537
30519
1758
18448
11890
21426
26053
6091
28942
25256
29292
11023
36793
37725
28684
15546
17186
650
14543
38434
18929
36335
15549
20552
28398
3256
3470
33950
8889
31859
17830
36602
18127
31014
37121
16002
8769
18953
20609
27263
21810
30909
9732
13655
38090
4894
8150
488
11013
22953
13756
8476
20351
925
31420
32113
18412
2498
33440
4319
28824
28814
1743
19105
6807
6551
14252
38840
16318
430
23665
9081
38720
32240
38241
21351
20678
30959
10785
20340
14746
1516
10791
36158
16462
39059
11658
17987
9806
7917
8581
16519
29972
14946
25507
27998
11073
4910
7711
17870
19716
10693
23062
13839
37451
5745
30601
31019
37663
38164
24674
27248
4367
4694
9727
24169
3273
14393
1013
19710
6542
35119
7393
14207
11026
17284
34716
5354
27399
38216
30170
36349
7350
21808
8314
18642
26634
5233
6018
359
8699
31020
795
17340
25554
32685
33603
21008
3224
3043
26459
28220
28131
10645
25176
615
7301
13862
8457
21620
23861
22920
12934
17706
8855
25296
3149
29245
6098
4272
38842
19091
11707
32280
37847
25833
34621
33612
29129
36634
33442
12035
36495
9063
3684
10739
24770
36522
36838
10701
26410
35438
11252
36479
19915
6998
36499
22873
13394
38506
27543
10033
12013
16243
27221
6044
34447
30522
27235
18551
28727
33580
26481
14325
20421
32050
5309
22785
4844
6244
29415
6523
19954
15670
22442
5481
27377
13063
11045
35480
25242
7871
26411
35996
11007
16379
35894
21323
33337
30126
37656
17990
1976
10829
7077
22689
23637
9035
21376
25334
9074
18414
17107
14611
6895
26683
23485
27287
9606
24557
28066
17553
19076
25036
36476
36700
4792
38254
8002
18279
6748
15379
31360
4567
22990
19736
38940
36675
7854
212
31959
4373
8278
23930
38424
854
32430
10786
2379
6475
11515
33174
38459
22571
25468
11439
31630
11304
16384
25675
36235
660
24933
17762
2092
11204
37029
4282
9008
6899
5368
29689
34679
36330
12667
2371
38920
19854
22299
26046
11577
18949
38369
9024
12808
9753
852
16268
10678
27218
18051
26203
24745
24281
17661
7876
31695
2687
35767
27917
10787
23989
24831
38320
24638
25969
10502
23376
14987
8876
10940
6554
13177
29872
23437
31029
10331
10855
25908
19616
22031
18874
8599
20275
8766
4900
34327
20094
15153
27460
15584
10562
25164
5128
23232
10344
8008
8567
34482
22103
7257
5074
15394
9501
4318
13181
24939
13971
29379
17452
31748
31738
26548
37696
3244
24927
29230
35297
6063
26266
32578
22968
23913
2058
5650
18173
3133
25075
7613
33301
8733
26504
19410
14047
2224
14055
14702
19723
38598
13411
6330
4440
32673
24018
23285
37739
10880
3640
25294
1432
803
6900
32826
18420
20124
28176
14370
12928
22313
32671
16956
15764
3473
10093
28307
17261
23746
4829
23526
31470
29530
32935
21919
20894
28426
33958
10337
37850
37421
37695
35178
26166
15597
5305
36259
3003
18428
20797
16720
9631
34973
26728
31683
15052
6170
17975
20941
31893
27955
2531
27179
28623
18814
18531
5950
18307
38615
31176
4735
16894
685
36852
15083
1873
19310
28511
17647
30678
10617
5943
7571
34807
16649
1651
10744
8181
14071
27726
32034
7914
8190
16618
32566
39100
16434
34119
14514
37366
17302
13480
30776
9551
33525
29813
219
7149
26673
30551
2155
38686
17547
38378
9683
33748
12294
10193
12562
3091
12644
32051
18374
33059
12373
18569
8113
20320
38988
7514
9140
11129
38136
11461
37128
2432
20471
16418
22278
28653
31701
25129
24835
8615
23307
27141
34875
11164
16994
26457
7562
4657
13732
8833
31063
31448
21801
37082
3488
6039
23033
15246
2065
12983
5374
4382
25037
17064
21362
23361
20528
7168
23638
15128
27574
24845
3777
10969
29739
32851
4406
25089
1465
24121
22026
34703
28476
38393
27175
11628
29241
2120
30511
18
16773
6401
18411
1721
2000
9762
34289
37017
17293
12636
14790
29937
7570
12838
21666
18294
6530
1482
2573
35085
2340
18323
35668
1411
23767
38740
36013
6672
12251
1998
1198
3973
8163
32797
29570
4857
19730
34711
34409
14604
7244
32732
22694
2881
20404
38822
6445
29874
26585
26255
31335
5400
36385
12260
12168
19418
20916
1307
6878
25202
10495
10360
31087
31308
31529
7591
16436
31006
37646
12781
33109
21943
34458
35214
12600
25566
450
27706
20954
11228
12734
20130
7144
31604
29290
13446
30159
8517
8577
1966
16997
24569
34233
13114
30785
29685
37521
16069
1131
29398
29985
6985
14319
19588
2979
14052
9214
20454
7440
11582
27831
35696
29198
36741
25469
11697
27172
20700
44
7095
4227
19502
9676
9782
657
5254
20480
12993
30367
29755
38798
26528
31163
21936
6487
33877
1317
9613
33464
27557
36588
2235
37833
27383
19093
1776
19782
30703
12536
6489
16290
2174
27509
8652
4679
30988
23875
33798
12605
14317
11888
29189
13878
16642
37547
5603
36926
25694
23626
18673
15519
11521
5021
20469
37078
2662
35072
7379
18470
34248
11209
30919
13523
14519
14559
31324
1199
27117
12735
32958
24220
18058
30708
3147
19913
25240
45
5898
24366
21095
26284
17791
19744
34529
13386
37377
5020
34706
15867
36585
31647
14340
17526
15161
19511
15296
21180
32402
21007
19776
17813
18870
1095
2795
35251
33973
9150
9454
23459
20724
5435
123
5154
14209
10383
9188
33638
6838
24662
12707
12422
23180
32405
29147
38706
31017
28838
1447
22710
15477
26146
11630
13748
23790
10357
3438
6353
18315
37799
19536
6126
32093
28984
25504
36046
19501
12212
12450
19495
8054
8033
29387
10965
3349
30932
35288
4280
20625
2130
1718
37318
29521
11474
35783
37102
33569
2083
9602
21528
25980
36871
35635
13326
12462
12181
20962
7520
3088
29061
37014
36897
10593
5032
37898
22343
35061
3358
3636
24012
33540
15581
26940
35175
17595
23472
25383
6860
12903
37730
37287
827
29958
229
19582
1151
17842
29846
10052
34268
3004
2263
31236
27403
18943
37209
9954
20116
23433
2047
4239
18967
34367
8082
27823
6841
31597
9685
8387
25185
27256
19518
18254
14900
31514
28633
13540
2605
287
29336
24320
13675
33571
28348
29857
23830
27054
3747
20297
19173
18514
18004
13298
35129
3552
8948
13686
25884
22649
15611
2623
5684
35972
7387
21960
36306
35458
9526
37133
32213
34464
32215
11139
37326
29443
25906
37575
1035
747
18140
6045
4929
38515
32002
20540
29664
9398
20067
25366
10231
12792
15836
27346
37866
11091
33423
24870
15953
34171
7486
30048
3704
33429
22489
23600
19286
25398
5880
37282
28533
17508
37011
3824
10590
1304
29083
153
26738
20009
12142
32995
31759
21573
23053
35289
4760
27199
8504
8326
9117
7569
37965
2060
24715
26930
15163
37241
34225
8301
34314
38300
29756
6495
28542
38631
8356
2433
27769
34657
1968
26963
29942
1373
6980
14485
26159
35357
10315
13179
9911
11540
11368
589
6385
37173
30608
12246
16292
3774
29917
12736
2140
2547
345
38722
37876
9440
5986
16503
15404
26547
15159
9263
3212
30117
8449
26100
8077
6798
2744
7487
5241
11248
18764
4554
36977
18529
23837
931
35706
4263
3717
29011
32331
26431
6589
10146
13810
836
15048
34494
4776
25803
13012
30762
37952
16471
4265
20641
16305
21004
10606
165
28631
38140
9235
5501
25121
28748
21581
23344
27402
18976
24268
7749
9080
26717
31345
16625
32313
26958
10758
32016
34613
19295
16636
28115
6588
14875
18236
92
32067
16494
17462
19545
14189
38527
38003
37875
36379
27017
5468
2002
30209
31572
8290
2209
11255
38542
19719
10288
15497
10369
22085
16263
8547
15543
29742
30841
27887
30681
4732
8471
21956
4354
4397
14464
34872
13430
24884
20140
31093
34917
29070
18519
28483
5884
1237
14283
19134
38797
31716
37077
37197
25942
19167
108
31482
3181
13467
851
10820
31112
20615
35835
35721
34633
2642
21705
27446
798
19191
16084
32835
14256
30573
6361
3808
20282
15601
26119
15916
12711
31418
34938
21069
9938
32054
6208
21280
37097
36864
11294
30099
15123
1515
8098
32149
18623
27415
34744
30068
15727
15644
37301
26922
32899
29911
1454
9531
5369
13925
27381
11784
23663
36578
6110
6366
35076
23226
3796
3886
29012
17173
9418
34746
9090
19047
14218
17607
29302
36709
315
38401
10126
20917
1288
34062
33695
5829
24853
21662
14172
1975
20605
5744
12340
1467
5453
38044
1925
7769
25966
17254
20388
15848
9368
17335
30964
27508
32018
25970
30525
28776
30111
8003
31774
5816
632
37913
9020
34673
24587
27561
34911
21967
15940
24879
22697
21992
275
26461
35524
13580
21424
31946
26783
27233
21559
37662
8595
38791
4832
13910
33022
17043
30571
1276
9695
14667
6866
23332
4324
27631
8118
5713
32459
3264
18647
26349
38505
9748
23645
1354
28387
2757
24414
14011
30262
5292
7894
6680
36898
21328
7464
9379
29008
37397
30354
38322
9913
19728
6084
36004
14177
18102
8940
5534
15066
19174
37581
28296
18868
36240
11134
8627
17460
15570
35536
3941
7103
19013
35607
2719
38448
33784
38376
10281
15885
4004
35339
18861
10441
22386
14065
16968
24940
25635
21955
26362
27039
18464
21226
11344
268
20740
25730
34277
28961
30247
29649
24829
710
14149
10083
37812
2598
36923
3968
31175
19863
21465
8280
14077
30009
11298
36599
6861
5161
13390
114
25436
27318
16349
31092
34220
25107
14190
7004
14242
39029
18103
5632
17154
14069
20483
10698
23815
15147
31046
24786
28477
22071
9511
37324
20069
4690
31867
7472
14244
5444
4872
16284
38501
24368
29303
15271
27741
27629
24110
38373
1004
38923
21918
30138
28364
15735
1023
30660
11859
35186
2212
5973
5611
19886
9879
22778
16016
12020
7892
35481
34425
1922
15267
32436
16174
11243
408
8014
8202
9811
31215
915
6868
8750
16630
2221
5065
8470
6568
1176
28239
34121
37653
18459
35424
28989
29391
7538
23389
14721
25292
22390
4600
4766
1303
5691
37579
34031
34196
38772
30742
34158
27275
4372
14944
36402
23370
34836
593
31267
13516
9462
25598
7050
27572
30433
7247
5413
26390
38082
2602
10409
38294
3742
23168
17442
17086
21527
9112
31445
9627
1273
8813
25924
16954
5105
9504
24535
28151
11223
24955
36186
19311
22281
26288
5749
18853
15339
21345
24843
2126
32703
26061
13328
33821
9808
28027
28685
23164
20543
32175
9661
15495
3371
35384
17933
30865
17953
33925
32451
36432
16443
38229
5434
1879
11234
27357
16736
5893
36111
32188
14021
29907
20596
32308
26720
1955
37723
2312
9658
31432
10633
26630
5441
23465
34745
12515
31070
30838
4664
38073
35029
36882
34116
9880
20197
11099
9079
37498
37777
37732
31099
37513
28736
23940
934
27058
32593
15882
11715
19111
24182
20478
6147
918
38245
36865
9277
7347
587
33245
2352
8405
24632
3030
24761
34774
33103
17111
19848
26669
3416
23948
14979
22749
11027
7088
14945
5696
13256
11808
3797
24079
10062
2349
13377
23963
37649
28323
17027
25944
12504
4922
17311
6543
33873
23984
29881
23750
30833
32168
10616
28405
4057
15758
6759
12247
32920
16300
26664
15792
26095
14138
7433
11771
31229
196
12694
15391
11053
24325
2516
29024
13323
31173
16281
27844
22933
36995
23518
29630
10381
31677
17898
22360
3184
5030
20374
15908
9869
1676
37583
21924
29377
32346
24643
12641
4517
14049
35257
22820
14119
22840
26984
11554
27244
11229
19903
16536
20194
18151
25555
24683
5942
5185
9628
6218
25646
26820
11500
10851
5874
23315
34227
29553
1372
11893
20436
7016
13806
20415
30646
3019
10186
9744
15966
5439
36913
27086
17763
7008
14272
34047
12813
29274
3190
6319
22321
14334
16878
10509
18220
407
25384
34690
17623
705
23924
19272
37548
18132
8646
6358
22210
8060
21050
27551
1746
36405
28453
24582
25307
23450
38711
93
21373
14872
15824
8461
7675
1789
23766
20778
15034
1842
6879
20937
25535
15902
25998
4231
35049
3059
10939
1280
25136
29577
21986
17719
7039
18284
28359
6274
652
35093
27600
15838
25620
801
34569
10955
7556
9391
21846
36226
510
6094
14668
34418
9380
24570
16476
5248
9680
13792
9864
23926
28011
10789
18451
4451
22467
13391
21639
22499
24749
23878
6476
6318
24841
37906
12982
27110
9590
22068
37373
11463
23756
5570
18467
33017
17878
6033
7766
13743
31080
8824
38970
4031
21435
21046
19870
11338
7915
31044
465
20864
13191
13176
27519
6305
14718
29949
34096
24677
38293
11301
30435
11242
18322
9812
36287
7883
35509
15636
27339
34374
35013
33819
34451
33351
6450
18416
18879
11165
36460
27624
20987
38885
6290
15599
612
36575
13679
15482
34378
19279
20088
32684
28452
8444
35571
1802
10245
36816
26484
37024
18555
14801
34680
30611
36935
13196
19470
22259
36322
21038
1469
32988
6189
29062
35925
2127
2260
8375
24918
12473
23947
32514
34837
11036
22239
9097
31408
3979
5456
14453
6182
33091
2338
33472
28110
20082
36087
29327
7307
23014
10824
35095
14282
13307
29209
14386
26491
9605
37645
30065
37361
38337
32691
9826
16397
35059
8847
35080
17741
3047
33589
10301
10375
21926
34876
29824
3853
32244
28602
19665
37460
29029
7955
15571
38837
9711
33253
6293
2179
31862
11083
26980
3772
22981
2184
440
28063
34103
3120
16730
20207
12533
28741
16325
5066
6101
23925
17020
37699
32219
32569
11040
34644
28632
30276
12048
1817
1647
20612
17720
22329
7899
36193
7042
35210
9563
33704
22753
33363
37168
20541
24178
19951
37577
18365
15756
20822
24654
23035
21
12067
2280
29929
21365
7820
37786
9160
30338
1538
3601
23744
18689
19184
17296
12135
25747
25672
126
12946
5123
16422
33864
29564
12001
22399
9595
38468
19011
34140
33541
10831
20957
12468
38802
26201
23965
38823
24902
22972
35736
20416
21583
29648
5431
15195
17971
7065
37406
37885
3101
25050
6679
30719
7086
16571
31931
32855
26618
6936
9093
13258
30260
2264
30411
28799
30274
11077
13797
913
29608
14372
3673
29988
16147
26174
25898
25650
21880
17827
22776
37144
5568
38476
32482
11388
20168
13003
30162
33015
13859
35392
7555
14632
2584
29231
6769
30394
13053
33977
35598
2837
18415
20212
35349
26462
11019
28167
6175
24353
31343
26859
3666
12596
7552
20003
28
6367
30383
35478
1660
6324
18847
32557
13977
15968
37754
38991
28788
18168
9633
15234
26111
10498
24516
29757
13090
24909
30496
26011
31406
7171
34238
22579
3044
15513
8127
17422
15550
25101
22007
21650
29576
4553
280
7148
9568
36985
29014
9877
14292
24386
31550
16216
2315
26938
28898
13646
15766
26549
1801
33372
6999
25400
28707
6573
1466
33250
29941
34739
8668
28899
1989
39062
3633
555
31720
27636
3042
17614
6891
38508
3436
35017
30459
35615
22675
22877
9512
38025
18668
19601
22371
10192
6550
34737
19881
25177
9448
17069
8101
37479
35414
4653
941
31746
11692
20211
16599
9787
14050
18499
36452
22774
4691
20267
5260
16895
38249
15702
12607
1899
10642
25662
3874
36162
29099
26023
23363
38643
34027
4143
26560
19656
6395
27276
12896
2583
12406
38765
566
33682
31654
26688
31649
23702
17872
14715
8111
38470
13855
21887
20472
1112
27847
36981
11090
15004
31512
3943
25587
326
33264
9892
7530
2007
14168
7265
36772
16906
33681
727
26895
13088
29710
6943
12938
15235
36803
23886
3576
3026
24238
32438
30880
10365
14015
19824
5789
13032
206
35906
192
18352
3763
15459
4356
10480
33284
32424
7280
16226
16983
28456
21463
12170
12888
1473
17714
2828
38080
21225
1194
26486
36623
17371
13541
9429
9405
27352
9844
36470
29825
8376
28096
33528
19294
14425
25213
2778
18710
21389
29119
31603
3434
22138
17689
23625
1528
26186
16871
20598
29834
20711
9821
32572
2912
29359
19018
5771
5620
12943
39040
5961
1792
34787
24658
33985
20716
33410
27053
10585
30722
9834
5181
10392
31425
1627
9201
5510
14415
15287
7712
14128
1636
21750
32217
33699
32656
2272
27721
31126
23775
18977
27799
27743
22821
15227
19838
15095
28504
25234
31355
30757
7272
22512
21984
19875
5094
4622
14438
8302
20926
14929
16319
21983
13117
13682
9465
5210
38304
19071
2250
34099
17502
14802
1787
14516
7922
13474
21982
1910
7216
26059
21895
38561
27171
28711
11708
5588
37721
12343
2477
23254
35823
20658
24588
26346
30432
424
31731
13636
7133
12222
5683
20243
16358
16738
7458
2384
17628
22912
9094
8798
25994
22992
28310
1356
7942
4807
27851
7920
31225
18607
30257
27966
13517
2168
14716
9101
35126
38642
18167
25528
850
3127
5571
223
36038
36770
19943
20213
14808
16666
37773
25879
24390
25979
5937
28491
18610
28564
11966
5113
10624
9751
1809
17852
17511
3599
4608
34050
22904
8637
35569
32688
21040
7615
2754
23643
6726
9491
32172
27806
25524
27510
9057
20349
15790
14044
31828
32875
36624
13505
29781
2909
25149
19867
38329
11833
13153
21932
20400
27444
12890
21489
30121
14840
12487
21449
6547
35730
16057
3642
36812
2154
7398
37020
1470
15786
35118
24869
16031
2688
29897
36526
9848
34323
19678
376
9793
14414
20132
767
37202
15395
18190
8757
22040
24731
9184
29566
23934
27584
32297
13225
2796
12931
23457
5227
3
3054
33837
28613
20911
19288
19056
13876
21616
12043
14019
14376
33966
10637
18684
9338
5308
12060
18521
19325
26082
17879
12759
23116
9552
22833
13424
21272
22047
18143
25008
5966
35513
12160
17247
35883
19390
22703
33279
24460
1568
28384
6889
6714
18079
11920
3123
36436
10523
4098
29613
2998
28691
36211
7327
35866
13405
26899
5085
34270
14086
30569
31721
817
24930
27920
12604
12412
38464
16447
415
12800
9411
29034
8403
17478
37068
36523
10983
29898
22432
6732
28836
31289
37628
19844
14274
33040
5445
10668
4201
24409
3015
33896
24991
17996
34385
32130
919
38275
18313
34081
21930
24828
22729
19453
22929
35385
758
34583
2806
19101
20933
16015
19494
38368
22584
22330
31707
4028
178
20715
11098
23724
31004
3532
22647
24842
16691
28530
9471
6734
36612
10594
22096
18841
11925
6977
27849
4010
8657
9359
3616
2919
37485
27605
6640
5240
34930
20719
31068
6690
30218
23774
24010
13905
8856
36510
34392
20428
20561
27577
9029
9234
10674
34753
12196
25214
22911
29022
26826
32076
7896
933
15557
29522
15464
25725
18577
24119
4987
15386
28302
37555
33519
14407
32864
22308
23614
11856
6721
10770
12218
443
19045
20271
34324
6515
5864
17718
20510
28261
22898
14494
7404
24999
6449
7380
1853
37299
13272
29197
11946
36832
22451
36944
9339
28627
13894
12905
31248
2114
4126
30139
3161
5732
6877
32204
2995
36368
34419
10658
16727
14731
21372
25449
19169
34118
27655
36054
17963
14766
16847
5677
21619
19223
32727
5332
834
22019
15261
27801
15309
34063
23250
15679
34848
31556
20268
32843
15019
12229
18982
25150
13335
27949
10065
27106
8331
8027
7859
18203
14398
32895
2348
24084
31686
37497
9577
1059
3913
2673
12712
26015
17085
32880
1472
28288
36680
15168
10717
19717
3566
33434
32042
13693
16173
10091
2053
8162
24583
12378
23445
3096
630
17112
305
37835
21458
33028
16755
35722
28383
15903
24150
25183
11776
19370
32138
36058
7192
28637
8255
33991
6275
8138
15998
33790
34152
23564
14799
13164
29775
3503
35861
12542
3681
31167
27355
35877
14455
35199
12297
17869
34601
6411
29424
22258
11123
2138
13515
2918
15099
19852
36568
2220
24359
20899
12989
30979
16454
11169
9870
7385
25415
8140
37568
10016
12823
23741
28320
25916
13292
22204
31669
11489
36645
3158
4331
25389
19177
28680
25845
22789
21739
15044
3462
33909
34770
12231
13060
26067
33138
31030
18695
29760
33804
30317
5737
15748
32103
8299
7075
23642
25462
35701
26919
16884
4601
38590
28847
3806
4667
37947
4509
14726
26066
11377
13136
25964
690
6662
20909
2526
39025
8442
10455
12169
32778
20304
13751
20093
21565
35759
35964
34101
28149
37328
28036
30424
12999
29896
4947
14291
27394
14835
34985
31838
24014
27907
1924
21508
4222
22324
36389
1505
12649
31821
531
10998
11465
23018
24486
23320
21253
26503
8295
1935
27866
578
20432
6478
39022
7777
25337
8343
12987
28786
6249
11868
25919
31602
32635
27530
27687
29556
11062
27044
250
3809
1707
7489
35838
18263
7373
35993
26110
18763
11717
3740
38641
28195
29730
36609
19063
28500
27285
18012
26267
31287
16544
23639
22294
1596
36271
25084
26414
17846
22888
36019
5272
30032
11660
36061
33315
29516
31197
21107
7938
3289
25950
259
10224
1092
28281
24371
25435
2982
5378
9931
6093
9757
11533
34340
8816
15751
32450
25371
1716
13558
26136
33759
8586
29697
9537
4536
15088
11853
18457
23020
10145
3061
26948
36282
22206
16784
17334
35664
4449
25665
37204
35975
36276
10985
29431
19727
28575
6522
27337
21752
38759
13083
17012
16054
984
38610
28779
31407
21685
379
20239
29832
30181
31822
10030
13893
12188
11954
6085
9240
26494
27892
6976
11372
23140
36840
37701
29105
1
4845
1313
4671
26976
31221
35934
11430
7147
36089
9156
34675
32440
645
36704
12806
2389
16990
17366
4863
18594
9618
30589
32808
935
8147
316
17176
30604
34009
23061
26761
20770
3498
27484
28863
1086
28492
1679
14656
33762
37727
15067
18240
32909
30321
17823
33332
8342
32839
6873
8669
28148
2694
18979
15115
32725
30984
37411
31936
9914
29052
8946
11669
13155
22261
39009
9942
22248
29839
26591
35070
1504
15742
16189
16631
14750
26083
3563
7295
13074
27549
5047
11709
26555
6802
31671
16045
35228
18667
6031
22228
22572
15706
27463
6215
19468
29268
31520
23300
9384
8227
11370
10780
1146
25227
32538
10923
27085
10159
35395
648
14264
12282
32420
26694
29200
29479
16278
20986
4457
6986
8464
29719
21756
28340
20014
2063
26392
12555
34604
16000
4211
12691
7163
12470
35354
34997
11318
34401
6724
945
24513
28371
26211
24783
3632
32087
38168
18098
22967
30179
29448
6240
12349
21344
38498
26351
11811
2512
8674
6567
38876
15954
33349
18930
30100
601
22775
6760
33379
14359
15603
30153
12096
23908
22650
33895
35680
17956
28946
2094
12490
28595
12209
10309
10348
25552
11488
13280
36364
15439
38673
31697
4978
2015
484
26516
28718
33096
22853
24747
70
33872
15097
12959
33123
26194
10249
22841
21736
34182
10246
330
36484
1582
27564
16237
26487
37922
35469
21081
10397
3489
2113
28355
21749
28540
24215
4981
32553
30245
36489
25068
756
24574
26029
22073
28781
26214
18210
25099
22826
31818
25186
6708
19834
30526
22857
31368
11012
15504
18358
17739
6103
1339
25548
3639
7174
23478
10404
8731
28996
11556
33193
9205
24886
26092
29886
17755
867
32220
33425
26643
9370
18937
10271
11436
36272
16863
24856
26262
30625
34901
32059
33388
24364
9289
14823
18702
32710
26241
32884
19407
36392
12441
11272
17710
14137
32294
28514
38674
33598
33827
22546
10767
22879
3518
29837
30544
35605
8433
20736
2797
26934
32748
35785
38150
19405
13484
20052
18525
17771
20825
18036
2774
15626
7465
30555
5477
22059
21172
5802
37090
4858
63
9331
12104
4442
28672
7764
30698
20983
8974
31307
261
29721
34709
6682
32214
38079
38303
23247
27570
12856
38532
20084
37229
25048
33558
13409
11151
21262
27898
5979
14911
9926
38574
25110
5093
28455
4097
24667
14311
20988
141
23599
9017
27970
18699
18954
31958
10976
11095
960
24581
36475
34760
4881
30634
26295
11094
9011
19643
31589
26658
2162
30612
16986
35408
10005
4977
33562
32942
38458
427
17712
5701
34077
30422
7575
4738
15171
1178
15560
3658
24938
4697
6781
18786
25040
17466
375
24197
21468
8636
9190
7007
16579
18553
14427
1584
11416
30730
713
34887
15719
38348
39097
8951
6203
4672
36252
6109
38349
35140
13385
28203
38737
37985
37829
27559
11197
16551
8524
17404
6060
18406
31922
26998
1477
22319
36818
35048
9273
19036
35381
34058
7726
5682
17347
14399
33907
18476
38558
20387
30487
21925
12482
25474
9799
21258
156
18404
22145
30812
12929
1794
26655
13355
10140
14250
18660
26836
19463
34394
8518
1139
36616
18292
27325
36431
12589
26798
38343
33841
36941
9523
24691
37820
21734
21829
16381
6615
5
37889
29021
8795
13575
9169
12172
38566
30630
32681
22559
21656
1964
13435
38689
21159
4074
25448
17267
36993
16251
2039
34663
16009
34952
37603
35810
32781
38719
30913
1969
10732
22430
4687
28559
12045
36576
31524
28629
13192
23199
18480
21196
31330
6114
25828
10865
34998
11931
20427
33323
14074
37986
11157
24573
30749
15784
38363
37473
28033
27270
32508
18125
25774
11181
18237
14123
18621
30264
24062
2665
369
31723
26851
32519
21976
11814
9674
16896
11631
30687
6391
5756
3880
27312
4731
29914
8916
27094
11093
18672
15389
36374
24468
30340
20516
18314
23532
16500
12288
4904
34750
36127
10860
27711
17913
25480
13875
22919
8348
37741
15388
18802
23679
8214
39078
29039
9444
35477
1436
38662
33167
29554
38659
6635
26961
36778
25454
17241
31404
7207
22238
1343
13590
17489
33122
21461
32649
11415
26189
6338
3011
38613
22452
21275
4498
4758
30638
6901
25764
21381
1481
5399
36731
23411
31808
26578
8649
13830
21607
29899
21240
4530
20260
16707
21909
38504
3976
22513
30296
33398
15076
18566
15009
5289
20774
5340
5619
21023
3892
11391
34430
13695
20354
20181
22369
22221
38036
9569
23430
18068
34372
28341
2073
19976
34560
18330
39042
2122
6593
1135
13775
20201
24977
16291
11025
10163
13687
2616
19538
37818
33916
6779
9396
24983
24517
4964
23319
28656
28337
7271
20536
33248
14003
12821
4757
20238
27230
2654
33485
4730
29509
32796
35831
34935
12597
17212
6159
36841
11227
2199
18273
21243
19189
24336
23374
34197
3296
36391
5420
32752
20411
28222
34659
8811
34213
36384
3915
5936
23843
2632
8434
22337
33133
2011
8765
17244
20263
6183
274
7453
31333
24483
13952
27407
21713
15111
1051
10810
9611
36811
7193
4022
7262
35898
30337
30788
33511
21533
11693
36458
33456
32032
37963
7604
6069
29082
12409
35394
38106
36390
19761
32504
19769
13953
14904
12975
30246
16947
24762
34989
11718
4366
17749
26244
7785
17861
35344
19394
25586
4106
17060
33215
6294
1290
4345
22773
9822
26737
20029
38352
35111
34761
11534
32822
30440
11484
5255
6393
36592
11280
27192
19571
30236
22901
30831
20882
17291
12586
22114
31542
193
29429
18504
33806
3353
33386
10209
2761
19830
11952
30834
31440
25560
36591
13658
21478
571
36922
19948
1235
37471
14358
19353
27926
16949
6905
16567
25034
38814
3223
14534
16825
8337
15113
33801
3572
12025
12565
20881
8759
20226
8645
29904
26908
24717
4303
25413
671
4754
25221
5578
5703
33660
8483
25049
33135
33475
27630
35298
21792
13166
27398
19772
27634
6607
16674
13759
908
21611
15476
10251
14577
19768
1116
24140
3207
10497
19162
36467
6971
30615
27431
36130
631
2851
22269
32524
5323
16671
23967
22585
16171
25785
21601
7584
38057
19234
16378
7012
6460
19123
9163
8427
38361
22725
23755
23805
10386
23674
38800
31506
32702
9202
15055
38467
7685
2311
32154
17104
18181
5306
3507
21325
26480
17082
38608
4007
26324
16241
7340
19409
13332
37201
37307
7665
23119
12338
37709
38664
37079
35136
19269
17106
26396
11008
2402
24227
12331
21164
797
12435
19578
2684
13445
7140
34215
31288
23357
35626
12284
2780
16845
1298
31390
18030
10561
19801
17934
373
6674
35000
18589
22401
10846
26502
33733
2633
6309
37954
17464
17737
34129
21346
36091
2102
20173
26668
34861
22457
21118
24916
29858
16506
38462
17874
22282
6913
10240
4878
28018
19145
31383
30991
33799
20274
31801
21149
18919
35272
29048
2387
4267
13978
14110
25518
10653
6266
20979
7978
12572
16136
21931
25281
12580
37654
15332
30963
12130
31291
37783
12147
14082
15524
9885
38769
1715
18309
22232
743
7913
15809
31624
18834
2887
34490
38272
5133
13180
22815
22160
21397
9707
23612
32487
30115
36956
356
32585
5489
13228
21725
20250
10236
21807
883
14118
28938
36371
1661
19492
14732
31608
25732
11955
20371
34681
25170
22394
6604
1306
34819
395
8334
11491
23494
31819
13367
16067
24881
307
38158
38941
26593
38251
21439
32978
929
4972
20854
38888
25989
1260
11672
1845
7667
19921
29930
18671
21688
21256
9416
9516
14204
22459
29919
27646
16038
6342
12962
517
7018
22491
16556
24373
7545
37824
30691
7115
9845
38638
804
7331
30935
12836
956
8292
19576
18042
19520
38426
32628
23594
3834
17059
9265
31433
34244
28785
30527
34492
28188
27939
34557
37179
18205
5023
14735
34008
11898
25499
22367
34940
21883
8022
16230
24901
6638
19443
18462
24852
6793
9033
2612
29135
18640
30926
5006
26234
18565
13843
39047
11681
10359
9437
28796
2686
23666
24826
31994
22695
3006
22496
32840
10759
20288
24834
3108
10951
32821
9344
31178
15915
12686
19572
6613
31553
4482
29278
33816
26151
10936
4503
6433
35710
34145
24111
6707
34391
23685
30353
3381
26345
24798
947
749
11196
33742
28273
24698
13426
17492
12988
23072
1332
19318
31562
24864
36940
22215
16595
6849
37141
23584
29384
26177
26805
10670
12286
26804
13603
17512
31978
6256
13481
27450
17068
33544
23060
12266
1009
22288
1114
9439
31235
14323
10925
34395
11464
7607
10110
17783
18501
17149
13906
22382
4120
27109
1335
17803
15162
214
30556
7107
25131
18528
12703
22213
9115
35624
11494
11993
3695
22668
1424
6885
9387
13578
22151
4841
37563
17035
11861
28912
17402
20575
11114
21209
17686
13078
20518
18893
36373
15312
4
29170
12063
28622
3734
24759
32124
5956
17798
2871
17855
32351
29095
37510
10421
3262
32641
23129
14677
30408
37671
13441
4091
11084
35476
38058
36456
8516
22620
32493
21720
19506
12728
23487
25456
28950
15643
36314
12494
15327
11820
22485
25751
5116
9871
8799
1150
38998
15011
23484
27626
17419
1642
9964
36548
7962
11743
36412
4343
15409
24481
28739
29626
23943
9413
22438
32993
28372
20358
29882
6788
33959
10944
23353
12894
481
38230
37340
19337
13887
7127
15835
30292
2214
8187
25079
26814
3490
13747
28867
29381
16769
38955
23341
36191
20640
17313
15241
21169
8369
36880
27334
31737
28425
23348
15574
15106
4877
18369
33729
2363
8725
38801
13217
29341
11585
4734
17960
10752
33708
1780
26731
2521
24223
7445
3329
15496
34590
13804
19962
30658
22737
23295
35848
19254
24284
22488
23944
9183
6174
19756
37781
19764
17410
16765
38779
13058
21288
38795
24380
13835
13030
18873
33457
30381
11238
29010
27472
2577
39052
17179
9669
36671
25864
35184
25850
347
38115
34269
15907
185
14397
4421
1840
30832
7877
35097
10130
5837
34591
25378
7250
17077
30044
3275
28876
19046
16931
7958
2901
14479
34311
9769
13420
23783
8715
33838
26546
17832
24742
11769
28638
13605
26062
21219
38324
22984
27036
22719
28450
32791
11757
22448
21947
2110
2014
24748
17992
17840
38617
3814
35090
24396
16822
30623
26663
15884
34862
34068
18808
32666
1442
9242
19147
20627
13379
10463
28896
28124
1141
9148
28107
29528
34695
4321
28969
15840
6666
28075
378
8995
8555
37958
9151
4708
37774
34254
38389
28977
24308
20057
3468
36220
8584
33062
30021
10449
28022
26215
34144
4918
19425
5274
33144
33523
4049
22027
5088
30288
922
51
5048
23992
12581
16287
34796
17555
33688
29807
5304
22237
14482
15666
28389
35432
31598
29116
34331
23617
33731
15781
14809
4521
7457
33137
30598
8760
34222
32422
35324
19676
25787
15304
6622
27961
11612
12845
11187
22270
2200
16865
25168
26633
18843
5246
1377
32963
32528
8616
8031
840
14525
22885
4427
21714
34609
35844
31275
32738
15613
3872
28338
28123
11616
6193
33395
25821
17070
21778
29366
29920
12467
4813
693
14993
501
37172
38952
34202
14628
35588
26305
22057
3624
6146
8365
17777
23356
25219
19251
13221
33310
22561
71
14829
7642
9994
25063
1979
37019
22541
34822
31864
17793
13651
18186
10635
16729
36814
25031
1216
2883
24006
36937
8526
33570
14249
16751
2824
8929
39065
24907
22562
35645
17552
25691
21476
7629
26170
33743
15828
37112
4614
10598
1460
14076
29033
18308
18987
11481
12481
22174
36783
16426
13310
24628
11328
2239
21497
9796
34795
3561
1429
15552
19750
7528
6745
9763
10805
5770
7092
6805
33706
33345
37364
38029
20430
3300
11468
9634
5787
25556
1587
33640
18871
35433
29026
35319
7819
33516
38173
35148
13744
19366
6516
23994
26721
36056
30447
29227
15224
7104
29744
29655
1052
26437
4769
21456
17391
17002
8774
1444
1016
14306
9510
3365
31373
10024
8871
8058
9941
10621
37370
24499
753
10649
25483
13720
21319
19931
1149
35020
29933
845
20813
6285
38256
22149
18838
15176
9143
25171
27938
11072
28114
21765
28402
36929
19485
11361
21542
13173
16951
34024
21711
24462
28970
35443
38146
9777
14902
34317
6801
31449
12248
33855
29540
14870
18258
33162
29934
19307
16308
6187
15209
31222
11407
15530
32368
36686
486
2076
30376
30994
14178
19334
15236
27840
30206
15625
4177
12210
28805
19891
2565
12452
11588
25298
25206
11032
33183
24177
30298
3699
25255
16651
28716
12629
39019
12788
13784
3303
27489
28733
33867
12529
36304
30883
25019
10040
19986
17585
23352
23615
11156
6922
28318
11894
25237
15757
37816
6253
33634
324
26519
24947
5125
21042
23580
21466
7587
33041
10056
32663
11939
23420
23871
3720
10627
13677
26617
7721
19439
26766
6644
2362
19398
29586
31953
17888
11048
20638
34347
23870
33976
11394
13248
26419
3957
36441
1277
9278
18350
5106
34272
22979
28640
29458
21002
29192
6592
18894
35158
33256
30816
26807
11872
36903
35313
3574
7650
11126
18337
30940
12417
38627
10623
6210
17557
20300
16488
15510
14470
33933
27088
12415
32347
8259
35758
19876
38564
20316
23209
3100
32065
14054
28915
31613
12727
19766
16146
15551
32655
11178
236
23141
17135
24590
25563
25619
33093
30265
10265
8050
807
4791
15330
7864
18157
23952
18076
6261
7067
11348
23117
3803
12167
34558
6970
4375
31334
8820
26425
22067
32269
7735
24701
18435
10842
9574
26372
2924
10188
10483
17383
7630
12535
15301
9367
10194
9164
1100
4219
36567
32033
33995
26278
38263
1232
32251
33081
36121
794
36266
38516
30451
29633
13273
25355
10994
26991
21991
28675
27010
18527
16779
8935
36319
2437
4215
512
3377
8234
33156
6360
19010
34125
38549
35514
13940
21981
23054
482
10048
18290
6390
422
19949
7503
34014
21937
927
27409
32433
18828
11028
13048
6947
17139
5675
11236
4784
28567
23277
25968
23364
1972
37726
32615
32455
30076
18454
31322
20218
7897
21546
24509
7770
34442
9802
22327
23560
24355
15726
21876
36139
12192
22590
16818
9365
18507
855
30289
7987
5861
13027
17660
18289
863
30826
4822
1728
32571
15825
36514
21823
7259
37552
264
19970
36281
34043
24040
11153
4852
17249
13169
22320
23525
18746
20509
30819
3934
21783
2620
29860
31490
9232
5211
35018
14680
26970
17089
4398
24885
31410
25173
23522
31617
24851
5845
19290
4673
23326
39011
18754
14342
9525
16952
1542
12458
25153
9872
25455
15268
25362
6829
21378
17449
18503
5796
32509
14526
23680
2535
16856
21973
31394
21485
20790
9393
998
32975
16271
13054
29784
30597
7788
35797
31971
34444
33520
10419
11720
24193
25638
22952
23342
6747
34185
6310
18300
17181
30974
4023
22359
11560
8460
18239
17941
19203
13734
2897
28354
10474
2351
35062
12830
34602
3325
13818
12569
5002
13892
25154
3898
34897
21933
6128
539
37139
30914
35712
20708
19009
31628
9014
10729
31377
7971
9078
2285
29609
20734
24256
28198
37493
11778
31021
17655
14108
13039
25807
6234
10828
28368
7037
25314
20835
13290
27657
31797
13563
18701
2576
11663
67
3039
8614
11108
35822
29030
23820
28810
31874
12105
28635
27496
14687
34041
33771
29514
19015
35151
14878
26143
11800
25127
15397
26657
2145
33328
11365
17034
27580
36210
19466
15589
3659
13113
29810
29483
16584
13146
6129
7055
2276
12354
38806
29663
18055
34912
6192
6552
16623
1553
33919
33322
22644
7283
38625
24681
12089
4587
3831
23309
37207
21215
29915
19594
4558
31760
2563
38926
26397
23932
24410
21057
32637
11995
32925
32053
15284
3758
6602
37766
36748
11558
28973
8506
28764
14554
33631
7597
37689
21496
10930
17322
15166
12479
4637
3527
15277
3760
6130
2509
25876
22107
13116
24337
2129
27685
7443
13573
24594
28730
14489
31300
35692
27586
10131
32469
5276
31842
8818
19277
22397
10869
10685
6967
24923
18346
24925
23171
18557
9798
26918
27133
35044
34929
16113
38693
20285
30973
20787
14770
10101
30676
17702
29282
18356
34445
15005
31301
28133
29219
2814
13706
564
36244
24682
21066
33086
2729
15366
13463
36917
26725
1152
21874
5656
14228
4241
8723
17439
24623
31561
35028
22943
13260
30610
8122
37846
14537
6822
13274
11188
33230
11404
684
37358
105
27169
20839
2082
13864
23646
10011
1272
15612
24996
16767
27269
10707
11902
23097
4391
35507
23808
16411
1384
24159
31476
2872
12444
31902
4347
32589
8724
33886
37971
1053
2335
37239
14960
13842
38682
33730
27457
15248
26690
26096
5723
15221
9422
35444
34546
12
38900
26571
12608
14982
32349
15358
28937
687
10198
37465
27262
25569
37372
2732
36861
25327
22681
26369
31083
16368
9847
25711
38117
23410
5929
11330
6668
27474
34398
17945
36740
35005
6984
16973
36908
8806
32536
5596
20178
32132
34588
3276
29506
17092
10874
25405
23971
4680
26913
22567
29465
22253
36262
28663
27426
25453
20437
27267
37702
26099
21622
29132
3318
30466
25230
35412
25959
17307
938
33270
37821
