22631
33570
6028
23078
30404
23163
28921
28083
22618
12311
21224
4393
4787
29865
20866
1100
15924
4995
28998
28629
28613
23254
8495
7332
15803
27220
17839
9520
17084
16754
29085
6738
11430
5283
6499
26171
23167
32748
19736
12171
2948
32340
6346
11002
30135
10807
30452
149
26202
11050
7806
17975
10002
8344
2653
34590
31864
2965
8523
20264
29804
9802
17529
23774
3113
36375
23618
5234
13080
34420
22085
25822
34080
9771
35531
3874
32007
5883
34394
36680
14324
27434
1919
6929
37945
16031
36189
18837
5882
8525
10261
777
27981
37166
36176
7803
7060
25116
18416
5019
6469
32746
13356
11416
2780
6595
13989
3833
36529
35661
18451
16378
33052
35077
3942
20498
24346
11298
8294
34724
36017
26251
1915
28342
20369
18471
24970
20346
30793
4942
36178
14064
9002
7382
3804
32711
13731
14300
22063
9417
20804
31170
22306
5939
20744
33610
12200
10977
21385
6933
29087
34918
33929
23660
32034
12152
8467
15689
31019
306
25843
10516
9581
71
6263
29379
10947
10231
16613
4933
31197
2448
13528
9224
9361
33151
29719
21574
19963
20388
2600
1471
30318
8996
28081
38405
33779
6579
1980
34627
3006
13741
20486
36643
5515
5184
15747
33019
10447
13674
1094
11030
11037
36754
34681
16044
27053
38293
4450
8365
34375
24064
8379
16589
31316
32760
17550
13383
10827
35449
33410
13488
34822
28416
37565
26527
735
35938
4409
34373
7359
38867
13763
25585
27705
23314
10222
6504
24973
15119
28887
3974
3840
32807
4392
30824
14493
25521
22934
17648
27786
38138
6522
1564
14070
2279
38223
5814
17704
2511
11616
29859
598
30940
35739
33088
4990
12498
33608
26484
23737
38110
10094
26112
19778
34406
23871
22220
13967
31537
27831
32469
7201
22643
8712
17274
37838
32936
32576
16212
23459
38903
36337
22942
18154
31973
8928
13053
1097
9110
33102
33735
36473
21102
26204
12023
37817
33184
21702
10958
3028
5889
37003
23960
20066
29858
22206
13325
26091
31313
29863
31786
18146
29371
34945
25602
4312
14346
36918
32396
7547
10030
10507
4519
9957
22398
29942
31678
11774
4936
37635
6814
28675
16242
22918
30349
35902
32610
4456
31663
14108
3887
37290
35626
29226
36782
16550
5106
16831
37746
9119
22652
17517
8735
25794
11010
1092
30233
8804
9123
13292
18395
34732
18105
18606
10361
7018
32953
25112
34584
3727
38996
38844
35364
24249
19808
37785
21457
541
8265
8010
31409
18627
34227
37065
31900
34629
23437
8078
25962
10632
21071
36069
37446
5192
13606
13732
9347
25541
31728
20778
20005
26489
34438
5341
38088
14936
8204
6423
33927
28298
31655
30770
22113
29617
27870
37079
14080
31524
31449
26498
1296
17199
25854
3395
27698
6599
31856
13301
13909
5357
6161
14033
22560
37905
21707
38100
25233
28242
18504
22300
33275
31910
33472
25712
4043
13243
29573
3111
7851
15500
28975
37529
37336
16099
2407
16223
22597
15970
25808
8009
18303
2302
3714
1833
2663
20292
14453
20913
7067
34033
16641
35141
16920
32094
21674
23055
29303
9894
22972
32171
11583
38856
14591
503
253
4744
8357
26013
10684
5108
32157
15652
34607
33140
7811
9915
13514
26254
15983
21296
35165
35790
6232
8484
37053
6358
22916
14727
37229
22434
448
24856
8217
25600
18991
1718
17420
6664
12470
10763
29786
14143
35133
20665
289
25480
36490
16879
23431
14358
30120
15887
16994
14913
4896
9702
33946
38506
31442
27890
29563
24190
34221
25452
24686
35187
3732
20584
463
29478
1190
29249
24186
45
13363
29034
30754
23454
20468
1684
26608
3029
34217
2846
25925
3608
33369
20200
6064
34179
17039
20229
2507
19223
7296
10421
17185
16736
33116
4302
808
13118
13194
16683
14833
6797
35804
17682
28769
8585
3670
38627
38213
12307
16889
29244
33409
16105
27347
35783
11846
31619
6068
6293
16130
22368
5433
4236
25440
15870
23039
21789
21565
11356
7213
26757
9407
37940
25757
6463
15104
17853
31672
38150
14898
9493
23098
32268
34341
1351
10035
21437
35870
23631
15622
33612
10913
13705
14369
26429
11204
22271
17072
18069
5735
35644
157
94
18660
2857
18835
19079
23130
5335
37474
4553
8016
6289
10157
1415
10644
31587
37929
21684
26024
8795
1012
30477
6925
8402
20048
31511
30616
37912
34327
37525
32440
923
16902
38322
339
24798
4734
4569
3653
15252
12144
30259
2694
28520
21499
30988
21195
7744
2840
20676
26381
10014
31754
12073
25902
6758
11043
1736
28711
5558
17899
24530
21020
19359
17211
20605
3837
10357
31444
9523
10363
33672
11584
3108
21934
6158
1591
21876
14229
18648
16725
7898
14605
10161
12108
35152
27235
11726
28457
20975
16301
16738
6658
29676
758
5582
21363
11512
21318
7495
24529
14277
4213
33289
23061
21659
36901
11414
3489
36562
12420
32815
30156
20597
17543
7302
24042
31482
35387
18201
9429
1955
6274
29715
36931
1583
38316
12558
8100
29363
3765
30100
32958
38913
12418
6946
31553
7849
36747
38105
16495
26696
6119
14307
3255
1593
4262
18552
27811
2996
22856
20990
38261
18206
36789
33636
17622
37884
4737
17411
38950
13367
23458
22455
21631
12771
28513
37409
31350
19795
5518
8211
4701
14037
39005
2624
11844
34294
29763
7420
15909
12312
28199
39090
21468
7022
16707
22578
32215
34991
14366
24932
17205
37768
35385
25351
34419
10531
906
11857
4653
32632
34754
26740
20764
36442
8846
32910
178
21867
1286
16306
10622
36010
31238
15208
7226
5831
19260
25881
667
1341
8289
1951
2892
9097
10149
10967
35906
22344
18134
19232
14743
30887
12640
33552
21977
38085
17351
15145
27013
23941
37422
26809
36289
11494
24083
19404
21131
17361
23763
18323
3340
23728
24242
38594
32412
5188
28254
3671
12522
30984
24307
34050
27080
27657
9044
20823
7095
1218
14859
32847
20881
16545
27527
13969
28267
28679
11967
29068
6871
17686
38620
34267
20441
28994
14257
37969
36591
21580
19837
35785
27218
38202
32376
8798
36198
5099
8514
11691
6489
6280
19657
15146
9365
2199
2991
33893
29596
18009
18628
38757
8255
4263
35367
34981
24056
16638
4256
13028
12128
25819
37794
34750
10505
2763
21619
33112
2258
14696
32896
29449
37302
16222
19744
29930
14772
1821
29167
13217
27974
21095
12941
31576
11576
16914
21308
15948
27025
24846
33291
29833
790
525
37436
22663
1451
18144
13202
14289
6981
6362
23797
12599
28964
3826
28525
14459
34558
14028
4651
8364
9787
35379
32248
21446
25969
3721
25049
27726
30204
2514
28948
6692
35958
19507
20473
38973
28545
36625
10034
19216
18511
38789
6762
8548
7950
31205
34088
17701
35863
6882
33110
5864
26268
1956
25603
28011
37444
21120
13881
24746
22146
17168
25998
9526
35277
239
20630
12001
22641
26555
23686
6348
38922
1832
25255
18860
33978
18080
9368
22288
20510
4952
24452
25454
7796
1217
38143
31874
6063
1771
6538
36190
8713
31286
18372
1319
23898
10541
1102
10136
34801
30508
30470
16345
2595
6075
15238
2493
23060
38338
15962
20624
26866
6361
34376
31010
18951
37274
32315
25359
36518
13582
16393
28512
20612
33464
9410
18878
7115
26852
19863
9190
12004
1498
3781
29397
24135
3316
25191
22091
25156
7343
33634
28531
24065
37238
8743
32178
34115
9099
26221
21086
3381
22043
38946
7308
162
4645
30662
22820
1285
8627
8415
35966
1610
22071
955
13451
12417
1884
35344
30369
15402
4823
18367
20284
37786
17971
940
5839
25211
19115
5804
18432
6736
32416
7899
13539
18376
2383
11175
18005
38343
3468
1638
22925
26447
23374
11679
35499
5285
25502
18380
30523
3352
10755
30110
24328
36148
21953
16385
3226
412
1676
34946
18467
23802
32582
30434
4253
25589
25567
32800
38661
24860
27154
36704
6083
20692
6627
36819
18116
33501
27410
30792
16789
20657
24019
14961
33872
4809
31024
36309
35676
35181
17412
1395
27664
7265
8347
4541
37618
3789
6306
15143
19948
31405
26947
17996
24071
30285
38720
20144
27241
938
19729
31179
10866
16797
27097
27640
34562
9148
10248
4977
28803
32112
3851
25874
12134
2202
6732
9475
7856
33852
29316
8172
38503
4023
21019
3560
35829
13778
14709
9103
29054
37642
31906
30822
20825
4365
10921
35485
27802
14009
13838
32492
23196
37954
2593
14733
12824
11453
9909
5906
35769
32664
13518
30669
12682
28193
31072
26463
29860
26383
26246
6175
7719
5806
26681
36326
33058
9256
15098
20945
18721
20648
1011
9372
14767
9567
35222
26822
2292
23206
33916
18626
21378
21686
11887
1131
38169
3431
22819
5495
17626
34382
32572
4082
1187
7918
7705
2210
29902
35601
36312
8094
8670
2931
6652
16907
37244
22750
9706
28006
21167
25752
18307
36421
21309
29959
32919
15501
37872
8178
14460
38341
34302
6456
35734
9511
33778
3680
12388
31600
25143
611
15826
7337
19417
20428
10869
34025
23777
20752
37019
10841
23882
23121
7566
16406
14575
34846
3008
3445
2064
6490
30052
14195
18866
12931
10111
8516
10335
27069
32578
28381
11233
11227
38543
29981
19835
30813
17812
27259
8984
37911
27056
33935
12248
32792
7844
8760
24040
10859
15299
11013
5691
20458
14632
33021
23054
12544
10756
34845
5306
17506
15539
13783
14226
8047
28624
27858
34311
12826
2553
37329
23115
24667
12424
18528
2953
4044
34016
13112
13422
28564
27817
9320
4723
38208
29302
37282
17359
37143
34527
32139
9869
1014
12711
5508
26604
14896
2937
20108
4422
26453
37886
13915
18501
8062
23812
16315
25793
32535
29122
10090
4375
16888
23131
235
25348
34180
35376
12434
10941
15471
27558
7702
1338
8994
10696
37847
15363
30272
37892
34589
11384
13047
33312
10251
722
15733
16016
20927
33551
26015
37140
9927
32131
30898
89
6986
11184
37691
35548
9022
16905
12841
11432
35249
11873
34372
7403
14004
32618
11600
12416
35575
27308
5211
13768
27886
29584
22489
34385
9390
481
20433
8962
28799
6498
23224
21094
33613
37882
30030
29212
26068
32004
19065
21591
37451
17294
17843
28116
1921
9411
30006
11869
1316
30536
20513
26991
3596
24407
20618
4513
20423
27885
27475
18632
27059
26475
33732
2702
5002
1553
19422
8184
18455
8526
31776
16611
6113
13984
21146
16417
16735
8906
35460
32193
34255
30093
13870
13259
345
8358
30596
8181
37432
35102
30513
14569
21366
31726
31191
37669
30148
8118
13425
672
16806
34181
20057
32586
1870
6790
38516
21495
1834
16369
23380
17422
8881
21818
36710
24227
22567
15483
23305
30237
23783
9373
29704
22516
547
10438
8538
26927
17641
23300
274
8811
32218
15036
38161
35894
31508
8520
22715
31346
5876
5307
24113
30604
38474
28773
27524
26892
9834
3590
33768
33426
20835
18212
14006
5663
15055
15000
16259
1888
27061
20894
723
26107
4247
17591
11711
3401
22499
478
17732
1252
24270
27505
27375
16273
37009
36755
11535
21225
20289
11352
5980
22764
29420
9753
32202
18273
3690
9785
24432
32074
35226
18363
11046
7477
7394
1427
9663
20535
8951
37774
3609
7863
16777
32128
26355
12918
8851
22119
3004
35343
28582
32238
6844
18402
38431
5082
6372
23299
38178
27074
16420
3947
24836
530
17707
23636
38237
19349
28175
6895
20598
38294
34958
29666
11741
27770
39003
25781
4161
33465
16854
25890
6495
26971
22178
842
1707
4932
38160
15302
13485
19537
31878
7434
1899
33199
23806
16853
26723
7413
25989
25323
14280
32082
28649
7582
37796
3868
21857
32149
38774
30121
20101
17023
16363
29476
4482
37871
5085
14521
458
711
23062
10450
20064
2081
14494
6670
38152
11754
10424
4883
12247
4964
12229
6667
3267
26376
30644
6406
24865
35144
16762
5693
26982
10815
20058
35114
10182
10999
26826
1744
9253
24729
21795
30132
93
9317
33698
12412
26448
25148
279
25816
22953
1179
4928
11585
30352
34944
33637
26781
34426
12125
33366
3880
29140
23151
37333
33659
11916
14089
10803
24290
9748
2201
31003
22843
31225
28379
25109
13137
30194
32774
24875
1046
14135
14817
4816
33684
19351
8644
21693
25321
14931
2927
12516
34717
33307
8222
839
8208
17791
15160
9899
20678
18410
1535
38140
23462
10762
18054
33449
36344
22280
3074
16326
19414
7313
38282
11627
36322
8604
37676
34752
22097
24107
18390
26862
6297
19003
12300
9911
20620
10213
6472
10016
29254
5444
13223
35464
17376
16098
31118
25026
16434
1952
37270
23223
10366
33905
12132
7321
11456
26951
10616
3195
21453
26476
27766
831
36012
37210
32826
17553
14487
24998
23189
22810
15424
19312
7233
26863
1646
11231
1620
4772
2241
36037
13824
19012
8781
17347
5848
19723
6405
28872
11604
6013
16112
38438
12169
12924
32523
19877
15893
34425
23535
15026
25379
19958
27815
15535
5770
15967
3030
14688
20157
30614
3627
6607
9685
34437
21191
3494
6053
4008
11189
4107
21554
22607
10510
11850
29395
8383
32350
22250
27403
38287
7407
1151
25618
20431
30221
33755
25624
31832
16977
11700
33565
24108
35718
37921
7679
18970
16121
29365
15728
23791
707
21889
34129
3825
8803
25090
13042
26198
1000
30633
7505
26338
14971
27836
18425
27620
27985
4002
17058
33348
38852
9985
13404
19166
22135
30810
11312
29965
36449
29963
30423
36060
433
5788
700
3877
8231
10191
8476
4448
5054
19825
12957
31030
2917
18638
31859
26301
13825
9961
17748
15080
669
3698
37784
23894
23327
20673
11816
32972
25056
21139
36143
34281
17991
24459
33912
33740
14030
21199
25142
9846
31110
16934
23603
12258
13117
21918
8511
2925
12361
26366
5793
7917
22124
31815
4318
11704
139
14684
14041
16602
20051
23373
33758
18898
33813
23548
18075
9813
5026
32255
10382
27208
2112
361
18676
15444
35851
13697
24206
36690
24627
34824
32382
7639
19543
10333
22686
16367
8908
27117
12026
12692
14227
25540
13229
2128
3567
33803
2886
30216
16397
35717
36087
220
28804
12063
32290
17915
20636
31402
30311
11578
17292
17131
14381
17511
20185
7527
10475
18091
25075
15102
38753
12966
25276
31354
17320
31417
16525
13412
4268
24755
5902
21307
11901
21594
3831
28896
19199
4088
30554
35244
6693
29834
24962
31091
22697
30011
12343
37808
10473
7855
12223
31785
22485
19523
4313
37739
186
23606
32110
34233
17447
21813
36041
22078
15533
2366
2171
26343
30821
30112
26996
5087
11925
32710
33165
37484
3164
27445
3719
15555
24870
4148
37224
33243
12444
36271
36320
27618
10120
38926
33301
29042
22234
12608
424
55
24683
18271
35041
12757
5420
37972
7246
35994
4676
38380
8934
29074
3842
38673
6807
1071
27490
22401
34435
32952
28257
5407
37242
38545
11710
2026
717
27278
30271
38669
35602
7892
37846
27565
33274
302
5043
5789
20407
6123
15584
3174
21066
18238
25149
1664
9193
11475
2696
6154
31578
7831
6213
14661
21981
38034
31784
22548
9635
38675
10312
16009
10051
38822
30995
17810
15479
32422
29452
4227
12373
22077
5491
36313
19060
35072
34379
12577
24097
14489
1176
26172
22897
20955
7658
26316
36269
31920
10402
19102
8426
15236
29025
8489
14067
18515
39025
27675
9336
13257
31890
5488
4394
12319
15383
32372
8591
4812
7191
34484
20077
7598
28096
2634
1934
8505
35625
14214
33044
34298
3342
37586
14656
1521
8850
23746
26059
903
21256
6802
11656
34984
10515
17054
29416
9141
13339
30773
3723
19347
20851
24935
24066
37215
20357
20656
35427
18155
3082
14758
18127
4192
36822
7389
1683
31367
24143
9801
20015
4682
35171
17755
18251
8579
28732
15425
10886
28316
18171
37295
37118
20193
26485
28443
3795
1605
21708
37170
6768
38702
2896
1616
1636
22008
31168
1806
6484
32119
10596
17369
30340
28534
2619
24977
3390
12560
35013
21350
33861
26102
24093
7118
24795
6166
26873
18783
27212
1010
16255
18567
9172
20282
37944
31076
25952
32211
7311
20180
10458
27608
32288
6987
10098
18479
7603
33628
22559
8603
31368
27895
26977
27703
33745
6733
36967
27871
33026
19980
9485
13475
19871
33155
27149
37351
13710
24706
3334
11557
37364
37814
22681
11503
29735
20321
30401
34144
11126
873
33353
24919
34973
2651
10598
34360
13494
38931
30028
10529
2685
34314
8993
4931
4417
15530
6996
8620
5018
37214
28430
19946
19043
38664
7207
37023
1601
6980
12822
4078
9261
6879
110
5203
9371
15121
21756
4497
28202
38743
15298
19889
324
29693
29634
26858
31669
22824
3604
30820
4638
36873
37797
30196
36126
9583
33842
13241
3442
21273
6623
6133
713
38011
26508
37496
29646
34067
12250
23655
17882
12044
20208
23643
528
2947
13712
6496
1592
21536
25119
27835
11837
11117
20266
38792
13683
15233
35885
9035
4286
20527
36469
23009
23928
1198
37273
29940
20326
20599
10703
7578
38475
2814
27723
22453
13271
9111
33499
23819
6097
34633
21456
29966
630
24018
33766
20176
12404
37920
2915
29695
28633
27943
34690
1257
9811
18817
9018
4066
21526
18949
38501
10970
32828
12905
26616
32121
8285
31122
35317
7669
14803
16404
29595
15824
38736
16637
21602
37280
5680
1817
27834
27006
16453
12871
15232
11372
1588
25599
5315
8276
19640
5722
12865
3005
24731
37723
527
22904
12660
1260
25791
1129
15435
27066
16799
16970
12891
26104
24806
21838
23269
38109
25041
1784
21741
14184
724
25842
27306
17840
38037
28982
6600
9638
7057
33188
844
136
37780
8829
2686
21650
3391
32465
28008
6926
18862
28502
11331
19660
11629
32154
23568
22195
24319
37126
37199
34572
11025
16178
179
826
22525
29973
23186
27544
16609
33055
11886
38359
818
14732
1400
14451
24721
28334
4060
11021
20755
25461
7981
20364
24133
23202
15932
16480
22370
38115
8699
35446
6070
17493
33930
19365
11675
26123
20140
32240
11024
24438
21081
4724
19633
2907
35322
8938
34262
18508
38398
28509
28201
31265
13222
35687
9343
38978
8976
13921
7889
6761
34270
22907
7938
9686
11000
8508
425
31935
29934
10901
1623
13341
8177
28778
9445
27368
11469
342
7928
35680
27709
4499
31844
21142
10585
22360
23393
32344
12937
20736
16410
35092
4294
14474
32507
19042
9227
22933
4922
36263
9206
34861
7758
19971
15206
37271
30876
10456
32579
12127
254
20020
37077
23726
22163
10695
9449
14052
25407
5592
37634
2042
12062
18975
37287
8506
8077
26545
7454
35316
34725
14050
31922
34778
36657
31952
18148
1562
10207
24763
38605
10778
14902
37611
35216
2417
9323
13709
1284
25547
7398
14297
37617
22275
13912
21511
22484
19327
31079
4616
5000
21675
23041
29402
2321
19340
6751
23808
30786
29877
13758
38443
21738
17892
32156
16126
25320
17909
37239
32393
37580
692
30926
1297
14788
6745
36065
24246
29149
37154
38805
12124
31821
16331
24519
39048
16726
14523
6341
12104
1731
15048
8786
39046
34661
11484
830
11573
38919
17847
35672
2363
15543
4364
31421
6898
17152
350
11759
19104
14937
35038
8257
121
26575
16923
10081
17746
23600
9078
7214
31950
6067
34865
14608
15103
6956
6648
34729
5448
30473
8089
34428
20569
24945
2631
9527
24111
25180
23231
25901
1763
31128
14168
27509
205
11074
17308
37411
36323
10241
30013
9350
33285
7771
5541
28784
31228
22104
38727
24847
34703
29624
38843
9967
9064
26843
22873
31643
25085
38752
840
28949
26823
33564
32680
14007
3891
30050
13546
30387
13113
33408
3666
4979
13300
19978
7268
14282
9799
12190
5960
22927
38721
31250
16604
4099
35857
34780
36216
1845
17999
8837
17776
14263
10875
30421
9036
35907
9378
18765
38705
17851
14840
11892
11505
32511
4736
30577
13397
26686
22017
24009
34125
31161
189
35220
4921
34030
15565
22411
38238
7648
35008
911
13097
21216
29287
13205
11270
37137
14295
33614
16614
10226
19479
12217
22445
18016
14555
21128
19582
29340
17651
6436
27064
5920
31006
8936
27050
18894
10332
20847
32221
35893
9698
28845
16295
31637
10709
28365
25384
22589
30553
34776
19023
31969
35598
27855
8446
20572
13516
28727
15586
4034
15700
22452
1333
21754
32695
33398
14765
3458
18863
22639
5360
38614
21229
6471
38111
24469
37673
6446
7931
3892
29330
3757
28844
4534
29815
37093
4912
7113
6052
12135
19092
20105
20334
9282
3139
25592
4879
23069
12289
30192
12342
28066
21935
18288
22867
38232
25210
26813
8155
8299
10162
20916
36149
28372
12781
36294
28498
21681
26088
33039
33437
24681
3190
20520
17794
32144
17454
6770
8701
29908
29234
35878
33273
19718
21832
36486
20964
10935
21277
35200
17924
13837
5519
12919
33707
27854
16061
1275
25970
16568
7800
23162
25383
13521
33276
4754
2118
612
2961
33382
16429
24000
4862
30002
22326
17736
12065
16078
17218
169
21087
33828
4169
1903
1166
30573
15941
12909
22382
37603
13730
33045
32106
22394
30409
23885
25368
18434
11628
34747
3979
2441
26269
11693
13719
8496
33402
30257
14468
36199
33543
761
21534
5838
30739
19246
37996
9134
14304
16445
21187
19973
8874
32602
17937
35033
31808
20694
24308
37400
4818
38921
35219
22290
22936
4136
33602
29876
18359
21391
22269
34202
24357
6221
36016
32783
15703
9157
13708
13155
31087
33266
20174
13446
23148
16749
36052
7662
33751
37577
36135
32866
23022
19229
15152
35748
34785
31159
2213
11269
26457
2759
21084
25920
35957
15965
28673
36972
22047
3364
19266
22213
32903
12876
25557
11336
36718
7650
29406
30078
9782
14376
25967
31944
7666
389
9726
16965
22836
31104
10855
4459
34348
11236
1859
927
7879
2698
37837
20688
29664
10367
10847
27321
29961
36094
10225
33757
26055
6897
29713
24551
33487
25932
22757
14328
6941
20631
26960
27266
23864
14466
16807
34084
11983
31550
29038
26356
24259
13452
38906
37557
25689
32308
10909
29831
22541
10950
17714
3353
27799
835
7340
8878
26054
15437
8666
37878
25008
26801
2855
27106
35813
15947
6763
19002
22424
21149
37560
31471
23312
38123
37939
38360
18526
5299
9346
34091
10370
13773
13215
19218
8606
19191
35247
1747
1873
14122
1397
28317
11814
25869
28279
22581
29344
8688
1597
31480
5185
16757
26238
30860
15492
27853
21463
18392
16584
13515
14680
30899
28339
7046
38190
3643
21041
35567
38284
9896
3433
38420
28229
17818
17104
24850
4657
22470
23244
2330
4669
22293
20257
17043
1727
30467
29273
25617
27934
12984
24564
38121
15549
37809
25000
15626
15754
7481
27377
15246
24257
8827
6299
5209
13210
30875
16664
34891
27122
2450
13124
21979
2
35213
35478
5712
22706
26592
20339
37826
33441
15384
36717
1886
19993
24648
36054
19052
26957
22919
37097
3081
36976
18487
27562
15557
31152
25885
31937
8667
31491
16312
37953
14416
3534
7748
33943
7351
4633
17821
22266
11558
20634
14693
23209
167
29610
29035
36582
8127
8819
1798
36438
19293
5714
16354
6551
18620
30730
31290
38005
9315
32786
33998
20704
2359
11734
2908
31401
38440
33016
31818
4068
6899
27168
11441
16727
9532
27932
14723
25229
14672
14435
16895
14481
35732
31650
31953
22946
6366
14846
11820
29954
34496
15355
24858
28033
20168
643
30535
4487
38553
32329
15761
19632
27032
19927
23447
28591
28455
16975
35949
21271
25315
31475
22227
18591
9657
15547
22471
2730
4195
6589
17852
21669
19160
38598
24866
33046
36645
26743
13599
7026
4957
3141
27960
24454
4137
16748
37362
34749
18408
26467
31564
23074
36553
660
35465
24537
24404
17388
17678
9112
21866
30891
2005
13376
10488
6834
5588
27692
31828
10806
5396
7678
27236
5841
18570
1721
34123
7124
9210
9829
18008
26753
6534
21513
30374
14145
31404
38934
31132
8822
6430
28009
17312
33701
12624
13661
25157
14404
24039
4925
29041
24764
11391
30958
32177
31184
10466
229
27205
19381
26707
14882
12176
5926
38999
27142
10708
1456
15749
6380
25529
23764
24642
32331
22337
8689
34755
37353
7880
27987
15675
37418
33624
11933
28550
9106
28384
6539
33210
12098
34416
6817
32561
15843
27876
34006
5797
38206
22304
15790
8334
2352
27207
35781
1950
32817
9028
25755
36838
9006
5214
3178
36869
37072
37652
35481
4004
36197
20756
28032
34106
10239
29135
16788
4781
7453
33557
16413
14962
3662
17198
9405
24585
24431
1814
38733
1758
25688
37980
12611
4527
21085
34500
10314
6296
9167
14997
26073
4974
9265
24797
27089
16239
11924
18743
13532
26880
18937
35810
26248
2124
3617
6560
5276
9513
894
19220
15004
12045
28004
10202
33079
38494
32753
3041
8566
31809
15177
29655
5347
18658
13979
8569
28547
39098
9789
2724
35747
26783
19805
24854
14512
2783
3148
17735
299
29410
17505
3619
9703
28636
7483
5015
4574
22207
30131
9162
3503
5204
28142
12003
26623
28270
4387
1436
33566
31433
16193
26442
30347
7449
32239
4149
12721
5296
38932
33011
37113
26844
35844
22774
24166
28432
1467
34012
30999
20841
31613
14935
21685
11510
38839
35067
31879
16618
7143
9671
23124
12458
31759
27892
9116
441
22701
34328
21238
1861
3709
16124
25683
24949
20114
5009
30663
12322
12113
24229
33516
7021
1303
12836
817
8891
31840
11004
11406
15237
4087
18759
38560
5263
30176
19542
17725
5725
3796
8539
14722
21601
32750
21003
21986
11314
12766
34682
22433
6217
2697
16780
5151
20566
31070
19471
32595
24582
30396
29642
30566
19269
16518
37527
35342
36488
18042
23724
2353
28627
2690
11768
15936
24907
23869
21505
23080
8916
18619
19597
36513
32712
25382
35296
36380
34970
20347
17050
37647
17594
12069
20342
37328
36801
17886
17338
34704
2430
31599
2313
19249
22988
38259
10189
20480
22467
5862
26909
8890
29560
3854
26673
12333
35942
8632
37377
16030
410
3749
11237
37806
17659
1750
28576
7034
680
23177
27557
16818
12228
8459
6556
8326
11290
3286
23929
8952
10754
7969
18061
37011
33619
3325
9992
34786
23902
38567
37010
35973
30538
4666
14668
22346
20337
30364
28283
5122
25872
21450
24183
8967
2779
4829
4652
733
32380
17267
37699
23102
16931
19196
27085
31137
10427
17045
25601
28260
34367
3747
23629
31011
15192
31247
11370
33761
6905
35257
5955
18595
27820
27647
14556
20427
36439
30145
26206
9216
6401
34460
12748
29175
29474
28963
8329
34490
24869
27510
10471
36214
37390
10401
10211
24433
18512
21703
35696
10704
34955
15513
19797
6747
29171
21696
24421
24230
30744
31366
36093
4768
22756
5539
29821
3344
23982
7474
18883
20024
5948
16681
5003
3088
27439
26264
29050
22718
6611
2179
4520
12255
37907
24366
12730
21570
9374
11348
21192
5356
7125
33970
33737
16822
35254
5147
13949
5957
21780
30916
24154
24442
9965
13076
16622
21181
31382
18720
23649
30182
18607
29483
19261
36781
39068
22095
37049
30189
37687
15894
5501
9868
11177
38027
10825
17643
23363
25762
34171
28423
37726
1500
26076
21428
4501
8396
13146
24663
14689
4203
15775
23116
17538
18436
19240
12605
20952
9764
21203
3176
26379
18929
9554
125
20159
15769
8726
1141
22482
30550
9040
14475
36382
20960
10791
32621
23693
12904
9950
20493
27260
6725
27258
33677
34047
25635
25444
20726
24399
29698
24914
30511
6822
18887
18810
12600
28884
11626
33775
2910
25594
10831
6723
18454
12468
6886
11802
19339
1554
4699
17504
22994
31780
29358
31978
1552
25640
38049
17487
3759
5563
36751
1815
10773
19898
1115
28693
13637
6971
19045
24267
28363
10067
26274
24472
23674
25120
27362
35855
20601
25446
28519
12082
30492
15406
35040
13171
35290
16837
38463
21865
19245
5416
26585
8330
16665
19475
12832
30087
9824
37386
13445
19536
34672
5940
13667
26875
7424
36674
10795
15131
38886
15333
23135
15265
33894
17590
9595
4531
2930
34986
14051
34413
10356
13634
38279
4878
25672
2536
1231
15204
35423
502
16804
845
2454
37769
22642
9081
4523
28558
33679
18299
36830
38442
17192
18988
19852
22373
16230
36636
19680
34669
16195
261
29145
34094
21821
21599
24928
6388
10020
23838
26728
30998
34108
9094
1079
5974
29970
33910
14895
10218
25803
23487
17237
12689
18133
13382
4825
28269
28023
22448
35719
5653
26178
23918
24728
5685
21163
33103
6877
22123
7277
6719
14809
26163
27479
10003
18205
26939
6829
9129
31233
24126
18332
8038
15419
27282
37783
36605
31131
27775
3776
9388
25581
22742
12592
15111
35075
23528
23072
3593
5964
13051
2817
26871
1767
3553
2037
38739
27326
35228
27021
11668
34086
34540
14955
34397
2468
37427
26650
28346
1140
23416
26263
24017
3303
13079
39083
1052
29174
6740
14327
17581
22944
29307
11062
35018
981
8112
31995
20912
21624
23987
30952
12463
16164
3931
38393
9736
3775
8597
31284
20934
36735
20175
3638
13237
32802
32099
26890
5716
8752
19236
18781
291
11904
28795
35697
4671
29048
27136
5039
7788
17066
7510
19532
36511
11095
21999
3735
26124
4233
6340
24060
14191
38219
10949
1410
1730
10885
10063
22625
9805
18599
34890
9920
36971
14989
24299
2529
24005
26462
14756
2913
11364
8092
11835
640
25300
35875
13362
34197
26538
27689
14835
34744
18110
31822
9440
8899
37710
32829
27807
19982
35282
30180
22098
1986
34177
8856
34154
18126
38602
32594
31436
7709
13585
4332
3165
14434
15945
18791
25445
3447
16456
5870
3918
28294
32297
17867
16953
12391
18926
26669
22932
20466
18209
18672
15585
38167
36224
9121
27805
4575
803
33483
8275
10672
10235
16428
38106
22139
32773
10124
5150
31261
30787
15979
19235
15021
1602
15873
32070
28312
19021
22437
22649
13232
24012
5827
12578
24899
14992
36762
21651
16278
29650
7530
25834
12799
5258
14436
18300
17525
33949
37110
9489
36179
34157
20981
2802
26004
2554
7569
17992
33256
23516
32638
12285
23529
34990
19900
26474
18922
9476
7358
32973
15446
355
17494
25281
36739
5077
12933
35944
937
9289
36599
12699
97
8956
19992
36542
22796
24354
22395
33226
9926
21576
36699
10939
7607
28535
33092
37566
23265
21033
20430
11106
14398
10635
24371
12855
10933
13978
23107
28166
37828
12201
834
6581
4660
11801
35373
91
33918
25740
6011
19139
24268
14506
26943
9149
32682
26747
31585
674
30026
30790
30847
63
28588
16628
21243
10219
3611
16954
24583
26481
19833
13023
37462
37640
33514
24372
9743
37510
9454
18962
38639
3631
8664
13716
4055
5065
3634
12765
18194
25525
17207
3885
20189
9021
28893
33390
36634
445
37700
11196
22737
24574
9264
30060
18086
33425
30005
17234
2957
21985
13691
33860
5089
13332
27935
989
18428
27118
13392
13169
16756
34851
18459
16131
33448
3490
287
1485
34992
37067
32287
9987
20645
10013
31711
12595
25536
24315
26077
11446
33988
37092
19031
2054
29298
12278
35905
12214
32347
26237
24639
4100
23502
23619
28327
38833
31198
19368
18657
24980
2890
28880
22998
35838
4843
38498
33921
29920
27151
6668
3751
34387
23125
24984
10197
31201
6705
2414
7036
6999
2527
12518
12055
22459
7954
6722
9648
30008
18418
15581
35764
33870
24130
16253
4845
3834
8867
28575
6494
4185
34924
23025
23641
11911
12531
4134
26829
23988
8336
8871
38615
12541
19448
29066
21373
32809
12733
26410
32126
15486
16527
7120
33022
2294
1167
22248
8014
33938
11235
28195
25495
15258
7342
36223
3983
34215
3205
7947
32130
19530
25302
12136
15325
27967
1565
11644
32282
9589
15904
27718
12488
19304
26786
22786
31867
32337
215
31721
1902
35991
6654
29941
23942
655
13685
17938
13179
8961
37091
11434
34873
31714
32192
13187
23225
13873
32491
36730
16071
1334
35679
6185
25284
9935
15906
27030
5415
1045
17046
27911
26966
28348
2001
11789
18301
32537
36153
7543
9964
12365
17910
21023
21000
762
16720
4983
32311
14268
37966
34306
21520
6944
4830
7110
8791
10221
28180
26656
6160
5371
16740
368
35183
28743
35887
30855
11921
19097
32761
22585
12040
1330
15122
3472
6519
37728
25465
31841
37835
9522
10240
14225
16402
980
9577
35975
4464
16017
17364
16932
21700
10781
33190
26282
6420
36738
690
1267
25166
5538
6283
7078
22133
10907
27683
32674
17117
10318
21585
18088
21166
35695
4079
29077
24553
28228
24374
37692
16820
3675
20097
9740
35298
22348
13782
7485
31538
30042
28220
10787
12798
23232
28323
36362
25073
17302
16565
6957
39102
24851
14907
33814
19777
10534
5909
2089
25945
20622
87
23552
13827
10564
13541
23403
18356
2156
38782
18811
17195
18477
958
29889
32982
22542
3102
22383
36758
2155
17003
1315
24887
36225
26682
10403
2848
39113
36658
29051
30299
20568
25718
32334
29064
27982
28162
12350
13652
16651
983
21742
36984
14110
20127
13700
8592
31415
1906
27427
32542
36631
28683
24043
8210
34626
11111
20045
27035
27674
13810
31513
7128
10269
1099
27399
10352
22421
36433
9204
36303
21814
21292
10897
7846
36649
34211
1068
170
27026
340
23957
15322
36816
1116
16342
27762
6246
19518
5785
25682
24647
7876
6135
19123
16471
7112
16321
13968
25620
22580
17697
1063
22295
9647
2251
5526
27044
6425
25566
27086
6507
14269
19506
27015
4661
85
6680
12187
35280
37196
23165
33524
12672
19841
37564
2836
21824
1563
23952
38020
34784
13635
29501
32846
17348
1866
15212
13996
27655
25046
11798
8880
12188
31936
11782
5778
30177
20488
37148
37877
10008
16066
23199
6234
38589
2400
661
15601
33689
27773
10056
13212
26211
29016
4090
38147
29487
14683
36212
4537
25695
30251
21340
4276
8441
13059
26176
35010
26670
15677
33836
18583
29842
33976
38755
37767
1893
33203
38659
17638
14430
7399
16304
37765
10757
12251
23479
36418
27944
20016
4968
26067
20054
9968
3969
8104
29519
22660
14942
22688
38074
36672
38968
26611
5513
26340
17406
15654
30499
22807
9590
21715
15495
33377
26526
19161
18832
22351
36752
28477
5593
18751
29429
26165
28371
23860
2163
23666
17787
3070
23181
16065
8107
37503
24527
24817
23049
38332
37827
4766
25649
7506
8931
17930
13526
27959
33337
16143
27656
12930
10666
5970
29189
4706
19954
17835
35107
15720
17670
21311
3409
12191
24466
13306
19442
23587
17162
4805
38590
29458
5318
4211
36381
20668
18310
26219
36122
11163
20581
27632
20750
33977
18401
5922
19225
22798
7035
31246
36746
26591
33241
31796
12199
31022
20821
701
10553
28273
27611
14837
14275
14083
34289
32905
27217
16244
21947
21443
37626
370
3439
22533
11667
13290
30551
33185
16256
28856
17635
5681
14998
3648
17783
9958
25405
25694
32411
36151
38522
14241
23219
36556
13623
22238
28877
37614
7915
21649
31209
35182
33270
32233
9858
8338
23499
35430
30154
15507
7080
29636
16688
12716
35501
38628
1501
12363
22993
14407
28336
2951
23716
17070
37231
13952
2872
11281
33271
1936
22976
37421
22031
29686
30506
30897
27970
32933
22177
35310
27916
858
14284
38701
9808
39038
20065
2215
33549
3505
29504
1976
329
16643
3107
22127
12329
19482
30377
14585
29784
25342
7540
32093
31566
17179
5472
27772
29706
5126
6557
37478
9800
25055
13087
21666
31196
29629
34758
18446
5381
24231
5044
22842
25823
19551
1240
36001
17099
12177
23491
18899
14498
37124
22285
2576
5181
32539
2045
20432
35494
5249
9524
20083
24693
3588
32206
23991
18577
8220
23159
4627
17229
33343
17610
15480
30029
37926
13246
5552
14652
16991
6810
25464
37952
34266
22557
6598
19450
32678
21621
28370
25128
15986
37582
22771
22450
2726
5683
26397
14853
28871
28604
29680
17616
35623
22396
151
13630
4141
8703
22723
4802
8382
2488
21997
3313
2289
18304
21099
28808
18981
27564
1513
34639
25551
38099
20461
30640
32196
18264
1544
14755
19295
17685
38444
4826
38381
38528
38889
35158
38179
11728
31127
26543
31667
35053
22621
8997
6233
14302
33765
27724
8281
15573
21897
34021
5090
18183
13513
11403
19816
8793
38652
21077
35574
37458
18782
34000
23810
20608
8816
12520
2959
25286
33111
22668
29442
29854
3223
13681
8550
16037
22522
11615
19009
15382
33593
8970
15154
12264
230
29386
34361
6792
418
124
35725
6630
37585
37164
10623
19205
23
8551
10373
13252
17419
28340
7451
20233
6812
34363
11779
29785
33208
24938
3302
17009
5478
27971
38616
35217
33302
34620
3753
16578
10233
22619
19113
28471
20416
3463
11157
1516
19616
9001
5445
23407
9605
33362
14254
37330
6869
9168
37679
31
13679
5265
16051
34297
6753
9117
35953
23561
10701
37795
9574
17491
23946
13007
14577
21642
3684
10719
30877
10448
5170
19313
24451
15167
16225
23119
22262
36578
744
13748
13544
33242
12077
36924
32512
4498
19911
20076
3911
18036
18394
30619
5869
11895
9794
26557
15473
2968
33574
597
24082
25012
23046
26752
27882
1970
6559
2146
25796
39108
5807
25172
258
29158
29017
22310
17086
23879
31837
35468
4783
1709
11118
38603
18621
658
2607
35459
25641
22142
10190
4568
13281
27538
23997
3533
5078
15399
6377
32464
34538
32942
20715
14043
11912
5765
18191
10104
8677
586
7138
15296
30529
34104
5031
32405
36456
11943
9941
31729
21657
21775
35191
21050
5365
22728
34355
35121
7083
15994
18993
24705
23854
35057
15310
6247
28445
2706
8792
12240
37559
4416
13216
28099
16323
15074
16877
19951
29436
13898
11610
8185
18291
7836
25283
22877
33066
20762
4398
20287
18918
6896
20541
72
15991
23195
32941
1829
20514
4911
18296
5068
24832
27973
38798
29151
25213
9942
21964
26883
30613
33497
12755
34313
2205
29819
5247
17676
354
39021
10027
37858
28026
35276
2746
14617
15267
10280
15083
36139
11366
25727
29725
2596
32596
38076
19217
10156
18534
25003
2419
22312
23017
11011
10177
31548
7625
15139
15197
4182
27096
14155
35698
19273
4586
8635
27372
14759
27351
9993
24598
1150
31148
30075
18841
26207
32588
23241
13380
6703
37748
27937
33443
29083
19575
17409
1394
37374
37012
6752
14622
8304
30574
28894
16715
30903
10049
27516
15049
9998
18818
17384
918
3385
18801
17287
2649
25626
21079
16629
9019
5925
8429
2602
26936
24628
5032
1182
32920
33744
14634
13927
15174
17401
5600
37721
33221
26967
37587
28536
30689
2057
17032
25580
36682
38690
23294
18184
24920
34368
29228
20203
23582
29053
37898
36480
22222
13943
34978
38133
33572
13096
24287
35612
12406
10075
30275
25747
11307
20770
29159
18673
33387
35754
37315
26642
37002
2137
34608
13632
9201
27575
18373
36248
19842
3817
19856
4084
10843
3417
1274
21936
24522
211
28420
17906
30412
5324
18344
24059
38658
23837
3080
16499
30441
22454
26064
6531
12485
16267
34228
244
33025
35414
7301
31544
837
36691
19121
12400
29958
31804
18244
29692
19252
23985
24436
29607
30915
27384
32881
13694
34232
28182
9031
24253
9257
10393
24882
14182
14977
30746
30800
39017
23284
21213
30762
33385
4755
21949
9810
2791
21522
7464
24823
21058
9016
12880
35751
19578
23469
22076
10509
34813
14694
18211
31720
31990
9633
14863
29312
1358
24780
28681
21040
22987
32065
13953
12326
19819
31618
31686
22155
33152
17862
21262
9203
8011
20867
30416
28428
24208
32441
10134
18663
35513
10017
1174
5344
14858
5575
3103
33172
29481
31363
6039
4250
12675
28174
37149
21523
22985
38248
23877
24429
7541
19076
6868
10880
16671
4794
32922
30033
37568
35890
21326
19298
4721
28928
28507
24534
13792
18859
7228
17478
17222
24994
1482
16439
33908
30019
22773
8719
19812
20998
32977
18159
38723
15772
35221
21629
19883
35916
11498
26184
9092
9408
10350
4961
20451
12076
12563
35297
37235
34605
1759
2520
37608
26337
19080
26070
17490
30642
38348
14347
3829
29748
13804
37481
5982
24132
857
16913
9624
15445
13819
15223
5662
25459
26239
7591
2345
24933
32853
36875
28914
36403
5706
14074
29081
29310
36617
20997
2739
27336
37946
15611
17298
4732
4457
16322
25475
