16843
31774
5839
28433
1792
38536
7312
26575
13439
28675
35747
666
5663
22828
3506
37741
37556
7994
23231
35526
33973
36625
12119
11126
38672
29365
36614
29629
36007
26579
13416
27370
2366
1950
13429
7586
36473
29848
39034
37672
9600
21769
1263
33876
12982
9415
16085
19039
16762
2406
22176
18227
25104
12132
22783
33799
19844
12052
15552
36209
29894
1000
5561
7897
34643
2914
25944
13845
28963
16641
22474
25267
14563
18797
7243
25553
15950
7454
15226
36227
2562
23992
2101
36154
23553
7122
15565
35111
13180
15319
28272
8290
1052
18682
22429
2933
26285
10182
13473
30561
5786
20648
25455
37904
2180
12289
19031
16897
17427
20379
3580
37842
3518
16691
2019
18384
32354
11626
5056
399
13738
23294
21989
30689
32459
4892
22094
33464
33123
9097
29440
4404
18302
8136
34144
32655
36892
8577
26260
36327
16699
19472
10246
5646
8730
26407
34870
34065
2596
30422
32204
35616
8976
15647
18298
38668
33723
36094
22720
4372
18252
33393
14113
37269
6449
7736
30862
22378
37349
12574
24875
18065
3052
23498
5703
31924
7894
34540
741
36654
15029
23748
26231
30358
4584
11831
34929
14143
6317
30197
2981
3402
23406
26364
6328
17282
4229
722
15792
20498
28583
3024
1938
17297
18669
37103
13475
15472
27908
19764
15809
3364
6319
14678
9627
21720
13547
7966
33396
36976
19763
32646
12783
1586
32522
26586
30940
24678
29966
8610
16270
7874
23752
27113
2661
9045
28078
10950
10635
18831
35667
32978
15671
10700
8101
26451
17867
31750
33590
8322
26626
14825
30359
1970
30386
1999
15299
7075
35007
26985
18647
31669
34044
3923
7697
11142
3656
17534
32889
1220
10000
38260
33863
28901
27971
15018
20583
22716
19677
1424
1741
9952
7806
21473
30703
4311
38603
33632
30442
12008
24013
12578
23357
21375
5376
1602
31759
946
21529
36631
26295
5575
2704
4640
27535
28477
16550
34826
12967
35923
28466
38146
14408
7818
25670
16454
28193
25516
8027
27584
11336
5498
13856
17874
22041
16073
33212
1241
348
8117
14491
24010
37093
20224
16794
21514
18955
15525
36786
36882
25551
29644
33639
9474
23975
9101
23391
6871
8411
10828
20705
2698
1784
10125
7698
18416
6161
36284
35875
32211
27589
22336
4280
12138
7508
1612
34505
26002
2172
18131
36449
6967
33048
29978
2521
8618
10346
17249
37875
24076
831
8405
3982
13029
33117
28130
18335
15097
18514
11019
16633
15993
33231
27395
15331
6831
5731
14443
5815
29359
15902
6842
18365
11971
11437
1142
33888
2515
19041
33752
12311
24708
6121
7127
8174
11515
21665
21295
8052
32579
22215
15476
1437
34547
13977
4746
708
33609
563
17569
23890
7284
31246
19658
20794
17
13549
34075
28649
31942
28634
15821
628
13390
31600
29343
4823
22262
5268
1360
26363
32482
23974
15958
13941
18808
38779
8899
5202
37195
18454
647
5493
10652
38592
5124
17044
8640
12523
1959
14990
31331
9816
15358
6374
15926
32014
1772
9517
25875
25181
20940
3756
5583
33055
30944
1084
18658
38213
28936
22327
24765
17065
20396
6868
38858
34514
6081
6492
11647
36142
35225
18886
7339
24921
26739
32755
29844
4190
12607
26437
39110
4652
16608
25354
22072
10981
6980
3584
25351
9978
20979
30781
38609
8441
24795
35051
17599
14505
22680
35081
11986
28552
32766
2112
25921
5667
32275
32981
25197
29330
32426
35206
5060
31536
21870
7401
8779
1679
17515
22016
1470
8956
27847
23461
616
21825
7447
21193
35152
2178
29684
16620
13886
34173
23767
19058
5352
11576
35575
9555
8472
15621
21316
14054
1080
38304
5031
36077
22945
21029
21007
22306
13308
6386
31596
28018
20550
18386
7606
8894
30661
29826
25717
4697
22400
889
8220
23212
29149
33450
17908
14897
26639
6082
20417
9137
27194
29735
6198
20120
34710
9069
2680
31270
36571
36854
33465
16440
19271
19738
2513
17394
3274
22468
2898
20934
5296
11632
34017
17347
748
24438
5461
5035
13843
32409
31620
5079
33224
1616
10706
33574
21482
9806
23729
15937
18255
25272
36980
14920
7808
38498
16876
35297
5022
982
13052
7283
12485
4460
4879
9396
3203
33916
20984
12142
31407
20673
39002
12743
930
13995
32832
36018
16047
20164
14737
27209
7107
2911
4314
33759
10602
6794
16427
28359
17969
37847
11992
23484
9960
5342
9892
16095
5913
15238
20137
32324
12959
671
32942
7419
21871
25255
29415
12810
34007
3197
9333
24681
4739
20087
5008
1330
8443
4423
38382
3874
24871
5407
33351
26915
38302
36166
8880
4331
29509
31851
21495
33859
31421
5529
14899
34561
33320
120
23722
431
30639
16099
9063
37548
7518
20559
14584
2980
22549
3227
904
11677
35042
12328
30398
29687
17003
24815
33287
24690
15112
34449
19848
13086
15845
30979
9238
411
3391
1833
32098
6740
28978
940
32925
14674
6373
12980
8362
12317
2296
33446
7689
6254
25502
12294
32257
23248
25430
29861
26701
36100
19327
38397
38128
38303
2575
38985
25810
22731
11210
27998
6385
30523
29136
18398
5853
32772
3742
11883
21045
32820
19444
17445
11688
14540
33978
33091
20223
24084
15796
26677
23313
33508
12522
7571
32962
12128
38703
29489
170
22312
13937
33851
17619
22346
3435
15234
30917
21381
16905
3843
15442
16689
22243
7900
24876
30997
23173
16548
13748
27568
27646
8892
38438
27612
34797
32837
24281
3289
12782
18662
5183
13587
32716
20423
26682
5826
19296
8412
7473
21398
6985
29037
28092
8429
25616
26805
13497
32403
31678
24691
28426
34319
16507
11188
28151
21051
2437
37234
873
27765
5274
38212
28029
29110
17825
38074
38842
31061
7182
26498
10717
2846
15449
1358
24550
20982
25612
7118
27312
23224
1538
36357
791
2888
26097
23229
34447
4728
38471
13132
17372
36353
7490
13141
16298
13723
34821
15152
12842
19740
16384
14671
36767
9462
2883
28804
22324
17600
38004
22017
9234
5582
13817
23854
59
8352
2171
3132
33660
24720
9681
17076
14327
21880
14845
28890
32808
37633
10929
21385
29356
10440
27317
11863
29912
36812
32802
26710
15838
10989
4055
36899
17204
35992
15615
29905
4406
29846
23685
23766
14934
6126
21842
23842
24348
18317
25564
29263
6903
4301
5777
32427
38725
25680
29937
37874
15256
32526
26556
14686
17307
29499
8858
37268
36085
24353
36647
18778
34818
2576
17313
18307
10181
10081
21678
26202
22625
14220
13153
4203
2105
30792
24235
23694
33442
5741
12433
28301
31975
5572
28990
4155
2173
7710
12565
11312
28013
18125
13888
5348
17538
19090
11211
13990
28760
32959
17135
513
28586
21996
31245
15274
16019
28842
20778
35137
15872
18770
8104
2035
28132
8402
22938
12444
26434
19110
38460
32161
27824
31271
32214
24041
34289
1015
5130
2664
28208
17700
12868
20657
19490
22059
19192
35653
21749
22480
12861
38057
35598
11442
38894
35644
28687
20351
38956
35635
13564
25659
19641
29458
26590
27462
862
35156
25804
7601
20714
37267
4212
23516
16930
6062
16522
23514
17388
24514
20494
2269
21799
34802
19872
36641
5134
16948
36413
34006
1728
29809
12423
8921
10917
32831
36274
15494
16540
11701
26113
5796
35630
35369
14258
23190
7588
25881
5038
15073
25903
1297
3567
16656
6745
11450
7664
8019
25906
38807
3378
24412
15046
38492
11607
30897
26418
6346
33544
28411
30733
9445
15787
33035
36288
14174
656
21597
29922
19998
19258
10582
28036
31849
19923
6779
7570
18368
18507
37461
23537
1997
7646
1736
11315
22289
28996
24733
452
1692
25023
37213
1941
37290
703
8511
16679
33972
18378
32458
12761
26247
35918
14714
20193
5279
8564
36961
22042
12004
30368
36250
4726
827
32695
8242
22646
36951
27543
22111
228
37693
14668
34945
13026
9972
4828
15523
10391
7835
29030
35473
29965
36497
31019
5047
3778
34486
17028
19694
22034
18321
27118
38950
34091
37057
19162
18781
12508
911
37449
35110
12709
12480
26064
5896
17236
8594
23101
19226
19352
21178
14492
36752
29692
36834
6952
38459
4768
34049
16891
22807
35073
1454
25025
22934
32369
21958
22247
36751
29953
36673
17288
26473
38429
5963
33666
27638
35994
13893
19925
30584
9683
5420
1295
21621
35429
6468
18281
32025
25030
14522
32888
38714
3457
8030
19621
24856
15021
15500
22445
12199
29779
3896
4959
38733
20774
30677
36318
33883
14304
35207
4969
5953
15859
25957
2361
24546
24277
36664
18364
4097
34450
13076
28814
31179
30355
32435
7333
1920
15360
24121
12638
33717
19981
37229
31066
5965
6726
27419
6033
37916
1587
11477
35513
21321
28020
22883
11899
32747
25171
17298
4905
37109
19100
3339
10324
18695
32848
19087
34924
5496
15223
29237
4333
8239
26681
22623
38867
19843
188
18511
19649
12032
27869
5626
950
3123
17881
230
4637
4479
15032
26617
34503
11014
12474
2972
12235
22798
556
21609
29661
21126
21448
10571
10681
35909
6434
38782
27380
28200
4179
28511
2770
11876
11779
20963
38378
33395
26641
32932
3311
6112
30207
14200
22338
11968
4162
11622
38503
17529
34082
11451
19404
34755
17724
8401
29854
22617
12417
23339
35267
4725
14925
11840
16034
36289
19944
5637
33260
27120
22558
15994
2930
14263
8370
36587
18785
28985
33989
31129
33086
28186
17806
13396
23978
23708
27790
31431
30038
38237
29179
10554
28294
6228
33947
39039
18090
34788
6322
36528
15631
1501
4729
13858
12225
31817
39105
14779
1668
18760
33349
16775
25468
6587
24785
7701
33940
33892
29406
13122
21701
949
31316
7461
26329
9457
38775
35508
30671
19482
31977
36888
5049
7654
17897
16432
33996
26274
31287
12488
36524
14205
18352
15553
30882
35768
1845
2533
10428
4790
5636
8638
20349
20528
34354
7816
22853
13332
34336
38795
30074
861
21726
23503
19403
8907
29708
11280
24763
33812
28822
20733
2332
35660
25748
3816
16703
24146
1004
7869
35718
19988
35124
25734
26485
5685
34
32919
9733
22884
24310
6770
25686
13283
16312
28145
31501
16176
6736
26591
13698
5706
35709
32641
17986
14238
31873
26457
24144
30225
31459
23768
595
38813
4895
34402
6847
9788
23076
9290
15973
32711
27164
688
27607
9758
4715
20332
20309
21487
31899
36282
32725
33701
3444
31100
2392
35650
13727
12215
2082
9638
32581
26222
25131
14818
16528
5467
14135
21025
421
17987
18185
21575
23385
35210
16578
26391
17323
1954
5490
34891
24716
26850
33936
15909
14037
28784
6583
3000
11508
10318
35651
4427
3471
121
31372
1637
11587
27088
37163
23542
18037
1318
15752
4860
3653
27993
22451
37670
11924
30817
36681
20428
10335
30253
10613
2971
31571
9052
19111
38164
11401
4124
3415
7637
35151
7834
15164
7572
24754
15426
18852
33245
37028
37674
32677
36913
34136
20773
10457
16359
8340
35398
11598
21198
27880
22293
34577
7355
7213
22573
33814
24575
10232
23620
32473
35488
34214
6515
2998
18435
30859
7148
19691
13313
36968
22201
31540
2300
32895
12264
13231
35677
14595
8356
20680
12190
31746
12805
6135
38535
36243
38097
10553
10656
34835
13964
9116
32035
23478
31585
5995
3498
27022
34679
26569
37421
7342
34642
19759
146
7349
18731
10499
34943
19795
1041
37496
5383
26514
17085
21006
5566
11646
13969
19193
18257
26969
34524
9750
11144
21962
14248
35530
33749
2442
9856
3545
8144
11936
17477
27764
27052
18725
20130
29009
29139
33599
5868
5335
2016
102
20054
35712
38505
11810
6661
9398
35552
9423
3139
12273
12393
1244
24793
29963
30208
382
23436
9085
6229
6557
21014
7476
9541
34948
10735
38117
15260
5847
92
9351
25705
21625
2612
14808
20795
10940
4765
37238
27927
37758
31981
18782
21752
34743
8908
27482
7007
28610
26466
21882
4096
7189
4720
11283
17104
2157
6995
30932
33367
24854
33347
12593
36861
4903
28899
18651
18541
6743
23517
17417
36442
14664
8792
20145
10466
37844
34188
21028
36789
2792
9334
19613
12987
132
23226
16842
28724
12463
18646
33178
38652
17284
22350
33865
16396
4692
26812
15998
33228
34430
25121
6506
10758
10469
37266
9823
26474
35241
30282
9239
16726
36437
28856
37366
13719
22928
9487
10712
27812
4271
18501
30957
38359
6472
9556
18392
28891
11718
29214
1873
14623
22595
3734
24903
38021
2418
34744
27210
28439
17526
6151
30401
8170
34709
16463
38055
25361
33039
21052
1173
38231
32909
26740
35704
4757
19433
36574
36206
37694
1977
3050
6497
8235
29578
15202
36111
34107
16920
11584
26483
7988
23976
8628
26515
11917
6618
11903
17084
10619
21773
6345
24783
16871
5594
17836
117
25607
2508
36276
4818
7651
36098
16
13451
6999
37700
22745
37605
13043
8228
3537
14025
27682
35243
1600
35463
10944
8757
38710
27692
27008
17752
13944
28713
34163
14913
2867
33844
2259
13782
27313
14603
21708
21106
33532
31262
14334
31012
36443
22204
23291
27258
29428
3381
15637
34959
36991
2876
33726
21520
1329
33561
10471
5798
3792
25239
19888
10904
31024
13933
2213
4953
22419
33352
27604
16136
33132
33728
2412
2061
30540
28766
10546
14531
18978
36254
20113
33433
38864
31469
6915
19412
15096
32724
25661
25164
18270
27051
31811
17302
36655
23904
21591
13147
6288
18066
20678
37982
996
14011
20432
36489
7086
8448
33238
17118
31983
20726
1157
32644
22968
34238
11007
27458
9172
14512
10535
4193
13077
24944
18010
14085
15941
8820
13295
264
5732
37706
10512
28277
11277
38154
914
25610
21026
12706
15094
35756
24132
37986
15732
17712
35790
15811
8320
4201
33715
4681
19117
23136
7848
1316
22358
3476
26816
35810
14172
25912
23575
27025
37288
10402
9043
27709
11194
7164
9602
830
21002
4949
26508
16655
10384
27884
2058
37526
22287
9273
37523
24784
23207
31090
21966
38407
37551
4518
32513
26144
2374
3296
16873
24091
12612
14488
12999
30425
28966
33279
2625
250
21823
7712
30797
33838
17946
21810
26306
17964
760
11839
20287
30076
37988
3262
38545
29392
36004
31606
3548
22858
32283
18639
22141
22413
24642
1515
16693
33500
26690
3354
34849
18006
3423
31135
30174
35971
28662
20398
10395
33453
15286
10965
26476
12501
35626
18417
12744
24319
13562
22944
36715
9114
25337
26045
37892
20359
818
32379
28300
14201
35031
20353
32041
28770
25061
1466
7550
30745
21578
9057
652
23943
18789
29504
21288
38039
4275
21638
469
17546
20053
12174
7425
12847
1768
21404
12958
25352
13884
37089
34532
14049
1660
21521
31172
27148
24855
30159
28959
4445
1611
21635
28865
20473
32366
15818
14229
37817
31035
9782
6467
23285
22589
37279
8719
27989
10868
20318
31031
10217
20071
14075
28293
19875
24899
26467
22613
8575
12828
1568
29720
33826
16160
32250
21709
10242
33697
17749
2401
12319
23211
2435
19769
23319
33543
38832
30683
33469
8571
5887
29824
28441
38339
17452
28369
29864
38350
14119
5692
31736
5071
221
12075
6440
30993
26889
36824
24640
35359
16096
12575
23286
17810
3122
22672
35884
18031
29192
27376
18898
38629
7439
29556
6376
22689
9278
9055
33921
36855
15933
38571
10790
10608
3679
26055
12291
10832
16923
17119
31420
32115
10847
39029
19422
754
6707
26281
34863
4588
22912
30453
28321
11367
361
1192
34240
31423
33114
12863
13317
3531
26901
28075
28381
1033
25087
2725
25482
24887
21084
38722
739
3524
21828
11715
34955
13676
3209
35686
7194
28564
20532
13054
30092
24098
27642
21357
28287
19023
1228
18240
34711
34568
5979
9610
1707
33121
25650
38157
32979
7717
6295
24270
25990
32055
261
5270
27912
4690
24532
18278
7532
9295
84
20614
26783
16263
22285
6206
6296
25533
1108
23196
3383
29980
12503
27072
4734
18210
30309
29405
33199
13311
1172
10837
12320
25089
27799
25816
36770
25452
9596
24315
14667
45
39085
20615
34640
23699
27150
34650
37478
8432
11524
29028
16206
18381
9626
24515
29087
23271
21367
31937
9880
9672
29029
35617
4520
10999
24484
30164
19968
31905
16796
13576
5316
3475
34286
22428
36054
28747
33619
4172
35293
22577
38141
35920
7238
18441
23422
27004
11594
3950
19127
33501
28920
34810
23267
15586
28108
36240
23551
26493
11913
23993
3001
34986
8043
4546
18456
24409
20729
36907
9102
38168
13794
14105
24508
18279
3393
6846
21200
25630
22619
33227
38351
12556
9839
39062
30088
36919
32313
13044
7014
3006
4116
32800
19046
4872
26262
29559
38715
30336
11597
11314
38640
20
27143
17174
28630
27493
12322
36071
3943
36506
26974
36317
13987
4988
11200
12373
24772
28900
27788
12040
9450
21009
25900
12171
13566
11123
4743
32739
8768
35154
27990
6347
32016
25750
27655
37050
649
19567
32746
34043
6778
7992
26503
16821
7111
14354
32348
20996
33687
27860
29425
12551
37754
6103
13113
18982
23802
9797
9493
838
30035
9067
30576
35196
25848
8826
35529
20239
13734
23499
2144
6304
33090
33760
6079
25489
26882
6973
13524
35287
19525
5436
14268
38580
33410
36531
31468
26565
2884
8468
27400
6133
7852
17575
27974
17111
23032
26959
36979
9625
25676
35008
38145
29222
37452
3099
28588
37824
8630
37717
21479
38906
23719
22717
4283
7596
31612
8539
15342
20829
31111
7424
21658
10997
10640
15830
35076
8619
18072
2804
710
6461
14132
21289
21650
26179
33008
13048
35752
33832
11972
11426
20636
32811
34978
13920
26583
22040
13538
21016
15323
35830
16672
17860
15103
4067
16779
14418
190
7908
12223
21125
17817
5224
38060
28085
36263
16485
20214
21234
9692
29917
13772
28148
6693
37699
18051
19466
24850
16174
23378
32102
11567
38826
11268
38746
15728
39109
31371
29041
4444
19893
30413
14691
12198
32782
9868
10705
13895
25833
26774
1219
3776
34742
18138
34972
7215
1200
16748
33554
35817
34915
30531
4207
19234
16582
7374
29539
35445
13232
3825
14254
5156
26413
2103
11371
27426
38565
31747
22046
28502
23072
7612
4343
36440
34895
10169
15770
26130
9595
11940
10107
25813
21144
7089
32127
12908
29805
15067
34220
31661
15111
8710
32774
33263
17095
19739
32118
22499
35753
17170
27064
28827
13457
30990
8308
32433
32726
28357
37475
34859
33246
26513
33214
30305
22522
5064
3075
34706
15761
23636
10030
15406
22307
37833
32849
871
9968
23784
27198
29774
11389
1905
30082
20383
22125
36423
13129
32875
28912
10697
6908
32645
5610
5802
22092
32447
2127
29729
7907
6805
11588
15776
13778
801
14654
24645
35623
21378
80
29082
11050
4769
34963
22319
25797
26158
9567
3733
2186
4898
5655
1419
31820
11040
6504
8911
8965
17232
35411
24932
28652
33068
15869
1827
17350
31444
30874
31791
26349
9241
25569
25593
38425
21484
35851
2324
29357
27801
10597
9508
28676
16090
28396
8161
21593
18874
36498
38373
28329
34459
6018
4302
9536
21120
19748
36846
1449
27911
33013
26138
18207
8500
33932
27214
27973
151
18296
3359
20508
20104
12043
26523
19807
11403
30321
9047
12243
31581
28051
17921
7469
5977
20457
22297
7502
6003
27806
15448
14851
692
11111
36736
9515
22513
11496
2685
25098
20824
29033
5812
19685
19863
30883
21450
23673
6256
32374
3862
27999
12604
10533
9725
7295
31493
32763
7781
4761
21835
32517
37893
23639
21670
1030
11263
3466
5240
31878
27433
22916
7400
7367
11884
29453
10126
4286
11541
17778
9310
36499
22052
2729
13519
10439
31709
30132
20488
33113
26330
9485
26605
33548
1504
15368
12168
32430
9306
24075
7665
22085
131
38834
4394
2842
31289
19270
26978
17098
37621
6589
4041
10622
19430
394
9724
1708
28160
35271
2441
20742
28835
24573
4274
16347
8766
4288
36410
21711
15628
11110
32159
18890
28488
38798
19809
37657
2026
15795
252
20553
27948
18949
28913
15653
396
29249
20569
18839
17136
35678
38259
38677
16738
451
6301
25348
2023
22360
5192
29467
24011
16209
23739
8781
6323
15863
6879
12926
14689
20136
21074
3609
28536
20500
14560
25303
32358
31071
12277
25189
9400
3271
19157
18551
20340
9324
22982
6989
23347
36480
8572
27679
34981
4353
26188
3780
2311
12376
6932
1565
28816
6071
29312
11581
28861
5512
19435
37650
38405
9103
1813
31861
35985
18341
13053
33629
24093
34716
4836
19172
38064
25523
46
7616
25212
22830
4736
21171
1715
32696
12334
22144
26376
17450
3155
26031
19188
26688
12147
15435
7705
25870
25144
22186
24042
13402
36402
240
26210
9738
29488
3634
3194
26906
23146
10865
1337
18308
13514
8510
3682
8439
7331
18345
36152
36948
23041
35102
16199
7434
13358
878
28945
4488
21129
36984
17047
36064
7591
27808
35364
26107
37882
3853
8832
26743
35602
29018
35220
5228
34871
12099
29573
912
29658
29924
21886
4945
35878
18891
22608
7225
15247
6571
37293
8909
23615
5065
11550
2002
20358
23144
12475
9748
5854
18508
38616
34250
4439
5404
23645
15718
24614
5956
9846
14328
15501
10399
27129
36024
2154
19945
4866
11173
6741
30810
18665
16288
38029
22014
12197
34106
32
427
32684
15255
2765
12544
1987
33012
16294
16145
14624
25796
1105
11260
35808
11545
9286
23443
32760
23557
36309
87
720
21483
22683
21554
31781
18667
22012
31134
35787
29274
37868
9059
34883
24892
19104
12228
8156
14558
31055
9135
32046
19161
34894
18685
3030
7982
11093
23086
10283
32028
33746
29730
7559
37624
9360
12970
26658
28590
23117
218
7021
6854
525
1849
23270
28296
12907
34973
31432
17622
2301
12028
37410
27448
25762
14765
28399
9603
39116
36146
391
14984
15439
13115
35763
2917
26625
2314
18988
13500
30724
9083
22105
32570
5859
16326
26696
10792
22375
31481
3434
28859
32202
19239
27978
27956
16555
21082
817
7911
19553
6866
10726
35883
31730
33724
19941
20803
11801
10191
24666
34089
34032
20634
30643
26573
11898
32791
8183
27787
10434
15801
35464
31613
4585
19156
30319
7081
26756
1672
3228
18487
23239
7742
23021
29334
27940
19050
857
38075
20781
34637
12616
24363
15220
2734
21901
22879
28701
32884
23016
31740
25219
31764
9624
35054
25443
37742
11955
1712
32064
21967
575
26726
20713
29348
26345
11121
1298
17074
22905
33834
25540
38262
12753
34717
31008
465
31972
20661
10982
3226
17531
29431
8047
20801
12922
11856
17086
36596
18178
25512
31647
20630
1113
29089
33900
2862
38390
2155
38348
11269
33458
37903
37990
28467
33643
34466
31452
16471
12888
37989
12542
1527
20427
36477
30036
34320
1658
29868
14684
2992
34376
27470
21977
28955
23208
5558
37492
12600
18994
31043
17639
25461
4472
14500
29703
34203
8604
38578
28212
1879
36194
26183
5573
1598
12458
31663
11048
18929
25109
10421
17434
37136
31299
32876
23279
9619
7990
5712
8698
3136
26547
2875
37978
204
6669
7634
23755
23157
4604
7159
8127
16553
32340
11819
16512
21161
19876
20011
19612
38687
18903
550
21190
31182
22222
22579
24232
5668
23664
38105
7060
4346
23905
14260
7204
32386
35032
11601
26239
5902
32584
23447
21744
34626
31788
8291
32101
2838
15224
11994
24049
3051
13400
6957
33321
1133
23968
18798
16862
7418
32833
9982
17927
9250
5230
24237
26086
26734
17570
28116
22212
2125
4089
33602
6457
18676
22118
3260
913
25940
12646
12283
36700
35268
22509
1044
4541
19443
3509
37739
28216
22591
7520
23238
21549
30199
29480
18026
16419
7498
22818
16489
18857
13697
14840
9011
28593
7117
34204
27432
13215
25142
8153
28154
7694
10767
27318
18810
23674
22483
35092
33616
12754
24293
16457
9598
20152
7351
13839
32180
35803
6813
11613
8485
34133
16857
4069
16175
26155
8001
25077
26793
34602
8750
30072
22953
28895
3485
28340
34148
20788
10659
22861
23105
17859
4605
12263
27703
12398
12292
23593
1967
38527
26029
19026
25156
28034
21303
26725
30819
18197
12661
26249
14602
26480
12877
2280
32738
22497
24424
17840
33995
25318
15372
16776
36422
8516
32314
15934
14796
5356
23949
1098
36343
8475
7275
11205
31
9110
34799
27104
38511
38195
35735
12254
15325
37518
24172
19518
36103
6227
29114
23192
1124
22205
6454
17922
33889
30769
4152
12879
11332
8713
11416
28175
17809
4763
11294
14076
16745
10731
2024
35299
17191
9708
31466
38790
33319
1815
1289
8529
32566
1627
36061
8179
33175
22602
2572
28641
28643
20103
29133
3680
28334
19460
25051
22681
7964
23114
30297
17187
845
6021
24534
25032
14002
3758
29370
26715
35143
33807
9605
8202
31927
9414
32149
70
19357
32496
18325
3411
1904
20111
14567
11396
28794
33957
29298
356
15817
14377
30257
37180
12327
33898
31641
33713
32825
10674
12
10314
4299
4964
21410
34629
429
30825
11792
19724
34118
9051
17866
8855
24516
30625
37692
17141
30412
4297
26663
6396
37048
349
15491
2448
6063
29776
30075
32976
24718
20674
929
1121
9568
19211
33535
3410
36235
2976
7049
19474
29040
29626
9800
13761
10931
28628
13353
13361
32004
26693
20343
7889
7254
22922
359
31453
1233
28021
27681
36139
18354
34326
22537
26219
1829
18143
27478
14978
11470
25815
26277
1593
20153
34221
4476
24868
12713
28249
34507
12205
7315
5033
10020
38309
23756
23778
15642
30975
20415
36666
19174
15664
15421
34921
36275
20176
581
20700
30053
10088
23287
33348
36116
36252
23511
15399
24477
7732
22203
16981
21426
18862
37417
16339
812
34358
13148
33594
14695
13331
37939
13950
29351
15333
13961
21909
13911
17344
26762
33402
10004
18513
12434
27387
9576
16468
10941
38622
12728
20180
28100
1106
2240
990
61
20916
32773
27722
13952
23149
2071
13350
497
15031
19321
27874
23655
9992
33400
8515
21528
30555
29104
1699
9227
3384
18229
11335
2248
38227
23979
33294
14937
9314
1683
13523
30026
27244
17910
11325
2236
18544
5163
12968
5023
16291
15212
28262
27302
8542
3977
36456
22935
13156
33636
31832
7307
8407
334
21239
28001
34066
26545
8212
31597
30925
34426
21429
32026
14871
27465
6164
29319
2281
26589
10912
6193
27412
9962
8000
36446
20171
5710
38773
1657
23475
709
24178
16587
19427
4929
29427
26960
21269
32531
719
15916
23099
17162
14052
17592
9651
21649
6582
37404
35786
8331
18557
19914
8621
4370
19734
1902
19004
38461
7440
25846
15778
12407
24101
32414
27101
4121
2226
4528
607
23195
27192
10382
22070
16063
35750
2346
32720
4612
38928
32977
24551
38005
30073
17102
9546
9366
25292
33887
37158
8476
19106
7870
21242
24262
25997
10784
20944
38489
32091
1648
35929
32256
7428
308
37278
16993
26982
5366
4115
28011
17701
28280
32455
23103
26236
30186
15088
36334
26324
29859
38233
36393
31388
11252
2979
34920
798
28311
28670
1404
15947
9719
24034
16715
23558
2317
2244
7729
30761
1185
10809
35422
1730
38548
27019
36213
38925
30528
3468
9827
14026
9193
2070
38163
608
26856
35571
7500
7969
17887
31968
3438
21787
33801
3739
8482
32946
32288
34484
18991
26200
34635
20554
34570
27278
8567
11564
5486
3205
35095
21891
33790
25521
23218
15706
30094
22661
12697
23409
34210
39005
34605
8851
29197
858
7521
4611
6152
19952
30615
9918
32629
28727
24839
5760
36159
20205
8513
31815
36813
34536
33545
1022
31691
38240
30064
10627
37823
13650
12164
25431
35664
31904
25422
14656
38253
27856
35834
20124
10464
30010
13699
7762
30195
33082
16695
6643
19420
15423
30387
18858
15173
4461
20467
36105
1023
15471
15982
19526
12237
34492
2423
37599
4354
16786
20555
6575
34328
12062
29756
38313
14057
32855
19109
29787
6357
32040
32200
3012
37262
7096
16969
36400
17758
25310
25210
33109
27182
14631
17426
28637
30171
37272
20440
161
22494
8769
2908
16906
23564
38356
32878
12739
32220
30396
29479
34160
1421
25414
24498
22278
8353
29712
1342
7775
1242
10939
30495
6937
14435
28640
1810
13422
14115
25252
5468
37716
30472
19910
11553
27114
23416
3222
2761
33134
22470
1273
37853
31401
316
24279
2196
7108
13958
28688
22768
3690
32908
38663
17062
38699
6599
27396
17772
10263
3551
11807
910
19675
6994
7153
23622
5198
3536
16196
3866
4133
38377
26616
27564
21117
11295
34935
14134
27656
25387
24327
11901
18505
7266
14467
13480
25370
31159
38890
38185
29189
31079
32776
24751
1847
14870
35540
13015
17521
9852
17077
30913
26334
6445
4384
27750
18732
36645
14190
5711
4809
20072
19143
38148
30598
9475
10846
38322
27155
30211
35739
24097
3068
38409
7271
199
5424
16590
6953
6097
28030
28194
5766
14479
37500
19011
8801
30311
6530
36141
5139
30714
13372
31936
33553
7663
35233
34940
17967
3939
5940
36794
26702
33732
36877
37207
35951
22654
30861
23163
35379
33382
18742
16593
33782
26084
23125
6299
34322
34988
20098
5599
29477
27084
6070
11052
19260
27276
21580
36910
11410
38090
10424
36593
5372
28054
31391
17124
14650
3619
32420
22894
24598
30278
24047
25743
29758
26396
7019
34592
19204
2118
26108
25572
1564
3627
21648
19629
36186
22761
7091
16901
7981
2948
13150
30904
19625
36337
22364
4784
39010
27851
15336
34048
23951
10672
757
33874
22518
5563
9545
11569
34790
22347
38440
29665
3784
13419
38674
28656
25078
10106
1154
26228
2823
12473
18618
25178
30678
19689
5133
33032
22475
29414
33649
1581
4363
18605
28885
34791
17959
24572
11265
15328
26066
27333
35133
777
30421
33929
9491
1943
30499
30431
8107
28947
4366
17094
4408
25581
24245
3553
30608
1687
19721
37602
28198
8147
2781
27039
14636
7784
38778
26883
7151
28678
36972
28803
37204
17369
7849
16943
16245
32145
34668
7632
21335
26574
18291
35802
2255
20738
19176
2257
13779
26530
35303
3080
38406
960
33966
13853
9908
14873
18775
16606
20245
4581
500
39051
21505
39084
25919
29579
3333
27747
35285
28063
35745
32476
27213
27770
36591
20201
13660
13037
35939
21021
24628
34658
32631
1793
35949
37079
1255
21897
10372
22592
32858
1251
8957
36097
22456
38202
35153
23647
15330
1770
18613
3724
2674
30767
32557
20560
1993
34625
36335
23049
17663
3836
24478
11914
14438
3107
1732
24658
24537
9838
31323
8558
5893
14374
25497
27015
16761
11752
27410
924
33373
32193
16464
17329
343
28600
35044
32781
13991
18527
28106
14932
17826
32157
610
28416
27414
3511
7467
31417
24981
14881
38466
18195
24238
1839
19367
34002
16446
5095
13373
22966
25360
27144
33269
5542
7389
27657
2784
25822
26865
31341
1559
9709
30158
10569
16574
14310
27450
2726
19294
6762
27608
9395
7746
16918
31622
16360
14291
17071
2600
2808
3085
8438
7882
34054
16902
30998
20613
35563
947
27248
36416
32717
34576
27191
17961
17933
18969
38977
32141
20163
25145
29342
15232
7695
16615
11771
9449
15797
23022
18641
28004
31837
14023
28874
6591
37622
28516
34597
1734
6723
38349
9023
24145
32262
35363
16979
28728
29775
14518
15771
1363
31080
37160
10035
37727
21141
25624
13731
37884
18453
31381
7769
19709
26416
34217
3103
20268
32679
19079
18946
17342
30184
38158
32060
9058
2096
33362
29880
32175
9849
25190
6415
28097
10967
34511
35393
9558
5562
3658
28327
30567
26180
26415
35849
33255
33823
2025
16138
28180
17999
36735
14020
1373
7090
28683
3463
25959
2895
27823
11673
14642
28407
30448
37013
11225
35931
18263
16584
12663
22869
18349
10163
17561
17954
24629
27427
34772
1416
8660
14537
11415
7465
37730
2065
5415
31884
27180
12625
34059
6505
20407
13300
19231
25393
23004
6363
21924
1276
18971
13580
16342
21712
19951
24197
1971
21884
10992
20807
9397
4416
28182
16758
19419
8861
25805
14688
15597
7639
35041
18430
38892
15766
17813
37430
3691
13781
28555
34677
19754
30908
16383
22440
14339
10915
12804
27633
9633
13014
37956
10160
7803
10732
17957
31051
30465
13175
11618
29398
2584
7984
38032
19141
19802
5239
24267
27947
31244
29835
22871
9274
531
26394
21939
7362
25211
36731
10420
23552
23242
32453
17410
34293
33637
27826
6316
951
18442
28485
20965
19170
5390
14538
26801
11012
1484
36668
34735
11583
18371
28460
32568
17776
26338
10067
26668
4920
35307
31033
29140
20750
37790
2215
6547
16839
16462
18904
21697
31935
22245
8097
35671
10025
25836
4367
25799
21696
17768
4977
25934
25368
31714
16646
16246
11215
32805
13498
14869
25467
19900
919
9202
26051
33257
8731
1327
3714
10188
15272
15082
4742
25355
4947
24660
10501
14606
17024
33635
32054
21915
34527
890
26536
3913
14273
2459
27738
24883
14175
10152
38951
26255
6471
37555
20082
30763
24873
36070
9789
11999
13862
28619
10637
26867
12396
24056
23368
15369
30977
34403
18790
12752
18964
36366
20190
30589
26945
26908
37969
7162
26463
11617
4924
25010
789
3256
5377
33708
12126
30433
31560
2818
17907
4855
5055
4035
847
11184
6128
37169
35823
54
33019
957
8381
22906
36320
9044
29589
15115
6109
8808
29871
37485
10422
38100
24935
33416
22369
11036
26216
31325
18503
1517
11405
909
34713
1940
28306
17659
11981
6107
13985
6459
32588
25214
25151
5430
29879
27549
17308
38106
20971
25373
38920
37993
19177
13567
15537
3800
33565
1471
7561
25620
24762
26822
15211
33539
19903
2542
10108
37437
26197
18262
32364
16238
14468
7186
7526
30256
27640
3616
20391
21251
5244
35088
6773
36682
10241
9375
33497
19560
7129
21545
21765
35643
2721
86
28530
32148
9969
16364
9866
32652
1340
19895
27109
2327
12370
5226
22585
14373
37489
4441
33980
22900
5068
7602
4139
495
699
22665
32121
6541
10741
15374
8084
26858
1275
28855
26957
12461
14983
32887
8873
11815
32934
24357
15899
4491
13223
19423
3964
28910
35864
38481
13301
29586
15362
33077
20450
12080
35972
34508
20185
26878
29807
24070
34961
33909
9143
21464
32830
18488
35390
28049
17849
12881
29874
35109
3269
18145
4707
5670
3036
32238
21053
31512
16028
2640
867
22684
19662
7826
18136
19912
22797
33557
8298
17703
30962
24483
31268
5797
5813
8080
2326
1906
22466
36062
9129
17219
27793
4003
26832
22758
3450
412
16503
9328
21790
32847
21096
12833
24803
22847
9296
24339
28176
24157
22250
31979
16379
6069
16538
30544
19223
13666
31568
30372
6106
31251
7898
8408
2200
12580
201
16566
17901
27829
2627
29979
21663
34765
26788
14527
1125
31572
37111
17571
36725
26445
21677
29797
11073
25366
8399
26052
23432
3646
17337
24372
14280
32318
16643
33604
30108
31209
4440
22397
23296
20843
33398
9082
17839
7286
37491
1180
8955
22776
5075
1507
28551
14885
6676
24946
18716
673
29804
4374
273
36461
7819
16307
33818
13729
29915
2478
28611
9950
6061
25013
15440
25794
11440
19543
1169
21654
8837
25901
508
10010
31816
17033
22339
10051
13293
22556
1913
4878
23314
24837
12930
28642
4535
9841
14343
37159
17669
29076
30693
25056
13281
28444
14336
20695
38509
29926
21291
32047
35737
4469
12657
405
25991
16170
18067
3791
819
21301
30783
24287
1270
37031
34023
6057
33597
22719
5817
33145
22157
30580
27896
36069
14128
13581
38462
35148
28752
2965
2646
18535
35413
1747
18158
34045
27854
34224
8140
28032
2250
6111
13865
5742
20341
26995
21932
2443
22913
27053
18468
7125
15918
14736
36612
2504
6856
2298
10249
29899
36298
35895
5123
454
31550
31338
36219
23959
22415
8803
26620
20790
16141
37933
6508
28546
36258
4758
21813
29279
8954
28155
9938
35052
12387
23197
19882
6516
4104
32181
3848
927
8005
10958
17116
22729
15925
35599
18170
19339
4807
25565
29394
10639
10723
19653
1633
37634
30910
2013
21511
5958
16301
28419
26709
34712
28087
11804
31722
579
37067
32659
37649
25654
907
3990
29945
21444
2383
37858
24003
16450
9392
30824
34057
27661
19077
23138
31073
29670
22296
9247
2852
6122
38692
22251
16236
32065
5425
11998
23963
32744
28983
5232
35469
8644
8046
627
12765
27573
6075
32525
13894
25299
23293
24307
14968
20541
16739
32110
15043
8236
29773
32261
18820
241
4250
8896
21779
21613
8617
31112
4582
5966
14923
13957
27739
11853
18588
10070
803
37029
13780
12843
36724
30476
15673
1693
15975
17856
3497
7563
12350
27780
25706
39050
31894
20069
19535
2947
13737
28812
6564
38760
6830
29808
6634
3493
33612
36915
32312
28836
442
29272
16352
23225
6255
4289
2783
22142
25677
35235
37363
25043
2288
38143
24528
2696
14959
32519
29493
36784
14125
21991
3236
14565
7876
11935
9376
8528
6517
36583
12871
33920
36588
23786
18457
28521
21687
7846
34227
15742
8129
32413
4316
29606
8633
4985
20472
891
9930
8649
15454
6400
36271
24963
38814
21848
33695
22238
31507
27097
12514
29432
37921
26120
18602
7562
38643
25159
31522
23602
9674
2923
14619
33075
251
28780
462
2675
37786
37263
2080
18071
20920
3559
27785
13574
35256
9907
10855
14126
13846
30291
3314
32913
19353
18249
35374
34025
21688
7292
38619
30593
24464
30478
3622
16279
10748
3284
21963
1042
3304
17974
305
1563
13981
17189
32871
15270
37772
27708
31484
4708
19432
19267
25271
4548
32156
36323
4918
34463
9169
34792
31405
33800
9336
13790
2113
31281
22582
21584
21294
33390
19402
13663
23236
17173
15134
39115
12313
6241
34208
13540
268
22746
11157
26684
34090
21542
32429
29396
8866
19516
39000
23574
18614
35093
1949
27116
34615
18407
19287
17396
18612
23083
6760
13287
5472
14690
9693
7503
34756
8263
13197
2833
9654
38597
2235
34264
28539
28645
10333
2881
12614
5840
1800
15581
26303
27944
24925
11928
10480
10336
11843
23222
17429
20150
30974
345
9076
27514
23569
36110
8112
4310
18531
34024
35688
6870
23480
32423
12860
5693
11067
29526
37813
17146
1056
12182
6633
36025
38704
20890
32590
4635
33805
8499
22467
3514
5456
12260
27923
4118
8389
23272
2365
7344
8789
33364
3744
7114
14928
1177
133
13263
10804
25486
37139
9516
17557
13001
29744
23201
36287
37412
28046
29829
11762
26225
19165
20815
20433
37665
13922
11704
13868
1226
6173
12034
4709
26009
6419
21299
34560
14699
22056
21094
15027
29782
31168
24052
7433
27215
34417
18841
36710
2503
15201
10960
10170
31783
26242
2968
17943
24897
31786
12869
8597
32995
11757
28567
17981
8518
128
38110
8195
7030
20400
34071
3702
32866
9165
2238
17660
25574
34448
3796
32417
19007
9153
38669
23999
4645
14150
25675
11177
33353
16253
27385
36066
25537
30623
20842
35355
24265
12951
4463
4364
30432
2536
2869
11333
2789
18786
22951
7068
27619
22006
21272
18264
26459
363
23563
13154
35320
34253
19359
24301
27195
28817
20160
8327
26989
17100
6986
19303
14352
37241
33546
19484
27508
14810
4216
19384
3710
22503
4178
33515
3675
18524
27946
20847
1663
4103
27203
9438
18909
19428
22343
26110
14922
14957
19845
36133
34901
10344
33495
32593
16567
5190
29014
26886
20452
1752
9353
14947
27309
18493
9054
3583
14633
8831
33267
30572
25191
26594
12813
3446
14856
23483
24305
1349
22331
36346
36514
14394
20740
21088
9564
8777
17148
18743
28705
24224
12897
21453
5576
20233
19736
15911
10852
5364
335
27671
17495
36370
25683
19696
13492
376
24328
5560
15296
31617
18012
73
14649
1858
11519
24218
2595
8938
14287
15800
35257
38665
15772
5011
5694
23318
5701
18624
585
6687
17046
3033
4941
23427
21490
10739
5019
38493
17995
38404
26432
21567
33377
16346
19240
4820
11716
36570
35940
34993
35724
16248
5596
35760
7533
18260
12399
26646
31690
22563
30341
5807
23987
15044
7535
17371
34171
18021
35104
4806
10222
1575
6477
33248
7641
37071
32843
35681
14359
29989
686
5395
28465
19812
14353
26633
38249
2722
1147
10670
353
17278
9808
14954
31322
1278
1915
34676
17460
19202
36773
23738
22117
30041
3912
9592
18475
10130
