396
140
109
180
17
330
277
333
308
8
323
31
172
246
299
272
149
353
47
62
158
50
170
26
128
130
298
33
267
22
365
59
25
70
366
392
138
156
99
278
250
296
82
262
94
372
104
354
313
66
395
19
305
266
153
367
216
370
391
136
275
134
65
318
80
137
141
283
191
69
146
10
139
58
173
199
338
163
164
194
106
125
38
151
124
285
256
75
167
398
244
64
150
286
98
287
249
339
265
279
209
13
362
16
384
7
155
222
135
382
369
105
227
360
314
224
88
303
221
35
289
229
115
43
160
326
107
238
159
352
301
84
193
73
36
304
309
260
83
63
373
320
72
235
232
383
264
14
295
288
236
212
79
42
108
53
44
148
294
197
281
276
102
332
183
207
268
196
9
331
56
2
20
312
178
274
240
143
315
213
129
356
201
206
254
214
192
290
1
152
154
198
358
195
127
4
226
385
217
270
24
328
359
357
336
327
302
40
46
344
248
205
340
245
166
116
120
381
204
78
90
257
311
300
349
394
169
233
114
61
239
210
341
297
93
144
389
176
230
161
187
322
291
397
60
34
175
5
121
119
242
147
177
181
223
241
81
393
218
237
345
96
377
118
190
142
49
103
6
310
219
371
374
316
388
186
30
234
92
390
122
182
351
261
184
112
253
387
347
68
15
348
292
117
45
145
48
