187
254
40
368
166
148
51
347
55
391
384
22
342
110
328
25
7
300
75
12
114
350
241
105
257
345
324
387
361
9
224
337
72
185
45
121
179
181
394
35
242
182
274
154
221
21
308
211
220
290
139
133
135
321
377
53
6
175
231
261
240
282
57
177
29
267
298
223
195
59
249
301
5
3
314
210
108
201
331
357
54
235
116
24
122
160
230
270
42
124
152
174
132
164
41
87
285
63
206
260
81
252
398
262
112
365
370
84
94
77
245
101
163
386
396
126
60
61
395
199
92
151
268
271
316
251
264
287
212
318
134
191
49
10
390
99
266
4
202
315
90
180
278
37
311
8
1
43
96
0
265
355
381
38
237
319
306
388
238
326
375
371
11
256
140
19
32
297
339
352
275
143
218
317
48
194
171
228
170
276
68
346
236
227
47
213
56
13
302
88
169
222
67
232
250
215
192
18
95
248
295
332
44
209
31
247
338
208
291
292
372
198
246
379
113
93
214
277
354
233
74
196
366
79
176
165
64
188
382
393
294
279
193
23
259
178
144
78
136
281
89
356
76
320
226
161
362
344
36
336
216
189
123
50
373
333
157
120
334
80
119
323
156
128
138
158
111
359
225
149
141
97
15
325
205
137
244
16
207
397
127
303
70
203
392
369
130
71
280
380
115
155
190
378
28
376
83
