7
377
64
150
343
340
175
180
243
369
9
28
360
142
106
143
319
289
295
372
184
173
313
296
69
5
48
326
260
263
147
219
373
65
159
329
50
391
114
389
257
251
385
249
104
322
265
76
120
225
82
46
327
185
332
279
355
188
99
348
44
344
35
121
346
95
303
22
27
254
78
286
151
347
220
164
117
269
281
270
252
382
218
187
374
291
394
288
29
338
211
56
108
174
242
331
238
366
70
223
367
309
66
171
379
58
191
350
398
328
67
255
380
119
368
133
3
10
315
11
40
239
392
2
24
267
378
396
141
364
349
199
258
127
49
300
167
268
330
75
190
154
334
125
317
43
213
79
271
84
195
259
305
144
45
100
335
152
196
6
226
299
381
359
149
241
198
197
202
165
30
181
74
132
53
236
244
386
134
88
112
354
103
284
186
293
227
122
262
155
98
4
216
362
87
57
272
15
311
282
276
21
210
37
177
209
371
92
307
156
61
214
337
34
246
312
135
206
54
323
375
352
161
318
115
222
17
105
123
376
96
137
310
205
321
207
63
85
208
73
324
158
176
261
248
342
179
253
109
192
107
245
308
23
32
86
39
52
51
80
62
146
47
280
395
124
235
83
298
200
345
172
339
140
129
42
71
163
38
157
170
294
287
193
110
302
230
363
370
240
130
166
60
20
393
353
138
