2334
2726
8675
6819
3967
241
2208
1353
7633
8337
629
6744
221
7839
4156
8055
1931
5973
5097
6547
1816
7718
7150
1349
7036
1692
609
4041
8588
1812
2567
7554
4778
4621
3955
5191
4353
6775
2607
8103
8445
2807
15
1675
3077
7104
66
8712
7614
2462
8330
6252
2391
1254
3175
7375
2359
7147
8669
4012
7888
5178
6593
5908
6471
7748
475
1955
1959
6794
2579
237
5310
4613
6626
2690
3850
8409
6979
4992
1559
7437
4401
6587
6958
3882
3623
2965
6439
8633
1427
468
5287
2042
6198
6924
2610
7387
8372
1229
7642
6210
1589
6516
8652
132
6736
6356
1980
317
6316
5536
7352
5552
7608
2696
4624
5839
7599
1930
1448
1934
7707
8263
8317
6803
5098
7034
1025
1037
7270
5598
2224
4777
3171
3584
2698
3935
1029
6740
1864
6186
2590
2406
5355
7996
1144
2968
2004
3307
7867
5049
6256
5969
3696
6497
6246
4784
5508
6638
8255
5225
5421
6832
1668
7225
4519
3744
6522
588
5037
6117
2541
3702
1286
6000
266
235
7739
7275
5475
6866
3576
1186
3936
3676
4364
6165
7328
2476
8760
1806
1560
7662
1768
6571
824
8514
4004
7240
8374
7480
4572
4649
280
3054
959
4028
1445
751
890
8638
7459
2494
2812
5909
6348
5884
357
2791
5777
730
7853
5817
3393
4198
8562
5302
403
1166
321
8651
8549
7883
814
7063
5692
6289
5159
7577
2288
8395
715
3457
5711
5710
6275
576
3425
7893
238
8416
4270
2309
6526
6420
4006
1573
3301
8469
4264
2351
2819
8727
7778
3267
6791
6968
2782
4453
4233
1209
5459
6050
6416
5673
2390
6541
4411
3774
979
4912
5971
4994
2282
5262
698
8320
3518
7303
8198
2632
6339
7705
2523
2029
876
6135
8620
7997
5571
7281
301
7253
2232
5891
2913
8335
6061
4332
5006
5368
5363
4854
2712
8010
6470
2602
8007
5215
768
3634
2776
5897
5486
351
4851
3123
348
7667
3100
5600
8684
5696
8563
5282
1937
2213
5179
2341
7071
7444
713
838
4354
3553
250
1018
3423
3925
8716
6631
2276
5844
4751
5788
691
6771
5813
833
8307
2695
1314
4482
3839
1748
6767
573
871
5056
6707
1026
5995
4726
8787
2206
7332
2953
4194
6604
4175
1520
8527
783
4958
4606
1446
4137
3099
5140
1603
2742
3279
3392
6430
4853
4901
3359
6125
7710
1600
1240
5846
5942
5138
7012
1014
5043
7898
1075
282
2050
1947
2076
2426
5657
6569
1928
2260
5462
276
101
4636
6563
8313
3151
7366
3997
3803
5364
8270
7632
5397
6001
5009
6225
2367
663
383
3840
4320
6862
4105
4785
2865
8510
3542
6444
5789
5667
4423
1001
7257
8671
1800
11
8400
1395
2057
2636
3117
3683
114
1766
2893
6735
6243
7639
2231
4826
2325
640
7145
8691
8640
4791
1289
7964
6785
7954
4003
2225
8504
1809
188
7449
8753
2417
3952
2790
2570
5496
2026
5124
6441
1582
1035
8058
4195
20
8267
7096
2027
1033
3056
183
8772
2156
763
7628
3063
3417
586
7129
806
4857
539
6378
3901
5064
5870
8765
610
245
5442
604
5959
8461
8492
7049
826
4465
6049
6209
4799
4900
464
7619
3212
2578
3104
1130
7127
4949
4985
2457
7917
5717
5938
4841
2914
427
5608
5465
6857
601
4790
5365
4564
677
8418
742
5409
302
3174
25
5781
6776
8323
5236
3808
3789
5424
1724
8506
5154
165
5021
1463
8558
1358
4149
7265
8049
8034
7305
7217
2482
6808
1298
2133
7986
5966
6267
1960
6782
5243
8314
155
1990
8121
2820
7684
3519
5463
8717
4100
5603
1988
5937
4891
6240
2183
3186
3193
5633
929
8593
4779
8240
5146
7613
4615
2304
5209
3015
6028
7232
3715
554
3222
8788
1071
7716
595
286
6023
6435
8715
297
7671
6619
2223
3913
4840
3169
2056
3538
143
6476
6690
451
5523
1366
5671
1208
4370
8091
5557
5172
5836
6467
5281
2860
5477
5334
8595
5329
3403
2035
8147
1987
1425
7695
84
4473
2431
7740
8589
7278
2114
6732
6081
192
1558
8490
3038
7289
6251
6074
3726
7345
3153
5540
5427
5618
4515
659
4275
5863
3135
3157
2479
345
2286
4620
31
5342
5460
2423
3958
2394
1421
7792
4563
6805
7325
6464
8291
6262
4929
7370
4168
3548
4242
7022
2342
4350
461
1304
7595
6994
8325
7953
1849
2173
1811
8006
8661
1360
3185
7346
6809
4050
3269
1911
1807
2134
2780
2293
718
4669
5859
476
7962
771
6789
4474
1462
3139
5306
3408
1492
956
1852
4428
3589
1620
69
3943
122
1941
7573
577
6975
4406
6332
1332
8074
1626
1311
8024
8331
4053
1771
1177
7300
1790
6570
3455
4719
877
3402
8223
4592
152
2850
5672
3651
7298
7587
1122
3681
1495
6931
3059
6817
8225
7782
6778
18
1350
4363
3209
4483
340
7286
1664
756
1207
3484
7141
4950
8526
1590
6906
5391
8293
227
5111
3244
1243
6698
7660
7697
3240
1187
1352
2354
5020
7386
3034
4127
6480
1465
1336
5106
6842
8656
5002
5280
7676
2468
1524
3017
3435
8171
3590
3158
2264
2910
1696
6115
5770
7228
4824
5425
3042
7939
1563
1214
6953
6797
3719
2066
7085
5446
1501
1455
7105
6930
7914
2613
1248
3079
582
6762
603
6176
3554
4833
7762
3362
6187
2678
3642
5013
510
3448
1655
3646
860
6756
1621
8555
6620
681
8465
7075
1964
3754
2828
7152
3861
674
2806
163
2938
1297
3677
6193
2372
5542
867
5290
1841
248
448
2988
7391
5693
30
6254
29
1670
1317
1936
8222
8157
4947
7855
8200
8305
8438
1422
8087
6730
8130
97
6749
6400
331
127
3595
4555
3950
439
2402
3145
4906
7906
4252
7831
8723
7322
4029
7224
8012
6486
1084
7724
2235
6093
6018
8566
1956
4375
6207
1386
1953
478
5576
600
1576
7353
2811
2403
4160
507
2432
5860
513
3409
398
5721
6969
6221
1359
8202
4434
2399
6215
2427
1538
2993
8245
36
6838
6739
4164
6605
2013
1005
5819
817
628
5605
4576
2622
4296
4140
873
4070
7827
3205
3317
1835
3722
7866
3815
3863
1374
6662
4812
3910
5239
5780
2150
5787
5689
2593
6534
1528
7093
3356
592
4491
2575
6129
54
1565
6016
8779
6504
5560
4573
1382
5089
2909
2281
6672
2393
5197
7567
8356
5230
5055
7933
6882
5276
1623
8740
5538
1517
1971
941
5335
5294
5663
5722
1510
45
5791
3458
447
6628
4121
3184
6496
291
6266
584
3991
5278
1315
5766
2931
5913
1530
8623
4691
8351
946
1473
2244
6403
5857
5509
1909
4461
6179
894
2707
1339
5156
5915
467
4157
7479
6836
4476
8035
7059
565
2815
3022
4323
3653
1340
8070
53
1881
6489
8584
598
1977
6872
8143
1628
3413
6057
2802
7875
3654
2634
6558
4118
5854
2362
3231
7957
8458
3790
5402
5490
3360
910
1751
7188
8068
721
3737
3235
7362
2253
6592
3434
6524
1945
2415
6183
811
3110
8098
6559
6164
7809
4241
6152
1316
4794
2979
3980
3321
4454
5826
2624
1693
519
6445
4295
3225
3805
3928
2062
121
8114
4539
3906
3075
4174
195
3074
4626
430
3620
2530
7540
700
4516
8622
7490
3631
1631
802
4445
6272
3671
2294
3266
7065
7320
474
1556
205
1765
2661
4458
3050
7985
2756
2997
8704
12
3163
2302
6231
5388
4979
6844
1935
4309
3316
2749
8299
7551
2287
722
8780
7700
5685
6384
4139
918
5753
5103
5094
5970
5688
2361
4805
6298
958
6484
4246
8406
3993
7174
3742
753
4358
4452
5831
671
7841
7907
5476
4768
1824
6737
3663
8457
7342
7373
81
5175
5921
3020
400
6258
7643
6753
7383
6839
5914
8628
3132
4000
2465
1105
6907
153
963
8703
549
8729
1969
8265
5284
218
3832
8194
1333
3366
79
1408
6218
5288
6777
8420
6382
8530
5803
1851
7983
7290
5980
5034
443
815
5643
7630
6335
971
6052
2182
796
2365
4836
3116
5238
4018
1114
7122
1706
7920
6155
4735
731
4869
3345
5042
2279
5359
7837
8683
2833
647
8284
3874
7457
3893
5031
8338
3083
7487
7767
5083
8500
6170
1324
8046
6600
3907
8536
2858
4479
7971
3406
726
5470
2392
7058
1178
6859
4463
8587
4271
7472
3762
5412
5720
5642
5044
4186
214
512
5649
341
6250
4628
864
4715
8051
3837
411
168
3800
8233
8523
1508
1789
103
953
8283
394
1850
4203
1073
8568
1609
311
6746
8389
436
836
6175
4240
6625
4297
6058
6419
2787
6786
1394
3892
1092
679
6517
494
8572
4317
835
1275
7016
8411
2437
8192
4604
5411
5024
62
1761
1773
392
7754
623
7160
7317
3181
2109
5356
7713
6131
7360
7528
7553
3957
6178
7235
5155
6766
2083
5260
936
3838
6823
7885
2041
3092
5308
8251
5200
1007
3109
1393
1774
4945
5126
8343
8532
3921
5254
8209
2074
2837
7572
4614
2687
4501
440
2072
8084
589
2947
5731
6898
5581
8470
4448
4760
6009
7772
5213
3349
5520
4292
3500
2089
1737
4054
7798
7334
307
1708
2733
2553
4625
1156
8266
3822
7067
1376
3795
1758
4470
4681
5466
7584
785
3658
8140
267
8328
8494
7620
8446
4605
3544
8306
3504
7832
2127
7509
2040
7190
1752
4782
4852
5705
6679
459
7901
315
2694
5105
5129
5084
72
5774
5874
911
4398
3161
4850
8062
5134
724
1561
4795
8003
3122
5792
6699
466
7214
409
2125
4005
5985
7356
5257
4190
3376
1507
3834
3807
1553
1330
4008
3657
6525
1283
4819
3909
5993
7913
1165
3010
2352
8023
5592
6202
2672
3391
1383
4789
452
4331
4497
7327
1405
1487
2135
8239
7176
1344
8353
4837
8088
2329
2861
3073
4009
6048
4960
5630
3782
1469
5514
1009
2204
3046
4328
1567
6014
4290
4498
4642
7955
3428
5958
2139
6946
3097
4831
3675
2539
7926
8624
7455
3141
7687
4367
5271
4728
5182
7467
3357
7516
8309
5626
8298
552
7589
619
6633
7732
6503
2676
903
1804
4742
7976
8672
8029
184
7824
5095
5116
1998
8094
2166
4457
2650
2868
197
3586
2198
1885
372
6455
4340
1088
7960
1454
3003
4855
1091
1543
3429
7139
4278
6561
1299
1951
797
7848
123
3854
4609
8452
3450
189
6687
6421
6239
4248
8476
4045
5910
8770
8512
5015
8663
1057
1649
528
686
7585
7126
3375
1585
1760
3966
2688
3261
1118
5149
1237
1515
2585
8350
6774
1918
649
7757
841
38
3483
3397
5177
1827
7995
3118
7421
6498
1975
3555
6451
1839
4802
2411
1049
5625
7694
916
4987
5166
8501
7686
4109
8017
7774
6163
5347
6136
778
7321
1312
7618
2682
7033
3989
2888
7263
973
6352
3328
6387
8539
2643
6851
5903
7536
7363
4714
5176
2289
8005
3547
6353
8576
7288
5180
5577
3245
957
3698
3229
6151
2897
4183
781
2740
1480
6032
4202
616
6395
5432
6083
2331
7115
2668
1093
7876
7847
4705
5634
5726
7426
6188
1895
5456
3848
8248
5032
6327
7811
5101
7571
2383
7822
8086
5327
6012
2982
4966
1540
2053
1613
401
1617
8451
8687
3717
3232
3793
243
8279
4708
7119
6283
17
4674
8427
6532
4478
1139
8065
3959
7095
60
499
2542
5999
4977
3640
8381
2564
2002
8402
919
1003
6914
3383
7673
5765
1117
374
904
5876
391
7507
5413
6821
5811
293
5379
8185
3453
8229
3461
5752
2737
3491
8556
3648
1417
6520
4480
3241
496
7460
1346
8182
8479
7682
536
4134
7365
5022
7969
4690
6610
6716
2804
232
3978
3082
1278
995
8538
4114
3327
7450
2064
8105
6664
433
1059
7527
8719
7812
3167
7083
2386
5303
7326
4217
6598
5071
5259
2011
1819
1697
5314
1320
6344
2544
3730
222
5758
355
8020
3173
6602
5293
784
7111
937
362
3223
5651
5377
6769
992
4577
198
6783
327
5339
933
3201
6634
1656
6588
1657
6574
7735
8737
1860
3578
148
3333
6320
8735
2639
6694
2671
4342
6899
2658
1036
8746
2964
7838
6249
4696
4798
4973
5480
8388
1588
1803
1820
8775
8177
1723
2058
7951
8786
7301
3407
2491
717
3369
3043
4424
5454
744
8050
2461
1967
5387
520
7379
7440
8468
8092
6388
2517
7840
3200
8580
6004
5417
1720
3685
7659
8548
32
4645
5906
7966
342
5489
2966
5987
7210
5801
3032
7502
444
5572
450
3170
7923
4216
5038
2201
2592
1944
2822
3365
6577
6650
7092
4087
2374
5738
3280
5438
5452
6457
920
2471
6293
5065
1154
306
6742
3783
892
7158
1180
5502
745
4651
8764
7485
399
2889
3354
6128
8586
1173
1205
3242
7621
4135
3632
5979
8253
2305
4066
2376
176
1650
7790
657
727
8463
1595
8379
2562
6951
5842
8272
8733
1161
6469
2000
4630
3000
6988
1182
7598
1341
2719
4049
4877
7153
5680
1599
1999
6685
4712
7745
5494
8619
1404
1034
139
4701
8154
3257
2065
2097
8426
1882
5237
6245
4917
8571
7430
4400
8187
948
135
1409
5964
1571
2153
5778
939
4683
402
2896
5584
7666
2514
1483
1814
2158
3346
1662
34
5746
2892
5326
7555
7805
729
7675
683
8554
8367
1272
4924
940
2474
6196
5624
7508
5678
7239
759
5093
705
8756
115
837
4931
1212
4730
2583
2205
6459
6706
6423
7965
4668
4575
1244
4596
851
3695
680
3920
6160
3501
1519
6280
7749
5167
4676
2857
1086
269
5143
2950
6701
4221
2662
6373
1551
5597
8403
2107
5420
3107
5699
7769
3725
6003
1064
1381
4952
3963
378
5960
39
6820
6039
5162
3194
16
6036
2459
5591
6591
4972
866
7897
4046
4807
1079
6315
5505
8613
615
7514
8188
3076
6482
28
5468
3732
7648
2020
1784
2942
3765
281
3156
6465
4010
1531
6350
3819
4184
692
1608
2513
1646
1973
4440
7406
7865
5231
1782
3335
2561
4965
2546
7336
4874
4360
1921
2716
5375
8373
2441
5526
7260
4529
2500
4265
2902
6654
7369
1138
6653
8214
7765
2757
2317
4459
7734
8577
161
4622
2876
4734
8342
3278
2574
2070
6992
1833
8644
1398
1488
6822
3641
1932
5875
6072
1605
133
6468
1406
3394
8275
8208
2333
8650
6005
3347
2102
7315
5232
2060
5341
8252
3633
1062
3559
6660
4663
500
5522
3574
4783
7874
8430
8174
3140
6505
6024
908
7133
6330
617
6576
1772
6830
7544
4455
7418
1143
2547
6896
7446
4487
8319
26
6970
6214
7475
7412
2550
6149
4711
846
4249
3325
2054
5436
4392
3230
8186
7795
2477
4188
7400
2430
2599
3081
8232
1461
6920
6002
5570
2732
8404
339
3276
3573
126
7252
6257
1142
1210
6966
5923
5315
2005
6865
2864
6479
684
5776
7130
6545
6234
5524
1569
3707
2911
1702
6310
3018
8488
3509
1614
3797
2531
8744
5352
6103
2588
7755
6647
1256
3946
4468
3665
4034
593
3066
3219
6802
4107
3449
2167
324
2843
2990
4488
7098
1435
7594
7895
5272
5194
7
3779
4382
1915
1097
162
7683
3585
8354
7004
3949
8078
4881
4704
2854
8064
5110
141
5824
8340
1347
1474
7262
4112
7900
2736
3894
1195
4254
666
7203
4430
5189
6825
4610
650
294
6617
1866
1402
5880
4867
3716
809
5677
5305
6912
2884
4163
2184
3575
2871
7562
2445
458
672
3932
2215
2887
766
1044
578
4058
8592
2115
3609
6938
8399
581
4322
1325
8757
365
1202
840
202
2851
3825
1557
2409
4718
859
2489
2746
6841
4262
4859
4793
5245
6309
2779
998
7532
6763
2301
7547
1367
7264
6850
196
6885
2838
3322
6827
5499
1290
7314
6076
6492
3226
1919
4385
3975
2980
3517
1762
8169
6903
479
4007
7534
2189
4306
6811
4079
5439
1616
7723
5559
5645
4158
8163
4093
7833
6528
7132
969
3599
6224
2631
2502
6961
5561
2765
3355
7089
6203
6665
6554
75
4585
1523
627
284
8257
3638
7021
7442
4014
1236
1252
3656
8137
6037
856
3315
3202
1871
5676
1419
821
7064
2863
8396
7563
2395
2144
4147
8550
4268
2049
5691
3436
3908
5703
1512
8364
8256
897
1742
2586
3939
2572
4356
2569
8128
6645
8106
3507
8273
7072
3912
3249
4844
3812
7404
5269
6086
5435
7794
1847
5434
4442
4349
822
4178
2701
2101
96
6195
7037
4732
4959
3571
310
275
3628
2669
682
7407
5137
8785
8449
2844
3373
6682
1791
4644
8125
2862
4337
6311
789
2552
8090
4288
6393
875
2228
618
2389
3396
3216
3512
5495
4040
2073
5665
74
413
5533
4773
2106
303
8484
8398
1901
4065
4775
2645
5732
2873
2522
2230
3539
2524
1869
2185
7896
2603
6226
71
8708
219
8560
7515
6199
2767
1228
6434
4918
1781
3582
6655
4616
7738
5804
2989
4019
3248
3252
2254
8777
2197
782
2652
4339
3273
7556
3810
6105
2030
6228
1198
4234
1162
5707
7172
7629
7511
6121
3115
4551
4078
4142
651
329
4925
5916
8215
5917
6952
3983
5822
40
4015
5323
5174
2145
4207
8655
7681
5384
1660
6053
1496
5812
7930
3035
4200
1054
5541
1125
5073
7135
7010
2685
7593
1518
8621
3852
379
6065
5403
5652
545
2912
3714
7791
7428
3136
2677
5353
2885
5513
2446
1011
548
3775
178
3694
6704
7493
2774
978
884
206
8567
309
7200
6705
5716
1000
102
4299
3610
703
298
7730
8682
3498
6472
7929
5629
8385
1954
4969
8582
2918
6055
6301
6204
4113
7097
6461
4787
7247
4560
1938
166
7948
106
3044
8300
35
6034
2803
1053
7087
673
5123
4667
412
2307
3836
8701
7364
2176
6114
6696
4983
2626
8789
2816
4723
4176
90
3947
5928
2258
1108
5300
723
8318
7015
881
4449
4256
1825
652
4503
8634
7776
5653
167
685
3756
3786
8748
529
896
3902
7424
2970
7297
3286
8517
6241
3814
274
5613
812
4513
338
7609
8303
1215
8502
4051
716
4148
1193
4619
2568
2151
2043
591
3129
3259
2480
3801
6454
7343
1470
5617
5866
1355
6788
694
3236
3029
1787
4647
8578
2515
7698
515
1905
761
1170
7773
5950
8332
6933
3071
750
5887
5783
7771
6284
5028
1188
8249
935
7258
8172
8178
4986
4111
4415
7975
2274
1914
5507
2387
7959
3870
8301
5152
3334
86
3962
93
4286
335
2356
4359
8349
3778
7403
1924
7272
8219
1479
6369
3926
6613
1982
5728
2629
8013
6964
5530
61
2778
4538
3119
7525
2472
8008
6712
4189
6255
2061
1313
5615
818
5940
7266
5990
7806
5807
4404
1604
8602
7863
4076
5127
7169
4670
845
2724
6557
1726
8109
6741
2132
7180
1124
6091
5833
2006
330
3150
1287
445
4373
2532
3260
1115
1922
3183
1377
6681
2100
6544
2090
2373
4120
4934
1927
1250
2735
4594
2165
2551
426
4880
3182
385
1100
575
8009
4521
4237
8380
396
6477
174
3395
252
8782
2960
8690
4315
6846
524
6692
8581
501
2700
4259
6564
2036
6644
472
1994
4033
3311
1369
4343
1107
5153
145
526
5122
7051
3622
648
4871
2131
7654
1239
5935
5405
2516
4371
2605
967
6711
4514
159
6957
7202
2265
706
661
5755
5088
6323
3885
8129
6949
813
2571
2255
2784
1705
5381
638
1526
8508
1043
3463
1923
8355
3611
711
2772
6324
4348
429
636
2704
158
2638
2136
213
8432
7715
7580
3112
6116
1397
7116
4312
6668
7171
3557
3986
5503
4167
6596
5578
605
8123
1414
8454
4123
3904
3998
2834
594
523
3288
6418
7552
1710
3372
5060
6586
142
1253
8176
5519
2118
2022
4757
7019
3146
3197
3358
1217
4633
2241
502
5458
1896
3536
292
8036
3758
7634
1104
5357
5567
6834
185
4427
5924
634
3549
2715
4204
1689
233
2492
6092
5808
4739
3960
8032
5936
2664
186
1581
3014
3627
550
4713
5085
4467
6607
4526
4179
6718
6208
5404
299
557
1575
7800
2353
8531
7905
3951
8453
3914
5120
2324
7764
7932
7854
4378
1265
7703
1074
1274
3190
2635
7889
5017
1490
7631
1056
7453
8694
6537
5058
997
1096
1639
2410
5366
1385
2290
2168
6985
3895
7337
1798
4664
7940
6710
1682
1135
8419
3011
4308
2243
5902
8180
7333
7858
1357
5351
4559
2755
6354
1292
4355
3348
2711
6715
5948
6321
4574
1364
5400
203
7047
1586
4531
3176
7157
7882
3381
6733
6108
7243
5779
2434
4124
1506
6390
5956
6923
746
6589
624
107
1545
3629
2963
769
7777
6296
2412
8611
8626
8076
1246
3290
2718
1284
1984
3866
3516
938
2397
2155
7674
2478
3456
5841
5396
7140
5830
5835
3824
6935
1897
1867
1251
7398
6999
1968
2821
6156
7560
5119
6361
3094
6017
3089
4717
702
7656
5929
8768
3535
1943
4391
1663
8627
5911
2227
4843
8315
7786
5763
1331
1974
5893
2775
4984
1189
3470
3080
4998
5984
1500
4686
7742
6849
3162
2319
3427
7497
4822
2003
5744
8365
3842
480
2180
373
868
2112
5378
4201
6162
3514
7519
8119
1201
3065
7112
5018
2338
8405
5291
3996
8425
810
912
1566
5285
8676
4996
3749
49
4534
6649
5464
4658
8368
714
2299
7007
6223
8241
8059
8767
7869
8730
2327
5762
2378
8139
3992
1862
858
1261
2545
5662
4808
8695
3953
0
4027
2948
453
2976
7223
8250
2278
6274
7817
7622
3191
6663
6734
7159
2202
922
4655
5818
4528
3087
3990
24
1199
7704
3771
7329
1028
8334
6658
6033
3988
6402
1426
487
6579
7835
5856
6962
1527
5193
7625
4372
7277
1066
4868
489
5014
3227
4889
7124
5121
6488
3265
5816
4832
3965
8519
8193
5336
7025
3206
1763
5016
8752
2717
7770
4520
4652
8289
2220
5892
8609
2839
6548
4699
1444
5027
7668
3442
6111
2237
6683
2758
4743
6487
5253
4800
6466
2710
7938
7462
4506
1537
5900
2679
5832
7602
8269
1533
7569
4227
8378
830
6281
5656
6691
4721
2371
5487
5511
5975
3924
1755
839
3497
804
1728
777
3630
656
2519
4895
6835
6824
5053
6474
5186
7149
7178
7746
3747
5277
2188
6291
1880
7354
4335
1861
1942
3295
8721
52
8061
4407
2015
7617
4250
2306
4146
707
4206
4736
5736
420
428
78
8747
388
5518
1206
6137
8755
2196
5749
7255
3568
2350
6398
4662
8662
8569
8665
367
2870
3755
3787
3780
3673
359
3701
6529
2794
3692
1842
4409
1797
7039
5426
6371
3338
4444
8742
2312
5565
4399
775
7324
3468
4540
4975
5251
7023
6006
5554
642
7520
3878
1636
140
3674
6313
4814
1200
4357
1418
3588
3215
4554
4991
7546
7227
5040
1308
6
5988
6247
3478
272
752
7647
1499
4060
4
558
3933
5444
6754
739
4456
124
540
1776
490
6475
1699
7308
4154
7358
4273
4088
37
4132
7624
6341
2823
5679
4588
4379
7658
456
7091
1685
2234
4030
7768
7815
7445
8207
491
5820
5360
1747
5612
5141
182
2339
6205
8520
982
5733
1976
1260
3606
2222
1370
2943
5361
5601
2814
3239
6292
5033
271
2495
3306
1643
3700
5885
928
6342
2957
2277
3264
6297
3013
6025
3091
27
5647
4839
8025
5081
555
2665
194
3979
4810
346
1502
7060
579
8667
3188
4935
1625
534
1983
3581
2345
3881
3945
2903
3382
5850
8028
2830
5151
1082
6013
4885
5244
6509
2699
2248
3023
6265
7177
2380
6531
7458
5061
1460
1134
5932
6725
1891
7537
3563
3511
5745
2269
6881
4556
1981
6871
7909
5674
4680
3746
4629
5655
6396
2484
1865
927
482
5304
4036
6157
3187
3860
2573
4056
7154
3398
4820
1223
4980
2831
4580
2798
8540
765
7651
6462
7636
6261
3886
4909
7927
1169
7393
2251
6185
2898
4919
7233
8784
3350
1872
3531
1832
989
8027
503
5292
7702
262
7570
1452
285
6031
6990
4352
7657
3308
5898
6893
2322
2728
3473
5573
3009
2080
3644
3410
4210
4129
2315
5754
8149
2875
7414
6063
349
4590
8366
7781
4417
8525
5345
8552
6747
1078
5724
3577
3713
4829
6606
5195
7248
5136
8199
7411
4437
542
7482
6709
2084
7035
787
4675
7821
1521
7249
5761
7649
5582
7797
5646
4907
5340
7911
7499
3731
2795
709
3890
2439
4641
7090
1431
181
4665
7284
5589
8529
2623
1291
5325
6760
6853
6426
5996
667
8496
7441
1440
4921
1716
7640
2438
3899
1432
1877
3486
7596
850
1303
4368
7043
7606
4557
932
6099
4673
4598
760
5079
3569
8358
934
559
7452
5372
653
5128
3086
4130
1197
7438
6863
522
1429
3180
2527
4845
80
8312
3051
5883
6279
3488
3208
3612
4044
8524
5620
5380
7731
3859
7283
8659
3643
8749
925
5052
7401
2611
6123
381
2470
2813
7205
333
2528
434
6172
8144
1504
3748
7121
89
290
6253
567
3159
1233
2490
5139
369
7161
6449
3705
7000
4281
2598
4325
3367
6942
7780
8570
3128
6068
6401
7136
8016
4930
2087
2001
76
4141
7692
8681
2152
3272
8658
901
7982
5785
5035
6260
1230
136
5951
5654
1351
1203
847
3255
2501
2637
8099
6414
7055
5192
8387
7137
2874
5631
5847
8102
2751
7574
5636
3155
5802
1549
6731
6608
1534
7963
5218
699
8483
4617
955
2505
7541
2852
1128
4376
8631
2298
8210
6573
2190
791
8321
21
364
6399
6702
790
172
8466
7788
6641
3741
2691
5953
2901
6227
7603
200
3889
4128
5510
4166
6726
4102
7688
4825
2604
4729
6629
2509
843
7189
2181
5877
6299
1509
2525
8259
2191
6345
6845
8220
3371
3884
6902
8769
696
1095
4185
2534
4365
3147
6609
7652
697
1365
3323
7904
5443
7230
2725
2311
2416
3508
8401
728
3058
3888
725
4300
2174
734
8649
8702
8217
7899
4817
7575
5806
7801
8260
8286
5851
2214
646
747
8206
4284
5142
2157
7280
1040
2481
8281
2594
1972
7374
2761
7830
5590
6858
1592
6217
8218
375
8382
4224
7293
3177
4956
2591
3871
4932
3291
5757
8606
3256
2614
83
3495
8754
7857
7486
3144
6806
4218
1552
1535
3650
1094
2962
3605
1442
2940
1238
4570
1006
1103
2236
5414
6624
4749
5419
1801
7211
6427
4419
4389
3761
2941
8491
4443
774
7018
5740
6729
22
530
1072
5810
5512
6138
4818
6652
3138
2211
4366
2163
8168
2246
8670
4568
7182
2521
1171
6527
4171
2414
6381
3052
1334
2170
2739
4180
6008
3546
1712
8585
587
5087
1458
7238
4508
6714
59
2961
6300
2124
7665
4838
7080
7998
8326
3387
3905
1779
2407
7423
3567
4913
8371
7988
1387
2316
4383
984
1525
5063
3031
7661
3195
4213
3600
6921
7173
1700
5849
8434
4396
8227
6944
314
7388
1601
7282
2916
3766
1413
7236
7871
3472
7548
7008
3733
7928
4682
4890
1468
7849
5316
5845
6919
1137
1966
296
2974
7156
6270
6555
5311
4020
5266
5894
7741
2388
2538
8031
8052
3740
1030
2713
2229
3968
5943
2091
4429
2456
2082
6269
278
6800
8617
8771
2656
2745
1513
3293
5104
5735
368
7408
5500
3374
3213
1087
3179
6113
3166
325
8653
770
7503
7559
7496
3424
7719
8459
1711
4293
3919
6943
3418
5283
8150
6984
5000
5994
4493
4059
3703
2
7759
4776
5082
3452
488
6347
6759
909
3841
6168
7615
6118
2363
19
7925
2252
538
7259
8287
4553
146
2693
2187
5543
8352
6277
6752
463
43
1050
2996
3047
8732
1678
4578
3621
4858
4094
3103
6941
7943
3479
4640
8392
2681
4301
2332
6974
2900
2046
780
961
6386
546
3506
3598
5220
3210
2533
5437
7250
2616
1167
1338
1704
1574
4927
4196
1837
1155
7234
7399
1388
1829
5848
6007
641
3981
2010
5473
8542
2055
3251
7935
3930
7042
8709
5256
7335
4656
5301
6578
2581
7380
6437
6122
4804
1594
2929
4532
1637
6021
5668
6967
3447
1579
5299
7708
8762
1318
820
8725
5131
4546
1160
5133
6127
6271
6519
2113
4215
852
7638
3994
7385
4410
8423
2847
1321
4334
1380
3204
8116
5639
228
3049
2999
6513
8100
4077
2788
1857
2323
3689
8443
975
5743
5250
8288
2768
7956
5610
2670
5234
48
6456
7372
5390
3923
913
3896
389
8155
1412
3106
2370
4377
6512
261
4710
131
560
6495
5408
154
4946
2259
658
1978
2164
2869
1900
5795
7361
1722
1587
2924
3977
7512
533
6801
4893
2520
8431
1060
5602
6855
1713
4915
3492
5564
5001
7491
4593
98
3796
2454
1876
3401
7443
8464
5852
1899
4562
4447
5594
5529
1293
6635
8693
3617
1076
8467
7468
6106
8132
4083
2973
8668
6428
4631
1245
2548
5114
755
6473
2620
3137
8234
6928
361
887
5235
6622
8533
7310
201
5764
6161
5279
5974
991
2034
1271
120
8444
8295
2657
3433
384
112
2401
5840
4245
5708
5632
2849
6481
2032
5313
4486
6917
7409
5704
1681
1734
1048
1868
3422
6134
5614
130
4489
3021
3419
6686
3113
7950
8236
1017
704
3833
3120
1640
418
8607
5184
7198
118
2271
1993
3467
4677
7027
8383
2096
4772
1372
1750
3664
6950
3652
1428
6770
6502
5981
3462
5627
4152
635
2955
7256
2025
5132
8773
2595
320
1684
3712
334
1757
4069
3510
5664
1449
1793
1163
3929
4333
8447
4108
2175
3961
6363
7752
2263
8136
5208
3944
5855
5398
4071
4287
2906
8282
8033
3033
4982
7143
5796
7775
4144
4989
5148
423
5501
3820
6372
289
2396
2977
5057
1844
1817
2946
8460
2242
3309
626
2680
4878
1834
8739
8596
6581
1578
8221
8067
8632
4993
6843
7078
2422
3341
417
5890
7701
3313
7531
8066
8553
6955
7054
3561
4313
907
2273
2129
6790
7070
6431
7024
1584
2418
1491
2827
945
4484
7371
3626
3816
7447
827
7958
6901
7989
2488
8376
7416
6029
8641
1185
2071
4119
2404
4098
7627
3238
5069
7984
2597
4968
6947
4266
2014
6337
6812
4267
5216
8000
521
2308
7066
313
1958
3857
5962
2284
1343
8205
1263
6515
8324
905
4761
1683
3823
2039
3178
2355
498
3898
175
5479
6219
5246
6833
3781
5019
5886
8766
2321
8022
767
1045
6553
4408
6370
7526
4764
7013
2675
637
8394
6411
6540
4707
4861
7813
1249
4161
2349
3025
3718
116
7395
6657
1295
5701
4737
4197
4490
8126
3844
6640
5051
5367
6998
4304
2825
1152
7020
4303
6150
3296
8002
8079
4788
7390
5461
4561
5675
6067
3969
3843
4110
5086
6887
1099
7377
6452
5616
8131
2016
6761
1532
5949
2052
6971
2449
7626
5337
1548
5091
6639
7529
7212
5889
857
7921
295
5575
7761
5072
3108
2379
6910
1785
4744
880
151
5046
2200
7057
5800
6895
5683
740
5968
156
4756
5563
3121
6982
3821
105
5224
7168
8639
4228
7241
8707
421
119
832
4518
7296
2186
8278
287
3203
2663
3281
6667
8503
5714
1511
1140
6216
6233
1840
4394
1940
2609
5827
8096
1746
8559
6661
265
2984
5767
4541
5585
7612
5879
8258
7269
442
8336
4695
1020
8545
1917
4748
7977
506
7978
1494
7291
6060
7908
7846
5395
3614
6934
8594
7079
1859
2098
2783
2935
180
7429
669
2119
2554
4865
1396
4022
3114
1368
632
7903
5828
6147
7151
484
8108
5198
6818
390
6956
7844
2436
6813
2318
4165
736
2619
3207
3152
4475
4505
7170
1204
258
157
7810
7669
1730
1294
733
6368
343
5983
2007
1149
3339
1843
5769
8053
7183
7783
4512
4770
5702
7350
1224
1568
1342
1008
6379
1439
1826
2958
4948
6273
4547
4524
7944
6140
6556
574
952
1345
3875
8657
8120
1916
2566
3562
4914
8043
5201
6757
5599
3214
7131
7382
3922
4650
3727
2364
3127
7916
3745
2429
3829
6837
7820
800
92
4511
2212
7107
7931
4566
7862
1013
1384
5309
2983
1136
6618
1123
1597
8138
3818
5066
7313
1808
4792
1181
4092
4527
1102
968
3540
300
8440
3061
893
2922
2503
1411
8001
3459
263
2069
5429
7576
6976
2891
7689
3064
8441
5521
8564
7721
8482
7915
5976
7338
6304
8700
7164
6177
7579
7163
3246
8212
3027
7251
5410
8127
1653
1456
5933
1848
8183
5445
7823
825
2486
7522
4199
7218
8041
1436
4687
1081
4771
5838
5666
3102
3809
6874
1407
3708
5267
4803
3271
8410
2088
5682
2272
3343
1296
1949
4703
3721
5712
4584
408
1952
3934
2792
1052
3515
134
7048
5030
7670
655
3016
4648
1280
3704
7864
7229
316
7109
6146
2992
4393
2589
8042
5317
6904
5794
7728
8370
8437
749
3324
2044
8329
7785
5240
8583
6506
8674
5008
5188
5007
6575
3869
8486
7110
2975
3060
3154
283
2991
1288
1457
5418
708
3724
6597
3404
2424
6184
3149
5687
5596
4182
3883
3142
3972
1234
4916
1031
8783
7845
2731
5751
6286
5228
7538
2085
4035
7376
4941
1441
1459
2440
4344
4255
99
5406
1042
611
1858
4525
5907
5469
6536
5187
6374
2666
6071
1886
6154
6417
2540
5986
2797
1024
2077
5115
8736
7316
5868
3004
8310
2786
1433
4809
308
6230
6307
8660
7193
4471
8244
3734
1323
386
7419
987
8726
5270
7539
1554
6375
8724
2633
5568
8718
608
4412
7045
8080
7094
33
1764
6854
8541
5927
5952
6693
1577
1542
1615
3268
613
597
