6590
8189
6559
1557
362
5547
5239
3565
919
650
7225
3323
5198
765
7305
7143
653
3714
3032
7657
7695
6499
5576
477
6080
1893
1605
5425
4891
4290
3362
6415
7144
3004
1983
3183
4277
1198
5486
4811
1528
6079
7032
4614
3064
118
4540
6592
6562
8374
1701
3085
8603
1309
6304
2422
2995
4847
6586
1808
1252
3443
459
4890
2336
8183
5998
7409
6190
7963
8310
8280
5339
5028
2022
6434
7330
3880
2629
2870
7006
6150
513
4015
678
4328
3653
359
7266
8605
1156
7391
3160
6098
7235
7584
6121
5776
2151
1345
7050
8049
1899
7169
1347
3788
816
706
4322
1520
930
2879
2903
8608
3844
6265
6923
6505
8050
2977
5041
422
4583
8216
8176
6295
6572
3417
393
4430
8370
6276
2675
1040
8288
1061
6390
3810
317
3763
3908
483
1882
3232
6467
3162
7613
6718
2397
4680
3572
4214
5264
5494
5960
775
8225
3573
835
630
3389
472
6212
7705
8700
3198
6880
3482
1452
585
5839
730
6475
8752
3372
1384
385
5996
290
5348
8142
397
1602
3041
2129
8695
467
8223
4294
2801
849
5953
5529
4620
6177
1598
8756
6028
2825
3699
4516
4970
4705
7194
8371
4784
2258
8554
46
3971
4939
1871
5577
7495
8580
8164
4058
3905
3990
6689
2052
1739
1788
8424
4432
3395
5436
8083
4975
543
7724
2060
6811
3293
6671
2147
3142
3933
3484
475
6086
5472
6250
1587
119
150
3034
6134
8088
1108
6607
5790
3761
5388
6624
975
5830
2252
5336
7233
957
6511
367
8140
4821
6985
376
7385
8596
8408
5990
3022
1439
4998
6353
333
4080
6814
6378
4060
4665
294
592
4608
4347
1064
1687
8180
1114
3524
7826
6050
3654
3743
3538
8704
4632
8611
2805
6621
952
3919
5355
2103
6921
44
2128
2810
8764
4246
2443
4661
2526
125
231
2983
7477
8769
8228
4927
8087
5275
2346
3399
4850
5035
702
2773
4089
6400
3364
5318
1868
4241
5367
6502
6078
3555
2492
263
4976
4580
5812
335
8698
7068
6215
3914
4250
384
8745
7937
4500
8648
1508
815
542
1765
7687
5543
3046
1545
5535
1330
4237
8016
3475
5734
2707
2259
6634
6804
1395
2565
4234
8119
5311
1250
6198
5971
3613
7389
2698
432
3268
1211
3143
4518
3617
6730
4460
4496
6700
578
2976
109
471
7413
5683
176
3220
1614
2413
1847
5288
7909
5120
4349
6641
5004
717
2506
2446
3363
850
8309
5386
6387
6698
4833
8263
5447
2505
5326
923
3445
1804
3068
3903
531
5978
7435
1861
7172
2548
2366
8039
4921
6266
1963
2276
989
343
8030
2302
2824
7245
737
5013
6633
6006
865
1909
5766
2710
2531
652
8033
3214
2384
1615
4982
7722
6389
5037
2118
4978
1786
4686
4547
8529
998
5373
1886
6040
4217
8131
870
6690
4922
7662
6951
7293
1455
2852
5171
4132
8018
3307
4565
4537
958
6181
8655
2017
3618
6513
4309
5678
8230
8003
7464
7182
1595
7209
8677
1976
2477
512
1218
8508
5072
4150
5819
443
6670
5158
7744
3057
3170
4143
794
4539
6758
1043
961
634
4791
5732
8334
3253
1537
4690
7764
2832
3779
7980
1579
2135
4619
1819
581
7827
3187
721
7973
4745
4161
4381
5615
270
3368
8458
4748
6509
6655
7865
5002
6097
8158
6042
5460
5140
1703
2746
8265
2349
2319
1372
389
4370
5493
6402
7184
8566
6298
219
2776
3270
8420
690
899
3272
8525
124
527
5165
6927
2837
1317
5
1962
1133
5811
3283
6852
2271
3660
7575
6025
7097
1447
4974
411
2862
3756
2954
7607
127
4189
3638
5627
625
4913
8299
5797
540
3092
7984
1120
8779
613
8669
1325
5621
5251
7066
7080
2159
5253
6425
5260
2782
2917
7717
4253
4592
5574
4455
5271
221
5467
3035
7105
4028
5586
2188
4636
3266
196
4268
6879
2589
6099
8166
602
685
3838
5595
7929
8238
345
5560
2913
268
416
53
8193
1619
6563
6508
4011
5712
4718
303
7291
3731
3459
1255
313
6743
7163
1337
1955
5754
546
5188
6601
6124
1740
6113
2262
6819
7472
7414
3647
3687
470
7692
4561
8178
6442
8583
8111
3369
5976
2783
3925
6953
1062
6724
4040
1526
8656
6712
5375
2351
2617
8644
13
8202
7515
6282
1961
4929
24
6057
414
7248
5178
3871
2253
3521
1509
2653
1577
4423
5709
5913
8024
2323
5482
4851
4428
4761
7431
620
2427
243
3725
2542
7754
1104
1654
6877
5823
3755
791
6944
1349
157
6911
6043
7142
2040
5637
1622
8318
1851
6739
2725
8549
8697
2450
7628
1734
8367
5932
8337
516
6906
1790
4382
3727
5738
5663
6090
4654
3986
8146
4815
6843
450
8282
564
2426
5407
1072
1256
1005
4174
6020
2944
3825
6555
4604
5851
8722
1475
637
7928
2316
1675
2722
378
392
4417
1180
3304
938
3811
1348
7038
6324
4670
4158
111
7004
744
6872
6547
7524
4639
5401
1229
7726
8497
3818
235
2955
1973
5748
1222
7554
3115
1356
5964
5689
5928
6398
4646
7010
2645
340
5715
2148
3927
3849
3289
5347
62
4546
3598
8048
4841
3086
3344
5973
7498
673
1511
979
2763
7238
6152
6822
6041
4008
5179
381
6320
2899
8285
593
891
902
6056
2425
7178
6125
7350
4026
4273
1167
1283
8680
1099
3747
4719
2092
2709
5704
1933
8690
5721
7896
5920
950
879
6185
4450
7854
8449
6222
2180
2280
7034
2478
1201
2990
5056
5977
2697
747
4720
5062
7632
4707
2978
6668
1088
2952
4288
8571
7965
6277
6379
7610
642
3252
818
3826
3571
3276
6604
6653
6569
3970
2470
382
746
8501
5898
6888
7676
6816
8463
5257
2894
4536
7091
4834
7645
1640
8115
201
6930
7229
1756
4678
7458
7670
533
8127
3082
3877
4771
5466
7804
304
7314
5441
5484
207
7016
5010
8619
2217
8096
1194
7193
5956
3311
5848
500
2669
7278
496
4117
4908
4316
2009
4231
2359
8200
5905
6802
2841
1474
3723
7944
8689
7411
7326
1791
155
1374
1661
3236
3604
4960
2867
7649
173
223
5762
8234
2719
8624
1620
3823
5531
5746
2696
6963
3121
4616
7060
5351
6066
3486
4954
4454
1102
8470
698
8184
8401
5724
8701
2996
4543
5646
4901
6207
6381
6196
5190
1624
8670
3375
2648
839
5810
6695
868
7203
383
6367
2035
1655
5054
1566
4681
307
4948
1807
762
4611
1286
3599
7663
2560
6251
5942
8572
8208
6430
3210
6613
3025
7822
1294
3943
5315
8622
4624
1842
6180
3438
5076
7521
1282
229
2353
4774
6767
3947
5916
59
6696
7090
8357
3237
8560
2417
2254
7811
933
7224
2039
7507
7831
2720
5959
73
413
2900
523
2434
7718
7130
48
3525
8386
6480
3301
5459
2387
1446
3040
7337
5703
6183
6687
7489
6230
4809
2875
4542
5124
6039
5422
5840
8725
3328
6419
3195
4988
2969
7190
8746
831
5332
6290
1011
2820
8646
2175
4054
4341
4236
7967
3989
6455
4715
6702
1223
3592
559
4918
3426
4394
37
5536
7753
2158
753
2897
8205
7131
1355
6742
3251
3297
7818
319
680
7599
6334
5340
6598
8255
79
5454
1103
7025
3708
3135
2534
8607
8008
5081
8524
1174
104
4728
462
352
6753
5324
3515
1287
5711
5597
792
1864
5349
1471
4005
3827
6459
8064
3499
5022
2699
4385
8210
1523
1470
660
1707
8317
5655
4205
3679
6661
2912
2800
2037
4487
851
6268
5933
6118
3148
6851
8175
1704
4386
6561
7467
1410
8637
6932
7742
1716
2221
3020
6441
6382
5930
6096
7139
6274
6333
2247
8638
7027
2231
528
7441
245
2363
3504
5292
2654
6154
1600
2754
77
640
4996
2949
8108
670
4302
995
7626
2193
2089
4095
395
6540
2472
1591
4713
787
5772
6065
3027
1490
3619
6783
5608
364
7996
86
5561
374
5442
8191
5249
8022
5119
4284
6544
906
5248
4442
3441
7074
1803
2471
7707
2688
5234
1089
8417
2818
7668
6167
6869
2226
281
1274
3752
4832
4193
1881
3878
7828
2374
4859
7021
1937
2288
3922
3557
7062
1638
2757
6225
4344
1581
8712
7564
7077
4478
1438
4729
3141
8149
1894
1202
5060
5278
8696
314
8692
2891
4480
7739
3026
5731
5122
5580
4770
481
7369
2001
6809
8302
1426
91
6142
400
1761
3428
2456
399
425
7972
5588
5109
4173
6328
4411
3238
5131
1425
2331
6395
4283
5268
3376
2370
5102
4679
213
878
1227
2583
7444
624
1377
1228
4643
5365
5033
4295
3887
1722
3320
5710
4389
8563
5999
541
2694
1324
6
1030
2667
1056
4905
5475
1695
7053
1641
5129
6479
8163
3108
113
3924
3809
6585
6232
5945
7608
3978
6551
8080
4156
8576
6542
7011
6174
6128
2830
518
349
6926
8364
8007
8252
7506
8777
1149
3006
3416
7415
2582
7175
454
2295
7596
8558
8575
5673
6630
3410
5564
6769
4144
4764
1341
2678
5245
4164
4534
3072
351
6310
3024
5259
5769
3338
26
8519
8465
3997
4462
2864
5679
2537
3840
8373
259
1342
8478
5571
8716
7494
5699
4817
5934
3716
7893
6021
7949
1333
3589
7294
6001
8071
748
5821
2522
3621
3494
2334
7955
2793
4594
598
604
5296
6975
8770
3191
1068
1370
7168
3830
63
5631
2535
6715
7382
4572
1626
2212
1131
545
3817
453
790
3313
5855
4804
3069
4209
4903
186
779
2058
7319
8398
5816
5492
723
5815
7688
1863
5660
8262
772
2742
4605
942
8120
1462
3216
3846
7964
570
7275
8488
4310
6692
2533
6970
6344
1080
5369
2573
4081
8360
6771
3745
3793
7457
4434
5983
2656
1123
4073
1205
7620
2704
1028
7669
4827
5412
6612
8421
4139
577
7358
3674
5221
8555
7502
283
151
6735
776
1029
3860
2519
863
4149
6617
8323
2767
6401
107
5702
2018
6866
6093
3519
1998
4930
6741
1197
3036
1709
8045
412
365
3144
2737
348
4068
4287
905
5730
8466
1683
141
2673
6261
6404
4033
3676
3652
2448
3071
2412
5975
1046
448
7951
5566
7589
2905
6835
4760
4256
3859
7455
1884
51
121
4269
6752
117
1860
1382
848
1923
4485
8453
7425
6967
6945
3726
1889
4741
2718
8359
4397
5635
5077
2380
8664
1367
8375
6170
1650
3968
1031
2393
1051
2624
6391
7241
5038
1628
807
7922
7126
7086
4928
5616
8036
7129
403
6482
4135
5814
8141
910
2539
1154
6946
3430
5205
6240
5834
7110
7341
4235
6176
2220
3974
2451
1427
8195
7125
6249
6806
2410
8540
7635
3709
4853
8710
2153
2834
5389
4489
5954
4630
5342
2934
7572
7725
3374
5530
3168
8460
3754
8151
4473
6538
1651
3269
8527
6910
7432
65
7641
4570
5444
3305
7798
4359
310
6477
2646
6011
177
4626
437
3966
3380
2011
3095
1308
5862
7605
7135
6372
4482
1599
7127
2514
7102
3766
3105
224
5993
2739
8303
4020
539
1562
3737
711
2194
8436
1484
4899
567
5031
4183
8459
2738
1132
7429
3257
30
4738
6573
4763
4326
6972
8515
1554
6831
3701
1457
7603
82
4390
4867
987
2431
6845
2772
4242
6314
3185
4001
8165
968
1664
1281
2750
827
1465
7351
8075
6823
6345
708
3048
6759
2124
2611
6638
2516
140
4050
8660
6143
4721
78
2771
4947
2327
4861
629
4368
1456
1321
2437
5509
7799
6104
3640
5896
7659
3463
6662
3558
4261
3414
4517
726
8196
7956
5508
271
3207
3937
5891
7100
7475
4872
405
5906
2606
29
1210
2248
6803
3721
7289
7623
6666
6210
1322
357
6476
5808
2597
7094
179
350
888
3018
5371
1361
7523
1018
8547
2021
3715
7443
1139
4447
2679
797
428
5434
2856
7226
4830
1285
560
6775
7806
2689
7713
4293
4100
6850
1648
6840
1812
6054
6281
5012
1671
6589
4887
4888
7261
8782
529
5949
1748
1672
3012
3854
1781
7703
7833
1883
4452
7762
2541
2317
2082
1407
6594
8593
6289
1437
2297
7639
1698
1609
1904
5483
5865
4157
2881
14
1469
7821
3149
6817
8204
6302
7534
1513
2469
1206
1534
3132
3361
6779
7702
6825
1165
6688
3100
1589
7274
3772
3611
655
6331
2540
6897
7061
7280
4474
4860
4695
7433
3263
5301
5982
5383
5314
5089
6131
7083
3493
1841
7483
2633
5478
3975
8349
4940
2759
2012
3711
3378
603
8542
3419
7974
2547
7300
8550
8482
1090
4600
6352
8010
4459
7132
7597
7793
158
3670
4917
735
6974
7487
7292
41
8709
8353
4912
3383
5043
5477
1607
2165
1531
6258
5546
780
2652
5159
8409
4399
5201
1057
7416
3657
2421
2980
4781
7768
904
1476
4933
7028
8577
1994
1151
6519
1618
2026
812
3449
1487
6108
3418
7230
6976
3757
6296
4440
1854
821
2939
7761
8128
885
6151
1092
2371
4550
8347
5984
3016
3278
8356
8399
752
3103
2184
7878
1379
1047
5100
4035
1236
3425
7246
5587
7998
3958
6421
8763
3620
894
7306
7352
7775
469
74
3346
1700
1833
1190
2176
4204
7166
7383
6206
2791
7031
6650
7215
2461
4092
9
7990
3694
4259
7364
6470
7529
8471
7611
4618
6855
3400
3746
3857
2408
4560
1840
7463
5697
8628
373
8148
7156
1727
2114
4163
532
7353
7927
1416
182
4079
3595
649
1625
5218
3582
8740
6782
5063
3566
4274
2386
4141
6893
8703
6208
782
3440
4775
7009
8106
7321
5352
7284
1492
1350
5665
1927
1157
6667
4247
180
3373
2510
3805
4131
4412
1918
8658
3741
2840
5647
4754
5617
1127
7468
1967
798
6685
2313
2577
1168
3246
2108
1048
4000
525
1301
4251
2915
2827
2440
3509
1516
2790
4429
3765
4881
3548
3219
1720
1584
3748
2644
446
1874
3691
5826
344
31
984
4215
7832
171
8029
1146
5269
3628
7879
2518
7863
4486
2133
6554
5008
3554
3550
709
1565
6620
1454
1980
4297
1659
3139
7243
3789
7151
5277
1155
6189
6386
2543
8738
802
1688
4198
5972
4245
5009
7345
1575
8259
3396
2520
5093
3740
7324
8469
805
4196
2162
3031
5313
6901
7887
5208
8369
1433
76
1396
8134
3439
5557
6931
3340
6797
5499
136
756
8053
2871
3212
3884
5168
3255
6683
4384
4515
5636
1919
1912
6008
2843
1393
7698
1689
3698
945
6577
5125
1298
7874
222
7302
1995
6184
4625
2933
8587
8481
8518
8172
1617
3706
2940
8001
631
409
2405
7747
5967
1569
3503
2755
7562
4373
2491
586
2455
2724
5235
1381
7356
8292
7573
6886
5176
8000
8215
5610
6165
584
4502
5433
1685
3690
4335
6830
2967
800
575
8511
1517
4013
1023
5316
5912
8237
3528
445
7734
1214
7919
1037
5931
4702
4357
1885
2642
4699
3097
5082
4732
1780
7743
5136
8633
912
3749
3505
7586
8507
4756
5501
5836
3098
2626
1714
5416
8693
1779
6360
3982
5924
6330
3211
6780
8268
5736
5152
5262
8341
8052
1010
8415
7719
7962
502
5633
1136
95
4078
1947
33
1187
587
5670
1966
406
8743
3382
1629
315
804
7376
6494
591
5579
1500
3511
3962
161
5025
7439
6915
7824
3112
6596
8747
8258
6145
7837
7988
754
3774
2592
6231
2703
7546
2411
2865
8411
339
6034
2224
3626
3037
6530
4107
4276
7049
1063
2484
2721
6273
4946
198
1574
56
8065
6195
1260
5875
6871
3118
3067
297
4877
1952
5075
2570
4840
4757
3642
3965
4466
3600
7903
298
1971
5135
2136
463
8552
6959
3453
1254
6628
6991
7296
5853
1015
5177
6399
1532
847
1162
2310
4147
5504
5502
6678
773
1326
3397
6516
7237
5623
2137
8043
7501
3140
5032
4875
6964
4627
5957
5252
5638
8432
7378
6140
4610
3021
8330
3288
2946
6194
7344
7582
6635
2014
521
6890
6087
6772
886
7513
8751
3865
1270
2211
5629
4387
5419
1592
8233
5117
6221
7814
8339
7279
1060
7902
4712
5320
5686
5929
3471
2880
8473
3760
7647
4716
2735
1767
2285
8239
7779
4925
5857
8592
5780
580
1852
1737
5464
1870
714
7003
2116
275
3075
6677
3116
5756
3165
1293
4647
2766
2643
5528
7155
916
4148
3002
2860
1095
1275
971
7538
1458
7128
115
7637
6849
3834
1265
1795
191
4491
372
3259
159
4792
4692
144
54
6319
5871
548
837
6414
4395
1498
6500
6734
2367
5877
7461
8342
5079
5334
514
981
6361
251
6726
6303
2257
1839
3059
8426
3693
7862
436
5618
941
2127
8250
6117
6749
2784
1814
4667
6466
8402
6105
7563
5513
777
4151
5189
2981
5869
8198
2005
5449
8147
4182
7173
5609
8099
6826
1442
4192
4109
105
3770
5350
3682
7372
398
5813
5034
4991
1303
4305
2670
6820
7535
6631
6986
246
854
7926
7258
3133
898
990
7592
1785
749
4336
503
4725
2187
7921
3564
5695
3456
4563
1553
1684
5302
8749
4961
3424
6407
2123
2628
5657
4355
1289
4576
4300
1267
2389
5214
8586
120
3306
3138
7328
8573
833
22
2647
2965
3780
1642
1067
8217
363
719
6029
890
991
8483
4642
956
1843
6639
3552
5044
3688
2822
2635
5372
1888
2769
6461
4758
5539
1389
1200
3310
3900
6437
8492
3225
3601
7434
1421
7147
2859
1117
3203
6100
4437
7600
2671
2935
8727
4826
860
6359
1365
2495
4142
6864
7619
7950
8753
5745
5384
8251
2777
4298
6077
8737
8006
964
8510
2029
8378
5524
5393
5085
2329
7174
7322
4379
944
3422
4408
771
4595
8069
8199
1914
4282
5219
5537
1126
6924
2284
8056
2094
5207
4896
4227
1459
5775
2904
6977
4212
7008
5961
6611
3934
8651
6973
822
3861
873
4199
4828
1647
2986
743
7936
7820
7204
7731
2150
4527
1669
55
1486
5156
6201
617
6182
2210
5166
2202
4046
858
5015
1106
2102
5562
2686
8272
6894
7063
1753
7686
5469
5285
4731
5106
4944
8631
4047
6471
7570
3645
2634
2680
1892
8495
1259
1489
4990
1152
2345
7108
2403
1
7830
4406
600
1111
1818
8355
7482
3784
5437
8060
2665
3058
1515
8404
7852
7405
2332
5183
1138
2227
1826
1363
7911
4155
6229
2663
234
4017
7993
4846
658
3447
6969
6114
7362
2163
659
4911
6938
2929
6062
8326
3584
3517
4779
6591
4866
4071
8567
3386
1094
2269
1417
2312
4248
5246
3194
6873
4986
8598
2552
4416
4569
1430
1352
7277
4663
419
4019
5112
4433
5909
265
3318
8741
1721
6777
5404
272
7267
623
4656
4207
4555
5405
4334
8685
568
7153
5432
4146
6254
3406
3015
7578
8296
7968
845
2549
6744
5039
3950
338
4436
7901
7332
5687
3732
6301
2095
8240
8126
4075
2882
7312
2966
3117
5744
830
7265
5749
3907
5361
4172
7539
2831
3446
3282
394
1964
242
421
5141
4673
509
2270
8783
4578
7195
4490
2672
1610
6570
6286
3520
3042
7222
7985
6875
606
7682
2551
387
6560
1999
6234
610
6748
6800
4091
2569
6259
2555
3245
5161
4943
6264
7228
8041
491
5071
5886
7357
8439
1307
8544
1782
7855
7401
139
3478
149
5267
6102
4852
1434
4286
280
6160
901
3912
5550
3875
7843
2140
5955
2139
4228
18
5121
8438
8150
6523
7876
3091
430
6133
3705
4973
3553
3500
4167
1263
6373
5291
1608
5495
4691
6503
5764
5782
6111
6956
66
3437
1024
6199
5222
1398
8044
456
7262
7790
948
3208
7884
1681
2687
6954
877
8038
2071
5918
2409
6271
1221
6033
3173
895
2919
7932
3998
4574
4967
5606
565
5064
5230
4956
940
5421
6618
4249
5643
4225
4345
8610
977
2964
6520
2075
3405
2716
8650
988
1936
2512
6672
7794
913
185
6575
2107
7732
6706
5594
8284
2178
8277
3906
5083
241
7857
1501
6388
4863
5050
7001
1076
7785
889
6017
8536
7588
6619
6030
6952
4945
1328
3010
4258
4952
5137
5845
7047
6420
5329
4750
3087
1424
6175
1932
4380
435
3527
3791
8534
1731
3402
809
1273
7159
6907
5740
3280
4880
1896
8305
819
7381
164
5295
7018
2527
3261
4498
2015
6983
452
3941
306
1811
6676
2926
3667
3882
1004
1364
444
8428
6606
5087
8329
1697
1359
5058
1560
2186
838
751
1478
7522
3583
8772
6363
1705
2991
7311
4448
8414
8477
2951
3326
4499
7526
1768
2457
7256
4201
1505
4623
3886
8055
5223
2593
928
6481
6568
1009
4886
7571
3337
5213
3223
1810
4338
6483
5090
7471
2714
5622
5521
4371
4666
1752
5846
4401
6929
6629
4318
6916
5786
7112
1305
6007
5986
973
5303
5330
4120
4082
3942
8431
8293
5568
2878
2104
5951
6675
4995
114
3357
3033
5607
1075
418
2228
7823
433
2196
4514
704
3724
4551
1272
997
1116
4232
7043
7892
6337
7375
2445
7170
7042
5516
7864
7986
5005
864
4463
1435
2091
1954
4688
6517
6722
8653
3894
3079
4999
8028
461
4358
336
2682
3578
2126
1563
8499
6763
2066
6786
2947
5806
7250
5948
627
6393
3433
4662
8110
8427
4129
1141
1943
3331
5656
4814
4202
6842
5360
2385
4993
4566
2938
3758
6109
689
4701
423
5885
5048
447
5413
3979
2813
5448
8332
5145
6905
4230
5880
4108
2061
8102
7485
1245
3802
438
5802
3415
6792
6761
7788
6350
8553
2886
5069
3063
2430
4187
4084
2817
7379
5720
5706
6909
7454
1302
8187
1463
6144
358
6918
1399
5237
3707
4265
3899
7795
3681
4119
1663
7052
2960
3581
4123
6920
3992
2264
5193
5565
5143
4622
6868
1387
1226
5578
638
5126
5294
2429
3199
2237
415
7113
2486
174
6315
5881
1741
6982
3615
2706
3485
6446
1693
4682
7900
4476
3350
3076
4506
8726
2932
3668
3730
3413
6891
5382
6793
5047
6051
6463
417
970
7374
7403
8244
811
1789
4128
1855
7205
616
4362
1984
3532
1658
5829
504
8089
1514
4602
5863
572
4121
1759
184
7459
4862
7895
8705
5506
6313
8521
7440
8512
5463
2436
96
4458
380
4451
3813
6865
15
6534
6462
2989
3336
6252
3054
6403
3923
8085
3901
3848
4333
1657
8715
2503
1696
1362
7786
5922
1477
1926
2928
1097
3411
1828
8578
5011
6622
7590
8786
3792
6679
4512
3775
6708
3329
3782
8654
4053
3420
3764
5742
7509
2883
1778
8686
7591
4932
5308
1499
1536
4419
4785
7307
5593
2828
3017
8274
3126
4871
7138
7304
7161
7218
3537
8174
6213
3215
6147
6515
3957
4740
8197
3260
4153
5639
3429
8168
7848
108
7825
6191
8739
8621
4126
2630
8667
6588
3799
6465
1960
7777
5705
1145
4648
2863
4021
7146
2255
5200
6859
5900
6409
7532
6616
6928
3596
5798
5645
3404
6645
5614
5944
5733
1869
5500
5074
5526
2378
7234
6456
1409
2391
4579
8266
4439
7013
1249
7504
806
562
761
1521
1770
7696
7630
3614
3858
2970
391
6526
1179
3562
2479
3029
1411
1830
1418
7629
2283
1611
7408
3322
8092
7709
468
517
5394
1957
6756
7388
6005
6083
4238
7496
4876
2394
4299
217
5322
1125
733
2299
6309
7402
5936
7875
8464
557
7192
7660
2243
3929
2963
7503
4323
8718
6746
8493
1261
3249
4110
7643
1392
4122
2289
2657
1188
1071
5591
8661
11
6681
4166
2821
3777
2077
4557
5380
2668
8543
7039
1098
1069
4055
327
558
4457
6343
7916
3393
8091
6789
3360
7150
6332
6438
2921
8585
8201
2792
2121
3498
6155
7579
7615
8161
2927
1769
1383
2460
6156
8144
50
2872
3321
8002
4746
4706
5653
3603
3609
8231
3636
2100
2901
3853
5868
3308
4526
3951
80
5991
4694
5450
6211
370
4937
2167
7232
311
5149
5331
7095
6829
8276
1034
3474
2311
3995
1327
6044
7396
5626
218
1835
52
1524
2267
2419
4907
6217
4962
3312
5630
4111
994
8336
5803
7666
1207
4354
8074
6627
8313
3988
2890
5856
3786
4507
3226
7384
7286
4099
89
786
3771
2756
7397
2399
7317
1848
7699
2197
5757
2474
2664
2700
8494
257
4909
5995
1193
6149
2362
6340
3644
2008
6848
8385
7583
5966
5423
3872
6153
2056
3586
329
2501
6445
3629
7117
1121
2274
8271
6599
6943
6187
1540
2614
7704
6714
3507
2164
3455
8137
553
1085
3492
7631
1738
2507
3342
4272
6073
2084
6625
8602
7708
1453
7012
4658
6895
1479
2111
6721
2877
2062
7723
2604
1175
2036
6347
6348
5919
4606
7808
681
1771
4904
3109
8351
5364
5456
7198
6966
841
256
1110
671
5026
1186
3231
32
3213
90
8744
4043
8682
903
7987
3285
7370
6776
2205
6762
5333
1751
7325
8328
7273
7838
951
8242
1694
8616
402
1413
2641
4152
6813
3284
4704
1646
7121
2364
4213
5220
6452
4045
949
7343
5939
1231
2348
4549
1837
7693
5488
4786
8673
876
2497
4470
7141
7700
5765
7295
836
8304
986
7844
7220
6297
5923
2462
2195
3753
47
8011
635
4525
7679
563
760
1606
5773
2260
7519
8004
3666
2873
6238
3911
7508
8732
7638
466
5879
4597
4112
7071
929
7908
6059
5027
8479
1877
7212
7801
5354
3206
825
7040
6648
5517
1181
6137
6216
3200
8561
7975
7780
3917
169
6292
8757
6545
3835
2344
3294
3179
6120
1691
8389
2523
8780
4586
6539
8182
2559
4018
8762
6997
2214
2959
2948
8278
5247
7943
408
2467
8394
4529
3713
2705
1246
8315
2098
291
2166
1745
788
8516
716
5199
2517
3480
7940
1525
1264
3883
7690
3300
4398
4076
8612
4023
2553
3605
2740
6362
8429
7517
5505
573
5649
8767
3841
7675
3695
7778
5777
1354
1948
4683
6485
7711
4319
5402
2998
2974
6790
8066
5837
4573
1049
6255
3718
8768
7070
3633
5503
5844
5379
3891
3358
7803
3795
5286
1115
3172
5847
4747
2375
2631
3542
2322
7796
8410
6719
7335
285
7015
5133
8448
6253
8221
6703
3330
8528
3852
2272
1310
4631
1895
7140
3543
5182
2365
2073
4133
6565
7257
8320
8620
5297
2287
4483
4004
6428
146
3457
7019
4823
597
7114
1093
1335
2958
8352
2808
3742
3233
478
8750
1122
8325
801
867
286
305
8179
6955
2002
1083
3427
3281
4753
4795
6755
2962
1336
2992
5861
8613
2428
7869
3038
153
7331
8601
3101
2649
6788
4879
3234
1402
7430
7730
5132
6031
8556
4184
8435
193
8173
7691
6112
1148
4902
2006
334
648
4955
5685
2444
4915
1001
7650
7354
8487
5518
6937
4892
1178
2043
3120
5086
7301
1332
1644
1806
778
7819
5824
2887
1041
2838
766
7417
6427
4222
657
1153
5142
1834
5866
4505
2057
3738
1816
5751
1533
8143
1690
244
2109
8568
6557
5894
734
5661
582
6316
3980
6636
3431
5174
666
5290
6704
6532
2734
7733
5411
955
7347
3174
5052
2956
3055
590
5409
5241
4061
410
4935
6887
2251
4103
6876
7202
4118
5266
1032
1558
6440
6396
8343
6781
4633
7576
6336
550
8061
2407
4266
5244
5498
5737
8475
6933
1878
2326
266
712
720
4178
2048
5512
2209
757
4675
6815
7930
6237
7783
4124
5420
5828
696
129
3874
8023
4800
5763
5391
7914
8551
5843
6531
3684
728
3545
6135
5583
5981
4752
7706
8081
2099
8445
1676
703
6917
5791
6219
4994
7398
3043
7870
1235
6770
2106
2120
167
1119
4409
7961
2869
5435
5675
2233
5036
2892
8267
6521
6580
5852
316
6705
2923
4352
2315
2747
4216
3952
1164
8123
5611
8185
1268
3783
6074
6658
4790
2637
7236
3176
5642
6990
6408
2490
506
3242
5598
2530
7851
2305
6357
3290
3202
2192
6439
6405
924
7547
7093
6094
6318
1432
1772
5515
1404
6961
5385
8086
6358
7423
7989
3946
6045
3869
449
2321
3286
2068
7910
4734
5952
7815
3049
1682
7773
1290
134
8314
273
4697
3932
261
2307
7390
5666
3710
7621
7217
6046
1776
4195
1908
2216
8728
7970
7361
5173
959
7427
7196
6656
2177
1872
3759
8618
4171
6064
2922
656
388
5690
2787
7476
8021
4186
5970
152
1710
8324
6162
840
4403
7829
3814
953
4449
5681
6999
4030
145
5487
4906
7567
615
7419
697
6317
7067
2054
7313
2277
2504
2051
170
8103
8400
6122
3153
7935
2203
6885
8635
8037
6863
6552
2318
7478
5191
3902
5070
1420
4968
6326
781
6068
1480
8691
225
1052
1951
1428
8513
3873
520
601
1928
7568
6024
4405
2567
371
1257
6518
6127
3460
6686
4532
8579
7165
5078
5410
7784
6528
963
662
4577
2961
1147
4717
2957
5716
5116
3458
6146
2452
5481
1679
5522
8419
6824
2004
4206
2383
2245
4533
1849
2557
2574
2404
7541
7087
4426
3685
6506
4641
5144
2235
1666
4101
3678
5612
537
2941
8381
2304
1315
6049
4014
7655
7836
612
8186
6356
551
5988
5792
8287
1567
5604
1340
4669
8289
8321
7051
484
3171
4865
4981
6119
1495
2811
7514
1862
3473
4942
5768
6257
6510
1925
2301
803
8365
7624
2906
128
5729
7994
6832
6902
6245
6364
3662
755
4884
6669
5741
5669
999
497
718
5767
4376
1746
1910
2169
8662
1351
485
3720
7436
1911
3568
2982
7418
7651
4441
8354
5807
6548
8496
252
2572
1483
4200
1715
1972
7677
6550
1225
67
7406
7041
1401
8569
4003
1594
7715
6435
3981
1014
646
508
8498
6711
3088
6032
2914
2213
2134
20
7646
3866
4736
6035
2937
5211
2692
1242
6329
1143
4086
1645
2042
7558
579
8774
6244
3070
1008
645
2171
4116
4552
5818
5356
5692
8073
2563
5261
5507
2916
1950
5911
6488
1939
4270
4346
5698
5007
2130
1978
7264
2424
4252
8368
4332
5644
2333
5438
2600
5226
3514
1504
7948
6270
1898
6870
324
2157
7387
7658
3717
3327
3476
8297
6026
8077
4868
5908
8584
7665
842
6583
3197
1706
5899
1021
8456
133
4855
2945
7694
8694
6647
686
7721
8672
675
3177
8032
8539
5204
4558
2896
312
3862
3107
3735
1510
1989
2442
7287
7253
1161
3466
3083
8526
3130
5514
322
6243
75
8422
5428
7871
3047
2779
7285
7109
3189
707
1639
8327
793
3622
1295
5312
499
4007
2579
7116
4519
8093
6957
6903
7484
2807
1466
2025
4364
8005
6288
6827
4873
1634
289
5408
7971
3643
7728
83
1901
1107
4949
7493
71
3892
3209
5884
7555
2748
3820
3235
7616
4134
2067
5084
98
2798
2281
7360
8742
1373
609
2683
8702
6979
3381
6385
4556
1203
2172
3479
7046
4653
4714
7652
7978
2392
3936
6071
8012
6423
6047
654
1081
2142
1949
1564
7594
6306
7789
5325
7211
460
2454
6069
4951
4106
7553
1105
6088
1924
1002
7877
3881
2765
4590
4807
7667
6323
8322
3180
2234
866
1376
1468
1797
7340
8609
4435
6489
2638
4339
1823
4900
8418
8076
1073
2728
5238
1244
6912
3169
21
6349
8379
939
6058
8125
2360
8546
7525
5801
7453
4936
5398
2290
4160
7920
3816
5227
1241
4660
6785
3790
3831
2910
5787
2850
57
8535
5358
4596
2846
6486
4492
5073
3677
6444
6854
5323
4601
6293
8599
8222
8057
4621
4893
8733
1544
6787
4443
1025
5453
1799
1316
1059
8207
2546
5327
6640
4465
4229
2119
5700
7456
2499
2292
4025
1680
6729
8129
1055
5854
5752
4575
1519
4870
4342
6235
1969
8153
7270
897
2219
3136
6878
8047
7859
4798
1747
1992
6549
6778
3588
1050
7157
7771
3163
4477
2971
260
5228
974
3451
101
4794
554
332
5184
2732
3665
4645
2418
7079
4958
5021
4301
7593
215
8298
7602
2544
7656
8308
7549
202
682
8748
8
64
7106
5474
2943
3349
1279
3580
4822
1712
6810
5337
6536
5187
5427
3052
907
1793
7817
1674
1996
6784
759
6574
736
5753
4898
6615
4391
7942
5882
6380
5914
4743
1529
668
1369
4874
4445
2369
4674
3366
200
123
7960
7934
8486
1022
5727
4062
3807
2584
5789
5860
4739
2803
8781
7681
3157
834
3391
2666
4684
7544
8372
6525
3625
978
205
861
3256
8517
5620
3442
7438
2745
2225
3819
3181
2390
1832
4788
2337
8051
6737
4427
8564
561
4585
2113
6454
6092
7101
967
8406
1578
7673
269
8101
5095
7587
4065
8643
3265
6448
1277
7450
6464
3540
844
4953
2265
8467
2218
7185
3526
5520
321
4168
299
3218
663
3539
4810
1744
181
4312
7834
8668
3008
5180
4820
715
2230
3348
1970
2199
8136
0
4307
3574
4769
4964
1173
2044
4464
7606
5328
220
4845
93
1448
4835
4819
2294
6733
2591
676
3325
5870
7481
2681
2814
7290
1288
5708
40
3385
1726
1736
4037
5850
214
1668
1208
4965
829
1074
5455
6284
3161
3863
347
4831
5154
2473
2356
1820
6101
552
1866
4087
2833
5163
4778
7642
3421
1935
5206
1802
8490
1846
3855
6584
4350
188
3948
2762
2156
7298
5338
8671
6116
3134
6626
6239
8634
7898
7069
183
7054
4768
6392
3549
4330
3890
6262
6171
4383
695
2651
1016
7888
2997
1621
6053
6076
2785
2909
3315
8072
3828
1547
595
8766
8188
4677
3128
7714
5377
5717
3556
7206
7880
5613
6908
5114
5321
4314
7861
4687
4979
1917
501
4737
4644
3065
4292
1323
8413
7137
7309
5232
1535
5895
2439
2885
5001
7749
6651
3119
4162
4806
3
6862
7446
3648
5273
7604
7268
3837
1580
8443
4472
6847
