2273
3500
8681
1126
8235
7581
6523
3864
68
8305
892
5281
7790
3679
5192
1920
2634
653
8165
5217
2912
1157
4660
8720
5622
4518
3562
8275
6040
5233
4562
5532
7778
6565
2630
4807
4813
3893
8136
4659
7541
6135
3157
3898
5148
720
6211
814
4629
6180
3826
4961
3184
8043
5336
1336
823
3874
4153
4992
8202
6743
5126
5177
4962
800
2205
8019
3742
6575
3126
3030
5660
3073
4671
2098
6810
357
5181
8171
3361
266
4877
5792
1352
4747
6364
3612
4771
7758
6934
8469
4239
2576
2918
3343
6275
51
1372
5974
6677
4387
3475
7199
7248
5150
2978
6581
2242
8782
5534
7954
4313
8124
5194
98
8325
7418
5770
1938
3022
6733
8722
5855
8541
8208
5103
4853
8012
375
6656
5481
1089
3967
305
5441
4947
3012
3367
1400
8096
2888
3324
96
5369
3823
5823
5
6785
7242
8658
1928
7304
1038
2683
5650
18
7461
5584
5507
8611
6691
8298
3
1195
367
556
4906
2771
3593
8487
5056
874
3715
8701
3831
1850
5870
1235
5924
838
7798
3357
1814
779
41
5370
1503
7839
7605
2279
3927
4045
7286
6259
6215
4204
2682
1243
2632
436
4930
3075
2984
426
2450
8455
3997
6448
5624
8412
4838
7201
6675
2530
164
1444
8653
3507
6415
4539
6303
7830
423
3094
4324
8385
6151
1842
1148
7861
1663
5844
3748
6171
6239
2091
7637
6790
4657
4552
7925
5451
3924
4623
5860
8656
6576
5264
1849
1838
1950
4685
4232
5915
7597
630
4462
303
2068
3082
5210
715
4825
3838
3109
7474
569
2310
3478
6635
3108
7940
3452
6819
7231
6191
5407
2758
624
7214
6999
8363
5542
3338
8113
2414
5918
8105
8322
3591
7961
7663
3424
7159
7517
4069
5221
6824
2610
6308
5363
1804
3140
1692
3517
8510
2366
6390
1872
2418
2776
8623
8371
8209
2724
6593
257
5342
1788
2506
1827
7043
3606
894
3098
2847
7420
1364
3981
4201
5247
5640
8652
4452
2394
8134
4285
479
1499
1141
6397
868
7472
3790
2993
3848
5684
1338
1836
4519
664
2979
255
1955
6507
4819
1628
7718
3064
3909
8463
697
4577
6978
620
157
6789
7603
7825
8624
2821
3892
3696
2494
7444
8058
4276
6340
7482
480
4028
1558
3883
1020
6665
5042
8441
1302
100
2572
6393
2876
3208
7299
6820
6917
7184
4966
8637
6352
893
6611
4195
4248
2760
4200
2985
3882
1899
7003
7987
3202
79
2001
8280
1986
5346
7044
7594
3933
1757
647
2216
5246
3737
7505
3428
7008
5984
3072
5578
2072
8536
4199
1619
5851
526
6936
986
583
7091
6037
1810
1304
7804
3628
4501
5269
8129
5084
1368
5371
4391
677
1720
8680
4471
6960
3798
82
3608
6021
7417
2096
507
5934
7116
5251
2597
2357
6894
8632
2989
6320
5701
4893
2699
2998
3829
2673
6365
5255
3271
6112
5191
4538
4864
1001
6137
865
1840
2187
2831
643
5767
2334
1981
4601
3707
5799
8130
4561
4967
716
2063
4006
7039
224
7276
2157
7477
2553
5577
983
8010
6660
4908
6620
6049
6182
8526
8087
5719
3178
3342
4507
1181
7585
2103
551
8299
7109
6252
3009
1824
1777
7226
183
5248
2777
6468
4389
2854
265
3235
1780
6744
7894
6323
605
5301
8725
1922
5095
6423
2810
6358
2382
2818
2320
4749
1114
8119
1303
6926
4875
236
8034
1299
5132
6779
6
3505
3512
4468
2351
1104
4344
5845
6328
4724
5911
8762
2345
8420
2132
7788
2461
6705
2700
4024
4129
5411
4030
597
3757
4687
5815
2728
5179
181
7565
5538
1190
5543
991
1351
3242
990
2143
8362
160
8222
7134
8011
2209
5996
1056
93
1343
2415
5039
3620
6334
6875
940
36
6088
351
3844
2834
6131
3901
7864
4085
1885
1988
3747
3319
5949
6782
4503
1092
5784
3855
47
1488
8187
8107
8347
7331
4173
774
1332
1278
2045
6600
1722
1688
4818
1599
6128
151
5486
8490
363
4224
4244
4058
1878
6515
4303
4337
1458
4044
5825
6094
3868
5606
483
5066
5133
5615
5637
6044
4172
6776
4983
140
1908
1829
7919
6871
962
4255
2558
7875
6018
6103
4598
4970
6030
2893
5272
914
7359
3414
3054
4568
3087
3625
8732
3926
3613
1050
108
1852
1036
3018
5908
5491
8452
1701
4925
5889
4591
6100
277
5756
4258
1095
6605
8200
8296
8024
3399
6669
7660
3056
3420
5205
7816
7423
8406
909
1911
4205
4541
2475
7249
4664
2500
7275
6668
5351
7013
3912
989
2677
6424
3150
1610
6939
1846
3258
4336
8203
3970
7265
207
8375
8663
4140
492
1956
2525
6375
5151
973
4667
3057
6462
1298
2039
3270
803
2501
2803
268
3435
2829
3516
5743
657
1288
8022
8614
4101
565
717
1765
2552
6396
5558
4185
6250
4986
1907
6071
3416
5009
4111
7898
361
6310
3498
7793
3943
7727
8493
1362
1925
1154
8535
2350
8009
2751
2139
2845
1861
2967
1090
3734
8570
122
6882
3125
5361
7371
7124
997
1622
6247
3795
2922
1004
2767
548
5611
4023
6832
3008
8128
4760
1445
1253
608
676
1375
7355
1012
3047
1682
2564
5511
8606
7800
2181
3789
346
6591
95
3623
3632
2863
166
1620
6014
6929
4999
3922
1537
545
3576
3450
3332
5309
3464
7075
827
7183
6578
5901
618
3636
4118
5043
704
7768
7657
2217
2748
312
754
3354
8550
7583
3870
7000
5429
762
6859
6294
3132
2288
1490
1252
4880
796
2024
4184
5287
830
215
4792
8426
5500
2226
4179
3751
5276
1146
2020
5019
920
6873
8389
2790
6696
6601
8537
3281
1139
1889
3263
8053
141
1603
4459
3861
3958
7821
2060
5391
4088
1805
7490
2958
7982
8453
966
4511
5874
1608
5293
7150
7792
313
5790
4249
6870
7356
4812
5687
4288
1048
3188
148
6290
2067
2655
3010
8261
4521
7555
1310
3523
285
6309
4595
1427
2436
4535
5626
4490
188
3565
6412
3273
3663
26
8604
304
6713
529
4065
3460
2849
7410
7219
2899
2943
2300
4573
6553
3575
7923
4603
3389
45
8555
8600
1460
7074
7963
1728
5535
2101
3499
572
7827
5852
8460
229
2455
900
4769
7507
692
5965
6475
278
7128
338
6617
1951
5280
4993
31
7379
6034
1947
6449
4528
1361
3578
5809
6291
895
1102
948
5492
4912
2329
3214
6270
2085
3956
170
2134
25
7849
1952
8118
5956
2860
2064
333
7205
4076
4272
977
3360
600
2078
7338
765
1073
4746
1651
5998
5119
327
7224
1025
8016
1681
4840
8489
5439
4850
1422
7937
7138
7620
8434
7434
8647
6707
332
525
1774
7564
3011
934
2726
1718
2035
3390
7453
4833
2256
8700
3463
2059
6651
4216
1478
5209
5605
6118
8018
5909
3383
3136
7430
112
6157
2156
7615
6957
4134
813
1065
8093
4857
8777
5010
4831
2146
873
1992
4929
1857
3469
1711
1079
1830
2066
476
1356
7083
3828
3567
7823
6028
3437
334
211
6496
1349
3133
110
7902
4859
5070
6313
5866
734
5014
5413
7232
4402
6080
8481
6357
7735
8554
6893
2598
6963
6987
1149
1871
2612
1394
3471
7385
7647
1929
6928
75
1579
5127
4361
7110
607
5942
6196
2937
7031
951
6659
6597
5673
8527
4972
243
8250
1075
1127
65
2915
5143
6959
2061
6156
2293
5421
744
4778
3589
7408
913
5383
1309
4794
4674
4376
7437
530
1826
3603
1085
2290
2007
2934
1918
4142
6687
7136
2208
5610
8032
8255
5867
3283
5102
7810
1625
3987
7140
1072
2375
6666
1052
8242
1570
1023
8456
8749
4155
2011
1673
8307
5275
4950
1492
8574
2800
4242
3070
4593
7270
7808
7843
5536
3472
5504
6102
5270
7567
7528
7931
6376
7426
4040
6426
8316
2720
1588
13
7568
8684
1657
1649
8693
7456
4435
2027
3432
5249
5372
1960
407
1868
3952
280
1061
5107
6715
4625
336
7686
4975
6029
5807
5925
383
6382
685
4011
3314
8499
2749
1062
4311
6047
3847
134
8074
5448
4138
5849
2265
5350
4905
4099
8479
5365
7506
8170
8078
2648
6602
1758
5754
967
7115
168
1456
2262
5899
7414
2799
7514
197
8151
6905
104
902
3544
2368
4458
6109
6996
3725
4829
7316
2628
5375
209
3935
6727
2487
135
7298
3002
671
1521
3858
4849
6097
3076
5495
680
5617
8348
7004
4423
3189
1557
2171
3253
3007
5520
6232
7396
1770
3978
1666
1819
4409
3362
2965
3267
49
5341
6864
7698
6453
330
1653
7220
5020
546
5277
6835
6754
4090
1997
2125
6935
3067
3511
5409
3854
8295
3554
6455
5726
6594
5094
6256
5226
3313
7967
3265
7853
2120
4717
6410
1544
191
2670
6704
1031
6572
8069
1882
6134
8289
4693
5420
6347
5991
4750
8233
1505
2805
1279
2935
2616
3820
7992
7618
7089
8414
4828
8383
2766
5484
4980
2158
1769
7475
3643
4295
8408
1695
7822
1301
6595
7353
2879
8552
7391
7701
5047
4783
766
2716
8234
8028
2516
1284
2088
6138
8067
4861
4037
3975
5742
2411
1606
28
4722
3240
2872
7078
3720
3074
2561
1854
8399
2669
7334
7557
5928
5373
574
1232
6774
1275
6640
2285
29
5585
8049
1481
5594
1093
452
4262
1605
4163
3954
8634
2603
5013
62
72
3441
1414
969
3370
4223
413
2040
5499
5026
2920
8061
8349
5458
834
1559
2919
167
2661
3105
4899
7030
8447
3195
5468
2247
6799
2197
8662
5328
976
3045
4762
7468
3393
353
2422
6901
2578
5414
1360
5498
3762
2930
4869
2901
5782
8695
6851
3627
4287
3292
6149
1468
4404
2348
603
4406
4638
3302
8210
7292
847
6685
549
2129
258
8638
1213
7287
6120
2010
7006
2387
8205
3256
812
8227
8274
3430
6830
4779
2015
4102
776
2080
741
8111
3559
8397
637
2662
4631
2221
3657
331
380
3262
7765
8508
7290
1467
2606
6672
4823
4682
1998
8379
5089
5313
5122
2107
1817
2167
3221
2213
2951
5671
2378
8476
4675
3365
7454
4226
5649
7682
3376
7080
4921
210
7939
4005
2336
7336
4127
5475
2381
7707
8286
4448
8137
4169
8462
4439
3536
6530
4055
2797
153
631
8498
6498
3947
8340
668
7880
5592
5075
7177
20
3644
1644
5260
5403
6706
8689
8285
2941
1999
1782
5990
7160
7685
4321
4256
2392
6280
2014
4063
3569
5581
4856
3767
3349
3502
5402
8542
4509
5727
3050
1890
7714
8717
521
3911
5388
3702
5832
6524
4683
5656
2026
1448
540
5358
5834
4731
7129
1614
4297
4382
5894
650
3749
2727
4787
8789
5063
73
3096
274
1044
27
7360
5183
2097
6070
698
6504
8257
4626
6417
5931
1923
4686
6628
908
7659
759
174
5356
6431
3514
7783
4514
6085
1853
4964
782
5079
2940
7764
3066
802
7352
5576
6264
1977
568
4656
3102
1844
2021
4331
6952
7688
2193
3095
3641
7457
7099
2402
4669
2508
6277
3501
1355
5092
5199
8750
3344
1011
6413
2546
3259
5129
1392
5547
5104
276
7200
999
4080
3526
6973
2295
7236
71
8613
1188
6229
3808
7828
6354
1083
2824
3787
8037
6418
5055
3827
8052
7049
2240
8622
7753
5470
4814
2793
6911
2812
5559
2159
6096
876
1643
8715
1792
5556
1813
6742
7306
7401
6181
1463
385
7045
1068
2087
2037
2719
8665
4120
742
8424
2006
450
1449
2917
3165
5186
6683
5169
5519
7104
6186
7643
8156
7210
1945
3896
5794
8026
7235
4559
1170
1575
6574
6579
240
3151
7404
6225
94
1954
7106
2453
2556
3659
5826
4457
7748
982
1084
1205
558
8657
3351
394
1047
1026
6002
7646
2341
5049
6566
1915
7641
8135
2693
431
8198
8519
6164
2416
5652
988
5202
4397
1629
7218
3891
8592
3322
1670
2761
5574
3279
173
4325
8751
6734
5165
4470
494
1679
1786
7819
6106
4213
4639
4260
905
5168
1037
6306
980
6292
7347
6158
1646
3277
8413
4291
7985
6796
1142
3384
6700
6258
8126
1223
3226
3341
7769
4446
1776
4250
2182
5344
2804
439
2194
1543
4315
1546
4198
6690
465
8029
7415
7681
6285
6421
1201
4108
2473
5121
5027
3917
1244
4627
4281
7392
3239
6456
7363
5359
4340
4959
7121
4308
3274
1983
4958
4691
4948
8757
8312
7960
3234
3571
4860
6541
1975
3122
2106
2649
5629
1502
1415
2104
7580
5022
1527
2866
5522
8775
6840
7884
2284
4795
6361
6736
1621
5298
2833
2036
4965
7416
4700
7694
7725
92
8057
8521
1740
1536
6233
495
7037
6863
237
6619
5110
2927
1305
952
2763
2044
3210
6522
5360
2286
8271
2230
5689
7974
6655
4301
7406
8068
7990
1763
1624
4119
7144
6458
2083
139
8410
4937
5759
7739
4419
8047
4809
5679
6922
309
1896
1749
7850
5929
8023
7373
7186
5926
464
2898
4697
6889
7625
1059
4246
299
2443
1396
1514
2861
6389
5162
5751
8248
6770
7550
2626
6443
6026
6473
8004
961
5526
6964
4612
7655
7335
85
8708
1097
6508
7573
5211
1133
3005
5921
7431
1863
5180
538
6739
301
6897
4475
7899
726
5257
1723
7787
8551
387
3684
2774
6573
7836
4322
4579
1964
8685
5724
8089
3733
4156
1724
6446
6488
8435
2809
6474
4377
4616
2936
8319
2426
3306
4114
4941
8338
693
7291
672
2379
7366
1266
190
826
7325
579
2815
1888
7400
5427
4228
5730
867
5215
7949
5291
623
5596
615
244
8577
2400
9
8765
7059
6331
5780
6227
5904
7711
4390
7054
6684
3895
2432
1259
2127
8625
2544
3438
6904
8587
3503
8724
7142
3487
2641
2532
3769
2841
6753
321
8672
4077
1704
2534
7934
437
7061
5776
272
5674
2236
6403
4527
3415
1178
6008
2430
1078
1264
8690
919
1744
8532
4944
6300
3817
1953
2177
4364
502
6166
8773
3241
627
510
4547
443
2049
1159
4718
4275
1308
8051
5537
7483
3366
748
5805
5738
6011
5555
3019
3186
3446
2627
456
6194
736
911
8602
441
8266
8356
831
163
5871
1547
960
2034
2878
790
7965
3492
8723
1884
8199
2864
3386
2925
511
791
2460
2294
5822
8583
7757
840
6009
8609
7722
7980
1797
344
1318
4606
6484
6662
7619
822
8438
8763
1334
4602
4346
6036
906
6653
1071
1748
1598
5999
4824
3740
2409
7002
4132
6783
7522
7882
3577
6985
3983
5231
1446
5218
4839
3598
613
5224
3060
2681
6115
4985
1913
7761
4763
3286
2429
7411
2691
6434
8779
1258
3015
860
3710
81
8223
3940
2622
4536
8702
3436
3661
3950
7264
4797
2496
5480
7928
6299
5539
1533
8174
7653
1015
3382
4998
2844
1791
5525
1731
8659
7786
3405
2041
5758
4029
2671
3980
8132
5862
4162
5424
6195
7895
519
403
4596
3251
6301
2082
1931
8159
3666
1317
5125
6192
2468
4942
5173
659
2890
4460
1667
152
8341
1040
3976
5524
7387
5634
1378
4876
832
3674
5408
4572
4187
2551
7624
3247
3545
2764
2976
6038
5676
1523
1312
7981
4714
4901
5278
1122
4469
8755
7323
5152
1476
5488
946
4164
7282
5493
6078
4190
1134
4698
6994
6853
1513
6051
3443
998
6150
4890
7540
4635
5161
2846
1678
1916
1080
6241
6843
8158
1966
8268
7351
3394
415
1247
7563
4093
8409
2715
7826
3395
1234
2477
7020
2495
8056
7048
7886
730
5016
154
3218
5710
8737
5732
4352
8040
922
5712
2141
4802
5297
2689
3573
3583
2723
5864
8628
2057
5945
4125
6749
818
7650
3587
7770
616
7729
7520
6084
8097
1926
6050
2882
5841
5753
4103
7675
7274
4222
7046
4401
7834
1379
1140
5876
2968
12
7476
8179
2218
6206
5714
6054
4170
8081
6043
1390
2907
7081
4427
4560
1117
223
2433
5657
3739
7584
6886
4678
4954
5859
118
3960
386
703
3542
3886
2219
3353
326
3442
8677
8442
2678
4283
8774
5863
2991
5321
2243
8117
2033
8116
3486
1450
6099
7697
1283
5300
2580
196
2028
4208
2327
4726
733
3560
8149
4491
891
4483
5802
3524
6489
6529
5467
8664
6609
2055
2330
8326
6551
8787
1216
5658
4689
3533
4002
6172
4902
7649
4267
709
2367
1738
708
5028
225
4523
8639
3104
87
8588
3238
6242
1043
1800
8472
6240
1597
6540
2714
7817
695
4571
4052
8618
8654
6141
5073
7190
5878
2712
2620
3857
5598
6471
7944
1703
1465
3020
5337
4417
7332
2573
3989
1313
2246
825
7549
248
5683
3741
6346
3320
7436
3356
8368
6510
8164
8115
7120
241
4772
2560
2372
2954
466
39
6024
3168
8500
6459
3754
3535
8669
4837
5820
8378
432
6321
5523
5007
4520
202
5134
6293
4316
6297
1967
3953
1228
3991
1753
1569
5948
8342
7621
3677
3130
1560
2850
2639
6452
3830
6329
1656
3902
7350
6560
3422
1077
6514
7730
564
6378
2188
7066
6688
7774
1294
3568
6012
1500
5571
6269
2263
220
6218
8181
8237
3621
7532
384
6857
8734
8196
129
612
5632
6724
8696
7007
3944
586
3824
8094
3229
106
4919
4960
7303
7500
2895
5123
0
6861
3936
4306
4405
3419
7918
5289
4607
7244
4558
5695
1010
3985
2921
4411
7773
6428
5036
6053
6777
1779
5966
4651
8518
497
3457
8098
1714
621
4329
377
617
7553
1381
8194
575
1408
8485
1631
5682
1121
2781
4381
501
4116
7582
3293
3455
5692
674
3862
1226
1630
2046
5176
5018
5748
6564
1094
1674
7473
6435
3495
1611
5290
6953
8272
871
3396
6305
216
6384
7098
2565
7749
2538
877
2333
3318
8331
2543
3156
3764
3938
8270
4168
8035
1734
8084
8562
8253
7057
1019
2659
5875
1828
7378
5628
7315
798
3681
8745
7103
5418
7950
7069
5995
102
701
1508
4545
2732
1411
4727
2169
557
6825
2997
4690
3942
1185
6764
267
1551
6108
7033
4597
6255
2115
6867
2942
7131
7703
6077
3945
3244
6273
6173
6984
3837
7521
6632
6703
4524
3931
7258
4494
7067
2420
3252
4544
4128
371
3112
6318
3296
8036
7383
5659
5573
1173
3448
8175
6946
2868
2482
3461
7705
1245
4261
4366
2048
6814
2567
4637
5025
5483
5045
2189
2201
1581
8309
5973
6811
6010
8464
7085
7586
1225
6438
7968
4738
5608
5616
8776
5603
2663
2914
5627
7280
856
7851
2395
8197
1419
8480
6862
5827
6092
6041
3148
1730
8561
3181
7771
3605
5642
4816
8589
3161
2529
4549
4836
6726
8778
2470
2905
4444
3089
5903
6702
8027
4334
1648
1942
3802
2423
6289
8445
3793
4978
1137
3402
2196
7936
547
2013
2769
2623
4087
2200
6836
2332
4056
1940
7372
4768
3021
6337
1801
7995
3634
292
6798
1290
273
3531
4215
6098
789
6535
1480
3529
1380
1708
879
7281
6447
2419
8090
6679
424
8645
6359
8360
2593
6569
6846
8726
1413
4078
3412
2105
6919
4383
6850
6147
5902
5755
8247
2696
5190
5697
438
5943
7471
4014
4478
4188
6816
7879
6805
1756
3645
788
4775
6511
4351
2071
2025
4342
804
7863
3483
7796
7296
3806
4654
6821
4159
4873
1180
3550
1645
7638
2251
7811
648
4733
3403
4038
6439
6231
4881
5819
8596
4143
6818
5206
7062
7554
3355
7237
1281
8713
1633
2859
2717
6476
7953
7017
3538
3760
5941
489
2674
1331
7687
4079
1171
1556
8101
4661
5071
6797
4455
4789
898
2051
718
6800
2549
611
7860
3284
1263
1906
4167
3794
2924
1522
5324
7702
4359
471
6479
5930
3334
1742
1725
290
2570
3065
251
930
1563
8178
4915
2314
8224
4365
2713
8221
8228
7829
5004
4681
6350
8467
886
6087
7623
5561
4074
8534
2144
2548
2053
8667
3683
2421
3406
2260
3998
2687
4089
2701
509
5317
5116
3153
5835
1307
3753
4371
845
1970
5601
567
6497
758
1207
644
896
1524
3835
7776
4294
795
3407
3473
3807
1439
8444
1626
5552
3216
6385
8766
1821
3990
1532
5597
3899
852
6638
1592
3190
7872
5685
806
7867
4436
6956
6947
2672
1169
5740
8191
2174
2497
3025
5170
655
2988
6335
6179
3458
1292
6066
99
2173
2355
1055
7546
4551
1370
5335
1982
1496
4832
3712
6614
2932
7841
2298
6951
7704
6322
1519
4820
6272
3640
467
3201
7263
2469
8636
6374
3685
3211
626
3840
4264
1540
3756
747
3411
1066
2718
7942
6872
6262
3294
4957
3717
6708
610
7014
6238
2594
7095
6995
1
2884
359
7053
3889
8133
3672
5108
7052
5064
5447
4339
6778
6027
6879
5078
8172
2740
8167
6914
3381
1696
8207
1421
6405
4644
5688
4043
6517
528
2058
2823
5382
1961
2637
1081
1051
7382
6741
8495
4830
5410
7278
5586
5061
1191
4739
2374
2268
8772
3398
2023
1905
4922
781
6437
2666
7449
4395
604
7050
2410
5428
5880
3260
4314
6761
5461
3427
3490
6274
6465
749
2179
6086
729
2588
2653
2983
7216
2667
6587
1602
4759
7547
6876
3048
4380
3961
204
6059
5034
4955
801
2488
4231
7300
6326
7209
427
6487
681
933
7432
1328
5897
1242
7536
10
5760
2352
7029
7147
3298
3611
2271
3397
3722
688
3167
7719
8626
4335
5568
1474
4643
5355
448
5112
335
1677
6557
2559
3325
8416
4022
2909
8457
3903
405
699
6554
2437
2004
8727
2629
3038
5333
6006
8505
6752
1808
2335
7018
2900
1164
7746
373
4554
6338
7073
4506
8465
7933
8001
3713
4121
8273
6480
295
8335
6155
6400
8065
6916
7951
1399
4542
2052
6988
4067
5968
130
1187
4115
4764
5279
396
6249
5046
1347
8390
767
3916
3691
3295
2016
3728
6768
1573
7433
2703
7361
6483
1373
5853
722
7071
6586
5069
2425
824
477
1995
7403
3113
4176
2073
6937
282
3488
8558
5137
3574
7251
421
5992
7945
8236
178
1165
7491
4709
1270
4194
5796
8513
3851
310
3602
5348
4711
2692
7462
3059
5741
3649
8103
797
1314
2633
7900
22
1803
6880
2233
5662
2789
1256
214
6373
4100
4815
281
1389
3750
6494
3207
3333
5394
1845
7720
1772
137
6992
7289
4827
2757
645
7975
5843
2581
985
3154
7445
4219
2
7628
2768
1526
4434
3185
5304
7337
2339
2347
5198
8370
4798
7738
4800
3183
8231
6671
1866
1865
221
5975
4578
2737
619
6526
3815
5729
890
8384
6869
1377
3662
8
1108
8522
5725
1386
536
3914
7478
5599
2118
1229
2739
4151
5957
1204
629
1120
5869
5477
8085
2604
7102
1426
7229
7145
931
88
1874
7256
8391
8742
4989
8044
3303
5465
8524
5238
6809
2228
593
2929
8585
7019
2346
7710
3071
3329
1584
1699
3484
5052
8619
4580
7215
6101
6388
189
6039
4737
4712
7132
319
6083
4677
5366
5100
793
4493
5575
2817
8310
3853
6531
8239
5024
6986
3174
418
2283
1150
1965
5175
5001
1236
8746
2009
4327
7459
7731
474
1218
6717
5707
8566
3440
2874
3904
821
4774
8206
2545
2522
4033
7035
8182
1280
6552
7114
5747
1291
6457
392
6719
4916
3081
5120
8529
4369
176
6865
8354
7814
6750
3982
6119
7389
7272
1958
6243
5804
1641
7976
8643
6127
7157
3890
1976
6312
846
6362
8311
6068
6133
2734
7781
1924
3564
1760
939
3121
3601
7716
5195
3582
6020
4161
5667
8640
7154
8629
5731
6915
7094
460
7308
234
1430
4615
7846
1109
8473
5259
7921
1632
7354
4719
4243
7165
8512
1968
5067
6395
6658
2785
8427
1683
6723
7626
4003
3032
6216
4171
4495
4489
7374
6121
2584
2398
3842
1851
4609
2401
3123
3680
5516
133
4565
2471
2862
409
6073
4094
5379
4594
2388
641
8546
6732
6971
3557
6998
8145
2032
5503
3378
5343
2274
2855
3822
1650
3726
8070
8267
8501
2459
3106
4589
6193
4084
925
1798
724
2079
4622
3599
1335
2136
7489
5677
8308
8099
2599
7395
4500
3992
7978
70
6451
1177
4943
6492
4583
1156
2880
5572
3166
3746
4010
7665
4016
6580
6745
6828
1402
4373
5462
777
768
1098
5487
4197
5057
8265
4987
433
478
435
6165
7518
2383
5939
7
3836
8736
7676
3004
595
294
7677
1572
6177
5636
7467
727
5398
7724
4563
8741
1736
8388
3863
5334
6341
8005
7878
4227
5156
6411
5130
4728
6695
5721
4252
8066
4309
5639
5842
4358
6153
7571
7146
2698
4183
8425
8392
3745
5952
2223
2908
3162
7139
8344
1751
6276
48
8448
1436
6482
570
4613
7807
8516
2165
7092
6604
7496
3103
3266
2791
8297
5813
2892
8021
2100
820
942
6136
2490
1506
1418
8177
4505
3703
5393
819
1041
8366
3117
3548
6001
7516
7442
6161
8461
4531
5479
1994
5474
55
7723
770
513
5913
1470
2102
2515
8706
5609
8330
2679
5080
1686
7498
410
2248
7016
2952
4442
7025
4098
4083
8109
3194
5207
7369
8530
6091
8367
8593
2038
1541
2539
4653
1277
4703
5437
7920
8547
3029
2202
2533
3385
6230
6945
8525
6485
7634
2694
60
7755
1248
4408
3520
5117
6923
3024
1583
2503
1550
356
7181
308
8718
4296
8538
4081
1060
6477
4449
2153
2609
5182
3046
1746
6442
317
7782
3610
3744
3609
7503
6339
4744
6023
5521
3664
7076
360
524
606
3308
3711
5254
4034
889
7747
6652
5482
3999
3200
3570
3097
7865
7948
253
5705
2319
915
5977
8169
7662
1434
2403
5051
7544
721
6642
3724
2582
8523
8256
493
8243
1198
192
1107
4092
1862
7888
2735
950
6979
5856
4679
8144
156
8673
6419
111
7349
8686
5146
6765
691
4418
6441
3743
7806
5395
6729
6123
2652
7357
6324
8204
158
1438
6286
7041
1959
928
6940
3209
5457
775
2309
7266
6129
8649
4884
401
4981
1989
5262
7999
3177
4932
4428
8594
7097
2289
6888
2166
667
6829
468
784
3949
8470
3413
6982
4790
4952
8359
233
7543
8744
6823
5003
3913
1209
6892
2550
5032
2731
4141
1230
7932
828
366
1269
2813
3337
7906
5890
2643
3248
2168
7993
6837
2680
7892
4909
8121
700
6031
7813
2054
2370
7171
965
4047
3180
6307
4350
254
2690
1442
1879
4701
3418
7938
1796
5367
2172
1516
6491
8433
3275
6202
8350
2510
6461
1562
7093
3973
534
8017
350
7179
4835
7421
3894
8336
2404
6539
5008
2957
3346
2463
8282
4486
3068
3280
8083
4676
7998
116
1654
1144
3423
3646
69
5090
2796
6657
6188
566
1002
8039
5005
2186
3347
263
7188
903
2154
7955
3368
7380
1590
5883
2149
7329
7562
2210
2557
4461
2292
2869
2973
4530
5989
4673
8674
5922
1431
5607
752
8303
7182
8531
1174
6533
1847
2384
6802
755
646
7922
4158
3090
5675
520
995
3246
4907
3648
6550
381
1655
4207
2239
6174
5798
743
1661
5588
4348
1638
6404
8421
2000
3078
5789
3761
5873
8225
6062
554
3272
5858
496
3467
4968
4767
2819
1877
5882
6663
7907
1875
7670
3897
7135
3339
3630
7632
968
4429
6980
3736
4740
8238
2427
602
974
4443
2743
6416
4988
3039
4588
3426
2605
3723
4481
4649
7327
7101
3688
7330
5589
6445
7927
1282
2476
1886
7535
684
5527
4512
5761
8157
8030
2109
288
1367
6325
109
2566
2047
7715
2575
6370
3530
1099
8294
6728
5473
1466
5981
5274
7835
5938
5565
4107
1946
499
7343
3510
5946
6295
7341
5040
199
7238
5307
5937
8214
8780
4620
4741
3699
8283
5185
4370
314
563
7601
6955
7228
4145
6883
4730
6355
4450
8783
4846
1406
6254
1807
8511
6661
6371
7060
8226
5907
5417
2195
4630
5655
3539
3255
8195
6852
7239
5138
3616
7766
4333
6333
458
3709
5557
1697
8232
2708
5318
7082
5936
888
7065
4590
1511
5654
6398
2349
3586
306
2873
4924
8276
6048
6154
1342
5037
3316
787
6618
2636
866
2231
5672
6718
5690
4154
2244
1359
1766
2050
2325
3877
203
5163
2062
740
2117
8466
6746
3532
5282
2299
8329
4663
2479
4805
1561
7915
8492
365
5830
1485
6834
2514
245
38
2447
4300
6943
6759
5888
1265
8306
2528
8491
1385
5745
4286
6562
1495
2613
6440
3037
6189
8692
4266
7241
3905
5188
5088
8503
5788
4251
7511
6692
1254
7180
7767
5339
1152
1491
4799
6176
128
5426
8254
6430
2953
4018
3249
463
7390
7598
8548
4233
6235
6680
7971
4463
2607
3374
3031
4628
7609
7946
3955
2386
5021
1991
2992
8770
5200
3581
1978
7162
8279
6288
8176
6209
5533
7840
8155
4655
3843
2342
8400
3311
3489
1486
8369
5623
4064
46
2624
8556
1927
2537
1897
5752
7996
6769
4393
4699
7600
661
2518
6844
1785
1454
4031
8539
2955
1917
4624
5703
103
7174
7036
4013
4238
1224
2390
1435
1934
3811
8038
2353
5739
1743
6667
7293
1464
7777
7207
488
3141
7362
8567
1220
1574
8353
8544
3058
115
4634
6833
6941
4951
2811
7622
4257
4353
2856
3215
5898
3128
1339
2224
4068
3328
7743
6962
7086
5128
6930
5330
8711
2839
5147
2241
2586
8580
8302
7692
2688
7578
5006
7340
1124
1325
8186
5096
3485
7593
844
1087
5666
2259
3941
1755
2448
6429
738
6210
7318
2746
8045
4299
7837
8581
2206
3115
4982
5985
5038
11
2212
3373
1716
2665
4133
7028
6402
6878
7909
3331
4105
6046
7096
7509
6735
414
1013
996
2424
6266
2619
1163
5560
4484
8612
4532
4421
226
270
1276
6045
4392
5332
1936
3138
2380
30
1858
4946
3111
4254
6425
8252
4363
126
4645
4723
6545
2492
2654
2832
6877
2966
4046
4935
1366
147
7185
6213
2806
581
7283
8468
3624
2987
3880
8324
4042
4091
817
7737
5294
1512
8072
2745
8190
7108
4193
4126
5432
7911
792
6183
6710
195
1750
3061
2303
1870
2198
7818
4610
4095
6639
1344
7611
6938
7885
5159
1962
6248
707
3264
5750
370
1118
3169
347
6537
8477
6792
6302
337
975
5803
90
532
8328
5706
2142
8060
2486
3667
1613
7533
8317
2362
7631
3509
2911
5144
5265
4367
3971
7551
6641
411
2417
1554
2784
1111
516
5531
3462
6069
4124
2190
6015
7494
3738
4136
4516
4913
6528
4956
1794
3859
169
142
8218
5887
2656
4290
1326
5593
4574
6629
7513
8703
1591
4476
731
7680
2462
5472
1070
5582
4009
7319
2571
5838
5680
127
4349
2254
5619
4130
3222
2343
6146
5239
4477
8382
3818
6670
2472
7559
5225
5699
6636
5062
1601
2090
6499
2377
2264
2258
8712
4191
7064
2579
6162
2513
6534
6874
2391
1007
3812
2913
5074
6167
1943
205
6025
7903
4410
5384
6806
8112
2986
1834
8471
2521
3673
1647
4550
7176
590
8142
1642
1671
4146
2361
5501
3477
6538
7261
4584
422
2646
378
815
3479
3466
2280
4189
5405
5641
3986
864
4886
2191
7246
1330
3001
1210
5648
8563
3906
271
636
7301
8568
4416
3768
884
3988
638
5058
4035
262
2507
4482
7168
1816
2092
3881
3336
8212
3387
1057
7881
132
6067
4312
7307
2126
6315
6748
5891
3326
941
763
7566
8064
8241
1115
408
4237
1783
6847
3779
750
5781
764
143
1835
5131
8559
4432
8429
833
8735
6190
1054
6682
3285
3771
8754
4362
4379
6854
1672
187
517
4735
6925
5399
5940
2150
1615
2178
7896
6386
8381
1578
5349
5323
50
3580
1262
841
1700
8301
3860
7658
850
6902
3784
2203
5872
4209
5446
5783
6896
2710
1504
6924
3086
7312
6891
8781
3199
1721
5728
881
7463
6966
6803
687
1008
8675
2827
446
4537
4051
1698
2446
504
4641
1939
2121
5951
4696
2002
1593
3149
8140
5910
3833
1944
949
4496
1246
1607
1286
3220
2840
1867
6401
4743
8006
1832
4247
970
2959
4070
1206
1702
7055
4019
7629
651
6954
6991
714
7997
1293
2140
2449
1217
1403
23
4903
4097
585
926
4479
3656
5828
3791
2371
6559
2778
7058
1762
6372
4534
4270
3629
6839
7883
7348
1676
1515
1034
1873
7542
662
4356
5425
8150
3925
2706
3425
3069
5704
4666
4071
159
7545
4605
3592
1809
400
8201
4368
5604
3772
6519
2151
2788
8496
1894
1128
4424
2253
4633
6793
2577
1921
391
7913
3563
8246
3928
2493
1659
4025
8731
7167
6795
5570
5353
8092
6648
8108
6114
7447
7314
6366
6004
7606
5035
7596
8240
1297
3099
3508
6140
5778
6163
7572
259
3686
2885
8015
1509
4855
1471
7640
2729
1101
2147
8405
3358
4480
3687
8123
5241
3653
200
7051
4181
1520
1767
3552
4936
4897
8417
8152
2389
3669
3276
4871
6775
3878
7273
5515
2600
3173
5295
6122
7515
2589
5222
1635
694
3079
5517
5124
2972
2969
5220
5267
859
2779
7732
3866
8180
7217
2122
2407
7794
3946
7912
6972
1609
3690
739
3729
4438
7592
4599
7213
3763
5314
2783
6392
3317
6933
4106
4293
6464
929
2903
7499
5961
1795
7368
5203
8599
54
32
3810
6794
8393
1306
3671
8743
2611
7889
6866
4904
3785
5816
4137
1196
6383
5469
3775
1754
837
8141
3224
555
2081
7689
1684
5861
527
6013
7010
959
679
3375
3137
542
8293
4057
1457
7874
2296
6868
5563
6621
1022
8635
5098
6544
6501
2184
1167
4284
6505
7388
580
508
3957
1586
5988
5244
6981
4852
7699
5646
2302
7785
4761
4015
7695
8443
7234
8710
3003
1949
