6381
1068
6786
2823
8295
6784
1580
6169
3017
3273
912
6199
1547
5677
5891
5022
1088
3241
699
3022
3802
1176
6634
1529
7677
5859
7018
740
5985
7423
6475
433
1199
2155
6317
7583
1850
1745
8142
6635
2844
3960
8540
1342
8349
3328
1085
4642
574
7259
2167
6021
6703
4515
3992
4820
839
853
6674
2863
2506
1598
3581
5631
3081
276
1734
4662
665
8671
67
7006
739
7512
1696
7922
4795
8427
5311
6540
6650
333
3105
4135
5712
4511
1493
8305
5882
7756
6761
6360
2624
640
7091
1530
4530
2283
6704
7584
4125
199
6843
4840
1699
3765
242
2288
7599
2424
5768
6225
6782
3511
5233
2564
1898
543
3008
6999
50
2820
1795
6135
8742
7669
4382
8066
3335
6654
1553
3376
7697
600
6878
2054
8713
7275
8053
634
4936
6528
3568
2594
3011
3575
4894
7252
7840
5733
5482
7924
5309
7700
5841
4375
5279
4518
7021
3279
7675
5868
6270
5049
5564
6394
6063
1032
8718
539
7901
4164
4503
3340
3268
7247
8089
3250
2065
8723
3716
359
2235
8551
4409
3883
8380
2739
2115
7038
6022
311
1461
7102
3866
6908
5410
8606
8094
1422
5721
1065
1762
2273
1618
6877
661
5559
3393
8567
7661
320
3113
7905
4584
1953
5118
53
6117
4893
3534
8287
3107
1247
1601
7915
1563
6354
3316
378
2406
4189
8006
3590
3507
5824
7058
4217
4510
5802
6142
4775
8528
4254
5881
144
2061
1292
4156
8092
5957
1824
6159
4038
741
7744
7845
2098
2850
7990
3237
5872
2657
2722
7616
8373
2696
3841
6049
8641
491
8557
4730
880
3411
3854
704
8529
4428
5234
3692
2084
5741
6994
339
5738
1955
4784
3622
52
594
7047
7186
2362
6952
5897
4309
1033
6041
759
4567
6860
2159
6647
886
5863
2974
7472
7539
4710
2232
5674
4943
1156
62
4249
358
5031
2104
762
1791
4059
5790
2997
4759
5040
1890
8480
958
287
8336
2595
4977
4149
8539
1988
175
4291
3500
3852
3468
7666
6630
2783
7179
8455
7447
5372
123
5150
8619
3169
4939
2791
4207
5586
4458
6373
4593
4550
4767
3888
7789
776
7865
4586
510
8627
6818
4729
7118
3653
3506
7730
7274
4800
3786
7976
7927
948
5460
2803
6851
975
2246
3784
1656
6313
2672
1150
1078
4906
8008
4793
8689
3061
6396
501
1397
3418
6047
6264
18
2050
5273
5209
2551
8442
3262
5976
6071
7883
7453
3039
7950
5491
7007
8326
8039
7117
2659
4852
4654
7061
2344
5549
1022
6405
980
7336
931
7553
2875
3788
7842
2447
7295
1159
2030
3362
5253
4381
7816
503
5954
2701
4778
4469
910
5433
5542
7332
7090
950
6395
1130
2357
3909
4246
2527
1772
6715
4053
1189
563
1178
2763
2043
5173
1104
2598
1069
8101
7593
3439
8083
8269
7507
7188
2145
1001
5280
3187
4035
4776
5005
1105
8615
7557
1337
970
7154
3188
2311
1650
24
3583
6214
2865
2281
7506
5684
6189
8051
920
2156
8203
2689
3929
8099
6222
6915
624
1117
4102
2154
4181
3016
6372
3147
5371
4809
6177
3004
426
3708
6810
2143
8639
6720
4547
549
7075
7122
3302
2128
3338
5328
5417
8264
8464
3300
3045
7349
5760
2044
2766
5771
3145
4491
5887
2320
6146
95
6296
4065
334
5348
8662
2636
5287
1270
8114
234
4736
6293
7063
5316
1989
5349
3127
3141
1015
7437
6628
8771
6744
1309
1446
5908
2198
4153
1107
6325
2778
1496
3272
974
1974
3200
1504
1335
1980
1613
2723
995
5601
148
6032
3739
7969
2512
3741
3405
1096
6039
4184
5634
731
3904
169
1483
3548
6216
1561
702
4396
4578
3998
4401
2617
4568
68
7962
4898
7603
7342
5849
192
8591
6602
5027
4926
4117
7485
1075
2116
4196
4168
3010
3517
4212
3849
5501
1417
7468
7805
1732
6688
2847
2359
7376
7203
1385
4194
4757
245
8604
5193
8549
7793
4478
1516
100
5931
1644
4815
7461
805
5683
2407
653
3238
5773
5705
3182
5105
4044
3071
962
4764
3635
6203
3353
2618
2675
1773
4559
3409
2779
2773
1012
6593
2400
8416
1363
7781
4036
6619
5168
7943
6917
6543
5575
1028
7660
6299
9
1053
5015
7397
8273
7341
4475
3928
3495
4807
3891
2147
5080
3988
8180
3144
6420
1083
3705
8739
3510
2182
6571
8328
727
8649
5533
5521
5243
3859
1093
6830
2122
2802
8317
6512
2333
5137
3760
7966
1171
4000
8470
6097
8302
4034
8702
567
8484
1633
2736
7835
5091
3003
1167
1343
7533
5240
5649
6301
4991
2376
1815
5314
8266
2915
4316
1716
895
2811
8487
5060
1177
857
2337
2342
4146
7236
812
1838
3619
3603
4965
5299
3060
8228
3311
8226
1346
5620
4947
7785
1368
512
8055
748
1749
3509
4280
7297
2380
8746
1428
2438
2790
3995
3485
57
3781
4047
88
8432
8560
292
6133
345
7912
4791
4306
1488
5582
2173
470
578
3864
8665
7287
4709
3366
1356
4033
1605
7263
3305
6911
7271
6918
5643
5112
4263
8138
5905
4380
8197
710
7929
395
5141
3277
4619
2503
6210
2991
3177
1576
5262
6091
3607
2036
410
5100
5051
1799
8069
8740
8013
3640
8680
2706
6632
7953
7223
4122
6861
5655
291
4495
2916
6474
1142
7830
7977
593
5772
4693
1661
8570
4151
2883
771
6074
1471
5614
541
1044
275
3464
3647
3121
6447
3118
8140
8589
1297
3315
5850
7282
4113
4376
7568
685
1886
8422
1300
982
3401
8077
7704
5857
7505
6477
1738
8148
4317
4614
1623
1213
6365
8137
4694
8531
8686
6882
121
3095
1253
6726
2045
5837
4139
6910
6006
6556
69
3382
1377
6139
1690
5698
5864
1667
7937
825
5454
5780
8714
5122
1789
1447
4161
2648
5140
2571
4454
2388
7169
3243
4219
7352
3025
6298
8036
4159
8640
5219
2178
3301
3785
4672
8168
8110
6110
8118
1415
4483
6038
3967
5672
7608
7622
2528
746
1280
1443
6025
988
4508
4832
1686
1612
7629
2364
4464
5711
8369
7554
6338
6280
5085
6377
3695
751
5484
3403
1801
860
5090
3384
6370
3422
6488
8331
7283
402
5855
5759
1514
7782
1788
3744
3954
2867
3196
324
2465
1148
7573
6933
5260
3690
3842
1424
3132
5127
6111
8753
4208
4276
4342
2386
5947
2251
2965
3940
4744
2187
4743
3351
72
385
7832
8070
5457
2191
6221
585
8483
3783
4148
8119
2912
613
2744
3306
575
7114
5304
1110
2375
2056
6949
8527
7069
6844
5222
2450
8108
6048
2021
7217
6484
3997
298
6386
1794
6184
1089
852
3424
6774
8485
7904
7149
6773
5785
2895
4070
806
5271
6561
7055
1073
3624
75
6375
1712
3822
2164
393
7621
5817
8308
2282
8185
5379
2057
3532
4923
3731
3124
899
4924
2801
5535
4572
6768
4502
4352
6916
3906
4188
875
6729
8595
1146
8433
4884
5241
3742
2420
946
3460
3858
8756
8457
6379
5369
5292
6692
4356
6157
4251
7473
4902
6479
3012
3922
5661
873
7003
5927
2393
7155
4081
855
7044
6760
7398
7928
2834
2555
606
376
5201
2687
6520
3054
8719
3291
3360
2682
6124
6089
4423
5360
8320
4468
4404
7294
6562
166
2238
3515
2622
8722
6582
796
8271
2656
1191
1909
6722
4272
3814
4551
2727
6625
6239
4657
485
2643
4604
2971
258
5088
1899
598
3796
2589
6787
2310
3540
6920
5636
943
7699
5879
7820
7676
3714
2510
4420
2814
5313
2717
2193
4095
7695
6082
5680
557
3447
37
1763
8403
7628
7043
1808
671
6521
5999
4774
667
5183
939
5871
953
3810
668
8764
5162
7369
3656
4917
1728
7419
6323
5472
4466
905
1472
6583
1374
658
941
5986
3665
4388
4781
3363
2366
440
6679
3266
6564
4267
6191
1534
41
3936
7954
6012
8028
4595
4983
7522
3639
7884
728
6115
2933
5563
2346
7971
5825
540
7115
3938
4714
1261
2210
6186
2729
424
3190
4684
1457
7025
225
8666
7556
6776
5270
2602
4299
6538
7351
3860
4948
5430
4400
3444
4897
2258
1099
3228
3939
6651
7778
2579
2853
7945
8448
3542
6963
5355
2740
3535
6951
8191
457
2784
500
1577
6320
1
1509
5522
4421
2142
5974
7108
1122
1034
40
2645
5019
7357
2724
4988
8685
2041
1439
6109
4453
3667
2076
4676
8254
185
1922
3101
7729
6675
7896
1765
5310
7481
349
2683
2048
4673
250
3476
5907
2509
1219
1046
3924
5609
6968
5284
5912
4514
1114
6959
2101
4718
1597
3829
205
390
5188
5170
6904
3075
8542
2262
3863
6253
1008
8573
4120
1607
2411
3582
782
2467
7575
4872
6937
7395
231
8445
3601
1382
8569
2957
3993
8599
132
6657
3819
1063
7103
4603
2019
5075
1158
6389
3879
3674
7511
4875
6
524
1676
7688
7580
2078
8343
3878
636
1165
5628
2918
7576
7733
871
546
6875
5246
2209
5504
5716
5035
3474
7389
5333
8021
4552
3099
791
307
1962
6011
8192
2654
8023
1551
4995
4890
3395
604
2533
4436
994
3458
422
2590
4270
1713
1961
1900
7979
8568
229
2204
1589
472
8585
7234
2326
7920
6887
7301
4311
7408
7961
627
3631
8694
5670
4849
7866
6926
8086
7362
2378
5920
5160
3371
7338
4379
4296
5892
6007
6470
726
5503
6067
8394
2903
8362
4980
4715
7180
5761
5447
729
3112
8395
576
8015
1885
6557
8068
1467
1192
2854
7570
139
3451
5258
5394
6265
6581
8538
7087
5424
5676
6052
3204
4638
6678
6084
7302
3978
282
5595
1164
7083
7190
5831
2069
3446
1320
1020
4435
8683
6709
6276
7173
5511
2067
814
1241
8732
2011
8113
6446
5569
497
5026
2456
7750
8189
6833
3333
8749
2199
6551
997
3795
520
5747
4747
6249
1057
5613
4484
5875
2660
3298
5573
4879
8038
1277
2473
7903
1489
659
7746
1081
4322
7106
7886
6712
3080
1080
8492
7607
7585
7214
3377
66
8131
1816
8223
1125
7032
7735
8057
4940
7657
5008
7260
4416
2463
6906
1697
1933
3436
3151
4026
6356
1235
3180
3762
4740
1870
193
5004
2348
8663
3659
7226
2967
4667
3552
5781
8486
8514
8408
3555
4814
8398
7245
973
3551
453
4882
3140
3404
3142
7931
274
8530
2935
3259
3789
6287
2534
5096
6553
5748
3160
3972
6302
5089
1477
2981
1479
2627
2138
6792
6541
6681
8592
4485
4041
164
1064
1968
3984
4725
1139
7353
3676
8333
3378
1868
4474
8058
38
1637
6055
8735
2578
5393
3950
4712
2538
3761
787
6590
3531
933
2746
5603
869
7762
1495
1812
7956
4616
7330
1354
6609
8419
4735
328
7261
361
4717
3977
1005
6243
1215
3459
1585
2329
8161
6482
8176
6879
1700
7543
3156
8563
5115
2536
7799
8462
1458
1314
3732
7070
1434
5923
7230
3798
6924
3269
3477
5527
413
5713
6188
6925
3494
5607
2177
6348
1867
8221
4085
5087
2355
3987
6414
1744
673
19
386
835
7821
4057
5836
6486
7724
5796
1513
6232
2775
7174
7532
4107
3091
2081
7894
3288
5570
6418
3598
7132
6839
7387
6898
4214
773
2267
1831
1823
1578
8182
2212
4374
7372
8088
5524
8286
4229
963
380
2928
8356
5029
5094
5989
965
7084
5426
6826
4513
2146
2323
3605
7094
6769
8292
6376
8465
1621
4067
2132
7221
7578
8699
3367
1703
4548
7551
6388
5068
6901
4412
4500
5364
102
8355
8387
3537
4787
5322
6770
6248
5229
5312
4260
6644
657
7828
5485
111
3946
2869
6850
4365
8688
3655
5611
4391
7293
3948
864
3210
481
999
4337
8463
2271
8652
1531
1227
2492
478
730
7817
7911
6869
1423
3512
1568
246
7486
7959
1179
8377
4335
1401
3887
692
5043
403
5327
6362
6641
3150
7995
226
7717
6445
7932
5654
5543
5383
850
3136
2035
8489
3623
3971
7846
209
4489
4278
8779
8525
8198
5619
1404
930
5718
4611
354
2725
4114
8469
6523
61
2505
6402
4271
1101
5156
698
2587
1384
3817
2110
966
5138
6748
2919
118
2882
7366
4899
6913
7946
2719
4367
2615
6171
1542
2800
197
5915
1295
451
1056
4096
4075
3671
2697
5818
2747
1511
7651
6209
293
6611
4166
7739
639
2299
8078
3989
3956
3735
6024
4348
7812
343
7439
584
1473
635
6179
7015
6023
580
6799
3276
5505
8657
2676
8404
5526
1771
7516
3432
2699
1798
7619
4628
1743
8731
6219
6134
8200
2710
977
6618
2839
5283
7549
1497
227
3919
5175
266
4587
2063
5913
6251
700
7370
8218
5083
2891
4176
2504
3215
6990
7285
7530
5782
3900
4631
8133
5133
6756
6629
3773
3047
972
4630
5561
8767
2328
7216
254
7654
3577
5300
542
7148
589
2086
8750
1141
3675
1162
4846
1625
3905
45
425
6874
5344
4649
5108
4953
2266
133
7822
2184
6461
1836
3636
8297
1391
4887
3368
3630
5797
212
6034
6504
3461
6506
6821
7527
881
2469
3014
7152
889
1759
4507
7535
8289
392
1431
861
2960
8721
1769
3337
5967
8384
6344
2458
1905
6419
3096
3680
8010
1990
7589
2106
2653
8782
2821
5981
4560
6936
4019
5422
2461
6894
648
6342
5257
851
2642
3189
7092
4869
4110
2704
6743
1433
8537
2396
2493
364
1889
2192
4933
1312
515
6424
8047
7921
2934
529
6120
5064
6530
321
6631
716
4015
6151
693
1747
4519
4697
5325
7558
3964
758
327
6535
5660
6978
6238
7916
301
7767
3220
7701
1770
4360
7241
6086
6989
2931
3438
2521
1786
897
2634
5285
5860
3192
6182
2397
1370
8
8052
3772
4644
7052
1562
2140
6569
3609
4746
5823
4916
6230
3069
7017
6646
3227
3465
7632
2354
6493
3679
4073
2585
738
7200
4817
2553
7490
2416
3314
4748
6734
8506
4585
4833
1595
5557
4695
4912
601
3159
8314
1302
7321
6685
2476
6752
7465
2708
3454
8291
2161
3915
3862
1037
5536
7095
6605
638
7618
7276
2523
904
3524
935
322
1807
6563
1594
7346
2487
765
5458
3430
3737
3331
6215
4664
7636
5445
7918
8691
6639
431
6597
8716
1322
4429
5192
7394
2495
3471
2949
25
7994
2540
586
5647
6880
4829
6682
6432
8250
1975
3247
2390
4338
222
3103
271
3267
3486
6013
5752
1894
7571
2239
2877
1140
7919
2887
7890
8647
6558
7113
4201
5455
4185
2042
2979
4152
1350
4154
5391
6068
4842
8765
4305
137
4643
954
3911
4766
8556
6637
7380
558
244
5210
3587
3346
1316
2926
7204
3203
559
2419
3161
7764
2958
8493
8520
6439
5099
2016
6943
3456
2826
3591
7002
6050
3837
615
2577
2188
6847
5638
2603
7548
3550
6766
241
4622
2987
2295
4504
4524
1399
2808
4432
4810
5605
7201
416
6662
6567
5307
323
1408
6568
5227
5302
3064
2228
6960
1872
6149
8248
5935
8692
6267
1459
2611
2260
8162
670
4521
8660
5531
2099
1207
3473
3806
1971
885
3255
3777
2010
7042
536
5848
3627
6005
2215
5373
4118
4031
5553
5739
7242
6666
157
6241
6165
4405
412
7981
6676
4460
7582
486
4534
1289
65
6387
1573
1609
4009
2930
3129
7225
2649
3779
998
870
6509
4003
2977
401
6672
7020
8497
3466
3116
108
3897
610
8063
3332
632
5993
5048
5918
5121
5413
8499
4228
3530
4462
2410
4843
5880
3585
7547
890
7823
969
807
4903
3643
2335
5056
8027
4347
4705
4602
766
2003
3689
6255
8159
4648
7633
6985
3696
1558
7650
3230
1845
7827
8760
6190
8249
5212
7062
7513
4082
6855
2309
6615
4368
8769
4737
6400
7882
115
128
7433
3295
4533
4528
940
4001
7136
2938
3959
382
6747
3750
8504
3407
4369
8704
5191
394
4999
6217
210
1463
4597
1419
1851
6104
8424
5746
6410
5579
4183
7105
1934
1429
6359
3031
918
1237
3833
4324
4066
4545
6957
922
319
3562
5144
142
2358
3876
1911
4341
1566
289
8235
17
173
553
3358
4351
756
135
7445
4822
3724
4353
8415
7908
7871
8135
4770
2162
1588
2202
6767
4563
310
3323
4808
7224
5351
3764
8728
618
1348
4970
6643
8213
7233
8267
3615
6673
4022
5815
1233
5737
4163
7542
4446
531
6161
5357
6572
4909
7475
8588
4615
6559
5697
2300
3733
8581
2951
4779
26
4327
4669
8348
3961
4240
4427
1740
3388
5437
7814
8597
1846
4562
7008
1906
421
7386
1340
377
7763
8558
4431
1108
2988
6408
6723
2049
4632
4370
7266
3041
3122
4683
579
6859
2398
6127
5584
7642
663
6226
6694
6706
2876
8311
7792
2597
7119
7596
2715
7659
8073
3941
5769
7099
3976
2904
843
1062
4998
461
5786
6448
1236
7684
7678
5263
8293
3634
6727
4813
6070
303
1519
1042
2668
3110
6577
4281
450
7088
3706
5862
1018
331
8636
1687
884
1510
6737
1025
5163
6113
5305
7974
151
7949
7477
7964
8410
5093
4378
4850
1524
8475
1414
4206
99
5011
650
8034
5515
4607
3024
8512
7100
6467
2849
2402
4806
5486
4042
407
2973
3901
4540
3137
6286
3173
2052
3443
5194
6601
8026
4457
2118
1947
7456
2963
370
7448
1307
6125
4801
1546
4266
8472
8392
1854
6310
7992
6872
165
1925
3827
4312
1113
1004
1919
2607
8653
5845
8609
1386
5525
5703
3128
3668
8454
51
5671
8359
475
1373
8759
8149
725
1792
4535
5046
913
4308
5190
1724
8341
3356
8774
5554
7443
2294
3885
1564
7425
5196
3435
167
1060
1570
925
1936
2494
4536
4670
1311
2432
4539
4866
6965
3556
6948
4452
7272
6976
6141
7064
2417
4870
1291
708
694
4803
285
4339
7975
6871
1155
721
7673
5113
7528
3681
4394
7072
2307
4467
4235
552
1664
2111
6827
4014
4856
482
2663
5662
4127
7715
6588
3317
4782
4433
1132
1958
7867
5276
7045
5423
8227
1835
6305
2434
8435
1120
4261
6648
8009
8256
58
8603
8165
5982
3848
3602
947
8236
785
3240
2241
907
1061
5207
2680
3895
5288
465
189
7411
4021
8659
5231
2413
8116
7606
4221
8509
8109
4069
2293
6730
6728
690
5548
6617
1673
1102
7093
4680
7268
4828
2628
1230
5724
5813
6794
8781
2661
1869
6090
2124
1860
4990
2483
7049
6788
551
2599
4437
7074
979
5012
6123
6578
4797
7360
1338
1695
1751
8741
5794
6811
1660
4231
7246
8208
6322
622
8565
2705
2514
398
1438
4755
7476
130
437
4575
317
2547
2711
6993
2702
3925
5343
6494
7967
6753
5415
5321
7849
3479
8121
85
7914
1629
4250
7907
680
7685
2203
3085
8337
4576
582
1030
2616
8257
6793
676
4357
7312
6808
1946
7133
6698
4198
7153
7760
6300
1538
8754
1527
682
5315
2655
3808
3352
6992
5278
6018
6284
921
2690
6106
5403
6819
5941
7800
8413
35
5446
1109
3709
6116
4298
4439
6689
273
2795
4253
8123
3704
2222
3453
7300
7219
113
8614
917
4756
7424
6856
1364
5102
4062
3036
3818
7396
1362
6195
2242
6363
5807
4143
4284
5576
4285
8518
6890
3056
8240
5134
5195
313
449
5217
8757
7545
7826
6931
3927
2794
1698
6954
7086
6584
3857
8136
7404
5139
2631
4583
7540
419
7333
8612
8761
8443
6010
7343
7880
4315
5238
1394
767
595
3394
577
3703
8752
98
1169
3251
7151
4506
6956
7692
5468
2698
6307
2966
679
3921
7165
6045
1367
2071
6291
1315
2970
532
2830
3843
6815
6659
5429
7759
1279
56
5
5538
2946
3853
5148
1736
2517
4363
5197
4355
4025
3470
6684
1833
6604
7623
5178
8598
3233
4660
8074
8011
1914
5830
3287
383
5949
1987
3975
365
3945
8681
119
2403
4941
6119
5326
474
7780
5152
5902
5596
8306
7005
8631
1014
7222
8505
7898
168
4931
2693
2094
1646
1722
1449
887
5873
6183
2806
3770
781
6807
3759
8280
200
757
4116
2185
8562
5641
2767
5211
3249
3839
5885
7854
7773
3838
7427
3493
8501
6399
1881
7503
5604
6456
8532
2477
3820
8170
5757
5546
2837
1288
7157
7663
3957
178
7736
1402
8706
5419
4653
7515
6391
460
5939
3501
4205
1317
374
1460
2757
5185
3722
7868
6027
1678
1094
2053
4133
6621
4237
3214
2029
8607
5983
1681
2793
1276
898
4443
5608
6229
3717
4741
4537
4974
5851
6384
6478
4703
2017
5663
6529
8065
4343
2409
8175
1849
3048
8310
7779
8173
2878
1175
177
1761
7159
4039
1360
3567
5425
6814
2240
6422
1359
3855
4076
8007
6235
1070
3918
2789
47
7906
8112
6046
116
5658
6321
3166
2560
7365
4386
5189
5340
2486
7728
3117
2181
1256
3557
705
6278
6262
8150
2772
4786
4160
2759
2135
1294
456
8132
4277
4932
5795
8097
6974
1719
444
8071
1702
7653
1264
926
535
7227
2201
6889
2284
8332
1050
1790
4892
2026
2083
7344
8064
800
23
1948
5828
4978
735
984
3284
5555
4546
262
2353
2989
1319
7142
3098
6158
3628
4732
2872
2153
6285
103
1938
5389
8733
1821
7450
6663
5003
5104
3812
347
4944
1873
2265
4596
3723
8215
6346
8590
5404
3815
3108
3489
6072
1392
4989
4918
5063
1379
5534
4024
696
2760
1855
5621
7768
8561
6254
4666
8130
8156
5356
3114
802
5692
7363
3782
4608
7454
6224
750
7631
4268
780
4658
583
7414
3325
5453
8770
1727
4908
5406
1648
5346
5365
2277
6555
7170
4134
3027
1626
1635
8154
6829
7296
4835
4701
3280
4294
6433
4233
4858
5165
6736
8061
7446
74
7518
479
6228
1880
3354
7686
55
8024
3248
1257
544
8386
2150
4876
5966
6430
6549
2481
2286
2457
1662
8515
2207
3649
3787
7752
8365
5668
5103
8555
7479
8668
6303
2350
3662
2276
5665
4170
605
1118
1780
5001
6231
1238
7350
5943
3033
1041
7455
614
4456
1918
2925
2817
1864
2290
5407
8481
7857
6088
2896
7550
2769
4679
3809
1611
8758
6587
1388
5467
3870
7163
8299
4094
4505
4028
3525
3089
555
6980
5765
4449
7068
4413
8125
4738
4785
3521
8261
6393
1541
6016
7335
8574
3520
900
3179
3826
1451
7435
3109
232
5151
7787
1811
6522
8262
6261
2488
2163
5461
7499
8081
6174
4314
4699
2924
6206
5508
8160
5854
8654
7426
8372
7306
5622
4802
2548
3730
3212
4742
5000
6126
3780
2174
737
7944
883
5298
4346
1610
2703
2541
5167
2114
1560
6600
1469
3660
2531
1897
6404
1887
7839
3391
7630
5466
7934
4377
2451
3413
7256
8667
1859
3642
1072
590
6649
8370
3134
8776
4013
7876
6941
7972
8705
4685
5239
389
8334
7706
30
7013
4172
1353
6969
2718
2338
1767
4275
2330
1652
955
1829
6480
3699
161
5681
3811
3651
7391
3685
5294
3952
7189
2550
7647
7131
8120
2582
876
1226
1932
5988
7579
1876
5034
715
4639
1378
7531
7255
7323
2520
1593
5764
8143
8477
255
2695
6707
5395
1689
1047
249
5374
8670
6240
1884
2055
2770
2259
4482
80
1572
2139
1787
6921
6780
5481
1672
4234
7412
3278
4671
4716
2662
527
1052
391
6653
3083
8682
1055
7355
1375
5199
6147
8126
3374
4674
1437
5753
184
5274
2275
3472
2129
7825
8789
4895
94
2893
1584
1863
2508
2464
3851
5675
6162
1021
5693
929
4623
7577
6316
1537
5686
7991
3958
6341
4904
6515
1742
3519
545
3564
8020
5498
1161
5996
3488
5128
7783
7705
1330
5109
5728
469
16
2466
5166
4402
1273
5114
7720
1871
436
160
3545
2109
6271
4141
8375
8080
3152
7514
6340
1954
3983
8511
625
5801
5408
842
1225
3229
6196
7602
5673
299
841
2714
4385
6061
8548
2840
1861
5834
1445
6170
6198
7948
5380
6464
6043
3051
356
4723
848
2250
3944
4398
8050
8082
3415
5198
5921
4656
6324
8183
71
4128
8468
2761
2990
4711
7308
7721
2051
8690
4682
723
1154
6154
1902
4140
3499
6785
8188
463
6970
4440
2227
2121
6627
314
2436
5594
8196
8766
3097
7232
8620
2888
1600
932
4592
5154
1663
3565
7264
5041
0
3698
5952
5345
366
4868
476
2079
7077
1866
8361
7795
5259
6122
5463
623
1892
288
3198
7356
7935
6496
5358
7910
279
6491
3771
1645
4905
6599
2782
3882
2733
2884
7996
7040
5474
718
2033
3389
8593
4137
508
8546
384
4633
6318
6919
6731
182
4295
1091
5033
7861
3968
2537
6945
6131
6175
4598
4476
2732
5204
4617
3949
1774
2014
7146
6824
8664
5377
6560
6757
5397
315
5228
8347
5852
1181
7899
1783
3868
1133
5909
6986
3616
7123
6437
3100
4424
3195
5456
4320
8778
1739
8181
6164
909
3513
3275
7784
1325
31
7121
3528
7520
8342
223
6442
654
978
6294
1323
2385
8001
5627
1153
1544
109
5729
6580
2303
3043
8478
3683
2374
2581
1106
1631
4430
6156
8037
5884
8582
1259
3813
2166
1726
5517
695
1341
5223
1957
7144
1180
1721
1352
556
7026
1487
357
152
2678
1840
4111
1979
2932
4590
1393
5835
3553
6998
2263
7138
7875
2862
8571
1039
1536
2369
6054
2006
6501
379
752
4761
2941
2559
3120
3232
4496
7819
1619
7863
8543
760
7852
1735
4925
8768
8679
1058
7999
2985
4847
49
879
1186
6008
3153
7267
6266
1066
774
7176
992
1347
6487
5421
7078
7847
7480
5699
3533
6927
2535
360
7388
5157
7665
147
224
3800
3688
3844
2127
4854
6895
4037
8646
3209
5588
163
4392
7367
7936
2233
6502
8171
2460
5159
4690
7361
6213
7124
3062
4733
4218
5894
2640
7567
7613
506
3383
2842
5057
8003
3747
519
1029
5367
5820
7909
7210
1730
4618
3664
3719
504
7406
3155
5545
4937
381
8503
3044
8420
7933
5528
3398
689
3092
12
5984
2387
7313
5055
2319
5289
1904
7250
5267
6903
7011
7860
181
153
3702
8315
1000
4796
363
4364
5297
7292
2565
4721
2022
8616
7004
1710
6996
7609
7923
6062
265
7359
3299
1679
1757
8516
3450
3235
8650
1209
5720
6603
7645
1924
3979
3030
7942
8212
6514
4900
257
8393
6118
4986
220
3437
1521
1212
2798
8675
799
438
3845
6865
8780
5376
823
3164
4441
2501
1908
8353
655
4950
5727
5489
3611
8382
353
5473
1781
7195
5717
7808
573
4960
6343
2280
7191
6633
1581
5819
846
5917
7057
6713
3274
4216
1470
7183
8621
7600
5806
5477
4060
4005
1950
2807
3421
8473
2796
5870
4297
1802
5171
1239
4826
7855
6981
6802
3597
7989
1016
208
4167
4620
4874
778
2688
2349
1049
790
6655
8158
3417
2818
4651
7862
5651
7546
1997
4006
1011
6932
6358
6185
1649
7371
6697
1406
8784
3149
2427
5020
2730
6857
4471
6059
2404
221
602
2205
4777
2813
5725
6606
8423
6546
4350
8737
8700
219
7215
8049
1195
7893
6200
1329
6658
6884
7402
4273
5054
4652
1707
2945
5646
2171
2360
2027
6069
3543
8383
3869
6868
6598
5014
2085
7209
8166
3006
1705
8202
2152
5890
4913
5186
5540
4072
7770
42
2828
2224
7853
1512
7638
7810
3256
1853
2197
13
3522
7067
3111
5295
6595
8576
4434
8444
7185
36
4197
3710
4232
3290
5826
4625
8447
1552
987
896
1624
6314
1395
7801
3068
5689
779
5067
240
5814
6804
3285
4358
7184
7753
4274
7565
5568
2418
3344
5679
1640
5788
7161
5945
3297
5856
5337
4472
7031
194
6640
6234
587
7802
6454
4719
3194
2942
3644
6100
5958
2100
5078
7238
2982
3526
3364
5037
936
2331
3824
5625
8139
7390
5552
8217
6163
4724
2848
2907
8717
6458
2020
783
1567
2190
7941
7951
5132
722
8102
3561
4202
6256
3595
3396
2339
7206
5214
7560
236
1198
1879
6421
6406
1822
4812
8400
666
1441
5396
6550
5926
2881
7592
5042
3907
3794
6624
3985
1361
218
4799
3621
2365
1782
6353
5980
1254
5143
6822
2567
6664
6542
8111
7374
8787
6208
8164
5784
1965
6463
5184
6087
2544
6099
3057
5878
8087
1232
6129
6078
86
5010
7470
2367
2441
4677
877
1252
7410
3213
2119
3491
4230
3799
6764
4068
5929
6749
6695
5420
5792
7523
8345
7073
4417
3600
7843
1229
2952
2886
8106
8430
4049
5174
1654
7147
4162
3350
4910
187
1250
2905
7809
3070
2776
8234
3336
5036
5202
468
3821
7253
8152
4029
4997
2255
2625
5901
5953
4390
6218
3286
6930
6036
4200
4958
2102
1272
2908
3792
8672
5230
4490
4635
1669
3661
641
2906
2614
1275
1208
3202
4663
6717
8618
1733
3379
352
2940
8357
3084
8032
2632
5237
4522
1231
5707
1301
8294
432
1638
4103
5329
2824
4678
4871
6371
7116
4745
6691
2389
6612
2692
5331
7751
1694
8763
4706
6473
4867
570
2341
803
4821
6194
1111
8452
2383
7451
914
1216
6033
5637
6800
8450
5708
4762
8014
7806
7818
8329
8035
7046
6223
300
1426
1147
1818
5787
3694
4993
6719
6806
6636
6790
6144
248
2805
5645
3641
1926
2141
6337
2491
1704
4282
7096
3406
5770
815
7775
1435
2591
742
1543
176
7452
528
1655
8566
2352
5970
5866
1444
5076
5448
2324
8628
4326
6274
2059
5567
4626
2658
1668
7731
6187
3191
7683
2516
8726
597
1959
1857
1283
1387
6155
5363
8368
4242
2827
4914
2479
441
2151
6028
2756
7471
1240
6665
872
8785
5895
5791
1720
3138
3319
5479
674
6029
7689
6204
7194
2996
769
5583
3478
5950
7334
1326
4819
3076
8409
1499
5933
6233
1184
1557
2368
3221
6778
471
5731
6575
882
2600
3077
4804
1776
633
3028
2023
6290
1804
3309
4554
7786
122
1260
7982
4581
6831
2077
2095
8498
1737
318
6017
6330
862
3002
7748
2552
5032
4862
2641
8642
1888
2532
4104
3823
4531
2557
1090
1013
2196
8587
3825
3541
7595
3005
1152
7120
8325
445
5523
7637
4589
2490
6798
1218
5911
1490
8163
3727
3614
1381
6928
786
7171
3966
3308
1878
1357
125
2200
1071
1805
5995
3748
2954
4186
8141
46
2480
3327
678
1036
5778
2089
341
5532
620
7681
6741
8701
1409
7416
8687
1293
4300
5203
7537
5039
7508
6081
4445
8290
4605
2172
10
3369
7891
683
2608
2580
264
6019
7612
2226
8201
7379
3529
5690
4624
2955
446
6247
8322
5593
8284
7494
5626
5409
3370
4691
5789
603
5975
795
7197
6453
789
4681
5286
2317
2214
1777
8522
2298
362
396
2087
3594
7955
8351
4191
3015
4599
6001
7054
6516
1376
6148
4371
5706
6345
79
1731
4359
