2796
2147
2793
2290
2414
4553
1776
362
4095
485
4776
483
3323
1935
3074
3938
296
2512
4560
2227
1630
2379
1784
128
2280
4812
695
327
3685
4870
2859
634
2182
1365
4001
4947
1024
636
1496
478
2063
121
4911
4673
1786
4487
760
1391
4585
2041
3088
2596
3159
946
884
2794
3876
3317
4884
2291
1900
4205
4891
2938
940
507
2474
5080
303
3464
3423
3561
2961
4773
281
2845
716
4450
3563
3676
2270
2566
1689
3598
1852
934
834
1334
1362
3026
1685
673
3614
2434
3344
1172
2981
3578
1601
1171
1095
4935
1352
297
1567
4720
3904
4344
3954
1699
4082
1436
4134
1527
382
4370
4678
3820
5086
2281
577
3778
2550
4781
1075
1386
3163
1751
3244
3662
2762
4116
1412
2763
4963
3833
620
1114
3246
535
5040
3187
2003
2192
1117
3371
4048
2342
4671
3713
59
2657
1051
3282
4679
3507
4728
2623
4152
1360
1258
746
4190
915
3256
2694
5027
830
2706
3002
2864
804
1205
666
3287
2449
4848
2588
1167
3428
1331
2939
839
2992
625
3738
2539
2014
531
4146
4814
3499
3681
3478
880
375
4945
4186
2672
707
4901
3196
4230
1594
675
4326
3041
1690
2159
2149
1304
3846
968
2564
803
1425
1168
1056
1173
549
965
3704
3212
2339
3854
1223
4714
3706
2505
663
2719
308
3385
7
4810
2489
1252
1093
2737
2541
838
1562
590
4653
3932
3490
4915
3590
4555
4614
4067
4268
2216
1789
4797
357
1244
2648
2915
3694
3759
3307
3875
2853
236
3560
299
1199
189
3812
4676
4032
1422
2929
4770
684
4091
4371
2472
3391
4543
3485
313
2587
514
832
3459
846
2609
489
3354
2612
4743
995
3745
2141
3457
4057
1538
1737
658
679
1370
747
2495
3748
886
4121
2254
562
1602
4826
676
4358
2825
4214
547
2618
1033
1925
1570
3999
3158
3956
4492
3195
1092
3198
5044
4308
211
4912
207
3830
2463
5070
1263
4617
3495
1198
1702
1537
3735
3934
5084
2347
4549
3785
3070
4170
1407
1148
3129
1373
460
567
182
3281
1861
2285
312
4736
384
3133
3992
529
2928
4111
4922
1523
2262
1830
4650
493
989
2203
471
4374
3901
394
1936
2452
3696
3337
2491
2259
2261
3645
1643
3819
257
43
2529
3316
275
4615
1121
54
3508
842
496
1135
2546
3460
4322
3370
3944
2753
3588
3412
762
4321
1569
2199
1498
2306
1712
1648
1260
332
3203
1999
23
4265
195
3982
1519
4173
276
1616
4613
1034
163
4189
4014
2802
2217
4349
3135
3911
194
2577
3538
2022
466
1536
3252
1896
1070
896
449
1779
1197
3529
73
2582
2866
1716
4755
2562
55
3817
907
2747
1761
431
2225
868
3526
945
1348
4024
2196
2253
3121
4396
1485
1488
408
3387
1873
2075
3518
271
2973
4596
2169
1321
232
3221
4793
4123
1942
2664
3589
4541
4500
2736
310
3524
3147
4250
4639
3902
3574
3309
3613
1472
2863
3439
1673
3285
3394
861
4055
11
865
3907
1123
3494
3903
484
3397
5038
1604
4843
3099
796
595
2970
123
3964
1188
4623
4054
2590
4216
3458
2194
2403
350
4477
4934
2383
1698
4129
2237
2661
1902
2162
141
38
108
1955
510
2630
1091
3199
4407
4839
1417
4744
2614
4563
4846
1891
1354
4331
145
2858
404
4405
2941
2995
3754
1821
3275
3841
2219
1797
3413
4367
3823
4878
1322
1264
78
3828
3710
2087
3172
3237
1249
4269
3516
1653
1459
1531
4206
3454
2145
1592
2257
4833
2422
1229
2650
3810
784
2497
1432
1424
3827
1154
3569
4425
115
4460
3055
4735
1273
2399
1221
1084
69
2069
3118
4955
22
2255
1670
3011
3677
4099
1768
4227
1623
170
3757
2092
752
3390
929
179
3531
2798
3651
2113
5056
3763
2103
814
843
1201
2250
3470
2892
2181
132
576
3255
33
4144
564
984
3952
1750
914
3343
148
2437
2818
2607
4788
4854
3571
518
1478
904
1652
3984
1879
3225
698
421
2397
542
1406
3917
353
3539
1633
2151
4575
1710
4754
2994
1363
3972
42
4194
4926
1399
4904
780
585
76
4063
295
3101
1794
1700
4823
2066
622
1165
2279
4515
1267
3512
4696
4674
2367
629
3382
4165
2581
3181
3114
805
1196
1872
801
2645
1383
2120
1839
3504
1918
3372
4507
344
3895
4990
2373
4494
3698
4399
1235
3802
3784
1706
2568
4844
60
424
1405
1581
4419
2433
29
3045
4600
1349
3348
1681
1450
2748
4467
2118
1832
2775
4682
1126
2649
3373
525
2453
831
1923
304
3775
4659
3183
83
1180
1680
1239
2132
1072
1968
4181
1222
1988
4246
3234
4850
693
1759
4598
912
3103
4065
3171
3361
611
3249
2392
426
649
3250
2316
2325
199
644
354
2578
4482
4860
1725
4599
4527
1782
1704
2081
2385
3606
2088
3848
2777
3559
1585
4037
4185
3251
1042
4668
1073
655
4845
2249
997
4933
1808
2500
3229
4688
1508
3359
4021
4871
3083
3570
990
2968
4030
3284
2289
1501
250
4654
3308
1366
1421
807
1499
1402
2563
1393
3647
1481
2205
2572
3
4377
331
3806
1375
1130
4670
953
5000
4085
2207
4680
2604
3430
20
4041
1924
2315
2298
1133
3705
1877
1545
1302
3294
4606
1624
3803
4423
2507
3029
240
2985
329
869
580
4964
3048
4327
586
2183
3686
4398
2647
4708
702
2923
987
2470
2987
251
3018
4783
3633
903
919
3949
4108
4907
4148
3295
3422
452
386
2658
427
826
790
3707
4203
808
3714
4283
153
575
3631
317
4333
57
2418
4209
2639
3832
2071
25
1057
2058
3853
4895
1944
787
1729
1618
4501
3793
3453
1164
1426
1089
756
254
3389
237
759
4532
4702
3983
668
3210
2769
2999
214
2091
206
5008
1341
1730
3039
4077
5047
1062
1964
3786
4225
3178
2393
4373
4811
4471
1738
2395
735
2423
1547
349
3567
3766
788
336
1622
31
2722
3906
2486
2307
2318
1482
4956
4211
1819
4930
4716
3674
1132
221
1897
4046
4279
1640
291
2002
2533
2886
2905
3468
1792
333
1631
3273
4559
1565
2348
4154
4959
540
4893
1884
2371
3924
2404
2912
4307
3166
2671
2239
4361
3076
3549
4427
785
2324
3235
4879
3755
3740
967
3052
4240
1811
1754
429
2221
3126
2670
3971
2391
4117
1184
307
1612
1396
324
4663
4756
2615
941
464
544
2299
872
2681
2293
2469
570
2362
3360
4883
4275
3056
4386
1336
4064
3169
5064
1951
521
2060
4235
1305
5060
3505
2190
4791
2584
4339
1512
1127
4411
4237
594
1262
617
77
3279
3573
4864
4641
1615
409
3277
1220
2782
1189
167
1002
3442
4241
1736
470
3232
2053
3259
2528
4356
1520
947
4513
1441
3474
1739
4627
187
1660
824
2682
1869
555
136
392
143
4496
1157
85
960
3356
4733
3086
3721
4135
981
1287
3267
479
2716
4715
2911
1829
1098
3889
608
1770
4079
1909
4495
4049
4582
2958
298
2684
2962
3731
3200
3995
2252
2976
2359
520
5028
2273
678
559
818
32
599
4200
3916
552
618
1166
3602
5018
2369
1096
444
3152
467
885
3798
1753
4616
3113
4759
4827
2335
1163
3869
1356
3746
3268
1828
847
1760
3622
3893
1542
68
1889
1385
3093
3959
1708
3788
1807
337
699
2561
1979
1795
3305
3097
2444
4919
2054
2548
2417
4536
3000
774
739
1684
553
1883
2640
4126
4540
300
2477
1088
2691
2757
428
4490
4974
481
4636
717
2901
3929
873
4166
2144
1236
741
792
4937
3061
1781
4960
1270
932
3213
90
3190
4528
1906
2871
1007
2943
3269
3678
3058
3044
737
1288
3363
4281
3922
3332
4996
1758
2662
2188
3813
2125
671
3144
2979
3108
3604
1344
3874
4094
473
2703
654
1933
4586
1820
4539
1069
4224
1448
4289
4019
390
2788
2678
3340
593
4968
3761
4199
3831
2265
14
2642
119
2295
3215
3868
2278
4443
4010
4270
579
1368
1010
2933
4141
218
1692
3100
4762
5072
969
3008
469
5087
2780
2557
2854
2465
1573
2536
1783
894
4026
3557
1827
1431
4416
1642
3441
1103
3095
4875
1502
360
1656
1862
1340
3156
3223
2346
4526
1675
2947
4920
2426
1381
2492
956
4402
2487
4711
1773
4258
4695
2231
4531
877
2419
1727
2752
1234
4143
2715
4193
3726
361
627
3209
4428
2659
1533
1998
2820
1516
3057
4422
2977
1209
4794
3141
4260
3565
4643
4446
4999
2768
65
2172
4052
1905
2834
1647
2440
0
3898
2760
2157
3023
4218
1456
1908
2591
3688
4745
4387
3324
2411
926
4360
3897
4752
2759
2971
2717
3548
706
988
243
2920
2936
753
5074
1557
4712
533
4734
407
4995
306
4713
614
4503
3075
1836
2830
4619
3293
2480
2093
1695
740
4902
2302
4595
2626
4197
154
770
4442
749
3476
2787
2776
3719
2770
4147
690
1476
3204
1619
2445
3107
2732
146
3498
3743
4655
1621
1553
718
1596
3440
2076
4698
2084
365
3725
1310
3807
3626
5071
3310
4391
346
2847
667
1059
3115
3575
5007
2750
1672
4028
2179
347
795
4940
2317
2514
4459
2935
454
1888
3914
2358
1865
2603
4183
961
2187
3804
3532
5031
4800
2597
79
1544
604
1952
4984
2431
923
4805
3919
3636
1543
587
829
411
4395
3016
677
1433
4394
2473
4324
750
4719
4355
4856
3621
4622
4133
1044
4505
2402
4409
1850
1803
56
172
4274
1599
2355
5063
2741
2193
1982
1574
2803
4431
1595
2178
1937
2498
511
2191
4025
224
3779
3663
3014
1970
2918
2438
3042
2705
3892
1018
4027
3450
2963
2881
1509
3894
2390
1343
2345
975
3796
4440
3620
1913
3085
1912
1
2882
1279
1036
2094
1978
4965
3173
4090
4044
2493
4417
1626
2838
100
4362
4517
4554
210
2811
222
3497
463
4120
1915
4656
2629
3730
2107
3276
1461
4156
3007
2873
2524
1875
3211
4306
1467
551
286
4948
1243
3953
1762
2008
882
4700
2000
3062
328
3792
1635
3996
3534
2040
4476
201
560
2559
1629
215
2051
1720
1313
2013
3844
441
2727
2166
1206
1283
2833
2376
2323
2156
4887
183
3594
4011
3774
3610
2624
486
4456
3861
4262
472
1605
1231
4444
2277
4548
2049
434
188
2241
3486
3776
4993
3657
1899
4991
4594
674
1860
4498
3073
4867
3975
4045
4452
2467
2900
1529
757
1086
2779
2998
2248
2583
4730
2173
876
1910
3092
95
438
204
1764
1289
4768
2852
4219
2126
3836
2668
1668
4215
1047
561
3547
2673
2789
949
2407
1177
3669
105
3960
4122
1216
1688
156
4889
3180
727
916
3991
910
3716
4243
3119
239
196
3071
2806
1991
664
3393
1182
1513
1255
4192
3948
3747
335
4089
4687
2725
4666
3931
3054
2331
911
4381
5077
1966
754
5051
615
4202
4966
2412
1303
3979
4479
4642
2368
619
1351
2142
2774
241
3027
1479
781
1212
2114
4325
2967
1049
845
4830
2553
229
1364
4646
720
3416
445
802
3242
475
4434
1071
812
819
1346
1400
3913
4535
325
499
2861
4465
3717
3782
3312
4485
2592
3969
1445
2430
643
4234
3511
2057
645
4472
5062
1390
4287
3703
4569
2960
52
516
1525
1847
1138
294
3051
53
1826
1711
4620
4749
2964
1257
423
2831
1722
3718
3791
2867
4296
4293
2926
755
3845
3939
34
157
4295
3186
4280
3769
3218
2792
4127
841
3597
2675
4100
1307
2888
3896
4406
3067
1609
3943
4184
3399
3650
1174
3515
1744
4104
451
4160
492
4729
2876
3333
264
3965
2165
1159
1367
443
3687
2761
4000
821
2283
4603
2101
3643
284
3591
4561
1895
4389
3214
3355
2133
161
1939
2338
1863
442
3466
4352
2984
1563
2304
659
4473
4413
3689
2832
2247
4921
2883
2138
1822
1772
3527
1156
1276
2767
1028
1981
1697
2502
1506
3790
524
3619
3403
3449
3535
4301
4760
4738
1208
1669
3243
2243
4323
863
418
263
3134
92
266
3808
4957
3188
5085
235
4053
4899
2765
2447
3744
504
2828
2139
959
3161
2027
696
1532
1377
1597
3297
2062
2425
1041
190
743
5022
2330
4403
1214
4005
4254
3697
2246
3856
2052
3843
3850
1813
4309
2038
1337
4645
1603
3741
938
84
3675
4971
2552
4544
2459
316
2574
3891
3679
1539
791
2877
3179
1593
860
4705
459
1628
3617
4445
4435
1598
2819
4474
3472
3420
1714
1124
3138
1325
4109
3908
1922
389
4368
1319
4717
180
1453
4851
3117
1299
1606
2840
3298
3654
3374
4267
4813
2878
688
4509
1590
4918
86
5020
3579
3514
2313
1107
50
3935
3752
1800
3728
5076
3302
601
2386
2124
3942
3708
686
3429
2575
3417
4332
1371
867
4315
537
1958
2655
3381
563
1634
279
683
2654
3220
3870
2593
3690
3236
763
3656
1960
993
2121
1504
1511
2543
4266
447
400
3438
2011
2808
4176
4979
3683
3079
1046
2823
4105
2312
1067
2267
4529
1061
247
4565
2097
4212
970
4601
1607
4633
422
4910
1077
2902
3899
3858
3165
2542
1956
3404
319
5081
4208
2554
4976
4158
1230
4069
1280
1967
2458
574
3642
3386
5019
1490
4562
1016
584
2621
3136
3937
864
200
3168
4772
3012
301
2631
4684
1090
1369
1627
3283
67
2501
4231
4908
3352
364
3185
3925
2294
4174
4313
1974
3407
3239
5046
3797
4986
1324
1719
3379
534
5052
4557
5055
2242
2519
1238
4581
3500
3555
3162
2713
5073
2481
1777
2104
2857
3665
278
4169
2904
1679
4792
62
4626
3553
4038
283
4447
3628
4499
2589
3866
1866
2236
2208
4665
2644
2180
1934
3301
130
4894
3022
2910
3388
836
1388
2357
883
635
4634
508
2551
4036
461
2382
566
4821
3410
2005
1233
1053
4882
3950
2189
4137
1413
4188
1232
2499
3046
2547
2305
3824
4437
4290
3124
2275
708
2503
1274
480
573
710
1099
855
4809
89
318
4217
3400
2869
4457
3814
1948
453
1993
2856
3049
2286
4849
1871
3551
2375
799
2078
1119
3077
3543
891
24
626
3834
205
4570
4429
4468
730
4523
3586
1997
1106
4153
3053
376
4721
3978
4319
3646
950
922
2370
2599
1778
380
616
736
3926
4992
1295
2646
3552
1430
4256
2931
1959
2676
976
2044
208
2439
1584
1146
789
1887
786
2018
859
1580
1281
416
4418
4304
4110
2266
558
3137
2908
2269
1427
3408
4508
1345
1801
367
3496
4597
1306
1101
3489
432
1025
985
3660
1486
106
3976
4880
4436
4350
3915
120
3401
2743
4298
436
488
4753
3733
3608
2033
3300
1844
4272
2301
1254
4943
1080
1428
3587
1139
3825
3821
2685
4340
5025
2035
3599
3502
4758
3611
689
2119
58
3867
117
5066
2506
3990
2378
3265
3226
2065
1487
2674
359
4690
2843
3419
2531
4789
4420
1617
3362
4610
448
1893
3720
3091
2343
1945
399
4780
2020
4587
653
1246
642
5015
3123
4546
2522
1032
1747
3228
4707
4785
3609
848
4300
2195
2400
4972
1914
548
1015
661
2039
3060
816
1610
1153
450
4491
725
246
3019
4694
1003
2850
387
866
3905
2689
1769
326
4777
4201
4096
1650
1202
3346
2950
3818
3927
2601
151
162
4018
2130
1200
1637
1442
2695
2636
4015
3153
1881
1030
3271
2773
4449
4475
2326
4017
4782
3632
3997
3618
4632
3006
4113
352
3558
4640
3871
4590
285
1834
4034
1111
1687
168
772
1181
2234
2429
1517
4913
2356
2384
3885
2600
2957
2405
1446
4580
3036
1903
5043
2170
1709
648
2123
369
758
4245
1920
3501
4182
2632
4521
4074
3231
2827
3585
980
1387
1358
113
3525
2341
4253
1350
4605
592
1558
2686
3150
3286
606
745
4013
2520
1176
1987
2608
1278
3550
4816
512
2466
3492
621
4890
302
3425
1109
1477
216
4691
2693
4588
3503
2813
852
3384
45
3274
4255
3672
1638
4002
2475
517
2692
536
2388
2764
3859
2544
697
638
2374
1878
2031
1853
3059
1655
936
413
4761
142
2555
1440
2602
1443
4365
3175
811
3473
3637
2605
3772
3795
3811
1867
1193
1292
2822
4040
4951
3341
4927
851
1976
1449
3564
2045
3146
1462
9
1904
1190
3520
2927
1423
2523
3331
532
2525
2635
2176
2350
1037
3349
3530
3143
2240
1746
5021
2272
468
4310
2510
3783
4342
1790
632
2025
4572
5033
72
782
1008
793
2413
3296
4385
800
4433
4604
2284
2245
2048
1693
3723
1625
433
701
4469
3581
4737
2579
732
2047
4769
958
5057
742
906
1115
1484
292
273
3434
857
1085
721
680
2807
3644
3479
4276
2454
768
197
723
497
4486
672
348
1806
3862
589
4835
2731
110
4853
4247
892
393
1342
2540
3398
3860
870
398
2940
2870
1561
954
4931
290
3375
6
2934
2415
630
2945
1454
1063
1528
2949
1378
3789
1858
2352
2932
955
2220
2983
1000
498
3481
1384
1210
1549
1856
51
557
2116
4299
3595
3096
4872
4723
1094
4424
2496
1578
4335
1113
2739
320
4236
4408
1649
3313
4547
650
4724
355
1116
2111
2212
5037
4103
5039
4658
4151
4949
5058
1546
3847
330
2656
4249
4842
309
5065
322
4836
1105
878
711
3584
2570
3709
1065
351
3128
2334
1271
2721
3325
2712
260
3017
4257
4302
2108
656
1946
3963
3715
3882
4020
2435
3010
4704
101
546
4314
259
4693
4829
1194
729
94
4318
18
3193
4648
2511
4239
2150
3910
1452
2436
889
2443
435
2175
3540
4106
1707
4346
1837
2565
1743
1575
935
1186
3411
3562
1980
1480
4629
1495
4862
4130
420
261
1192
4382
4817
2186
2898
3477
4329
1943
1854
2288
1682
1658
1395
3037
415
3342
1408
4248
2734
600
4831
209
98
4062
2171
4489
1286
820
4149
986
379
1962
994
4982
1211
4876
1404
102
1771
4795
3691
4455
3334
3030
3667
539
1524
1464
2710
2937
4969
4
2484
1213
2688
2456
3482
2735
1247
2595
5034
1419
1125
4822
3840
3063
1540
1582
670
5042
2569
4571
3652
1277
1600
4820
3205
509
2865
569
4223
3878
3350
1848
97
2017
591
3693
4888
1947
835
2455
4078
4292
3627
1460
1726
1659
4401
2700
1983
1921
147
1141
178
1588
556
4142
545
2083
4140
2824
2946
1009
3280
238
2428
494
2034
982
4855
5023
3217
4978
1398
490
4351
3900
1577
37
3174
2028
252
1207
3493
2211
1152
2942
1228
1359
2077
1930
2986
2398
282
2988
4058
3661
3729
3577
4977
3001
3966
2408
1651
2282
2332
3020
3909
287
1931
5026
4638
1741
3448
465
3034
4938
1022
2085
4706
4035
396
1901
3191
3395
3649
158
4366
972
1215
4012
1745
4742
4683
3148
2996
5068
3139
4980
3319
3192
1447
4628
3368
3345
4689
3396
1990
728
4804
1162
3125
2055
4988
4944
2848
30
91
3177
401
1740
5024
713
998
5010
414
1552
220
2349
1040
726
761
1874
2800
5014
2862
897
5029
1158
874
2829
2701
1339
4426
996
2790
159
2340
4125
3090
858
4364
2951
1932
3463
3170
2889
1965
3805
2989
3164
4504
568
4098
3424
371
2720
1559
3600
3546
1224
125
1403
1522
3624
1150
612
1654
2206
1969
4567
2839
773
44
3601
731
526
948
3292
4837
3765
719
2010
8
1992
913
3760
3615
3722
1566
4400
4981
2222
2364
1929
1144
4070
4288
1327
4514
49
116
2653
3122
3851
1734
3315
1282
1583
4076
538
505
3202
2483
4942
277
1489
2535
1122
373
3801
2079
2494
734
4075
1717
198
3887
4664
437
2746
581
4661
4612
2023
2851
2709
687
2990
1414
2153
2488
3291
2099
2490
3378
2560
1938
1572
2131
1985
4210
1816
2308
2714
2197
2365
2922
3517
3702
372
2916
1733
1155
2129
1237
1474
3510
3433
3767
4138
4932
4806
2894
2185
4238
4802
225
692
2485
4271
3208
4779
840
2638
2530
192
3233
1831
4718
3065
1240
2896
744
1989
1217
681
4086
4611
3465
1293
4050
5011
3435
2263
2377
1389
822
4119
2707
2328
3270
4602
4353
640
3724
3120
3842
4196
738
3206
3081
118
992
2704
4029
3106
709
2791
4397
2913
2844
1376
410
4591
3087
4242
4195
2009
3155
3369
815
1087
482
2204
4379
166
2997
1045
4132
1429
3038
3132
4264
901
3444
4885
4722
766
1054
3376
2744
4294
1394
458
3335
1183
4766
2785
1515
2021
503
1804
641
4923
3533
4042
764
2897
588
3353
2518
2462
1518
1147
4220
2427
1031
1994
3994
5067
2969
1175
2401
639
1468
4286
1285
230
5002
4953
1809
4568
4330
177
2754
3946
523
1048
806
1880
4464
2814
2585
3680
962
4750
4556
4285
19
4662
2389
1996
3955
5041
2233
3857
366
4962
3330
405
4686
1963
4488
4124
3881
3521
2135
1868
924
274
160
3254
1418
3303
253
1840
5035
1140
2421
1039
602
1613
4101
515
2726
2627
2056
2019
213
1664
4112
1815
2906
3033
722
3098
4914
3326
1731
1055
4404
1940
397
3364
4916
1846
2924
582
3207
4928
3625
4877
4259
3648
1841
2729
395
2381
1907
1928
1671
983
3009
5017
1493
1179
1791
3194
5059
3612
2354
3366
605
1301
4592
2260
1556
93
4392
3004
637
513
1696
4847
280
751
2380
1718
3523
2360
4438
1973
1857
1644
1721
1674
4774
4552
2471
4954
2651
610
2297
1203
4359
4564
1185
1666
71
2004
2420
908
1632
1020
3405
3357
4164
269
10
4647
1500
1315
3739
647
2586
2667
3734
4305
4740
3475
827
3219
4961
1494
2966
289
2115
1081
973
4480
1275
631
4607
2652
126
628
3920
88
3727
833
4023
1253
2954
1810
5016
1256
2899
1142
3780
4558
311
4448
1218
4545
4393
3241
1380
1102
1392
4229
370
46
2067
4009
4533
1038
1774
4458
3367
3692
4537
2478
2177
3768
1082
36
1401
4150
2448
2006
2143
3968
899
4343
3537
813
4905
4520
3641
3829
3328
2146
4273
4347
2327
854
3184
1068
2513
2816
1667
3471
3290
368
3064
383
4841
4207
203
3711
234
921
691
3258
4080
4228
1058
2972
4463
3289
4685
1466
1851
3974
2549
2919
1823
439
4180
127
2610
977
597
1052
2174
2037
3985
890
1503
3402
583
2098
1338
2955
771
951
5075
3015
1409
2100
4909
4660
374
1097
964
3112
2917
1568
2127
2849
3576
2061
4008
2982
4178
2090
2690
3947
66
1986
4824
2210
4958
966
186
3154
2758
2895
4493
245
3659
823
1870
703
2336
3962
2001
4363
3737
5032
4232
4692
2396
2074
3513
3671
1995
1492
1732
4983
2835
1191
47
952
2975
2363
3392
80
3462
3742
165
3216
2516
4900
258
1145
905
1645
1330
4530
1755
1587
193
2665
1691
2679
937
3653
2213
5079
1078
2606
4672
817
2545
3414
2059
4213
3032
1259
3035
2224
1686
4338
2361
3638
5089
4336
4092
2086
3261
2457
3072
3607
502
87
887
137
4775
4881
1475
3989
2310
1724
2872
4466
2842
798
3104
226
3028
334
669
1876
942
4516
4593
4710
2914
3264
144
1551
4451
1614
2080
340
4699
1954
4825
4784
4577
2109
3266
1701
769
2795
2702
4066
4439
124
4047
1357
3483
5050
794
4941
1170
2903
1120
3554
3528
4251
2812
3770
925
2214
2152
3197
3852
2029
2628
2781
2751
2337
3736
4345
2909
2128
1026
4897
3977
1898
4453
402
4284
2634
2521
4136
3835
2073
2965
3047
1355
2683
109
135
4081
3306
1458
202
5083
4859
2948
3240
2815
103
646
3094
4701
4998
4114
3247
2742
783
3224
3509
2868
134
519
2137
3140
1555
3189
4421
2890
3873
1521
3230
3670
2134
249
3884
2406
3879
5003
3469
2167
4838
1548
657
16
3958
4118
825
63
495
715
2801
104
4039
3940
1470
3506
3616
338
1916
2925
2698
3849
2598
3176
26
3089
705
223
501
1550
506
1636
4584
4506
1035
4925
3358
1195
596
4748
4765
4430
5036
4726
2974
4652
4808
765
3634
184
3580
1483
3320
2930
1100
3105
853
2613
3883
4635
920
1560
305
3142
4644
733
2300
939
244
2772
272
212
931
2730
3864
2036
1308
4334
2064
4609
27
3110
4579
3078
3201
3592
3838
1112
3987
522
2046
2043
150
2446
2082
1849
345
440
714
5088
4317
4191
2105
1134
2136
138
3886
3111
1715
694
2251
339
623
3998
3377
1859
2580
3245
61
1530
2879
3082
1950
3826
2238
844
4852
293
4771
3347
1455
1328
1006
1833
1416
2711
2024
3941
96
1796
4059
1705
2274
1187
1021
4278
4677
2096
2095
3351
2161
3426
2223
219
797
1882
1013
4967
1226
3522
4896
381
2594
1266
1812
4703
2122
3080
3928
82
1019
4380
1886
2264
3603
4857
3519
4073
4369
3993
474
3427
3003
1571
4840
4631
1890
2891
1917
1382
712
4574
2696
3446
1241
2755
363
2201
2321
1802
3749
3318
3451
2637
1076
1694
4016
3013
3431
4767
3238
3605
1312
1372
191
4093
4483
2809
3758
4799
3583
527
2805
3700
4470
1128
4807
40
809
1272
3933
572
2276
1027
4198
1079
2160
4522
1108
487
5004
624
1242
3050
4004
4997
2184
3970
651
2311
4994
3865
4003
456
4478
775
3771
2229
2993
4669
3025
2740
3682
1678
704
943
4497
5078
4171
685
2836
3452
1780
4608
2643
4651
4128
4796
173
1824
2880
4432
4244
1817
902
81
543
571
265
1451
2112
41
3556
4832
267
4898
1300
895
122
174
323
2012
314
4583
1911
3031
3021
2460
4924
4348
3773
4222
4263
2209
2200
4630
1284
4168
2804
1298
1641
4803
1066
3437
4131
2314
3149
1251
598
3288
4303
3130
1250
4145
4863
3822
3877
4061
665
5048
1728
3930
1835
3945
2303
2756
181
5
1961
315
419
4175
4667
3699
4987
2660
3988
3260
828
4657
4815
4376
4172
185
1332
4534
3336
1661
3365
64
446
1953
425
3936
930
5006
2622
4204
1608
4751
4087
4084
4139
3109
356
500
3461
1291
3445
391
5005
1178
4763
613
4868
4727
4390
652
1564
2723
2799
1151
4975
1379
4484
231
2875
1763
2810
565
1361
1265
2697
1023
2625
2509
4354
1885
3380
5061
2070
4177
3800
550
2232
139
4115
3536
2016
4187
152
1314
2102
1723
4297
4461
2106
4731
4725
3544
2527
1131
1335
1554
1977
4917
248
3480
4282
4481
1161
1838
3043
1001
2980
4388
3484
140
4341
412
3712
2907
4739
856
2797
388
5054
4746
233
2953
1491
406
1463
4162
1149
554
3455
111
2032
957
1798
3160
75
2158
4083
1333
1971
2663
3322
971
4873
2680
13
1799
2292
3787
777
3278
2140
3967
1805
1579
1514
5030
114
2353
1317
3572
1012
1435
4936
4747
3406
4312
850
4874
288
1110
2978
3701
4732
4550
74
3329
4320
4097
3664
39
4649
3338
2372
2117
2526
1814
2826
3116
1297
1219
1169
3487
4618
1919
3418
1975
403
268
3961
1677
2218
4033
4518
2320
1064
4551
2573
1290
3545
682
2959
3248
1793
4525
2784
4412
4415
1586
2424
1665
1713
2271
4939
4573
4159
1434
4621
2944
3890
1972
748
1749
2050
28
2329
1347
1268
2235
3488
603
2007
2296
342
4903
2287
4088
4071
974
2515
12
4512
2921
898
4985
999
4906
1316
5049
1926
1646
3684
3880
2154
3951
4277
767
4886
979
1576
3447
3639
2168
917
3068
2837
4866
4819
2669
129
2991
2558
900
3593
4161
3673
5012
1765
1676
2508
2468
3157
3040
4441
1329
2666
2482
4834
1620
2042
2821
3640
4801
2258
862
3253
2641
321
578
3781
4764
3304
4022
4414
1864
4929
1507
1767
169
3467
1957
2244
944
2072
2745
1439
4970
609
48
99
3542
3151
1137
3409
879
2576
1415
3415
1074
2110
1160
4861
2537
4787
3566
4006
3816
17
1892
3167
1004
875
849
3981
149
217
1855
541
2860
2351
5069
4578
3145
385
1941
477
1397
358
2268
1118
4858
1735
3596
530
4946
2450
343
3321
3629
3131
2885
3837
1589
660
171
4328
3257
1318
1497
2567
3973
2322
4511
1757
4798
1437
2619
1663
1541
5001
3456
1104
1535
779
4155
1225
2461
4757
1788
2215
2
4163
3541
2148
4316
3069
1227
4167
3799
4221
3986
457
2333
491
2504
3623
778
4566
1845
2738
633
1662
1894
3751
3568
4261
2687
1473
3923
4625
4589
1129
2230
1311
228
1204
3732
3666
4410
4462
2441
262
1949
1818
4818
3222
4828
462
3756
1269
3809
4031
2556
1323
107
4454
1050
3127
1534
2394
4051
2718
2956
1984
3655
4675
2164
2202
776
2163
430
3263
164
3227
3855
810
928
4107
3921
3635
5082
4538
2479
1411
3432
2887
1766
2089
3383
881
4790
893
476
933
2571
1927
4060
1457
724
1785
4068
3066
4786
909
662
3314
4973
2749
175
3815
2309
1842
2616
2846
2538
112
978
4179
377
3005
1011
3024
837
963
4072
2783
2030
4576
341
1060
3794
2766
133
700
2432
2476
918
227
2677
3912
3980
2532
1657
2344
3443
2786
1245
1465
2733
3327
3658
4043
3753
417
1752
4778
2952
2409
1526
4337
2611
242
1775
3750
991
4357
4865
4007
2015
3957
3762
4519
3262
4233
1005
2319
1014
2874
256
131
5045
3918
4502
4375
1825
1248
4102
4226
1787
4378
4542
3311
1320
4311
4157
35
1410
3582
4637
1083
2155
15
4624
2068
4524
4741
1742
2817
3084
2633
3182
2884
4372
2620
4681
3339
3421
2464
2226
2387
4950
1703
1043
4892
270
21
5053
4056
1143
2228
3764
1017
5009
2724
1353
5013
4709
1420
2517
871
2410
4697
2771
2366
1505
2708
1296
4989
4252
1374
2198
2534
176
2442
1326
3863
1756
70
2416
1471
455
1639
888
2699
155
3668
2728
1444
3491
3777
1438
3872
4383
255
3272
1843
1261
528
378
1683
2451
4291
4510
2841
4952
2256
4869
2617
2026
3102
2893
4384
1510
1591
1294
607
3888
3630
2778
1136
3839
1748
1469
1029
927
2855
3436
3299
1611
1309
3695
