2457
766
3856
1179
621
1520
2602
324
2421
1778
4993
4135
4629
196
3557
4103
2339
1326
890
1017
3740
3142
2455
16
5052
123
2521
2585
2954
4085
1145
3976
999
4429
2811
1998
2247
1423
3272
2698
41
4841
2951
2513
3260
188
4395
3082
3176
1038
1233
4174
4538
2103
1797
1356
3625
4583
1014
2700
2905
1653
3112
2742
3429
4188
1570
3213
2610
2146
1589
1490
4198
2544
3929
3996
3656
4671
2412
2612
4542
763
4225
3097
553
4997
943
3469
2646
1580
206
3788
1719
2250
3920
4038
2114
3334
2162
4592
434
3140
4448
3860
2659
3789
4836
2505
1438
251
5006
4588
2480
1475
2235
1097
4789
1718
1540
2101
5046
3437
3010
1048
2860
3894
2174
64
4734
1893
190
670
3610
2349
3931
1658
2988
37
4616
3662
4245
3554
1543
4075
2176
4456
1971
2910
461
94
3922
2102
2514
4587
2073
4647
3426
547
4527
1213
1938
5010
3614
3989
3585
4628
3084
555
1013
3529
2935
3248
3512
453
1011
1758
995
4318
3258
3099
3980
3948
1682
3637
1548
837
2345
3601
2091
1936
2834
2901
2786
2575
3416
3898
1766
393
3417
1442
3070
2607
4530
2984
1525
1516
4032
4582
2757
1358
320
821
2883
2581
3607
806
1779
441
4314
3810
3016
1956
2677
1225
4864
3764
1880
298
3692
4149
1638
3527
2438
2889
4151
983
66
978
2266
892
557
3329
3916
1417
3741
3639
4730
3514
1780
1498
4540
1833
2426
908
4966
1281
319
3632
3074
1571
1262
3956
4357
709
475
3938
3522
2488
1996
1002
598
3720
1934
700
2049
2816
3259
558
572
5037
4533
2342
4823
776
460
1983
970
1951
3003
6
1935
4725
3624
3200
615
950
909
4573
3320
614
179
4044
4998
5062
4274
1506
8
1714
3456
3664
1786
912
3397
2495
1600
5047
435
631
3612
3961
2038
1985
4382
467
3080
1368
3724
78
4275
4918
1041
500
3867
4361
3564
1652
375
4752
4854
4355
5058
4384
4791
3763
3369
2586
2051
1931
1690
3503
2374
1691
3151
2375
3231
1232
674
2233
3548
2086
2946
1549
2855
5001
715
756
1541
3181
2777
1027
673
4749
772
1729
664
3009
998
4858
1675
812
4514
1773
419
3540
24
694
3038
1587
3927
3673
413
1733
2653
2444
3943
4350
635
556
345
2554
1456
2325
1089
4347
4388
4335
4883
2387
4359
1683
1174
2218
488
2727
1603
4558
1252
1849
147
225
234
1080
2703
1966
3519
400
2623
3621
1077
3421
1826
4468
3316
4360
2321
979
2920
1579
881
4405
2546
2861
462
502
3579
4492
4821
1591
1722
2729
3345
109
4354
4419
3217
1205
1986
2691
973
1948
3122
3276
107
620
1695
914
4705
4001
888
3068
2394
2140
2285
2113
4767
1194
396
695
4333
2157
3257
813
3438
4656
1608
1955
1539
2818
2388
174
3642
4947
2885
4909
2340
1611
1802
3148
1735
199
3645
1333
1463
2496
445
4780
3924
2950
4640
3410
1391
4884
867
1422
1387
1785
402
3627
468
4926
4743
4240
4146
4964
2334
2217
759
3620
3871
1857
33
1738
2454
1892
5068
2772
4560
1476
4172
3521
580
3339
3517
4045
4693
4893
1692
3912
4498
4593
3854
3170
734
4772
1390
3383
2286
5045
5050
4665
1678
3452
665
4080
3545
4518
289
3049
2574
2400
3570
2054
4152
4802
2730
299
1292
3975
3489
2555
2099
3331
4210
1871
1896
292
619
2762
4526
3900
4472
4066
5024
3174
2798
2117
4942
480
3392
4615
1405
3556
1732
1136
1352
1750
3523
2884
5083
1597
585
4473
1032
652
2864
3126
1005
1157
2453
4679
1563
2943
3702
3991
3323
3613
117
2304
1995
2085
1130
492
1511
5063
3573
3495
1601
4873
4389
3290
1553
571
3729
4977
3073
5039
2338
1315
3154
2996
4041
1556
841
3274
3918
1018
3299
1318
3690
1882
2831
4209
1636
2839
3661
3560
1458
546
4782
2135
297
1536
3479
2525
2719
501
1142
2192
242
3317
2768
3041
4608
1412
4014
49
4755
2262
2927
4814
2908
4892
4087
850
1454
1474
5070
357
3337
3518
1129
4271
1010
1067
899
845
491
2448
211
1866
4403
2189
3697
2163
4986
847
3658
4343
738
1436
3307
1981
1972
4317
5028
4286
1561
1730
1858
3224
956
2872
1251
3566
3780
5084
3783
4033
2878
3638
2939
4536
1697
4863
4632
1530
2560
2341
1895
263
1285
2042
3273
506
1916
4591
712
2125
3618
1324
596
1428
1619
431
2178
36
3287
1929
72
2624
2785
3376
355
2067
2808
2848
3568
308
3899
1355
2764
4349
2516
2522
1204
648
1673
737
4948
3861
3949
779
2393
4856
1289
4353
1215
5081
4049
2355
3128
2494
2403
2686
3770
4139
2526
4700
848
4096
637
3328
1095
5056
285
4320
2035
3584
2296
3778
4867
408
1328
891
232
507
980
2460
2315
2997
1093
1788
1078
3752
430
4104
1133
4279
2699
287
4741
1868
34
4887
3413
4307
4311
4922
3335
392
2780
2841
1437
4835
4483
2558
2543
3762
885
1992
4138
4546
40
164
5085
2168
2851
2961
4670
3714
1710
4684
183
3591
479
3800
4345
4786
1128
3179
3451
2567
1521
1771
2753
3823
3793
834
1414
3746
3728
3293
4957
4471
2535
4482
4620
1021
1709
2902
3247
2359
1594
409
3409
1728
2824
1275
4377
1108
852
3962
5066
2794
3891
1816
5029
170
2451
5042
2011
4696
3787
3733
687
1940
2974
1903
4612
4322
1759
98
4474
3394
2329
4392
4800
3629
4159
2081
4897
4000
2392
3371
2152
962
5025
2215
3914
3734
3017
4183
896
22
4076
1631
2791
415
1725
728
4412
4236
3255
4585
4963
2222
4204
1363
4554
4167
1834
1062
171
1188
2914
1712
1764
3965
932
2367
4704
83
3023
4463
4510
3771
2420
1565
3877
964
2732
1592
524
1042
3203
4437
2236
4878
2433
3830
1605
853
642
3988
2630
2587
2305
1721
3249
4801
4057
4208
4748
456
2992
1993
1596
1598
680
3478
59
3923
519
3282
2750
3351
4698
1765
2571
3751
3281
3838
692
57
4003
3279
3250
3833
682
1384
29
1012
5089
624
105
2938
1637
3803
4596
651
2769
1755
2937
2390
3295
1545
4215
4027
3356
2015
373
1884
4701
4630
2195
683
4367
4594
3332
439
2975
4890
4655
3955
906
2923
3707
2486
3422
2527
4934
4773
3485
1522
4921
4950
2715
1792
2274
2231
4607
1195
1270
4416
4227
4675
989
3196
3749
3481
960
4496
2840
3628
4775
2537
356
131
618
1016
3051
1409
2896
4644
1932
872
1954
4301
139
1796
1369
2198
3647
3116
2714
3283
175
2471
3355
74
4142
2256
3683
2184
588
358
4305
43
1119
4203
686
4699
982
3125
3026
88
522
2973
3876
3284
4342
1554
1399
2427
3684
3487
397
4091
2220
2745
2332
3940
4414
4828
4112
274
1110
3435
4099
4231
936
521
3576
583
2405
3086
1529
216
4371
2593
92
247
4170
305
2892
3964
4691
4090
975
4181
3411
1800
1949
1696
2033
1805
1208
180
2793
3644
4009
132
1806
3530
4739
2718
623
4373
2782
1361
3593
240
4846
697
733
820
4255
1977
2088
810
3507
359
1402
224
1360
5020
381
2029
3909
3636
4182
1926
2052
193
747
3987
100
3982
4415
1968
284
1172
4951
3333
764
2820
860
1877
4206
4114
1546
2402
3340
871
1177
2728
1321
4915
4048
551
3775
353
928
1234
2366
4431
1181
3875
1293
4768
2805
3004
1250
3431
2347
684
119
541
3053
3880
3650
1484
3490
1649
1401
5078
4839
228
2617
458
466
3730
2789
866
2150
1207
4903
3314
4642
3710
1698
1020
1567
2120
2564
1291
2641
4930
2122
1651
3723
543
2541
4601
4579
1886
2348
2079
4683
2424
4627
958
2417
2708
2739
48
2396
3678
2508
2533
1647
3538
2058
146
4201
1065
1787
514
144
2036
3843
554
4239
4446
4435
2463
4603
1512
1964
25
4499
130
679
1035
2119
4224
2430
2246
3835
2748
2317
4978
4130
3155
2436
4436
3173
520
3166
4466
3881
265
1008
2990
3399
229
4332
2723
4807
840
2055
2758
2928
3060
3296
56
3595
1793
4980
31
1573
3567
4576
3462
2778
3183
3169
237
851
365
1482
3659
3583
1152
4281
3076
1784
534
4365
5064
3575
2682
1465
1861
3064
511
2160
3687
3643
3021
1374
1665
4995
1497
4241
1703
1137
2172
2775
2466
578
4171
3674
2903
3681
4778
4069
3842
5032
2548
2594
3757
2692
2361
3984
2601
3623
3133
159
5051
4158
4056
2365
3244
1074
2809
1708
2965
1814
877
4067
4983
4857
3983
455
1153
404
3424
2128
2500
3896
4713
1471
4549
2095
3972
3979
1648
3036
886
2237
4325
644
3475
4123
1790
4126
2823
3853
923
2806
1626
135
4960
4378
2292
1819
2819
2206
3472
382
2814
4506
316
3831
2680
2411
602
3745
4400
157
4870
1749
4502
4417
1296
2337
1470
4991
2687
4063
141
3232
3890
4940
1385
428
148
1908
735
1473
901
2161
1747
2925
1864
1720
1904
1439
1807
399
2214
4007
2223
3502
1776
266
2089
822
4910
2702
3932
3309
3047
3558
23
3606
2087
3058
4972
4372
163
3772
646
129
3402
1033
4602
3111
5076
3301
3532
4865
4070
1902
4765
4433
3419
2186
181
472
3229
2245
3500
4595
3037
4046
1575
2549
1087
2566
3372
3198
2316
4134
1211
2963
1918
4028
191
1666
3542
2066
957
911
504
3708
1036
134
3223
2982
69
505
371
3865
3574
3235
4484
3277
1178
330
4528
4690
3448
997
4736
1413
2638
1455
1431
3018
3509
378
4555
1308
3226
1551
3680
2835
878
3415
3222
1890
4464
1337
3798
2663
2399
1881
3691
223
4685
935
706
4493
4724
1336
2327
2684
2242
4932
4569
245
4315
612
672
1056
3447
1878
427
2862
1253
102
348
1197
145
3829
2622
2760
4623
3508
2261
1854
3641
1243
3611
1158
1810
444
3535
2989
121
1298
349
2688
4981
4885
1007
489
4872
675
3153
2980
3262
1599
2640
2504
2060
4243
4369
616
4141
1952
1371
3359
1928
3400
4411
68
2523
309
4535
3453
4292
3588
306
1287
2461
2009
1562
538
1887
465
784
876
1156
3813
4153
626
5061
341
3088
4708
4157
3343
291
4399
1310
2599
4641
4214
2083
2987
2845
4113
2065
693
2540
143
3889
1566
5011
3917
2959
3934
2295
2209
4769
3012
4267
2940
4339
993
3121
732
971
5075
3252
4021
484
922
754
3824
1236
3712
4002
3910
51
2678
52
645
2569
3596
744
849
4694
3388
3807
765
3147
3753
2868
4745
3686
3455
3812
368
3205
379
4929
2890
2976
3324
2072
721
203
4438
1447
4747
4277
2278
339
2827
4374
1809
2701
1277
325
2710
1114
1671
2913
804
295
2620
2507
493
4176
4386
369
2635
4619
1162
276
1770
658
842
2664
5017
4285
1900
3811
3933
1727
3393
3221
3701
1927
268
4035
4327
2649
1975
4479
4094
4937
2416
103
2887
1804
3501
3792
4985
1681
1577
4443
4894
1700
634
2634
2074
2863
2094
1392
2625
3804
4577
1622
1106
1397
4924
4140
3776
3236
753
1066
3653
4074
1206
3269
3117
4820
1687
4539
2592
807
797
1704
4012
4673
15
1345
1400
1453
2084
681
4269
1953
3765
4925
1642
3386
4062
1959
2443
3239
2998
4293
875
158
2010
2170
2322
3655
3216
490
1302
1925
801
4552
858
3463
4975
2934
454
3750
2300
1922
2538
3739
3384
2637
1865
4971
3396
740
4810
678
1372
3056
4488
3414
949
3190
3986
4346
2221
711
4625
4876
1991
4218
2475
3633
3137
4082
4548
2025
2308
2284
1982
4898
2482
3926
3782
4344
815
2501
1655
2621
2874
2353
12
3732
364
4914
3040
3466
2447
4088
3035
1693
1307
5016
451
3666
1464
4938
4024
643
1149
3326
5072
1224
1301
2134
1123
1838
1841
3124
2069
2017
2312
3348
71
3092
2671
4040
350
823
730
1957
4606
509
443
62
2876
2077
447
1294
2766
3855
4129
1075
1433
4491
2151
1040
3967
2803
4150
30
2531
4073
5077
3251
1499
4545
4580
4061
1559
233
2458
5087
4737
3834
2749
1297
4597
3292
3555
3950
4719
4572
3832
3145
1831
3209
3520
112
1210
1963
275
1527
3034
4566
3044
1523
1238
1267
828
2107
253
4460
1150
187
4272
1610
4475
587
3725
4994
5074
2080
3379
1533
3160
2720
1332
2498
4849
640
2800
3069
2167
2320
4455
3228
1317
1684
1894
2673
3543
1105
4676
2870
4213
3631
2812
2477
3085
525
1244
2877
4480
713
4639
2613
900
156
929
1509
1457
4953
3102
879
1199
3738
4987
161
3191
1203
230
2132
3682
3544
4178
2922
3256
3755
2532
3444
1862
4450
110
273
2662
2056
4095
84
1663
3186
1365
5005
1280
3300
3693
4609
4570
1650
843
307
4658
4916
4664
1257
1085
259
4959
354
5014
3458
2243
1121
3958
4303
4654
385
3139
4116
3499
182
4233
478
1193
1461
2744
3050
4162
865
4459
2631
4223
1015
4366
2576
3215
3007
704
4161
1997
4882
1351
214
2370
3483
1000
1518
1629
4822
2018
1082
3327
581
1219
544
2351
5004
1969
4754
1306
3699
1450
2707
4792
3883
4722
1338
3322
2529
3801
3212
1744
4173
1083
2397
243
4199
2380
4421
3365
1803
3937
1630
1264
2462
3534
1434
4599
1445
4543
4261
4912
4051
2683
2515
1487
79
3313
3952
5043
4927
1057
4284
386
1815
3234
406
4251
2299
4788
3079
3382
2656
2270
4740
3784
1274
312
4313
4026
3441
3020
809
1184
1028
1534
617
3029
1379
448
405
494
1869
3819
742
362
1163
482
775
4889
1115
782
3820
1911
1186
2591
4907
600
1845
1942
743
2570
3199
2030
4079
5073
2364
3389
3589
4122
846
2371
317
1452
3391
4008
4408
746
1350
3563
4321
2697
4406
2921
622
4962
4803
1256
192
4467
384
3109
1582
2600
3306
4228
4970
3138
1593
3468
2422
4586
403
3075
2133
2272
3366
2208
639
2408
3177
3241
3096
1061
838
798
1344
895
4217
3264
3630
3670
827
208
1837
1748
599
2450
2918
3136
1459
1419
1978
1299
1396
2012
4686
905
3211
2283
4427
3727
3553
4250
4391
411
1820
4180
987
2330
1970
2614
2082
1245
1212
3336
7
1466
2047
115
2933
450
1588
2185
126
5065
3885
4100
4093
3
4197
1440
2559
655
2044
1319
3101
1155
1341
1493
3721
1300
1617
981
3622
3061
2026
2562
601
1842
3902
3533
4212
2434
4874
590
3178
464
1107
333
3048
4039
1874
1910
207
2894
3640
638
4598
757
1821
3510
3524
2212
4687
4952
3616
3945
2431
4244
2784
4939
2837
3722
750
512
347
283
4020
3134
63
4449
835
3892
1258
584
3349
4979
3059
346
2254
4771
2948
5000
1614
3268
749
2740
2668
3043
666
4306
3033
3669
3884
3781
3700
4517
2821
1912
221
4055
4900
3617
1068
2404
3354
3694
486
13
2836
2485
2865
3862
4465
1491
4945
3758
562
2665
1921
2027
1022
4043
2313
152
322
477
2829
2467
4853
3375
830
246
3859
1265
1496
2098
4763
4689
4886
4358
4806
2966
4229
1266
3430
2971
3851
1760
367
3220
4086
1762
636
1240
595
3504
2639
2850
4563
3688
1532
120
1025
2830
1917
2919
1113
3852
1271
202
3864
2685
690
4718
3895
563
1486
2991
1135
4633
574
3013
4902
3115
2142
1879
3809
326
3971
4370
2676
1634
942
3233
2849
4445
3736
3754
2787
1505
3227
4302
10
1160
3271
2799
4973
4649
340
1711
3786
4278
4016
86
4115
2368
2568
2108
2328
3201
517
1535
425
3404
2832
4660
653
898
4697
4928
1745
2068
4154
1303
3581
873
101
2331
2279
1775
4703
1196
548
4512
3600
1906
2050
2314
3110
1517
4571
1679
2857
3513
3164
414
4486
2210
3089
1063
2738
2016
2452
2651
2552
4908
1913
594
2891
783
1176
4110
2188
919
4160
800
2931
1624
2360
1209
4516
539
4497
1999
2127
2822
3062
4434
3496
1479
1221
1883
2752
2670
1989
4196
1656
2183
4503
1813
4761
4717
825
903
1772
1848
3768
2895
1595
3679
2034
142
4005
3476
1844
4295
3237
2196
3157
2875
4128
3312
1915
2019
2518
2888
1488
1148
54
2385
4299
1349
791
4165
209
2410
3246
483
3846
2104
1855
977
3826
3953
1004
3240
526
3165
629
2618
3549
4968
1640
3578
1897
3603
549
593
2572
1393
1247
1278
4050
3098
4787
2605
1094
4831
2112
944
3488
3156
2712
2014
210
663
2492
2207
1359
965
50
3539
262
166
2792
380
1643
4742
2900
2916
3893
4920
2141
3401
2440
2258
503
2369
200
4205
2912
1680
3858
718
1524
1282
4235
3104
3604
3806
2271
3608
767
4396
727
1147
3994
1987
2761
3541
4946
3649
2
2519
3019
2096
4254
1676
3477
994
395
1325
3321
278
3066
3002
2203
189
4817
3398
2090
5003
4098
1254
14
2949
3777
1415
1717
4288
4760
236
70
426
824
1116
1373
370
4888
4163
169
1859
1192
2597
1003
589
2736
2280
3743
920
2489
5041
4283
4185
2441
4262
2032
2573
5048
3951
76
1170
104
4813
1226
1914
4452
3597
4793
3587
4461
2674
3091
3005
4053
38
3304
4711
710
3506
89
3715
4426
3717
3928
4933
2121
4643
3297
3974
1863
2358
3254
2977
2024
4383
2473
2456
2936
4220
3998
4519
1314
831
4375
1070
418
3305
1818
3808
4340
1173
1288
261
793
1342
3592
296
515
4529
35
2093
1334
1888
481
219
3378
2277
3171
4034
4253
3230
4143
2318
1132
1051
794
1660
2534
4581
2003
4815
2765
114
2694
576
1737
984
4781
3308
533
3901
290
3270
818
2551
3590
4432
1411
3825
220
1670
832
4988
1429
4451
252
3897
3878
2423
1620
168
3963
4818
2013
19
992
1741
2817
591
4019
4550
4006
3294
1229
2550
4017
2882
3905
2264
4191
1449
1667
1889
2660
1167
609
4397
4702
2606
4420
3243
2008
3978
3516
1327
3713
338
1528
1860
4631
4556
3027
4999
387
1513
628
39
3374
1613
4984
1380
1006
1702
5013
1757
2269
1046
470
2362
1795
177
108
535
2644
4324
390
1143
1043
2001
2204
3847
2747
4636
1828
567
496
3207
178
2409
4715
4109
3985
4125
2267
4520
3981
4638
4855
1313
2917
2968
4439
4268
432
1707
4840
4758
1724
2037
3289
4891
1261
864
4777
351
153
1426
4617
777
2182
1248
1618
1159
1026
761
4380
2981
2478
1284
2746
3144
2771
2788
4059
529
4785
4065
1581
1389
1930
2985
4379
4145
3459
2813
2754
2972
2942
3536
2071
4270
2106
3423
607
4211
2249
2381
3054
311
3474
2795
1657
4425
3219
1
1939
4423
4622
2578
3760
2796
916
1394
2173
1435
3024
420
2354
3814
1537
3363
3863
4309
771
1768
3412
967
4637
2227
3836
3367
1685
3470
3184
4663
1382
1846
173
1873
662
2608
111
4124
391
3132
3969
3030
4544
1073
4692
2654
2166
3390
3904
913
5055
3913
1273
627
2138
4105
3515
1220
1263
1905
2499
4072
3193
3188
1781
934
3497
3373
2224
3821
4232
2584
3689
4077
1276
4336
2704
3362
2734
952
4838
1441
18
2413
2932
586
532
1126
1761
5034
238
3482
3939
4662
5008
4834
1569
2265
2947
250
1973
931
2979
4731
1644
3779
2194
1875
3551
4102
1424
724
282
2726
516
4121
1943
2577
4083
862
4362
3341
4127
4413
731
1578
4744
2880
4424
2957
1468
3015
3598
1937
2356
2725
328
3114
836
3709
1404
4410
4695
1494
2556
4058
4256
3785
1782
3759
513
1295
4832
3944
748
2579
2148
1403
280
342
2690
1990
2856
2524
3531
3344
4352
3123
388
1081
3822
4809
1076
96
4418
4195
1825
897
3263
3432
1723
1381
4784
1140
1146
4611
659
4015
2395
926
1808
762
2627
3350
3818
4954
2273
4678
4794
3280
921
4363
151
3319
1623
4469
3744
1920
3919
4442
1151
5030
844
4669
3735
1408
1139
2268
1713
1924
4648
4521
55
5049
2542
2179
4081
1223
1835
1109
2854
4291
1705
1024
3672
1201
4133
3418
3045
2343
2904
773
5018
53
3626
925
4192
172
768
1812
2344
3187
4334
2346
778
3000
3011
2474
4667
3857
4248
537
323
45
4164
4401
122
1777
661
986
4728
2384
605
3868
1388
2379
241
4624
1131
4674
2294
1817
4850
641
691
2773
4376
1090
2713
1395
1550
3921
4650
315
1872
2995
4795
1165
1410
966
318
4774
3067
2636
452
3839
1654
4869
4944
343
3594
2481
4783
530
2226
2290
3428
440
5067
3959
1615
1180
3395
917
469
4
1557
2628
2022
3872
1072
3261
3065
2459
3505
790
1909
2595
4476
4766
1933
5021
545
294
4326
1853
2866
1019
510
2626
5009
85
1386
4341
2530
719
4824
726
4911
3911
3063
1701
625
4385
3767
1451
1169
4706
2993
2070
4266
3302
1060
2435
4022
774
4738
1602
1335
4712
991
125
3342
1944
4404
1635
1104
4168
654
217
3609
226
2363
4830
2171
1774
5012
1416
769
4905
463
474
5057
1716
2709
4525
1127
1218
667
1034
1590
1609
1485
248
2248
3403
2310
3796
1124
1304
669
336
882
4659
1348
2061
4004
4054
449
2229
1467
3439
1480
1239
3407
4294
4534
3716
2826
2960
1974
552
4312
3460
2563
2149
2926
2767
3850
1960
4989
1052
2661
4289
1739
1472
4202
2432
3572
3150
685
4485
1182
3799
930
1099
3586
361
329
2647
4735
1050
2275
1664
3291
4297
407
2398
459
4541
3464
650
560
3561
1354
2970
80
550
2446
154
2886
4495
1850
5080
3675
4677
3325
2143
833
2181
422
933
4166
3802
2028
1483
2259
2893
3387
4052
856
1661
4177
3083
3210
781
3903
3318
948
2323
796
106
1185
195
707
4941
5054
1064
3737
302
3559
1885
604
1740
4871
3769
802
2783
194
4259
808
2838
752
1235
1544
1362
3706
3790
2909
3685
4896
4919
924
4137
75
128
540
2159
162
270
2064
2211
5038
1839
2253
91
487
3457
918
4584
1478
4553
3338
254
2879
4023
4237
2004
4967
4936
884
566
4390
1514
73
4298
1639
2156
1200
2376
4661
429
2389
1029
969
3562
1009
3494
1531
3152
2539
3141
3665
1198
4845
2252
421
1222
795
2301
4604
4721
1023
3310
423
4842
27
2053
811
99
1091
1891
803
3726
758
3162
1469
939
42
1039
633
1674
4440
3484
2472
1979
3848
4614
2847
1542
1574
1847
3180
4328
1763
1616
5053
1425
377
1715
1515
996
5033
788
4682
1801
4184
3677
907
1560
116
2007
799
398
4462
1840
4843
1753
2859
457
1103
258
4796
1118
3473
4770
857
3719
4561
4589
3698
3146
2378
2717
277
2005
334
4879
2716
4829
4505
3197
3973
4207
93
4816
2302
4733
805
1734
714
2681
3189
915
1001
2969
4635
5
1120
3106
2303
4047
3361
4797
1923
2924
592
269
739
2429
902
2131
2853
4323
2092
4089
4381
1829
1347
941
792
741
4790
3999
3364
4148
3599
1268
3131
1962
2326
611
3580
167
2116
4144
3546
4861
4990
5079
2097
4880
3167
974
1187
1984
1316
2155
21
3450
3774
3120
300
961
817
2642
4732
1320
1669
215
569
4507
1686
1259
204
1323
412
723
577
2873
1088
344
4974
2241
2418
372
608
2230
2964
4707
1286
3360
4084
1260
1967
4626
3696
2336
4564
67
2711
2289
1214
1668
133
32
2648
2124
4290
1071
4242
1836
4221
2512
854
1994
4969
889
3651
2201
3668
3582
2470
4131
1538
2871
904
1558
4804
3330
3888
3879
2383
184
113
2484
4428
3353
3149
1144
4287
4398
4862
4011
3766
3528
3602
946
4551
3652
2658
1432
4833
2652
2689
1632
4393
1069
3298
1941
4515
205
4753
647
1827
160
281
940
4901
789
603
1044
3081
212
3346
1446
2643
2962
1111
476
787
3195
3206
65
3941
331
4976
2731
3761
976
3267
4726
3705
3498
955
2130
3443
1138
267
4487
972
1508
1366
1331
4875
3225
3866
3703
725
2324
1769
4899
1824
3660
1688
2020
3569
3648
2465
2373
3827
1283
2852
1353
2603
869
2129
1378
2100
2479
4904
855
2046
4996
2797
2536
963
1988
4276
3238
3107
1564
1507
1053
4574
1500
4562
985
4310
1230
870
4175
95
2406
4757
1305
4716
4827
4457
4258
4120
4610
4751
927
1092
703
2756
722
4710
4108
293
3159
60
4407
499
780
1754
2078
1606
3467
446
4264
5031
313
677
5044
44
4441
4338
3440
1568
3072
4078
2414
3791
485
2076
2063
3370
272
696
814
3461
3194
2483
165
3676
4304
4955
1047
2629
2898
559
4646
3663
2306
4547
2790
2733
5002
4819
785
5082
570
3245
894
3942
1311
3311
1502
2596
3840
3869
4567
2945
2039
1217
698
304
1555
1101
3845
1444
4092
2770
705
4263
2165
819
4316
1030
4422
3192
1694
2952
1641
4531
1190
1086
2490
4651
1309
883
2105
1898
97
528
2497
2238
3006
4064
2502
1227
1662
1407
1343
58
2164
4931
2407
1037
770
2075
1552
1576
1811
573
2899
887
2281
3565
786
2154
3022
561
118
3915
990
2193
2180
3094
3671
2190
2846
597
1242
938
495
1241
410
2667
4097
2604
1460
3405
3242
4811
2722
1357
1054
82
136
3957
2858
2696
4714
4238
676
945
736
1743
4961
4917
2293
17
3357
3654
4668
4509
4618
3794
3436
4860
1965
3445
954
4511
3077
3547
3970
2040
4280
2511
213
4688
3433
2187
2043
4992
1339
4895
2257
47
5019
2041
4036
3420
3093
4504
264
1519
2228
2147
716
3667
2291
3285
438
3874
244
2520
2693
1084
3577
3449
149
4444
2175
4709
1504
5036
2867
2528
2999
1822
1134
1166
4190
1398
337
1919
4913
2282
5069
3425
2828
4508
518
2869
575
4681
3646
4559
3113
4169
2191
3286
3995
2319
3828
702
1375
3968
2437
366
4935
953
4537
2545
255
3817
2425
473
3795
2706
826
3218
3046
4723
3925
4187
1604
4859
1272
2216
2386
2372
1183
1141
2755
4300
61
2225
4943
1448
2449
708
2439
2153
4613
4186
3008
3711
2110
11
1370
4848
4965
4454
2956
1279
2297
2493
3163
2705
1164
2509
1736
218
3615
3805
2583
2213
2588
4118
4402
2657
4018
327
1161
3471
77
4808
1659
257
3886
1383
2276
2506
2565
4851
874
1767
3380
816
3175
4249
3095
2955
198
1607
4500
760
389
4030
2006
4489
3634
1364
2763
2611
4727
2260
1547
3129
150
1031
3427
4394
2582
2059
579
1830
1794
1677
3275
3185
127
1950
2219
1096
613
3377
3773
1421
1058
2666
138
1699
2759
1117
2619
3849
2126
657
3882
4447
606
4200
3997
4523
2401
3204
3936
1290
231
2776
959
3052
1851
2615
20
2298
2675
222
2115
3172
1330
5022
1907
417
3992
3103
3265
5060
4247
2590
3748
2202
755
2469
3491
3841
531
2941
4621
335
1672
2021
383
5023
4956
2307
3906
3960
1216
394
4037
3182
3550
868
4557
542
4877
2333
2589
3025
3454
2833
1462
4720
1503
437
1045
4330
523
3266
3537
4958
3954
3078
2958
4257
4189
3816
4575
859
140
4226
3887
1799
4430
4756
3442
729
2048
2503
3797
4453
4132
4490
3704
508
1420
1646
1049
301
568
2510
416
2002
2287
1870
4501
688
4750
2335
3031
1645
1852
1079
1946
3977
3202
1627
1237
1228
28
1876
1202
1633
4351
1791
4458
2445
1783
951
2645
2547
2169
2199
1495
497
424
2419
1477
720
3493
4230
1621
745
1255
4260
2139
4837
863
3130
3492
2357
401
4387
2468
1586
3127
2580
2632
1100
442
2994
2377
1125
4494
1122
3118
2915
3552
649
4798
5026
4111
2986
3143
2137
4071
2557
4219
2967
2655
1312
1427
310
4282
321
1430
360
2382
271
2517
4117
2123
4645
4779
5059
3288
3105
1746
3039
5071
910
4273
4605
1726
2177
4923
2288
3001
4524
2609
256
1612
4481
2881
1191
2807
1246
1583
861
2255
1443
2109
260
1329
4356
4568
839
3303
4600
610
4348
3158
2232
2144
2897
4107
4844
3908
4119
4906
3619
4234
2487
3731
3032
4477
3434
314
5040
90
3930
2239
4193
1501
4866
527
1832
4013
3870
3844
1406
1231
5007
2616
660
2929
4868
1168
4478
2031
2598
201
2118
239
3135
3946
536
3381
3100
4672
1947
1489
155
498
2561
2907
2802
4652
2672
3935
433
3993
656
2735
4680
137
3368
4590
4746
4565
4147
4265
4949
1625
699
2930
3408
3635
1269
1751
2442
3907
1752
1171
2679
717
3511
2350
4368
2062
4513
2779
1584
2983
3315
1843
4852
893
1742
4337
3214
3278
5086
1899
1492
2111
4136
1059
3087
3480
3815
4031
3071
4409
4025
4216
5027
2844
4764
1867
1689
46
471
4470
1526
3873
363
3108
2911
3406
4296
2781
3119
1789
1585
3055
4060
197
4634
4068
2843
4847
3028
751
4982
1249
87
2000
4010
2801
689
3605
4826
3090
2244
3947
1756
937
2428
4329
4364
701
1856
1958
279
4308
4156
2352
3718
3358
374
3446
2234
4246
2464
1961
2553
3966
671
3014
2842
4029
2721
582
4101
303
5088
1823
1175
2815
1945
3042
1376
4825
1154
2057
376
2415
3747
1055
1510
1112
4657
227
3657
3161
286
4331
2906
3526
988
3208
968
4812
2263
4729
2741
4194
176
2633
1098
829
2804
4532
1572
185
2751
4179
9
3057
249
352
2669
3742
4666
4319
1189
2810
3253
3352
3347
668
3168
2391
1798
2476
288
235
2205
1980
332
3756
186
880
436
1102
1340
3571
2251
2045
4805
4881
81
947
3486
2136
2491
4799
4155
2724
3385
4776
4522
4222
5035
4042
1367
564
2944
3465
3525
1706
4762
1628
1322
3990
0
565
1481
2825
2978
2650
1346
2197
1377
124
2145
4106
4653
2737
1418
2240
3837
2743
2311
2158
1731
5015
630
1976
2023
4252
2200
4759
4578
2695
3695
2309
1901
2953
26
632
2774
