1106
3687
2482
194
4595
2078
1158
4476
2908
3100
3244
4291
4035
1113
797
1496
2255
1875
4045
1437
2319
5013
3396
4037
2982
518
3235
539
3652
2400
42
562
4640
3400
4578
4243
4528
3958
2484
3800
3381
2306
889
176
1000
4567
1992
3453
2124
1898
4925
3533
902
3772
3605
2518
410
1719
2585
3799
4794
633
4763
621
2463
2219
3203
976
435
4286
2540
2787
1605
3903
1699
3385
3944
752
1964
4410
2321
3711
1312
3214
1146
746
2105
687
4210
1877
2211
1728
2353
1471
3002
4609
2115
4770
4426
2218
211
1782
3709
2957
3634
3766
3349
4698
1306
4517
2699
2966
3175
1886
2239
4549
4644
2652
1015
3948
4431
3549
3441
3696
1156
3151
124
1750
3818
2027
489
657
203
564
4760
4467
278
5002
3206
120
190
3430
4618
4924
3490
3501
3251
4433
496
4854
2985
2512
3554
3183
3115
3072
1819
4601
3542
28
3046
3300
4196
233
3055
519
1616
579
3962
549
1301
4614
4119
4974
3731
4918
3828
299
2831
1403
391
825
1895
4135
4847
1238
4695
3312
1032
1292
1405
4344
2754
2322
438
2412
4387
1048
305
3839
1700
131
4992
4281
1702
1160
1607
4378
3703
453
2433
1280
860
930
1305
3619
161
4320
5037
3089
4869
288
460
4558
4776
1649
806
4713
2795
20
4694
3684
306
238
3291
3995
1706
3121
3603
1352
4660
1883
3344
808
569
2336
2638
1445
3271
1833
731
4262
4866
982
4466
971
2094
4822
2879
269
3677
1049
3630
2411
4758
1415
4616
4636
1195
5018
4341
684
4207
1061
1265
4943
3960
2423
2029
4152
2933
308
4827
1866
3379
2950
3928
4892
2716
371
4748
704
3487
3274
4912
2226
4404
3701
2084
1427
4561
5088
993
3033
3726
86
2525
2408
273
3764
1784
3463
3415
2083
2061
4166
4832
3023
3001
2988
2741
4625
4989
1918
3377
5044
3745
338
3966
3289
1417
2594
589
1137
3639
2799
2931
4991
4870
2193
2994
1389
660
1974
4303
4374
4503
3875
1878
1214
4326
3077
3184
490
1310
4682
4372
4369
2658
3644
3273
463
2842
4249
4530
4042
765
4646
4724
4278
3091
1361
4255
2417
700
785
1142
3322
844
1871
497
1136
5017
4685
1295
927
4454
4726
4879
2570
3598
1370
1674
1917
1003
2222
3459
2927
2166
4840
3637
2622
1129
2993
5087
4690
2748
3541
4217
271
354
3028
1021
1535
1151
1082
4868
225
2424
712
348
1329
1668
1907
4345
4797
3068
3403
1449
3037
1109
4801
1184
552
189
1563
4979
4577
5021
1746
1283
933
1851
1990
257
3467
1083
4893
4014
1071
3932
1873
3755
533
1066
3577
4643
4795
4563
3136
209
3370
3816
5050
4775
1627
602
532
4820
2316
767
4084
555
4453
2889
1774
992
3680
4365
527
901
3919
4290
4759
4962
2523
1085
885
3935
2231
3564
1831
427
3199
3342
1086
2170
2984
4836
2331
2561
113
1316
1621
4519
4131
4409
2370
815
1937
2918
2241
4346
824
1962
2820
2624
4641
5041
3019
1761
5068
3387
2442
2655
1161
742
1617
529
2552
3897
4560
4475
3374
4444
3613
1527
4329
541
2979
2948
1488
88
5000
1024
3241
1809
842
3788
2499
4363
1462
3986
795
1056
2897
4181
3669
2778
19
4484
4019
2917
4668
76
1679
4360
339
874
4995
696
445
2377
886
4013
4696
3643
2060
2825
4500
3457
1759
1801
1745
3093
685
998
2253
1672
759
4062
3595
3132
603
2481
882
4984
1131
3869
3465
4876
4639
1034
4720
1980
4978
2197
4309
3856
4247
2628
2209
4845
399
3009
2728
676
1332
158
2175
303
5079
58
1835
392
116
1464
500
4058
770
1051
1358
3280
475
4218
3831
3318
2837
1181
2132
1711
628
4566
2675
4788
2934
4982
440
1538
2441
4488
4819
1254
2679
1764
724
4183
3265
3832
4711
3075
3238
2125
2513
2986
1454
1822
4605
3838
692
4138
2289
4915
656
301
2270
1331
907
972
1804
472
3961
711
4115
5001
4358
1848
4492
4154
1111
4072
1658
2653
4197
1692
320
1903
4354
291
1785
2179
1899
545
1042
3965
4403
1803
2164
3659
2280
4388
3321
4086
3464
328
2300
4721
4587
4394
379
3460
537
2764
2504
1815
4266
1342
757
1666
4559
3614
5069
7
408
4550
2305
2345
4070
1099
4429
4384
2157
3510
1518
4793
2162
1539
2527
561
2786
1572
941
2845
1375
137
3164
2493
1720
1582
1789
201
1314
89
1100
2379
2304
2210
30
4877
4398
1943
4091
3287
1147
2574
1400
2005
1578
3211
1677
3854
2660
3398
1088
2372
2469
2738
1416
3126
694
547
4359
3138
4658
3892
4674
3481
4810
1239
3584
96
1608
570
1026
1550
777
1795
1861
429
583
3751
4512
2613
266
3587
2846
1910
3051
2046
3506
2776
3957
4722
4137
4144
2082
528
799
387
139
1887
5039
2044
1505
1448
1534
3710
3909
1641
763
1566
63
4728
892
937
35
1859
3975
2617
3813
2283
3515
4589
2833
37
875
651
1227
1052
2242
90
1087
3752
3723
2142
3814
1391
2148
4195
1944
4633
3412
4259
1467
3409
1827
2299
4571
4889
1304
2856
2274
3272
4593
3497
3413
4527
2386
1891
2559
2550
1664
2089
4118
2923
4673
4545
452
5060
683
3346
1959
3304
4006
4203
2669
3083
3290
3120
1165
3852
3809
1850
3578
350
3326
2755
2069
4496
3655
4740
3483
3749
729
1357
75
4647
3428
395
52
934
758
334
3064
3070
349
465
3015
3916
178
4001
243
2998
879
2770
3035
4169
3213
2991
3987
3496
1053
2456
92
4446
572
3789
3683
4596
4629
4486
13
59
741
3470
313
548
480
4631
2399
715
3610
4573
4855
2073
3454
4182
2266
3973
2184
2223
4743
2057
3685
4536
1793
3640
2445
2085
5010
4185
4311
4302
1715
760
4569
3600
3092
397
945
2183
3056
3150
3358
3388
4786
4961
4157
2798
2961
3937
2685
1409
2696
3845
4864
3671
1173
4522
4085
4949
1999
1209
1703
2246
1261
5038
2464
492
1072
2839
2747
18
3952
222
1729
4865
94
1397
2556
1398
755
2165
3047
2131
264
3620
1126
3673
1537
3268
1852
2311
4507
5040
1046
3585
2501
2524
3667
0
2347
727
2888
1993
2737
3546
3079
973
1625
324
646
4237
2922
3967
1468
3113
4582
4944
988
3871
4353
223
4338
4502
1904
4082
3770
4990
2785
3395
4880
4057
2762
1009
1788
1382
4438
3040
4942
2070
4537
864
2101
4440
917
2892
3240
848
2614
4126
3586
644
5023
1874
1253
3590
2885
4219
1707
2421
1675
2360
4513
2951
79
1552
2176
3080
2398
865
2256
4188
3621
1716
4772
801
1285
2416
4356
4920
2251
1522
498
2351
3233
3027
2558
1632
3266
4839
2510
1240
1691
4807
4458
380
4421
3866
3438
4613
4443
1424
2254
4452
2777
4999
455
2081
1236
635
3588
411
2921
4322
3232
2792
979
2736
2001
4598
3878
4111
1639
3179
4186
3038
1217
501
1407
1363
1429
3169
3166
4514
135
643
2514
4226
2517
4900
1896
1777
957
2789
390
781
566
868
62
939
1343
601
4282
3780
3263
530
4273
3190
4294
1935
1736
1436
4101
750
3930
1324
1713
4151
1503
4284
1028
2172
1033
849
4170
5029
155
4875
309
2355
3284
535
1309
3647
3699
2413
1148
3676
495
1150
2693
1025
4162
4301
871
2427
3955
2565
207
2783
967
1756
1114
3311
3171
3657
2920
940
4463
2949
1385
3063
3286
4264
2240
3013
1439
4973
2323
3299
654
1433
2758
4773
2068
3893
4946
67
4108
4664
3548
4509
4048
323
2725
4012
4206
2140
142
2248
15
1655
2191
2279
4993
3006
2995
3099
2633
4051
4730
262
2093
2526
4075
3796
8
4043
87
1183
2812
2977
1041
787
698
3782
5074
2086
5022
3808
4313
4225
329
3205
3449
1948
4139
73
95
3434
1103
4331
4621
479
4090
2327
4815
2899
1520
624
1551
789
2324
3580
423
1581
546
2600
4697
1369
200
1157
3536
1338
1901
2156
4729
3539
3168
2019
3561
104
1622
1249
4742
5019
2866
378
4867
65
2437
314
734
1528
2290
3724
4701
4003
171
4238
1979
2335
3743
3173
3336
5065
5059
827
2635
2200
70
110
2212
1481
2886
3513
4179
2450
3418
4607
1881
778
1284
3728
1921
3450
1876
3882
3817
627
3679
1364
1779
4050
3880
4246
1322
4434
4175
2087
2346
3576
1411
1040
2606
4765
609
1662
1300
1210
774
1826
556
1479
786
267
2930
4473
3486
364
4018
4752
4627
377
2468
2021
719
4129
947
1620
1222
4017
1609
2447
894
4074
3870
1311
4860
2941
3448
3338
4931
4960
3841
2443
2706
1926
2134
4666
1889
1276
2996
3025
2840
456
2341
2075
40
3215
1778
1362
3022
1500
3521
737
1843
3876
396
322
2477
707
2038
2766
3672
1414
1686
1402
4376
3390
2458
5014
2428
1709
2983
2772
3417
1558
4686
862
181
1806
753
4327
3489
3508
2406
2111
1623
3014
2173
4415
1458
1659
369
1089
2014
4926
1972
2009
2887
4710
2002
754
2804
2742
4849
174
4761
4174
1145
2364
5020
2062
915
1569
1216
3692
4754
4209
3540
4456
1451
4165
235
1162
3674
4736
1384
2118
2154
2790
1498
280
3429
2796
3197
4947
970
3044
4315
4813
478
2098
1203
292
1426
4516
4412
2036
4916
1107
2674
2793
1763
196
3399
3713
2272
3779
4100
4133
2805
563
4283
2604
1355
3177
2999
2033
1070
681
4583
1420
3011
4917
3210
3180
796
1588
3225
3433
4350
14
828
1776
4295
4950
3982
1765
4234
592
836
4401
3607
1862
2130
4330
2572
1196
4799
1920
2582
2214
1507
800
4477
1153
382
4705
461
771
3405
3422
4236
2713
159
4546
242
1299
3959
4025
4254
2373
24
837
3314
4004
1036
3608
3125
909
2293
298
245
3347
3359
1531
261
4487
49
3221
2444
352
4771
861
4663
1460
2573
1182
2611
2947
2989
4895
3732
2657
3378
929
4478
3602
4707
345
953
4002
2107
3569
3494
2978
4906
1906
2884
4375
3247
2560
4439
1624
4318
4485
5036
4692
4275
1483
1663
1365
134
4817
187
4459
2801
3152
3767
2605
2974
2028
4368
4659
4425
2924
2135
1035
2288
1900
2287
3443
437
1814
216
4039
3471
4808
2308
4897
639
398
1630
2973
3884
413
1075
2631
2751
832
2822
3567
3373
2868
1264
1758
420
1393
355
4615
1247
488
129
1564
1872
2479
2746
2158
5064
961
4857
4189
1704
1864
2390
4680
2562
4863
2080
4712
802
4178
441
1315
4504
4715
2440
4142
2589
1942
890
3631
2053
4853
127
3563
3319
4521
3406
2678
2906
2491
4988
473
3424
1487
2730
3963
1597
393
3455
3097
4963
3665
4588
3746
905
3708
4258
4597
2534
1580
4841
3401
1425
4914
1001
290
1047
4657
640
3353
3658
1986
5046
2434
1936
2749
709
3889
1128
3109
2553
3879
3000
4910
3898
735
4242
119
2249
1011
2715
312
1953
897
578
1590
872
3461
3594
794
4474
3730
3468
918
3551
4081
118
4800
744
2544
3913
4637
1950
69
4061
839
1857
4413
1792
4803
2006
2710
2896
4332
899
2296
3201
826
4762
204
2257
506
2591
2260
924
2690
5056
968
388
818
4305
4211
1681
2436
2649
2178
4885
1223
2010
2403
1960
4972
1556
3397
1404
2216
2900
4956
2401
1842
4437
2396
483
1359
1919
679
762
1894
4779
1132
1387
286
1271
1773
3185
4518
631
4105
3842
4656
1987
1348
246
212
3840
1255
2547
1177
2143
74
470
3407
3918
4985
172
2952
32
3887
1768
2698
1229
1730
1931
3849
5077
3662
4049
3333
3195
1932
1412
304
4541
451
3716
4399
2532
344
4731
1858
1945
3763
1967
3170
1830
1823
2328
935
3529
1101
4531
2188
311
2267
3356
1637
2632
444
1469
2714
2409
989
2893
1598
2136
247
2067
3103
236
1110
2064
403
2717
4448
3830
3833
2806
4619
710
5006
3978
4468
450
2768
415
4653
3941
708
406
3829
2389
3362
1839
2911
3783
751
3222
4811
4747
2236
5027
2076
1396
1281
1473
2727
3208
426
9
1762
2117
2378
1618
2079
4298
3237
3983
3547
1154
2557
1863
4903
823
1232
4472
1988
389
3737
1638
1583
4533
3239
3553
3116
2928
3950
3616
1698
2871
4
1735
4994
103
1012
4675
4651
2375
1696
966
2271
4089
2750
4263
68
4520
1885
3391
1060
374
3360
1115
2350
3925
4976
3964
2475
1231
165
1189
6
2286
1838
2938
2292
3348
4878
469
3543
3003
4764
4213
2383
3020
3573
1882
1733
2621
4123
4470
895
2853
1233
4008
1924
2581
3617
4725
4187
206
5042
5076
2359
1097
1486
3931
2199
425
4297
71
948
3264
4164
3036
3795
5055
1242
1266
3084
4097
4671
1610
182
357
3954
4859
4140
2761
4040
4407
2265
2898
5073
1710
2878
50
573
1743
1399
2905
1251
2245
2343
4540
695
1268
4823
4565
1922
891
4080
5034
2263
3475
2627
3032
3939
168
4168
784
3012
4073
360
2
3367
1144
2828
2058
148
2883
987
4756
3456
599
417
2268
1970
1480
3446
3325
1929
1648
1421
3575
3432
3566
4245
2542
1941
2771
3492
4296
2849
4933
3682
191
4113
3161
3163
831
3226
3555
4408
4336
4929
4708
4389
4016
2088
4030
1636
3402
133
2309
3520
2258
3110
1651
699
2616
4971
1849
5016
373
1810
3847
1139
46
3340
128
3192
1923
1443
1846
740
3507
1508
1688
3917
985
4547
459
3797
2830
4095
3989
2647
2213
4737
2639
606
64
4941
4146
4424
921
4261
2298
3509
697
1975
2549
2015
3750
227
1660
2667
41
1164
1673
960
1188
1600
3451
3853
3525
4285
1243
3911
4812
4352
4749
2394
2533
2119
1817
1701
4693
4921
4391
962
4423
394
3135
4208
1105
3345
2876
3786
5062
443
4888
914
1211
1909
432
84
3984
4436
3899
4060
343
838
2697
3317
4830
574
3297
809
4038
2528
1031
1530
690
1612
5086
3769
1432
2926
2365
1482
325
3915
2872
510
4934
1501
3096
2541
2337
2031
2340
91
3479
4312
3153
691
151
3253
1256
2065
1058
3535
3635
4524
955
1213
2203
2344
2238
605
4277
4141
3865
1940
3526
1824
2432
3744
2052
346
2208
4843
4727
4790
458
3947
3337
4757
163
2694
725
4874
3458
2167
4848
2692
2936
1721
1913
1202
739
2066
3313
3119
3761
553
3742
2704
655
1723
4173
336
2662
1737
1178
1198
2366
1995
805
1865
5063
2150
634
3162
3029
2584
3758
1220
580
457
1373
2642
4826
4936
4965
2320
814
3956
1724
1474
2163
2981
4850
819
5009
3279
3601
2810
3057
4052
414
1466
263
1579
3712
4824
3612
1755
3102
2843
4076
3538
3781
4557
677
951
4024
4650
164
4623
162
2026
1050
4308
1599
2663
659
636
2454
4205
713
108
3858
2826
2159
619
3698
2942
4323
105
1749
4428
362
1027
3339
1869
3139
2865
2684
1509
4366
434
4214
2207
3043
2850
673
3977
307
3629
1912
4821
421
3275
1697
205
2393
4814
1014
4393
855
4093
4792
575
3404
1536
4902
4741
5033
2602
170
11
702
903
2870
1334
1079
114
2803
3774
2147
4766
4490
1259
4909
1431
999
4908
2676
1228
593
27
1205
2438
482
5075
2489
637
2448
4706
4122
4689
3557
3597
1296
1199
3851
4064
5054
3837
2252
4858
370
3530
385
3739
2980
3478
4927
1591
4056
1751
3130
3488
4083
1897
3848
813
10
2818
2232
2161
4279
259
2626
1853
3368
1767
2490
1825
1313
3632
3895
112
2003
1695
5057
2939
4411
614
319
1905
464
2473
877
3570
4373
3868
85
4700
3394
1965
1665
4898
4300
4032
3968
4112
1406
3250
2721
1495
173
4831
2363
1738
22
2862
4343
2174
4968
1215
186
4200
1045
287
1934
2195
1457
1951
2756
1263
3392
4253
840
2110
3062
1587
141
504
4121
1635
2835
3158
255
2595
5007
2555
4930
230
600
140
2824
3645
2177
4604
4957
2181
4198
3131
775
1820
2478
2277
3812
1983
2956
1059
2192
1499
3123
4679
2446
1547
526
1946
642
2530
326
1340
863
1204
2546
658
3582
2237
1971
3198
4349
721
1613
3757
4905
4054
4997
1596
1277
3834
558
2719
1163
514
2577
1119
2880
3802
2091
3383
964
5026
4645
2726
4630
3503
1039
1586
2823
3792
908
3545
4441
4768
3534
2779
3946
4782
2855
538
3416
244
4732
3004
4780
4287
4670
232
4626
1770
3295
3372
3059
678
3860
3591
2259
1902
1653
3482
3606
3316
2672
2435
653
2816
1084
3
1325
4967
1661
3310
857
198
2244
3951
4094
3969
4634
2330
404
2278
718
977
2953
3706
2963
4806
4953
1074
3231
4592
449
2077
1353
1392
1044
4009
1845
2937
662
2665
1984
3822
4005
3048
3117
4554
1514
3920
4683
949
4293
543
4904
1152
1116
1368
782
4172
1477
1245
2261
3095
2368
477
3147
126
1326
3243
2538
3439
1619
4838
1955
2011
4684
1062
845
2844
3066
2992
3112
2051
2487
2702
2813
1714
4167
4422
296
48
2987
2361
2976
5005
2202
4638
4184
1258
4778
2566
3773
3366
4714
3256
493
2495
2788
1419
239
2757
439
3472
4662
1652
2040
1548
1954
4367
4861
4223
3905
3810
1141
912
4136
4397
2494
769
4128
1453
4907
1791
3301
984
331
1517
1175
4029
101
581
2954
275
2944
1250
1841
3522
2457
991
1260
2496
4818
3363
3836
3702
1595
4306
3122
3375
4805
1687
4250
1013
3532
4665
2169
4092
3908
274
3633
4106
419
2303
876
1274
2276
2800
2732
3431
3574
2875
144
1561
1650
925
3912
4702
3140
1339
2497
2599
1394
2964
1567
591
402
4828
3445
668
4102
5084
3069
282
693
2673
1966
944
1797
29
4386
4628
26
4271
4913
3437
954
3929
2025
3776
2228
2055
4738
2733
4230
3972
3914
2620
1725
3343
4451
5061
3517
3187
3693
3707
3722
4377
2780
3104
4606
904
3650
1775
3717
3473
3790
474
3144
4723
3351
2535
3923
2913
4252
499
4834
1076
1149
2807
3695
2221
2035
4304
1455
866
2590
2646
2326
3572
2461
2127
996
3714
616
3087
1218
283
4958
3156
4620
4585
4996
1138
1379
98
1005
1190
2096
2529
2731
4846
447
3414
3500
3675
4010
4077
2054
3741
3172
4871
4104
3999
2047
143
942
4385
3544
2610
3447
3609
1004
648
2874
4464
4371
353
2050
2901
2539
4655
3327
1985
2861
4688
3493
3502
1807
932
4160
3270
852
430
1694
565
3480
4574
3628
4228
4802
1734
3523
1494
4442
2722
1604
1485
2596
2578
1626
544
595
4289
4319
3249
1790
5012
3193
491
1732
5085
2155
916
4130
1602
1646
647
3824
2043
2580
502
51
2773
1754
2965
952
3060
835
4270
4887
981
716
3421
2030
817
4562
3389
2960
2784
4241
4231
2576
2139
3756
1092
1705
405
867
523
1374
3220
928
16
4268
462
604
1298
2262
3902
1413
1452
4935
4148
3996
1832
3191
3485
4532
1093
4964
1155
356
3189
4348
858
830
4584
3293
2017
3979
5082
4791
3729
2419
4525
1911
5072
870
1799
1930
347
368
3981
1575
1997
4480
4489
229
686
4515
4240
1546
2745
4783
145
2904
78
2569
1516
3382
2459
1279
1925
557
1065
3462
1524
102
4751
1577
39
4335
1441
3474
3811
3641
2668
2297
3071
4739
4851
1135
1179
1576
2342
4462
641
3277
1562
4416
2683
2318
3212
210
386
138
2106
2108
3664
4380
4125
4483
788
5066
3045
4260
2522
2486
749
3010
689
2838
3721
2016
931
623
4937
2873
3806
3085
2775
2972
3801
980
2543
3320
80
4127
4862
2439
1372
2404
1067
4599
946
3142
2968
4552
3704
4418
3308
3107
1475
4333
893
1963
2774
217
5015
878
2102
2123
610
3204
1977
798
3516
152
1670
3988
2759
714
4149
4586
1166
1957
3143
3615
4027
4392
2946
2186
1057
2381
5071
919
4370
2349
4881
122
4894
717
1029
834
43
2505
560
2451
4026
2190
586
584
5051
3894
484
3651
3625
2022
2453
2623
4553
3355
428
476
342
1333
1018
1434
2794
1380
2229
1120
2281
1377
2291
4568
2352
2314
1611
536
2640
4078
3061
256
854
3768
4427
4932
3105
202
1752
3942
2641
587
4548
3200
4750
4703
4955
4622
665
1212
706
3825
3901
4109
363
2470
1224
997
1022
4497
761
3971
5052
663
1246
4986
3133
503
5030
2039
4147
956
3149
2196
213
2295
1080
366
195
5008
4299
2099
923
4538
3990
2832
2882
3386
4325
4447
3844
3498
3053
2485
4508
2545
2763
1272
3334
2045
3528
117
5
3114
2388
5011
4272
1502
2467
2049
3224
3785
3331
3678
237
2603
4691
3181
2587
2217
4543
611
1544
3618
4337
847
2097
4678
4288
4581
3476
1186
1440
1570
4382
4316
4465
3636
4575
1818
3294
1998
3088
978
3583
83
4746
221
1069
231
3648
1783
851
3065
3050
4544
5031
310
1991
959
2858
3255
1816
2205
2100
1976
1127
783
3228
4835
12
1973
1740
193
1504
1143
25
810
4755
4938
2943
3805
4116
1821
625
5032
780
47
1978
820
1317
2516
3257
2817
1685
2654
4922
1168
3082
2492
4789
1523
4687
1428
3315
284
4954
542
2664
2128
2171
4414
4420
4499
3442
4975
2860
1952
3146
1197
3137
554
1982
3504
994
3042
1234
2895
508
3499
1378
2187
3008
1657
199
3668
3705
2743
3202
2834
4114
1478
3697
3230
1442
1307
2506
3872
5083
4222
294
3765
1545
1812
317
2397
1350
3354
1633
2734
3736
4856
4505
507
2827
5081
745
4816
409
327
2579
1726
156
2598
4717
160
3073
2307
4192
2914
1491
3281
2782
3890
969
361
3176
66
1328
736
2395
1741
2520
1104
1020
1811
4053
372
1470
3531
2431
4498
2769
3426
4970
2380
2325
1291
2916
1262
4600
1772
3560
4734
4872
1956
4395
4321
1933
1654
4044
81
2929
1068
224
2630
883
3524
183
5004
1351
125
1601
1347
2152
93
2273
4445
4212
1465
4774
272
487
630
1225
1367
1989
2718
4256
4777
2997
986
559
3194
384
3936
2472
1230
1506
1860
23
4220
3031
1112
3302
1286
383
2962
4364
2894
3681
2867
4357
1513
3862
2760
3098
1237
4744
2511
705
2137
3896
3760
3611
3883
2863
3945
3660
764
728
3081
1323
2903
3330
3740
2032
3599
2042
4023
466
1090
2677
3656
4194
3953
1008
2284
107
5024
3049
1492
2847
2313
1248
3924
1077
1844
365
1947
3718
99
4969
1593
4911
1949
3970
2048
4274
1888
4159
2767
4579
1683
3007
723
188
1346
1800
3258
2180
1016
3305
2720
2781
4919
2133
1273
2597
2362
3874
4709
911
2689
2971
5089
3128
3371
1606
2455
175
4071
821
100
1497
3798
585
577
3807
4248
2864
3260
1829
5067
3904
2688
2333
2791
3715
2703
3252
618
2332
701
1574
2426
1124
1880
3365
4120
2144
258
2551
4785
277
4844
3568
3361
3998
1
1252
4251
3259
1742
2338
2809
1176
3182
4276
1444
4041
407
177
265
1030
598
2358
3735
285
4611
1526
1981
4342
807
4837
3940
3254
359
4435
3261
1614
4951
1744
1094
1344
2317
1643
2357
3881
2636
900
768
1006
2092
2609
3452
381
2250
726
249
4632
5045
192
1418
2651
3700
3118
517
1890
1108
2129
2508
3622
2334
2656
4608
3819
3341
2095
446
1121
4534
340
2707
3592
4161
4959
2753
2215
454
2554
738
975
3933
3943
4227
1938
2247
1345
4602
1174
130
5025
4215
3689
4542
4890
990
3106
2537
2462
1519
234
748
3223
2449
1802
843
1645
5053
3328
1573
4603
4201
4704
4419
675
2519
486
1010
4180
2235
3134
3436
2571
3420
1592
3949
2354
1847
424
3562
2402
2384
1140
773
4117
1354
45
2970
241
4716
3787
3159
4669
2074
2854
3357
4314
3298
1360
3306
106
3444
61
2282
276
2024
4449
2740
4495
1541
747
34
3850
1023
2666
2160
2415
2815
4047
920
109
157
2881
4087
2138
2387
4292
674
1241
38
1490
1221
550
2369
3843
2090
3552
3638
3759
1533
2227
1840
3627
3245
2410
2483
2071
1381
2975
1288
3435
3165
1939
520
4825
3734
316
4998
3794
1521
56
3427
2367
2302
3922
4110
4257
2430
57
4980
4450
2686
3519
1410
3307
1722
2056
4383
3823
3927
4667
2425
779
2294
582
1208
2644
1968
3559
1180
4324
649
3186
2802
5035
4733
167
4455
1856
4379
4576
3623
2682
2168
4022
515
1289
2932
4221
4191
2592
1559
2185
1450
4809
958
2829
169
936
3720
722
1712
5048
2243
4787
505
2488
1554
3209
4339
3738
4069
3804
3282
733
3484
3593
1568
4699
2859
3626
3234
1446
1038
3332
850
1435
4340
3886
4591
1125
791
150
4482
3155
3864
4471
1927
1193
2564
3323
3877
1748
1868
21
3556
4124
1766
2466
2315
1167
2109
2201
270
3425
1327
1063
4901
4328
3777
3188
4355
2548
1908
596
661
2382
1019
4617
218
1171
1565
3997
2374
1828
2821
3815
2103
412
297
1459
3579
471
3846
82
1805
3380
743
540
1671
401
2808
1553
4501
884
568
1371
613
315
4096
4033
2515
1290
2285
756
793
3748
1293
2619
3276
3900
3469
3663
3661
2935
4883
2531
3041
2275
215
4351
938
822
436
4405
2121
1200
2912
3108
3219
2312
111
1185
1690
3292
3784
3145
995
1640
3873
2116
1476
442
1098
1717
3324
5049
576
2233
179
53
1915
4948
3980
2625
3581
1529
950
2385
2452
4007
2586
2618
5047
1969
1727
1386
620
4457
1753
180
2680
3727
2701
4952
1055
1647
1884
2220
3885
166
77
4145
3907
1676
2405
632
2104
3992
1337
1366
2819
594
3514
4267
534
509
4021
1708
4233
123
4928
4506
146
2018
4461
4511
60
3376
1096
2841
4852
1341
4036
1356
3891
4648
3861
3303
516
2329
1510
3054
910
1388
4884
4491
1928
3101
3369
2264
2420
3753
3393
5003
1780
3518
1786
3246
4055
2567
2310
790
4432
4469
1461
333
1571
3505
1584
197
1390
1629
2969
3207
4000
1201
4232
3335
2671
4176
4983
332
2593
1376
1994
4681
1043
513
4661
1642
551
4977
3688
2502
1395
3024
1549
2695
841
3835
2958
1808
669
3067
963
2814
2857
184
2000
3248
4570
4551
4079
3111
3985
3775
869
5070
2356
4529
1512
1916
943
3690
4381
4103
4153
1133
4572
2955
1330
666
2391
512
252
3511
2583
318
4068
2851
522
4396
1270
1684
279
4098
3229
812
4065
703
4899
3649
1834
2735
3288
1269
2797
1282
4767
1560
4718
896
4390
3218
260
730
645
1794
766
906
400
2149
3196
3654
4099
1054
4334
3976
2945
3052
1678
3217
1669
4654
2414
2113
2521
2063
1747
4361
2729
2536
115
3090
4798
597
2637
3127
1423
2705
1257
3242
2890
4896
4676
638
650
525
2120
1308
1854
1879
4063
2007
1456
367
2869
1007
2008
3974
4981
351
2687
4635
4460
3550
268
3589
3686
1892
1489
3571
2959
3910
4494
1540
4481
2601
1463
253
3646
1064
4244
2507
772
1430
1771
3527
4493
4171
4842
3491
4020
856
1170
4400
1297
4735
72
2752
4066
922
422
3016
3938
829
2012
846
2474
2145
2269
1078
481
3309
803
3141
1594
1836
732
2575
341
1349
2670
2146
1207
1667
913
4177
281
622
1320
358
4642
3604
3236
136
2224
220
3793
2376
4190
3364
1267
1335
1383
3993
833
4745
1472
3859
3384
3419
1169
3157
607
3329
2112
2151
926
1589
1422
132
4652
3821
4015
898
608
467
688
4966
3653
1615
1302
3174
880
2563
3991
1958
4235
416
1408
4510
1855
3039
2848
3466
3094
3058
2126
2037
219
1244
2607
2700
3154
2990
667
2230
2114
1555
4193
3855
54
1557
2429
4417
208
5080
4833
4873
433
3477
1787
3034
2020
4987
1798
4649
859
1680
1682
1525
1095
330
4612
3670
3827
2852
418
1278
1644
1336
4224
2711
4156
804
295
4945
4317
2509
149
3283
3352
4011
240
1294
2153
2059
3227
1081
1172
4307
853
3867
2500
376
2712
873
4804
2503
375
4406
1037
4155
2013
1769
4769
251
2460
2708
4229
2811
2407
1287
3350
2659
1656
1760
2615
4199
248
3826
531
1961
2650
3558
1867
4753
3863
2967
3747
97
2198
4163
293
1718
3512
4939
2724
4526
4310
1318
4150
147
664
3762
720
2234
4269
1159
2645
2709
3262
2940
3018
121
2465
3926
44
3888
4580
1002
3017
2371
4590
2661
4781
4535
3791
2608
4204
4719
4784
1631
2744
289
3719
302
1235
888
4479
1484
5028
1689
2925
2836
1542
3857
2891
2648
1628
2739
1585
1532
1401
2634
4555
2141
4430
1447
1996
1130
214
153
2915
792
3296
3778
4347
4067
3148
4132
5078
2189
36
4891
3410
881
3906
3269
2301
1837
2681
3285
3733
1206
4265
494
33
2392
4610
680
448
3624
2588
3934
1102
1493
2182
1226
3030
4028
2422
816
2122
3078
652
3994
468
321
521
3495
2691
1543
3216
3026
1073
2919
1796
626
1321
337
4134
2418
1813
5058
887
4362
3267
3803
511
2568
3005
1693
3921
2194
31
4046
4594
4829
3167
250
1603
3086
588
4796
4107
4034
3411
2476
4280
2498
2348
682
4564
2339
1914
4088
617
2765
3694
2480
1634
3278
4402
3754
1870
55
3074
1781
4940
185
3178
4216
965
1515
4239
300
1757
2072
1187
2909
2004
1123
4882
2902
2877
1275
3537
524
4031
485
2206
2907
1091
3771
1303
154
4158
2471
3021
612
3124
4059
1117
629
1134
974
2034
3423
4539
2612
3596
670
4886
2023
3642
1731
567
811
3440
226
5043
983
4923
1194
3820
4202
1319
1739
3691
4672
4556
3129
431
1122
17
3725
3076
671
2643
3408
3565
1118
335
2629
228
2910
1511
1438
3160
3666
2723
1219
4523
615
2041
1191
1893
4143
4624
672
254
571
2225
2204
590
1017
776
1192
4677
