38263
23960
25762
22269
14770
20376
26969
32291
37785
20734
31026
33118
34973
32831
3199
14709
7494
11694
23113
14124
3261
27909
17620
32413
709
24924
1752
26972
27181
36115
16516
33072
18379
34295
12130
30682
33887
28572
984
12556
6933
10776
36803
31960
4112
11117
19082
23076
19627
17974
18168
17416
21773
16139
14704
206
27457
7990
24268
12512
4818
38428
32657
13943
24637
14995
32148
32414
7937
25560
31143
26847
4296
30103
18839
8424
24116
669
27486
4535
26858
30689
15529
23887
1452
34701
11968
24406
4802
24281
38512
11440
32155
7755
33488
18617
25086
18242
21873
27958
5093
1325
24890
7944
4840
15492
13907
38484
20546
31540
19513
27177
15779
29466
16019
35408
28967
35895
14071
32803
1881
3925
620
2311
8197
35627
1848
24233
23636
24432
10143
13961
11202
3999
25220
4948
18801
19816
13191
19750
4817
23935
26425
17648
19580
10727
34021
38642
16157
12699
31028
4826
8391
15208
12433
33722
35034
3979
30998
20797
19713
26779
7751
10053
24034
28292
12005
33334
5065
23529
2224
18613
13598
9059
24713
35052
13451
2874
13444
6937
22686
30887
12609
17019
26260
26521
12334
37853
761
37408
24805
30258
12834
34623
4884
13889
6885
36160
9344
9521
25775
7627
22475
20119
33988
15188
22756
8123
12367
2985
18045
26452
35182
33462
35165
35475
1054
34602
8437
7156
25906
6372
29122
21723
11364
37743
36194
14299
19226
4747
2496
29503
38529
37593
17400
23378
17426
10082
22441
14772
16562
15676
19269
10594
35032
3936
20240
30165
21511
16024
17219
26622
14938
26772
26746
23755
19881
22576
19501
37818
36924
25418
8841
3110
22907
1464
20606
381
15063
15494
1226
5825
36867
29733
29442
32849
37366
18643
14394
2320
4000
33733
31261
28745
33062
1891
37838
28770
20765
29381
25549
32788
4099
34493
6580
24509
38093
27471
36042
10742
31384
19669
2132
13860
17434
29159
4931
38716
3623
20225
5344
18287
6957
2427
21580
29239
21053
20443
17430
6162
2858
29984
10617
24690
20918
22159
21547
3741
1583
37571
10189
13996
24893
8836
17674
24129
20415
16743
20601
14680
22715
26751
23368
8688
22703
28209
7150
35592
29257
18079
34328
15924
38831
9886
7765
27081
15277
9835
10943
31863
3747
35879
25222
13777
37795
21064
3710
11925
35915
30849
19262
3562
2034
25889
24874
9146
3330
35655
2194
35828
35949
29823
9621
31663
34434
20746
8323
15736
508
35997
20248
4649
32587
775
8597
7190
3168
30073
4741
13143
4250
9503
4104
20836
4053
33884
10672
17881
21474
28988
19220
21183
14128
20198
23842
9892
31162
20150
3191
13258
4813
28034
20251
2989
16831
37247
8999
31759
30306
28023
25939
12182
21909
9305
2357
17885
6567
1457
7619
19982
5008
1253
13021
20749
8894
18004
12591
23525
7788
6940
838
2676
4251
20455
27469
18421
18878
35338
12113
23133
12070
11464
29540
665
763
34730
3643
18852
24136
33460
28702
19231
5594
12744
26964
17634
33517
21725
24204
32577
1225
37697
23383
1105
19797
25379
4607
25699
5433
13700
5426
3483
14952
19822
26998
30579
3818
19259
29477
271
37397
17610
21296
24971
14440
28002
20040
18686
11190
2292
27903
18590
6505
5263
25463
28258
16879
2400
15222
34461
15789
11253
24297
18944
32632
22044
37991
21155
5526
36888
2100
8726
20793
24662
35955
29843
10790
16951
33654
30654
13110
19005
17912
11930
26653
11171
28822
17100
37320
33579
22216
6976
15660
13231
28654
28801
34819
33413
32287
31225
28469
7280
9307
14135
9111
4634
33770
15072
38400
23043
34212
17226
12192
20862
36636
36623
26345
28756
22326
30158
3065
15706
17299
14660
36352
37305
17964
38647
27349
30276
36897
23938
30663
36241
19776
38545
23210
8655
15722
24548
34113
34514
22328
2840
15917
2371
28241
23704
31538
11453
32252
15340
21130
15300
23775
35922
36638
18425
6878
22956
11412
8009
225
29039
11256
27122
20583
37459
23331
15334
35066
34417
18795
18896
11030
33288
24252
17624
22435
25955
31000
11634
27288
11578
18085
11506
7531
6234
832
31944
2511
30709
4197
10908
20787
2881
19912
2241
27502
17073
34230
11153
21285
16971
4172
13609
31829
1884
8940
110
26827
24952
15820
16807
25288
9882
11934
7797
10928
1875
677
6518
13227
23451
6089
17248
17653
32081
15204
39113
38090
5939
17231
239
37028
11421
5561
6969
38981
37621
12459
38207
21539
33149
2909
26495
11384
37111
660
37023
9350
7462
16615
10258
28076
29347
16365
16238
33265
37428
218
32797
12235
12138
21449
13482
21887
21136
24956
35119
26953
4681
36562
35548
13602
7878
22440
1546
16443
20233
32361
16259
34204
21080
11051
676
19118
8947
1538
11841
29665
7891
27751
1169
36737
20646
18376
9306
13011
21722
36702
38727
29097
36979
9860
30915
10993
17969
2015
10228
38323
17160
30051
18332
13005
10606
21743
31314
14255
15921
2556
5699
16738
12650
60
4414
30248
15009
11246
33835
12845
20941
34387
35847
15601
38474
26462
20556
34791
25441
7304
20451
17378
9314
15098
36342
865
35164
28930
9207
3644
2260
17940
36361
9588
15542
28164
35903
21146
7350
35718
32068
4536
17498
9611
8994
19414
9216
23611
34089
37896
5635
37964
25868
22825
28438
18772
15628
37217
16315
13317
28578
289
16347
39100
20308
2901
6613
16346
22685
9709
10477
6720
27452
35616
19019
13202
28613
29595
32234
34495
37597
10904
34073
12134
38672
27975
20148
8708
6886
7200
2092
29143
13584
32177
5679
4617
27590
29550
7598
38954
10350
22955
37270
26519
31711
26272
36711
24654
9070
22393
24105
9128
13308
15518
26468
19798
5419
27078
16230
11775
18206
35379
3835
34774
10843
14591
17145
6999
25134
24941
18059
12657
12620
28545
16215
5700
1617
37418
26483
38378
13538
39076
19564
29100
5598
25042
31207
22675
17667
29735
2318
12391
34220
12973
22142
19998
14370
38320
39035
35807
27960
37595
14797
20056
3924
12568
10038
16501
34277
18238
30026
22769
1130
14344
12793
16093
21967
35810
16276
4670
5248
19896
11532
2526
12964
22845
12154
37808
14
27121
25744
26316
37345
37790
33257
14350
23302
5921
11846
33756
27841
38745
30079
2747
24512
5309
21256
3932
1358
37262
12156
16702
5252
2769
15410
8576
19695
8756
5341
10817
30834
32955
12942
9186
19456
34955
34789
29621
32709
15507
594
16297
25370
19395
14054
26927
1366
35990
35508
23233
27176
38149
5499
23808
3357
35471
21922
11363
7694
3373
24181
8543
19004
19244
5643
13641
23879
4979
30865
26378
11997
14755
26948
21783
28775
7471
1476
34500
39047
15401
16378
2829
29964
24025
19892
2061
27522
29827
24513
25117
22267
