18824
14705
28282
5051
13534
23992
5247
26257
2505
15529
29554
12006
38815
19322
10153
31041
2060
18333
1403
22215
33687
34424
14669
24668
24579
23509
12743
31562
23776
30446
16221
37049
37708
1743
6586
34788
24401
22075
8424
29604
33230
2483
37357
8462
36787
13879
5362
20025
4895
7593
12420
22250
564
24757
30026
26825
32157
29931
9934
38333
34716
6524
23414
26172
17493
5221
4913
2776
20825
32641
37777
38898
14589
25139
26799
20412
34765
4837
30205
30563
36483
1644
11057
3563
5149
32718
48
8645
1694
29968
15462
18596
5665
1180
38994
34929
26022
4421
12055
17913
3504
5544
32896
38664
35222
38805
23296
15150
18697
18426
19238
18968
38282
23402
32775
16749
7921
29638
36968
7056
13104
16127
18757
25937
6296
37047
22322
27063
24393
9073
38719
16536
4152
3105
10434
36615
4499
3607
21792
29182
8544
23941
14139
35186
25391
27239
2302
14884
23425
5929
32344
15244
37698
22036
31595
33546
54
34407
32419
15858
39098
16051
1334
27547
10085
23615
7789
33256
28519
20741
19586
24140
38537
26091
25262
12355
35409
27896
24746
23332
32591
31310
9969
3824
35078
6283
10252
14473
6645
17885
28359
27471
10250
13253
30340
4449
34916
36534
33498
21191
31671
25777
21870
30676
11402
231
35588
26798
30057
2677
15
10354
15216
4599
38107
2264
38892
11810
28965
28769
14300
29022
26706
4717
28999
26164
14176
14372
34240
15321
17397
35844
29938
11670
10278
30874
28911
34815
20872
10349
1959
13653
27275
32416
22013
29085
24663
5973
1000
6984
16381
6810
429
19891
2636
30705
16331
32693
16639
24981
30317
25151
13173
34653
15101
33762
34042
18224
21670
4222
38451
12963
16439
20473
36503
3099
10874
8878
30619
21438
8432
3594
4770
37190
9226
36616
19091
27714
35537
26224
27971
31359
19664
30917
18405
15619
20503
8744
27214
29161
1751
33734
9262
37683
1295
10933
27252
22139
15812
29552
3473
11221
19965
2847
7842
36144
6750
18880
38754
13028
36889
1984
2840
11794
32667
10937
9411
157
22198
37353
14665
34699
28017
20208
33488
19198
24289
37570
12975
3288
16523
5288
21574
37063
31231
26289
8510
9308
15277
36670
8018
11113
19786
15650
12395
15340
18558
16664
20529
19681
29686
14350
29336
29344
35463
15623
11957
9668
31699
35715
11163
34277
659
30994
9951
14170
32976
15896
16090
36178
29514
7951
31621
18049
33231
34447
13453
37925
17487
16863
21393
22762
12558
7468
80
4828
17925
31690
36655
20132
23529
22385
32649
12551
7539
29247
11761
19050
26997
25541
30496
19694
35654
21804
9572
17066
3587
37466
14577
26589
7105
24959
32217
38630
16078
21184
13053
36518
35885
14494
11645
9151
38109
22541
7771
20765
2877
39085
29853
16677
21391
908
20386
34333
12445
37862
28595
13688
18532
2619
36808
23498
34326
34346
23901
23405
14361
13684
18350
14169
17598
6168
10271
34740
19906
9760
27263
2662
2298
32454
8038
34292
14072
28439
2623
26782
996
35839
36250
35500
410
31164
24197
18603
27393
5687
4419
38275
17242
11932
12595
7942
23840
18645
19637
31701
30689
21841
21450
3351
15500
4006
10647
9681
26893
16968
16246
25896
1612
24630
5187
18554
10506
10836
32642
37325
38302
34065
36037
8728
30524
3601
28151
35343
36672
18705
32769
33011
29457
23236
2650
29359
11881
8477
33934
9186
30175
19161
23416
33443
25155
7998
16495
17257
11491
30575
15424
2527
1058
22711
20526
15841
31169
12037
32786
2838
18820
3077
13012
15171
28814
35505
17550
29535
23143
1191
1607
35177
3864
36372
28213
19623
32430
19987
3081
27853
6135
10842
19709
88
1276
8456
13801
7957
31768
15503
24207
37477
30938
30346
35339
23993
9540
17429
14316
6905
2891
26769
443
4363
23203
893
30645
22193
35298
22557
22273
38526
6675
2540
9074
17811
20546
17575
33581
16306
15675
30465
16353
26082
8998
27814
33797
32949
30130
22138
7047
3889
23526
37605
17342
8688
11146
36837
1516
4042
20397
5307
23881
27035
19693
24455
31566
23467
26406
33913
24863
34926
39072
37818
6681
14654
28562
5755
7695
30625
26854
4345
38431
34547
37404
25215
32868
38807
8261
12213
14151
31184
38225
7610
260
26426
5312
32635
30544
2688
20040
10963
16954
313
30286
29395
25410
24011
9608
1130
4563
36377
20453
15537
33591
24865
1110
9026
17267
14506
5653
7428
7579
32114
18466
6982
7960
27322
8368
20207
33575
16635
5915
33626
13831
33252
31664
27341
17583
36963
17835
33439
6506
23261
14726
34115
18027
5425
5575
30389
8340
15697
6174
2736
3079
21621
21308
20494
8458
37968
12334
22131
32306
9398
37469
36542
31259
18615
29655
31659
30618
17910
19328
25347
30731
13327
31563
11978
24049
4047
1692
27629
25357
11952
11734
24956
6906
28893
10461
37912
34497
37642
21270
20943
27539
36671
38833
6703
21452
10079
4622
29517
32917
12016
15606
6167
5533
15247
38946
17919
4728
17321
4101
7248
200
1525
22108
16947
28468
19880
5366
822
37310
13006
22167
14302
15572
16589
1241
1904
26117
15078
19290
26805
23431
25310
13812
34254
4869
7288
14087
11539
30751
35465
29471
30254
32305
8846
16711
35830
38880
8382
7818
38878
4555
20592
29118
175
6904
12949
34334
3629
4461
19455
16610
11409
12464
22479
1215
5342
15080
22380
13740
8602
23231
7039
32924
15894
18179
34445
7627
10021
12399
4257
10632
33020
4055
3567
14940
13175
33716
37935
22371
11262
27137
18924
4198
31919
38649
18946
16235
4764
36959
20351
20476
34787
26530
31018
33869
10334
20127
527
3849
23152
11874
5545
22659
7183
25253
38614
20045
8048
6927
22829
550
4756
1854
35555
16870
23781
17829
17958
22582
31720
25503
27405
10677
37565
34903
8024
29381
34503
17993
24948
19032
10075
6210
37439
22598
14241
462
12680
10501
28933
18770
21084
2968
37052
10141
3885
699
25888
13819
34141
18798
7362
38855
32103
34623
29970
16912
11435
38962
28225
9942
39003
21405
18421
1913
24221
2038
5552
32357
9154
19204
34150
17452
23833
4364
7453
4065
430
7790
21206
35195
19232
8379
27002
11350
28427
2998
36367
13726
32566
120
12045
26529
35845
9253
5475
34682
2401
7059
9868
13512
4820
8896
22645
34573
30223
38351
17824
27068
7567
35310
6154
31814
6510
18356
14437
5396
34300
33917
37151
29713
2501
2233
34281
11368
21471
28480
38324
25241
23074
6856
2349
6069
26634
10101
37562
7975
24911
17062
12580
11186
24578
13636
23511
12358
30
25861
7969
6002
13652
20960
38605
34525
21681
10877
5427
17009
16656
12451
7522
9327
23976
15703
13750
24090
18588
24348
22750
26420
10714
30581
28042
11985
21868
34865
21915
13056
23555
19144
16957
25957
31799
37069
408
25578
27894
188
33912
21414
11710
38315
6494
12612
18136
7564
38243
9239
1922
18504
28457
7875
3867
10604
17465
8528
25936
13119
28055
8839
37547
33489
2341
4760
22811
31828
17379
7813
26832
1431
16000
23673
4818
13648
22056
28337
32389
33153
33538
22777
7306
19393
2825
3453
21987
1853
20512
21595
23799
30789
25112
30749
28704
8040
19584
31907
2482
31561
19046
3348
12223
9838
3236
1148
36049
9349
1197
25265
7907
36054
2458
1972
14281
31467
22791
26490
4759
29216
2127
36349
15302
29625
9676
33882
3210
16196
33088
18228
9303
20724
38290
14054
15920
36516
5212
21349
5356
30493
14036
14796
34798
10549
3977
25184
28143
6424
17327
3150
31784
5034
6216
33510
7120
16052
5444
36894
35974
13840
35750
24343
31705
16715
15804
32239
12043
37955
18349
29619
11966
24040
17251
22245
12985
15589
32722
33884
30248
21295
33503
4811
20947
2344
13864
25939
37640
21423
16999
28799
562
9134
36996
26990
4463
30409
39019
6517
14379
6837
33167
15189
27019
33987
29755
20099
24908
37168
11364
26659
10992
6110
16949
6694
4474
19725
21300
22519
22031
15014
2589
30709
7863
24334
29060
12776
16406
6355
19526
19602
29214
37592
2203
4177
24066
23020
10355
14905
5942
31150
18953
16761
26121
36427
21604
3811
12245
8380
1360
32128
9216
21032
15974
294
7943
8736
8012
14405
34811
4217
7778
29110
29400
12857
21898
22499
21892
24656
7876
3202
27938
8572
5499
28281
30384
21583
14790
7894
34904
34411
10931
22881
2909
30388
25890
16140
31266
7073
28478
25092
1766
435
7108
3255
2104
14521
18642
15463
37245
7219
26249
17741
21749
6149
24650
11585
35003
407
38589
26929
546
34109
38382
24259
37387
22357
4220
39081
23985
33412
1772
4087
18025
5604
14873
30902
11449
27224
32627
17161
31840
36380
20438
22697
32192
22410
10172
36166
15683
36621
10940
819
21145
18039
22946
23775
2546
35653
27023
18512
29211
38586
18376
24263
16841
28397
6917
10691
18885
24989
16896
38560
21587
29648
23144
23647
1744
31830
14411
31965
34476
17593
30481
26620
4108
10134
10556
22525
13960
24841
3696
11112
17274
21661
9928
20253
10282
5227
21942
12377
11772
31681
6965
6315
37888
4427
19425
28548
7085
24826
19468
225
3232
23719
7340
642
1822
18269
27153
36976
21549
2028
27912
33149
13238
28852
24057
33001
4774
38974
13884
18361
38354
7313
1162
3493
23971
31940
13605
36143
4507
6006
34950
38499
1981
25042
23874
15068
29353
9784
25082
7721
256
12088
21995
7382
24595
7676
16645
28964
17822
20501
37086
31000
33578
4075
24477
13172
2309
33067
34279
38837
4702
10212
5789
22660
1860
27994
6101
32141
5295
32097
15348
25236
26486
4544
1729
27333
35105
12322
32348
29721
17115
9783
28310
34511
34041
34706
25758
24351
16459
4123
36229
7020
9445
17778
22248
31448
10380
9610
26129
33014
30413
26118
955
38088
26452
554
13927
32571
6419
6353
14977
29879
10233
30716
12830
2444
7749
16951
9280
24429
29556
35252
31014
9595
36785
6230
26909
35872
22614
15978
21517
31235
26597
32725
37037
6839
39060
18916
15122
8472
35668
8123
22986
3858
20968
25779
24655
33779
32714
25363
32913
4875
35566
31869
4377
6865
9270
27724
1154
31126
19872
14258
18283
22026
4522
9658
24181
17202
8743
23912
19691
18688
37492
20647
28803
2468
31311
29679
10207
8545
29927
28997
37013
18414
25245
7574
9122
20560
19156
29688
21624
9257
9421
7967
31195
18331
31868
36834
29016
4182
19668
19676
25351
10280
4958
5592
35485
13876
17218
30008
30009
13281
30263
28430
8100
5733
23733
22246
4201
7127
20846
14410
35928
14606
4172
7570
27649
14656
7978
10907
25965
5229
5690
30531
34900
33873
10750
2045
17511
5748
3142
37053
2904
26017
9781
31492
17457
22667
27064
2352
30560
21826
13748
24174
24151
6797
2007
16300
30571
35635
4079
13093
10651
17330
11493
20490
24837
16484
12246
28415
18526
8801
33656
11377
38528
6741
178
16881
6853
33748
34259
28967
11165
20
20776
36686
7913
30702
20726
20391
31327
761
2456
2162
7214
34917
18156
30204
9177
511
7977
22874
38403
3143
5930
32260
31640
20407
36577
10225
35249
1901
8804
30201
35018
2099
22112
32797
34295
37749
11649
29804
31433
10156
2641
26115
13955
34151
15372
11627
6036
191
27094
28864
21881
25586
34920
12273
36775
14107
732
22117
11853
32243
27454
27771
26906
555
36488
8065
20053
25600
24251
17623
35765
38515
4977
36827
28438
25532
36753
5546
14450
6061
34083
6461
2274
36972
38276
32109
37039
11818
20802
24605
29477
14986
13267
36990
2001
37808
2011
25838
4188
5508
28
33119
3669
19353
26669
29813
6777
34287
2751
6132
28015
14041
19859
12130
8384
22073
28729
444
21812
30151
3270
20500
26242
30722
12220
5206
28266
28073
10822
12870
5134
891
860
5085
1001
13618
19163
24058
38930
12775
33046
31120
32766
447
9772
15658
22459
16260
20176
22738
4886
23329
33961
26826
15316
37272
31547
30882
2147
7407
32463
24053
17085
8029
2801
10415
8795
38879
33644
6214
19617
7987
15956
16418
5570
13719
24628
23081
10099
13642
29069
26362
27138
17223
6386
34854
29651
1338
27304
36494
32781
32602
20199
7081
30265
12166
19884
32617
19133
21696
15471
28334
2183
30418
6048
28123
8386
24173
3685
30621
13297
14198
10441
16298
20311
36244
17683
24634
26390
5028
3831
24399
7706
13446
23036
34674
30865
5921
17731
6334
24643
28082
23123
18238
20017
16470
3547
24992
23232
22781
4861
16809
14499
36485
24567
22054
35256
11250
34224
3318
3440
32007
927
1564
27780
18099
28034
30642
35699
22913
2816
9791
19530
11354
1488
17745
30775
27312
6231
35257
28619
10368
36912
34226
640
18273
12155
8936
22101
25315
31551
33722
35032
28481
21745
23730
11541
29878
38458
20401
16620
3678
19673
4431
18096
35187
14801
28570
15885
23940
34317
27424
21325
20408
19714
12667
19929
18634
8300
33249
7246
13834
692
25177
11593
18019
24450
18706
13247
3372
36947
7232
13552
34801
9774
24467
27718
15019
34075
8541
35414
6851
3302
37556
8404
11777
12494
2484
15144
13225
3259
16978
25710
23519
25452
5522
30320
19881
15381
26550
12049
28742
4289
19896
4430
17974
10671
37100
12477
25106
22890
20013
20850
7991
31099
20717
11609
19366
8390
10891
20980
32038
26520
23392
7215
21791
9069
23540
1817
23154
23518
38119
19894
34459
38860
29248
30094
37655
2361
13732
