16411
34887
32445
4947
6314
1042
2784
808
33894
35131
4727
33880
23053
1902
28667
11873
23162
19461
21601
30356
33819
20319
15003
31237
3474
25260
27970
33758
25028
12985
2851
23061
17122
21121
5829
16755
33646
7253
11732
8827
31667
37323
24819
10084
25365
21683
20583
12304
24742
35717
10709
36960
32079
19751
35618
17278
30284
21273
6529
24556
22798
10632
3817
12545
30772
357
32283
19622
4609
31268
36384
24685
7045
4764
13982
29723
28777
2303
35275
10855
28795
15701
2035
26339
377
876
27744
34217
31219
22037
4530
22988
6286
10523
23827
38478
9701
10364
31168
2404
23082
28653
35235
13180
9515
29397
27376
14751
38064
15553
16621
22561
8898
3788
13738
28740
4485
3337
13176
15035
8809
30257
5875
25440
18658
29870
21156
8793
33881
10027
34414
7013
34642
8121
27755
9022
26917
36164
2120
13474
26458
24536
4866
2177
5411
5633
17206
21686
2789
16870
30156
22015
36891
16765
8775
21157
15825
20880
15026
36956
2635
35991
33687
28288
29004
15623
16117
23970
13795
31261
10751
18341
30820
20433
1874
29428
24085
7304
7639
35919
21571
34340
38122
19921
9326
18514
16282
29917
25029
24169
24328
22665
34565
35087
36926
37635
7663
25910
2316
19069
28113
25175
6386
9218
4525
30493
5794
11708
13839
23862
16666
33066
5614
17611
22980
38524
21106
24850
28804
1179
23526
34090
10593
15517
11880
12864
14391
10564
6180
32403
19565
21224
4194
8593
16113
11999
26980
30823
14384
18336
15686
32940
6273
13885
14612
21232
10968
13820
27372
13424
8566
28176
36921
12978
35522
34228
18016
32810
4487
12908
20866
9946
38802
8868
17420
37694
29574
38702
4188
36704
7055
19607
4719
7172
16777
16908
27462
37001
13443
2810
31535
16928
5412
27083
4321
37472
27854
18883
25825
15607
2128
13663
25105
5936
38457
25636
25591
31676
6187
5285
18713
37438
26726
23759
16374
35778
7684
21514
5379
36350
35170
13174
35724
8071
29740
2653
36310
22088
1082
25245
24176
5427
5675
2330
37035
10022
10686
18359
13465
37857
32721
38856
6045
26097
6869
9881
25685
4556
35658
6810
28679
1753
36639
35603
33628
12373
19680
20553
22059
8335
14434
23164
29820
16400
20931
31688
16998
19124
7407
13225
9030
11349
35186
8403
35687
3035
11792
168
19726
30000
25094
23302
32139
29285
3832
9199
18147
23404
35763
11698
10688
31926
17068
28781
10894
38860
30634
18741
30310
14701
12036
37328
3269
688
37073
3579
25981
35360
36755
29557
35655
38866
7761
34102
37688
5295
3150
785
17894
5173
20748
27548
25068
6744
30759
20432
23860
25632
38347
20470
27563
17642
25512
10240
30958
26231
21050
495
5267
2795
17488
29471
26013
29075
19928
29112
38601
11234
501
37013
22971
19242
30466
15523
11940
24250
6625
24618
23479
26387
34324
26221
17156
37266
779
32407
6834
19519
18941
25797
17198
1862
15061
19478
31225
18790
3872
11036
25162
4836
15752
24092
4235
33018
36678
6913
5802
22109
20306
25359
18247
5357
18865
3416
23383
26438
29406
20643
4112
10231
16428
19710
22417
26350
5659
23198
8458
31834
7727
29485
23444
7664
20311
26886
23723
15659
6042
25109
28497
20679
31614
20829
34284
19950
7737
11974
7803
20707
36721
984
7238
22891
16837
25379
25490
19441
3843
7849
7327
14229
36380
25890
36649
17506
27324
24568
1281
13630
49
19620
18690
18120
31866
25456
1397
34166
863
34646
15497
27676
19021
30070
9417
366
33536
15922
13956
12910
21045
9825
2011
2265
6676
31022
33
3517
9370
29708
31977
17852
6596
28116
31663
5640
220
2847
10650
23889
8476
19522
36796
13192
20489
17345
15103
21597
32290
8479
32293
6457
2291
28187
1132
36962
15937
27252
6200
2423
894
22728
1486
35703
28971
2664
25524
28437
8383
17366
28847
29371
15233
17786
33257
431
37373
30223
3276
32900
18729
31567
23834
25515
3842
3207
3593
2979
10541
16248
9351
8300
25502
14853
193
28298
13824
6683
5855
14371
35255
24338
8111
6838
30374
34590
15
12612
28570
6039
30648
13696
25928
6551
10304
38246
23165
17428
12764
8373
37776
31407
14439
4597
21667
6259
24892
14162
21653
11501
37829
19823
36559
9891
9406
38264
34427
6581
8855
19235
7827
29891
37728
14645
20518
24547
35913
2546
7526
34811
23648
21724
28850
9619
37784
4401
1814
30526
23026
18959
28081
37386
36979
22814
17413
38506
2139
26235
31125
17904
36183
22541
31600
859
25227
7812
23303
18997
30574
35331
24450
9917
36292
7905
31195
28859
30695
34084
22506
27356
3807
1261
598
33974
22177
3747
19324
18195
20197
8390
9439
22457
15950
14656
37985
12346
25336
31853
36469
15343
4168
13181
11356
36552
3879
24324
24955
23282
29943
19898
9371
8470
14631
18373
9604
30810
12800
19250
22309
36912
32237
17192
28120
34979
25183
11055
18945
17815
17693
32595
31768
29312
26912
16483
3575
22169
24863
17960
30812
27330
15359
18561
31271
25804
12032
32823
22342
37757
13099
2289
25369
38613
16895
769
9996
38038
33695
5537
35835
38758
35338
13234
23792
35283
1604
19005
26393
25075
17830
37664
11393
31895
11312
9268
23492
8589
26390
9522
31239
7296
21515
27098
10090
3038
12335
34121
30578
36824
1245
13061
17109
25719
32969
10648
27551
5459
27459
5506
24089
24530
1370
18555
17295
3710
29970
12420
16652
29760
39111
22819
22071
11621
18654
26119
36093
13809
7396
7000
15516
15164
30417
38966
34093
35549
25628
18431
27099
37578
17224
20915
37299
4734
4484
12971
15462
22074
4163
895
6227
29128
6657
14372
30907
25588
35303
23565
32748
31538
16889
26964
18957
16585
38563
29785
23966
23010
14400
8311
7984
26283
18513
17326
32492
13829
18872
10392
38039
19915
37187
30199
1842
35024
28472
2281
3413
7556
1706
16468
36290
24575
31006
31221
23690
9252
24810
36447
13584
6034
20719
37354
37636
24499
34125
12307
14155
5913
11026
26851
25214
34108
16099
13700
18535
5800
1736
12410
15864
26639
30398
7059
30753
21965
26320
36329
18127
1119
13381
19589
3083
34275
20791
26486
23144
6702
20606
33837
4248
35976
21699
38016
12408
16554
13933
13451
29256
15691
22972
17950
28080
11810
34116
7312
9391
4560
34485
374
5115
26579
30459
5703
37379
11286
4036
37856
29289
9046
32392
16874
21725
22902
19793
14334
10311
20001
14394
21847
2659
14251
26965
32002
14302
20318
15267
38780
9887
5213
30157
20647
14741
25610
27226
31389
353
19612
13878
4304
16181
26511
33320
32678
36584
6604
2484
7678
23634
31800
7439
28815
18244
19007
10789
6550
5441
1194
17993
28565
26584
7199
9384
32089
1050
16184
33453
31449
26880
26664
30030
30468
23938
5010
15057
33387
19739
9411
32845
30129
33845
9970
35164
19367
21839
32448
2046
23088
37211
36644
20362
14349
5156
4229
34924
26451
16391
21026
10178
33808
33090
35895
26764
32637
21766
31319
17181
9967
27473
28139
19237
14637
3553
3651
34810
24830
17018
3811
29739
29191
38203
32992
24525
5978
25682
33112
6066
10985
11896
724
13872
36396
12456
573
1169
34815
31189
25965
38589
23628
9314
36153
31089
8605
5047
15278
9549
20157
4645
29658
30168
31058
9767
14808
32960
26621
31012
4433
11770
35146
5406
19103
24671
21843
14176
10079
3404
30470
9785
8171
11477
35446
12889
1190
28018
30377
7491
9448
38499
38907
8654
3315
19648
6912
32852
30450
4152
3707
2632
17533
37825
26713
26564
8657
38258
17052
35947
21813
9040
38498
5022
16584
9233
18421
5825
19064
33057
27489
1757
30482
35746
15231
3395
29299
9671
23525
1883
30518
21814
33031
28508
31310
20048
25004
4328
23765
37971
33427
11226
14768
37642
2721
1307
12447
790
27016
35583
27847
25156
37952
10649
20139
19592
5118
2264
13224
8109
35504
3363
27284
37241
8208
29141
33248
5615
2357
31865
30740
23474
3620
31469
28140
22760
24652
23763
12113
37244
29518
16827
21040
9340
279
25130
14627
13018
30656
4540
12453
1899
9717
8292
1196
18727
19798
19752
14231
6167
15663
37224
6873
23070
26484
7460
12595
1800
21980
16864
23270
17246
3046
11969
9061
30745
27633
10200
36238
11494
39069
21878
21360
24196
18949
10365
23806
29731
35210
10583
15272
15392
1408
30368
29156
24577
20884
22159
14328
4858
1311
31331
13406
21292
519
23537
29771
1412
517
3033
2098
3741
21260
11645
24262
20740
38299
13023
23153
20274
34152
32601
36666
6479
15820
7714
21263
14425
38424
33241
36104
12931
24167
24498
26627
8831
26569
12336
37132
34462
23197
18831
21577
30210
5169
38676
30109
35601
290
5784
6697
34905
25857
4565
21805
20087
26403
10263
8972
6791
21770
17204
34059
13974
9274
36717
21181
28724
21105
12136
29763
13858
30913
21500
12393
3198
31011
9018
30808
30350
27914
5201
3812
27004
37102
5230
32795
16730
32573
300
18209
1352
29606
27817
454
6601
7726
1791
31618
901
25837
21757
7140
36977
14243
1270
2181
5575
32149
37795
21687
6832
26626
31353
1763
5251
3784
4370
18347
12240
17931
34175
3058
11319
22696
20937
19022
19351
11817
384
25119
9354
34782
6023
32099
5777
16829
32924
37761
20015
10663
31462
4775
20105
15042
29278
14385
23790
1623
1332
2773
29224
18557
31235
12819
11624
25001
2078
2063
37963
10857
4143
9848
38853
5916
14298
23688
16915
31608
38969
13382
11663
15508
34751
36959
20822
35934
29182
18279
4790
6691
13595
33604
35109
19402
29502
299
24864
22401
7087
24078
29217
12041
35163
6349
30484
33072
10763
11466
11853
19319
12434
37912
5392
2136
8320
27006
25913
30490
4984
408
2251
19637
21623
15387
31932
24362
16866
36835
28849
2201
25278
18235
13154
15422
35665
26490
18316
22729
26289
20383
25787
35434
37467
5479
10900
6653
29235
29194
2479
33123
2222
21503
38843
23049
10092
21259
30912
24257
37186
23388
29814
5348
27664
34144
6075
110
37391
10002
37326
39050
31809
20614
29252
35327
32706
6817
26175
18251
370
1935
5508
7456
8574
23554
14446
21082
18035
38788
27190
34272
13598
33509
6250
28559
29508
37983
18376
28359
24500
2943
26095
2494
31298
3236
33698
3191
11359
10811
21842
24871
27569
26469
13798
8695
28258
7339
33311
991
8534
17327
35523
10668
629
24973
7286
19061
7158
6472
38888
20241
30445
33892
19816
34860
18366
29183
2419
33233
30190
21138
4107
19203
7973
32764
28656
13022
21618
34085
35237
12670
26547
8398
33884
7334
23135
14870
5783
10260
25894
2995
16197
12953
30767
26983
4247
33999
16990
26766
7043
32368
35392
30614
31098
15172
18306
20345
34370
1833
13129
38932
12350
3336
6193
23874
33927
28772
32374
33613
22986
31859
16371
33777
1934
13470
1430
31708
8632
24384
26833
13284
8475
29211
37974
33950
15220
13976
7643
16625
36167
33525
19348
8807
6022
38923
38905
31584
26560
5207
7890
2232
1291
6598
18773
23555
26624
8038
21069
3107
35173
36091
578
16451
18541
33372
9827
38746
20573
12546
2180
33307
9369
29657
30877
34529
9471
15416
9741
21172
22689
35720
26619
35689
35904
22655
36751
20578
36782
11275
23698
9129
26546
12237
23472
7956
35001
25125
28982
10981
38400
37345
30858
13090
9609
9097
37847
26956
4983
4744
3561
38950
31810
7586
21990
30797
16673
9890
34463
30137
31207
30112
21173
38675
36773
302
24771
2612
24509
21340
29793
20777
13778
19543
15043
29208
17546
33722
12874
10062
27721
10694
16041
15058
21629
1579
25223
18975
130
13133
26734
38519
31427
24202
14967
29329
3768
38479
10826
23866
25405
18520
31906
37056
32910
13596
421
34695
3209
3084
11016
28957
20297
37444
18823
35998
15215
18278
2578
33464
36025
33490
9221
18313
32507
16914
9231
36984
8737
19125
32261
9021
33833
25026
13706
9083
12574
10992
6854
17264
20482
23654
25236
10952
1939
29989
26239
3994
17444
20494
33716
34671
4421
29147
36134
27723
38324
34356
953
31272
34675
12229
25311
1525
19703
27217
32643
32670
5578
7299
6903
13246
18782
33590
25521
15398
2390
6283
16123
7755
23848
29552
8468
28421
24862
1881
22437
11272
37277
480
23737
17163
29663
22959
15930
5689
20954
21378
38128
9843
29668
23968
10498
38535
2178
3013
34375
23663
24397
2079
11268
985
6709
3611
26192
3985
11661
1700
18162
503
20696
219
36834
17623
12382
34575
20608
21535
30418
19339
22583
10542
37813
25448
16409
33407
10796
25460
23390
1846
3918
12025
33960
23227
30010
34182
1896
37222
32908
4878
37514
38189
14254
31757
16198
31280
4249
16793
21434
1098
3043
10970
38593
19343
19651
30965
21113
24998
6721
3576
34392
9702
21616
15530
32957
28443
24503
25293
6409
31860
2135
22749
15978
33071
28401
21948
36141
11456
26694
11514
7127
29451
114
22440
21638
20773
27831
32427
12160
33303
1276
5279
26661
15193
12059
21418
13339
705
28880
32826
11706
7463
7936
8087
32259
21848
13310
35270
17670
22443
17930
29566
28954
30062
16671
5925
32387
969
33529
8780
4554
27759
27143
6765
22533
20428
649
26789
1374
22247
2310
3875
22896
13189
28988
17131
28516
6176
36170
20431
15038
25646
3500
29067
38699
20323
37351
26979
22543
22784
6992
25452
11535
15295
34360
38221
18036
29605
9808
1390
18240
23945
34615
