11360
23657
9776
20168
13696
31519
9633
15933
3442
3544
2950
12949
10271
9346
18734
32489
21755
22561
7901
25385
32367
19990
2995
29230
20419
21661
23792
31535
20539
30668
4501
6048
33014
17143
32866
34464
4317
35651
30206
16751
37525
20993
7153
19351
1945
27887
30372
12610
10170
14689
32544
16376
17280
37945
19794
5258
13866
26547
31843
21128
16374
1156
38165
20628
32108
26102
16297
7482
34514
19904
25221
34849
20506
1040
20100
10864
14780
12870
19564
1038
19769
17742
24436
34576
39013
26665
10296
20554
27649
24958
10412
10743
20553
34013
17118
5094
33314
9055
29122
20307
13914
9909
10177
7071
38733
38029
31763
31171
13222
2266
26012
1056
2708
405
30302
33047
27386
17025
30342
17417
2991
22219
21249
32634
19297
38096
2083
37618
12528
9718
2921
29839
9628
33629
12358
13405
13284
4664
824
7589
35592
9486
11092
31895
24035
7818
17888
20991
13065
19060
30866
30357
26611
1470
26013
5891
4202
1862
5317
10174
4508
37640
37410
5924
14472
19384
30680
3254
34972
25755
22588
9804
1480
1171
20901
27605
36602
25562
29371
26395
20263
29766
23210
36655
36259
33249
8231
26309
30888
13821
6319
1844
5192
34545
28649
35138
12954
15360
33235
25682
7237
15962
10647
3926
32179
31982
25515
33547
19997
1051
242
14975
13248
28067
33500
21383
1550
37712
6357
35984
27407
17941
6732
22281
22052
16999
2127
38045
15124
3788
10631
34394
15315
36911
33759
15832
17659
20975
18151
5174
21978
18135
37319
5763
18421
1331
12699
2638
28478
35566
23679
26352
36878
28919
17547
15718
7185
1364
32099
26786
36212
8864
20323
1057
22358
4233
29490
20963
1007
35445
35543
17055
8999
23430
38927
25145
14039
10484
37938
20461
33347
30989
29396
24106
21049
1523
6614
37874
35173
24580
19948
22153
18611
11171
14243
2772
20830
12576
15677
9379
38488
2167
25482
28044
7127
27580
31491
22531
19146
15032
6827
10548
24114
31316
29663
30125
20387
23389
4613
11288
38072
17575
12512
22919
31950
5898
37178
29326
17821
28796
12543
9564
10448
8227
11734
5175
28074
34470
14495
35191
16662
32678
35174
16285
28974
29030
14584
24979
36134
2311
7690
627
5421
15829
18580
35657
18248
6554
29984
18756
36104
18709
35086
12065
29441
22083
29199
24618
1
38796
3942
14695
18876
38886
27510
20445
205
24024
2356
20270
18999
15986
1780
33404
14621
9607
33371
34478
32446
10316
14447
28612
36773
36100
16357
7056
37502
20514
14631
32730
25079
18897
28582
15478
1581
25000
8196
33175
25204
15471
28165
4743
34329
10714
1187
19301
36609
7223
34820
10293
6603
14346
11255
20805
1509
25446
12119
6183
3037
156
27961
10652
7350
1424
32855
20355
31376
33468
16508
36553
15220
3917
26163
37404
2089
3756
6242
25585
31894
36310
32511
23130
35358
19881
12778
5070
15152
12922
16456
8795
17542
31833
29302
14257
36520
6367
36141
29375
24789
12061
13578
22127
28883
20795
36616
2458
13898
28908
5037
32924
20664
23575
35924
26189
21666
19159
12848
32781
10345
27655
36046
31642
16092
118
20075
38316
12520
33457
8703
38062
8792
26623
4047
19803
37120
14766
8263
5595
22670
35885
34343
13859
10576
4889
11098
4046
16448
12947
13025
36945
3770
245
34068
17157
8904
18842
10924
4130
31147
27162
22643
37528
6536
35694
22047
26561
32657
30418
3545
27907
30015
31358
22055
17021
7421
14998
37941
26181
15566
17390
8547
37518
35781
12226
14967
19461
19692
24401
30332
23373
31128
3171
4002
24044
35775
7178
22904
30695
5574
24730
37927
21862
10455
3108
7925
22953
31704
33417
14592
11454
4482
18191
16309
36447
15983
23230
4254
11543
7508
24937
28918
9610
1204
34983
9586
846
27383
29274
18578
15141
19700
35209
7455
15501
556
34651
38146
16916
19877
26546
34962
36836
37089
5017
34049
9898
2830
13091
9658
16078
25354
4615
4374
19599
29276
19242
23666
13172
14554
21155
23288
20435
5852
10425
15888
12032
566
35350
24056
18081
16551
36191
34923
5713
4238
9376
17581
17151
25676
21117
37009
33991
6130
4035
29036
36302
30644
24444
37267
1980
37732
15637
30982
25865
20676
20651
8077
9491
20842
9454
24167
22342
21736
31617
34408
21422
33127
9475
23124
26443
27984
8036
7765
33819
26496
9622
1528
5204
11385
31338
17221
5076
21091
12690
37885
14736
13118
26795
16593
633
17403
6760
13534
12223
34818
7008
27643
26896
26562
7191
31702
13434
21896
34953
26468
22440
6285
34497
30673
38670
10712
27454
13341
22639
13575
28198
12907
12025
38880
17916
21738
26787
3826
19189
4710
37100
11154
14497
33732
12269
7625
4604
764
28767
10205
37312
13223
6047
1002
7495
5651
21037
13694
13626
34888
38619
24794
22189
5513
3825
14873
4848
37987
38577
24620
7561
18450
3090
37096
30712
11087
22849
20782
31613
5602
401
18629
7010
25247
21821
38695
17349
491
19270
33339
22095
4528
36932
7876
20671
35384
30930
3737
19246
6376
28102
14976
5050
9959
3728
36688
16954
13769
23787
15939
4453
12900
26233
30208
30444
37051
19519
22392
2378
14821
20613
5801
20757
39017
2697
38277
20420
27748
36307
13420
26200
36497
7233
29978
34169
19702
33865
7419
19607
6618
2018
12820
23800
2973
31088
7898
6567
20471
33328
366
7800
29749
16829
14880
3559
12077
3773
16757
21975
23704
38390
18635
34786
471
19137
8350
4959
22234
3113
25566
37044
22943
36505
13286
36481
7588
23244
8687
32793
22621
30641
32130
24005
23547
747
17205
238
20608
3950
9050
21202
11426
29871
8719
25133
31260
3607
14049
20055
30678
23068
22579
9011
34373
32910
28965
24117
2220
24602
3063
21903
13155
696
8387
6612
18968
22771
6867
33091
14715
25055
23000
11286
2163
37900
35093
1562
31962
16530
16726
39008
1752
6601
15575
31740
4019
12558
13941
4414
12847
33302
1152
3558
2718
4726
2782
7533
11306
18638
3289
2598
38481
31878
32814
124
13584
21216
37164
15500
27380
21457
36289
4015
37294
18374
28361
24518
22163
31996
9171
28830
3962
10858
10822
18727
12937
5814
11275
32219
10022
5016
35023
14654
37840
19198
19925
7886
22694
25818
37079
28630
5560
27901
32969
25010
35417
12053
11287
7109
5320
19233
32900
11227
18516
17861
33545
29813
37742
32414
21168
25159
15192
24904
30956
14999
1924
11563
1207
15376
22571
15709
19415
30977
761
1715
2510
1256
16006
30337
10928
2715
38444
37881
2605
880
32864
17447
20565
12855
13660
1019
11626
37057
6685
37394
9987
36817
7
5344
36785
31959
23552
30650
29854
21824
35799
37700
15911
12901
21972
12
29116
35909
33408
19093
38962
12393
1403
37111
37282
16939
20637
3437
11348
28350
36366
20517
35824
36759
17309
36370
8800
3567
21181
22594
23301
21920
7899
18584
26039
1599
9419
29051
25786
25261
29077
14946
33980
7110
4000
33293
3841
18141
443
16437
6538
18360
37136
21066
15012
14389
5343
39066
8105
24287
4916
2828
13523
36284
22939
12616
18401
30865
9956
25826
20094
37960
25887
24354
30028
6358
24351
9904
20708
33878
1511
10726
6306
25366
29830
10925
17364
25367
1948
19128
10915
4851
26754
28174
12601
2492
17022
4895
24918
35720
34064
10524
2756
34456
33030
12225
21139
27878
27143
23585
31200
5696
21295
33029
25995
7411
21796
10434
16868
15388
36621
30894
26477
16550
31440
31496
13561
9720
24965
28815
5492
23318
20888
10156
7398
8440
25727
3269
11300
22637
35621
11499
526
9813
29524
10716
22706
20503
33554
36853
23025
3086
36651
13180
22135
10233
36568
26937
24414
31497
36171
24591
23979
25848
25020
4205
4708
27993
5275
37539
24234
6176
9181
4222
13691
37912
34355
38611
22937
32612
5325
27584
15351
35378
2704
23031
5532
11808
14488
3758
24808
30987
12728
25706
5032
31047
12438
3455
31517
22533
17935
24002
2026
33219
14728
13635
36925
24475
20826
30612
31880
31134
25229
12925
37214
7572
31425
33836
1400
7472
11751
8870
35160
1708
14991
7997
36545
3854
35951
36796
24592
22793
24639
23626
5319
5474
18157
21188
4432
21088
3456
12043
34332
17477
6665
8111
9371
23447
28415
15522
28629
1500
34806
6913
1807
38428
26833
11661
26687
7979
1299
35717
23624
27269
27646
38625
38486
1378
28078
32548
19044
8798
8401
27132
32948
13601
715
4124
25249
26850
24949
12651
20359
10539
22154
29258
30129
26036
35190
8477
2499
17413
12846
32708
12265
26733
7235
25395
30446
38833
19059
9762
12877
36414
21356
815
28056
38638
28616
38765
4686
21491
14014
26652
34225
31540
30026
11914
29968
6196
30647
26008
3883
15340
32159
24461
2652
17760
15874
36385
30785
5950
39119
31546
18058
1762
11900
27152
4307
18523
13888
29504
30138
21702
6370
29250
11261
35953
36133
29564
10702
21656
32497
3278
30924
12103
7321
23784
38784
3849
5252
5428
30538
38626
23416
26349
25980
3058
32317
30156
14201
17384
24611
30114
11410
4462
19686
22018
4062
24746
25334
16413
25811
5981
20977
37593
8409
24861
33443
21192
26700
1735
36181
16427
29565
9100
4170
34301
16914
16998
10280
13672
8376
5816
34597
15125
3262
15846
17185
24748
12275
18454
20764
34074
26564
2682
22205
5270
33610
16859
36188
23507
17
30152
23069
20296
17648
35595
7628
2694
437
12987
9950
31723
29971
7697
35141
12740
11869
22388
24464
11920
31627
12374
2470
4943
28513
536
13645
19988
7454
16932
4841
8565
9695
14587
33750
10419
33466
28997
22161
8663
14947
23276
22495
10395
12574
17290
38646
11368
12602
12802
9450
25376
23353
349
17882
30890
19231
23730
24622
3517
13253
8541
10632
18406
13678
11316
18525
4879
20131
24635
38518
12198
5995
28200
14142
26153
24860
38351
15212
13250
32966
7477
37560
26920
16847
22973
19680
25951
23134
21346
8960
35045
23731
22384
9653
1919
29100
3313
34240
25457
24695
17452
29776
26813
15896
8345
17501
7021
19756
26543
22719
1094
39
22209
35757
1836
25230
17454
334
7144
16288
25174
7334
1705
17767
14646
14450
12241
4391
4260
30997
10591
16160
11881
36216
36719
24450
10789
8711
21068
20918
9766
65
28592
34697
17167
27744
18972
9644
4331
8406
26034
10449
36442
877
18759
30545
37288
11225
12075
23435
21178
30382
1634
13187
27372
4119
13426
2554
2479
25929
36398
37873
24052
36048
29894
31588
2644
20988
29454
7277
11038
289
179
10388
12229
37520
15664
3569
13632
32920
11612
39055
25128
12082
32724
31373
22929
34102
25207
36148
11699
22347
10260
35408
9867
31557
34680
27486
38896
17973
11235
22244
15580
29724
19312
22537
21279
6382
37150
20936
29335
37889
24331
19218
27694
9923
7254
18443
1234
20489
11062
17530
22898
30599
38759
23929
12052
28631
12076
1205
29647
32776
15008
893
34506
3776
24299
22448
26612
38514
12782
1341
24523
4398
28843
8686
37728
33361
20505
37036
18412
34670
38872
2997
19466
24805
22289
15424
34910
8540
3174
7952
37896
27017
27452
16473
1758
5396
6483
25906
2448
163
1829
5623
1374
4041
15649
11250
36511
13461
7268
26007
6253
33325
37310
9996
17537
21647
38369
21833
19142
1809
5794
22146
6548
24219
7408
32598
12440
14277
18703
38595
16380
5897
9693
2637
38168
2145
32843
23383
35212
31690
14348
11891
4270
15525
37854
19300
9556
16227
36874
19009
10235
24525
37934
23363
30679
28431
12015
6768
10527
22268
33650
21579
46
38667
32025
25054
32857
8319
13387
27696
7524
28088
27864
13424
34723
17640
36022
5439
34944
11322
29637
16676
4597
10711
14159
37076
38603
28621
17853
10105
25507
31579
4263
36708
22778
1193
2222
10674
25646
7725
23542
34461
28640
19642
13700
1399
6269
12682
38287
26574
33958
9273
17202
11040
23538
6777
7192
354
788
18400
25652
13282
12256
37822
3145
21108
34250
32594
691
3832
33944
396
9783
9298
5722
37451
8736
5152
13226
11568
3401
14309
35024
17697
8933
10911
10070
5880
28633
17076
31168
22823
4182
13207
18668
25792
11492
18555
15473
22433
8347
29706
13432
7325
27585
26068
17139
18866
30176
6496
6534
21941
7399
24743
34569
13983
27117
19248
19228
4271
11388
14306
32893
29703
33416
34098
21119
35335
23427
14338
34383
34880
33976
28488
25923
19470
15590
12361
29217
6239
37631
37304
9726
9773
22259
33583
29885
21127
5911
2516
31688
34633
15133
10998
14478
16392
305
19170
13750
7014
12730
34244
12795
28959
28885
36156
13791
38363
3286
20175
4376
23862
10523
29972
37070
37570
3988
10039
16546
11548
34429
21561
35804
31647
31719
36342
34247
27362
775
6443
1225
10521
36711
34939
13374
33923
19230
31783
22843
2015
16436
5680
17224
37803
33815
18027
34439
28040
33380
18547
28610
27650
6364
141
6616
26682
29284
22208
9124
28932
9406
18030
33502
28907
36579
28229
5033
15084
12661
35944
39021
20275
13542
20804
30081
17299
24520
33810
5351
28993
32665
23832
3564
17416
18952
13435
8951
33103
29447
13007
9334
15041
29312
13519
25812
20154
13687
26581
35009
38818
30662
10106
37734
30105
38663
34592
3757
158
33909
13050
10467
28722
15394
34306
9440
29237
30343
6835
23287
33454
10085
17785
30392
36049
4083
31964
21526
284
20688
34448
24672
36058
209
21766
26908
34344
31537
29528
