1868
1308
4360
1242
5032
864
2238
1558
989
2887
5039
500
459
4915
1259
1795
714
2268
1934
3782
1903
1147
1805
2679
1547
468
2736
3027
4334
2192
4663
244
923
3654
2116
2555
3513
4585
643
4086
4246
926
1495
4106
4184
1300
4119
3601
3360
2378
3672
984
3439
3159
4050
910
2034
605
1949
2407
4497
970
36
3179
3336
3799
4112
2909
3775
3481
757
1786
2964
1168
674
473
4905
2220
414
3753
1854
1665
2626
3062
4937
5081
3941
632
4907
1182
686
1915
4600
4124
4169
3850
4449
2644
1069
1615
4206
1823
337
3191
2318
4991
2224
777
4891
3
971
4750
1381
755
798
3920
2027
1267
124
2617
4708
3629
1588
349
4084
4909
3266
3909
1439
3344
5026
3351
3387
2488
2246
1173
2167
705
1261
3368
147
3034
1361
1264
576
3986
3272
4359
3778
2022
3305
885
4214
3449
4514
3993
946
4352
4010
4369
1821
103
4091
3634
937
1483
4312
4243
2115
1443
4156
4006
2315
5013
4625
4024
1671
4485
2122
2086
152
4478
2630
2942
660
1892
2212
3247
2796
4080
3023
3103
4435
162
3226
1886
3122
4577
2389
1128
4298
1864
2379
4922
1873
2299
2154
2274
2873
4630
3717
1160
5057
4749
2867
4201
444
5052
2544
398
340
2682
1652
2453
4059
3586
1258
4552
4846
2310
932
3760
3614
315
2633
4299
1030
4207
3466
2515
3637
1472
2731
3731
497
3602
4560
1538
4147
1572
2702
2004
3693
1183
2815
2681
680
1449
1192
2896
1430
4283
2202
2790
1856
4565
1507
2028
2546
320
4807
1013
4968
3619
1343
2923
4914
1389
4852
269
3043
2092
1014
4850
2313
640
2387
3830
2076
2751
2957
1789
3299
285
3814
1995
43
1528
1874
4217
4652
2980
3323
3895
3207
5051
1224
2835
3468
1561
2584
2057
3699
1126
2820
2647
357
3896
1505
1441
3887
4519
2443
2269
2845
527
3682
2483
610
430
1838
565
2455
1878
2969
5050
3484
4122
1377
4912
3237
4955
1941
1165
1424
5021
2278
3432
2699
814
4304
3598
1573
1087
90
800
4887
1370
3848
3430
100
840
1223
4255
3530
834
1097
2056
945
224
4242
4919
3425
2091
1925
1787
3440
3125
4695
3515
876
2303
4180
1286
44
4099
1383
2739
2676
3183
3959
243
4422
4267
4012
4330
280
2805
2837
1913
2762
1635
1254
1951
3377
3523
3900
1945
1315
2531
1252
1374
2397
4367
1679
4946
901
676
4613
30
4025
2243
1291
481
4103
212
450
858
3286
3429
2024
3916
3954
2994
4742
3012
332
2290
519
4447
2129
2723
166
4975
4069
433
1622
2395
4735
2907
1631
2940
4415
3092
929
510
3788
991
1684
2083
136
3698
4771
3861
1658
1480
3127
3569
2420
595
2448
2329
2603
4793
4780
1219
4191
1689
4021
2120
895
3924
1330
4432
4371
3709
1664
307
3545
1453
3535
3262
384
2573
3835
4295
1181
2657
1232
3844
1832
2121
2587
1926
2110
4446
4270
4512
4425
4808
3878
3037
4516
2661
2425
1057
634
1294
411
2333
4487
4102
4277
1612
1323
5019
155
2557
25
1202
105
1025
1732
3796
1104
2645
1811
2413
764
2223
1204
1095
3328
1478
4315
2412
2168
2585
1779
3046
1088
1609
4990
2271
681
2870
1316
399
3404
3177
4011
2834
4428
4684
1048
845
2650
1475
1225
2512
2255
4763
3574
2674
1618
844
4886
1512
4772
2691
1239
4967
2767
4825
4953
4179
4430
250
11
2186
3346
3185
4809
1750
434
583
2480
353
2149
3946
88
1123
2808
1994
199
1699
1711
1130
2336
401
4079
2945
1549
2514
563
3860
736
1376
996
2292
3078
334
526
2411
543
4918
2906
3694
4237
1157
1059
76
4921
4900
331
350
4822
3242
5002
3718
2073
4546
3922
1045
258
4764
2063
931
3502
221
231
1613
1581
451
1673
4401
2164
3389
1162
1385
1734
2111
3642
3071
1695
4964
3304
3632
2124
3190
3039
3568
3969
293
2537
4288
3991
3038
2953
1158
484
4300
2231
1835
1476
1714
3963
5062
2325
2045
4797
2778
811
4643
2895
1170
4467
2495
4173
2037
1906
594
3947
4893
2422
2006
3897
3519
1099
3335
4456
2989
4439
179
1676
3583
2922
1326
2804
2452
4442
2807
3199
4902
921
1641
5064
3917
2226
4954
4732
1084
3332
4627
2741
3337
3557
4599
2440
4129
2055
4794
4030
3204
2518
333
2060
1482
570
3118
5079
66
1985
4578
3660
3903
2726
2732
884
862
1771
493
4238
2377
502
3806
4204
2172
4036
3021
311
3113
1395
1327
5078
3347
94
2137
4172
4718
746
5023
3501
854
704
3716
1347
3774
3126
831
2730
2338
3702
3948
2082
5071
1345
4083
4469
2306
3700
2184
4899
3214
4388
3976
1172
3978
2635
2084
3209
2095
19
1079
4877
3086
4210
1331
1344
2273
4336
2921
2348
1464
1897
2743
564
4558
168
1708
3033
2404
1608
453
847
5059
1863
4403
4860
217
4310
3105
4862
4167
3651
2760
4245
373
429
3635
4766
3784
1938
1348
2705
3871
4320
2361
471
4160
3285
3139
924
4930
1382
4970
2863
4604
3307
3396
4355
3874
2032
3524
477
2213
3117
1190
2648
1992
3376
1793
2131
2740
3708
273
3417
1841
4345
24
4564
4115
1850
1685
1898
2324
562
3591
4319
1029
758
379
72
2939
2963
1246
457
3787
1235
4266
2756
1201
4376
702
4998
4945
207
272
4554
5046
3684
4924
1356
4624
2554
3479
2991
1593
2560
1063
2598
1643
2660
2162
522
4327
792
1421
529
3053
974
3309
1447
3444
359
1015
4178
5033
3974
2147
2984
4276
3534
1582
2510
2166
1485
3217
3934
2507
3771
1999
417
1358
1491
4131
2680
187
1630
3980
1741
3581
3090
1124
4889
979
1680
2402
4717
3054
3066
1875
1306
3854
4090
3458
4974
1893
77
4769
778
1577
1365
3697
4161
670
1602
3134
4353
2996
523
2105
2886
1284
905
712
4901
4837
3490
2846
1125
4198
339
4496
2044
4356
336
1844
3031
1936
3184
4796
675
1304
4391
1527
3182
2853
69
128
3059
4972
3379
3764
2434
3325
3151
2708
2482
4691
1784
220
4949
4576
5042
853
14
319
1625
3189
2356
3987
3007
4436
2662
2418
439
181
2497
2758
2097
328
1632
4400
942
3454
1432
1074
4155
1197
1514
2857
790
2343
3456
4004
3101
900
4019
260
3539
2687
1440
4007
2990
1583
97
5000
548
2339
3301
3293
158
3691
1876
592
4022
3840
4995
2400
4828
1799
2088
2345
1230
1444
696
1180
1221
3260
1366
1129
3821
1691
697
3879
4567
2938
1263
3618
3256
4109
616
954
4437
887
404
881
679
1303
2297
3899
3408
3005
3505
4798
3308
2771
4687
4018
1231
2552
3264
4721
1454
1870
4034
1442
3461
1513
2937
2135
4662
1511
4128
1755
405
4230
1813
3865
4196
4481
3170
4453
1533
2958
4289
857
5011
2610
3163
2245
4506
380
1701
3229
4811
2074
4566
4810
3423
5036
5045
818
3610
37
1349
1922
2347
3573
4232
752
501
5009
1896
3074
2667
1900
3441
655
618
130
167
3362
5070
4543
1238
2707
2533
2011
3677
749
733
606
555
4323
1026
4731
2525
4382
3721
1179
808
1148
3783
165
1722
2196
1702
638
999
3283
4023
1194
575
321
506
3606
4258
4508
4228
693
1368
1667
5058
568
3823
3927
3932
3506
1243
32
2819
1982
3547
1668
1719
4789
173
2322
797
378
1373
2966
1777
1539
1626
1569
1321
3926
1585
1880
3794
3030
4132
1916
3997
3128
3467
553
992
70
4231
689
2892
3487
3186
2364
4575
1285
426
4748
4
4979
2709
1053
1236
988
1068
3853
1548
1763
995
4573
3769
2283
3446
1860
210
538
1800
4814
3014
1570
4373
3715
2112
4134
480
1980
2789
4455
137
4632
4118
118
2435
4826
3558
3648
3880
2669
324
2104
180
1391
1233
35
661
830
587
2528
651
4060
2369
3888
1649
3098
4529
4527
1037
2524
4874
626
4650
2349
3314
4146
509
1840
2337
703
3956
3306
2447
1091
2581
743
1433
2912
460
4097
483
2675
3297
3018
1657
802
4928
2089
3187
4987
4062
283
99
1131
2215
3551
4876
1677
3818
2543
1346
1468
1621
2781
2683
1706
2916
597
544
1564
3575
1150
3858
4752
34
767
3478
2879
4340
1928
2898
1656
2157
673
1244
4348
4605
3135
2905
4014
1642
1748
4593
4098
3532
4306
3001
642
2580
4775
492
828
3049
1008
2053
842
4404
2917
2567
2199
1210
866
2383
2787
4723
3950
2358
4689
3609
4182
4229
1963
2562
2949
1119
2301
470
4444
1816
3011
2542
4501
3203
5084
2568
2221
909
1411
265
291
1974
3749
528
975
1185
1851
1132
3158
4110
3222
2842
2352
3413
2180
540
194
957
2309
410
677
4838
2703
2539
3072
3555
4827
467
73
4534
2795
2616
2363
5034
4294
2920
1616
3181
282
1640
4278
3220
4690
2001
3106
391
6
3968
3869
3589
3205
3733
2982
1297
2465
1094
2205
1857
4903
4830
3711
580
2314
3945
809
3157
4715
939
3855
787
3745
4264
505
2850
547
1578
2527
2046
4800
3471
1466
4070
144
4726
402
1724
4412
2902
9
3512
440
98
2300
690
4983
1096
3653
4696
3282
2823
125
2697
2764
1249
817
4047
3893
581
343
665
2733
4361
3587
2125
191
4588
4675
3727
3622
1339
4486
2176
542
4700
2030
4093
142
3824
949
2478
986
2099
58
4528
734
3353
2351
2686
3864
1518
2340
3405
1229
2856
2198
1237
3393
4584
2538
2971
16
1121
1659
1648
1535
4459
64
2254
2033
2454
2883
4303
1852
2410
366
1736
3747
10
2868
2685
3246
1694
1589
669
2729
2601
1159
1989
1090
2766
891
636
2439
292
4208
994
2353
122
3841
40
3777
2058
4105
3929
4673
4209
2136
2446
499
4127
2284
1662
2655
4863
4992
882
2355
5024
2189
4533
3448
4395
300
4247
1550
3940
2113
486
3741
1460
1836
855
1393
4759
2197
801
2900
1002
3857
1135
2865
4520
748
1257
4197
1768
316
4664
852
2204
2710
1471
4221
3500
352
4755
1101
2275
1461
1149
3615
302
1820
3111
3553
425
584
4716
2211
227
4626
3620
878
1718
2688
3330
3390
2677
822
1902
3433
3967
4646
48
3383
4181
177
4301
5083
1504
2460
4117
2103
2654
4480
3069
1137
794
700
4790
4631
1481
4451
4162
1138
176
2718
4027
1380
4734
3597
4996
3742
664
1467
2450
116
691
3680
641
4133
1937
2972
3585
4026
4952
5038
4653
465
4586
129
1747
1136
872
4961
585
514
4071
1089
1220
3705
4823
3889
2493
4445
1546
1596
4358
197
2946
74
2052
4698
219
3537
1479
4913
4463
3463
2799
422
4005
3095
1499
3410
2018
3789
4037
4104
146
3097
1592
2844
42
4274
4211
4536
4555
96
5001
4778
464
248
3274
1910
516
1735
389
1774
2296
2491
1387
4065
3957
2941
4683
3657
2670
766
4235
5066
623
968
4477
3852
495
990
2656
284
3168
2382
3674
1155
2093
663
1177
3685
2521
1610
4492
3136
4135
2719
3084
2132
15
1047
913
2893
1940
2432
3955
1276
1011
1966
742
715
3603
3595
613
1757
79
3977
4466
1566
3687
771
1390
1848
1730
2075
3659
836
4205
206
4342
2572
1448
4792
2371
2040
312
47
190
2591
4795
3281
279
1081
4045
4602
229
4338
4791
615
2711
4746
3719
412
478
729
3995
859
3843
54
552
608
4547
1712
281
1269
1335
1038
1738
4297
4307
3047
2513
3060
1022
1474
1469
2216
4008
472
1762
3768
823
2627
4145
4316
4081
805
2013
2659
1967
851
2031
2323
3723
1065
2532
1020
4911
1021
2854
4681
3002
3469
2227
4100
4440
2286
5049
3664
3162
5008
1590
2360
71
3099
2927
912
3311
1146
3681
4737
3315
149
4157
2090
2070
3528
4233
4587
1350
1378
119
4203
5067
4535
344
3110
1796
738
2451
4804
2466
4530
4957
2464
3707
3076
325
3964
4713
4331
2792
314
3906
4002
4682
4978
763
475
254
4490
1882
4192
856
2264
1981
4408
3690
3019
3925
1794
466
2020
3279
3093
3345
1207
2700
2258
1661
1508
3032
525
5010
4216
1543
4674
2899
3056
2191
3517
2159
3142
2928
4951
2672
1964
3722
4123
2716
4234
4458
257
4075
2381
4622
2818
1418
1311
2421
3525
3138
4815
376
1991
812
1340
277
4138
1594
4039
2586
236
1833
4963
1672
1260
4377
1255
4727
5074
3268
3667
2775
121
718
573
5015
3780
3758
4450
303
145
4870
607
927
135
1216
1278
3437
4522
504
4551
1212
4433
2522
1756
209
2810
2416
4503
4362
2904
2935
164
5055
2002
1050
579
3661
3521
3912
1270
4568
4741
3866
3613
2959
1226
631
837
1203
2976
1425
1062
4608
1086
3582
4579
1436
3257
2985
4406
1502
4215
4482
2565
630
372
1019
3549
3363
2817
1139
4777
3394
345
3470
1709
2366
1830
3050
2487
1713
4757
1515
1406
3216
1397
1743
1948
4904
157
1386
2406
4854
3560
2592
533
2375
3350
520
2783
873
1175
296
3088
2797
55
1067
1409
3643
3673
1027
503
2506
1829
4426
2981
1526
2107
4003
4491
1036
432
578
1314
5029
4875
2919
2321
4896
1698
2713
3143
4580
2765
940
3044
1914
2932
4499
1544
3171
4621
1012
3322
4248
3174
4202
2312
4836
2891
4405
4409
4917
1935
3294
2563
1156
3361
589
360
3161
1551
3785
1580
115
3538
2101
745
476
2986
601
3675
3960
1298
3882
240
1946
2888
3658
3329
2684
810
3063
2257
4805
1877
2049
4489
1975
3442
3227
1
4962
3649
5073
2551
2085
1812
1217
4343
668
3805
3695
3343
5018
5060
1567
2279
182
1683
1364
765
3985
3261
2041
5075
3271
4058
1055
1193
3022
449
1023
4542
4934
458
2206
4688
3627
3317
739
419
4402
3475
202
672
2342
4948
1116
1277
1601
2151
4831
943
140
95
799
423
1744
1746
4265
3357
3403
768
1728
1739
897
1372
3961
3564
2253
3712
1140
2950
1122
850
299
3943
741
4738
2534
2830
1302
3720
1591
1624
3938
4074
4981
3804
1328
3165
2242
4635
1932
3380
5061
5031
3800
3640
1563
83
4644
67
351
4660
4931
2373
720
4378
2622
393
3459
3951
4701
4165
2185
2596
4709
368
4346
3381
4938
4390
1681
3928
4923
961
3750
611
557
3447
2611
3195
61
107
4292
138
3373
203
3348
4614
3645
4976
234
1861
684
2943
4020
4164
1352
2476
4920
4141
3975
760
2317
1837
4035
4380
3810
4857
598
1098
2326
89
3511
658
903
2822
1198
893
3133
2094
2974
2629
1781
1628
1727
4113
1292
2747
2574
1271
2263
4973
3599
4829
821
688
747
4676
2392
4513
3341
4834
2182
201
3365
2118
4871
3278
3485
5063
639
590
2431
717
3141
4841
2396
4927
2130
1394
3885
264
123
4457
2569
413
2486
4950
2519
3811
1607
4236
3372
1733
2588
1960
1222
2619
101
3342
245
1959
4372
4017
956
4252
3176
1751
3457
4273
5054
2701
2806
904
1604
843
2924
1827
1721
3238
4386
3108
3009
4281
2979
4094
769
1947
1363
1825
2774
4441
637
4321
1412
582
1007
2589
3445
3608
2436
536
270
3507
2126
2036
1983
13
4544
4495
2721
2014
3193
2438
4087
650
2241
436
566
1894
619
355
4756
2016
2666
981
2183
4537
1056
4843
782
2812
4989
2516
4028
1525
1606
2261
1488
3089
3333
3197
2877
963
3414
1791
3842
604
916
1792
1984
4620
983
2235
2237
2843
4114
1342
3605
5
3421
3612
2793
1200
4550
2773
235
3973
588
3923
865
3862
387
2357
1085
3428
2894
326
416
776
2498
515
3592
1523
2738
1154
5082
2678
365
3248
1319
4572
976
1895
362
2423
329
744
17
3087
4842
4531
4256
2069
3402
4767
2219
2468
3067
2012
3120
2861
886
443
4073
1034
3418
4616
3982
3891
4195
1279
1639
1790
4855
1145
2374
2169
3319
706
4282
4583
4193
4799
3474
4781
1077
2689
78
259
3288
1293
3529
4606
687
2165
4596
4758
4261
2925
908
160
1288
4936
1184
783
4539
4642
4947
2816
4873
5056
385
780
1289
964
1690
2698
4226
22
4337
966
4666
3668
2526
2754
3933
4840
3650
2502
4015
4239
3000
4704
2993
4171
1707
972
2841
3077
1782
4139
57
2485
1458
653
2489
997
1927
1867
2039
104
3773
5044
682
820
4241
3150
4633
198
4532
1644
2529
4785
3838
1956
8
4016
2828
1452
247
2658
3870
3802
454
1584
2158
4694
1075
4365
2000
4159
3374
4144
4589
4612
2757
2897
647
1501
3998
1214
4782
1360
2390
919
2712
2098
1970
3631
3146
3167
4498
2399
2934
3748
1972
1355
1401
973
1869
276
4219
1072
2225
3035
1617
4944
3623
3235
4240
4986
4525
2405
1961
3901
2577
2270
1693
2025
1541
3696
275
3057
807
4085
208
1299
163
1931
1296
2173
804
4733
3129
3633
2901
4082
2791
4418
1351
1957
4628
4136
4001
3994
549
3155
1919
4916
3894
4638
4262
524
4548
308
3416
3921
1853
1532
2170
3497
556
2811
3577
2884
3596
2081
2042
2208
4325
1470
184
3289
4592
4251
5080
114
726
2141
4183
3407
1473
3156
3358
2341
2735
508
3883
211
2281
4692
3965
3686
3006
600
369
4965
3149
1704
1371
1039
1969
3714
1111
4470
1152
625
3290
2009
3085
4762
4678
1164
1783
4507
2331
2501
4333
4562
1778
3766
3767
4410
4121
1046
1809
1904
3706
4556
906
4926
363
835
3024
2992
3236
52
93
1283
1688
3340
3364
4253
2556
4761
3518
3626
3533
1565
1107
3355
4861
2746
3194
2203
2457
4869
1753
1715
933
4897
2871
3504
4724
2954
2628
1245
2604
4768
4736
60
2444
1990
627
3746
3137
322
2777
5040
2784
2597
1968
915
3152
2218
2929
644
2594
683
2608
1889
154
4473
3140
4743
4421
662
4878
4389
593
1920
2988
1118
3366
1917
1051
2419
2302
4041
1633
659
4559
561
1595
148
112
2368
4368
2625
3148
2983
1336
3398
860
2722
1663
4680
2350
4598
4363
1369
3114
238
4268
2769
2559
2948
4149
5030
1141
781
750
3200
4101
2825
1555
1696
3017
1933
3552
1174
1100
2571
2496
3036
4434
1822
775
1780
1113
4291
4000
222
3173
1309
3876
4943
1404
699
4868
3427
485
1240
1619
4745
3210
2643
3477
4398
143
4858
938
870
113
4416
3543
230
1862
4051
1775
4308
4969
4332
86
1195
1834
2114
424
2952
2008
1524
237
1560
4494
2576
5014
23
1600
3082
3488
4835
1824
3240
3420
4753
4341
646
2346
28
51
2788
4176
2393
4350
4429
1769
3269
1553
2910
338
327
2469
1997
1434
614
898
4601
1018
3624
4272
382
2100
3837
2860
3689
2161
2737
1529
4125
407
1166
521
1843
403
2285
3877
3419
1978
1884
3556
2328
2641
3641
4413
3937
958
3291
1655
725
785
1996
3846
5048
