3336
1267
1932
268
4188
41
636
5023
2945
382
2495
4430
4421
2969
4525
2624
143
1483
286
2895
4863
4397
144
1906
4312
4596
831
160
2214
4798
1842
1421
4533
555
4826
4536
1388
4353
4594
994
1628
3352
457
4764
3786
1370
3335
1204
2802
2233
2086
3765
4995
3197
20
4740
526
3546
2665
504
3240
4647
1178
2102
3960
3297
3720
2601
5031
1652
2393
2461
1532
3314
4083
4471
4661
2864
2438
4524
3601
2155
4608
1611
2263
465
3296
2989
3265
563
1391
539
3752
393
2294
638
2747
4663
826
4036
672
3199
3441
5042
1805
3570
4600
3236
1827
1707
75
1518
3573
4090
2625
2448
1318
2620
4694
507
1773
4175
1307
2272
4512
2830
405
4773
2347
2917
2066
621
3734
1762
4695
3251
3149
3691
4929
2156
3890
1148
3757
4287
3228
1473
3897
4542
3355
392
1548
233
781
53
4415
2126
5001
1649
2621
1340
1050
4680
4595
717
388
2598
2094
2337
1428
1102
4679
1865
1741
1714
3637
794
4200
2421
2500
478
2437
496
4850
670
331
3452
3539
1420
540
1282
476
3983
4293
1081
502
2231
4686
2946
2511
1174
4317
779
1431
2827
3290
4916
4583
1274
1682
2708
4984
2477
3963
1491
4938
249
2589
3216
4953
2559
1408
4308
4129
4153
2469
635
4061
3110
1632
1946
4414
3973
867
5088
4020
848
3102
2561
4007
2765
541
127
810
4375
4226
1813
3237
537
270
1526
1060
3847
4384
4183
1281
1803
3922
5
4745
2002
4980
4095
600
910
1289
644
1400
3262
1019
1365
4813
3853
1572
3882
787
1538
811
693
3783
4488
3759
3977
2890
3975
1137
3587
1109
1025
1064
3402
1346
1814
3145
4710
2055
119
1760
2044
4459
1068
2280
1227
1253
3286
699
709
4823
1634
1530
2373
3635
2761
4171
1159
1052
3217
2427
2351
0
803
4333
1319
1597
2361
933
4871
4948
4909
215
1967
2365
47
4362
2757
4703
812
2121
3058
3440
4292
783
2476
3609
1661
4071
3464
4054
3745
3261
1324
1852
3414
3359
1110
4750
2096
904
4856
1486
4795
3596
3340
527
1999
3085
1209
1460
4302
2258
2455
506
2098
1543
4469
1194
5050
2955
2548
2038
136
3291
2353
2872
4146
130
1624
4285
2648
2773
1896
4981
2557
1175
1722
2206
2788
4324
2506
345
4342
721
4300
1724
3664
4157
2221
5017
4352
4394
4487
4723
4136
3869
4029
4708
531
2935
353
857
1947
3327
3147
2312
2959
740
2097
3796
3566
1295
750
4741
4363
3589
1458
4458
3661
4515
4419
3577
4460
14
2616
3863
2839
3020
1821
4019
208
2824
282
1219
738
24
2723
4696
2293
1665
2045
4507
3118
1897
1969
3817
3519
898
4361
3288
2003
1753
998
1372
4935
223
1974
1939
4673
1215
3510
4943
2240
828
4034
4544
1190
4910
4924
3503
873
788
2811
2118
3061
4727
3109
2445
2562
2897
1585
376
2051
503
4538
3192
19
1929
3741
1546
1011
4277
3050
4941
981
3164
4477
900
1038
4371
1802
225
312
566
4433
1073
4015
279
2986
3964
1048
1853
2376
103
3134
2899
3158
2698
3201
3537
5060
2127
3866
2804
4644
3794
3063
1924
2545
5021
4173
983
1107
1847
1838
571
1872
295
3547
4625
4844
4891
2631
3802
1333
3698
3925
3492
2717
2628
254
2423
355
1439
4298
2399
841
2320
1889
2968
3274
3612
1303
3415
444
472
4395
1101
2666
4018
2426
3106
2021
4598
3011
3222
862
1283
3368
4014
4757
3649
2194
3501
817
1039
1927
3945
3719
2499
838
5073
3354
5018
3985
1316
3595
3103
2443
326
236
3659
4422
3997
4511
1288
210
354
2402
4206
667
281
371
2410
4883
2379
1507
3927
3908
2907
1768
4700
3808
3893
1169
2697
1248
1659
2677
4373
2360
2970
614
3313
1457
2787
4942
3729
2375
1264
4634
3840
125
980
4801
1609
993
1864
1479
766
3630
1446
4301
3528
2834
2053
4805
2076
4281
424
1910
2275
1998
403
1320
272
4289
333
3417
4576
3842
3730
2394
666
1134
4455
4510
2311
3549
2706
4027
4987
671
3412
1089
1657
4967
702
1626
3021
3497
1286
2180
1549
3879
5010
1077
2992
358
1829
3915
533
3651
3495
3518
3576
445
3722
2927
3151
1528
3463
297
773
4126
893
3263
131
3952
1591
1488
3089
1693
4830
1688
4982
4704
1104
2781
510
3108
5013
3341
4211
4182
4884
361
2151
623
5022
2716
3004
923
784
4516
3588
4482
3135
39
536
488
287
2129
3562
42
2886
2342
4464
309
2382
292
2070
4097
2265
1138
1812
3279
4569
4763
731
4406
2204
4561
551
897
2295
3685
3663
704
4787
3202
2207
556
3593
3120
2503
227
3638
92
2902
3365
4233
4819
4154
2140
4252
3390
3944
2335
5005
2639
52
3545
821
617
356
3028
3206
378
1512
1777
2571
1216
2681
924
3420
1736
678
1818
1887
4790
2982
3423
5036
2712
1151
3970
991
4125
2492
4761
58
2341
575
133
5064
4124
1187
3672
3338
1683
3223
174
4284
4251
1386
2774
3032
1157
3710
159
960
1266
1419
3992
616
1900
3554
1344
954
943
3465
1238
1186
310
2270
3980
3502
4169
4962
3474
3688
384
1304
4545
1797
4593
3259
880
3747
2724
4240
3191
2260
1278
1884
756
135
4563
4684
2235
1054
3575
1141
2931
4900
1149
2071
4869
1644
3907
2582
2825
2306
2230
1979
410
2892
1594
1830
4641
3318
217
391
3294
1914
3433
2898
2483
1114
3815
746
1523
955
3232
289
1520
1983
2759
1164
3184
2202
191
2702
3505
2111
4651
4267
4500
2321
3377
10
525
124
1873
4475
877
3851
474
4350
4904
4928
3220
454
1798
2299
3188
2933
577
381
2358
2116
515
2991
491
3990
1701
668
1434
3614
4944
2329
2753
5072
2707
404
4765
2642
1153
2680
149
4410
580
156
4473
553
1828
4509
4591
633
1199
2810
1786
2401
313
4678
2668
3161
1206
808
2113
4504
840
2429
2690
2125
3674
4217
1349
359
4379
2737
189
45
497
1390
35
4746
3867
2527
2298
815
2578
690
1449
2036
3943
462
1738
370
3343
2657
2039
726
4378
4616
3479
3185
4201
3939
4002
3454
1522
4769
2197
3382
1784
2537
3248
778
470
4785
1032
1876
2555
1977
1996
1524
859
2862
3553
3923
2779
684
844
4191
5049
4262
4829
1675
3673
4779
1354
4728
2400
3767
3910
3657
4898
1193
1120
411
2192
3008
1811
406
4142
1678
1240
247
1991
1214
2704
258
3665
2257
4585
1646
1083
290
2271
4965
38
2844
2978
385
2507
5086
3778
3400
2794
3264
2718
3490
1487
782
2888
4930
4799
2725
2420
3639
1416
3788
2928
3475
4861
4632
5054
2343
1376
674
584
3453
4028
631
2446
4139
3956
1469
3924
3205
4271
2879
2732
881
2866
500
4885
3555
1090
3210
2650
3643
1502
4237
889
1799
319
596
3629
646
212
3419
2196
3724
4835
1130
1495
3941
1612
1180
1452
3799
2201
5078
4658
1737
4762
4193
4677
919
417
4836
2278
251
4405
1339
1564
4440
5067
3496
770
1188
416
1358
4457
3105
950
4690
2199
2090
2440
4156
3488
3917
949
1677
560
2714
3860
2416
2734
2124
4804
1231
4588
4214
942
469
805
1124
334
2016
1716
835
4886
3721
1432
2496
2701
1310
1851
2273
1890
1598
2210
3780
3520
4998
1613
4247
327
2436
118
689
4726
1556
3703
3838
823
224
21
4045
610
234
2501
379
2950
2800
1243
267
4150
4208
1525
1035
1168
1587
4992
3775
4846
3807
3918
2193
4659
4926
5083
921
4461
2284
3218
3399
3727
412
1732
3624
2252
338
2131
1127
3693
4825
3521
57
2669
775
711
4228
639
2047
1
3766
4091
4887
524
3884
4299
84
4964
2115
2134
992
4234
529
3814
4613
2961
4012
1560
2686
4875
2079
1176
1301
2346
246
1139
2674
3795
4334
3811
951
4908
7
4685
1338
1552
4951
4876
2078
2736
4855
1766
1608
2052
1633
2385
4724
561
1815
4911
2976
4485
2828
3958
3655
3235
2481
2449
1027
2850
4553
1713
3743
2034
4050
4013
3666
4978
4009
3667
5070
1901
1366
2250
1225
4933
171
1767
2318
4196
4718
1252
1412
1242
322
2919
2095
308
2556
2916
1028
3484
4903
5081
5052
1250
3306
5038
2530
2344
4437
4403
167
2749
762
275
2641
3009
2645
2179
982
1806
3056
730
259
3456
1971
2082
3966
2831
1985
1015
1062
4919
97
3159
2330
956
4493
1161
1099
3131
3031
1787
3439
3200
697
422
3859
1026
4453
1017
1022
3017
4866
3300
3878
1565
3486
2340
72
4580
2793
1902
2560
4747
4732
3895
586
985
1393
1832
1666
2251
3619
4381
3347
2119
676
1953
3113
4742
4074
868
3053
352
1263
3356
4443
2693
3538
36
1220
170
3332
2462
4104
641
1036
198
2858
1345
4221
1756
4356
3812
3543
3416
3489
303
1183
3167
2333
3431
661
3839
1481
2355
2784
2807
1371
257
2952
2246
3211
3967
1590
3600
2107
3458
1810
2622
548
55
1172
3133
609
4865
3679
4983
2604
745
1337
1886
1866
4462
2245
4438
5053
3748
479
4478
2719
2025
2731
4720
930
56
25
3803
1645
1071
4176
3075
399
4811
2586
1745
255
2422
9
3751
4934
1001
4073
336
916
4484
2215
2338
4297
4111
1769
1554
3524
1514
522
2740
3430
3195
3735
4165
3697
1948
4737
1931
1839
2566
4842
1856
4640
1782
4577
3856
4719
2482
4776
4582
1236
2172
4424
4667
2502
4454
3926
2253
715
1229
2396
468
3849
2064
797
4236
4172
3238
2378
4088
4793
2032
3234
4348
2424
3088
1343
1631
1076
432
3779
4683
3819
108
1823
3196
2785
825
4814
602
4032
3542
542
2313
2873
4960
1472
3713
76
574
1037
3581
833
573
2123
2744
4796
2565
2546
3744
1265
5006
1108
4132
576
3128
1867
2829
615
4030
2981
2661
4693
777
2000
2041
1789
1317
485
2791
964
4269
1833
2350
768
1256
3648
4447
4567
3462
1143
1167
3225
4687
948
3437
3285
248
1788
4369
3426
4748
4971
3787
929
4939
50
2112
4672
4335
509
3310
453
1968
2782
887
1121
2077
228
1066
2630
2813
4775
1962
3652
3677
4905
2093
559
4423
2691
2846
4669
2663
1249
86
351
3042
625
4713
3965
1359
2685
5069
3920
727
2099
2087
4174
4057
3774
3076
3317
3563
2859
799
2198
4033
1212
3334
2728
117
1294
2720
3568
3005
590
2647
931
4207
2609
4985
2972
1764
4117
3066
2109
1503
4186
4450
1750
3631
4921
5061
1396
2558
4164
4890
1088
1840
436
624
4781
1378
2656
2913
1461
3912
3115
3047
1500
837
2710
3615
4529
346
4895
816
5004
4676
2543
732
741
4060
2602
742
495
2906
696
1195
3646
3119
2613
565
4167
2381
2524
1696
3140
2600
3331
1158
997
2425
2186
3449
1205
2110
3392
3634
1763
3955
2956
2957
3800
4656
958
3700
4970
4560
467
3198
1128
4717
339
2490
1558
1131
1610
4354
3125
1296
1972
2572
4220
294
34
3954
1492
2603
4556
3680
252
3662
4523
899
100
3586
1671
113
3552
3644
3170
3391
945
1433
4192
4411
4803
3498
4204
4753
31
4366
2815
2281
176
4505
2664
1065
102
1529
2006
3242
1709
1075
4161
4841
1403
4633
4974
164
4818
2528
3621
5066
2456
3791
1047
2150
2938
2865
2614
4053
2797
4578
2771
896
1374
4832
3541
4085
4602
4816
4463
4531
789
311
2132
1981
680
532
4224
2660
2185
3681
1515
2649
3162
1577
1869
603
710
169
3668
2326
660
3330
4940
4937
2979
570
2001
207
4372
1377
439
2867
1332
579
2241
4681
2450
3974
2823
4620
3753
5026
749
2228
1824
4041
4383
1269
3267
1618
2147
3250
2960
435
101
4280
4650
4807
132
863
377
3348
15
2911
1808
3269
3002
2031
2835
4343
1656
802
2615
489
2305
3268
221
2014
3126
1455
3141
626
1044
2880
2412
2487
1571
3284
2877
2905
2411
1899
3653
2606
4328
4229
4344
3754
2108
4249
864
4913
4993
2417
2682
3388
1221
3445
669
3709
349
4638
4714
798
4187
4291
3725
220
2291
4026
1018
4319
4502
1508
572
588
2818
2225
4973
2856
3091
4087
4907
3442
4259
3339
554
1891
1470
3998
4449
3613
302
1596
3565
2659
4734
3372
3189
4022
4181
1513
1858
3255
4843
2176
2634
4066
2054
917
4648
3857
673
907
1364
4587
1817
4599
3846
195
315
2675
3919
201
2248
3055
3045
421
2467
3706
105
751
4923
1275
969
2267
3971
4147
1883
2178
2146
4465
3605
1692
1241
2141
1262
979
2884
4084
4232
3104
2816
3302
1484
1885
846
2268
4716
928
2584
858
4170
4407
2943
3054
3911
3046
3485
2222
2741
1761
3827
986
3052
2478
870
4360
1703
1855
3018
2371
1191
1116
4839
2755
3522
2577
2091
4444
1871
4275
4418
3902
372
1260
1480
3278
2103
1684
3832
1442
5019
5045
3905
4731
1575
1697
3942
5058
4946
1504
4619
4495
4010
2987
95
2143
3065
3253
110
1667
2652
400
99
4239
2878
3175
1171
3469
832
934
3333
153
2983
1033
2439
4956
3436
1140
3230
1402
4848
3578
1302
1561
550
4248
4642
4140
1916
3534
3344
3845
1123
1987
791
5087
288
2758
1067
232
4972
1290
1920
1928
2479
3260
5039
3761
1935
2751
2538
112
1702
276
3084
3640
1222
4573
4777
1933
2806
1755
1270
2640
2430
3714
4121
2673
4479
4402
3315
876
4733
1726
2966
4389
1373
1051
1630
2553
1912
3737
2043
1506
283
3888
298
3988
5076
4692
2498
145
1785
3603
161
1629
1574
4834
4906
3364
3254
1986
4559
4521
1904
4664
1217
274
3069
528
2085
219
1387
2289
3124
3728
4969
4197
1937
2029
437
2777
2775
4957
3432
1105
1519
4274
2475
5055
4213
2419
3633
2037
1942
1982
4089
1234
3280
1748
920
1604
4325
3122
3337
4134
3574
3019
3689
856
3932
1478
1207
2581
516
3425
3283
3015
427
3029
3686
3670
2327
2633
1550
2229
4894
1177
1445
2805
3034
1192
1746
5051
1063
2820
2012
4882
4758
3043
1877
2297
4666
266
1360
3580
643
3357
829
347
759
3401
2580
2632
1540
1152
5035
2914
5014
429
471
4218
4997
3931
4976
4860
3367
1002
1309
845
1053
827
343
619
3536
4119
2203
4958
2752
1226
1041
4637
1142
3080
1836
3758
3585
1046
3656
473
2786
3947
256
1943
2605
4706
3785
1239
3805
3309
4432
4128
3057
2521
1915
2269
363
3229
807
2721
3789
739
1592
753
366
235
2513
2996
585
618
957
2167
2383
4120
493
1650
1686
2848
796
4108
109
1404
990
4286
2730
2392
834
2900
2949
1150
442
1008
1898
4901
4283
4115
2042
2105
3843
608
1879
438
4434
375
192
2924
348
3645
2627
455
1544
1381
44
1700
3257
733
1389
186
317
3626
285
688
3258
2163
1980
2836
2
4215
1648
996
4098
3097
1329
329
2964
1126
386
205
1621
3875
1297
1348
3769
2607
1576
70
1170
3935
1021
4212
1444
3507
642
4806
4068
4466
518
229
428
5007
3598
569
1322
2369
173
4445
2368
627
4990
665
1958
3243
3033
3891
1995
3548
2139
1087
415
3183
1934
2474
4400
1922
4112
1459
1641
736
32
1020
2951
2063
2569
64
4135
1162
601
1485
3740
3022
4031
4250
595
4398
599
3810
4260
3325
111
4519
3328
4417
2760
3321
4827
523
4552
3030
2300
1580
1715
1299
3569
2288
3515
293
3750
1860
2309
4242
4624
244
3610
4914
959
2696
77
645
4574
2768
3176
3654
4558
3148
4431
918
1061
1938
2028
2750
1770
912
1189
2083
2795
2166
4994
2169
2216
2635
1689
3435
4670
4592
2875
11
4986
3953
4786
1247
194
4001
1720
1223
2308
4396
1224
754
4230
2944
321
3822
3404
3143
2009
5089
2491
1854
2726
1418
4554
3476
557
1093
1203
2328
1820
4778
1728
1246
1163
4518
1848
3448
1690
3098
809
1602
2536
262
2814
5062
3044
4392
409
4420
1804
894
4570
2769
296
1925
5077
2629
694
2316
3782
2314
305
200
2822
3292
3816
4179
1663
505
4138
1382
3909
4961
137
1607
2855
3138
1825
3607
3976
2922
1579
1244
1603
1355
425
4387
1441
4056
3168
3035
913
2465
1312
4966
115
2405
4025
2847
2135
2388
1200
2550
1156
3461
4278
4486
65
1834
3616
4840
1911
1640
852
3913
2563
4072
545
2612
2153
1601
264
3271
2441
134
1735
3561
3087
2783
722
938
1133
1291
1588
4109
1198
2290
4322
3684
2552
5080
3625
1357
4309
1201
4952
33
3221
323
4739
1321
3671
592
12
2975
222
1593
3556
2398
4628
1375
2857
1330
1380
1356
5030
3776
1135
4467
4481
2592
2974
2092
1448
2869
612
1103
842
891
3642
1132
4810
3818
1638
1086
216
568
107
197
2539
1639
2302
452
2812
1757
735
724
2075
2322
2223
2644
3852
4404
2484
4416
2790
1202
344
3112
3742
3540
3978
3699
1165
1251
2072
5003
4611
3467
2646
719
2004
1352
2792
1042
4439
632
3010
4367
69
1527
4636
4235
2256
4530
1029
1258
3881
71
2670
2324
1279
1627
4355
4241
720
3051
3798
3675
2915
369
4190
2505
1850
2526
2277
3535
4817
4845
4874
2362
1399
3582
2687
3385
1155
1464
1691
4294
3362
649
2709
1443
1758
280
4771
4606
4797
2967
2667
4339
4483
2798
2554
658
5012
3806
2937
250
1992
1698
664
4116
1878
2618
2158
5000
4565
362
567
1566
2457
2264
4288
2100
695
211
927
245
2050
5043
106
2261
589
713
4712
2485
4715
538
3592
3172
4310
2722
2519
764
4789
1334
855
4675
2932
2954
4442
4756
1964
2715
196
606
2770
2122
3861
494
4244
3470
3273
4535
4160
4337
2930
3129
1673
1792
1395
3380
1197
2211
4094
4697
582
2173
839
1781
3628
4955
154
534
650
4209
1965
1405
2599
952
4513
2882
874
999
4137
4311
3499
2918
3564
1136
3006
1801
1625
4698
79
1005
2466
2177
59
3950
4185
1771
3387
1097
18
4401
2022
535
3444
17
2067
3647
4332
96
3797
3078
578
4954
4539
2583
3305
3434
2883
2117
1166
3594
1845
2471
1367
418
3389
3844
3483
163
914
3090
849
4767
932
2596
2934
2226
1863
1466
1861
2910
3533
3289
3117
3826
85
4575
3858
2137
2832
591
2851
1362
190
2684
1710
4391
1415
5011
4701
3027
4752
1778
1794
3121
3013
4042
2413
4004
4880
2947
2255
2159
4016
2024
2926
1917
3422
2287
2594
483
4548
3848
1385
3604
4203
1072
2208
373
4870
214
3523
2532
3733
4063
4282
2152
3650
2181
4261
43
29
2219
4564
4100
2387
413
4376
1305
2372
4501
1668
114
490
1921
3443
1779
3899
4996
3991
4665
4610
4617
890
2187
3597
284
4551
1276
2017
1536
675
2838
989
4896
1547
1752
3702
752
187
3438
