4477
2762
2149
2830
2389
3110
1081
52
5013
648
1701
4934
270
1321
1171
3797
3009
2693
64
1515
4437
3445
114
1699
4510
4211
2152
3750
3709
492
4281
3859
3297
1974
3433
1074
4198
737
2051
2757
2316
4134
4689
730
1691
2243
4821
3425
5003
1409
4709
4340
1780
3941
2288
2491
1310
1000
2967
2030
991
3650
2597
3780
912
4774
384
4729
3096
3757
2121
957
4255
4284
2166
3789
3350
900
131
1041
3461
2705
4732
3968
5077
759
4746
1886
475
172
1557
1414
4919
388
2777
3538
3568
4301
2430
2155
4114
4290
2347
3312
3902
312
1445
440
2898
2463
3507
3973
3583
4046
4762
4717
4392
4526
894
779
2632
4872
2120
4425
958
2716
2134
3634
4544
3788
4168
1587
903
3976
2262
4967
2073
2599
3658
4698
909
4538
1727
4326
4177
913
2955
1545
395
4569
4033
1326
278
1561
2702
1393
1053
3599
724
4391
1509
662
806
419
3566
4493
1794
948
801
1186
959
1266
1129
265
3360
2032
4546
43
1086
4184
517
3960
3603
4299
955
846
2087
1505
3758
3529
4441
4628
4942
4770
4994
4728
4130
3106
3290
2868
939
3327
2607
1020
2415
4615
2451
3953
1533
4174
976
2677
3208
4212
4439
2495
2424
2586
2238
822
520
3151
889
2144
134
1169
778
1850
2330
2981
1173
4164
1771
296
107
376
8
2384
3572
510
4206
624
4996
4416
1179
1308
2923
545
3380
4384
1591
2363
2475
2213
1151
44
4726
3560
4679
2845
245
1124
1643
3871
4760
4285
3912
3330
2935
4476
3879
3739
1106
2590
4225
2997
1353
934
4811
3098
4565
4158
2903
4532
2985
5031
4828
1438
4798
4874
4753
4283
4902
3918
4276
2005
1943
4113
4422
4408
136
974
1953
2127
4004
3002
1859
2580
3251
3680
4642
1504
177
2158
3145
3187
2934
2205
159
2824
2918
1752
4329
2440
871
1070
3230
3575
2206
2376
1747
3370
1728
1725
516
4239
4103
2944
1782
2034
3962
3250
3660
3200
2207
1831
2294
3073
3670
1754
3945
316
3032
4190
980
3066
224
1779
2727
2311
1942
3951
174
3734
3635
4125
2928
2357
2221
207
997
1964
880
895
1740
1724
4864
2927
3591
1281
67
4157
2427
4513
1867
345
2723
3014
2576
2354
1297
4810
3282
4608
668
888
716
3804
123
1315
4525
4100
811
4071
3929
4204
5012
1524
1536
1693
4087
4614
2942
2341
336
4932
267
935
796
1013
3966
4175
4524
2301
1235
119
3428
618
2229
1241
3748
843
2765
2114
4969
4183
2553
2352
2390
3885
2802
3015
2573
2039
1262
798
5025
1790
3803
2139
3296
4841
4820
793
2853
4735
4795
3048
3587
720
5020
1303
518
2538
671
2007
23
3939
20
3474
4398
2117
2588
4096
2216
2177
4830
424
2662
1891
1065
1323
1160
838
4573
1518
825
908
3057
87
111
774
1820
2223
163
1562
4122
767
1294
2746
2382
324
3710
2309
3623
3459
4539
3751
3099
605
1264
5001
4763
1035
1193
4331
3940
751
1374
1611
4533
4984
904
147
154
2148
3245
3277
975
2368
4208
861
2696
2883
3816
2312
1664
4315
4449
2712
4596
3178
243
2292
4258
299
522
2614
1499
2314
1893
2780
878
2281
4507
4674
175
1361
0
1454
4666
2550
3707
2708
3777
2133
1995
901
3685
383
1839
523
505
4684
4440
743
3065
4435
2795
1993
2199
1131
544
2534
3952
2828
3818
1076
4877
1175
2527
4348
1248
1130
3182
4070
1898
3731
1862
1351
3172
947
1746
2930
1237
3916
1758
1659
2471
1489
1998
392
463
3194
1527
787
1327
3982
372
2214
179
970
2963
3770
4768
3839
3677
1
3352
525
3997
4669
4560
547
3924
1811
2370
2024
539
1732
317
4486
353
1772
4719
4202
4857
54
951
917
916
983
2847
2013
1547
3075
3063
3328
28
1158
4308
59
973
1259
942
3910
2888
2682
2349
782
1412
1472
2466
3579
3209
2171
3332
4530
425
2519
3359
4681
4401
237
5068
1574
4662
1890
2046
1931
3177
4254
3317
3225
1343
1012
3429
3104
2297
3857
2842
2986
309
2669
490
1274
3012
2493
4938
977
5017
4460
2375
3574
1338
5043
1419
3506
3152
4997
2421
559
2996
146
1153
1280
590
1879
849
2617
1089
570
1918
32
3365
4620
2630
899
3913
1521
477
2468
2649
203
273
434
40
2119
4278
3637
4335
538
3759
128
3564
1903
1774
3754
1522
4313
1686
3095
1924
4652
2082
1104
694
4354
2526
4807
3292
232
367
1872
4265
3837
1555
3581
2618
3438
2069
2467
3817
1335
1233
3799
399
1821
1829
3491
2861
133
1685
2855
411
2683
3190
4068
3396
2850
1386
2943
3986
3300
4487
1452
2608
3447
4467
3214
2990
1324
1227
4991
474
3969
3849
4541
2408
5049
2023
2356
4602
3561
1719
4670
1939
1916
1556
2863
3627
4780
3217
3078
1265
4295
138
1029
3983
597
220
4653
4173
4373
5002
3899
2919
4545
4434
1559
580
408
3647
3077
1553
1987
412
1164
4834
2915
565
4775
3582
2003
1446
4911
1347
1159
2403
3903
1272
1045
1426
2695
4595
4557
4547
1933
4166
2300
2894
3134
2745
416
2652
4171
4360
3643
212
1082
1101
3760
4037
2772
4452
1026
25
2615
3260
1737
3711
4643
2310
1902
2841
4272
3624
1449
4245
1614
3961
2272
4410
2438
3472
4376
2093
2446
589
2755
3776
1594
653
1204
3852
1211
351
1981
2340
3426
3840
4399
263
1147
3725
1194
381
4649
3639
2419
667
1396
2819
2410
4386
3700
2849
1905
3101
2554
3023
2667
4054
1257
865
2102
458
2675
4502
3715
3855
3398
1348
47
218
3013
4294
4494
2748
2523
4
3563
4559
4940
1149
1763
684
4138
854
3502
4040
4074
360
1959
4078
1586
2545
1814
4818
1997
1466
2072
4623
2099
1250
2320
4531
1388
3733
4927
1485
1377
1528
3998
2168
160
2428
3999
242
5055
2261
4870
1874
2018
3137
2799
2654
3801
1330
2004
3040
78
4400
2896
1170
5044
4527
4123
1630
5062
4069
4801
2931
391
1050
4210
4144
4566
331
2131
2674
1529
2811
3965
2694
1320
3403
5046
60
4755
4589
1052
4610
1748
852
2616
3656
4216
4958
457
688
2464
142
4300
3511
1647
2306
650
2037
1476
4723
1887
1441
3227
2290
1652
4845
3978
3870
4050
3498
1512
162
4178
11
1767
4084
2540
4949
729
3948
2953
2701
563
3841
2
1174
2525
193
4468
553
1610
4738
2665
3878
3480
1006
532
250
1516
355
1500
1826
2509
118
247
558
3010
2568
700
1745
3463
2966
2400
3558
3111
3381
1609
3516
2893
277
300
2626
3394
1598
819
4039
3362
1641
4631
4063
1136
2332
3594
4948
332
911
3467
3044
2186
2425
2047
4336
4215
995
4851
4011
1459
4473
1287
4540
4957
3989
1253
2954
4789
3887
3765
795
4260
183
2980
3302
3663
217
4928
4976
4269
1663
4337
3823
4853
4881
4499
249
4671
4264
3189
4727
2167
1864
1481
1212
2188
2502
2891
809
4548
561
4913
4311
3071
4972
4598
4207
920
1894
2494
4779
2889
338
4423
4500
599
4418
508
2417
2621
228
2587
1626
2612
1718
3905
2536
616
3610
178
708
3400
4858
2706
840
4450
3221
3070
1218
4045
188
1122
4644
3892
2738
5024
4076
2977
4707
1696
97
373
1760
3702
4613
4799
3705
4220
3503
2045
1698
739
3427
1677
3346
2804
1896
4659
4625
3082
2318
2157
5018
592
3544
4982
3732
1498
3244
2193
3595
972
4933
1588
2359
2657
4929
540
2882
1776
2809
1156
1954
4583
2057
2035
2520
3893
4275
651
2510
1429
986
1984
4873
2518
717
3716
581
4332
4268
1291
1848
1487
1369
5047
2090
3785
4572
2713
815
1912
1059
1408
3907
33
1087
1033
1572
4259
1895
3223
200
1636
2146
4866
2952
4718
1313
4939
1945
3921
3546
2650
1996
1368
1172
2230
1289
3042
1417
3163
4980
257
4346
978
2767
1541
2426
410
4734
3039
1256
4455
3485
3845
3923
1246
1525
2843
2651
1762
2303
292
1770
4298
591
55
436
4706
3338
2871
2529
4320
1750
4060
2979
1549
4006
1775
740
3985
3775
3720
3630
401
1105
1921
80
2726
3539
2645
1642
104
3689
4855
879
1116
36
1689
2501
4010
4395
3457
4906
176
1957
4189
3593
1888
4508
3239
1681
2547
1199
295
3886
5030
186
3155
2331
2420
1808
1837
2956
4697
892
16
222
3875
807
676
1568
4443
763
984
1309
117
660
49
2825
1016
4057
2380
4963
3963
2691
1391
5004
4890
2391
2355
1371
1162
3796
3036
511
602
3549
2350
2362
2968
2025
2405
291
364
3745
1001
1276
1583
2044
764
4924
1607
1679
3261
4542
3850
1878
3681
4232
2185
3636
1400
4152
915
1721
594
1255
3540
115
5089
1739
4590
4474
1616
5037
4749
4575
1565
3220
369
4814
189
537
738
2860
4599
368
2406
4339
881
2016
4279
1581
3363
4783
4802
4776
4446
3673
4118
3407
4758
2729
1378
2574
4748
4089
3392
3602
3883
4330
921
3605
4447
4191
2775
1030
3906
1230
1929
4180
4514
4483
4229
68
350
1073
2236
2454
2789
124
3319
3301
3128
3052
1976
2521
385
2212
3402
2552
202
1355
500
3479
4923
3555
1990
4970
53
2187
4685
3105
2245
4593
1493
418
1620
1431
600
3144
57
1146
4897
4743
4370
652
3455
4082
4414
287
3005
4495
1785
4405
96
5040
3090
4282
4990
2333
1687
2269
1451
1950
2241
3958
1222
5052
2435
678
3112
2323
2786
213
244
4965
4353
1967
4359
1625
4558
2036
1442
1600
2299
466
3964
1612
46
3821
370
1880
1700
2503
1148
646
450
2854
2643
3439
696
2869
2666
3942
3664
4347
1301
2870
1258
2455
2327
1830
636
3091
2867
1963
3972
766
4363
397
1002
4907
2631
3497
496
3629
1937
3406
3241
3588
628
936
2904
1828
4170
4479
1190
4968
3148
2104
1312
985
1252
29
1970
1869
3051
4580
824
3824
3473
19
4324
3714
3358
3626
3059
874
1962
828
2689
3412
3800
3471
4619
453
4448
3928
1260
3324
3774
736
1342
620
3114
2879
1662
3646
1461
275
4049
1726
3830
4838
2394
4213
4403
2768
359
1307
2077
2620
1202
2477
4172
4001
226
1390
3826
4879
631
1456
1501
4716
2736
3318
1161
2575
4884
5080
792
2604
4916
258
4657
4771
276
1068
1098
3489
3076
4110
1573
2528
3247
4073
887
2266
2752
4179
1163
3417
3147
556
877
280
238
4003
2784
2486
2839
4501
4912
1860
1671
4052
3387
1099
3453
818
293
404
472
1295
4700
3415
1778
2162
3926
1736
229
1092
2191
1619
130
3657
3478
4904
2642
1729
3917
3713
4708
4578
1906
139
3003
541
1119
1795
3532
4635
3813
396
1420
4847
375
645
1936
1176
251
4131
493
1873
1877
2378
1066
2348
2268
3024
3286
2372
1208
1277
2105
4489
3771
4250
4163
3440
2971
1697
1526
4600
2770
1240
4686
3432
1293
644
4586
413
604
2964
3391
2235
3436
2227
1741
674
639
2522
2653
4812
4999
3434
611
2006
579
4868
281
4365
170
2592
2570
2859
4985
494
786
2994
13
543
2921
1362
661
12
1670
4411
4032
459
3205
164
1513
4641
1318
2572
1622
4257
1447
3778
2720
2866
480
1188
1792
3597
3154
954
4637
4894
4219
479
3081
1372
1835
635
1398
4754
2089
3431
3169
4310
4387
760
4385
4351
2369
3243
1806
1680
1302
3274
3088
2096
3008
2203
140
2578
1550
2413
3718
3164
319
3779
4892
157
2304
3333
1755
4015
3079
3665
2476
4626
3123
1079
488
1203
1911
3452
1433
2064
2225
377
82
734
626
1639
18
4428
3279
2707
3175
1818
2790
1142
2808
569
5007
775
5034
3873
4031
4714
1389
1407
2595
344
1091
2021
2826
1793
4777
2908
2583
1966
1992
2598
789
3183
272
3006
3726
2385
918
3815
504
2684
3061
2180
497
3153
1989
2140
1118
320
519
2742
4966
3117
5071
41
5026
499
2017
4338
4066
3080
1439
5087
1803
1596
2075
361
4954
4790
950
4860
3320
1418
704
4518
2962
4456
5075
758
2472
886
2135
1064
4520
4577
2085
987
3847
3938
2289
2010
141
3131
4567
4950
1849
2444
2084
4251
2901
3378
3990
1567
4813
3578
4379
1621
677
2381
1558
1352
1994
1734
4475
3737
695
1751
348
24
4065
1735
2366
1278
3806
3462
2009
330
4769
3484
4604
1214
5038
168
1268
1644
587
4086
2594
2753
3866
2900
1941
1842
2885
4617
4867
4465
307
707
3343
4844
4839
4128
2974
1844
2397
2488
4661
2591
4296
2374
2147
2328
3393
4946
1832
236
1181
409
1415
1337
2153
996
1135
3119
2254
2864
2251
1197
1336
2449
3791
1653
352
45
3936
3304
3541
2000
1900
2633
4472
35
4024
905
239
1985
3687
4048
3016
4252
956
4863
1633
4606
3741
4701
4503
3185
2490
1329
3632
2259
1455
3694
3589
4694
3170
3201
4459
1531
940
4383
1907
61
4242
832
1423
2473
4648
502
3030
1192
4028
3366
1238
1809
4091
4382
1056
74
803
4149
3763
3263
3298
1032
4705
210
398
4345
1345
3441
601
769
465
3854
2338
2603
347
3255
2353
3029
206
3161
4910
311
582
898
3808
664
4247
2989
2524
2856
1563
3782
3838
3896
884
318
2582
4042
1733
1245
4765
10
4971
4925
3235
4917
3492
2562
109
3176
603
1269
39
2100
4297
5011
3349
3210
2542
1060
1037
4415
1712
804
2291
2279
3931
2411
3229
181
196
3846
2717
509
3671
3967
1191
455
3331
1134
1120
2704
526
2061
1676
4725
2530
3264
3325
3493
3356
2929
709
2972
254
2287
910
5042
4893
1488
2429
2796
2038
3934
2787
3037
4592
870
2275
3590
3571
2111
4556
1473
4117
1340
4022
3641
4720
3414
194
2151
2857
2920
2053
3919
4898
3520
2248
2113
304
4482
1061
1688
2258
1892
4099
1468
27
515
1126
2342
2687
98
906
4788
3288
615
2434
3880
1637
3496
2644
2247
3476
3724
340
2447
3767
1384
3505
1947
3640
2515
4865
3678
3693
4312
2334
4271
1554
2936
354
4188
4436
3192
3409
741
2569
4367
4750
3654
1168
733
968
685
2132
5054
3064
3832
2136
337
1853
321
462
2361
699
5041
3047
3368
452
420
4088
705
3166
426
184
2781
4462
2549
617
3717
2337
4143
3118
534
632
1292
2220
715
2829
4516
2697
4975
2050
230
922
3645
2959
2365
1822
514
3592
1884
3034
1096
784
161
3125
2801
2890
4721
1560
2635
4622
9
2947
863
2228
4552
4115
5051
4956
4169
4915
2040
3377
1673
3659
4683
681
4842
491
2067
2623
3093
682
2274
271
5086
1986
3074
2098
1284
2862
3798
2605
926
1925
3213
542
4205
3932
761
71
3684
241
1972
1399
748
227
5076
679
4767
100
4597
4529
3309
762
924
566
400
95
4047
2255
1843
313
335
4102
185
3569
2557
4412
4740
2445
4342
2827
5048
1198
1102
1856
1282
99
2924
4496
3285
2766
2418
2217
1048
4261
84
4409
1851
182
5023
4030
557
1743
2647
2764
378
37
3667
3069
255
2875
1684
3736
5065
4665
2107
1847
2433
3783
1569
4899
1991
1852
148
1603
1344
1857
835
208
2002
2905
548
1694
173
2589
325
4195
3195
672
1154
328
197
297
765
2322
2249
3842
1908
4116
3862
433
4832
4107
530
126
2457
3113
992
1434
1819
1578
4444
290
4397
2508
498
872
2975
1090
198
3257
3633
1961
158
495
4062
1078
3756
4687
76
4736
2246
4302
3868
79
4640
2336
3287
50
4587
3701
2659
4846
1373
946
4664
3483
4633
3742
1930
4609
3146
166
2602
1613
2431
1846
3487
4563
2747
2437
83
3299
794
2183
2048
3651
4129
4248
783
4816
1840
2690
966
914
1584
1595
2791
856
4234
1085
1043
435
3927
768
937
1242
1410
2196
38
3786
1544
5000
612
4667
3206
1397
2173
4803
2399
2383
697
1285
1710
3787
252
2443
3446
3784
2126
1486
4585
619
3607
1381
4104
4651
4097
5063
2358
2814
3669
943
3562
4067
990
1883
862
2160
4875
1044
1350
2655
928
4137
5061
3419
4026
4852
4663
2244
521
3233
1938
3631
3050
3570
4009
2911
2367
4374
2156
4739
3273
127
1604
3955
3628
2461
2068
1205
2360
3421
1014
1646
4759
3512
5033
2103
5084
2732
3254
2123
1094
2283
120
1379
4150
1249
1928
4481
121
3127
3171
638
2182
2129
4034
575
2118
3611
690
2487
3552
507
3606
3188
1207
205
3856
456
2671
1023
4741
1640
1332
1360
2022
4634
4287
3258
1484
851
744
929
4497
2189
2543
4861
4952
4691
3761
2351
3102
2965
2922
3374
1039
248
4848
1402
4147
2142
4396
2065
3165
1540
546
1195
823
3460
680
4882
713
3904
562
4551
65
2172
1915
2700
2416
1634
3914
1008
3281
152
4429
389
4809
2579
2056
2137
387
3026
2760
2926
5021
756
2656
3150
1316
1069
4491
4469
1618
1178
4903
4253
3218
3648
4221
864
3216
201
3092
4618
214
308
666
3361
2673
967
4021
4246
1480
21
4008
2161
550
3580
2634
216
92
2609
3596
3494
2788
2483
4678
165
1430
3270
3442
4377
1632
4433
4959
1187
3162
4464
2178
2535
3045
640
3295
1341
1133
3011
4909
3140
4951
850
1231
1387
2190
1787
1855
2976
1413
2395
637
3790
3706
3975
2916
3410
1128
4692
2887
1866
711
1709
1575
848
596
3167
802
691
1251
719
438
1999
2917
2414
3970
486
2722
2112
3087
4992
2498
483
1346
4080
5005
4458
1475
4120
857
1707
4241
4856
757
3901
3389
4027
221
1444
2145
2169
3334
261
4162
1602
2412
731
1482
1868
4751
439
2679
3306
4432
3035
180
2812
3399
3499
4002
1497
1267
428
4388
2497
833
1143
1478
1483
3861
2210
4878
3565
3384
1152
4059
4935
1339
1239
3174
613
659
1922
4404
1196
3310
1038
2987
1624
3888
3753
2108
3231
1800
4825
826
4943
2020
1314
3420
981
1635
1177
454
3466
4535
2758
4490
1901
5015
2014
4317
3533
5010
1354
3020
3792
3925
3196
797
4420
2081
5069
1946
468
2070
4012
2263
2668
703
4119
2721
962
755
2175
301
1247
3649
1144
6
105
836
406
752
2555
2393
3083
4025
3345
2680
4800
3240
4987
930
422
3528
3653
3126
4140
3601
1827
3211
1570
810
3521
2436
3812
3443
2423
627
3168
4601
4876
1678
2031
3971
3224
726
2015
834
4498
4218
3262
663
4236
2271
1150
536
2095
4230
3567
3280
4480
3604
1956
4334
3339
3947
1593
710
3882
655
2480
714
2925
1627
2265
90
3139
4888
2307
3697
3058
5083
4817
1140
417
1854
4126
1952
274
4549
469
1722
4961
721
333
2028
649
2201
3464
4421
106
642
2718
4055
286
506
2558
3116
4209
315
3234
2194
1141
2838
4325
670
1440
