3209
3822
3150
2263
958
3881
3954
1656
3874
138
5055
1191
4609
4980
2033
4553
4539
9
1225
3218
711
2852
3098
1089
423
3463
191
2550
3413
3298
2909
2531
586
4545
2677
2701
1796
3768
1615
2452
718
1697
542
3391
3467
3664
799
4175
2917
4662
1586
2384
1883
225
3799
954
3807
3543
1526
781
4032
4679
3205
3131
2514
2776
978
4898
1111
33
2814
4299
389
5068
4552
1882
1921
1939
943
4516
4537
19
4789
898
3230
3435
3050
5001
3631
3401
1303
996
3908
4000
1306
1649
4305
1234
850
4354
2158
1826
4182
2477
1109
678
534
2859
3
1282
1237
2117
1154
3473
4113
2729
658
4045
2529
4874
3658
4925
3645
970
75
3984
1505
3514
1687
1264
426
1196
4090
5006
4371
294
3567
1556
297
524
3609
2011
4015
3183
1524
1729
1490
4760
1210
1272
3335
3713
269
2954
1641
4524
4670
3055
404
3577
3016
515
568
1906
640
1034
1322
824
2365
1713
1818
462
2901
2300
4004
2420
1273
3592
3052
349
1021
4527
1654
3147
86
1328
331
223
2050
3767
4621
1707
3636
2790
4964
1081
4853
1244
2502
1844
61
4510
3021
4566
1742
665
2708
79
3714
2569
151
4232
400
3094
932
2950
2027
3339
299
1409
2896
1291
4295
2381
2882
3726
3766
4950
3291
2278
4694
2932
3345
3913
2453
1763
4533
1674
1270
3494
2547
4486
2383
1908
702
2166
4951
634
1120
1125
1139
4507
4948
3397
3928
4700
3934
1940
1756
4571
4028
1566
1025
3201
1251
39
4970
3650
4126
3669
1221
947
793
2902
3911
3877
3782
4975
5086
3069
58
527
3267
961
1068
4119
1453
2141
579
3244
2367
3886
2494
1868
4866
1980
1591
4010
4805
3162
3505
1489
1538
2661
3987
3415
3569
565
3316
736
4243
112
3354
4156
1691
848
1623
277
1475
3471
2443
1877
1834
3332
49
177
232
2108
4716
476
4638
346
532
3519
743
1331
3878
1666
1252
2257
3087
1263
3528
4447
4298
4544
964
3599
307
2774
883
2418
1648
2788
188
2794
3887
754
1053
2570
576
4998
3843
1753
4368
4027
2825
5024
2198
236
879
4826
2266
3921
1036
3738
669
3884
1974
4007
4031
136
3288
4419
3075
2403
148
2142
2497
764
1087
728
4902
825
959
7
445
2251
4151
4635
1288
1186
2409
458
4550
3998
1038
1314
2961
2607
250
3588
4359
912
4966
2883
2756
4615
3443
4528
4140
4504
2243
230
3113
2460
1933
3240
3276
2259
4910
627
1613
2022
279
1568
2404
813
3328
1155
4839
3299
310
3521
4490
384
2115
4301
3429
992
3566
341
4622
3975
3736
3507
390
4127
3549
4717
2393
4139
2185
2557
2195
4541
4954
805
928
3374
601
1381
3774
1008
1500
2216
4574
1847
1886
2614
2571
2799
447
3348
1171
1385
4051
4559
4348
3458
1499
4812
3604
4480
4146
1848
3273
4215
4990
844
555
854
3603
3673
4058
126
1147
4979
135
1814
2155
2773
773
4876
228
3376
1444
3918
1190
4235
1366
1002
905
2353
358
3428
2129
224
1630
2089
2944
2627
1669
4433
2440
4629
215
4549
1794
998
1166
200
4410
365
4702
617
2192
1040
498
4832
4066
2360
5018
4088
4488
2966
1392
2432
4909
1594
596
3436
2120
2721
1502
1201
3411
139
4724
3580
816
2333
3268
3796
4869
252
338
452
4720
3129
839
4845
1508
2823
154
1443
3949
1576
2206
3285
4285
1478
2588
3318
4318
4974
4375
3237
2767
3517
4535
619
3247
3056
3321
2553
4850
2069
1227
1797
1376
1460
1547
2545
1375
4316
2737
4685
453
4200
1722
2044
2996
1338
4111
1261
3387
3576
3701
3806
4624
4291
211
2548
1184
17
1650
2874
4601
1069
4661
1027
1913
4983
2894
2893
1283
2822
1408
1934
2821
2972
1323
1178
2717
1239
2347
3968
3359
4044
3294
174
2525
3431
2322
4261
3582
4142
1968
543
2992
4238
467
2000
1180
57
3508
882
4228
4893
2826
3194
2574
3557
4859
5035
2338
3270
2053
1946
4251
1569
4112
3780
1383
3964
4367
234
2326
876
4835
2172
1573
1936
2097
308
173
4814
3170
4245
4016
4843
2339
3248
4797
2802
348
3265
4481
2974
3171
3228
3182
1458
2219
4188
580
4297
4267
4030
1969
3041
2232
4972
2617
887
11
4988
468
478
1529
40
4836
3027
4945
1719
4355
4830
536
571
3740
919
1845
4937
2180
1260
4469
1067
1927
3049
667
4397
2481
3142
5082
3385
926
1950
3648
150
2528
950
4382
3948
697
4131
3372
1520
96
2076
3810
2421
4918
2173
1552
4250
67
995
1819
2970
3438
1726
802
581
170
808
2149
4351
3988
1071
2696
2188
1271
4673
778
4158
4825
3076
2130
4414
2217
2849
3906
638
1744
222
5048
2516
2533
780
2462
1062
4288
937
1752
3965
2433
2018
456
3186
4558
378
4442
965
575
1867
3127
1300
4795
2028
443
2189
856
4831
2647
4934
1672
4388
953
4707
449
2099
1092
1644
1910
4096
1493
990
2523
280
1897
2534
3504
2623
2209
940
4742
182
3851
2046
3071
3896
4698
694
78
2552
2997
125
2603
364
1593
2085
2861
1928
1117
1881
760
3448
2968
4688
4732
2930
1011
2838
434
4522
3341
3574
29
1749
4105
2878
64
1463
2785
1133
4594
5036
2933
427
566
1507
3487
4567
3718
4
705
2804
2486
1616
3010
4143
2593
4445
1790
4241
4686
1470
4778
2484
2584
3801
4335
3584
4008
5011
3358
4646
2240
3077
1078
3544
3755
5021
1850
749
4420
2766
120
1477
2867
3314
2229
1050
113
2369
1884
143
345
4035
3665
2888
1240
4878
2298
129
3974
4333
4749
1157
4580
2463
1006
2317
4337
812
2952
4095
788
514
3156
304
4278
1955
2522
1622
196
4163
3671
1618
499
3679
3873
2801
2123
976
183
1042
1839
4394
2285
4407
4360
1888
4326
4499
577
794
2546
676
3437
3192
2980
4167
814
2160
4506
59
843
2508
1454
155
1054
2082
2990
4801
4280
2846
2208
4474
267
4743
710
3002
3115
4422
1315
3078
3214
757
2689
3783
3855
2612
481
1808
457
1076
3809
3032
3196
1564
724
4547
4671
2998
2707
753
787
4932
3210
4664
382
4563
1930
1432
4207
4037
3139
2808
3040
2063
2349
4094
3004
3657
2287
1411
2105
410
3917
1587
3938
3362
3791
4683
4275
660
1603
392
4269
4652
4651
1901
2691
2848
4715
807
2072
3891
3587
1384
3976
439
4042
4321
1758
5074
387
4923
1750
1324
84
3427
4130
3266
4861
4059
4523
626
696
4914
3683
564
578
144
1278
1817
5062
4073
2132
1861
2416
1119
2041
3606
3589
1228
3105
680
2075
835
4129
235
3899
821
4900
3377
1515
2881
3232
2955
945
2459
3568
4189
1761
2109
3315
186
1342
1012
4464
244
2908
1738
2162
4091
611
3086
3451
3104
2795
2797
2590
2135
2305
1823
1754
3233
2113
1759
3773
4137
4425
776
5078
2536
477
1102
1958
683
545
3862
2781
4262
259
3601
2489
2125
3070
3827
3991
3260
1838
3922
1285
3815
369
2775
2009
4400
949
5003
2662
3364
3340
4273
4562
3000
637
525
2637
822
4319
4508
3405
1245
4089
2951
1876
4699
4372
107
1313
4466
156
3966
1075
1597
712
4106
3821
4328
1093
4181
766
631
3996
202
2868
2817
1872
2218
1436
541
2945
907
1396
4536
2953
4230
2068
4443
4246
73
1628
4185
3141
3952
1510
2402
4774
3722
4014
3493
284
473
3681
4123
1923
3065
4628
27
2368
4398
5000
5025
4585
179
4726
698
2290
2732
1085
4357
1279
2837
3202
2947
4668
4949
4818
1836
3777
3254
1583
4034
4946
1215
3058
3770
2960
4446
523
881
89
3208
1364
2267
853
4952
3660
616
2949
3792
3073
1503
720
4405
3239
3169
1898
2055
4460
446
1574
1730
2405
167
4995
3108
1793
740
2398
1151
288
3399
1893
1218
487
987
1095
1415
4036
2087
35
2754
3126
4595
2834
1498
4543
3550
3820
3275
4266
973
5
3924
1769
4373
910
1146
4895
4043
2999
3742
1246
2126
455
4174
2789
3819
2001
3678
3845
4583
2275
4526
2800
2921
3252
3284
332
4787
4334
100
1469
791
2831
1857
2329
3744
3828
1655
3296
2659
1192
1099
647
2014
967
3689
4386
309
2342
4848
1442
913
2474
4205
1963
1380
2906
3717
3152
318
93
3343
4903
3474
2887
3167
4623
3619
2685
82
1389
1297
4342
1431
3157
4383
1994
2019
376
3229
4195
673
219
343
779
140
197
176
1130
982
3776
2002
4274
4255
1211
1954
688
1512
942
1296
1360
1557
685
2715
2356
2435
3880
1988
3661
1784
4751
3829
4365
4453
1678
3834
3330
1911
1523
4737
1757
4519
863
4343
3530
3703
4236
1755
3349
261
2657
4612
4069
124
3074
2568
3011
4121
4122
4502
356
826
1789
5047
4194
2332
3368
2312
486
2539
4017
2296
2476
3548
101
4147
871
1577
398
783
5020
5064
2184
3344
4575
2426
1307
287
4503
505
5051
469
3489
1115
2851
3700
3371
3522
3347
3958
3480
2592
4264
2897
1476
2480
745
4306
4304
594
4369
4320
3360
2078
3835
1542
1014
4283
2102
90
2596
1086
2726
654
744
3222
4322
3271
1321
1393
5059
1825
4093
22
3277
2840
506
4162
3242
3313
76
4402
3573
240
1104
3241
1849
1175
804
1961
391
2806
491
2291
1999
2723
4339
3099
3251
920
2386
1992
3993
169
3187
2058
5002
691
4610
292
3103
4432
4268
1140
485
3630
2744
1286
371
2191
1904
146
1985
1605
3745
537
3134
2983
3623
2491
1346
1890
2740
554
1900
5016
5053
4709
3308
2194
2815
4713
2336
4473
2703
3697
1212
3675
2226
1305
1632
408
2610
315
3319
1347
85
302
1885
88
828
3716
730
3503
589
1703
2327
1247
3616
4412
2926
2511
4744
1143
4560
133
1302
2280
2667
1627
3203
639
4152
4300
1440
2214
2470
2010
735
5089
1996
1152
3018
3053
4965
1830
1023
372
460
494
3518
1543
1136
2845
3030
1931
3863
923
733
2395
66
955
4141
1426
1714
3856
3174
5050
2293
1711
4877
4879
3699
1030
1571
4331
361
402
3211
5066
4596
2274
4477
3512
2282
716
3741
921
2210
1418
1991
2363
1274
3967
1254
1243
663
2199
2700
1699
1103
4798
2504
1094
1467
1423
4653
560
2389
4576
2915
914
1482
659
2461
1073
3961
2843
4701
930
2496
1108
2029
245
3269
690
4886
1487
25
314
2127
1495
2133
1706
3116
4849
395
4491
2936
353
4260
3386
374
2294
2586
442
3423
424
4377
190
2366
1537
4711
1387
1373
4765
544
4708
1172
785
836
1770
2289
1895
517
2578
3132
869
927
55
3063
4538
1336
419
4926
104
1197
399
1425
1785
2201
497
4138
3719
986
4033
4128
217
4823
3361
1332
3381
4822
2558
2343
3813
1456
4430
4525
963
1943
3729
900
1682
2640
5087
2273
466
1880
529
5063
306
3871
4487
1681
5034
3941
4271
3502
1815
3607
4038
1122
4458
2684
2045
2122
3691
5004
2624
3166
42
4134
313
2613
1248
2283
538
2394
706
3342
960
606
2527
3940
3301
482
63
2719
3561
2213
1659
1310
4871
2854
4289
1539
2455
4647
326
3779
1803
3730
3334
3061
2581
2551
3826
1358
3765
1530
4856
2923
3663
354
615
4150
3400
1546
3617
1084
633
4424
2042
414
95
4891
2224
2506
2900
5045
2374
695
3781
406
1100
2272
2037
4956
4461
1506
817
4177
1368
3096
4226
1
2530
2615
993
3868
2733
877
4960
3389
2134
2680
2518
206
934
3812
3659
3044
1768
977
4197
5039
2971
2228
3836
4718
283
425
4780
5041
2012
841
3195
547
4963
4212
3535
2086
3123
3499
3705
2855
1362
1600
1316
1363
2348
2335
1527
1862
4500
3723
1176
2566
3309
2362
4821
1105
2245
1924
2310
1098
4630
2378
323
4085
1865
3310
1293
4678
4063
2035
1732
4606
520
5037
4100
4441
3491
4086
636
657
3867
3614
837
2809
4478
1964
1979
4659
2357
2419
4655
2939
2062
3613
1551
2827
4047
2036
1142
1195
4660
2163
3311
5023
980
2956
1580
957
3119
2071
28
4358
2818
4324
4309
130
4645
91
672
739
2730
708
2121
1230
3772
3555
809
69
1224
3012
2507
383
4710
774
3711
2254
530
4570
435
2445
2351
3594
3923
2963
3951
1625
2779
662
3808
727
4221
4959
1683
4203
3527
4578
199
1374
4588
583
4124
819
3551
1486
2601
4730
892
1003
1718
397
36
1874
3969
4935
2406
1916
2731
2375
3417
1208
1377
2927
1728
4520
194
1570
2007
4546
2197
2340
3980
1791
3081
2519
752
255
1352
3095
2639
1220
2660
4917
4336
4311
3971
2447
3712
337
4617
2658
3365
412
2937
4492
3110
2749
1837
276
454
4864
1205
2905
1544
3816
2396
2255
2791
3412
2147
3302
2591
2890
3695
4927
3926
3910
2912
1949
1698
3706
3753
4457
4078
4806
684
2879
4844
3457
3300
4816
3688
2471
4582
501
1532
3289
1369
339
1256
3486
2805
3363
4002
3130
48
3979
4991
1394
109
3402
3785
1399
3956
256
2334
3749
3537
3595
1739
2697
3857
2345
3992
3985
1455
1137
2674
3633
4374
4476
1777
4734
115
4984
4406
1013
322
2500
3146
1554
4819
1435
44
4413
2820
4922
4484
1565
4897
830
1370
333
380
2669
1354
189
4540
273
3848
4239
1361
1005
3861
254
1181
1514
1860
645
3962
4310
968
3124
2720
2373
4116
3001
2503
974
528
4761
535
2609
1553
2524
4223
1891
4281
37
770
845
2047
5033
128
1640
2380
2904
2938
4794
3915
3610
492
1080
782
975
2309
1781
465
1214
3798
741
1689
4436
3936
1020
1953
906
1595
1863
2292
46
1028
2355
1947
3870
2151
1585
1966
3754
3593
1253
4363
3080
3963
1496
1170
2762
3326
801
4184
1391
3900
2924
1920
713
4021
3534
4817
3017
317
1182
1596
2225
1774
1646
4276
2039
1942
2064
709
1337
2119
1702
2399
4680
330
2227
1126
359
1621
3264
3197
1780
4587
2237
2100
4110
4148
5054
1745
1579
2988
4994
3653
1113
4687
3654
2914
762
1764
2743
2159
3440
1259
4011
929
4589
2270
1236
1320
1584
2605
4784
2877
4741
3698
3323
3513
3024
3990
768
247
511
653
1379
1851
488
1198
1326
4210
233
3263
4693
1563
2434
3206
2468
1457
3708
4619
2465
5067
4217
1462
2024
152
3045
4225
3111
1473
4006
221
4462
34
1812
3421
166
2555
4756
4247
428
4380
3446
896
4451
2485
4387
2315
1174
3416
4222
4144
701
811
422
1437
4022
4018
3464
742
806
3804
3325
21
3953
4723
1922
2473
2521
1258
4048
1572
3106
4253
2483
1976
3666
4218
4548
4999
1446
1651
3383
2620
4955
1051
377
1057
2787
2538
1148
4179
3677
2193
2903
2567
2942
3189
4084
4057
3122
2876
4620
1052
4783
1626
2140
3178
556
4618
1203
4573
3422
1334
707
5032
1390
3297
1185
8
1680
4307
2631
3490
4714
3563
909
2676
4648
1653
5030
1896
3897
1892
4347
1854
4350
2299
3624
474
1135
475
4117
71
2978
1311
604
1772
722
4809
4650
4987
2344
4759
99
3257
1740
3057
4498
187
1304
4896
2231
2411
3088
3366
394
2650
168
4924
1972
1217
3370
3470
4135
2931
4378
4561
4684
3304
3571
171
2145
2636
1365
5073
409
3721
153
248
4317
3477
1795
4625
3253
4681
4257
761
1746
3256
195
3865
1004
2313
1675
2054
3331
2625
2664
4875
4928
1967
1693
4198
3051
2982
4968
2430
2400
4471
4913
118
1280
591
5080
803
4592
2131
2544
2564
3850
1072
936
3185
2427
2040
2424
2632
721
632
83
792
723
4323
2686
3562
2940
3578
4361
1721
2635
849
4969
1388
1820
1743
1058
2652
97
3007
1414
4712
2454
1439
1762
4052
289
430
3452
3219
4779
4941
1335
1294
3155
613
3602
5029
2583
624
2
851
4590
1343
2760
4497
681
1118
846
3626
226
3293
2479
3346
3747
939
2032
1156
4025
2306
587
1692
3757
265
2582
1720
1717
2124
1998
4109
4860
602
4416
483
1903
1132
4393
2816
5065
3739
4607
4107
3286
4894
1161
213
3469
3259
1581
2793
2324
1112
2958
3978
1188
432
393
4722
2431
3898
1451
620
858
1284
3165
732
4697
1015
3135
132
3533
1070
4852
3538
2690
1846
897
2439
886
899
401
4727
4258
1395
3338
551
1420
4115
2633
3355
2144
873
2679
1494
3198
1064
2711
4164
4379
227
2153
1450
2316
316
1599
495
3532
1045
2599
2138
952
3038
4290
81
1255
1619
433
4674
3191
3450
2341
3997
1840
1559
4332
3692
1788
3655
161
983
3462
4252
2673
3866
2114
3352
1989
4815
3597
360
1869
114
798
3382
595
3824
3763
4352
4001
4391
1832
4192
1541
981
4161
4920
3466
1097
1127
4521
2098
1485
4626
2693
2451
1267
2458
4916
4240
4908
951
570
1448
2081
4855
2205
4104
160
3019
3199
363
1238
3282
72
2236
588
872
3539
3008
4579
3680
3158
2757
4842
193
1033
2919
3545
4973
1747
3026
4530
3590
859
4075
3184
1734
3424
2741
4993
1417
4636
4467
4468
3367
2751
5027
2030
62
4604
4463
3039
4229
296
4249
4242
1348
1277
3625
800
2358
3758
670
2962
3710
4773
1952
4953
1858
147
2755
2653
2772
1301
1164
3062
4087
5046
4919
1855
3516
1962
1096
4277
2446
4220
4248
3751
4060
1406
2560
2641
2886
2013
671
1643
3459
3136
3690
3909
2964
2391
192
734
522
833
4986
2247
2401
1549
3003
1951
2288
4763
4196
2233
2841
1233
1741
2235
2829
3520
2111
3168
3943
1856
1466
3290
1864
2412
4055
207
1471
3844
429
3735
2728
4865
4603
4735
334
4706
2976
159
2866
3509
4870
4435
1841
2913
106
1048
915
1413
2541
4254
1525
4943
3028
2935
4213
3143
4803
1645
1281
2853
4602
4905
1141
3641
3895
2043
518
549
2450
1209
1602
4616
3525
4768
4026
984
4437
2989
759
737
2959
416
3546
2161
2048
4793
2910
3720
4155
729
1894
4513
2722
4911
622
904
3246
1055
3455
4472
1956
4791
1340
3125
418
1704
2323
2922
2704
857
1077
2994
3404
908
1114
185
3955
603
2948
1873
4837
3676
1658
1827
4012
1833
674
4633
2973
4862
918
4219
3646
3407
2302
2986
888
553
2128
3704
1917
650
3153
2417
2168
2585
1226
1624
4940
1459
3442
3498
1400
3876
243
3841
1492
4888
1540
134
751
4600
649
4764
1637
4496
214
2271
2803
3552
3460
53
119
717
3133
4829
1664
2889
2437
4854
4165
1522
4640
1106
3840
512
4050
1250
3789
4568
441
3447
4366
1528
3014
4755
818
3649
629
3160
2361
496
4976
1705
237
4515
5072
238
3907
3542
1309
2157
2466
2008
607
1039
2512
3482
508
563
4444
1986
2710
4746
559
4099
3107
2482
