3846
2028
1901
505
791
402
4171
3241
3989
3061
3188
2461
4552
2614
4124
1233
3682
1624
548
3733
823
1784
813
2419
1033
1747
411
4159
133
1123
935
1719
3348
4105
1387
964
2259
1550
1193
4536
3765
2943
3924
1563
4341
4438
1425
892
4669
4856
2405
2972
1282
614
1067
3732
4249
4589
715
1008
1073
4240
33
1680
4039
2880
2505
38
4682
2705
2213
1481
1647
1761
996
1771
1936
1208
1832
4526
3257
1661
3421
2149
926
276
4671
101
698
1798
769
1699
4718
4347
139
138
54
2727
4067
4237
2087
1881
268
4756
3524
561
832
4565
4638
2201
1355
4108
1158
3199
1796
205
2653
1331
853
1420
4958
3930
4836
1966
3760
3438
2304
4092
1857
4572
3050
2398
294
2129
2579
2221
3993
4350
4599
1554
211
2190
1017
4998
2081
318
279
2489
559
2115
1977
1031
2890
4966
3227
4135
2988
3396
3114
1422
3537
3956
959
1620
1924
300
503
1757
1801
3449
3614
2641
4598
1561
4582
3495
3821
1381
4869
2868
365
4994
4509
4354
787
3019
2776
2884
3150
2812
4720
1249
3683
3679
4107
4010
2180
3579
549
1999
1900
2071
251
2282
487
1168
910
1755
1450
4201
3137
3712
1728
4244
2022
1395
975
42
3064
4043
2623
2513
3859
4
3709
4421
3035
2962
2840
3052
307
2697
1835
4878
2111
2050
3169
977
1376
513
3908
197
2976
1410
2060
3387
3339
1476
4443
4478
2878
1526
1446
577
1603
3015
432
2390
4554
2522
2418
1862
3700
1497
2302
1287
4363
3779
1352
178
1040
4433
583
1545
1989
4507
1639
