3239
1921
2802
1420
2557
2183
2636
1609
4727
1066
3326
2776
4807
4948
3963
211
4450
606
2563
220
1112
2047
234
2698
788
71
4248
4658
3436
2811
3032
692
2585
1438
2706
4412
1417
1706
2425
3372
4106
1180
1255
401
2544
3274
698
3631
2361
3071
1285
3474
4674
334
4972
3788
4302
3152
291
1030
86
2492
2823
191
1939
1661
2640
2667
1418
1042
5005
1480
1729
1675
4238
2149
1276
1371
3789
1840
1087
3821
3595
2798
1216
2625
4725
839
2328
3367
3048
4044
292
2277
2750
4779
2039
2316
2341
4496
3277
2898
4710
2391
1380
2704
89
1083
3582
4257
781
4253
1464
4080
4150
91
2472
122
1099
717
1220
1654
2239
2223
3299
2068
2910
4229
1806
4427
182
3434
3588
703
3075
2275
119
2485
1280
3033
3623
592
2452
4274
408
4404
4753
1981
2666
1738
5062
3540
3993
3628
4880
2029
2405
2191
2800
3589
2396
338
3988
1821
4101
3026
2302
1314
2764
4610
1746
3520
2843
897
3478
4955
2352
3946
744
730
464
1613
1497
3652
4408
973
1448
3886
3696
1797
4125
3244
1559
2069
1536
3117
2103
4953
4123
1811
3422
566
1764
3932
3364
608
4223
3104
4028
2178
1742
4256
3379
1879
3761
2928
974
4432
4331
1750
3394
3711
2487
2767
1768
1499
611
38
0
2254
3682
329
3507
3310
3191
1831
3107
4922
1623
1505
1751
3805
1601
707
2402
5077
3527
3780
2206
1447
4077
994
346
2447
2336
3055
249
2583
2711
2941
1261
3074
4168
2660
3906
1433
783
1671
361
3290
3356
3510
3542
980
1734
367
3320
