2412
4724
1683
3274
1701
3007
4345
3580
3747
1160
4898
3787
4791
641
4568
420
2350
459
1578
2612
4237
2892
299
5062
3966
550
4451
2724
1585
238
2879
861
1037
116
19
3381
521
4665
2107
3414
1409
50
1948
4504
1048
2842
874
3431
3870
1552
1659
3375
1189
3907
3778
1427
1256
3351
1672
3661
4938
1027
1751
3260
4499
3490
1120
2137
3961
959
2855
2326
2654
287
2763
5024
406
4951
1247
2172
3682
1824
2985
949
3125
4514
1745
3735
4740
542
1630
4137
2193
323
4318
1640
2588
746
442
2897
3370
3629
3237
3801
3275
2715
3903
526
4742
4130
1946
3846
1797
2366
1811
45
1107
4066
93
1588
3362
3959
225
428
4220
4308
500
1718
1648
906
875
2394
4189
3516
1646
560
837
1660
1490
1865
2623
219
2004
4230
2871
628
2332
1432
351
4278
2133
4945
2629
3620
3461
1398
192
3492
1480
1657
4872
2625
434
3783
3401
1777
2649
2450
2947
4371
3984
4390
3269
784
4678
3642
4684
3130
2750
4474
1293
1455
2603
4701
1880
4084
3676
1518
2425
2509
127
3214
198
4239
3067
833
3615
3318
2497
4767
4930
4254
1710
927
3117
3544
1733
1405
3476
4217
5045
4042
3454
3686
357
4368
1802
2115
4608
3233
1615
4737
3365
3658
3014
4903
880
3181
1778
701
3830
4783
4642
1734
3404
4575
3005
1166
2757
910
999
4027
2767
4861
5018
3021
4816
2905
343
802
3727
3548
3357
5044
2920
5051
2430
1181
2216
310
349
2747
3748
2008
2311
2755
1706
1546
4996
772
2083
2965
3766
3505
267
1878
538
