14200
19375
11801
23174
22914
18696
20745
19618
11503
13088
2816
35273
13643
1184
37716
9234
5957
12852
3992
20940
6690
34903
19442
38304
34546
30995
4371
13946
3342
21615
14752
14805
6347
14941
10506
22964
26107
25012
26736
20383
2995
6772
7005
8931
10656
8766
35945
8282
24328
6466
14705
28095
31245
19357
28745
31997
33654
8376
6870
13752
24429
7709
2787
4170
26890
21778
29547
31332
17670
5194
2181
7351
11722
883
19896
20106
17682
7608
19729
31338
18886
37126
11595
15297
6854
23699
9345
39051
28156
39085
32808
22745
37747
34833
32395
11523
25543
17024
10865
20530
32360
30667
19980
23895
38374
37520
2971
22360
17941
35178
8950
2698
27183
10213
22592
10341
19925
9640
16808
8755
25996
18352
8199
11361
21709
23179
3015
18834
24697
26259
34923
2417
35757
17280
19759
10350
20194
13390
26135
31223
9749
24704
16894
25166
32597
25213
4984
34881
15111
5602
22560
9858
15293
25238
27077
29318
34717
29281
10630
35904
35410
37599
2721
26118
31697
23172
34221
35353
19614
25390
20196
13564
34750
14215
30583
15154
20139
24109
2588
18355
22425
7713
30057
19156
25193
29758
12131
5398
13851
29512
3310
25581
38891
24983
4803
24671
16142
24254
3398
16434
3976
37390
31534
29894
19523
6013
16162
30359
20711
28970
31279
29436
22948
20544
33850
34343
25790
20585
14111
14355
2520
31061
34353
15421
3749
16398
43
18630
7763
8428
36225
25852
6904
12913
3551
7948
6759
24479
34830
11970
28559
26443
28330
9801
15334
10843
19573
848
12586
38098
29065
23888
25459
9737
4875
9812
31371
11383
25301
35791
31942
11788
23006
26844
13499
21027
14256
22585
36059
33432
27964
34350
36427
25452
22084
32209
27458
10203
23047
33249
13360
26120
35079
4058
7456
25576
439
26233
33147
38884
17150
3234
21345
34229
5527
1814
7381
20189
12212
12838
2348
22802
25922
33344
37687
7916
16482
29215
33180
29914
37352
9501
30147
12600
33239
34989
5904
15550
26567
1362
33232
11426
22659
11424
656
13640
18925
10055
511
22141
19337
1174
22525
7555
37595
6990
5580
29752
22645
19234
25579
16483
33365
6760
30180
7675
33587
11658
20270
36282
15934
36508
16220
36580
34627
27061
25129
4080
26334
35563
22234
6161
19265
15723
34108
26038
21630
18781
30251
22264
18867
20039
22609
18088
1589
16302
22555
23773
1225
20926
12413
25363
11285
7775
3868
12514
31082
9497
9591
2360
26900
18321
21700
36314
6959
24900
16105
23521
2147
3634
15664
3828
21146
24449
20021
5108
7764
30641
33424
11151
8078
14623
2604
10927
22959
19640
19748
36564
29577
19311
37559
36975
3323
23633
35973
23683
22731
24396
1860
13819
33711
28985
3797
11255
19914
26687
3911
21180
7532
35841
34734
29194
27769
3008
6688
35424
9856
33959
11554
34884
9489
37308
17294
15872
39075
31744
33007
38093
32162
1533
27410
10193
20022
14416
14392
3394
13782
27439
5269
33332
1310
6115
30575
38322
11838
37209
3872
36368
33523
21430
34846
1667
28378
33617
1090
26507
27056
34001
9972
11757
24588
23859
18948
23338
22397
20873
39116
3688
1693
9395
2478
31455
5242
21395
12944
15895
25750
28493
23206
17292
23901
30303
95
11656
35045
13966
8038
37761
27579
25812
35177
20599
28065
2396
22029
9844
18992
480
13897
3860
18039
35517
14917
14657
5469
32361
7646
24145
22880
1761
19485
7904
24331
21310
34480
30490
18055
27892
19516
13248
29290
38513
24327
12117
758
15062
28805
35419
7976
24818
17243
1134
24106
17824
20124
37974
14374
14669
35441
15423
18207
33580
16865
34293
5266
4630
36719
22254
28220
3438
26056
895
2103
23482
2294
10863
6153
680
36650
9291
32630
24706
15495
20320
14336
7778
35128
23710
5059
27248
22301
20487
38060
11152
5001
35033
18044
27093
2740
12544
34270
4056
38732
9029
13345
4271
19538
2165
14935
34432
27273
18421
12653
123
37723
13881
32718
1150
25631
15430
2042
17302
25023
14161
37867
11349
11509
2920
26643
7362
17492
24350
26677
34590
16603
27632
14076
18759
18691
4981
20684
14568
24367
2606
26183
9773
35200
35610
32880
2189
36180
27220
25080
9461
35955
15954
18969
8385
27996
13808
16711
24613
27698
26263
27319
32513
13462
21941
23506
35274
3873
27802
26786
12340
25684
12830
28772
8047
31714
24197
34498
30674
22475
38622
25334
27479
31090
38342
21477
2333
3687
8859
27400
17611
31316
9961
19194
35371
28727
33590
18827
33503
7666
2497
31722
17416
12102
13467
21551
16544
2122
34094
20556
14404
20613
29300
26480
23278
10434
17013
14782
9936
4651
32621
6186
28905
33839
22454
39050
32802
2558
23983
19387
14512
23419
38213
18481
7205
37923
18164
8355
14430
31754
473
30232
16523
32308
6822
29470
21325
24147
14155
24326
20323
941
8922
31369
5079
15464
38064
18289
27861
13628
4042
31767
23995
8633
36935
13745
24841
28040
31199
3990
14270
20893
5971
2587
25584
5641
12966
21353
34164
27251
3259
24085
17288
23663
33952
1862
33871
38180
30367
22478
2734
14449
401
24652
38047
18322
10737
5385
8205
5741
5275
31219
27043
19058
15252
20119
10586
12675
6319
10934
21823
14528
4116
22838
4823
38621
25832
25770
10290
18739
26907
27916
10560
16862
21331
38011
12367
5084
17833
17266
490
22357
36980
28572
11938
13456
8163
4547
32617
8964
3341
7614
4052
1471
3554
1327
11562
21013
28376
14448
33632
23424
12522
12972
13830
38765
12296
37414
32828
1561
27296
9624
31563
15962
11766
20251
26040
17192
16019
9948
21985
36979
10874
36676
23976
16251
18377
32634
24877
36025
282
3616
2256
5286
6327
3819
2151
19186
14869
2286
3830
450
15445
21445
32015
21454
20165
1288
6092
3460
4797
26948
29270
23640
30812
17236
13107
6011
15410
34646
28363
24678
35129
20882
34637
33454
3545
29240
7926
26464
16969
6981
17949
37912
27453
15371
6924
22401
7857
33958
5715
34663
1637
29706
14865
13252
32403
5195
19943
4976
20253
23190
12642
26737
14938
17548
22049
11026
1544
26612
4293
8178
12634
37196
22353
27088
13214
20143
32205
1191
9480
28817
32106
29495
8259
20799
12901
21051
19970
17020
32153
33714
25572
25252
32975
20840
28832
16455
24132
23359
31641
4196
1625
30639
14737
3787
36007
31696
28422
29717
34145
20190
19595
33483
12388
11920
38842
37947
4692
10631
3217
33325
34643
19221
29483
18502
15578
1647
8514
550
38307
30033
1382
35498
11194
32699
22101
3811
7235
5292
13530
9126
38881
35962
17921
35151
24523
17932
28027
30854
21710
13176
34896
12085
12529
20761
13588
35717
16006
30402
59
34779
20602
27320
23760
12699
34495
33818
38399
34330
28002
15234
26298
1183
28671
1291
22008
15375
25791
18487
21322
2553
32216
5459
12055
35642
19181
14973
37711
20933
30795
1279
3721
6758
11379
2613
19669
18109
19995
18803
10267
1832
15878
3383
23524
33127
7000
4616
34693
1771
4335
37388
29737
1768
20013
17882
9430
8893
3263
15455
7740
2476
37625
4830
31070
8084
27055
3555
18472
36414
34092
13219
4731
24426
2650
30680
35433
30377
25154
7551
16439
17260
21065
1322
2669
29482
7422
25424
26889
4602
4195
4102
18614
9170
4868
1395
13592
25266
37951
6196
3364
860
5531
1978
33917
23797
3831
8920
10092
15994
37656
12383
2367
32512
16072
18194
9204
5685
4960
38069
14692
9240
25970
26809
7880
14347
13582
4266
1187
11794
20653
8111
30592
14220
26494
18950
5841
28051
38523
34385
35261
24952
17040
26973
27149
2994
12034
31776
6085
3923
14921
4983
19857
8191
13924
2678
35864
34901
31382
30590
37084
14617
38287
16837
26311
38540
17149
20821
22437
9426
37919
23596
11394
35331
30335
38004
7893
6021
35117
26468
7589
15397
327
36679
11114
21617
27943
15046
22388
22003
4256
21218
13914
53
19000
14248
38687
21105
33656
20772
19166
26949
8414
38105
4424
5352
23224
19376
35582
16421
32463
31152
16897
15830
35938
37819
20066
697
28373
8640
14631
33318
10090
8439
30496
1499
36103
19971
3164
558
16396
232
22763
20519
27553
23209
17514
20373
10930
39029
10858
7862
18860
24622
29600
32094
6100
34484
38388
26173
9363
6573
8880
22027
15109
34409
13304
16125
9339
13266
1558
25274
2797
25360
7927
4944
25409
13331
17247
7216
24321
23374
1494
26720
31709
20130
5680
8069
21300
2509
13125
14745
33991
12546
15137
23722
11467
17659
19999
31122
22111
23629
11930
21691
13493
12638
27918
22862
34497
2605
15545
31694
23626
7541
21366
34525
39066
5099
11207
21790
914
24252
26916
17891
26627
3312
10848
308
29185
31135
34804
27247
32429
16310
17986
1233
4926
19229
17179
8098
29751
4302
15333
38818
24827
10619
21039
8569
37406
20586
6823
5571
26797
11832
33968
4519
38184
33883
7352
1287
28615
13532
4643
13017
32202
36883
12943
30470
31205
35583
4414
20512
18866
10972
38879
36836
27513
28677
6388
30838
2202
29103
12666
36012
10821
4440
16850
21533
33687
1485
23134
4765
2443
21125
30372
2171
36764
34373
22267
36181
26807
2546
37232
19444
12108
37968
6080
10705
37438
2017
23233
30037
18666
38029
9547
28346
17402
7427
2145
4969
3902
25227
13732
20764
315
23379
10824
24011
10096
13099
14958
20252
226
32994
15835
31839
34810
13739
8138
1248
27794
14357
27033
10439
14085
26963
19093
32022
25183
20948
33637
25052
19241
26467
25221
21739
14045
283
36039
23263
22214
26103
29569
14186
2938
28669
35882
13507
6409
14356
28819
13747
31046
30193
3685
6712
26383
6510
34344
25623
34873
37915
12261
13577
841
2051
22677
13100
27283
7191
25892
22598
33904
31384
19828
34854
13930
37417
3924
4808
1404
1039
7722
14999
6046
34475
15898
3910
17958
28394
18588
5271
19605
19129
14149
37132
31459
5736
15938
16359
23502
3306
1345
36162
2389
38036
14196
6235
3337
3606
20423
38591
24670
4690
28693
2748
16055
10664
29561
18491
17539
8036
26423
13124
24008
19314
19650
5863
4147
10120
1
27181
17517
21114
22265
8862
24920
22748
24183
8786
12124
31150
15419
21761
4639
35591
21758
20650
21821
12345
32997
31665
3081
7360
13910
6626
13422
34056
32777
26645
14619
869
35480
10424
21365
25109
26764
30234
3605
38824
1915
33296
15015
28408
28836
38819
38413
14385
28131
17289
28964
13723
12028
34586
26546
3984
33016
7146
22771
29886
27657
3493
21425
35214
10371
32545
20425
33270
470
36780
32168
15717
26399
8983
7912
22019
31192
13457
37478
11182
19520
10895
38775
24838
10542
8198
28270
28645
19211
677
8143
1136
26553
23183
9513
9490
25492
29703
23827
24454
38800
26350
23163
69
36786
22104
1334
30987
6326
29844
34653
15164
36041
715
16383
18370
10596
34482
413
24757
4398
4842
11754
8857
5506
7047
25901
28906
15393
25304
4493
14219
25837
3503
19879
4965
16891
17164
24063
14135
21845
24319
9102
1353
20662
6992
12020
7804
18833
38120
28778
11864
14711
25965
38985
28082
34772
22093
18450
26394
20468
20934
5776
6245
33066
12465
30732
18937
1503
15563
23615
5990
24030
13553
16324
36045
19204
6701
32820
27317
23606
37149
38776
37087
13050
12089
3455
37999
7883
7838
35451
36858
28521
3741
36447
20138
33568
19782
18905
7204
18858
36890
17791
38127
5105
35771
27668
23602
29551
27165
22396
36035
10390
32401
30183
29288
13018
34533
27447
25309
460
30339
34620
22827
35776
37593
14145
28663
24468
29642
31630
38586
117
19649
34548
30961
36555
17850
11560
6664
160
11892
6135
34526
10089
28594
37751
27387
33150
31944
34650
18625
37177
13059
35195
22377
31303
37793
13397
24090
34322
7183
7038
29279
23271
23130
25953
1363
18214
37710
9496
23632
36849
25206
26558
15289
38492
28439
9579
39000
6998
23763
34818
10310
4535
2170
11069
24054
13852
15236
2093
8188
9265
2113
2832
17212
17061
1450
11842
24856
19736
29441
38080
13838
30304
15191
4369
15287
29058
27176
18239
25465
11762
5982
21058
24791
26959
16233
34895
37144
19026
903
29134
7595
11044
4423
12236
22391
14387
16864
22430
33272
20817
21748
36335
22227
32974
12574
21130
13442
15451
23467
5981
6886
25014
3454
21228
22370
13554
32685
35721
11456
23542
19407
4752
7962
3597
15021
11418
32057
38968
24037
27001
29472
5712
11055
20862
10346
2901
20381
8984
17055
1570
29684
9334
25226
9534
30570
32672
30866
15633
33594
38788
37500
37207
36848
24578
11250
1350
20872
23793
37240
25267
32286
20367
19881
17528
37111
15070
37135
27131
4285
28881
22329
12792
13199
3462
1842
14515
3625
1065
25675
34388
22042
38772
27154
24788
32652
4638
19651
9146
252
22600
17717
23952
10833
11508
13109
17116
14303
5626
35965
38320
38576
661
1021
29085
38697
18615
27709
32970
12559
22000
17924
13362
13113
17809
32036
485
27128
38747
32453
31712
14901
6184
17173
36409
34939
4136
35580
86
33866
36978
28582
10913
14413
33468
32277
24276
23911
11512
8349
7659
1709
34391
5786
35342
7150
8559
35684
14340
7660
16967
11643
20728
33031
37410
25611
6221
5661
17951
10141
12198
15828
34676
20849
24713
17204
23099
29621
7122
9015
6724
21277
6198
33875
34843
12356
28319
16763
13335
19741
34954
16008
352
26727
17723
33386
386
12484
35455
2524
5125
22822
13796
6024
2642
28076
16409
8079
15088
10867
1226
32121
8390
3302
8846
26787
31834
14804
37314
31323
2555
26211
32515
10159
10784
30798
30953
30215
15014
16106
26533
6159
18854
27059
7224
17553
23620
30891
19362
28195
19030
1601
9209
22946
19698
3543
29125
25864
21770
12628
35930
28893
20717
14969
13306
8852
130
13379
23570
5975
21416
32534
30035
1735
23863
12548
12995
26909
31149
15476
36465
12251
722
10616
7232
8556
11098
29083
18332
288
23892
12921
33481
21933
7476
37842
35624
24110
33489
1887
11966
29885
21865
32257
9167
35756
2336
17922
24901
14850
16639
36166
29266
19501
3846
28692
17738
20462
36760
18066
32400
23404
30840
34386
35391
31071
11912
27977
5347
7116
32935
33614
21996
32187
34190
23822
22426
21825
21936
1654
32535
2249
8208
31614
12396
39061
12324
1451
28473
14916
13926
12208
9676
1731
21154
11078
16328
34788
26838
537
7261
12700
23509
1054
3642
3955
736
27582
24192
4687
26923
26519
10890
35879
26005
34062
14208
16378
16063
13323
34273
17761
14602
36319
26228
27360
29263
35143
5101
34027
22268
16243
18470
11603
38392
14589
14381
29450
38334
31706
12029
4415
1509
13634
31490
11789
16856
14033
5536
30766
20122
2831
5072
27426
29390
11262
17903
891
35220
10834
18343
30191
25510
18080
25088
23687
28024
27310
3033
33087
20807
20159
26688
21906
38421
11654
22336
1767
36466
2680
35403
1949
29759
36871
13781
9978
5967
4318
21573
28452
21274
13464
8491
13779
17815
18365
31227
16067
712
3935
30767
10331
9532
8496
16571
29326
30433
37956
13741
9449
16913
19104
29052
29360
2018
4260
16200
13437
9472
3122
21481
28747
20818
1469
37987
32415
31582
11962
22308
6207
1635
21702
1935
37796
10545
1592
3612
30808
31341
31010
23403
30197
11731
27937
38416
30106
18755
29909
7472
13123
23106
25356
713
29622
34927
31391
21302
34404
2315
10298
32478
2597
1079
17030
27521
37714
20073
35616
29226
24660
23944
16579
33255
25525
4451
30010
20407
14558
10302
21684
31405
8048
9243
20388
31048
17087
18896
32125
4219
36157
35963
11636
31250
5460
29351
25140
34536
34531
8391
21436
38627
551
35063
29534
10364
21971
25293
6733
4013
3261
14510
6567
28050
19361
5579
34876
15651
1443
20812
35243
23653
7279
1650
22823
37965
29209
266
25412
4788
34801
33558
2491
35412
8367
14409
7042
20053
29820
11997
13797
28944
38883
11401
9228
303
19254
1513
9233
31702
16361
9152
31789
25913
31133
36818
16094
979
10187
31672
5709
14605
10871
30745
36951
37616
31827
32908
28685
1330
2110
30737
14974
24883
22849
22323
30801
36111
5038
37073
15936
16047
17621
1846
10893
33291
34367
11352
23713
6378
9277
37183
12173
35105
30469
22749
19149
22830
35354
38061
11990
18554
10067
19990
32151
29038
7671
1701
6268
20287
18196
134
33690
35759
33727
25756
7906
32906
15103
11715
9162
8370
8498
36160
277
14587
21003
35846
2343
5631
25032
11142
3893
9283
7430
9508
38667
9597
6341
12991
5513
34708
19534
22926
38856
25975
18401
38164
20594
38108
37354
25232
10597
15884
24431
3428
27689
25677
31475
29691
31781
19242
21072
30318
16215
38487
3179
19506
9505
21455
12126
32673
26508
25602
37152
30809
37185
37019
16859
20551
28456
37762
11053
38734
15760
20527
14344
35549
5747
3774
19312
8419
35935
38162
35765
32811
24487
8044
16517
27193
31390
13955
33559
13565
30350
29320
11661
9231
24191
19511
13803
21680
11437
24437
15136
6648
18413
1125
38661
37929
24636
58
24266
16308
14597
10565
21771
4093
6070
17361
31426
13827
4359
4662
29859
33798
3413
9654
28091
23488
7821
2759
11359
35819
23100
11749
26304
13928
18639
31173
7428
11866
4621
30616
12001
2394
10886
8653
21021
16491
3534
31489
14112
8368
1824
17775
21255
34491
9100
37360
20538
13867
7932
37908
30727
28028
16286
32574
6946
35976
21028
1185
14520
32778
18768
7142
2179
2192
19928
12804
5162
6658
2741
13201
2323
13703
1032
32358
34601
3786
4082
15148
37416
20132
10738
27503
10254
15931
31837
11091
37036
25306
4137
5461
26574
23185
18358
15543
16645
3376
7032
26883
3542
26392
12689
15657
16259
35190
9548
33451
2530
34422
31506
11971
8219
24715
2416
29408
33354
14142
98
12031
37869
37248
24383
22681
10455
17695
26171
10306
21253
39074
4178
26033
17211
9335
38900
10377
35767
15462
17846
13104
5808
2027
29416
9991
38684
13517
16831
25651
28715
11422
27278
3120
5624
37847
14797
29628
5829
29720
34610
25072
12142
7598
17010
3563
12696
10850
33450
4477
5270
35134
27618
27192
7448
3411
4915
10632
7640
7877
28511
8560
11539
3004
27976
29378
28947
4730
26983
3087
38844
28136
24029
7163
26755
34539
14411
21527
28004
36693
23799
12226
12981
772
34860
30835
2671
673
2365
3165
26971
20160
28261
18820
9621
38436
16651
12148
11356
28638
13221
15530
35073
3523
2679
38892
35913
33151
36269
7984
26055
17473
36303
32655
10762
38381
940
23107
11944
26795
16640
358
4086
32251
16075
3034
21532
31952
28550
34740
12178
8030
19148
15239
38972
15079
2372
21224
38340
10743
16304
22590
34489
15927
28329
31707
34147
4183
9661
36389
15980
18469
11463
6052
16852
2432
20648
15037
38749
16857
4447
27129
32172
36620
30484
23078
30025
4038
22840
25239
24624
12476
3785
37001
15716
23709
33995
21147
18620
32419
14957
16464
24497
36464
17174
9573
30410
13378
3518
39053
23998
1890
1706
3664
27737
5278
36997
28580
19790
8813
27517
30415
22338
10015
23519
18361
35735
25943
6861
26253
13095
6682
24895
353
2872
27241
33898
37264
11589
35993
25630
18563
35671
8472
32454
32207
27118
33086
31623
24914
16587
9667
1318
17871
38635
27356
22672
8876
34715
35258
36245
35602
27539
22123
16952
8927
16386
2461
10595
37683
15775
37017
6039
25330
30146
4347
25251
30557
26744
15408
8166
6849
16583
1685
10509
28854
33178
1588
29445
28725
31339
38793
27385
517
28288
24059
7239
35176
12168
22183
6429
24220
24122
19946
21109
1783
22206
26731
22978
39
36782
32660
91
34514
11310
15404
14408
6498
16633
24793
3346
5964
38872
15290
17643
1301
2815
9128
15607
8600
26843
24370
5386
15171
5052
12097
33799
9024
9361
34253
7009
35345
32093
26555
1112
6258
431
16535
30178
30821
4261
23227
927
24665
4470
11951
26605
38137
11417
31366
36863
19425
7120
6233
31904
19730
10195
6076
30509
21957
18835
30744
34439
22940
28654
28461
22893
15833
31194
14422
37532
4275
7440
31760
20272
35123
24541
22938
3266
23194
38997
29513
1109
26226
26111
26386
32270
15346
38365
25784
38744
25394
4059
16704
5983
22995
25224
29951
22319
8542
8947
18719
12917
6054
37113
6518
10706
6088
23497
14436
20733
5448
13412
37739
31418
32173
21315
22956
15856
24736
32009
4504
34607
1144
21264
25462
27830
26773
21494
24751
15420
15873
17335
26438
14275
21918
8978
22411
3594
16927
2731
30536
1203
13052
26331
31812
21519
38001
15727
1657
15557
21212
6281
17099
37088
29937
5399
2484
26498
19263
11376
26497
11287
18139
5144
26887
6815
7334
12099
36586
29993
10759
10697
31895
19440
22651
18674
18836
13561
4264
29101
13633
27683
3108
20149
7254
10526
30828
695
26217
464
9084
36519
27685
34965
36835
16266
8617
37698
27675
4010
15051
33230
25574
20935
15432
22945
5120
7511
26356
33116
23893
24995
35952
293
4887
21100
17405
17417
37631
26288
29051
11337
38806
4155
18323
26607
30556
33864
4553
24181
38245
32224
10011
25043
13904
23492
2040
6360
2817
20295
12228
31121
4967
30076
7414
16675
13213
32799
24201
22556
17686
16554
1850
38908
15149
34254
16242
26512
37333
16282
23752
3583
998
17139
36179
9201
14474
4150
30420
1043
20590
35862
29397
10994
19942
33900
9825
881
29753
22595
22716
32749
23949
19885
9398
36986
6057
992
12962
5627
14280
24552
18442
19320
14704
17952
9302
37103
32176
33577
9458
25968
17403
18959
26549
12536
28320
30781
38283
12069
28386
1841
7170
36956
25248
27921
4741
32888
14405
4798
3009
23845
9953
26872
20234
16357
1268
27636
37807
1911
14417
4957
27590
15909
8758
17560
34398
8156
16334
6156
16223
8384
30601
22249
17422
10314
35279
32048
24691
7299
17447
11850
1538
376
6379
28704
28696
9034
36072
17400
17502
27787
7316
30738
16153
17450
37191
17484
36476
36110
25029
11073
20259
27204
12873
38073
13541
31011
17378
6585
31741
9628
38140
9118
15440
10891
11939
37158
22384
24413
20309
32882
1810
5842
18584
33139
2823
28639
8471
8669
10372
15749
22472
23316
20305
5647
12965
6445
33998
34725
30042
1852
20495
21347
18622
19875
33573
7063
10410
11527
5435
23958
4940
35468
3222
11932
28223
8970
23381
28765
7728
31166
16272
30834
11257
24218
36108
14399
7812
35598
29516
30143
13002
16522
17858
28526
33467
7269
20615
31595
27777
36698
26741
5744
33154
17623
4157
22781
18809
20176
20573
190
21364
4554
3711
36301
33822
30516
16079
9546
16318
32441
1671
18534
6852
4888
7219
5834
1715
32304
15453
28077
34633
14035
22403
20781
12527
33014
22130
8362
38813
9684
13057
24615
28676
4012
5977
28067
2085
24936
32122
14768
38871
36963
19010
30093
16294
35917
9466
15068
28655
18832
8460
26728
14329
33266
15093
2057
6755
10473
21464
31062
11336
19280
28629
24202
11357
30586
35932
7730
33090
7459
25593
32913
19141
10381
23294
19436
6842
37118
14800
11353
9287
6984
27945
10368
18294
9610
16494
21900
12926
22208
6424
27713
36362
1190
692
7374
35575
12886
18874
2727
133
20499
6743
25801
22195
25807
17996
29944
26206
35768
31177
918
20860
7816
19239
28699
21708
2989
8495
15469
22804
17836
32633
6353
32449
17334
14158
10040
34131
37276
26705
6988
21171
23063
17700
15767
21897
33024
10032
6471
10769
9271
3922
6933
10875
22134
3332
1192
8280
27495
10091
35554
1160
22776
17115
34745
1027
15603
33247
3293
17140
5299
5652
10140
25011
9333
26539
8733
27335
4047
31653
26148
18219
32656
31353
38282
23730
20052
12633
4263
12401
33300
8628
20178
1618
29039
16594
2353
36375
2905
5758
31169
3251
17432
1271
35162
20552
28982
546
31648
31092
29733
21935
12241
33912
36592
12821
22458
9533
15054
24783
34997
9016
17455
19404
16007
27487
8194
16235
29158
37992
13654
9875
15345
34611
11491
35187
2131
11582
26794
16460
20952
26215
25604
15791
1586
13223
22400
30464
29877
36970
1748
30055
3908
24073
37497
29847
4722
24689
32219
7581
14496
4667
34119
22898
18399
31736
8276
20171
16970
4396
31710
21515
26045
28196
14763
31749
16791
27919
33281
13470
14572
14203
21233
31562
3368
30337
6280
26803
26130
7971
8466
29078
4623
18514
1907
29598
37744
20081
30942
20005
17370
9813
11110
6547
29971
955
2929
5753
5831
11416
34730
31911
1442
7938
37742
32576
27775
21318
34337
9932
33608
9317
12149
116
4821
8148
34912
26093
14719
29690
38623
1573
6027
15332
7826
32605
1250
33346
30153
18447
31265
34947
10866
11047
6802
18663
24017
13429
19976
7653
22537
700
12335
18568
12875
2836
12412
27970
6936
30130
24397
31031
11296
2567
28491
23465
34457
37052
33538
20007
32348
21441
26185
14223
26898
8944
37618
37136
10456
2168
20782
17810
3731
14765
839
6560
32266
24539
6292
7301
15903
27637
25582
34882
34163
34106
35251
37658
7820
17819
26662
1700
3014
3874
15956
9259
18019
26840
26562
25346
37692
17592
28598
24887
2800
29405
21047
16225
348
1808
1905
4946
2826
24625
30929
7876
8375
5042
3901
24826
7199
30967
35978
32101
28389
36056
10104
1217
23727
36797
33665
16725
32278
35246
32459
1884
10157
6725
23144
3852
1933
8453
17838
8841
8501
36249
35285
5577
16422
26796
8719
12067
13511
21966
8888
6485
35573
1078
14099
10288
8619
15133
14807
23377
11332
5952
6120
14426
24408
30769
6311
33275
6542
25143
1983
7010
34459
35975
16155
27527
24155
30865
18008
8814
35064
11576
42
15594
23655
1565
26440
34759
24389
16860
32197
38554
9999
27833
19870
32552
11358
25281
10580
10965
13862
33825
18611
18192
31912
14359
18301
32367
8095
28994
29931
5660
18397
27515
28011
34303
2570
16749
2339
33379
2287
4598
5598
20020
35437
14147
20175
385
15846
15881
38662
27779
38829
21874
2763
18054
5317
3268
15474
37323
9576
19876
31846
13168
28199
19092
8523
5781
21763
10082
29831
9578
23352
29199
19095
32460
37247
4483
17913
25717
18385
3187
29075
31661
29854
29411
5154
9185
11848
16980
4084
7856
716
4987
22161
23259
37316
36614
35601
18985
25479
22092
28652
37906
8409
30059
31304
32201
20856
23991
23494
32114
18722
26229
13165
28013
25659
26413
33260
4299
33094
34
29823
13299
20145
14495
1207
21650
5589
25688
23867
10119
38922
38636
38143
39091
26274
15115
19795
16676
30566
34378
32891
16388
12317
32992
23226
6031
8477
36802
28713
18894
1335
32393
23011
36917
4406
25113
38460
38957
32317
4322
31114
30388
20695
18227
21891
12632
22071
13939
27587
21767
859
19131
921
13746
22553
862
5462
13653
9313
1055
24823
34218
34447
22684
31368
12993
14816
14525
8041
32349
11526
31217
28706
2402
7019
23963
9657
21730
14300
2978
9453
5827
31059
10786
25429
2902
26783
1491
38700
2888
21697
5726
19170
7934
24307
37420
4674
20944
21870
1891
25628
16117
13892
14499
18533
6948
7156
25940
8335
10508
20185
24139
8168
15106
22433
10062
23985
741
10793
9379
12308
33591
30728
33651
35341
5188
8718
22427
10083
4119
19322
32324
18240
36912
23971
36702
31305
3507
9939
37265
564
17774
12599
17987
2079
21895
5902
28619
3615
15783
23312
35521
28990
31441
27947
8307
9004
27599
36042
10319
8826
13740
14647
18218
26910
13776
4564
24972
38089
38701
8835
30091
25834
24888
30325
10405
7746
10794
15288
19325
18506
21439
33971
19400
33159
23304
6951
38255
21141
38327
17064
39011
6381
7188
27860
4492
33062
14500
6773
19683
20706
2116
21857
26732
25270
28184
10035
14942
26374
32399
21005
38577
2069
18405
5123
37986
24034
33426
34595
24108
23565
17196
21783
21943
9327
22529
2907
8209
19399
14020
30504
24925
6472
15943
14348
2319
857
705
28379
4417
29464
1088
30457
29229
21810
37328
30352
37875
20941
34340
30670
36649
35148
8771
21211
24785
12234
18171
21576
11697
5011
26925
26914
21884
18018
16496
28086
32110
418
36415
25326
37238
13695
16823
21433
12492
35293
7298
24000
30842
27524
2071
10225
38705
16609
12565
13471
30637
22220
5366
34889
544
11419
12435
38672
8536
1234
2474
6313
6703
34308
17202
10847
18045
21063
23538
14236
32041
10260
2750
21704
22479
21586
5940
6141
30041
28464
14070
23667
16395
13192
38468
3436
11657
22006
32200
2655
31771
35552
26642
2233
36703
31464
25907
10170
12719
27734
35423
15034
2334
11541
5960
13956
16370
33341
22910
14644
7372
4076
6000
18546
8273
16393
38613
7084
30945
35288
8521
24513
31291
36884
25350
22354
13452
27888
8602
18144
29807
37490
19702
11631
20014
8728
38104
33664
4540
24074
27260
20230
24840
35523
7243
3904
16140
33319
2950
2464
34667
1740
15796
16136
22082
27815
31440
14353
28229
17006
13062
15486
25269
15112
11293
35743
8974
18923
16647
16356
5811
38195
4588
22872
8537
28063
6806
25147
38166
3118
20491
29770
38673
2541
27409
10349
33320
30379
26364
27480
30532
9275
9031
24854
5401
19283
25612
37502
13982
23679
15597
13491
9520
4274
5237
25822
35427
33860
13913
23473
14177
27837
22048
28424
34053
4277
8736
25669
32076
3842
20798
15500
17067
6058
31148
96
13824
29553
29187
16289
6421
19989
6422
35348
21288
10904
32788
34784
37288
34414
22951
29458
5184
14375
37214
11635
7094
6922
37508
11669
31449
38999
6521
16758
35352
27717
4070
1734
9370
20894
14418
7980
7072
10894
13096
11632
12384
11094
32981
6811
636
5836
33777
25719
31465
33963
18460
2277
21521
28001
25105
28653
30243
23041
22476
32440
16820
37615
29978
23744
33414
37704
18976
17372
15376
34444
23361
3416
1455
29150
410
38187
14981
36313
18102
35887
12183
34261
11819
37082
16584
20567
36618
16816
5942
35918
29670
26150
38059
5693
7919
32502
193
6642
16260
28250
15905
37678
14061
15110
5177
37321
23116
24829
32226
38295
12450
11800
2059
31825
32800
38129
24780
11144
15588
4775
21836
7165
27031
31916
27328
32865
12030
28835
8703
20059
29666
31906
23567
23500
9122
37522
8475
1497
2115
5198
33189
32595
15754
4939
34152
25734
34274
13149
33571
17290
38437
25443
933
32759
15901
7890
10413
38719
14583
19100
14338
37580
22187
20193
7159
34166
2401
32462
31848
5160
17885
31994
10256
15513
13391
37539
20386
26292
12716
14802
18142
19245
18883
36419
13769
35257
4719
28901
25074
27990
13980
22219
38633
8326
3103
13818
18482
26721
17414
549
11329
30511
12924
12428
11652
22070
29056
974
6015
11620
31520
23821
18141
20015
19873
33641
31434
11955
7021
19725
20369
5866
26618
2201
14524
22312
37632
3381
26300
14569
12218
34379
35692
27496
38296
33553
28939
13156
26456
22759
37904
20531
16740
36680
8408
22796
3652
20641
31039
31507
14833
15520
25231
9613
22304
32946
11029
38979
24526
33409
32033
23468
14262
19767
10802
22540
35017
33887
28849
22369
14997
25808
27809
11967
6764
34816
30216
2221
2591
6324
27349
24506
37277
17137
39014
16685
16040
26018
21362
20766
31481
27343
37939
33404
34768
9190
23201
30761
16458
17
5782
15794
14444
35406
20358
12320
11466
6898
11104
2109
16085
38715
26236
32854
7201
35614
19645
11324
856
38771
5071
34605
678
19585
15503
36732
8433
29832
35434
7942
2347
35280
11650
13798
35054
33563
11089
16564
13145
32980
34022
25742
5526
1727
1168
28278
4325
11117
13296
35880
27529
26717
28142
1440
12563
1720
32322
16884
20131
24438
13869
17453
33976
1167
3929
17961
36954
14998
37313
17060
3071
1547
15984
30380
5377
37145
10951
31350
31801
4937
32138
24505
33668
28956
14554
32611
38770
5524
11006
36459
8529
15153
5582
37830
6446
19137
35556
27386
39098
12391
13860
35311
15732
34211
32657
28799
4297
21791
10629
36512
26242
8292
20484
2781
3155
4938
3396
17185
35438
10403
20443
13842
38857
30926
36193
25711
5029
32703
36940
6564
32680
14712
4778
27384
20281
17033
38940
27259
17894
22727
37674
38652
10663
14156
16122
39059
30158
4541
7698
16023
29165
8140
38567
34095
22038
34139
13625
22630
16514
21183
17840
19199
24417
17571
2563
1835
27577
37298
25049
12491
6482
2635
38559
16715
11907
3973
9325
13232
14363
7348
7003
10431
14751
22303
11326
13976
6310
37753
19699
33440
8843
29687
4911
10925
20712
31554
14634
17743
31969
26188
29778
11212
10679
13038
9941
13891
16111
18690
8427
30175
31139
29155
19183
30943
22154
35606
24018
29479
30906
12889
13743
21350
29080
26820
25736
17975
36109
36841
21968
19271
25482
24789
31643
23747
4533
24051
27548
23215
6296
8892
3099
17814
36392
32694
10099
24714
13681
24233
7701
22694
34477
756
13622
16123
35640
20168
16399
35042
2156
3349
1744
33800
3056
8661
30991
5492
32737
14189
14785
11442
36485
20019
4480
7889
11709
20890
36126
1266
20395
1617
17329
19809
31869
29207
20071
34460
5046
16815
10231
19458
11922
15461
37503
13547
35253
777
25568
17465
29303
5145
18895
19433
3719
17834
2289
810
15081
16449
38916
5588
13756
8572
31800
22563
19503
12533
5860
14847
10236
21593
38956
34042
8104
25724
11747
35847
11191
27442
13336
11492
34492
31975
21142
13446
17057
26314
27366
3357
16148
13702
30539
13078
16611
3393
6597
32027
7972
14533
14948
9378
13817
2803
12619
21944
2337
2791
9098
9536
34747
22869
22492
11458
31605
23844
30944
12684
2577
32311
23277
38550
10787
15246
23391
16993
27656
37928
5013
13880
15274
4230
34243
14534
687
30360
31872
12377
13998
10817
37873
34157
20931
9992
12243
6661
38781
25565
33936
6899
36240
6286
18326
10384
27467
5128
13380
38216
12410
5328
21385
16694
13962
27741
24563
26788
15525
20279
649
23203
11542
23018
8635
18347
11507
21925
12927
20169
31044
27225
30624
32430
19401
14788
16630
33753
35999
20324
35153
28525
29677
30883
33439
26718
28597
31128
15494
38483
4974
38931
7751
25119
19220
22057
10009
10039
19136
9442
21814
11959
31451
21973
38052
37920
24630
1923
4825
3290
33725
33378
21091
23273
22118
35411
21045
22570
7143
19495
9965
18815
11828
24292
37940
884
12222
29559
24634
6269
11748
12969
31652
2500
28364
30355
35967
30796
7945
17118
20048
36422
13722
5426
27224
20620
5800
5858
10001
21078
32912
396
37053
17715
14152
12314
17496
23768
4123
7833
38498
18233
30627
35655
29731
421
32307
33886
30558
24185
4961
25954
13952
30994
31370
14815
5248
34016
478
8717
30068
12797
349
23646
11406
11240
19310
19215
6785
19582
35007
5708
9962
18031
427
17152
1996
24079
1305
12272
8005
38048
8239
16115
19733
11036
33927
36417
29799
23411
27663
2702
6105
16619
7780
3723
6596
18662
33294
615
14864
1858
15645
5716
2544
10401
34647
28808
19909
8921
37884
17415
6299
2633
13417
14346
5239
23481
3387
7378
12139
9818
32337
22199
30899
35609
33037
24572
5090
34296
14929
4390
14915
23645
27323
945
15601
4269
17228
30635
34617
20915
7561
27557
32073
25598
15259
108
24581
2138
12033
25554
23869
25121
11779
9852
25006
20157
9925
18538
33192
18802
19781
36961
7612
5479
22626
36018
36604
15092
18456
32115
9850
36202
7917
16382
33564
8331
11165
34983
11010
19891
35738
6609
20045
23087
28338
24985
35058
25616
24537
37201
21861
10360
13348
21945
15930
35746
17396
35154
6114
5345
10551
23466
30571
3257
35383
23158
17197
15385
34430
13724
34757
29179
31174
24747
28401
9916
21681
4758
33755
9587
7377
32062
28248
5886
16612
17114
22467
22847
25648
26657
12815
13665
7687
34179
8530
28611
12134
2539
22226
38302
5683
26255
22566
14984
35653
7209
3942
27814
17101
32816
23974
18549
12093
20216
32351
9253
1818
17304
13220
33361
15562
17028
17214
31424
30214
14783
1435
12518
22032
5058
10608
10108
8174
17216
15660
24212
19834
12036
9089
14162
24743
24621
37664
22625
15003
16479
8856
22998
37206
10760
26965
3898
6698
34454
26283
1146
17434
22497
26486
32645
15396
9292
20560
32468
28722
26471
9320
32748
29665
21293
26579
11063
17391
8404
12549
6408
13898
29693
37561
11213
2436
26199
25124
15758
21391
38796
23035
18338
30755
9219
33179
13666
7189
15721
24472
27316
17654
3119
6653
8128
4748
2726
13601
36498
1319
1104
22803
5264
5098
16284
34871
6282
3231
30353
5771
37738
34201
17154
29094
22778
31615
3356
35422
4703
13597
21846
18184
31207
22170
29024
31476
28637
15312
33894
30445
19890
4241
27679
23600
4003
6794
17389
7110
28602
8351
2619
9324
33756
6865
