29503
24606
1669
7429
6009
10899
7264
2499
26787
12120
15407
32526
25762
37398
5439
36007
18411
16748
34413
19533
6618
24490
14533
5541
32215
19985
1949
35517
28607
21245
31906
20517
32534
23734
28596
34224
37949
23761
9717
29861
26480
14237
18348
27085
9831
3494
7194
5926
31014
13893
6201
9128
17206
16073
19616
852
20377
31889
21175
32034
33073
13812
33509
25184
14812
1311
28226
34841
17655
32903
24689
32536
38768
1228
34595
7371
19151
28294
29844
5374
4932
29138
1495
27599
18169
6632
17424
18631
612
11734
2565
4110
37221
31935
34111
15370
1851
16650
18329
30558
20536
12257
16612
9478
7729
14782
26522
29910
3352
19159
19514
28084
3765
751
23053
24448
20945
307
7049
18028
15670
1373
35985
2038
1670
24025
36983
8836
15877
37002
4596
6194
1849
30472
18740
24935
18055
32116
26986
2123
30626
941
38397
28592
29187
3768
1123
33039
13830
25093
27862
36667
22970
34232
13955
14645
18067
17381
23517
25931
31212
6695
7464
20400
37021
17847
3058
23647
571
2755
1231
9739
30293
21785
18475
11820
7640
5383
15632
23221
13834
31640
37245
31204
33094
10382
28776
16797
17872
26239
31744
27068
31244
38884
27026
37768
32621
6945
10087
28824
21372
36917
31840
33680
8548
18064
24614
22078
11600
14104
6319
33256
3732
35585
16545
33134
30262
8448
14946
29179
14097
15491
564
10326
2464
14012
12477
15733
10143
24882
31514
5921
5622
25751
18803
36969
8698
25382
14007
24605
37023
16978
11644
34946
15295
26197
34035
327
32460
23458
33807
22959
2488
2551
2489
13432
37889
9516
17683
19973
15073
21266
12608
31738
13732
17181
296
31656
31139
10791
32540
32056
7638
5205
21033
11165
21696
31647
37341
33731
24695
34089
1032
19885
16499
38443
32276
23733
33538
3149
18731
24867
33891
13845
4141
26275
25107
21936
18449
37748
36909
5549
33556
32965
4144
22057
6816
37481
6256
9545
19300
14051
23539
7257
13712
8389
211
22414
3839
33294
14461
29549
13795
10545
23656
8196
12044
34420
39066
35760
28933
32598
33318
35777
5315
31160
20860
2938
3927
27022
36260
29323
15299
36913
21466
28625
14524
5524
14843
24500
5627
25437
35965
35304
33930
8119
16589
27577
12840
28731
10201
37804
38012
34980
1160
10839
18507
24251
31531
5455
14169
3893
14757
12568
13359
19326
8667
1096
15054
21151
17479
38442
7507
8990
5771
17127
8812
36399
18590
34925
11515
27258
12415
9697
38757
15951
17656
22569
12197
28985
38533
26446
15331
17237
26527
16606
15769
24034
26084
17809
34669
26771
1988
38057
20700
33816
12841
31864
4416
5812
20597
20073
26189
1108
12981
30890
30738
11190
17922
20394
18491
7035
8599
29525
7718
35684
20984
6866
5786
17568
3619
1709
21098
22400
36492
26751
16327
29702
4965
22962
33063
15401
35431
17155
36294
32603
9056
37580
19281
29885
11817
29609
19655
29076
19238
12918
25293
1719
35083
26830
31782
22515
38665
20849
32813
34466
36147
31430
17435
22718
14853
18684
975
21538
33703
17983
38037
22407
20741
1892
17724
34207
27005
25442
20861
17795
31954
9198
15775
22383
28384
17749
21502
9054
21014
35591
21509
25695
354
34487
28551
33867
7916
23249
8579
20272
19769
15434
15411
30920
38476
24542
8111
10051
31883
37535
34787
8759
173
34398
1221
24295
11472
37182
587
4516
19667
22256
19750
5072
30595
350
16819
28281
34949
19754
16510
11632
28119
17306
480
14781
34305
5759
37650
3634
1299
7950
4197
6817
23708
33470
19401
36893
6745
28937
26087
24815
10427
24898
16301
23942
38250
4514
35330
37783
15252
34852
22857
21875
33586
19617
24020
30194
16690
33906
9268
682
1804
36604
16430
12680
4001
36856
3245
10744
27796
27052
20281
1405
29900
26463
38109
2474
31402
14467
16854
10023
7349
34188
29768
32629
26558
27130
28608
2858
3120
11518
13231
8080
35743
22761
38038
10677
33417
24449
16288
21977
26509
20160
24727
38300
32820
12795
7797
32413
29730
36915
31748
29004
28626
30644
23275
21646
35997
10909
38966
24070
26029
38260
24684
27306
10580
31972
29754
38327
18609
3024
28542
38925
38308
20650
2563
6175
136
33319
25684
14806
11070
5520
15238
26261
23297
22660
28453
32179
10467
3044
15101
32352
3605
18029
36218
22311
1318
4860
3437
14929
20093
19096
35333
30809
4130
35979
3346
22497
656
15343
38742
17201
38060
9332
11879
25867
7822
34250
11000
29845
22903
22156
26994
18703
20702
32633
13679
9923
22650
6336
27612
21285
8588
36424
11354
33814
27391
38840
39112
20972
5870
16074
20729
26199
2705
38429
14001
17589
5864
22781
8659
2662
25488
16554
12838
10948
24191
3775
13288
17443
21719
1572
20709
13983
23918
6073
31707
33608
21809
33999
10168
11689
672
15516
1267
37720
12941
31761
19766
13326
36100
31391
6686
18666
22135
18427
25899
15223
18176
10496
28677
34447
37815
6854
28875
24492
1898
8134
22618
12290
26755
35466
18075
3885
18074
12927
460
21765
28934
36930
24229
18945
18744
21365
17386
415
10269
35762
16525
14965
25207
9743
35243
24388
29802
26455
584
18228
35252
7860
18968
933
4292
1888
8285
34132
37572
35663
32804
3402
16359
22150
26037
1016
31498
38684
31363
8234
28434
13530
27787
6372
1959
17311
15192
11383
2326
2632
10465
33259
37951
18735
4385
7150
2944
12865
2375
19580
15404
33445
9610
18088
33845
38899
8264
25920
9645
8257
3295
6694
34007
4284
14008
6589
28261
16919
13682
9515
32610
18589
36933
8062
12123
37298
36745
15841
21751
26436
14482
38482
8536
10915
5790
35573
841
11844
8629
3908
821
4893
16820
35000
9659
24488
16011
35244
11085
33148
5112
38561
798
9911
26330
33817
6300
24265
18953
6239
16861
1529
29534
13636
29088
22821
7918
9451
35852
17714
19567
163
2472
20580
26352
24279
18144
19212
26088
15199
5788
22155
36561
38126
12189
24692
8433
36183
36200
30284
27100
23974
29790
38912
34705
30182
15275
10856
31945
18653
22189
36482
31228
14694
29021
16114
17322
160
35639
2510
38867
12938
11466
27057
27935
13677
10885
36774
18760
5016
13793
104
15109
9748
3613
34735
6789
12837
7618
25561
2475
3998
38904
8207
983
8568
16791
31912
21625
18171
5834
16258
4166
31597
2277
28612
26506
21757
5776
11541
29436
1042
6715
9796
12726
37991
29517
11980
38678
33075
10530
23411
23990
36635
9305
6641
17554
28721
34330
7361
27872
626
9519
32228
13421
9762
13077
19879
23928
3842
4213
26653
13818
14269
20257
24178
30632
3381
18324
7679
13816
39098
25175
37874
5600
36208
35489
36009
18216
36921
29043
10604
6282
22206
25218
16132
4411
23755
33628
28634
29434
13707
22533
8129
14313
20541
12062
24397
20710
14307
33372
454
14585
14972
11627
14662
1510
18758
15215
29055
10609
14556
29528
26667
38336
30957
14740
37433
34857
17615
27221
27357
30872
21015
6095
16090
35058
5003
35042
27126
1174
31146
4823
29928
25180
36530
24909
23303
27442
37554
18270
17338
23159
20661
7340
35346
24800
9701
12972
39020
4758
34074
2994
308
25269
22106
12245
31952
2616
4732
33923
15900
35377
2739
34867
21522
29268
19481
35121
876
8917
6208
29397
26124
26104
37529
30532
1583
36239
26105
21584
10105
6634
17938
21207
17522
5284
18487
20037
38370
32555
28135
4407
19016
28165
28987
29913
12889
20495
22369
26878
37169
32124
4782
24752
14317
34146
13367
22955
2414
17986
16665
17806
17013
34912
36963
10175
36270
4591
25864
15006
2371
2586
38147
17870
9821
21159
15103
31711
31150
28224
26849
29171
24122
6923
1676
1783
17202
16576
3302
10218
22208
25565
34220
10210
24646
7099
37773
11227
34144
29569
26993
2637
15273
2035
25513
22512
6995
35186
4714
23814
19024
21154
26636
14538
14796
6032
22884
30499
35031
32069
20653
175
13638
2524
13817
17460
549
37738
19078
10697
36759
6001
34255
20539
1734
38163
31169
36661
37338
24032
14977
1980
31354
10497
25464
38972
32625
33643
31960
29320
12147
14077
9402
35470
27226
35086
20557
12298
20956
13588
316
11585
1497
10233
6310
30904
20145
30881
27654
8289
7653
6112
21053
35278
14086
32046
29954
28756
38980
19605
31830
29254
5052
539
928
25507
28541
38362
27006
32855
7112
27758
38585
6763
30004
13910
32112
14303
31277
30736
33302
25839
10622
16343
14625
31411
12856
15575
37113
28764
11457
25455
21440
4337
37057
25955
19503
24823
2062
37292
23152
36138
3154
25572
17514
15363
17559
38290
35295
29219
25225
1927
33576
25629
1103
9812
16141
24423
17976
19739
14309
14932
16103
23062
2460
20922
31347
35878
22652
21597
32616
13252
11120
24783
24931
1587
7299
28034
1203
29651
34907
2788
14190
6647
20739
17771
10547
3997
1214
5050
27092
29283
4045
31051
37887
14928
24231
10164
14764
4510
19535
32023
30440
36370
25414
3860
9009
14765
89
23369
19444
4614
28227
29155
14912
294
25686
26420
31989
955
3737
13112
4632
2419
15952
6354
38157
32038
31949
20605
17392
5848
30767
21117
7192
38124
4307
14127
31395
15014
361
6275
11088
10223
35536
25895
2258
29327
26409
2049
23655
17506
1986
16386
12049
4033
2356
34091
38005
7625
7542
6347
23776
19958
27437
10581
38198
23276
4453
28772
675
6489
3264
11126
28613
6204
15714
33553
8158
33333
7386
1904
25778
34391
12916
15296
24834
30868
12955
2579
19729
38125
7609
28896
2315
5077
22675
478
37163
12327
24010
32994
37412
9213
6366
26822
6501
35309
10583
23230
16781
2932
15263
31294
21567
29384
20569
25463
19368
6692
10861
37790
23326
30065
8958
32030
14489
2417
25681
8899
19797
4689
30653
38873
510
22001
29413
28905
13370
34712
5156
14579
21139
21985
16760
7565
5686
17504
31502
16945
17783
5171
10363
21009
12122
3752
38793
1890
14031
36485
26035
21201
29311
15482
27304
25073
14332
37132
16543
12168
31659
26171
34992
9422
11467
31574
15097
30804
12118
17414
28406
5044
23391
24112
2790
27667
29248
34863
22259
35841
29440
23151
23311
29624
28222
901
21740
16328
15058
16994
2222
9474
19689
1087
3836
15538
11412
35929
2517
4431
4280
19701
6542
3874
22138
18773
35679
18992
2254
30975
34216
23435
19289
34901
19025
35412
20154
24252
6543
25582
38358
21889
36675
22813
25724
22202
37439
28632
8397
30988
20044
11384
21826
27833
25673
8808
13920
31645
11097
6355
30973
24180
34394
2359
11639
36656
30108
23563
35142
15244
20084
973
22228
31704
11062
35019
35126
30275
39030
5078
3676
19528
1484
19742
38592
19762
6662
25860
38131
36400
6961
9216
36520
36450
3492
29256
19060
9173
17017
10584
31573
35781
38083
5373
32715
16395
23749
32200
22847
30828
35013
15515
11724
22896
11465
15362
29610
6467
16785
7660
12192
13571
17727
2099
2525
3102
25376
38844
35739
25473
3304
30991
1233
23047
4599
14940
438
8883
6209
38347
33574
32274
24925
18162
32921
34961
21939
20342
7051
12501
23094
9601
21128
2634
27844
11739
9115
7688
14267
37402
24147
5342
37771
23565
13488
16240
30694
32076
25052
4881
16602
1423
14528
32044
30053
5291
12882
23386
16952
10865
2871
36223
15512
24669
23075
11796
23447
3813
31105
32864
9100
14325
5289
9076
24841
29505
21328
15416
24577
34748
32272
2054
1823
24491
6567
31500
28369
24597
28676
28382
16723
23511
24968
22367
24347
25811
15864
7031
36692
25832
31078
24959
34210
37096
958
31486
37545
23460
8492
17876
20543
29687
24763
29612
19721
34744
25011
29708
19448
16198
19305
3226
24301
23213
26982
33744
1467
30905
13860
23955
18697
14951
10561
23773
35498
26929
18155
25072
13900
21511
36069
9998
28061
21658
1832
33299
4824
14289
12604
3099
36327
3850
28855
422
26371
13722
34440
6963
18934
22203
29795
37935
1696
36788
16450
38541
36164
1662
20284
11770
26524
18509
28373
19796
32699
3756
9660
23706
10504
3655
16020
26719
21857
25881
31404
37642
4414
34761
17951
13440
20944
27147
9963
28402
26341
27498
14917
9343
31344
2664
1757
31289
3667
34025
21147
31937
31469
27755
18476
24285
38244
1296
5221
6122
31084
38646
22531
10685
6219
21571
13695
29294
28278
6991
29097
12090
26190
28630
10412
24985
5828
26439
5909
367
4745
992
13667
2701
10085
35061
33545
37128
7197
14230
28733
37446
12639
30266
32968
18198
35780
7919
3023
23090
11533
34191
37154
34209
24753
24392
38707
23224
25003
35793
17476
36642
31555
11781
10905
5434
24754
35876
34571
4938
20815
10843
24123
4978
34320
6689
6710
23383
28068
14526
16384
23286
11158
17776
27155
9099
38245
9625
37437
26047
1651
21451
21483
23527
27954
26235
36595
16687
4360
21474
32344
1115
465
6360
32586
21890
35638
22151
32403
5782
22532
32175
29644
27840
36209
18214
36852
27439
22819
31852
28372
2671
19784
2202
38759
13079
20483
33241
2071
18440
25123
11393
2243
21066
23869
19406
17601
32289
38474
25556
15736
27947
29938
21928
29653
27494
15183
4348
1906
27565
29452
37240
6384
21262
16847
10991
36820
28488
23550
36067
37506
23324
38852
11718
35851
32213
24119
38376
20337
21356
11866
8396
2046
1568
6124
36942
17888
9175
6210
21929
10358
10821
31194
14094
23125
15243
26288
11961
35022
32158
24615
23913
37665
26800
19431
11842
13556
8730
28973
22325
27642
28232
3592
30813
37559
25644
9121
11833
1817
9854
5465
10789
10274
546
35169
10423
562
32146
30107
10460
2562
609
8253
16887
23012
6243
26907
6496
23340
35602
7570
28578
19614
27463
19604
38445
473
24066
11340
6089
13689
36906
35221
33888
35321
23846
18152
29849
25056
17180
10331
4301
36779
24599
15885
32064
13773
26132
17234
14295
36205
36881
2603
693
15005
13997
28692
27340
28602
38674
17607
692
7505
32770
33564
16992
5307
33855
35550
12551
29794
87
18063
27038
9977
31701
25732
21734
33956
27802
7036
37829
15029
28259
6313
5163
13535
33861
17133
27783
16453
33462
21572
6824
27588
27187
1008
12702
24225
34865
4601
10123
35314
23325
448
32298
26494
16855
23417
5086
14090
4968
19844
12731
31741
12585
28911
27370
36543
16607
8509
3400
36329
26791
24795
36454
15645
18202
1548
11885
8985
6968
16457
9789
5800
5919
13935
19492
37793
26657
16153
5769
3826
27703
32750
26246
20354
12414
17349
36079
38160
15745
13694
11333
30965
5091
37121
38393
33070
24082
4681
28356
36646
22201
20840
23731
13646
36837
25315
27825
2178
29971
3009
16253
29809
19507
9356
37985
14810
4952
16604
9958
32627
23989
7043
10924
9937
30583
9569
27571
11749
30723
26928
28747
23987
36720
38709
33579
12607
19113
20720
23760
30734
38309
9975
18145
14861
26786
22071
34436
30700
15613
23659
24833
2547
34355
8954
2993
26548
25313
15520
16705
11740
13901
17850
30510
2098
33288
35515
8544
34362
37822
26915
17118
836
31140
20298
31454
11633
14165
3275
3179
34512
3745
36361
19790
1114
5746
20522
13186
20323
28819
26593
5000
6324
24209
14234
16981
4626
5306
31439
10506
25600
20134
19246
33806
10903
19543
15439
15449
31727
7098
1979
14998
9976
14564
33274
28031
20255
38756
25329
26684
11334
30855
16914
25969
45
19393
453
4423
3804
23248
15094
4352
25327
26768
26328
3325
34064
13339
33573
12928
28051
32433
12614
31826
21532
27199
4199
10533
24963
33238
21796
35062
32966
3
25840
34932
12896
18732
33475
717
4460
27804
11372
3277
11146
6676
20487
21836
25272
1882
12117
38227
15895
17034
25445
28074
33642
36162
1756
23614
2794
12800
26722
38535
8229
36118
12073
11326
27300
26444
21100
285
12177
23210
36221
35388
16208
17772
34944
26671
6087
22477
8638
18207
35246
32236
20668
5048
22316
23367
24590
114
23180
9548
27864
25906
18002
36019
22873
14654
38631
31723
5780
20644
23744
32798
32027
31272
38973
33689
1914
11439
19328
5182
24065
8175
28066
11183
18334
21563
25088
21758
3865
22816
24042
26559
5965
32159
21627
36749
29186
9248
26903
25964
38324
4576
7851
7380
24618
15896
16640
2283
17103
10718
1183
10529
37068
26260
34564
27179
7037
5553
29059
447
27548
28874
34524
27128
36578
30093
2156
13905
25636
31929
32017
12719
2991
2724
38587
16091
7097
1950
14846
30699
6412
10086
22977
5984
19532
22007
23146
12174
2141
4642
11674
19072
22403
32388
36288
11208
27123
37312
30906
17993
6113
8428
5472
18879
15937
29667
4527
14604
27557
26980
2760
29577
6081
21068
10328
1425
23860
30959
22452
7345
27525
33909
3004
11995
10935
5649
12261
5481
13720
26448
27218
22117
25326
27621
17105
1195
6759
29066
19059
18626
7439
26221
26021
26673
30716
36926
2953
18693
18850
859
18096
10000
18855
29675
24364
26073
8432
26788
18285
37088
9797
6478
22824
18062
38013
26011
24524
4821
28821
10691
17743
25528
2758
10936
8467
1119
27339
22433
14447
4603
26240
31445
36950
28817
4818
33944
10069
27870
34762
36402
3254
14016
24130
25865
38258
10625
11275
27711
30876
17820
33798
5240
12380
32753
11409
5154
36430
777
36655
38331
10602
4602
28033
757
22479
27483
26168
36363
14816
32817
25113
37583
37615
9635
7156
4497
36563
7947
6218
4077
18256
1794
31482
7455
26613
742
26314
1486
29562
18129
17818
6074
7984
16067
19231
35133
19630
32322
13851
16523
4087
16851
33800
7212
12473
5801
20478
13643
9966
9107
18462
25569
15062
18824
32118
36455
33059
2192
38819
9228
6614
32557
17835
29600
38364
9262
33385
33683
1544
35413
35190
5971
14658
28825
27644
1700
17146
5183
20091
12864
23929
10432
22044
7083
39010
13788
20678
28475
15751
1312
28016
7141
5695
29487
21971
15128
29583
7312
36483
3790
37164
30366
31130
18683
19706
17217
35096
23611
233
13337
6397
10559
6425
5273
16118
12204
31829
8375
20527
28500
25188
31240
20041
31756
19099
418
1454
16484
32592
31813
16097
19997
5613
13628
17895
24755
19818
15859
2909
29006
10222
7781
15067
31783
22895
15556
29281
36744
20926
38548
6331
33911
10511
34490
2876
9462
18864
14004
35986
2057
3535
36771
8221
3045
19654
3014
15666
36451
28159
36850
5165
21529
20280
17389
24210
2085
6026
19549
31400
5323
29319
981
25788
13154
8166
8328
18545
5218
4884
267
2502
24865
34275
4997
4598
23985
33550
32678
1802
29504
9002
12359
6561
2037
22209
17518
11592
9164
23796
29357
9355
22493
13690
21293
17231
22265
10851
1219
2816
14413
7107
36493
24733
15271
2290
25235
9393
23947
17952
6257
34687
9554
5647
16337
24711
32494
19106
21695
26969
1764
11801
7268
6070
11578
8124
2781
26670
9853
8351
29180
7010
10449
499
17953
26071
15063
5907
5873
27528
6379
19488
135
34117
29670
2341
36552
10863
5488
19636
14678
15390
24779
36528
18336
30854
11267
10371
35870
9654
33163
8487
2329
906
19990
29441
36054
20933
15707
11972
7103
4139
33050
35543
32920
10828
20547
38205
14975
1462
33100
23853
28161
23789
17583
518
18722
36607
11503
8715
21698
23127
5703
25822
26216
13036
5611
9341
27690
9591
19771
20078
24866
38170
32057
38325
14320
27501
4256
37456
36653
27527
17233
37100
20090
24603
5944
14869
38271
16958
12036
12363
21294
30094
17433
1913
139
33837
19120
6566
33603
36405
16634
8569
12743
2144
37893
9728
16246
14627
13224
19584
7450
33596
2498
25495
4813
25750
641
12509
24221
11968
22870
34651
22950
37736
12771
37646
12157
33885
33768
16249
31714
6891
21536
24893
13411
30192
20882
8228
908
33420
3975
26460
23607
25134
16504
733
1352
10131
14089
13879
34690
38329
11045
21362
162
10740
23810
21935
36018
10849
30475
22099
22195
2181
37140
17507
4765
64
9673
21528
10842
38754
11248
4103
24919
32169
17877
27444
16286
31372
26904
24949
10155
20783
9357
33679
15397
38749
1562
7863
13907
8844
3800
29445
14039
498
9165
32341
12126
10372
243
24171
2409
22631
7870
18611
27482
19425
4404
31305
29593
9913
8709
30882
28799
12721
9212
9908
38375
17581
18655
1039
22788
37460
26889
10225
20137
12145
12305
31282
38669
17404
28345
33920
23106
27930
18453
1422
21958
10505
18263
24133
5547
33554
8984
18235
34798
2373
35269
828
25276
38578
25333
18116
33047
30787
4961
17342
14201
27284
4778
10898
8152
30260
38033
37827
26309
7023
22712
5387
6245
9965
21476
36440
30995
1760
4934
19432
33912
22544
22733
35428
31269
4548
25898
3357
10787
23993
22122
16668
8974
17160
4221
24043
38865
22809
27008
9690
11157
32321
4502
12512
8417
2911
13669
29881
23451
11192
168
21254
18806
34194
31655
33248
26517
36364
27790
25625
36295
28088
13553
7048
13748
4247
35085
22535
14958
34608
23811
18175
348
38464
31266
5860
18060
24858
18849
4695
25639
37486
32524
34020
5787
26537
21611
21113
4098
19110
27832
20251
24917
38265
32549
29104
30838
39096
6605
33551
15492
13691
6931
8938
31832
30034
27142
29598
16414
33033
37191
38889
14157
9822
1998
26545
14191
34363
17565
5166
37959
30927
27355
14844
26950
20759
13680
12523
6600
34291
20958
13883
20900
7444
13031
2456
37288
29009
37102
11030
14406
8476
6928
20228
25196
38841
13019
11105
9508
34094
22670
18602
15673
29056
18623
34957
17054
12996
4115
19671
34878
22882
24447
23240
29786
37171
17956
11999
35180
2385
30261
20677
9439
22706
15998
26096
26417
226
21401
5833
8649
7498
29270
33975
23310
17989
31472
12455
31225
27118
15298
26273
25613
23042
25776
10990
4338
3144
17619
33583
37608
25071
13136
12403
169
6636
15674
8791
4937
33167
10890
11099
38575
20725
22501
15522
21583
15964
2296
8711
2397
37016
22887
11858
918
27239
32196
3730
11516
39063
30875
25017
4388
24146
2466
13568
6864
7188
30559
33378
31101
7666
17383
19870
38015
3513
6043
29083
18959
8121
12203
30287
32049
25978
30032
39002
19256
35389
34151
25548
13246
3524
24166
33687
3563
24185
22889
24821
38695
36448
17486
10617
5608
255
929
21017
8783
27094
23825
38829
49
27909
31339
6229
31331
7283
103
3579
9044
6761
33220
1466
17553
30322
6609
35527
25662
17033
20878
12308
14791
24235
24145
29000
27857
18383
15189
16659
28332
17173
23631
4869
23562
20208
30186
17314
1859
36623
17969
24182
32434
34904
19582
25894
26597
31398
16376
7735
26747
6180
30330
9311
22193
26665
2915
25914
9771
21850
29904
38581
34029
14244
32389
7598
24234
2355
34534
13740
5677
37620
5972
3135
21156
34864
32558
1188
4702
12532
11589
29144
1046
11947
19474
37410
24652
13022
9260
25570
12060
8868
8934
35980
20718
15350
16362
20259
28443
3939
34118
17645
5912
9587
29128
28715
14963
10219
9071
29855
26378
26383
16028
16256
12143
25735
29553
9620
22910
24342
30821
23642
4281
32656
26551
33896
21205
7205
2838
18667
21027
14504
13760
38978
38521
23782
30479
26526
20675
541
26165
29183
25456
1791
37753
30492
15041
32364
29084
17418
14454
37821
28606
31851
33436
652
35897
4701
35396
21683
30963
6450
16927
21601
33849
1417
31349
6990
1552
2450
24090
14363
21408
19867
36884
2611
15475
33459
27299
24989
9124
22436
33454
11232
3626
15991
12564
3218
12067
4206
38064
32119
14668
2122
10729
5578
30060
5416
11645
4069
1176
38799
21932
32570
34136
1134
6127
5390
9397
37767
24631
5436
34445
18656
1090
18007
14106
5991
13945
27562
4076
23687
33236
17570
31902
30242
18141
12497
21710
2918
24952
9159
24716
35129
21907
19943
23226
34813
30600
1488
29495
18715
12040
29420
24637
8582
28111
22124
3187
8665
13203
31861
35991
17782
6987
8315
7667
10265
20260
8250
13904
28955
29349
27402
11812
12603
24700
4074
12913
13220
12319
33008
11657
14555
4713
30866
15824
11521
5267
5105
12449
35672
26894
20602
9080
9227
20931
15948
12686
23560
35946
4361
37440
7873
9226
17102
14842
21446
4575
8788
17926
488
2691
31814
8146
481
18489
6939
37092
17186
22464
27013
10510
10904
12260
21366
8766
25054
1653
35893
22304
16498
21271
8429
9395
2108
37413
34943
38858
17092
20278
15436
17746
18579
16088
26432
15201
28484
535
19477
1314
23558
21432
19627
7017
21295
13302
18315
17042
8044
25281
37249
10136
12546
38735
27880
28605
31643
1197
12379
28814
14399
23072
26990
14858
10749
19836
12660
10733
23259
28743
778
17494
18306
29120
17219
254
8952
30234
15768
3282
22309
7784
4117
9804
12548
38728
20050
37046
37236
28223
13371
9737
22360
11427
23267
10883
37070
38487
13008
16026
11143
16780
9653
15272
2268
17575
20282
1935
4319
7924
20086
38323
6333
14137
26809
26332
27291
20381
18954
26148
34616
30843
31044
17616
10338
36181
8367
30069
32162
6439
22067
1715
7757
33387
7724
20891
323
24139
36309
26815
9153
19329
2690
23619
17394
21321
15151
29784
29883
7566
21091
29300
34751
24069
16055
14660
19583
21364
28028
33919
9964
19714
17094
27465
13324
37027
20513
25918
38453
13721
28544
13357
1584
31490
37285
3991
18685
26237
8109
12322
33693
12385
5742
16310
22993
18511
10689
4215
26887
2088
30817
35624
7026
29249
21439
35936
25586
4294
28523
8391
999
17362
27222
19266
31524
36767
27635
34681
19761
5330
17302
15249
30432
11048
36487
10006
7933
17457
11974
6340
15119
22322
21386
36923
1056
7085
16364
1113
28256
37028
9224
38010
2928
9810
878
30665
37353
15319
4947
28315
37525
24582
23141
27421
30455
249
20654
10047
32251
14570
3594
3158
36979
25223
10735
10786
29514
18194
8344
16572
13526
227
5922
7128
31777
23376
29815
15234
30427
11886
27411
2319
34659
30164
26672
1082
19672
26606
14862
14820
30603
10519
19743
32139
20841
12579
32958
22120
13065
33393
36372
31453
32104
33931
8696
5662
19663
31652
14009
12350
19040
14462
21385
35669
20587
34158
7861
5305
37373
21250
6626
13987
21679
21554
35850
33269
9865
19073
2024
2447
20885
31246
19273
19971
33676
15532
5580
8685
4324
14394
27604
26615
22946
30151
26133
7333
4867
10823
35785
38727
5018
16308
7077
29166
10206
19626
31082
24877
13887
4724
36330
26571
1060
11124
10724
24705
37049
10607
35216
3287
24974
25106
29395
26207
2678
31891
13067
24907
8947
35479
30796
12738
3374
30997
21687
27262
37902
24899
26302
2886
38955
6116
6872
31435
1026
38204
30887
5573
3206
35751
10213
38765
28900
15634
32660
15837
10884
867
30718
30994
2032
33989
27757
21722
21630
20371
3232
23019
7006
33780
3237
11066
33041
30349
27190
12066
9738
29243
33209
38997
7116
33941
28658
25547
2403
23352
25763
14105
30359
1604
9869
38915
7241
298
17156
10606
19880
8291
24536
33749
20728
10474
10814
14638
2694
19134
18132
12012
13517
11110
13182
31928
13685
22230
38167
30106
35247
13842
17898
35918
37259
18310
22191
18767
16551
38046
18177
1401
15590
14596
1485
38755
31494
31913
25924
37453
10007
35035
36428
15389
21264
11178
29185
13218
5632
17491
38763
31458
25679
3047
38449
30981
30631
8377
31298
26303
13052
5579
32491
36776
15525
24030
7858
21388
16219
17869
36911
19895
19018
24237
3932
5536
27638
15772
6191
33760
1837
11255
12481
33490
22770
849
17159
15083
6812
5230
7596
20880
2827
29034
4052
27675
28891
5552
18977
16756
658
37348
31854
33301
38478
3308
22931
13070
18909
2674
21162
17228
6477
30732
27949
16382
31881
34264
32816
7290
38550
25980
12065
24
29347
20058
14198
38100
28997
38024
14203
20927
15623
12349
32991
22411
38195
24441
24194
36695
37370
25784
5804
11356
15913
17254
21639
10826
28991
1021
8346
14306
16902
18065
24381
33714
17954
32163
1919
21500
26763
14386
7056
8071
29965
26178
34706
25006
8594
26753
10045
608
36308
13365
4972
38365
11244
29828
17999
24291
37681
4504
3379
6874
36107
14829
5006
12828
1077
17305
36242
36124
5590
3002
24228
1226
15876
18947
15210
7144
18035
31736
32774
16010
39008
33677
38848
23786
14138
31650
25121
5490
12504
33289
3059
6283
36458
762
32742
13555
9708
8636
17917
21713
8185
8461
15603
31307
6157
13217
21838
17307
2155
31136
25167
1128
37327
17000
8810
32360
37426
22152
24860
6433
7741
34160
10672
10934
16392
26135
22643
32293
24609
10747
14187
16699
25688
24601
2583
31009
4924
25807
17411
14091
2607
8818
12734
26484
23398
18747
20836
32273
19230
24190
8001
36044
37719
20353
23941
16860
33987
10933
36333
12470
11643
35132
23770
32067
11306
21770
35618
2241
25827
877
33271
21350
26398
30256
29001
15102
32072
19164
17363
39057
25475
90
23123
10452
5630
3917
19353
13330
38783
36326
30727
18395
7912
14715
31406
36841
938
7992
36061
22915
6617
20503
13929
23058
39084
31054
909
2473
37036
22029
12937
67
9118
25966
14147
35595
11506
3872
17218
24253
34034
35761
33759
35342
34172
22958
30976
25618
18784
27540
17492
19169
23677
21291
15610
26844
3956
20906
34337
9461
30173
31137
14995
14879
35763
5381
22441
4963
36804
14517
8927
33411
16019
3046
19861
29962
26045
29308
14403
8056
34791
7244
11604
14285
345
26496
1218
33935
23421
25077
15435
32680
32547
36999
4000
34643
7484
20592
1792
27059
29922
26704
9087
2152
31047
6195
28749
38339
14404
24408
17051
17797
32086
6943
11090
257
10845
13658
9520
1713
29094
1469
31076
23070
13559
5816
1968
6148
19497
31302
24796
34835
38693
33127
25953
32312
39016
31224
32987
15485
9669
10005
35029
21960
18125
24512
17849
37682
29454
17485
10259
36220
15939
14388
30338
25390
2078
24187
21111
7368
35329
33727
32961
1426
37550
21127
29411
2172
4509
33494
7298
11698
9215
22221
22486
17168
6264
37328
37417
26461
32793
19429
11553
30557
7985
19516
38939
23495
10019
17422
22462
19265
16808
8518
4555
11430
1714
1284
10033
22926
33983
33601
35496
15840
23235
16048
23223
35742
10531
21095
31617
24506
33519
12984
16997
21281
26538
10435
27874
21064
25836
10070
22348
21368
37400
30711
25025
33741
18301
24540
15843
14821
33720
8299
34803
4785
3770
14910
11525
748
38050
30807
5074
27617
15175
25194
28273
25478
10173
19648
2903
1158
3117
26516
1876
4868
23809
8077
4844
1189
20628
20723
1211
7807
785
6659
28188
6037
4353
1796
37564
3309
9950
13697
8713
11142
20061
18117
16127
25574
21240
25838
26475
5875
1337
19621
36996
36292
8197
14641
26536
27845
30852
7523
10785
6533
17049
7798
3327
33769
35118
21810
39068
12228
3729
4438
28357
8702
36762
10194
34281
10723
15317
5779
15925
29737
551
28694
9116
2187
3022
16440
9782
7076
22158
4037
17384
8540
24472
33604
7342
20236
22074
24586
34757
34010
22345
35227
6690
4857
32527
2289
20027
3902
4508
29506
4051
21380
19209
5977
14121
37648
22975
36241
16631
37622
21383
16461
13624
6150
11266
21951
16864
6900
17244
35297
8743
38350
24354
24318
25851
17816
8805
196
36991
5838
36935
4365
825
36301
11926
32241
26576
27279
38051
8671
34423
5470
6429
25141
28326
27714
33155
37067
30786
22625
27754
4629
26048
33706
19128
9582
25142
8136
8991
27578
11111
12877
3305
7980
21652
36822
22399
20066
25416
5441
18098
3651
21172
17977
19185
6980
27266
6595
21566
38797
2910
27719
26223
12232
18222
10487
34254
30031
29816
17787
25842
7868
14277
7845
38653
37233
1303
32393
23272
36972
22967
29548
37330
22428
22812
38804
29309
32050
4474
15186
34870
11005
11614
39077
8410
4553
8956
8274
4994
20461
38566
21778
28698
37732
36000
17279
26987
32907
26695
15318
6740
22506
14392
3001
8875
14771
9
10261
28445
20687
28818
2384
11098
30130
15579
4722
33938
38493
15134
17158
22858
21943
17617
29164
32858
11631
38507
31719
4767
24103
32308
22323
13399
36789
26353
28380
31241
25318
26510
32071
21541
27918
3314
27865
32256
31508
2881
12627
24673
3273
3382
18215
26311
18588
33537
13941
2750
25887
18978
18915
36452
31343
15660
13327
25260
16903
413
3490
35592
1359
21071
13803
4107
10720
3642
10768
23190
15402
6244
4167
30638
25549
34886
18454
6762
36536
29018
660
2842
24939
22525
3863
34777
2343
3451
19687
6205
6726
9501
7466
33487
33457
32737
18979
11365
14954
18380
22953
11036
37521
24455
14331
20774
8534
27715
599
16811
11889
20634
4358
36887
1867
11937
9921
1633
6448
14560
32263
11567
16295
29781
8288
2610
16084
29108
4312
2963
36566
967
16196
26166
2252
14326
10429
8598
25314
2682
7830
9479
26675
19156
12696
5574
380
5545
35748
20537
25501
11933
21667
23263
8682
16712
35385
34339
78
27968
30265
19736
34683
31733
19749
11684
5665
34161
38534
3988
4617
32902
22593
20825
35907
4734
37235
33566
15149
37334
33755
26283
14364
14124
4683
34860
6192
24150
3743
2452
34970
223
36311
9627
25348
8020
18854
19554
15523
16670
37131
35608
17361
33869
37694
20304
37380
9246
23874
38901
13934
12706
23217
20143
37764
14559
2161
37992
3063
25087
11204
3297
27333
2956
19927
5193
11474
20472
23198
34361
32700
38600
17543
33777
2710
4040
17213
9349
19189
16229
27629
36266
24918
32230
31878
15328
1854
26226
24842
11726
18518
31588
30163
37604
23844
37635
4990
10751
18241
27358
33767
31978
8345
9059
35197
21972
4583
13416
6456
30908
9596
18789
19508
34193
1062
15642
6038
30661
2771
9375
11977
18113
8406
8604
7969
36573
23660
10121
35473
39055
4309
31806
6611
31964
28929
15701
921
32736
6487
21619
34352
17532
15799
12052
20136
37658
8646
12533
11874
9881
38374
10712
33433
17210
35443
16757
29863
23317
2420
29951
10660
14509
7487
36710
8067
16731
34043
20
14464
26450
5542
35344
38095
2550
10772
15072
13414
3570
4393
32622
19263
36412
27889
22617
19782
4754
38322
6498
21686
36764
28424
33539
2412
11680
29571
20611
22510
15681
1675
16954
15967
25696
6770
8768
7271
26333
35589
20434
1628
19557
11256
27488
10431
9290
11711
11707
7534
3339
3377
23996
8018
26459
34983
5551
11304
25204
21165
15260
11470
28504
29997
26888
17316
13314
14344
2967
27824
6752
30462
34044
6914
26451
36194
32703
7135
11373
30312
12146
19569
7231
21260
13228
25590
29211
20843
34163
29377
27582
36639
22426
1571
16880
32439
11313
8324
18539
23430
16915
21824
20559
7854
34730
22198
20858
16423
27749
38897
19813
8390
19806
28755
10682
7291
27513
24464
23707
26465
19764
11279
7055
25404
32136
14697
5505
21865
18223
26602
9197
1742
30741
23822
20156
28205
24807
12277
16673
34219
7086
16305
7905
28640
5506
34376
2799
2030
11095
36831
15976
25359
37013
19891
16125
13143
4944
27141
13271
671
24969
17455
14892
21742
1952
21815
1533
2251
21794
27369
5451
17313
8586
9373
5528
36746
22366
4134
30610
30612
8497
36137
21228
3071
31793
34183
9299
25797
33441
5209
15132
30954
32151
23330
24400
20427
25852
7903
1725
30925
24140
33426
24001
31661
34021
31441
31355
15335
32109
34404
16931
21893
12241
22602
38692
36824
32925
4721
8445
17496
5866
19793
16614
28156
15787
3383
12227
6643
28385
36453
24254
30766
29063
34583
37941
35500
34149
36072
20546
20404
38805
6825
14136
2077
28319
20249
32863
13195
11303
12111
26946
22438
8786
16995
20199
27869
14005
8224
36160
8172
21635
7280
37454
27603
9123
26193
33231
38547
25366
5745
9389
6330
7321
1903
22942
10406
1000
7452
12888
10176
14023
23491
635
21001
21324
27984
6455
10135
2017
21748
14246
13098
37563
3207
29123
19045
21101
15899
34308
12310
26304
5128
4691
27077
23766
7864
5333
17277
33974
9780
24300
30895
20636
35823
36870
11853
18963
38022
15617
19568
22787
31104
14351
29515
27764
26721
3538
21763
29981
15655
14253
22674
37737
13614
8393
2028
15253
18385
26958
9052
19489
33129
7641
27793
19613
29722
4461
5610
34138
5134
16968
29224
22331
15248
17923
24422
38090
25979
1234
9292
3489
20828
38108
30231
28552
24975
18815
14130
37228
19325
38508
11638
10878
5993
25772
9941
22885
23313
6462
7088
23840
8015
35283
389
28441
35877
34366
28155
33813
9755
15479
7608
18608
28886
25294
36750
38148
18930
6535
19196
23424
30101
33471
29716
1991
2325
20566
7925
30526
33645
17995
25176
28059
21215
26453
23900
2042
32326
30257
11846
16969
2334
25708
33580
19941
23170
11317
9112
20808
29584
6142
31007
21438
20205
10917
29027
9707
18084
22877
