20869
26066
28466
26632
13152
10368
5226
16024
3523
35458
17178
5813
5054
28436
5118
252
35227
34843
19733
37957
4948
17732
30753
113
25599
19237
9064
10011
23131
3798
23574
12201
9593
21383
33257
16117
13934
13425
36612
27966
2605
6379
23714
23519
34692
23792
8109
15939
10047
34283
7827
23073
6346
27310
3960
1232
39061
19161
27721
33483
21281
13555
13597
27166
24171
38527
10699
15964
17200
19759
15814
4547
35622
21337
22972
12721
36977
37709
33986
3624
461
15245
37308
33680
23115
16724
36426
25063
9601
26303
31526
10445
17577
36520
15391
19693
19621
25940
9909
30897
33557
8809
32820
1844
17665
9664
2326
30055
17251
31391
9855
9286
33703
37250
32044
31077
6258
26823
24904
31675
29726
22373
33524
27563
4504
16058
4706
30489
11969
16540
32465
3226
21962
11650
16980
20853
19992
24930
33154
38925
32581
37935
2951
80
13399
19181
12832
1194
29663
18066
16285
3302
34530
8732
18937
11793
22710
33645
6702
16524
3270
2274
25200
7990
33125
34971
27248
34358
31736
7072
37422
8743
13838
25397
11250
25748
26659
10482
22054
17768
7625
34362
5780
36579
18786
12777
8988
33293
1672
2124
18693
5634
31573
31258
27401
5432
17934
23349
37464
4896
3387
2213
5682
36648
25730
25340
3515
6298
22121
26731
38610
23655
20666
7736
18496
4647
14140
38816
20932
1529
11445
29844
4747
10295
27105
24958
21049
8559
9119
884
34992
20624
13958
8199
7506
7040
38703
34734
1643
20420
6376
31106
18132
26668
29434
7210
300
19121
22525
8670
6252
27829
29870
8073
27186
31027
35761
17846
35638
2182
21531
32039
8829
29827
35046
32111
35785
21884
3921
20018
38293
35962
31125
13099
34699
26275
5276
6707
13088
4655
19146
37367
6597
26830
6514
1683
2536
35185
37974
6161
20872
459
20044
38752
36505
26530
15679
27061
37234
15969
10566
11376
11189
5983
21046
35618
3214
11926
17416
11533
4981
29258
11455
8368
17044
36508
8111
12866
14860
5423
23942
38039
32558
12539
4889
13933
23750
19350
38158
37474
31757
13059
35485
10771
17731
26033
14929
21275
13743
2100
15684
7184
19016
22076
38556
7924
27594
36382
38676
38090
33206
20109
8427
28927
38104
17323
18369
14985
21930
6186
33259
23056
32323
221
24068
35364
22069
30324
8869
6157
24885
12581
14344
17779
22528
9591
6452
29024
11265
1673
38845
24940
8018
24415
25217
6513
23380
36266
3099
24859
27210
10784
17126
9155
3206
17028
35187
747
14024
9925
27201
12222
15475
27038
9184
34240
29904
22291
8813
16033
21917
24136
5563
1578
12319
22694
35291
13892
38603
21249
16269
21468
25996
4422
22005
23721
22653
27344
21314
31325
30531
12193
33806
30972
12680
15203
7172
16103
34981
27744
36099
21409
22003
18354
8358
23474
33485
9622
8090
27759
24421
35521
30275
16287
20147
18396
6979
34007
32147
18294
28556
25067
21903
7859
20537
29382
14543
8198
28487
35353
7103
19179
35777
2551
19620
6967
28720
30676
15322
1321
10472
7511
29193
38833
12536
11059
16023
31178
35964
9101
17812
21543
16585
36294
6694
26065
19500
30643
4473
38502
33198
21339
11771
33354
33149
11427
18153
35195
31597
36587
27267
16045
38004
17997
7272
32479
20834
5534
30372
24319
8493
24708
38577
25383
24675
9070
16701
11295
34083
38930
6624
29143
3139
19084
38619
19975
28463
17603
18414
7645
24325
31007
36939
21030
7400
8106
10547
1814
24221
14410
16736
13012
38093
37514
10625
18817
971
29531
5914
4899
35828
13347
18311
12185
16291
34960
8759
28728
19626
32440
19715
34597
10703
18524
15148
15257
26483
10005
27837
2241
26412
25093
4709
3810
9862
31973
33028
24165
32968
30875
19004
33971
25438
21280
27242
516
31271
7301
29841
27596
32680
32311
4844
29397
5746
20436
9165
19962
19413
8171
27881
12903
16973
37576
15466
3732
28253
9806
5390
26593
14610
29526
34200
21812
37500
18874
6201
23698
16416
5855
5076
15358
30173
28945
27093
9367
3945
37324
15933
16560
22807
29353
17502
21705
1976
38417
7823
24916
29448
17049
32210
32649
34473
7608
16676
29369
2922
39021
24788
999
28335
20783
5344
18894
6683
36702
22174
28659
37705
16350
23400
34042
33537
16721
8026
38765
16276
2424
15281
517
13595
20794
12129
38142
26063
21680
5401
37685
17124
5500
22336
19910
30135
15034
15026
32375
14501
4323
1510
31684
8495
5702
18055
11884
36191
26510
35253
12833
34302
18115
25922
12066
35477
11950
9588
27906
13436
24874
22223
17157
32568
2045
9461
25460
24379
8218
33470
13136
1059
38590
26105
15710
38358
21948
20256
32310
14273
1971
587
37866
25167
6275
627
13738
1419
26828
19423
12687
30545
10004
24040
30580
11847
27730
23707
27074
4471
8807
18487
14180
12491
16826
38679
21567
32297
21194
1344
26255
32761
29020
12667
3850
8429
19133
17554
12155
12402
19027
25318
25301
29135
23754
11985
227
31034
23514
23416
23581
14080
30739
13772
34560
17771
23308
6177
22032
4696
22942
24516
5435
16389
28567
5728
4920
19057
5402
35833
17433
24157
34751
8898
38248
2171
21133
23886
1855
6593
15704
2387
1144
35094
27684
25538
15236
9746
1829
8885
23116
32915
16819
22056
14635
2005
22152
30891
1590
4247
8149
18809
11481
26780
34276
18146
24741
2357
16160
37526
6011
12874
32959
27291
37257
15751
8966
38913
1727
22842
15002
38809
18440
9781
4338
38886
24410
33425
30436
29201
35662
9928
32242
23198
38223
15371
15159
9054
14131
35474
33956
9931
11901
33755
21890
15981
34993
16207
30603
15606
21477
35744
7068
35500
21516
4826
3883
8483
27572
5756
24838
27918
6385
12413
28753
19373
11584
5258
26307
16577
10418
7573
14541
38301
8728
16836
9300
2588
21722
37206
14667
37675
38285
32506
12837
19053
23343
23471
29748
19963
20158
3144
13619
32397
18499
22631
3527
14176
4718
12308
29335
24515
23374
4870
34626
12033
35310
16066
616
17349
32994
31643
11401
17463
11351
32047
28393
8524
31871
6247
11480
18975
22819
25573
18646
32392
18964
24764
2151
1604
8454
33757
20821
39116
6872
16327
25775
8396
6460
3598
33616
26186
29416
17454
31954
37628
29866
19637
17977
2160
26079
6904
8908
12446
12429
19604
5214
3920
30078
7149
3095
23025
2856
7903
35372
26068
7015
14898
27205
11286
23002
9059
36284
5846
1046
13736
38055
1392
25868
11538
10965
34886
21331
1554
12789
5517
2568
1425
36887
24393
29367
9521
3266
13629
11558
13662
26804
28539
20188
10505
26504
31625
27669
15810
29618
36764
23443
6296
34422
13866
38526
13570
24896
30741
14515
36003
323
37046
11214
14662
35774
30797
31044
38653
2561
23422
24348
35343
21645
26943
525
2645
28949
13194
28289
5442
2774
30328
24803
21924
29251
39035
38658
14021
28534
11977
37877
16666
6879
37487
1428
3189
8761
8479
20545
25331
27678
12913
2807
28036
21748
6596
38688
3719
15767
10980
6152
27438
34223
7141
20312
11316
37237
6290
21631
14941
22339
33224
27356
12243
3981
7480
2000
3628
26012
10010
34553
7848
9369
14479
23259
24787
10635
23705
25953
21366
8622
25516
1328
21619
25195
794
16915
8104
39020
26149
18540
27480
332
11740
14596
14551
21588
15985
8
13724
4075
4001
25972
38574
33563
36801
21037
689
13096
31317
592
29997
458
30271
38856
36737
26165
26974
17509
29001
22944
9691
33941
8784
6736
32732
34738
925
28318
34278
16696
13475
1260
30852
3261
21549
15335
6392
26891
26052
22909
16806
16471
15592
9929
34026
15154
8854
13400
25279
36051
2490
31738
13427
21399
14463
9293
34079
12003
1372
32339
35628
33491
3852
8997
6232
19200
578
25400
34742
33449
4325
6299
7497
24548
33903
33741
8371
22553
31290
9877
6938
11085
28517
27191
30412
35278
18041
29124
896
10884
2773
21198
24988
9007
7252
5880
36222
37924
26399
11554
5449
10866
22699
22643
32678
14067
36883
11429
30219
20839
10657
12123
28122
7328
38167
18543
22728
24328
5151
10535
8768
16316
4144
22456
26175
4259
32710
30510
10395
886
30355
1135
38846
21160
2841
29999
26577
33815
12799
7559
15353
17290
34733
18227
19756
6250
22952
18464
15900
30671
24115
28944
36234
29234
27443
21561
34512
10322
8264
7877
6373
995
20895
22426
5153
39045
7124
32449
31974
11245
27580
35337
38314
824
20904
20187
13189
35929
32550
32489
9349
566
5284
16712
25874
13703
2734
14837
13254
10126
34999
19684
14447
27367
17827
8197
7095
28840
17879
35324
28363
1076
20218
23802
5495
32934
34025
36631
11972
9818
33628
9506
9220
14221
33163
4910
36456
7721
16872
1114
15926
14984
37455
38283
17982
38714
3306
16275
10371
12476
10339
38578
22421
24734
11390
29162
13431
24826
10176
21821
32013
29520
21005
25925
17848
30047
22220
25111
15811
17855
7223
12993
36903
16470
9497
30310
20921
36746
10711
21032
2611
38512
23222
2335
16647
30383
4788
33256
19655
35382
17958
25684
24806
31223
1762
31534
25621
16910
38107
22905
38421
6987
21801
6224
10787
10514
2529
13993
27879
678
35788
2043
38138
33499
11398
32113
16609
28702
33341
33607
38678
14863
15375
22341
26402
3885
33351
30834
5948
22197
3033
16739
25092
30495
5997
10300
29938
2629
29975
10899
6763
38474
28518
9904
35832
35198
13288
27400
14190
12726
17640
8378
13751
4694
14290
15011
23405
6286
4303
21415
3554
6962
1360
28298
23253
11367
18938
22394
27345
38810
26899
31798
32142
11656
10193
16464
16911
10851
7967
22249
29072
32773
336
26986
17201
36740
38789
11062
22185
17928
32757
36879
19101
15896
10130
33583
5775
13485
8660
1159
32336
15153
31892
7585
4439
7424
25645
28599
13846
34585
11775
1377
284
34986
4349
32290
20843
22545
35349
6618
24028
28962
2214
27450
11124
7522
22300
3443
30559
7831
23393
30890
31570
10785
21299
33455
38003
19732
21278
21764
30868
9432
14808
21633
1557
13652
32684
11746
36532
29233
29921
6244
28855
32443
6303
32788
5066
266
26129
14727
9853
15596
175
31319
16216
27409
19971
35619
797
12354
7194
3959
31911
37627
31193
17360
14923
12436
30234
4737
29393
23264
9642
3020
31719
32329
32634
14997
13034
3335
12873
34786
13882
7368
37947
9594
22444
38000
15222
21170
18029
787
33558
13520
16674
34067
23483
11474
28002
31354
34205
14749
29439
25989
20819
34133
37700
9172
8522
17825
31763
35487
20855
14304
1249
35523
21945
37044
7230
4373
15150
10634
5403
16376
18768
8562
12885
35661
19158
38431
24443
4810
4099
30434
30059
36227
14387
14006
38062
25271
37641
9287
6566
11148
18174
29707
24196
38870
13868
34022
1429
32882
9263
6545
9307
22950
17420
20046
34244
23986
5897
36367
15762
10816
10408
32622
2613
4419
8886
29647
37773
12953
32727
26945
17271
33696
33081
23727
16078
7830
21085
6850
4374
4836
22562
677
31046
13830
25866
8709
11172
6871
4989
20717
6985
33033
19618
27640
24597
11761
3286
17111
17569
28989
15348
11325
2447
8741
17957
3761
7348
2468
18337
1115
11072
31396
29753
28604
22
27583
6662
37862
2368
38890
18040
24294
15460
28240
29223
35418
1035
37095
36109
23606
36128
29431
12693
27341
38174
11681
9185
26798
6565
30689
29198
84
14827
15659
12143
29673
16242
17
38102
10198
37326
812
38309
18112
35864
19707
12927
13849
10312
23753
27942
2756
14460
9196
33263
18907
36938
22042
3243
38904
11345
36490
15989
36920
21579
13303
35032
5693
34715
35114
37089
12068
16501
33120
34586
27981
11146
7930
31541
37339
22821
8386
28995
27770
7763
3776
25102
33332
5866
34503
15372
34000
9976
9559
26086
24804
37721
333
8328
13827
28981
3276
1255
36277
29728
18427
15600
3986
7844
15680
13825
13491
5814
19114
37178
20744
31860
27346
16469
8331
28290
34633
7660
17513
18016
22161
8270
22066
37197
26816
12518
1716
26123
6219
23639
66
19052
3494
35533
38180
29253
30719
38867
4893
1190
18750
5359
10873
27301
16630
13638
38722
3062
28032
16664
8196
18729
16201
6922
31953
23879
22470
19785
27173
19230
36551
5783
21443
25260
7038
16499
8015
34426
14545
22555
33311
11545
32692
29077
13719
13350
19903
20272
34063
29605
21582
29544
8802
15662
723
6309
35020
1934
25832
24653
16005
10722
25523
10658
1626
21104
2835
9473
36132
6991
34987
30098
10760
10136
33872
4390
27695
27574
29832
27274
21825
13089
22677
26453
14565
9938
10042
20946
18523
15851
731
14156
34033
35888
12755
24446
18408
11957
35824
33385
6156
10518
11514
22863
33464
958
31752
26251
37092
33816
20623
25240
19950
4223
6071
3615
9727
16295
838
28505
32511
21320
34515
34720
33907
16139
2916
28199
10195
10450
13791
29891
24750
31263
21853
24754
12357
16478
27354
22022
89
3122
14787
28307
39049
6155
31567
37899
32373
34574
13845
36519
34657
30420
20820
21343
9160
9282
11956
4510
20832
38463
10948
26471
27609
2786
6455
33950
10351
12556
25329
30751
20963
30272
35945
12329
13931
10604
14224
1848
31926
1584
4353
19099
6380
18436
26460
29879
38756
25505
15565
1080
11444
3763
13734
5223
18664
21572
34871
7292
21441
6337
11806
11107
6773
14583
38041
13748
1270
17107
26909
30824
27995
5573
11964
16811
18043
31529
18756
16844
30369
21294
32951
38025
22211
25328
12912
19526
31630
13953
7346
15232
8162
17217
32327
16335
27950
13329
3657
35459
3217
30692
18578
27307
29034
22232
35663
12867
20123
18846
21960
37958
19816
16552
9940
7213
14256
36882
8056
11103
38134
19213
36007
13002
28433
10679
11109
22361
25861
35232
32004
18
29474
4629
20949
31131
2696
30381
29912
770
36874
5244
32685
37510
17972
31402
16550
35112
14352
14911
32492
3016
27363
25663
4825
32484
36846
23996
30997
2322
20070
36139
35493
23528
18956
24046
27973
9681
16955
29517
32271
3534
23790
21485
23241
4958
8068
37460
25689
186
29903
21293
29145
8474
27471
11815
27226
38207
20583
25263
25687
15006
8959
1587
12300
38199
32716
23762
26933
26845
23658
14761
13255
29565
34282
18529
31805
2438
10
11404
16096
14222
27278
23757
30935
31385
18671
26919
38229
390
36608
16219
14370
38895
27654
3190
35513
24051
29410
23980
36646
33904
36670
29003
25705
10057
7992
33236
33113
31759
22234
9124
6533
9080
22081
14673
26744
5068
2101
12972
12958
38008
22853
9310
23247
17910
1628
711
37829
15528
35113
13601
12071
18933
15260
20648
834
20363
13172
18887
16030
31362
22254
34523
10695
10565
37100
27861
15805
31984
37183
36668
12416
12811
1711
3420
20157
3739
4396
7789
20852
10249
32760
6831
16571
22346
25381
32171
210
19364
34296
35841
18539
12263
1485
19947
4475
2992
595
35218
30726
18229
4233
35666
31335
4438
9748
2281
23966
31858
6266
28734
32194
11150
15478
25459
22989
29684
6801
858
33159
10969
22183
7446
37010
21345
14786
629
33580
6136
9509
16820
27758
22792
14694
34744
15282
2014
3471
38971
38213
1653
3052
29269
2386
24073
1877
1153
6585
466
15694
31667
29782
25700
3835
26106
3080
7130
32399
36758
23082
34890
32913
28684
25859
1253
31134
22302
1911
23208
4628
25806
6449
9060
37977
9205
37299
30282
38796
12641
33100
10337
38528
4623
2265
12208
34396
12749
26507
3563
14076
15716
1326
33954
26482
21237
36232
30423
33128
25464
30932
32700
16909
38088
22166
32932
4461
37471
37120
29076
8442
24687
120
19306
4781
11861
2472
22714
25409
2601
13720
18454
37724
28492
33684
34209
6443
29946
12361
21887
32828
4332
7442
406
7000
8430
8708
37413
22026
33307
34691
337
26552
8088
8107
7047
22715
31333
25850
28106
8205
24178
16827
9689
13162
15875
34154
31577
33407
18251
35243
15898
15941
8443
32997
2860
25846
13231
30479
26886
37904
12405
14390
28509
29213
16992
8775
1650
35639
19784
10666
18856
11375
6206
3670
37411
16902
4588
4331
12724
8688
31591
26571
32829
29646
28202
31815
37863
21730
20749
31338
30444
24199
26574
11529
31513
34763
20093
9014
3744
29151
23929
18798
10971
16925
36679
23139
28985
18095
9075
35483
17697
33108
2912
23092
35172
23884
7372
5773
30019
16816
17109
1223
19337
34851
8366
22308
37847
37997
20676
15718
19169
13531
25638
14958
3109
13375
22623
702
4027
3661
2063
28196
17272
14105
10856
6230
22497
21126
12038
36841
7537
6162
39071
24545
15058
36387
31843
19276
11595
36527
33119
22785
33085
30665
6802
6045
26488
36905
27454
11105
8887
1543
11070
6926
13865
5800
24563
28020
14703
13284
19245
604
4967
25226
36669
11870
11968
1785
14661
12568
33152
6238
18298
20160
27196
24172
3746
19171
33614
19371
37513
26287
24936
31951
23136
35721
2137
12002
29523
29158
3391
39084
18677
1679
36940
704
22063
25412
34659
803
12221
3415
14901
16756
3900
643
22860
36253
7626
3847
33139
37492
37057
34448
35354
38967
20865
25517
29482
26880
12630
9441
34418
37612
22501
8155
27531
6374
4757
30401
14784
2827
35922
28391
11996
32637
18307
32123
8906
10580
17789
36772
9879
2118
22729
34347
25529
33090
29257
12149
11690
18093
25552
6480
27130
18885
4607
1586
36821
11410
7432
15362
29559
7474
16444
32217
34255
19646
23915
10791
33683
10239
8469
3808
10033
16598
18866
25898
26760
11739
31103
35347
18207
6242
13004
34268
20734
26808
8900
10036
29180
33809
20667
11605
4117
4310
1579
30476
29585
2943
18187
30411
30730
3542
9600
31792
8747
10990
5807
3118
30342
38015
6919
6882
5290
16182
34943
37501
11247
2270
20001
11145
1016
7078
9841
37142
16514
10095
33498
8934
34403
33611
16337
18287
1051
9629
30622
18035
37297
2973
32562
7159
25592
25069
7677
36563
13781
26865
35594
28721
34798
3035
27213
18683
12918
14470
32219
26221
4217
19358
13790
36584
19323
7966
9614
28525
495
18871
16061
24368
37101
2798
15834
31242
15010
13248
17205
11888
24809
28610
15623
27722
26347
26616
20036
970
2957
28345
21815
26102
18787
2887
33948
19741
26636
5655
5806
7643
31137
36469
21411
34212
933
19203
5768
38723
25129
18426
38759
29160
13859
1370
37938
596
28440
21189
35068
5513
16847
10909
20912
22009
34600
7254
4062
20112
26911
22080
22193
14903
2230
30563
24593
22181
17259
39064
3510
6855
21784
12180
15399
32880
12946
6246
33863
37434
14713
11297
36255
14919
3066
830
12963
37357
6796
12337
38313
31811
10380
36809
29424
21528
8100
35960
16098
6928
17755
4973
6478
19797
3911
6729
10867
5579
1680
1103
24150
1816
15387
11449
19272
35105
13359
3725
4260
24302
33245
5293
6692
312
4649
10106
33700
24912
10561
1031
34571
5209
35265
34360
3434
20983
27597
16652
31129
12359
32494
24961
14962
36064
7708
26016
19623
7074
8762
24567
796
22484
10613
38987
11641
11004
22615
24631
23391
20067
38737
32403
30295
33533
18118
16983
2765
4106
29842
15598
16749
35696
11900
3167
9699
34246
2408
5440
2768
27782
35184
25731
921
20886
16152
28352
11450
362
6746
8880
32809
20592
27143
5666
35617
1654
3821
27185
19097
23769
11492
37995
24184
2245
33239
23225
25817
14240
33183
7156
13542
23189
34489
31933
29498
23838
6489
31758
34171
33077
2564
16651
28474
11619
9949
37277
27007
26330
2303
8379
25916
16636
11131
17849
2225
1661
25530
2025
24714
10299
35515
2155
1211
14189
7751
26195
12901
6620
5374
12798
36022
24303
38997
25783
14478
21871
17627
15523
573
38565
6669
429
18281
3517
28928
30215
6924
3745
18880
7035
10619
9081
3221
36747
916
16490
26394
11632
29643
4322
16429
12969
20672
33175
15510
9174
26498
26091
30542
26350
18365
23258
30393
11729
35284
5886
11115
18048
22179
25126
18662
17288
30202
32100
11497
37137
18945
35334
9265
28163
18284
339
20338
10537
36377
35562
13893
35800
27011
17895
16326
20696
6069
34047
15644
29824
36402
11544
33340
26863
30647
1506
25021
33221
35314
15048
35460
8509
23751
29560
15404
26286
26007
15724
8399
25113
37296
24599
25551
25012
30662
20713
6866
32767
1454
28807
14099
34002
35642
18620
12849
38813
20923
5084
26981
11291
7593
16373
12266
16262
31735
2244
19557
7435
3729
28895
4413
31096
14855
14788
20824
6260
22036
19086
11385
12668
36069
8229
19955
4446
16288
5425
20201
15195
33471
13918
29926
5437
32546
1858
31511
32742
37417
16681
25827
23619
30813
23362
36703
18834
24052
3212
19501
19885
31048
18883
8195
35878
25793
23694
23803
898
1895
10908
15913
28701
32474
16612
8848
20182
13964
758
15735
20391
5584
23940
20217
22709
4605
21173
32674
26456
37109
13319
37265
33762
25423
38246
27261
30163
3560
7164
31151
24665
22867
38651
6279
28411
25518
33894
5640
37366
16110
19107
1734
30054
35072
28937
38236
4556
9188
5706
38950
36877
16769
9707
24180
36027
27959
8115
37392
4732
7231
29507
29971
33199
28668
29263
11144
23741
22575
22674
4711
5504
10939
29303
14852
22840
29555
949
15242
33518
18179
33000
11357
23194
1656
28397
20555
34687
29943
12470
10536
11293
17988
19771
2719
1635
24649
7592
17050
37637
18561
14472
31445
38274
19589
37125
10399
19483
27958
906
4593
15878
26489
11127
6772
15306
36593
1032
31704
9177
37771
8629
329
34165
31692
8434
25873
1615
7742
26631
3193
1116
23536
16095
29573
10091
31612
27778
13435
13200
16856
21902
30399
3228
12004
5978
16941
9290
20255
25812
14908
31155
5136
18604
22734
16772
35633
26619
3909
32753
29914
6950
11810
14526
9539
3046
8381
5900
13334
31689
36134
31664
26852
6267
39053
22949
32262
25031
38315
37179
4073
17942
27485
21470
2720
3421
26630
8398
13008
4023
21459
22353
11778
14237
15334
38980
22850
29808
31304
4798
26746
17860
25896
16308
10104
32724
13613
5288
10988
4034
34149
34983
19406
29833
25234
39005
1262
38058
38547
6419
12649
281
31750
30327
17038
37289
27128
32749
24796
21571
37552
32922
18721
15923
34110
26318
12909
26279
25487
9809
22918
10404
25018
13550
15101
32998
1297
19745
9191
27922
6807
35984
16679
34755
9530
3360
24784
20132
18296
23855
36898
35612
25313
4190
10789
9627
23806
19575
19262
17873
7235
21455
33883
16313
15972
11203
887
2579
22970
14751
16257
33121
4531
24681
38392
16908
22255
30988
33814
35857
11581
16312
21514
27498
30415
3378
23576
31963
9740
11320
1172
27077
27740
2261
37065
14195
2573
9444
6127
33334
34688
20417
37370
25722
7912
20741
26516
23565
14267
2226
25103
30870
35558
29532
9942
3672
17384
14805
16187
13268
27139
16080
27365
20319
28096
29017
16036
37001
9646
21125
35988
9114
1117
30037
32421
28513
2942
17683
23667
12905
13017
11292
24304
18500
20905
15249
5533
29169
21688
36857
14233
38494
5433
20775
2729
14270
18748
4745
36552
19411
34537
33975
12782
4891
4740
30014
35709
27811
37725
2513
32659
38375
7053
28063
31393
26168
24160
15446
18791
33205
32847
12722
9761
5893
30379
6990
18010
8616
22617
30970
31864
7003
23599
31682
7558
32133
22053
16641
14957
5166
14201
6081
12312
9377
20718
21833
35022
2960
19563
16451
34661
2163
32156
17090
38545
38965
7794
32315
16378
6072
12297
6
807
16868
14208
31294
12614
8590
10425
15839
34810
5609
34867
8450
5337
12785
8637
31459
27397
18314
25042
15112
18456
8925
22920
17703
7119
37414
287
18614
28491
33585
21142
7703
33622
23830
15255
3854
10862
28900
34518
836
36052
14246
5221
2378
35689
6649
17015
16866
22649
31876
19675
5595
4571
18573
35390
10947
16841
2764
12285
33598
10553
17183
13301
1279
25442
24701
16020
10825
30985
24817
7359
24814
2184
11528
7747
34762
19635
26266
35294
18644
36441
26425
6735
2858
34726
13536
28920
38364
23105
748
26088
18905
373
31053
25795
16920
134
25585
14401
22473
10819
21238
12578
5065
20585
2908
29491
21300
7166
1202
19948
23593
35609
26490
8776
7869
33478
17414
24949
24357
2463
27653
5720
7556
4363
31180
14048
3892
12338
20578
2229
828
1657
26766
13756
25484
4533
26010
3652
31743
3134
7320
12422
36959
31661
20961
10573
29978
10237
3093
28627
30274
10608
21073
7567
33469
11946
5379
13295
31229
28316
26431
26885
16208
4425
32300
19845
10116
37172
3778
4727
27282
29998
23984
33116
5898
20292
14653
38817
38584
16063
12257
17065
7861
1936
34234
28941
12091
16254
32625
32429
11657
34785
11710
38912
15520
25876
8462
38423
28929
6837
29543
18172
16542
31968
28330
23708
6708
22723
4698
34371
30605
14175
22154
17006
6997
28473
31885
26495
3757
38639
23829
4327
22775
38001
13330
22544
20400
20382
12495
29636
25924
33813
34545
1256
12483
36894
17468
14167
19067
12239
16786
29743
10683
37916
6937
36549
386
22590
13502
11392
1139
19150
1097
28398
28631
26817
2059
15816
30507
19104
6375
9758
31599
31652
13276
22074
35726
10527
9370
5740
26069
35836
37900
7973
16953
23976
17399
19863
30876
31545
355
24401
9212
22356
31989
21325
37279
24483
23502
22894
25754
35019
2150
30016
6496
21923
21755
12989
35148
3828
23994
18770
866
19381
14258
15850
3467
32387
8377
14954
29225
37833
12365
23918
4589
26202
16863
1096
11536
11260
25499
37090
3404
30533
8276
36957
12624
19139
38437
5735
18875
29002
38111
11646
8414
17357
21781
3337
14450
6078
27110
11924
7453
6609
24412
3916
6395
23496
37520
24986
3496
8720
22077
27155
18567
13065
26309
754
3100
26771
19156
7934
28896
26573
6723
10879
7200
36247
11854
21245
14400
37625
1443
34880
29501
36609
35220
13369
8891
8223
25152
14676
13401
17698
38749
31429
5818
9373
23755
24609
12464
12367
37216
30126
31640
34319
15073
27656
5172
13501
13513
25602
20929
6370
22370
2612
13139
1001
32743
6160
11129
2861
20452
17476
22494
27974
37407
6486
2519
1426
29469
36635
30103
21966
34731
4440
22439
13264
12277
653
28024
4188
2271
14857
33136
12273
1048
26566
13980
9741
25444
21053
30472
23592
22659
8957
8383
30009
18818
31854
14186
18535
9264
35464
22781
29407
23730
8139
23099
12075
10100
16422
1203
10202
19662
9734
6969
13010
37755
6564
12082
1872
35384
21163
19354
5473
13297
36461
15022
14059
37742
38647
457
34060
17570
4955
27593
15953
32445
10650
35248
32832
21904
38681
20011
23322
12008
2930
24736
2129
22419
9329
37892
3268
8516
25757
38072
2769
7854
8071
21655
1652
7330
33991
12942
14493
30429
10739
27478
6908
23925
5159
30857
34304
33474
1568
7455
18072
16939
20083
23012
23743
446
33487
32258
16380
29549
25765
2249
17121
20742
35850
16989
26678
28569
33018
14154
4200
31873
33127
2204
18828
11512
20806
38730
6840
2072
4938
25251
37290
31236
18969
31022
18961
33432
30534
1930
5348
37403
30104
15585
24580
26024
26676
12923
25641
28912
14762
8169
3359
24217
24865
16489
37858
2949
26154
8117
32233
29343
38382
4738
31818
31906
20796
33923
34964
28076
30752
21435
26253
29754
15038
30255
14253
14212
2476
21677
36932
33848
12374
12675
35776
37608
34161
31472
31901
16834
1189
35767
9755
27547
34295
19565
5572
28143
4276
17465
24625
18806
26463
7782
5626
27384
16074
28262
35081
23589
387
22953
3907
16982
5354
38048
3291
10103
7032
2460
691
32646
15613
1205
28026
35432
32807
25471
22750
11824
21450
36093
31284
28718
35621
6437
13735
24959
20296
12737
5032
10940
21564
6591
30896
6429
21386
13246
22002
13843
29699
3370
37789
6718
33648
9885
19879
29739
34705
28625
23363
9698
27827
28193
9157
28970
29215
17820
33302
3230
33819
11494
31121
6407
29873
3520
3544
14812
30129
7154
26973
31150
31399
35753
20225
1775
31725
23568
16690
25510
36723
8103
7168
22512
17761
8288
21751
5417
19404
25563
7532
17439
18630
522
34485
775
4371
38661
32183
7510
11979
5357
18034
5331
6248
4048
6225
14875
6616
6193
21181
38272
19777
31380
37364
4657
25230
5585
28849
16488
18394
28990
34101
12152
36381
19907
23520
15093
25814
34796
9939
6666
24619
13766
30925
1805
21425
33295
25250
1630
28272
25446
37764
11617
23862
17070
31791
5571
14091
32704
22393
14266
11304
32525
9549
34136
20889
6895
27417
8615
26037
35018
5300
30003
25436
25968
9470
1074
22661
26608
21346
4834
33001
33098
20164
6105
7311
31322
22326
12926
39067
12142
20875
1941
23157
21701
13166
29014
28666
27801
37836
38242
25255
6852
32385
23749
5761
10670
34218
32001
37233
15140
37481
24799
5396
17358
30652
680
35923
26441
23396
35733
35127
28582
1164
38593
21146
18550
22596
11962
7344
4927
24008
1993
22329
23911
2701
35948
35062
30389
26585
33888
28058
16273
31045
20566
33300
37640
13921
11662
20027
20149
9757
38692
1420
29878
22866
13237
9356
8243
30072
26683
19701
22996
7871
38270
12702
6617
28110
2995
22600
12490
30094
10144
36375
8588
26733
8228
12686
20090
3321
76
22275
27290
6216
30249
38982
21834
8538
33016
9339
14669
37888
29705
27411
31365
16171
30981
23315
5231
36471
27784
18472
31418
17592
22576
5247
23165
10944
17891
11418
26800
34579
9086
28215
20361
28790
13857
31394
6470
3627
15253
20373
22372
1573
17536
19062
26317
14797
5694
23817
22766
12834
35411
19374
27741
30548
13500
22595
25088
12035
1788
19520
33650
32203
38828
20014
4378
29110
27294
14801
14952
1943
15499
7852
30625
1725
18873
9231
33618
21256
6151
1916
7148
24957
21999
10952
37752
32911
12034
3125
29115
36630
22693
28248
34254
29603
33593
4467
22956
26633
25100
6342
4261
33822
23526
11519
17185
4953
35722
15005
5460
34258
13680
14086
35652
14620
8212
31952
39048
5501
20409
2692
8676
6915
4888
30100
34696
22732
34980
17939
22071
90
16625
28331
14001
5621
32175
37760
7448
22486
37136
21832
6215
36286
24832
18278
28745
37629
26072
24452
22672
30882
30370
11362
9527
2792
31371
32741
1522
17506
32408
21052
38495
13363
7904
5281
23459
15728
14448
17423
9580
30587
21512
19305
27705
59
4518
36625
18579
13382
36283
30445
10453
3087
24596
29945
22582
21353
27567
30212
5926
33057
32157
36126
34996
38643
8859
4207
29766
34833
17347
33310
6034
23608
35191
14836
10297
25939
1228
27755
6804
16522
6714
12827
26853
6194
1901
11702
14365
13872
17398
12945
21965
26181
5179
38271
690
31195
36460
31712
5339
38536
8438
9846
20610
10212
4850
38009
37452
7286
4284
2889
32886
25834
34300
12965
26466
31672
17902
19253
1594
30111
30884
10667
38938
29920
2644
2267
33910
24200
29079
35739
28696
10294
34840
32719
34562
23061
8573
35439
26934
6138
21628
19528
694
33519
35106
33738
8883
30805
11200
7926
36907
24651
10326
19757
32844
13997
22151
25
26545
7360
1655
8792
24153
19153
12769
13848
24435
28973
23516
26223
22482
34478
20438
18965
2436
25858
35568
13498
9131
19144
34237
11355
17837
24395
38412
18078
4897
15471
31019
34511
16132
4257
11350
14913
22445
276
432
5704
5367
6181
492
13709
5422
9269
35636
17949
36789
27516
22468
26056
30133
3690
9443
17066
26362
338
7162
24835
2780
1317
30597
9440
20702
33523
36475
30888
4126
5797
18639
18618
11416
4720
31586
9301
1174
28669
13840
6466
17032
31886
8152
24950
1503
24212
7280
37118
11526
25867
21898
35286
8350
21111
36392
37497
23969
14725
4609
32464
14315
27148
7352
14142
26878
16952
34363
29214
24481
4357
19570
25445
19145
30220
26143
15336
31482
29980
13673
10041
32035
9113
23989
3304
14004
31217
3836
8510
20419
26663
5341
30914
8148
27030
20668
38312
998
407
13351
23432
33612
6571
37252
35224
3631
35121
9633
24425
4344
34106
31827
4182
12037
1368
26434
30527
19284
24845
2504
22717
3455
16940
37351
29107
5477
32702
35083
7470
27009
544
605
10045
26827
22546
2464
8326
15201
1073
29525
8376
2385
23341
15267
24083
20626
29702
23161
790
15210
34222
15227
29471
30353
39090
3333
12366
38696
17950
35586
3371
12331
38030
19870
11945
32918
28160
19233
11317
4814
91
26029
21380
35420
37895
16545
28201
2761
1480
5177
7361
14972
12409
4613
13826
27063
1410
36371
12683
35229
32108
20704
30127
37078
28736
27428
3127
8611
18930
32805
34231
9773
15820
26734
9273
12797
29301
4716
10979
30090
15436
31851
3374
14882
27738
11682
29576
27787
23338
16808
9983
14090
21372
8836
2015
4743
26008
25952
35919
30509
6581
38469
8710
5896
29305
26941
10740
24464
37214
26989
33377
27606
36704
9584
27952
20341
2663
8532
3662
20594
25675
34674
6132
26685
22927
25586
24081
26634
9425
32106
27080
30956
27109
17165
8070
6415
2625
26213
14340
17046
4686
22376
8609
20120
8337
20318
31327
7382
35463
23627
27000
19267
2069
29299
15530
36880
37790
13081
11365
17306
9002
22051
14204
28727
9620
20913
29771
8632
17335
30819
29035
27893
13459
34262
6325
15577
7604
21823
35371
20487
21295
36212
8297
26745
18124
12952
20313
279
28707
24693
38786
24189
317
6902
36432
18339
14873
5864
11607
5479
24265
19110
13
17456
27956
22882
7491
20980
29437
11310
26851
6490
32296
475
13286
12822
13041
27902
12728
27858
2383
9256
17356
27798
37855
6010
4032
35376
24607
2940
25000
9754
28811
238
36199
734
30635
34369
24713
31285
16698
20048
38664
23035
24513
22560
601
14377
9778
8606
25175
35704
38281
21922
20114
13810
30878
18099
11505
23466
37692
30155
15346
21575
35476
11334
10053
18370
51
20448
6016
35764
33216
16323
27737
13005
28852
31449
25716
22695
3211
1180
18780
23040
12663
32991
13414
97
3713
32398
3830
29204
36521
25183
744
11721
28585
5192
26273
9383
23681
1597
17956
35017
24626
37076
2085
20620
28926
11879
4729
27095
37085
31676
34730
10017
16041
29401
28828
29856
1980
20142
17140
24240
32801
8074
3864
31700
12408
10324
31515
7521
27044
9361
7761
24173
15442
23166
2888
10943
31492
25770
21128
39091
34956
26844
21000
10889
8627
37515
15890
9628
31001
28499
16921
16546
0
23270
34115
22739
10654
7907
21135
1906
31888
1283
4335
38511
18300
23015
5601
12657
12639
3439
15125
14206
13317
11736
6313
9905
36778
22669
20692
24278
28072
22430
1991
27402
16705
939
18623
3110
29380
8158
29334
35616
17322
17393
22751
5041
18633
38693
18928
25494
9567
21689
15970
27904
21661
26810
29092
11055
28176
19010
15817
2909
6117
22390
38321
24525
22726
29008
25086
7419
33083
19810
1066
29568
24399
12741
19912
6268
3041
24761
8192
26856
15062
7879
3667
18613
20401
29113
24810
9180
37453
31419
6254
33278
11466
15629
6956
10797
29276
33672
13951
1423
17409
11341
5012
16835
7287
8066
11279
5691
28877
14674
986
3088
308
13313
20021
21100
29823
18295
23801
24053
28042
7628
14821
12587
31893
28180
37087
30365
792
11195
21427
30619
33493
33602
31128
25733
4398
707
21595
15184
37539
22968
7725
5144
7748
1334
20731
24071
27515
10522
22933
5320
29987
33744
36856
35655
26098
3781
141
665
17452
36633
12980
5985
35301
31047
33651
8565
9092
607
21225
10728
4294
17238
25256
13602
26384
2170
33610
9794
21843
29965
30773
36546
5564
17558
11899
33222
38094
2380
30697
4392
20333
9924
34415
22876
31024
11818
14017
18597
2067
7429
27178
28856
7828
25435
27604
25035
3061
35449
30148
1246
33862
13132
215
4458
38868
11193
22318
30954
31924
1704
34332
25615
35202
5408
26876
25156
12186
20485
15493
22885
20999
39070
1478
20118
2382
6047
31382
27780
25469
12443
6758
33687
1743
603
2449
9422
4317
10737
5243
9351
13282
20593
22978
214
7812
23518
32380
95
11679
21155
23543
12818
14536
31557
25357
4643
19293
24459
9785
25426
24002
15812
3990
3949
31816
31976
11674
16855
10974
17207
27169
5240
15521
8156
35936
14366
9018
36248
30569
37838
17835
32402
35276
26382
21695
9819
10175
19873
7950
35023
35798
28819
15825
9106
27039
11804
29340
39089
18071
16049
38108
5977
5593
27227
23725
36274
22742
13805
26345
27193
24047
33044
30241
14645
13523
9967
21800
33659
11169
2164
28951
32864
23310
10830
23325
32988
13532
23352
15298
7379
3249
7371
27138
22966
1983
4846
23789
16179
34291
15191
26581
25098
24155
29961
30142
8726
33511
21066
14699
23465
18940
26944
35540
38070
38872
7137
7409
4222
11942
30414
23849
6013
33440
291
