6127
7617
8669
342
2569
4834
1921
8087
7892
2775
7218
4180
6211
5135
1253
2992
7107
7627
2564
4135
5017
4062
502
7590
4041
539
7211
3072
8191
8574
2579
3380
1713
7013
7133
2697
661
802
8346
6607
4608
3033
1735
5886
399
5149
6294
1119
3161
4020
6110
3195
6319
8576
1981
7481
3648
8501
4600
561
5916
3005
1255
2604
2790
3180
731
7967
989
1501
3205
3923
6372
1490
591
4274
8048
4762
2039
7690
5252
972
2998
2439
8509
936
7356
1644
6535
4329
7459
6073
204
8168
5474
6436
873
3907
3951
3165
4682
5771
6047
6241
7231
6010
4362
7036
3664
1650
6973
6473
3139
8372
3158
2777
6277
5113
6660
1489
3565
612
5138
8687
8707
7981
416
7543
1326
4197
1382
8570
3551
6970
4097
855
6246
2389
5971
128
2580
8370
7772
7140
3003
55
8075
7558
8138
2887
384
6309
4183
8321
2583
2627
101
4435
4053
2034
5246
6435
2403
4809
8408
451
7595
7923
6980
7444
174
5718
1513
5572
7697
5036
4285
4551
1486
5218
8461
94
1001
4722
4415
5859
2534
2951
6330
6810
6180
304
2784
3621
4377
2911
3190
3482
1485
1785
1071
6434
5257
6447
5112
6756
822
6952
3525
2330
7650
8270
3129
2983
1661
6474
6830
4971
198
4209
7095
6849
7632
1607
3212
6240
5595
3987
8680
4341
4836
4447
5054
8703
1433
3592
7817
1204
5148
6371
4243
7999
744
7241
7193
8529
1247
4292
5917
2528
2796
2766
1971
8130
102
4859
5994
1166
8031
4553
3995
2722
7638
2687
4360
210
8067
1246
5061
2277
7524
5978
7724
1573
6194
4683
2376
2236
5247
4573
3235
7721
3647
7710
1867
2318
6351
7479
596
7128
2153
6366
191
5806
2341
6767
1684
7723
480
1790
4093
7756
1608
1384
1161
3993
723
1934
4966
5799
1638
5713
1694
1878
2065
2294
640
1076
524
6640
6190
6199
2196
2292
8092
5485
5303
1558
3054
2050
2159
1390
8631
3202
683
2217
2299
92
5791
7675
3881
8472
7753
8371
2212
3248
4754
1436
3600
6655
3323
4604
2810
8115
768
4874
2708
2075
581
2254
2665
1640
3297
5608
2944
6710
3391
7309
3755
2906
64
6567
6027
6230
7066
4845
6128
2498
2145
5356
5073
2616
4752
1304
3229
2295
8663
3487
4091
3301
5928
7968
1437
6448
2154
7929
6709
31
7155
7102
3379
3578
7453
5086
4926
5178
2841
6367
1272
4812
5171
4840
3579
4610
8666
2222
3832
4621
2818
161
5006
7964
1217
5380
8070
4192
39
5484
7394
1478
3538
7913
7423
4547
4394
8118
7782
4750
1505
7425
8435
2193
1973
4379
630
5498
4220
2175
1897
3798
2730
5174
7582
4903
2379
2301
3423
3709
2913
8333
1945
2163
834
3613
3365
8471
5121
8415
8488
7647
5798
1984
3792
1530
8243
3614
1708
2495
7454
7332
5838
5728
3602
7915
1393
614
5490
5967
8601
582
4059
8023
3013
2047
2437
8734
3598
6212
8037
56
231
2682
4304
5115
5755
3864
1079
1257
3818
488
1755
6272
3068
7237
4886
8143
8733
2870
1132
2074
1215
8061
6639
549
5002
8554
3085
5466
8223
2221
5762
7221
1668
7765
5230
2293
8604
5537
3744
4513
1289
6113
3898
4319
5606
1635
2584
6320
7598
7659
4894
755
5405
5578
4878
3973
3344
4937
6793
5855
5777
4232
1545
7294
6601
899
4327
6520
2061
669
2155
1816
2207
2540
8481
3260
2066
8262
7953
5124
7466
3708
1047
3470
6464
2524
6423
3152
6193
4134
932
8665
2747
1919
4550
5797
2696
4022
6924
4027
7583
1186
4566
3651
4474
446
5826
2216
988
8069
1854
4214
7443
7046
1779
7052
1358
3134
5255
6134
1810
4460
2396
4943
7488
4936
328
4429
874
3253
6414
2832
2720
4746
2262
1145
7936
3626
4707
7187
3402
8337
6259
1349
390
4660
1005
3827
808
4142
1387
3933
7017
5949
4407
5567
7529
1090
4833
1868
1125
1222
4177
4647
7180
875
6728
7472
4206
2067
5077
110
5505
7619
943
3287
306
7918
8276
4371
4861
7963
5346
1637
4376
854
3389
2802
4887
4986
2089
3685
4556
5993
6541
1465
6485
7097
4626
97
5118
8131
2469
7668
6056
8027
4802
3778
1556
520
6752
2264
8239
200
7210
5012
7603
2134
1006
7725
8133
542
507
8511
8558
6117
3281
4056
6529
36
7635
8289
2300
4899
3780
2717
7996
964
7233
1757
3431
491
5626
4883
861
6441
5348
8421
546
484
5134
8280
1031
6317
8470
599
4984
952
6288
5478
504
1814
8777
8198
6163
7785
8269
4331
6270
5379
7420
1295
7230
500
7997
7969
8720
1155
6483
1666
2094
7039
3769
3467
7379
1818
7696
8778
4492
721
8721
375
2409
445
2862
5430
492
368
1159
330
994
2628
555
5673
482
2982
1062
2237
5129
3257
1527
2566
8447
4758
891
642
478
1862
5554
5824
7517
3012
4790
8581
6799
6058
25
6926
8090
5518
3214
564
6301
727
6816
2714
2200
6847
6588
8515
5764
2594
6031
2668
1674
2964
7941
8563
4619
7916
6871
8578
1754
4222
3135
3327
8682
6920
3187
187
8452
685
5927
1906
2020
1739
3105
295
8011
5618
7463
2078
1249
7145
305
5581
694
2603
2283
5325
8637
8096
4942
4216
7609
6356
8226
8291
1990
5154
171
2259
8073
8008
796
3030
8163
1927
138
8758
1362
5530
5180
1706
2361
2535
7960
48
3504
5637
7424
7374
5938
7089
8583
4999
2677
6495
2488
6648
2025
5035
77
8316
7213
1307
6218
4872
8017
4123
876
7572
2704
2987
8356
2908
6737
3684
2426
5439
8591
703
5064
7416
528
5576
5924
8208
3422
8323
2198
8124
8364
2679
578
4261
575
1933
2383
6698
6062
3433
337
6877
3367
4719
3925
5840
3637
5630
5037
660
4862
5893
5300
4349
777
1959
6652
3499
1789
7316
6025
4538
1024
3163
3821
5746
2815
1631
266
3071
4284
7398
1171
7995
2270
7718
3557
2643
5197
2729
1445
3076
770
8760
188
472
1519
2375
2190
5692
3768
4564
4498
5990
2189
8378
4350
5877
4544
3554
219
47
3924
8496
7191
911
2110
7564
5801
4043
6813
2772
176
3059
2315
3407
5551
2505
3151
3585
1540
2138
8225
998
5909
1528
8644
4627
5975
1282
8536
1800
8502
4701
1693
385
8609
1899
1511
1100
2755
2151
8200
1302
1621
6978
7223
1851
8674
5705
2298
6402
2324
3560
6528
131
1297
6880
8459
8185
7389
3875
489
3516
1590
917
3994
4241
1407
4751
7376
7883
7815
7023
7648
4369
8311
7307
5220
4313
2653
4228
6425
1386
5253
6627
8098
6158
8293
2100
2891
6617
323
6314
3175
8125
7739
5930
7646
2557
7844
1625
8041
8547
6164
992
5040
2666
5782
3845
4516
7082
8298
4231
2901
2105
5023
4791
7226
3091
4387
2581
6035
3288
6438
3809
6644
5865
3463
1331
2036
6951
894
7205
7126
7875
2898
2600
4821
1678
1577
8602
6889
3485
2485
3760
8645
6592
8620
2886
7987
8484
6822
1083
2150
3292
1518
2316
3296
8284
1418
7978
6869
5333
2838
775
2079
3716
990
847
7735
153
5892
7755
4633
5179
1658
1821
4737
1425
7004
4070
6618
1536
5334
7060
3883
2473
806
1252
7147
2610
7331
6762
4425
162
5795
2823
289
5977
5021
6179
4864
247
3396
6455
2368
6834
2313
1504
7377
2494
6450
1355
3963
607
4374
3267
6922
1503
2883
4351
5106
2783
3524
3404
3816
4715
5259
2128
6879
7833
4303
5079
3494
7991
1769
1893
8330
5041
7104
8257
5226
8078
2118
2165
1241
7012
798
6794
8640
8111
982
7867
8741
8296
5278
2484
49
8433
4395
3445
1601
8325
8042
1328
1920
3481
1473
5617
4570
6024
2010
86
7209
1183
1901
6339
2979
325
6037
5456
4174
6739
761
202
5646
3587
1271
8302
7877
509
205
441
3998
3341
6785
3280
5088
5778
5382
2954
5030
8205
5516
4823
3639
4639
5708
167
3403
986
2512
2433
6107
5735
1606
4370
4219
7693
2092
114
8519
5533
8150
168
1357
2981
4693
2896
4340
3828
2684
3800
228
5442
2881
1154
515
7637
6615
2586
1014
1924
3304
5298
5941
7757
2388
118
8169
7061
2731
5090
2427
8248
5446
4860
571
5314
511
5979
4105
7773
6449
4153
7798
8605
2131
7056
729
4540
8089
634
3272
6653
3364
8166
8329
5157
2576
7436
5823
6151
3132
748
2836
5749
7337
2801
8209
6684
3377
3374
3972
4154
420
6591
7440
4457
7278
1672
6938
7199
7861
3533
7236
2197
6764
6509
860
1356
8367
7576
8148
7760
6283
7549
6167
8126
2166
7854
4902
7144
4531
6569
8306
7150
4713
5370
7263
8338
4756
6144
6802
7519
2482
2693
7531
2683
8422
7078
7982
7873
7574
4028
1169
1544
7156
3862
1112
1027
8611
3062
5523
5552
8704
2814
8147
956
17
6155
2420
8064
3448
496
3444
3582
2885
4090
2101
8675
7184
2291
3787
2812
3939
7142
2514
7821
5607
4565
872
3913
6404
3048
5662
8331
5224
100
1353
8359
3932
6770
6123
408
4996
7748
6310
930
34
3935
6550
8420
6635
3036
6936
318
4522
78
929
1435
3597
2024
1094
6714
8020
5116
2475
3475
5492
2878
2871
3945
4542
7098
3358
7716
824
2451
495
2351
4927
646
8589
8379
5992
63
3227
878
3145
3944
7538
3695
2933
6162
8588
6657
3513
8021
8449
151
3183
1562
4508
5150
7196
850
5833
4549
3399
6778
8301
3971
6506
8076
584
170
5676
1580
1837
6606
3952
1660
718
3620
4519
7115
6985
5295
2395
2359
4954
8357
2950
5932
4117
2322
2201
7881
5481
8419
7441
1234
5205
3653
6098
3015
457
3599
6933
8660
3011
5793
1895
2768
8579
6478
5667
4589
8305
638
3120
902
4900
3326
5409
6692
1043
2471
4503
1284
4129
3042
6515
6613
7571
857
5733
2503
7109
3831
2921
32
6780
6559
4049
3137
945
5147
6126
2073
2694
2712
3572
3833
5452
8553
4662
7806
2239
3622
6508
104
7409
6413
8211
3629
7573
593
4735
2558
8068
7516
4467
5819
8035
7148
2807
5934
4438
156
5970
291
6395
2060
4535
4013
2191
1193
4641
2033
691
4344
6858
6806
6754
8043
2875
2260
1905
3817
2659
3853
2781
6286
4736
4410
7560
7499
3986
3979
8396
8288
3111
3688
7938
6856
1786
2956
437
6416
4733
5096
5641
3810
5690
53
6477
1700
2691
1438
6568
2004
8344
5556
8254
5640
2140
2650
4224
3382
7058
2874
5759
8745
1371
5541
1884
7910
8518
5862
6375
8353
5585
6658
7830
1287
5751
1135
6012
5472
1692
4794
6984
5390
8638
6284
5895
4771
5008
6188
6267
16
1142
4597
6026
1015
2278
1777
154
4982
1553
7706
8417
3806
758
7904
1074
3104
4677
6370
8144
6021
4401
5729
7290
5110
4316
900
4506
5835
6609
4004
4605
5866
7470
6266
4324
6313
1259
6901
7269
2709
2314
5501
6406
3784
6596
2595
8625
8286
3623
6338
2924
1406
1888
3759
7966
1727
2719
6143
976
734
8181
5875
8610
383
1512
2606
238
6605
6072
2609
6517
4955
4385
2319
2849
8388
6993
4994
1766
1361
2407
5407
2489
2170
4674
2214
1849
2680
3835
6410
6853
6106
7791
776
2137
2404
1123
6819
7165
7699
5579
2861
8060
6991
272
7922
3285
70
5003
5972
6112
7212
4458
6390
5615
4801
4296
8410
948
1630
7476
4301
1354
5890
2477
538
4717
1976
5649
4849
3197
8212
4884
8093
6669
1192
5020
2742
6825
74
8746
7965
3545
7349
7536
1423
2866
3927
1853
7908
4408
1533
8028
7317
6953
7771
7626
1552
5918
3563
2738
5803
7380
6521
1058
7553
7158
464
2847
3745
6850
3779
6928
8533
5260
4807
6755
5384
316
3802
2391
2952
3894
6742
1365
2352
5098
7515
883
7363
1421
3486
7195
2478
7741
5654
4964
7362
6274
8717
5495
5876
1139
7970
997
4533
6522
1770
7550
6033
4651
8063
303
8345
1319
2707
1844
6724
4956
4352
4110
1508
4245
6400
2630
5577
1273
7934
2941
4158
1366
4882
1718
1290
7072
392
6133
4593
8740
1695
7730
5776
7313
4970
381
2500
5477
7856
4320
3926
1370
5364
1633
1613
2808
3520
15
4008
1883
708
3896
6013
5081
2321
1839
5187
8127
5137
3184
6875
8335
2305
2449
6252
4804
477
616
5491
4504
3583
4172
8206
432
6846
7522
1327
3263
8775
2937
152
606
2436
7385
1596
6354
2167
4665
784
2699
7292
2542
7322
8514
6420
127
5965
525
5521
6809
3153
7044
8272
650
7808
4637
3226
6558
6547
8260
3325
3506
8770
4151
5594
5522
7713
3007
553
1089
314
8348
2202
6939
7921
4792
4995
5639
7751
7899
3750
5925
1300
2965
656
2685
7544
7532
5326
223
4889
8091
3917
7295
710
6269
8182
1394
261
6362
3392
2129
341
7820
6678
2476
1038
4287
4799
4568
6265
6815
3123
1452
3873
4406
1003
1728
7318
8160
3844
2215
2144
7774
4266
3980
3680
4830
6594
4462
5575
4744
6598
2632
1856
5310
6421
1245
7256
2486
1456
3549
6303
1454
4486
6963
4663
7824
927
7245
7345
12
1288
3060
4921
8188
6215
6388
693
3286
5628
4061
3217
3209
454
1827
7207
619
3259
8313
8015
1733
2700
2813
836
1000
4273
3055
2931
8725
81
753
6524
3605
735
5186
6745
7578
7839
8231
5193
5344
6556
2598
5133
5571
2362
2868
242
7186
8268
2692
8699
354
2800
6424
3080
3691
2859
2590
73
1069
3345
471
3081
713
4914
6786
2865
2845
7358
4725
398
5097
2289
349
6275
2397
212
2035
7805
3710
6654
1151
4382
7607
6432
4160
3976
1416
2779
7018
1336
1664
3857
6688
7636
4343
2412
7681
2917
1111
6476
6593
5788
3584
186
7178
7365
7872
1051
1938
5998
6751
4080
1068
4353
7032
254
1898
5367
8405
2058
7973
5145
4644
6662
6852
888
7458
453
7224
5879
7768
5549
5912
329
8026
5999
2157
6470
3700
2303
8241
5671
4843
6318
8404
5191
3211
7884
5808
893
227
1084
2857
459
6629
7597
485
4529
7694
2273
5136
4189
235
1104
3312
1865
772
6979
3038
3086
5266
2173
1279
5284
4511
3141
5704
8360
3736
6729
3703
6121
6911
1567
88
1424
8204
455
5727
1760
6826
4476
1461
3124
8641
3460
1705
4911
2993
6089
782
5988
5228
3052
224
4265
598
1185
5940
4156
2825
7092
7257
1957
8560
1500
6015
4294
6700
870
8132
8179
2577
4475
7333
695
4221
3355
3643
4417
1109
4405
8273
4155
4793
771
2365
7113
4143
1802
1846
7490
7858
5714
5301
3262
5103
6145
5545
4359
3049
369
7106
2780
1828
4711
4648
7232
3886
4491
7413
4622
2545
4797
3300
2934
631
5349
3803
2041
4959
433
3043
4594
7720
415
6157
5046
6967
7715
1400
6828
6642
4347
1615
2405
6080
6227
4855
5839
250
1270
2008
6084
1469
8373
4120
3279
4312
7164
8046
427
3040
4704
7920
6676
7518
1130
1268
1768
4328
5984
1305
4226
273
4571
2601
3846
2967
2869
3953
5831
3825
5502
3968
3589
6562
7214
5335
244
6092
541
2192
8155
1869
1163
4235
2248
3203
2051
169
6532
348
3617
2081
697
1286
5130
6784
2231
7478
3094
1156
6125
2631
3298
4776
8550
8672
4431
3497
594
7687
2526
6139
6545
3264
2642
2244
7025
2016
2593
6656
8713
6890
7064
8001
5486
8006
4944
6848
1745
3160
3252
7305
6733
497
6837
4510
7599
1675
1532
7161
7712
4132
5829
1368
2399
4289
1835
6563
6060
5805
2548
2732
6801
3532
6586
2125
5068
180
6091
3662
3860
8377
8259
2491
7053
7799
1329
5836
5402
2021
853
4361
7727
7234
4050
4832
7334
4436
1117
203
5016
11
409
2149
158
1941
8761
3224
6760
6716
1823
6258
3215
2176
2440
5045
5884
2588
1863
643
2623
1389
60
4213
5952
8744
7103
8407
260
2390
2002
6238
3734
2617
5996
3550
2413
1831
3239
5143
4000
6918
2657
5655
2897
2108
7427
4122
5195
1932
1170
396
51
1442
681
6931
7267
5397
7119
7809
8673
5340
2062
4450
192
6701
892
7533
8513
5761
5168
3469
6119
2169
7474
334
4288
2132
5710
4078
6071
2846
411
4437
6452
2903
8684
6306
2370
6094
1203
6327
7827
709
3773
1855
7971
3858
8192
7264
6422
6405
1258
2333
3198
4203
356
5258
6335
1894
6070
5358
6391
5114
5716
1138
6173
4523
733
2394
1541
211
1667
4963
3436
2480
1998
7001
7118
7276
3464
6843
4820
8544
7947
300
3699
1569
2057
1262
8295
6575
4149
2715
7570
4643
8443
1996
178
1209
5347
554
5185
3543
8718
3985
1226
1764
6776
933
326
1458
122
1610
6855
5962
7434
89
4116
8450
5305
7807
2265
4337
1956
447
7346
6256
4690
1522
7462
5851
4182
7608
8479
877
5082
3823
2343
3595
5914
1859
7559
4384
5221
296
5140
8267
5743
5048
6393
3733
5598
4634
3032
4066
4871
4463
7959
6611
2670
4940
5269
969
8094
2652
5083
6479
3362
5399
3854
8145
6537
3027
2434
5219
5117
944
2972
2876
5026
1455
3243
6516
8480
7545
6305
1737
157
3241
2645
3775
7813
835
7070
7615
2251
8036
7631
639
2854
3028
5604
7393
1250
5784
7403
7811
2641
2342
5089
377
1591
1833
1312
4336
4031
6028
1997
5170
6403
1600
8735
783
1206
2644
1597
6580
2098
5039
7080
4675
1972
633
2286
2649
5964
3712
6753
338
4625
4847
7758
6863
2737
1136
449
6462
3586
6555
1342
8233
6968
4026
1211
3834
7779
5034
6093
7642
5451
4779
1167
6209
1072
4332
2806
5422
1726
378
7003
2172
4628
4803
6086
6243
928
5363
3508
3087
7911
4885
795
6861
3536
5923
6003
8542
8749
1095
3721
3001
2398
4297
6840
1554
4173
6579
1926
8491
2347
6197
5807
1360
5650
7188
752
6771
5292
8763
5381
6859
8762
6511
6955
5509
3983
7870
4607
559
6916
8220
1885
5974
7435
5620
2748
704
3318
1248
7396
5350
4798
5745
6603
1176
725
7701
5634
7198
8532
1205
6244
8633
6
3782
1085
760
2306
6109
3961
6443
547
8007
6632
6454
8701
5511
2045
3022
7136
3720
1725
6175
7152
117
5480
8723
1306
7819
3468
3764
6053
7684
7445
4446
5935
5908
7912
2109
1059
5366
8580
3694
7101
2971
8056
8244
1977
1602
4386
1585
949
5227
717
3092
6958
8442
1189
6196
1002
8492
6174
7726
189
8380
3270
8599
2005
5166
5005
2667
3131
3767
4095
7308
6235
1467
5869
8184
7897
1783
6377
8203
6213
1200
8621
3791
8266
6323
2792
4676
7925
4108
3954
2274
5679
2741
2511
8643
1459
3715
6392
632
5902
6943
5989
1942
490
993
5724
551
1698
5732
6758
4613
6720
8490
4060
6722
5111
3889
5860
3095
7265
288
3774
5425
7651
5293
1214
6645
4898
7069
7902
604
4321
3936
8234
3023
5441
3641
6232
1930
3541
1915
5668
8508
4082
322
8180
2872
819
8630
2726
8455
2068
906
4870
3219
3035
6383
3501
8626
6369
3237
3887
4137
225
4759
4054
5582
841
2133
4100
962
2946
458
2929
4876
4357
1801
7743
3447
1620
6526
679
474
3670
6947
1564
7185
6800
6631
7926
529
5417
7388
7933
6487
7049
1723
3813
4796
7328
8505
6540
7673
7521
5249
653
4808
4271
4755
4427
856
7373
7386
6409
5754
2142
5164
4775
1691
