4754
4318
4708
608
1176
4087
3291
4435
2225
1807
2683
2573
4855
1766
4480
4400
3017
2610
406
3303
2578
94
1690
501
3188
2958
4557
4655
3429
3646
3649
1431
4351
1067
1823
1387
3035
2106
2580
4964
2199
4469
2265
3602
3910
4072
4287
892
4803
1872
2502
3694
448
115
4216
4097
1865
219
1954
3295
2809
4273
1289
1887
2648
116
1202
1169
3841
3237
4397
335
55
4638
2209
296
4107
325
4241
835
3665
568
5052
4859
3490
3784
4653
1735
1004
224
3030
745
3570
2546
4747
2093
2532
918
2527
1235
533
4516
2370
4354
1969
4581
1908
127
3943
2037
321
2592
2725
642
1261
4461
4062
624
1204
1842
163
2511
4066
2178
3743
73
3838
1091
1796
1426
2608
4722
2959
1867
2916
3170
4660
2433
428
3545
1572
2789
2649
4195
264
1805
4036
975
2237
1384
1994
4010
521
1514
2621
4246
2200
3952
2898
3560
1773
2234
4798
2013
2243
577
4403
3535
1984
2001
3196
2469
2159
4374
1144
4163
1831
3567
4280
945
290
4209
297
3009
1041
1732
4361
2613
4751
534
3062
3932
4364
2130
1159
4752
2097
526
880
1450
443
4956
3284
4132
3993
4106
847
3963
3118
4234
1762
688
3324
752
2948
3721
2446
2726
150
3933
3728
1545
2832
1032
2486
464
4536
1033
1480
1180
461
2499
636
2892
3439
1253
4494
166
2938
2266
1795
2455
217
2090
4654
2590
3956
4565
5037
795
2047
3044
3627
4915
666
4551
4892
4840
4161
5050
3212
5038
96
4561
629
202
2997
347
252
1359
2479
4088
3985
733
5027
4777
1044
606
912
737
604
2597
1590
2799
1682
25
3711
2831
2867
3440
2281
370
4886
2338
57
3940
2426
1187
2779
3309
4347
1444
4427
1702
3843
3907
1327
4735
4405
3507
4738
382
579
979
3957
2401
4365
4768
2399
4552
3669
3496
4733
4667
5
2781
4221
2736
1056
2503
132
340
3822
1242
2800
2834
547
3592
2715
2754
1507
2072
2236
3312
4523
3884
201
1541
4721
829
504
2282
2309
3791
3530
4830
755
2058
1657
3043
478
4059
2876
2248
3915
4741
308
97
322
2728
4192
3135
3927
2490
4358
901
427
3819
1971
4769
3723
2719
4630
1774
1102
2928
4156
4826
999
957
560
1510
3999
4294
92
3998
12
1992
2820
341
1459
4343
2641
4984
4705
2063
42
4007
1491
3337
374
1273
2139
4707
2549
3789
1122
1694
3340
641
4959
2579
4071
518
4783
3966
1391
2631
2303
4947
2797
2819
2184
3445
2346
1653
2891
2861
27
1207
2061
2129
3984
1791
4268
4105
4787
2512
3778
2452
881
3673
4600
1369
3696
209
643
1673
1385
4049
660
2278
4449
261
4651
3313
4903
1533
1921
3268
1669
4232
3783
108
4133
1145
3890
2211
3615
3821
2074
3642
2412
10
4277
2811
926
4963
4188
542
4420
82
877
738
4865
4385
1686
2763
2813
3248
730
4645
3489
4796
81
3207
677
1718
2277
693
3264
4210
5072
705
691
911
1630
302
4016
1940
632
2519
1263
4382
455
3307
1899
420
2798
1072
3102
2949
2583
565
2060
1015
5024
731
4266
1916
1260
4031
4304
2968
1832
1312
2745
607
899
2173
4716
4015
2255
4308
3666
333
1524
284
4588
2484
3754
2230
1658
4989
3477
4076
4932
1345
1258
2721
4522
3532
3848
1343
1565
4724
1
2727
244
3559
938
3525
4063
314
102
974
1005
2188
107
3688
72
3105
2155
2456
1083
4082
2896
3605
3958
312
1575
1487
4926
656
181
3226
1838
805
4092
2672
2659
1800
4342
2696
5039
468
620
1828
804
2476
171
4159
844
988
4298
1434
3457
683
645
378
5023
1672
5006
3611
3069
3790
306
1878
1990
1886
3684
2823
2429
3372
647
2390
3664
3562
1319
2708
2111
2079
3604
4515
3400
1306
3834
824
3735
4521
4120
7
1078
4102
1560
4812
3203
1934
1208
4867
3029
1551
2848
4587
703
2035
3587
3064
1057
1098
4413
3632
3272
1734
2443
4172
3804
283
915
2589
1182
980
2100
1711
3714
4537
2382
3325
4338
4114
2335
4069
1570
485
1720
954
2274
4220
203
4116
1821
2587
1642
4802
285
3640
1449
1488
2322
2554
3079
1223
1963
2397
958
2494
3836
3967
2808
3374
3639
1750
1847
2215
4683
1527
3964
1767
3380
1825
4321
4429
4640
4324
3383
3970
3798
1179
1149
4934
806
3121
3390
3026
4180
4568
1644
876
3820
3731
4053
2119
2349
811
2071
1362
2157
2856
1103
2107
846
2771
2796
1183
757
1577
3624
564
3631
2711
3840
3653
2899
2673
4765
4165
1164
650
4610
1912
4519
418
3181
2807
3357
4734
4422
2564
3204
4496
1380
3550
3113
758
1798
1543
1839
4490
344
753
4333
4267
3224
2851
429
546
2187
3637
60
1335
1458
195
953
3583
785
3600
3867
1453
351
1079
4632
2245
5021
1980
4037
512
2654
3812
748
978
4760
1977
3686
2217
3505
4034
260
3717
1375
998
4258
1523
913
1026
4679
2539
1854
1404
375
1355
1962
95
5065
773
2425
3710
3125
4972
1420
495
3732
3478
399
5079
4110
1469
2943
1232
1437
2066
11
1600
3437
4685
1427
2214
2364
4904
4682
2125
928
3553
1710
4295
4151
1714
5070
4875
879
1052
875
1178
630
4957
661
1902
588
4077
1198
2094
4781
2283
1707
1896
9
2804
3258
1999
3126
1569
5028
3756
1037
1553
2910
5062
2678
2614
1993
291
4094
3371
137
2912
417
476
1429
3342
4946
3015
5025
1900
1051
2814
3450
1640
900
2785
3329
4656
3817
56
1184
4310
1840
26
2847
4692
4257
1552
1318
525
3003
3777
4064
723
2733
193
4322
3115
1474
4512
1880
3432
2459
1761
2201
2087
3230
1211
1422
1674
2762
1146
5088
1371
2937
4148
499
571
122
765
2472
3301
3937
4208
4162
3552
299
2053
2294
3844
744
4439
239
1259
2336
2999
402
3923
1381
3656
110
444
4641
3886
3855
2262
204
277
2772
3417
36
3217
2394
2850
3367
4375
3750
441
1713
3695
2422
3547
763
508
1379
5068
1316
4509
3257
4726
1883
1447
62
4091
2268
3928
2780
3974
4916
939
4712
4633
4122
2181
2470
4930
936
2828
1417
119
4884
2524
368
1756
3741
3830
931
1301
1373
5083
35
192
4182
4755
2272
3950
4816
2224
1982
2263
1964
2306
4019
502
2873
3724
4238
1498
1075
3538
4960
2782
4889
3241
2561
498
1961
739
2801
4196
177
250
4715
1143
2560
2695
2690
2764
1210
1546
4126
4788
1959
3385
4468
4111
1719
1419
3093
3265
3174
3633
4527
4532
2547
1995
3167
1972
1531
895
2290
3151
8
2320
4001
3650
281
4484
293
515
2571
4546
4553
1951
1053
287
1324
616
3531
4981
4935
819
3739
4606
1712
893
3471
1989
658
176
4370
466
3548
1492
4378
356
3202
3376
2082
346
3796
2792
105
2681
1112
3908
3912
2635
3377
4460
2365
3871
463
135
4596
236
984
3145
1040
709
1662
3499
865
4103
2612
20
2208
4906
123
3856
2712
1748
930
1131
4204
2460
1613
2538
1816
3045
4463
4393
2864
2167
4666
689
802
4785
2714
5001
3544
4562
904
3366
2109
3019
4017
2355
1648
2738
2483
1812
365
4881
1423
3982
2293
2965
3050
4150
704
4194
5051
3171
2350
543
3941
3994
433
4011
255
4417
1953
2944
575
1721
1011
4269
1351
4750
4065
4329
4282
1120
4155
3455
2770
2967
1664
841
4024
4074
4836
2684
1018
966
2291
3758
640
456
194
561
3917
3109
4356
1534
1636
4948
2485
701
1231
3628
4239
4998
2570
282
4854
367
2981
229
1256
2962
2120
3178
4000
1495
211
473
5008
1663
4335
2012
1311
2409
4872
2852
1561
4030
197
421
617
3516
3195
2961
4504
4979
507
1645
1591
563
4029
4950
3792
821
5002
2526
3421
3256
4535
3635
2903
34
1611
2880
380
