445
2998
3698
294
2371
4878
2191
25
1351
607
2119
2653
3931
2580
148
3773
2985
26
3328
3305
1663
4402
2515
2619
3391
1743
1106
632
1708
625
4239
875
3299
2923
319
3002
1722
4931
3104
1648
2490
2291
4687
1655
1100
2118
4376
785
3300
1594
4573
4467
748
922
1273
2772
1784
168
1917
2831
1638
4354
3259
3614
3579
2302
2678
612
3139
4681
3832
217
698
2063
2896
2341
3257
888
4120
1773
1272
4204
4346
3066
3371
3806
3057
1991
3089
1223
1294
2105
1798
4266
1989
4351
4694
3012
1887
2403
3996
306
895
4521
3877
1405
2613
3076
4693
2128
4759
2904
4410
1082
1246
2194
3670
4488
2091
1907
1049
1219
1827
1776
877
1203
1662
1024
3343
1122
2934
2978
836
1236
3906
3262
3744
1945
2262
3575
4348
3696
1472
1615
4361
2509
2408
2963
3448
2351
3715
1440
3804
2583
3732
4060
1202
3464
4658
994
3048
4827
3885
2803
4342
768
208
4848
1825
28
332
1927
4236
1897
4073
1913
3316
358
1817
5085
2953
746
678
3008
2385
2021
179
5061
973
3617
4539
778
2505
4212
2229
1921
3
3291
4772
3980
4304
1783
1556
4335
2722
2865
3051
3217
1464
2094
4406
2903
1873
2364
1116
4366
918
2874
2210
4092
1490
3383
506
3662
3704
3899
2425
3922
1238
2233
2171
4543
3404
1212
323
4523
7
3781
4440
970
2757
2875
914
1281
2495
4061
3070
34
952
4967
335
3538
755
1529
3327
3716
4567
3738
3706
670
3561
2822
2635
4860
2452
4456
4637
3554
2475
104
4187
1416
3413
1457
4424
3205
3072
702
4919
349
3936
845
3780
4940
55
3724
2833
713
1916
5062
493
3913
2532
4350
293
4205
2801
2644
1013
3033
3836
1930
1968
1073
2630
1516
718
4589
3463
788
457
1956
1113
4047
245
2792
899
3880
4682
423
993
3252
4792
4886
4554
4800
2083
1940
2719
391
3306
115
4626
2345
4525
2420
825
1162
1258
3446
1196
3470
2704
1008
2667
2142
3697
118
1554
4121
1712
3668
363
2685
1634
3555
4113
2362
842
679
4415
3766
2732
275
3116
3364
2113
814
3640
4138
3351
2360
4595
4279
4401
4443
3543
3389
2560
3239
1664
2204
1217
4065
1673
1577
4224
4099
1099
3227
1079
2485
1707
837
1454
1375
3585
4685
4341
4398
4903
3194
1880
1003
706
1237
1863
3694
394
57
917
736
1820
3582
3332
853
4853
5071
4170
2025
1093
52
4893
4374
1837
4809
1942
2891
4742
505
232
2820
2523
820
4105
4377
76
4819
2330
3423
2966
2169
4776
3271
3385
824
3727
3353
4159
2672
3153
2138
2548
2206
2023
721
1929
2441
92
2677
2032
582
738
926
532
1142
3355
2047
3923
1656
4315
3174
2367
3588
2232
4640
440
4939
3467
644
2895
614
2331
1721
4711
2727
980
540
3512
137
876
685
3564
4357
2869
3366
4091
2607
4219
3410
2156
4651
2707
220
3203
1473
648
3901
1697
3390
709
1748
1792
2940
3474
2136
2797
683
295
1606
452
2870
3387
4838
3487
3016
1852
4724
1168
3541
695
4371
1885
997
2698
338
2036
989
2508
1132
2976
2600
2280
3606
149
4448
1892
2384
2264
892
2238
3111
1824
1083
3091
182
3758
4974
4831
2520
551
1894
396
573
498
2078
4177
301
3629
3172
1995
4319
2203
4900
694
3941
2986
3138
4369
4877
1695
2793
3152
5068
3748
4388
3085
762
1019
4487
1427
290
4154
3340
224
279
1102
4429
4473
2592
1480
1209
1544
535
3653
3720
975
2031
3482
2679
4419
4234
409
1141
2892
1058
4791
1234
4904
94
3426
354
2183
1036
2487
421
3722
1173
4245
1029
4347
461
1097
1744
518
3902
2431
3551
190
2389
4885
196
3893
1886
441
4652
911
4411
3181
3574
1266
2174
4949
4048
5057
4439
1553
471
613
2096
3428
4247
4955
3790
5082
2316
1402
4654
1456
4709
4492
3963
475
463
164
2649
830
4553
5070
2534
4807
1498
219
2586
3769
1731
4100
1006
2802
2356
1578
3412
3232
3713
3040
2975
4201
2018
444
483
2497
1781
3000
2285
2574
3895
782
1614
4679
17
2417
3226
4743
3134
1740
1999
1933
1442
3572
1322
4135
2014
1514
4836
2906
1559
2794
5079
3549
2591
1996
140
2562
3096
3791
3344
111
4193
905
4299
3735
4675
1413
2214
655
3508
2657
2816
5040
1072
4540
2712
1280
504
1766
4912
3914
1434
3196
1282
3853
259
1201
4582
4336
4340
4613
1669
3274
866
4050
3004
1915
981
5021
2928
4977
1461
3019
268
1010
1240
3097
2100
5005
1488
690
2774
2846
2346
2243
4044
2995
4287
4762
4765
2392
5002
4976
4094
3178
3948
1167
3245
2488
361
1961
576
3650
2850
3786
594
1467
2336
38
1877
840
2246
3907
4087
843
3873
5058
2662
3560
1140
889
428
3356
2778
1654
652
152
3813
2625
604
1117
645
643
1275
2951
4146
4016
3278
393
2157
1977
3856
2735
2327
2851
3973
2767
2709
5033
1311
4690
900
2788
466
3017
3233
242
4530
3127
4022
131
2160
4982
2068
3312
1412
4015
2474
4548
3046
1857
2237
3951
257
1914
2512
4464
2554
1499
859
4665
2396
4472
1818
3603
2070
1361
855
3333
3982
1166
2830
4618
4493
3667
43
4644
4494
826
4524
3807
3843
4669
2814
4584
133
2158
4145
1527
764
3056
1765
534
3307
387
454
147
2334
3420
1772
3661
938
4510
1426
851
3636
2577
696
2335
4251
584
1305
2547
3204
1760
3218
3712
377
856
2624
263
4413
3095
722
3752
3595
941
4943
1147
3796
3506
1661
4775
3398
924
587
812
3881
3458
191
4503
3445
3295
4502
2721
2057
289
271
4763
4737
3692
4952
1065
1790
4856
485
935
3298
75
1564
3292
682
496
3932
3348
1737
4779
2423
1909
2017
823
3875
3602
3800
1437
3028
726
1446
3631
4746
1934
1652
1041
1474
577
3171
3850
4152
524
3822
4726
1589
3868
1714
586
3810
668
3146
1157
3894
2786
4269
3456
4936
3399
3988
3742
4678
3954
85
2478
207
1912
3324
260
4556
2941
2294
5077
2422
1739
4535
2666
3321
3533
1009
2339
2659
3997
933
1229
4019
1796
4208
3690
3912
4821
1957
1808
3161
1077
3507
4054
3361
3499
1177
2114
3517
4925
1924
4
473
4345
1136
1178
2224
533
281
4745
79
4213
123
1859
1891
3103
724
3622
4908
2209
2008
4522
278
4962
801
2651
2517
1775
3870
634
2689
2005
1420
302
1033
3101
2076
562
2860
285
2568
101
2663
437
4750
2469
336
4999
2484
3568
3945
1727
1125
4921
1284
4261
730
2089
3032
543
4295
2915
672
1936
4418
1960
1183
2410
3977
606
2110
4207
3086
1466
1504
2195
1422
3156
1639
965
189
277
226
1359
5086
337
1646
20
3890
4676
2817
2960
3009
3799
4695
3388
1675
3026
1390
491
4334
1249
4339
2882
4552
4088
3940
1199
2015
4064
4923
107
848
5011
2856
539
206
1068
3118
2994
1866
2387
1717
3078
833
4646
4611
4077
1477
3131
2134
3080
2701
4756
3025
310
11
968
1853
4991
4867
2664
37
3705
2496
770
4580
4948
2444
5048
4721
72
1366
2381
5000
1988
405
2463
2684
4129
110
4183
1011
4484
1507
1268
982
4852
5020
2365
1496
494
4561
5053
1468
5004
5026
2481
3607
4291
4052
3041
1411
1950
3130
699
3509
3557
4284
5065
3173
4431
1644
1658
4905
589
1636
4111
2310
1030
2789
3283
4916
1400
3731
4380
603
4822
3030
209
286
500
3834
2857
3587
3284
3058
2010
3045
4230
4813
4009
5038
1502
4292
1032
1978
103
1459
2254
3195
3184
1128
1501
3301
4622
1406
4970
3486
827
3099
1304
4032
2550
4263
3711
4298
1353
3443
1276
5054
4735
816
2950
4814
4899
1850
5067
3675
2858
1301
520
3113
2909
4051
3092
4430
4039
3678
296
1649
1580
