8730
7988
449
8739
7675
7520
3909
1785
3789
1964
8502
1022
1351
1976
6217
6329
5559
5754
1963
407
1685
1835
8144
545
4291
6180
3775
238
7041
3150
5732
4533
6553
232
3139
2954
5726
1897
6699
1774
7479
8712
2092
1056
8071
5892
2844
3303
7948
4789
8108
6596
3273
2783
3771
3176
1014
2026
3867
2114
2446
1550
6772
2328
413
5277
397
8506
1010
4590
4826
4752
1760
4427
3196
2510
980
5484
6102
5938
4173
1823
2521
462
5388
7448
2307
73
5668
422
8637
6584
1436
5691
3189
5083
7507
4288
7428
4783
265
3431
3468
6487
7695
3382
1822
1528
5236
2403
5217
4442
1142
663
2138
802
1208
3851
4027
4475
6370
4038
2816
1561
36
2030
6649
8058
8320
4070
3074
6780
3462
4924
2853
6254
6268
1290
2302
6369
2947
2810
6426
7668
968
7982
2774
342
1189
6646
172
6785
2709
2205
1092
4074
7371
4709
4964
2843
4483
1049
6509
7184
6814
7500
3356
1523
3881
1364
5433
2399
7145
1198
6107
4077
4116
3349
8358
7442
5706
8305
3996
6026
6797
6963
2817
209
4510
5092
8370
2148
428
1136
321
80
1971
7279
1917
964
1994
258
2758
2987
4263
3215
7964
7203
3428
3293
2777
3746
3234
4819
3453
4182
3199
630
2544
6456
6453
863
5992
6455
7862
3827
5401
5077
378
8285
3202
5567
3821
2253
1226
5137
1170
578
8267
7790
5262
4929
5270
677
4126
4436
6600
5466
7841
8546
1485
2045
5874
8781
665
6834
6405
850
3999
7733
2415
5392
3388
6988
7049
24
6275
3114
3404
1376
64
6239
3615
4822
7856
8415
2646
7250
2349
3498
2793
8752
4003
4452
791
8437
7778
1046
3183
4509
1878
3131
6144
6892
2306
3377
4616
4997
2791
4731
4186
3192
7478
1228
5636
7808
2866
6575
3981
3000
798
7463
745
5746
3679
1151
433
3504
7761
1450
8679
3485
4022
7517
688
2033
3113
4779
4035
6267
4320
6225
1598
4205
6465
8036
406
6206
4054
6889
7713
7283
5279
4181
6382
4771
3228
6200
1957
1394
2395
7894
2315
259
8726
3957
6619
2878
5714
7501
3688
1983
4461
7839
7822
698
567
2978
6312
3555
5921
2396
7356
5453
3507
1041
7872
1958
5904
2408
2477
89
1251
5257
6043
5394
3177
3336
372
5019
460
1350
415
7246
8083
2483
6201
6769
1794
1411
3588
6942
5436
6870
5385
6811
2345
5495
6550
2563
2300
5762
6588
4480
4566
7922
4687
829
1328
544
1535
6257
1191
7292
3186
420
5724
157
2100
8467
1805
6860
1044
2230
6181
5159
5269
4068
8569
4580
5937
2855
7315
7720
6997
6138
2021
5228
3124
6718
7607
7007
5396
1037
528
6373
8359
6124
4513
3618
3135
6024
4495
6367
6277
1186
3786
4905
8768
6151
4918
4976
5577
7946
7619
8430
6816
471
819
3903
5185
8475
5450
1961
5611
1069
6572
6332
310
4458
834
6728
1063
6319
1465
2330
5644
7592
1804
5968
7342
8362
511
852
7570
8615
2171
6755
2535
2314
7179
8697
1707
5067
7783
1055
7399
6177
6966
6893
4238
787
8674
307
6054
2368
1582
4951
4888
6145
5699
7097
3728
2094
143
4596
2549
1992
1618
4764
4380
8070
2439
789
1563
1272
8019
710
8539
7125
6871
6866
2385
6552
1323
3941
6342
2760
3755
2647
7853
3886
4649
2167
4140
7015
5364
4900
7182
6827
7105
8732
5932
380
6343
5556
314
5580
1508
280
6306
344
6716
5378
3972
1115
4548
1312
7258
5665
2789
2201
8001
1648
5894
6925
2494
2464
5472
4227
7397
2637
4485
2283
5900
2956
5177
53
6788
1832
727
2533
6697
5368
6950
5438
1296
5718
8422
2476
811
5220
7212
6928
3813
4847
5047
6004
7904
1529
5021
7286
3843
2425
3145
8281
223
7391
1461
3235
6425
2194
5295
3363
670
8334
4876
3368
8411
390
1965
7450
3800
54
6017
219
2215
5902
3674
8373
1118
2830
3816
6053
454
4643
3350
8105
4748
3058
2234
7004
257
6789
7503
2505
1739
5785
7594
2286
4445
1006
3409
6431
3482
8275
474
8451
5018
775
661
8052
1061
898
3087
7444
6613
2920
8219
2918
7221
4889
6589
5155
1266
1090
1291
1693
4806
4196
6097
5960
541
8299
7443
8226
3825
7634
7703
4537
5560
8349
245
1194
3954
3690
3013
5998
7802
529
4944
4396
7497
5723
1980
3311
4010
1807
5327
8654
2229
4681
207
2919
3304
1472
2753
2514
2573
3411
7866
189
7793
6230
7883
3684
3841
1863
2336
5827
1596
1672
2411
5276
6292
3714
99
4720
7526
6104
1473
2410
5318
2803
8640
7047
4109
3961
963
3584
5106
7472
7059
8524
6753
1287
8054
808
47
5134
5431
7940
6393
3154
6397
3964
3893
2122
5441
4243
8454
2344
3836
8397
7278
5291
828
3575
5014
141
1754
3556
8536
246
1935
81
7210
1554
657
7847
1319
4863
601
3325
2457
1122
4194
2310
8076
8231
6336
8402
4830
3977
1780
7901
5366
6959
2418
8714
1928
8522
6612
6223
1678
49
2453
8480
3004
1849
3389
8626
4366
719
7198
4157
2805
886
2993
4853
7929
1431
1880
8243
1947
4695
4577
5004
7549
4816
4943
8109
5039
7879
613
4482
2174
4108
3012
5963
972
2523
6117
5323
6537
5675
5930
2027
2470
2731
4220
7626
7254
6160
933
741
4269
1593
4698
825
3188
6499
4703
8715
6806
1269
4014
3351
3395
2126
266
5713
3589
599
7372
5660
7454
4283
6233
3484
6215
1310
7714
2207
3720
2967
2337
5227
1375
3187
6261
4967
2183
5232
5822
6705
149
5964
5747
8131
1176
158
4697
7366
6944
6852
6314
1340
2883
5758
7142
6134
3743
746
7788
5844
4342
7029
6166
6148
4082
6323
3845
2874
8728
5896
2467
8209
2652
4917
7218
7877
8727
2423
4298
4567
6115
6475
8122
1683
8288
7935
6424
429
7492
3992
3129
8343
4707
7293
4795
2204
557
3212
128
1313
5777
548
8247
7532
5009
6019
6460
6322
190
4982
6422
4680
8560
8118
2812
1526
8418
3949
2468
4354
1403
4746
7002
2628
5850
4682
8262
2060
101
7636
2903
7963
2769
7548
8034
2738
72
2531
5872
3956
1172
625
6121
2877
7308
1216
2266
476
974
7639
6608
4060
201
6886
2503
6778
3971
4221
1005
6244
8748
6656
3446
4336
772
146
2781
7838
3310
8438
4147
6749
8308
1755
4430
7288
5319
7193
1106
2219
8482
7825
2660
6288
3166
1143
8505
4394
8005
2233
807
2356
348
2193
734
5471
7709
1501
1195
33
8510
5444
2792
2348
132
731
7812
726
7957
1474
5174
6872
1414
148
5953
2960
3029
6926
4260
5952
5823
110
1810
2198
2452
4559
884
6783
3655
4797
4062
3788
8074
5572
109
4450
776
4953
5983
5165
7776
5476
6906
4152
8171
1979
5043
3987
4356
4496
4753
5553
6678
4168
6083
5224
2932
5504
1689
3047
5164
3184
6696
5536
4211
5064
7482
8669
8544
7438
1617
3280
3734
6972
7909
2169
6246
7997
7058
1120
8500
4613
4641
7833
7425
355
2036
2360
4078
3331
8466
4620
525
6489
4477
2035
6066
1889
4102
2622
1007
8495
5641
7197
495
1824
6862
92
6164
3133
1504
858
3148
3599
5667
1263
6918
4774
8338
1400
3260
7093
631
7738
8314
4807
2322
7535
5010
6415
2541
1827
7908
3458
5334
3808
4630
3232
8574
468
5189
3661
6703
5956
2665
2093
7987
3038
6976
5238
4371
6712
622
3334
2629
3390
1592
2486
4673
1652
3806
2109
6029
2882
439
2714
2020
4404
2620
1673
3872
491
6622
4988
8250
2520
2128
5568
5158
6396
7699
4375
5548
1651
7564
6750
8756
8009
8069
2876
8094
517
4305
8157
4506
3559
2538
3973
1698
635
5079
3762
8318
5772
1232
1074
8407
5313
2586
3438
5268
8127
1139
1081
1741
5235
4149
942
5689
574
915
1235
2964
337
2625
7370
4242
7338
6328
290
306
675
3623
2069
3702
2742
8596
5522
8056
4421
8268
8507
5651
5090
4956
4131
4101
3699
1758
1601
7242
3597
1367
5446
3284
7705
740
2685
6548
7024
4373
7914
535
1353
1939
3406
4715
1412
104
5214
1298
6125
6338
5895
6150
8341
5496
1402
6781
6436
3892
706
7567
5984
5179
6693
8684
6849
4990
7495
7789
805
2479
7665
1712
3123
1907
1876
961
1892
5058
950
1489
887
1950
7069
408
1995
8000
2583
2518
5053
2417
4304
7019
2651
3084
4066
5136
639
5430
5698
231
6532
6036
4780
4507
8163
2327
7631
5590
7324
8696
7141
3850
2546
8031
4327
2986
3820
1915
4294
5687
7745
7393
3967
827
624
8458
4558
5288
2764
2739
299
3086
3479
3530
7562
7826
2465
57
8424
4867
5594
4547
6015
1853
3809
696
2921
6374
8468
8257
6810
5463
937
1109
3854
123
3027
3090
8053
2595
2478
7990
3856
5656
3297
8488
6675
7432
659
6760
7723
8555
4993
3574
1788
4364
7365
2241
7582
3901
153
3587
6450
4569
6726
6457
8673
8346
518
1224
7575
6888
7298
804
1334
7220
6636
4459
3630
6758
5192
5618
572
8396
788
6433
6518
7569
5239
2658
8129
4782
958
3680
2299
5091
3681
4384
6366
3182
6179
298
2055
6570
8391
494
2966
724
6012
2562
8767
3657
4711
6791
3930
7291
3022
2285
6090
943
6690
5591
7201
4614
3287
8518
4820
7787
2432
5338
3316
4402
2157
6836
2734
1358
4080
4357
1137
2080
3858
8729
2720
4846
7060
1620
2392
2141
1031
7525
3535
3116
2331
1327
8224
3440
7891
7310
7413
5052
3546
4915
5808
1182
8749
6833
6400
2172
1716
8534
6020
5265
4516
2829
1609
1167
1019
4209
7558
6820
4633
5027
5853
2070
534
467
7475
7412
6818
7875
6873
5250
7645
4370
7255
5585
722
7294
7066
2124
8562
6447
7577
4117
7702
2589
1242
1265
2755
1763
1929
5041
2799
6520
8476
382
2823
8769
6845
5549
2576
3640
5121
4870
1642
401
2931
7064
2016
5774
4667
1448
1433
6711
1833
1303
6853
8755
3917
1088
4202
7025
2130
6904
8497
5650
6375
3061
8459
3001
628
7168
4626
6514
6565
7187
7155
1812
4023
3937
4523
6770
733
7204
343
3706
1155
2515
6442
6658
4974
8744
697
1993
1902
4589
849
3065
5256
3528
7717
4858
6204
217
3862
2050
1388
6513
8408
1128
1024
7009
1969
2087
7491
2661
868
8644
7362
1784
1551
4749
2768
1343
405
8464
5815
7018
6303
5788
6243
5191
2152
6829
5371
4175
3320
4845
3357
3605
478
890
2786
2103
4910
6068
5215
8736
7762
8132
3837
7439
4662
1942
3548
3010
991
2524
7074
7611
8378
5424
7352
8662
5072
701
1258
7557
7116
8272
6224
90
5244
8182
5110
3561
6787
32
5881
7715
5863
3518
7617
5739
7697
7518
7119
3855
543
6130
1259
8280
2347
5546
5911
4011
1279
8587
2899
1830
1193
103
1325
1239
7782
7033
1154
240
6417
7502
7735
3332
2455
1153
8088
4333
8357
3667
292
2884
5157
910
5547
3478
1321
7814
5607
3436
5790
6250
6111
8329
8011
3242
6994
5274
928
4998
6390
1990
6508
8322
2623
7583
7678
6733
6512
1803
1292
815
2668
7960
1457
6555
4025
122
341
4877
2065
8252
2957
5793
7285
6194
7395
6515
6331
2532
5729
5710
3097
6525
3558
4980
524
7781
2859
3732
5283
1492
8283
4348
4836
2239
6581
8098
6998
198
2988
5624
8589
5924
4399
1696
3075
7700
3598
2578
2763
3194
8479
2278
447
8028
875
1717
6546
7531
322
8575
7034
2154
2472
6737
1919
2384
2795
3281
4143
7870
728
2003
7704
212
2693
1872
5418
5708
2865
5638
5457
2761
5639
6497
7055
7911
3839
5694
3750
7730
18
3578
3672
452
8141
6253
6084
7403
186
8721
3794
8533
6278
264
6743
3465
3051
6219
8677
779
8547
7445
3527
5100
6491
6492
1818
5669
6493
177
8134
8310
7411
5260
6704
2381
4848
456
8383
1588
4464
1308
1422
8737
394
465
6831
1107
4896
8154
7585
5550
3934
8542
5621
3401
7028
2939
3475
5219
2686
1439
714
7858
4492
6951
8311
3420
7063
3110
7131
2833
7171
3460
5834
4700
6067
8017
8541
3993
4148
1077
5740
8015
1600
5933
2195
3432
2603
5988
7504
8222
7991
6643
6838
4560
1886
2498
2471
5105
4331
6775
8765
2858
7447
2502
2826
5584
3616
3940
1445
4879
6480
8126
3219
1236
362
2961
5791
6754
4725
4008
2597
4661
7196
5719
2492
4901
391
1144
747
5520
2955
5247
6378
8372
2704
4965
4494
2724
7968
1522
5211
8089
5409
2516
152
1316
3767
5631
3997
563
2892
7423
1666
1096
7156
3471
962
5961
4925
1607
3276
2287
644
6198
4129
7756
1289
7633
2580
1627
8564
5102
8059
8123
7646
5160
914
880
6645
4397
3749
6692
5671
6079
5112
8450
782
2305
5281
8273
6282
3531
6064
1649
7696
1469
6327
51
6459
7191
2180
4034
3878
4213
7919
7958
4750
7089
4262
1397
1548
2259
8004
1938
2491
2702
3682
431
1899
1968
2272
7386
414
809
2982
6466
5861
5527
949
2326
4857
6850
923
464
332
6210
2642
6379
8609
860
3056
2047
4438
3048
7348
4733
8104
5782
2155
8251
7035
4474
1140
4891
6128
5514
1628
4890
1749
1257
6334
5358
7750
2667
4761
6709
830
3874
591
2413
6628
988
8532
4684
4624
5162
6536
8426
1725
3959
7602
3948
3619
4834
5882
2891
6805
6914
7679
5492
1301
3210
6203
8277
3691
5751
7672
7426
1951
4441
96
8706
6983
5649
6316
8620
2113
5170
2653
1931
4185
8380
5184
5784
6255
5643
6095
2001
6551
8433
8124
6039
1449
592
2655
8738
6490
5016
4676
2728
1398
6543
251
1925
8508
1099
6377
3685
4415
4961
6759
623
6948
8324
4286
5372
7989
2677
3327
7434
2794
389
409
6507
1260
7467
6439
7010
4765
2291
1256
3359
6924
7661
1679
7304
6782
6919
5561
8462
6523
3122
8470
881
2412
1681
865
1314
638
2695
2153
704
7022
2548
3783
4374
6485
4573
892
7751
5097
1156
8412
5981
289
5410
4481
7560
8145
2983
8667
5720
1507
2963
4490
4705
1573
539
3544
3222
6616
4989
7088
6358
4388
7932
1223
8612
2530
3829
7718
4326
5505
3646
6227
7797
6922
392
2822
7800
200
4449
8021
2487
8207
384
126
3246
2108
1220
5035
7873
4575
5069
6196
2197
4696
1913
4086
270
470
3697
2196
6099
267
3443
5626
6037
430
7490
8716
2602
3601
3875
5376
6129
2304
4259
2656
244
1306
4986
1288
7260
4844
2965
52
1051
5659
3719
8246
3698
260
7936
4638
6777
2136
2270
5743
6786
1460
1482
6868
396
995
1011
5359
3665
1249
8266
1941
1699
5603
3180
5489
2332
5842
395
4524
8701
6975
2386
1527
6304
2078
5913
3216
7077
6641
7748
7117
7456
6682
5099
7079
8167
4542
7742
3847
979
6112
5852
3265
7510
6116
7876
2289
1119
1557
1882
3141
3590
7630
1809
7523
1355
7910
7965
418
2889
4121
3035
5362
363
7271
4612
674
3459
386
247
7100
5599
8295
8777
2095
4815
3926
6890
2639
6505
6050
4376
618
6700
7900
996
4722
4894
2084
1747
1129
1192
1370
839
6269
7407
8776
3163
3563
5811
8365
3645
1973
7819
4584
3263
7282
4418
6401
8719
272
5637
1697
1787
7169
1110
2904
4268
8233
2525
7852
602
5202
3651
8173
3317
3009
13
6879
4786
2132
5912
8578
4743
1218
8100
2944
8605
8389
4368
5036
1078
5868
1071
3520
1366
3668
5150
7460
5188
218
4825
7050
5833
2638
5934
1936
2449
7533
973
8178
8614
2258
8095
2645
7649
5781
3637
6566
5209
6022
1629
8583
1579
571
5263
3467
6044
46
3441
3258
978
8707
6822
4281
5267
8561
1206
5586
8481
5117
7887
4758
3970
7867
4805
2852
7003
2083
6764
482
3751
7638
3190
5752
7148
2778
8705
7716
6040
6911
1072
58
5095
5612
17
3745
4125
5979
3239
7743
2042
5151
5439
5893
8672
8206
4163
8116
7687
3638
7144
7916
1792
2185
6263
2975
2907
6109
6062
6648
8091
7272
3049
4244
7928
7392
1245
8292
1815
7707
6061
7536
7353
5129
8619
1190
1564
8080
2389
699
5242
7215
3223
522
7784
5003
983
7694
690
654
2037
3979
8328
5537
1320
3895
970
2474
5222
3362
2871
1532
3383
4487
8290
5558
1988
2089
3962
5755
2581
7786
1396
4591
2594
6477
6599
7429
5380
3497
5909
5927
3613
4969
4868
2433
3871
5389
5825
1571
1611
8043
906
1930
5672
1793
4598
4842
7691
1347
1702
6069
2808
1214
6368
5652
5563
6340
6409
329
4098
