7175
7393
2788
3084
6133
3753
7980
835
5967
3275
2359
8659
3598
1574
514
1127
5027
5479
1738
7236
7937
4002
5709
6652
138
6285
5656
2881
5423
6009
1954
1024
1838
3317
7860
4833
7895
5193
517
747
8051
2138
3401
8145
5880
3991
5860
6710
3638
5557
4150
5173
4971
7084
1991
7222
1924
6580
2235
7268
2641
8025
8284
6837
2880
7251
5821
6122
7671
8660
8665
1891
2515
684
3345
566
7234
6718
6292
8788
6574
3553
8360
2026
4024
1604
4861
2670
5493
4752
2765
769
2019
6824
1727
1758
4641
2226
5938
2490
6629
3581
5973
7355
2814
4408
6525
1987
848
5768
713
6688
3933
3106
446
3249
4786
425
4826
1001
4778
4589
1926
448
2141
2988
1714
2391
1808
8465
7334
7118
6729
5961
8486
3360
4933
50
5483
7569
2852
2456
5467
2931
5202
1170
7537
4220
6447
1590
8751
590
6
8105
4373
949
5510
3448
385
3789
7181
8252
4055
2987
5017
868
7978
5070
3476
5813
8600
7470
5801
3038
3029
2639
7701
2339
2843
6705
3829
2355
6030
117
131
861
7653
991
2029
8593
7851
7857
2654
1234
1875
3292
7667
5101
5089
5608
6841
6564
2397
3641
4446
4555
3834
1973
4519
5616
601
548
6850
4144
5474
539
2574
5571
4231
2287
5272
6371
5578
5677
8070
139
8719
8685
8131
4011
5572
5344
2584
6069
1137
1919
4495
1036
530
3255
1790
704
1748
2006
676
1902
1912
7117
2955
7863
2693
8320
1014
8280
1419
7357
7564
6490
3831
2832
6004
7939
4804
7628
3706
2629
8661
8038
8612
8549
1809
5307
8368
8351
8134
7346
1545
4656
1692
1354
5368
7296
6195
8638
3044
957
6420
1205
5606
7987
2676
8319
2443
6552
6218
1812
4236
304
3277
7424
1251
7211
7952
5223
1173
6266
5633
2739
7838
6823
4212
4636
4535
8589
4329
6044
7752
5448
1588
3664
2132
2556
5160
4586
6872
504
2919
1881
8737
5947
4546
5986
374
5706
8598
1990
4154
6363
2626
7350
2798
7048
3540
4134
986
4580
8151
8749
6757
3585
2261
682
120
3780
8710
6049
7999
781
6538
279
3632
4459
855
7155
7764
1671
3727
7830
3986
753
7456
2527
4790
4049
1477
4361
1184
1608
7238
164
3538
80
4277
6100
7188
3008
8033
4981
8688
3158
1390
7178
3628
1989
1672
6995
3697
5653
8176
5016
1000
5626
2594
6748
763
4860
6936
6709
7724
5758
721
4328
1097
1077
1693
6380
4758
2555
8649
6920
7131
2446
267
390
6601
5933
7822
8090
4093
6821
4806
651
6450
7110
5319
6293
1722
5276
5414
3496
1360
1258
3698
6407
1005
1231
5793
7499
1388
3274
4659
931
72
2589
3176
1681
7119
958
1822
116
3523
1119
1532
2350
6665
7816
8713
1537
4847
7940
1870
4337
6937
6046
6678
2807
7385
5931
6593
6424
7193
8674
3083
995
6489
6825
4033
1402
6399
928
2057
1927
8398
5190
5043
2417
7249
481
1759
3341
8316
6785
7586
6503
7647
7204
7284
5950
1943
4787
2737
4393
7170
734
6041
3399
5886
157
6565
715
6504
1459
2406
3712
1700
1688
1892
5231
8681
4811
2775
673
5539
865
8543
7573
1385
7770
6104
185
7323
3795
25
666
1836
8732
4156
8069
3433
6305
7353
8062
7579
3441
4911
8126
2439
4917
2933
2580
2025
1632
7436
6225
8156
3913
1728
2913
450
4410
5090
4671
6197
4281
108
7507
5791
2800
2865
2218
2155
4517
6336
5221
6726
983
5512
7557
2706
4210
8384
5900
4353
5541
1156
2912
7397
8576
1735
8050
6479
3889
5546
2172
564
3752
2886
6176
8770
8475
8702
8104
6880
7132
5179
4270
5097
396
5402
5428
546
6895
8012
5792
2426
859
6382
4552
7898
5211
3505
7985
687
1126
4846
7555
8643
817
1022
1506
7562
2419
6248
3857
637
6965
3006
6364
6758
7382
1691
8035
3094
3348
4983
1944
3509
7493
79
239
7720
6174
7015
1299
4479
653
2374
3861
8370
2360
5292
7326
4323
5018
8498
2368
4873
6339
900
7040
8017
8257
1155
2340
1287
7938
466
5003
2185
3518
3165
4112
7803
4377
1517
948
748
3823
7802
2917
3075
125
3251
7180
6804
3802
6551
5136
4567
5857
5581
6747
3961
5480
5376
2801
3517
4394
1008
2583
4141
6451
2238
4600
4139
5797
1416
6672
8445
854
4651
8615
3501
6700
28
6553
2617
4492
6191
7735
5865
8556
3597
5195
5993
5655
5935
1791
411
7949
1730
2310
1784
2856
6670
6632
8585
571
4630
7820
2785
2834
7094
4354
3840
2207
5520
8301
6286
1368
7602
6661
558
3660
3311
5835
6806
706
2329
5936
337
3700
1080
6769
2611
172
7749
2823
7358
4940
3982
3430
4375
6926
1794
1579
5062
2581
959
4610
409
6563
193
2723
2217
5407
536
7847
1041
8528
2891
7943
7408
1918
441
5492
2532
3604
5207
7168
1128
4805
7655
7874
2250
7836
3879
2840
3460
3427
7879
1716
4528
905
6441
4710
6890
4571
7873
7919
8336
3902
6466
5197
3404
4507
1811
7801
4970
420
5100
2770
8484
1210
5258
3312
6181
8756
2851
8155
760
215
6639
2084
4372
5734
1625
5187
1951
7758
1458
1773
3443
5772
1257
1204
7480
3342
6250
5561
7616
3685
7693
887
5201
4538
7539
815
496
482
1572
557
3556
5957
5499
8582
2892
6157
7766
2872
4102
5347
6256
5553
1648
6801
3500
5167
6696
1754
4072
1164
5127
3864
6161
8479
4274
4108
1575
41
5161
8472
1431
3420
4578
5994
6165
7740
1643
5554
1635
3281
160
8263
7191
5870
743
3175
1081
6315
3480
4319
8534
2560
2063
5660
1690
726
1853
479
5268
5506
2094
7547
1882
5702
1510
2714
4679
971
4088
8386
4543
7530
3241
7031
2215
6713
8419
6526
6486
4864
5672
4906
3850
6136
127
2961
4469
7213
2386
3498
540
3918
2866
7583
2161
7013
2448
3779
6604
119
703
7089
7563
8547
3867
2487
7431
4972
4324
5140
7298
102
7994
674
1955
1483
3615
3066
7869
2588
2667
7679
6725
2379
1430
5729
4765
4387
3537
3329
8488
7746
3620
5143
5155
1935
1151
2605
1418
3705
2173
6127
967
5399
8059
1021
6906
1503
7663
4691
3183
8350
4693
2631
5879
4471
2305
7662
3166
5373
4409
2514
8655
5351
777
1601
2088
4246
956
83
5526
6961
7504
3508
3773
5622
1527
5951
8599
7835
3944
5621
3783
2603
6119
5642
8493
1593
1337
2493
3519
699
1857
5199
6923
4215
1110
6555
5966
7762
8331
4046
7893
8423
7143
5219
4606
5866
491
8502
4910
6711
6969
3970
616
8381
2152
1580
4623
5675
8462
5905
6981
8654
4767
5639
3589
6575
6609
6954
5074
7297
7748
8451
3288
5379
904
1804
3939
1492
7533
7572
3869
5800
4962
7496
4465
7880
7928
7522
1051
7380
1469
8532
737
7551
325
4596
5665
2133
1379
7042
7650
5536
8753
562
4186
8190
3140
4095
5523
2429
6901
6013
7161
251
6721
6306
3720
249
2648
5475
2778
6903
5079
461
3914
383
3512
2813
1536
2266
1737
5334
7254
6273
247
6698
5026
8116
5783
3237
1407
6036
1009
272
370
6583
960
8738
6836
310
8192
3410
6613
521
3964
7478
602
888
6855
8452
4399
7733
378
2482
1938
568
6026
7411
1451
3208
7476
7319
5263
7308
1481
5165
61
4845
6975
5794
4083
5313
4828
3763
1986
1239
3494
5913
3942
1930
6664
6393
3458
3270
4632
1642
7705
5460
6624
8723
3923
1490
8095
1511
951
5876
6659
6663
1002
3453
4189
8682
7490
4378
8440
4213
3189
2281
946
1844
424
2427
1139
7286
1656
3846
7466
6086
4300
65
2424
7243
943
2769
2624
2878
6892
27
8397
3127
1375
3068
5496
7427
8459
8018
891
8526
5352
2922
3743
6746
1350
3979
8244
6249
3609
5525
12
1934
8047
6290
4574
380
8457
7135
3121
623
6809
6988
3130
686
7935
2628
2803
2512
1118
1263
2008
5868
1905
3280
4505
1359
8248
7807
284
4966
629
3921
3912
2620
6245
7742
4423
3513
6463
2690
4355
7069
8148
7718
4474
6894
6731
6333
4001
4419
2373
4646
2879
5234
7384
6329
5972
2234
2621
5093
1979
6078
1328
7123
4163
5172
988
3112
7719
7677
3116
4993
2986
7793
5924
5699
5033
1925
3711
4742
6418
6940
4722
3212
3994
7300
3892
6018
8637
3920
5403
8763
2023
7036
2048
1171
4051
884
1573
2001
188
5926
1450
6499
4188
3120
1530
6310
4391
3089
285
5061
4668
3138
4956
8739
3117
642
1889
4234
1067
1372
1004
2000
5077
1782
6468
5917
8578
2292
7339
2942
4653
5259
4267
4974
3429
1311
7072
4980
3334
2455
190
4526
1470
5722
2753
7489
391
8101
4907
4073
4398
7899
3373
4781
8509
3622
1323
295
4116
7033
3054
1501
978
5903
2105
2053
6960
7241
582
3894
3250
4643
5569
501
3806
5273
4661
874
1502
2049
5335
2850
996
1425
6267
5856
3863
78
198
4371
1810
8718
4825
7828
2291
8057
7972
4182
4228
2392
5055
4982
7474
7630
5029
5485
4418
860
8305
3591
8760
2422
2020
3484
7819
5810
1362
5790
7823
8312
1867
1565
3226
614
2459
8016
6620
6744
2978
8001
6345
5449
4061
1854
6281
6255
4437
437
8231
2551
5222
7199
266
527
3072
3376
805
2442
8430
1290
182
2079
4863
3977
2260
8042
5812
7532
764
4468
7237
5803
3590
6271
6430
3938
1467
3074
288
1389
8510
8173
7096
739
2503
8470
7455
2937
8214
7595
5780
4028
3396
8491
2806
8083
1174
7399
5350
236
3407
5419
85
3369
3770
6173
8487
2241
925
6287
4912
8377
3387
7281
4865
4894
6404
8285
8404
347
1724
961
4613
1393
7312
7150
1208
8478
152
705
1813
3486
2486
4031
768
2752
5725
8633
4295
1280
4698
4844
6570
3326
5767
6649
5534
6860
5570
7032
2090
4152
4655
4915
8460
24
3765
966
392
3321
7341
4712
3284
3462
7535
7625
6946
7304
3300
291
8314
3787
1074
8595
4938
8410
7957
5406
7684
2389
2136
8730
3388
771
2027
5047
3648
7734
1383
1789
7372
8461
1464
731
8563
5432
2421
6834
8157
7126
2820
1395
2229
7145
7028
6833
3574
2909
3260
3163
3065
5579
6392
1880
5952
6477
6522
4218
7608
1363
5743
2124
6408
7782
7464
3768
2524
838
3827
4603
6728
4239
7849
2396
7900
1006
765
8521
3919
4244
8776
1623
692
550
4433
519
5650
8294
7368
1597
3459
5050
7098
5470
7184
6789
698
2717
5750
1242
4992
3151
433
5096
4748
8007
5067
5184
5128
4261
8109
5527
112
5631
4106
8571
1146
4905
7553
1906
5178
6226
7854
2697
1314
2894
4180
4551
2634
1586
5010
3060
2841
1478
8741
1599
7039
7005
6019
997
6669
7115
7442
5694
3218
1997
4620
2200
1445
2209
3207
2857
5548
6301
8365
6690
720
6269
3295
830
5049
5237
7050
8150
8065
6941
3320
2286
3040
5859
663
4898
5508
6793
6647
6853
7468
6739
1047
4181
5215
5118
7267
1120
8516
6259
6193
520
4177
2595
8373
4701
3469
3303
7726
1039
2142
6717
5377
7582
2415
7435
8514
8765
4084
37
3027
2960
592
2575
323
4984
7738
7469
3201
5711
4114
5829
622
3178
6149
5977
7636
8657
3563
7479
11
3835
5834
7784
6170
3439
5503
1629
2795
4644
6764
843
5992
5356
4916
1795
4760
476
8520
5697
1631
6075
4489
5270
8005
6082
3662
6727
4830
4593
2854
6928
7134
7201
3960
2265
8511
6719
4919
3114
264
6015
1145
8093
2060
7250
3520
759
2176
5592
6027
6691
3528
7374
4902
1168
6061
5120
939
3612
2388
2349
360
3963
3812
3797
2999
5441
5698
8391
1017
3901
4017
2549
5753
522
5686
6967
4
1657
733
4254
6110
6381
2230
6148
3899
1747
5391
5131
2610
2945
5370
6387
7354
6547
1271
7026
174
1843
1956
4467
3092
6279
3950
7792
8027
1778
3152
1460
3328
8230
4829
1046
2539
449
7853
3573
4877
8080
8238
4453
8565
6126
2169
398
2437
7519
8256
6767
6343
4282
2447
2638
3526
6440
3227
6358
4384
8699
180
6819
5564
406
6868
5897
4315
4268
7876
2985
263
7926
6239
5487
636
2709
5795
6585
3958
1879
7375
4657
2330
2414
7177
6673
6568
5942
947
3139
7804
3030
7186
3690
3551
6097
1876
1144
1228
2103
8208
5755
6666
5154
1321
1515
5445
6882
7416
7681
2179
3852
7601
7225
3209
1581
2066
2953
4540
5820
6548
3199
3352
8630
97
2005
0
3777
881
5638
3077
8635
8379
5882
1500
3800
5575
2086
2180
7273
1863
722
8650
5727
5271
7984
423
2691
6118
3259
1274
7682
4312
1199
3962
8266
6374
4769
4253
7716
3355
2824
3287
5156
4963
8204
3037
7902
5359
1495
7054
3539
4677
1236
1391
4036
7944
393
5249
1715
4172
75
7881
5601
626
363
7034
6706
8711
5741
8128
7154
1641
7964
4763
6637
5751
4251
8574
6537
4349
4685
2867
6808
2983
2328
7513
8097
2928
685
1909
998
416
7546
7290
671
5915
4605
2216
572
5367
5688
8378
2109
1489
6640
2115
8432
4078
5459
3471
837
5400
2012
4440
5970
3477
964
4414
6235
2546
1190
7648
2741
8507
4004
7058
3079
3058
992
927
4775
4819
4396
5088
6053
2357
7775
2186
8779
2665
5775
1576
1771
6458
8559
3856
8728
953
547
6610
6770
6233
5975
6155
6840
5437
8008
7077
8690
2668
4383
5110
1984
615
3754
6888
1818
776
3374
3983
2032
5981
8789
6066
4997
532
6465
4743
8707
5028
1298
8403
5690
5424
4176
3490
5514
7505
3028
7260
4520
8621
6881
4740
1054
6501
401
4262
2731
5328
5183
1779
4303
1035
8453
2505
6113
4202
3898
6432
2174
4801
8705
7038
8064
7717
2243
7706
3359
8335
6379
6436
5081
3381
4382
289
1028
7976
8449
1516
7613
2758
3801
4429
5447
1525
3949
2516
7127
8327
4549
6648
6802
4652
4597
467
500
71
6867
1020
3047
3408
3419
2726
1901
5944
5890
1551
8651
3107
178
7463
3233
1076
4573
6913
7492
8021
2315
2040
6462
1968
4745
2361
1772
2344
1945
274
4895
3172
3215
1307
2936
8303
4013
7156
2554
4670
3031
7998
1223
644
6827
3784
7680
4689
2178
7714
454
282
1278
6152
4257
4477
7152
7136
1757
3916
2585
5678
2597
287
6588
2213
5011
7343
3110
7419
3669
7429
191
695
349
5275
7672
6790
3015
3652
3665
4367
4796
1240
7798
4363
3541
4676
2290
1191
4222
659
1841
412
2736
8544
2011
8358
8436
1101
3150
1341
339
2593
5114
7627
8255
7203
6646
6028
150
802
6557
4702
4595
8048
3559
2059
7021
3542
3197
4773
2270
3630
4338
5004
5708
7142
5891
613
8584
6950
4660
18
6442
7997
6072
5138
3657
7757
7827
1589
7090
7333
6328
5418
1324
929
4348
8745
5874
1116
7426
4159
5921
4714
5198
6074
4924
2649
774
5103
8706
8480
276
880
6385
62
3890
2009
6188
5189
3548
5726
7377
8557
2565
1899
3001
543
7332
480
5669
6331
4326
7049
896
7846
5833
7253
4609
6735
415
7703
7082
579
5164
5577
1397
47
8696
5899
5715
209
2381
4688
8506
7387
7141
3566
7274
5784
4434
2156
5361
7347
313
5664
1095
7932
3247
1326
5762
7390
1012
1828
6978
1238
7975
270
1740
499
1025
5409
6934
5632
3221
335
5129
5945
6730
7202
6498
6213
3893
386
7568
5814
1319
6958
4118
7321
4617
1484
7529
2787
4475
7128
235
7920
3972
5871
2954
4747
7421
5614
1845
2663
7083
6454
3491
6422
422
2722
4483
4241
665
6359
5482
638
6062
4779
8551
8329
6223
8522
3873
2071
691
7457
243
6578
7407
3402
6142
916
8002
1981
3858
746
4029
5291
6099
3011
7534
4305
7737
3675
69
7472
677
1157
7
6851
2980
428
5659
4350
5025
7732
2403
5902
7047
3389
7759
225
1680
3676
3689
4137
4074
4039
3587
8180
5289
4146
8072
4953
3661
1953
806
4127
672
5732
2325
1751
3565
4879
3143
1628
4120
3552
7446
5450
6413
2655
2545
5513
7917
7256
2232
3487
5681
5816
6348
5591
2085
1256
2996
5071
6924
7328
6134
7834
1254
3844
5044
7218
373
3017
8179
1621
6179
4086
4192
342
3732
5629
3314
1774
6820
6962
1992
752
3635
5261
1068
5841
1192
6029
8564
7597
427
6145
7255
121
8118
5540
2196
5949
3076
3492
5150
8747
7813
8631
3751
4900
4380
8262
2177
2320
3188
1071
8141
4308
3876
911
1336
206
2378
5147
3164
1721
8722
5315
515
6520
6938
2885
3567
1456
4117
3798
