356
180
296
0
201
285
371
117
75
53
352
298
78
46
238
146
230
377
79
138
215
384
164
328
103
224
86
222
294
8
259
65
96
293
281
266
91
276
143
380
148
125
344
373
217
185
43
93
345
150
196
320
170
13
254
56
368
129
159
5
73
310
375
220
226
329
1
398
94
69
193
240
262
314
283
184
395
128
168
270
341
390
121
279
211
322
346
339
297
44
36
155
307
60
280
369
120
104
72
225
48
342
241
118
271
178
237
253
231
194
25
191
141
326
161
113
383
40
306
233
343
63
340
242
127
324
198
111
30
388
179
278
175
186
258
267
99
200
76
71
17
316
49
331
144
286
47
115
84
12
59
338
23
45
323
359
212
21
92
304
2
203
95
205
288
31
151
82
58
132
227
397
277
358
108
123
171
315
325
376
357
188
105
289
10
14
300
154
232
27
64
192
119
268
282
187
332
367
235
350
363
379
365
202
85
172
336
386
136
102
214
142
301
106
228
305
348
387
197
51
295
116
114
162
372
90
54
309
318
32
190
364
244
3
291
