219
63
369
20
378
370
233
339
19
279
122
145
17
147
210
8
116
100
295
90
25
243
315
22
265
218
264
111
245
330
158
94
363
205
374
32
392
209
141
347
344
362
177
166
385
355
215
224
119
200
1
222
235
16
253
192
176
299
137
185
226
257
13
173
41
187
95
276
191
58
280
324
71
84
207
277
391
383
229
232
323
312
136
169
174
172
59
335
183
212
214
338
126
322
379
54
390
75
349
117
216
184
263
194
152
303
91
168
51
135
92
39
138
246
2
321
332
350
228
311
296
164
12
373
291
366
297
341
81
130
237
199
227
197
144
146
220
300
398
286
175
334
317
82
15
316
115
26
358
396
125
163
9
114
76
44
140
285
107
156
36
206
133
47
10
310
372
251
327
360
30
73
250
134
282
154
160
101
252
0
256
74
65
236
193
42
337
308
14
249
31
325
53
11
52
98
345
50
239
331
208
389
45
301
113
231
6
244
302
108
225
189
328
352
40
99
132
127
394
357
298
386
77
376
179
186
88
150
161
346
326
361
343
86
123
