184
222
346
280
199
286
157
59
110
133
2
348
104
396
125
144
106
129
169
310
347
341
63
111
141
327
392
234
76
20
13
172
43
332
397
146
256
5
385
62
290
236
77
302
232
206
235
252
94
55
38
200
140
89
168
14
308
107
58
379
207
82
211
334
223
72
34
112
193
343
376
160
228
117
395
175
345
202
101
18
282
84
338
64
147
317
92
32
186
349
17
398
393
139
375
0
194
394
264
309
28
245
251
153
270
103
314
390
46
75
354
16
261
340
203
279
370
249
312
91
11
115
300
154
291
269
288
130
374
293
344
45
1
305
35
48
323
266
132
360
60
87
136
56
337
262
257
85
238
260
22
164
134
70
382
181
65
61
357
120
122
67
27
192
215
265
383
25
170
218
10
171
213
378
73
135
180
118
306
248
380
97
214
289
221
33
114
96
387
225
187
237
40
78
155
149
41
353
351
388
173
166
278
143
368
267
321
29
124
21
328
128
131
350
57
198
226
230
31
274
258
333
216
179
363
165
322
109
174
126
71
299
196
241
195
