11757
24104
16046
26836
35419
2457
28935
32124
16663
4770
20047
9346
34372
32307
1139
4991
17029
36930
17831
32004
3740
494
3226
11133
23014
23119
5180
31492
22024
24575
22175
4126
18574
29687
30554
36648
24889
3310
10678
32107
13852
14116
24614
10475
21756
37792
35273
16039
23376
26774
21022
19549
3975
21759
8434
4384
29041
4570
19695
8342
4522
3610
19530
12482
14843
6378
4149
15102
1315
21189
36424
35620
35401
35046
11874
22800
37398
21940
22355
23464
17840
28488
22937
35038
21442
27294
15123
23475
28580
11442
12762
4179
37270
6792
8686
16036
6647
13932
24490
13796
24421
37338
200
19337
21577
32454
5121
19267
34122
30236
26596
38957
22152
87
17257
24193
29324
26327
13744
31453
4950
9995
15607
13272
21791
3377
21091
30455
39119
35049
38724
19012
22121
35082
23427
8223
13189
14420
7479
31837
14088
39015
18928
11273
28997
31180
16250
11537
33063
3339
4908
19187
16524
35475
25773
37887
36440
22063
10411
5278
13131
19978
37349
456
33599
16659
30001
28746
23503
24093
7944
2786
17066
15552
4479
28587
25795
2211
701
27679
5497
14298
19129
16764
34278
26828
14225
23715
30819
1815
10002
10788
26326
36344
22845
4775
2044
20317
17653
26027
3095
31079
6708
27550
6419
7863
16062
33874
28130
26710
29033
29902
12712
36012
6125
14874
19206
6143
32252
7472
35460
34485
13538
16522
16431
242
19173
24131
28842
13201
17886
25600
8993
11666
34155
25800
22844
33433
32049
34954
33684
19288
23387
30050
13784
23981
9445
23060
28636
10859
13887
31337
2639
10725
17887
15427
7074
13701
24447
1586
37733
18056
30597
2764
27831
22053
12949
30506
97
11776
25276
35109
32548
35550
14066
465
7386
29535
18545
29322
19534
9021
36094
27211
24616
22847
38735
17251
32740
12018
19202
30172
26582
26616
24864
35139
4720
32195
18797
12860
37661
34621
19711
11419
16315
30902
32714
5543
22888
7579
7537
31855
7154
2375
31503
13860
4485
10182
12597
4007
9876
38079
7736
25783
10354
34128
18481
28585
28252
11125
23914
27573
23373
12346
16787
25355
11676
29905
14977
15303
37295
20480
34730
8321
9809
32288
29075
8262
26124
12261
34828
14091
18209
9075
25523
19417
25038
16412
28056
27368
9632
31871
35995
11557
34243
7676
11970
25821
37909
30252
30245
13057
5237
27905
16146
5130
19789
34562
6379
22034
4426
23423
26279
38863
17310
3411
16684
19080
21448
4633
10402
11204
15529
35328
8348
12037
27660
33239
30323
15343
28158
22478
20066
31620
11179
11527
24363
15075
17572
12585
22055
26639
20542
28570
18577
25597
21737
33552
4660
29078
18212
18425
12797
13088
14899
24888
9216
24769
2888
20845
26422
3224
20152
30150
24653
13317
26641
26927
23148
13119
2130
13117
29412
9152
32100
34790
39046
18466
14702
28948
25227
22216
25799
17864
36876
22750
17575
34296
949
5019
34836
23673
13298
28929
23268
12232
38108
15080
11606
11350
12857
28650
27891
3996
28235
24156
10492
18282
37495
22699
33762
16137
37324
32266
23875
22849
16647
17245
36074
8524
38242
17459
21007
26878
9552
16268
31299
8036
19163
34567
26939
33213
23886
12915
34017
19198
23650
24446
20769
34274
35986
38551
16679
27504
37198
2605
14536
2340
33435
22952
26889
6172
5901
37185
12631
17972
26549
1834
19706
22066
23348
11721
5005
6467
18488
12521
31980
20251
18214
26868
32149
26700
16432
37822
18626
21115
15748
24197
11181
3734
34720
36149
15163
18368
37200
26652
19658
4310
21932
30848
13346
24759
30604
25847
19607
25245
7680
25374
31361
38817
35270
19347
6429
28777
24251
28505
21858
32768
32074
37366
23782
13426
5152
27251
20028
26165
9448
26758
21275
25230
6245
1678
26241
33851
574
13742
2285
5861
31012
20944
20289
14546
15313
29168
22419
35719
19525
12862
7501
33029
26727
22223
18310
4107
13908
3625
17807
9468
19241
25204
6954
29120
6931
31944
22079
18990
24338
34749
26556
37409
18717
4064
31650
8374
3977
27457
28219
14191
9904
7710
9392
34925
3413
19537
10835
31749
33728
4201
26770
13669
37545
15674
27884
26219
38536
20300
6661
24509
2788
855
6563
9081
38765
25273
28577
11
31001
31312
22227
32422
26092
13582
15839
2525
18103
31053
12203
26994
11208
3575
38547
393
15336
13616
23194
7808
712
12591
27499
1300
29278
5144
20539
33636
16472
34833
29642
12510
38926
24958
36215
38859
22075
1484
28423
22718
25434
29186
14865
31145
3231
9962
38963
26818
579
24860
35474
20290
7108
22989
27714
23792
34387
3807
25378
16718
13023
23283
37485
5770
18802
19471
31276
11409
7726
36102
713
4257
30343
12739
18300
637
2563
10248
32673
20571
20163
27010
13903
12032
6892
29832
16874
29451
9436
34593
12736
15966
13596
13659
15883
38222
1327
22043
3103
27575
8634
27588
2148
8408
5033
36163
38562
13159
30080
32137
16143
31027
38490
19034
29580
10999
591
22356
4321
11074
10178
1262
38939
5674
2070
32895
30587
31410
13363
3926
8026
15843
15536
30169
28822
14978
24674
30467
17299
8782
38323
6278
8340
546
36962
27391
13238
17961
14184
16278
29401
15101
11595
29713
18280
23769
25003
38392
7663
16050
23849
8165
25122
34304
1239
11046
8543
34918
31904
10044
9096
34701
25203
36532
20503
25114
36519
26313
1854
12988
10711
38887
12983
21856
26984
21194
5210
13270
27156
15974
730
26217
37427
36069
33451
951
724
38453
35052
33169
12377
11098
34434
31959
39060
15492
35010
15813
27082
16847
21654
16342
19983
487
900
37778
37928
16654
38448
3861
23231
7744
3084
18347
36181
6616
7344
420
4794
27200
30991
26820
25787
26250
7875
5037
8442
11213
5119
31914
8637
8827
20620
17380
10669
8937
20224
35409
18482
24346
3757
37223
35744
32767
15031
20218
21578
20893
21405
24426
28147
11567
33756
7806
4620
8917
16506
26080
16569
32355
762
31680
23922
15892
32504
12000
4469
4496
22978
34220
38731
36456
36737
38837
13228
38143
11689
10118
35489
15634
32625
10882
9443
35951
13861
12155
7970
13628
3040
24729
13046
5051
7009
11535
17516
22808
34864
10209
22395
25700
32718
14369
7047
21338
13357
12217
36469
29515
2579
4888
27463
25746
20587
23697
14906
16291
13212
33994
2338
23146
19655
18849
29755
11534
6136
9939
13783
22833
5563
17481
38918
35561
38943
33
9688
2023
9670
18162
11836
22654
1872
16907
16230
16747
31334
5441
23173
2577
11428
6578
25780
25991
38557
30893
17447
34944
31107
19056
34854
24894
7430
19939
28214
14891
32671
15653
38655
21314
24515
20220
16040
12104
38333
32376
6183
19319
35731
28536
28015
984
23218
25629
7880
35297
5287
16195
164
30210
17386
31363
16106
11229
32170
2892
297
27395
34366
31178
35444
26737
2273
36470
5564
9465
33709
1445
14764
4086
4014
9592
35163
31211
2785
26653
1954
23472
25604
5944
24971
19312
25347
35224
29820
2109
39102
25602
7862
15325
38112
4907
22338
11323
28513
36028
28427
37798
3681
3635
30744
14190
7054
36665
11787
10514
15894
35396
31482
15453
10511
2968
3890
29429
17076
21740
17758
17937
27871
34709
11311
13422
34958
31911
32038
23320
4181
27141
19032
19570
30075
328
36575
18304
17656
2948
20143
36866
30229
7968
28363
13901
15026
22115
33682
22130
15100
16483
38447
16032
26736
32833
32697
992
11478
17264
37805
2000
35956
16969
1993
10556
33380
29005
10089
2775
14324
25373
10485
9115
5240
25048
24525
33873
29914
12208
38091
33322
15111
28980
11687
19076
15565
1006
17638
9028
10448
35800
2460
19113
9826
3857
1297
11865
7215
20660
1957
7960
16520
12888
13947
17953
21849
20670
27295
1918
23990
38455
30089
11506
36051
425
6220
6440
19995
23159
38561
28589
15902
34153
26306
6269
2539
23257
16178
24498
23176
3850
3244
9287
21389
27819
3047
14114
8509
12706
13072
23144
14510
7494
27441
7299
36936
9207
17372
10431
20605
2878
4813
24395
18618
1748
5140
11723
9816
32028
36578
16666
34931
3750
37771
20575
35673
2168
33892
6468
33793
21210
29604
20307
36210
16196
30790
27213
14291
17355
8651
17605
22741
23985
4012
15251
2729
10107
3748
544
8152
23309
23384
36931
2474
15329
31569
3475
35628
35005
23267
409
6784
7
23061
32083
36872
28657
17376
14501
7059
830
2836
759
39075
5855
26674
26971
35665
12646
20281
22707
38626
31573
2614
5405
36935
16309
29143
24664
35572
19542
36387
3381
1952
6330
14518
20940
21370
23465
2667
2905
38058
32133
2870
18677
16001
26651
9971
23690
29619
6555
21422
33972
12560
3398
10085
4796
33984
10484
15762
32037
277
29842
2961
38874
14855
13339
24372
12425
12373
34729
16439
17815
29932
7974
31983
34285
24806
34031
28750
19060
21468
17520
1769
19725
21072
32
9803
30557
27507
14449
3784
23829
36375
13069
15152
10261
22352
4758
6389
6268
23082
16208
2719
9696
19535
33763
16168
3447
28778
36330
28915
31991
30362
4602
25154
15124
8353
37381
8808
18753
20145
28627
15266
29055
16862
38360
26035
38412
38057
4645
27616
32745
4058
7302
31223
35071
20088
38929
26894
16971
16566
31657
16236
8811
4856
5522
30664
235
37209
32972
6719
19334
2282
26743
33471
38196
28734
15165
23169
3161
143
21782
9192
10580
11206
5722
36708
35149
36040
33791
14999
23855
11138
863
22123
38529
18522
24834
31080
22006
36686
1963
33848
6484
4171
23978
21382
26134
25803
14061
27278
24315
12110
28709
30986
11948
32813
31289
30044
28107
36626
37509
36378
38441
15905
37184
18041
13774
27199
29576
28000
30581
1776
202
37622
18864
2454
31115
22474
36973
34263
28285
782
38976
27954
20898
1417
34222
34660
13977
51
36434
2186
27456
14268
37500
2799
2692
3254
33966
7994
9064
25624
22619
18935
24414
19878
21664
27153
30706
27606
38537
5588
6688
26163
6868
24189
25781
33077
8161
17220
8439
17715
4678
1742
34893
14528
16304
30079
2300
13620
23436
28335
4195
23025
17049
36670
22897
18264
24322
20878
24938
15938
9365
2152
19884
395
18208
6902
32778
11736
38640
1900
14637
30152
29791
26725
21806
22187
33604
8513
5605
4586
31254
12531
31313
25581
32701
16879
3307
4328
39082
30247
4502
28956
31933
11287
28787
8014
29724
18493
16352
16171
32582
35730
23338
24812
31741
35461
38696
34390
34044
3687
15666
21779
30221
32290
14246
29747
7144
17921
10536
3539
17044
28095
34912
956
9202
10110
31558
16708
2749
12907
923
16365
3535
19728
28651
13158
29887
12086
30030
10634
14383
35367
14170
22748
27404
18171
20952
22689
9660
19428
14861
26945
21056
12549
31576
21473
36520
15629
13475
37471
6223
33767
9177
34605
2493
17676
4234
14743
7339
14606
3305
1797
25380
2960
16158
25423
34246
5072
6929
7028
10759
21133
4551
17829
654
13944
24001
3906
10931
28869
17783
6373
13868
24373
13559
33085
19232
34572
24326
9842
14158
31861
22846
9030
4114
29678
28195
35483
3523
1272
9427
32017
34851
34209
20704
13421
13933
11548
28718
33642
31961
26570
5322
6210
27192
36778
10636
38533
31629
26976
18997
22153
30237
18398
37012
38623
27291
34647
21522
20156
38378
27242
37147
1342
33826
31919
23564
12827
21255
24722
19311
656
9432
26919
21950
37868
26042
23936
20589
7932
29574
27523
33108
17231
11451
34173
5895
5430
2500
36483
18123
3688
28041
16116
5353
31936
25693
4938
22876
15447
1856
26143
24105
21875
23788
14105
2538
17429
29871
34761
22658
12202
33706
13537
28289
17142
23516
15933
14506
23902
17238
35225
34007
36307
3213
33653
33062
13968
33009
7282
7410
1617
12388
30070
24180
9510
8832
7807
7069
26810
32176
16505
23265
13649
33948
21764
5637
8959
230
18118
34218
10344
25723
1174
7782
11146
14959
24125
18940
24662
20036
6806
24767
18404
475
9046
30685
24082
27473
18796
1226
29082
32236
34822
28565
37116
2259
4417
10028
15842
6042
16056
28534
16262
12100
1929
22217
11057
32482
32672
31953
9489
30130
5154
10253
21784
11080
19265
14396
31880
34078
24454
2671
35292
513
27171
28301
27061
6598
3487
2533
22980
352
24410
3522
38002
12392
225
36418
5047
205
34796
22782
9623
33013
11489
32253
29537
37655
16841
3448
34760
424
38930
18087
36029
6798
38736
8633
1642
1533
1597
8713
28248
23097
106
13709
32367
16486
18176
24116
6522
23016
23207
27160
29421
23776
6870
10390
7594
20681
20426
11533
38046
11150
15342
19321
4052
24652
32089
29353
14251
28407
3400
17879
13729
15177
11036
33974
8183
32776
17902
339
29001
4836
14591
31792
36593
30225
36538
28992
16031
16917
13762
17591
28656
11139
6926
28039
25551
33475
2131
21556
37157
6650
19124
2225
20846
22860
14397
27632
11959
31840
10274
8616
31654
31830
25029
26934
22202
8636
21441
24803
36092
20375
7778
26419
9398
13008
11563
25703
13130
4506
22082
16223
30195
14969
13205
31930
20386
8985
14309
38491
882
36861
17039
29808
11941
7936
36241
32596
23759
31647
31005
15865
34663
12316
13199
36760
1532
19642
9377
1727
37812
32275
37811
31659
22328
2863
21064
26454
13331
33752
5105
7462
30684
24219
19451
19536
15716
30148
33834
23166
37325
35977
975
10206
15515
20048
9569
30676
2843
10046
33897
16159
33439
24493
6079
3296
28625
37212
35277
31025
26096
24340
16407
20768
24903
22311
19335
5110
32484
31875
35150
28966
35610
23355
6068
34724
17747
31662
5203
10389
5364
9941
4693
28104
12119
6552
21095
28076
7957
145
8493
17060
5023
35994
24476
30186
37299
30076
6135
14432
35735
13817
140
13031
33672
35767
28372
12874
1936
13304
13985
38675
33697
2238
24273
8602
37195
38118
2909
11887
13856
20995
31336
8734
5264
17951
25278
34999
37858
21767
4718
5628
11147
3136
26886
31232
28846
26295
6952
6206
6777
15010
5423
25269
33434
3079
37242
31281
15862
21187
32161
2178
12974
36566
24853
10337
11762
23845
26950
5447
10076
19002
36436
6830
33205
20084
19275
33503
27339
34691
11039
18478
11659
15110
11852
8230
26335
33560
11242
18682
12630
28190
29158
25817
17479
2574
28204
9108
34811
14036
33757
31497
1025
20089
30259
3964
5965
14001
32276
21727
22918
33190
17736
33507
20291
22762
7505
15728
19346
24176
15198
15456
1943
3021
22150
36406
6744
11842
15554
28055
34531
23604
25574
32791
16034
38470
19263
26063
3481
38716
33721
20691
953
11356
5094
14175
24103
31407
7334
30067
4039
23462
36016
35041
9972
15239
11785
19494
13411
9262
32741
14760
26846
2452
32898
220
35373
3209
13463
1431
24141
24417
28690
10562
16295
11996
36600
15759
37688
28436
20906
10626
32042
14151
3174
16966
1152
12139
36478
19383
16739
3817
3841
27681
12333
25082
28014
26931
10997
9059
21191
8631
32018
36000
30966
24835
18850
28406
3163
18381
37563
30057
5586
22178
12664
12886
19620
34779
27446
38213
28583
25922
30611
24418
15623
26048
30928
9146
34063
2616
33294
14754
33350
8440
38507
36343
26634
12336
37009
27201
3749
19734
28031
23818
28169
19213
23658
6740
15497
20919
16798
21695
30265
4684
14339
14278
28400
28617
31075
31291
21918
17894
15477
4488
15346
15564
34157
3923
20500
7803
13123
19172
659
25079
8410
38880
33827
35564
4941
25973
2389
33780
27352
16806
37235
31029
31817
14284
1464
8839
27713
8252
4514
23846
12920
31623
31848
30417
33218
10403
25552
2384
18729
36953
21686
3089
33918
18910
21799
21068
16442
5071
32944
28124
31259
26791
37114
30357
12719
34951
30921
13172
4170
25528
29983
21712
21458
20936
31831
34597
18177
29403
36539
16311
541
21957
33220
7507
25940
21330
19435
18207
35574
23153
16936
16665
8131
37656
5913
34554
8933
37580
4074
17353
25482
13125
37931
15922
25413
35981
22785
20761
25480
35054
12150
1001
31357
27433
7245
31076
27176
25813
15302
5769
4118
3335
14569
13413
20554
34002
39081
29221
1998
34421
25037
37549
33033
3438
22298
24381
7568
31082
38585
14514
1849
7073
35758
12486
11396
3928
36091
32908
10786
30567
18662
38350
1160
22636
22789
10258
8245
9781
25508
33421
15226
22104
5472
20622
18019
11332
947
21088
2406
10569
7229
18944
15923
15512
23202
26467
38432
19388
18318
23571
35849
18588
1653
25411
17081
36978
8901
34342
12963
36696
23438
27734
37965
34512
28707
11772
37048
36201
36833
5915
18734
7820
33076
13578
7311
9167
2694
24657
28336
6890
29368
4808
35848
3835
27900
1925
4810
13704
25292
25791
1883
14352
13752
26046
35261
7321
38276
6358
2736
33523
35941
37148
5921
19757
32441
9268
6666
