29031
4781
21424
36247
36474
29077
1617
36604
9205
30990
20083
21956
15549
26771
21696
15594
38604
12200
5730
13004
15286
4942
21055
30614
36733
33703
12526
4008
30375
11613
25759
6556
17210
12114
23084
24417
4055
19429
7420
30586
9999
19664
34975
5573
24197
3795
25885
14352
1567
31167
8702
38102
24080
5886
18802
2766
21399
280
35659
14554
3179
31298
328
4069
3730
29450
24662
32198
16706
1880
18541
5258
30457
26862
29289
648
29864
35189
6112
13909
32303
38026
7319
11894
1165
22656
8773
19019
13808
27886
2160
22370
30888
24290
29175
12729
14209
27287
11719
16590
19506
5465
14234
267
5799
19569
7973
19903
11462
27011
26952
32986
37755
15542
25051
9537
6693
6849
10363
7655
32598
3705
12262
29557
31677
22939
7364
5988
24151
18330
31654
21647
25451
4726
1974
8098
12878
2537
12435
17197
8057
7224
9843
11743
14079
36724
14129
861
33395
22092
3689
20873
4729
24411
20391
5363
21121
15708
13696
13340
7448
38924
35838
15712
2923
25071
23951
35693
6916
20787
6384
2291
18483
2845
23785
30772
11635
2999
2573
33158
8574
5303
9025
26763
21527
35687
3019
13389
16277
36723
38243
32067
7514
5712
37158
33101
5566
14812
25854
11818
36359
22987
3063
21964
1553
36311
33542
7244
31106
3094
32340
6985
8067
24925
2021
22929
6793
37408
36550
7398
34672
8532
34274
20079
11482
10611
17935
36736
34902
14661
4504
14351
29338
16899
29744
11958
33311
1794
20758
11546
4012
5658
31131
19097
8541
37323
6750
8207
18036
29847
35796
34960
17725
27056
15629
14325
24423
10257
25941
18373
34350
33203
817
4954
12872
15484
22203
17358
15639
9837
21922
13206
24317
9771
28841
36762
26431
22270
16052
10477
8958
34633
14850
1896
11690
8691
14780
25863
34231
31856
24858
9090
32565
5016
27324
29259
30764
4124
5559
14917
9647
17642
10780
7314
680
13602
2612
6018
36286
26406
36757
16416
11871
5308
8770
23108
27320
6097
32609
28043
4245
11572
3303
20416
15262
6593
26524
26825
30818
2945
32781
21002
37115
11654
33694
16317
21880
10932
26070
33951
452
4065
36948
21383
32259
4549
22556
36079
4575
17120
14691
655
17163
31531
14101
34563
37489
36726
9164
30861
36533
3320
21282
12818
5777
38986
22958
22097
16789
25491
19512
26592
4508
15431
36834
9702
37308
16063
2937
33949
10997
5187
29988
31597
149
38011
8680
34521
20591
22208
28882
28016
31076
22457
834
31813
19554
21450
29634
10952
16506
18890
36847
24637
893
6114
16698
26705
17078
34814
12638
20093
1815
9666
34575
1837
35158
10620
25032
27438
7181
25101
1438
3371
24811
14426
29430
15557
26014
20106
1427
35556
12894
29062
13263
8275
9935
10870
2451
20927
28492
1898
17113
8699
22650
37144
165
24336
9284
24716
24765
24954
12984
6227
37375
31380
30779
26581
37503
1789
36423
16434
29947
29037
31508
7516
30184
17619
11683
3337
16232
3427
431
23647
13927
29984
36205
20800
21480
17677
28960
34639
34895
25234
25522
17797
22218
18245
564
30486
36708
8518
16736
29556
21670
20675
27317
19975
22895
8903
10771
12981
10455
38106
4861
36583
31570
36635
16021
24148
783
1208
5064
19236
13087
16524
6609
33573
1726
16942
11828
30418
8841
26770
34224
37764
15117
19522
37558
10974
21275
24550
583
4830
35427
24832
35528
37302
19871
20525
1118
11972
2922
23511
22291
24888
19745
15419
36794
17041
17556
26773
5364
16468
6837
34871
13052
35159
22325
23789
14030
9736
26633
4589
4532
22112
10724
29927
30687
1361
12938
7132
10280
14290
10008
9745
31169
30953
6910
29878
33690
21470
32241
33272
21716
19961
33872
16185
30296
153
25131
9922
38904
8654
21805
11884
19640
28222
13961
29671
31044
2873
38159
11912
25318
28671
3114
33939
1367
7334
36738
5701
16737
30447
3340
12657
3974
31451
18849
27642
10832
35171
7106
26408
25007
24070
23926
31592
34444
31759
9243
10205
20376
12110
29281
1231
1624
35852
24629
24037
34146
33294
31672
25919
8649
20518
18391
23278
15699
19949
9624
30831
16585
1651
35362
5935
1996
15889
35526
20390
22479
23169
901
32532
19935
3419
19252
14696
22744
12402
27780
29669
33861
6629
2831
25527
5343
15110
2492
1227
14399
30960
22335
3651
12427
30047
30672
19172
12522
17337
27399
23091
18518
2375
37048
17813
24022
22609
7995
25382
32523
3706
29581
18770
32475
32760
12328
26012
8786
37052
508
6030
5676
2050
37392
20610
4741
3459
16141
13205
26295
37316
22101
14582
15433
2779
5157
18909
36819
25618
20579
4250
8953
12988
23227
12373
3673
3307
17970
5985
23135
38851
31816
24961
31453
1589
32740
37614
20401
11242
27280
29444
18555
31035
28189
18855
34566
13964
35504
12807
8596
32132
30103
16849
1839
3619
1484
38479
37229
4010
22249
33780
21657
35204
30022
11280
25380
18428
16221
9868
16236
1926
11549
9840
965
36892
7474
12840
22835
38693
30122
6469
13386
21722
28765
13333
8024
14206
17651
37963
8188
10250
5261
19385
568
6600
548
2251
34603
37196
1261
16828
9577
32688
22995
36467
28311
23702
238
4439
4281
27592
33121
4911
34447
37570
26063
428
8932
15014
37191
9317
11375
1927
503
27877
7389
35034
1990
8893
9230
3541
6144
4057
36565
11514
16624
6209
2899
28608
15687
4786
27213
7079
15906
5370
25515
36395
29173
10189
20727
32122
23584
137
8477
33963
18344
3394
33086
14266
8576
38064
21644
24094
23807
19089
23261
13863
7896
17629
34349
12492
2434
17420
13181
9437
16939
8007
5366
36104
3134
33603
22177
29206
34305
34864
4657
13498
18815
3203
38355
16682
9212
22068
12268
38705
4767
37562
12772
33577
28459
1739
10659
18654
34179
2538
29605
32334
30696
34962
13588
36918
34792
27021
11939
4757
20725
3792
11862
31530
9001
12773
28562
25514
31510
35130
34520
20029
17495
16165
1349
18533
32134
12227
38915
290
37329
31137
26544
9386
10882
36672
28726
19595
32006
8738
1148
19249
14687
6352
18453
7746
15538
1525
38453
24390
14830
11545
2738
19167
19138
5008
29129
19125
37806
17548
22628
5394
30864
38933
23868
38701
37886
5284
5821
4019
36503
25860
8436
7674
6847
29320
1378
1057
8174
38292
13637
4015
35205
12154
19801
531
2373
32917
23411
419
24732
10355
28782
22975
31425
38708
6625
21701
18402
10181
19106
23226
32097
2834
18716
9058
27940
1157
25938
21074
30088
2
35880
2007
23613
7959
12442
37354
8961
31529
6481
4611
5033
37621
23272
30991
16260
31841
518
10105
18409
28984
25614
38098
29789
8066
11327
19204
36700
5540
36036
16187
9346
21300
32726
261
33399
9888
31006
13203
25299
28990
23041
32119
2700
838
25988
34190
37809
33530
29823
869
24035
9401
11005
37671
18037
7413
34541
1784
22073
17554
11662
16151
8873
34228
8941
2154
15310
20641
10656
8117
38817
23549
5974
16041
19500
16820
23456
25276
8523
8202
22135
7147
26262
22260
15228
38822
7077
9142
32242
4195
23504
14929
1557
31921
23838
13392
23828
1777
4170
6586
7401
27300
13233
9008
38458
29177
37286
1782
22825
38871
31822
18537
479
4018
9435
19804
31495
1404
38498
19832
6980
20251
2114
28456
12298
17924
6216
16623
9664
21407
36346
35762
20866
24149
23129
13652
24628
38445
26786
9277
36612
29337
35284
27076
32594
16692
33982
35966
6220
5848
14419
31105
2511
18974
8359
16494
19574
10909
30421
21724
28881
5889
17
37691
37210
25778
11941
7231
31666
12424
4487
13999
33492
27069
10848
10955
32264
2402
20118
36623
38149
34564
19670
8186
6899
14817
11985
30902
221
30294
31290
605
19421
6272
22672
9456
33140
33854
12449
37844
20637
8746
20511
7323
32695
8435
39091
20387
6100
13507
27694
7580
30860
25689
29312
29644
30556
28416
26474
32073
37368
23539
22121
33087
22517
3580
11114
21734
1776
32108
23523
27536
188
11223
12702
20223
14559
27232
8403
22770
11637
7294
34667
2420
15655
26909
30032
31601
14404
9442
18960
16370
15226
18064
4901
25974
12599
16308
37378
27086
34358
29782
629
30384
14505
18653
8810
28276
8195
10390
20466
6259
12820
10227
22819
19809
16773
6562
18743
27716
37988
32801
6907
26498
28093
4569
30837
18623
32037
5084
32265
13373
30492
20982
33480
4163
28051
33268
6955
14932
14973
13080
8618
25158
10612
38978
19431
22925
11445
26233
34590
30490
32923
32665
3952
30153
18478
17289
23206
30945
11225
21803
38139
10695
35422
23897
7682
22516
35452
8162
10602
23025
13971
39108
16518
31753
9811
27033
6161
16940
16772
17144
7041
24663
34303
7002
7083
4457
8815
27774
23309
15131
4206
12610
30082
22001
23210
6547
37734
33407
37628
8679
1936
5065
8004
25266
1333
3461
37916
2169
34489
11751
2800
19186
16070
11147
301
30433
1981
9556
28376
8645
21950
27760
10268
243
17577
33735
5055
18661
27600
28288
1306
20988
34351
29086
24591
29054
31116
8870
13510
9586
17858
26196
32840
21279
10414
2733
29540
12615
324
5924
7441
13325
10401
6851
12862
30554
15855
35297
35525
16979
10887
38256
8780
21730
38537
16495
35538
19063
16719
32023
12891
21939
34730
35782
21962
31662
37473
1840
22425
4363
16442
32453
14515
34936
1039
19994
19223
2545
34956
10770
11657
30326
18590
37548
31620
2299
25809
22058
28327
778
8665
9544
4212
25626
20191
23841
36201
36801
3050
4153
17411
4940
12351
38592
38522
23157
30136
236
37795
33932
17275
35594
12371
21194
997
19428
13334
1364
15662
21555
14244
36838
38939
1473
31646
2810
11018
3108
5381
12600
34131
12045
25717
5557
10797
17454
22667
32011
8990
14637
4958
12251
11816
14503
10434
6854
20291
26665
33714
24487
14444
4643
28364
18341
31721
12144
8531
37641
23715
14668
32324
30497
34198
13179
9743
25704
10125
36167
11783
5305
37300
21920
762
35565
2856
16921
589
6816
35258
28406
20397
10056
23224
21851
14307
14494
30589
2338
11257
14939
20038
8620
26591
11268
3343
36305
14688
7626
13238
15651
16854
12567
21425
7019
16671
3702
16240
13028
23770
26636
8462
4977
26232
13509
36989
35666
5646
2318
8050
24905
33731
2627
36591
23817
10279
15815
31604
14243
38636
13383
20020
20270
24516
21216
3815
20126
11882
16548
636
4067
26252
22577
17524
14463
4650
6906
23339
730
28011
28067
3024
26896
10135
32685
14647
14802
35533
6328
10479
18419
29786
12975
27866
24189
32906
17371
4482
4809
11911
24984
36163
25964
37553
39024
638
32675
20265
36293
17819
30685
23298
12145
25753
24522
15190
19790
7523
37227
25364
1919
18516
16638
19371
30880
7540
15779
13377
10310
28068
10066
12108
1340
12260
13034
32855
34025
14823
4640
24108
1511
31920
27180
26738
26957
24249
2803
2662
3951
2659
26409
35655
34208
4812
14397
22848
38538
22472
4355
29163
30608
20650
33835
23961
13804
15186
5902
15485
22401
11753
25950
28060
579
12576
20114
25899
36903
21257
4897
36831
27670
3068
36340
22365
782
16919
10777
15682
23981
203
25304
38585
29158
5443
9388
28272
11048
7999
32943
1448
6471
30607
4732
34113
10256
25884
25780
3799
10366
34760
26036
24917
9710
29048
23019
26182
24819
7778
14386
23907
5265
37138
10281
31132
6269
15617
13966
2020
23556
32238
13767
13553
7458
475
38433
38212
29979
141
33588
19269
10635
25655
37338
32571
9076
19951
27290
8062
29456
23689
31929
33344
2893
33798
3509
27263
10313
29863
2642
19288
22563
36781
10343
1225
9559
37984
18213
1068
26998
16775
19756
29948
34321
22598
36290
37981
13995
7936
37536
3066
22792
38796
17582
38185
29512
28432
10568
29492
10536
24405
22912
5103
23001
16467
38582
16572
29657
14184
670
26367
32896
9051
22197
2721
1983
228
6585
1498
2693
22292
29611
32719
1843
28001
1232
22144
12909
30543
38884
14528
2843
2210
9384
24297
16458
6286
17600
18257
2857
1365
25601
23491
15741
2323
10592
14376
11793
19027
29295
22143
5351
17229
485
36175
13069
38462
171
23560
14938
4561
38497
10905
3378
26177
26499
35777
8288
20921
23722
5069
34850
24060
10645
6478
9533
2104
29273
18280
6476
21998
37812
8182
8012
38838
24067
30252
18476
27157
25908
23866
6433
27678
29424
38809
11435
10117
32165
21878
6235
37618
2272
12529
16601
28775
24111
3605
3754
2507
18949
6417
254
21707
36896
24017
5045
22476
2544
15168
4263
11229
20572
16302
32398
27015
16569
13921
23980
7740
22968
24427
13641
4916
23449
10226
3306
27959
30460
26539
9059
35689
29944
33328
37704
38678
24013
35742
22663
18664
1517
8227
6542
33877
294
18570
31373
2310
31739
20842
3860
19449
5299
28854
474
21648
19367
13608
16129
6139
8419
2014
13045
2217
10817
7018
38374
12
26977
5205
29331
3719
31808
7804
25596
3314
476
19589
6285
19779
37209
26016
652
12918
32149
19412
30155
8325
30675
14797
29623
7596
6458
33090
8487
13175
36637
4224
9040
21020
9027
20389
4036
20095
15448
10836
31969
7728
2685
1817
25674
20953
16326
2467
15150
16732
35884
35673
14600
9902
14843
26029
10557
29751
25747
367
32941
1965
9111
30873
393
12317
9292
14291
27262
4025
27784
8349
13290
11808
36636
30392
19600
24924
13108
33188
30730
1763
7433
35904
18385
33279
15970
35461
12106
5334
3391
7630
3439
17791
1572
35804
8573
16427
36075
27690
17922
10292
26476
28019
6170
2131
28204
12024
14676
10238
28196
36836
9098
11303
10163
7962
8629
22305
18167
6846
11878
23723
6364
10153
6724
38270
17134
23312
33307
33526
3173
13293
35253
6064
4679
15125
5119
5189
17792
32239
662
793
1110
32932
3999
14660
9287
36150
13260
14302
35812
2968
15717
15644
21856
23609
29606
28822
7232
25171
3583
12300
23672
35965
10889
29814
38655
25693
8270
29018
12434
30165
19630
3276
6480
22164
2126
30145
6659
22779
10078
35288
14913
26337
24676
725
34593
1735
24561
31983
1821
15729
30657
17453
30352
30442
36157
22481
23543
6068
27424
19264
35340
9637
15831
34052
17300
2209
21601
1671
29371
4172
25106
28437
27034
24789
15795
16071
11971
11887
21133
22182
3013
25882
20786
5316
11625
12606
7621
17308
11336
3690
25436
7601
23735
23726
21942
34192
9595
5681
20246
20554
4352
28245
1336
20916
28558
18777
20938
6020
1471
27454
28055
22160
7852
4548
33851
31743
9930
15021
4948
544
30249
13785
25260
24696
17603
34866
14611
24087
30073
18692
28216
14735
2153
11499
17184
31858
29708
10875
7050
20951
27930
12202
22163
14903
35498
36549
6941
4130
30289
10866
32371
4602
22410
11804
3466
24170
33631
18588
10647
12378
10058
6375
34496
38156
34149
5784
13833
1512
8743
25713
31306
6817
15546
4947
29391
35365
10589
16291
8061
15113
37422
25789
3879
26066
11127
11426
8647
20006
710
38038
27449
32533
29453
26783
16276
11883
9864
21677
36327
27392
20544
32649
1416
25947
36690
1469
20207
111
27258
31538
28283
22783
37207
37617
23190
15609
33646
9496
12564
35066
30598
30508
16102
3913
32168
8087
1811
38767
38485
33071
851
32274
37736
20599
5162
10377
9418
28624
35722
13114
11523
18888
16591
21981
10252
16972
21575
20267
19646
26076
3086
9242
8968
12550
24320
8473
36203
37504
7974
24471
24117
24123
33286
22395
35058
12460
26118
20959
17211
25997
15898
6961
31389
8651
29098
36706
3794
6290
13195
8762
9797
17871
33067
14461
1934
23259
26298
38428
25820
5629
28548
15006
22569
27107
3037
11406
11630
4068
11766
25086
31082
33643
4896
5805
31075
962
36155
5215
19406
24867
13946
31772
37085
11789
31625
6423
5550
7267
8911
24379
17480
28008
23388
34649
28809
29327
25628
26390
2715
20280
21591
4699
38132
12081
805
8141
4598
23563
32734
21567
23909
12087
23687
14122
6630
32139
9601
5080
11314
4759
26682
35000
13689
4361
37074
5529
13654
22413
1122
8231
37539
7840
20594
4988
22343
25594
5655
26680
4041
22541
9341
16377
26533
10009
24659
38472
12662
35331
7361
36492
224
4618
23649
8768
15778
24058
28331
33647
6557
1150
4255
24567
5745
28687
14200
30745
1483
13265
22722
11161
38718
8052
25326
15608
33720
7098
18281
38046
21854
9903
32151
854
24773
19140
27588
9506
22882
16964
25447
8656
2666
24814
28956
27546
28501
3856
36042
5099
32519
24460
32548
28603
13930
30684
35127
11573
33661
1161
16529
38227
4073
9224
9809
9134
9157
32039
35398
36568
1816
27243
12304
25416
10945
38852
30952
18643
25420
21494
5791
1717
23133
21370
13890
15832
