24574
469
20717
38017
25262
24046
26318
13504
36105
28954
1806
33904
29954
19772
38244
11884
38796
38660
14211
12958
26528
25195
13228
28358
13333
29253
33183
24352
20220
258
27129
9342
5383
35804
478
11307
13254
5678
31707
31967
39055
20755
12296
5745
37932
32290
3799
11158
14916
36056
37006
32776
37381
1083
24696
4441
16848
35900
29746
26682
21529
690
11706
10962
8754
22062
3409
1429
22977
7712
12923
36976
16241
14475
15985
4470
27353
1398
33737
29781
6350
27902
17428
1861
19315
10339
12122
28146
36929
751
20744
5330
30593
13452
28685
36262
6080
14031
14262
17921
12411
10363
17538
23870
2890
22857
20656
10076
20405
14264
35459
6267
5986
11699
30486
12833
27406
15147
25594
3041
1227
21160
25386
15462
6219
17377
7004
37302
25060
29391
28866
32143
251
2788
35964
5495
33363
28110
4335
37110
24633
18520
6992
37509
5109
18331
12541
3629
27221
30085
10843
27706
21848
36487
25017
37397
35369
23603
33396
2706
12581
21618
7063
11504
18293
16296
19408
14958
9029
26479
20526
30985
30951
34786
24400
24945
18394
14035
24288
9210
12387
7567
36802
4278
30752
2402
3623
38395
13778
10486
23774
19455
32271
13225
18409
11839
11483
18726
7061
21299
32871
9098
7992
38226
31073
19411
33797
3422
11943
34250
29516
30326
33464
13316
33379
26288
20603
17311
8243
9800
24956
10158
14083
31875
9829
6039
19245
32686
37668
28395
14387
28356
14782
29257
31880
3867
30721
26992
24554
24161
18209
36218
29682
14977
5506
19965
36358
13963
11831
12820
28688
11262
22998
18351
13573
23516
28032
23563
28464
30638
36533
38698
33587
15684
7105
12553
31229
15749
30002
35234
28256
20097
414
8484
35299
31716
13623
22861
31019
2510
29712
29196
18153
25820
10948
38365
34465
28365
14336
755
28987
21255
34136
29305
9184
6320
18937
23322
37358
38668
6295
12899
2514
2263
30007
31730
34778
7550
8161
28379
1268
30472
194
4019
19023
356
27430
27713
21905
33495
12341
28977
14886
37504
7589
23578
38633
32289
20450
9143
16847
6668
28498
38826
6119
29310
38621
33924
8278
31
24553
32448
36502
33490
2044
7850
29907
33458
35994
13512
31331
12597
18654
31392
23899
35901
28013
8909
33459
21454
11139
31503
15850
2677
25483
35780
31420
5106
1897
33763
3016
5599
18647
23506
18029
15553
9850
19246
594
13054
34580
693
14121
3567
12641
19737
35167
34345
33014
36981
21620
20308
22561
2567
24122
505
12756
29760
35105
12702
37195
16420
5479
13021
22221
16086
29359
19700
16628
32247
8640
29091
8883
18678
13764
10880
13993
1626
27063
10597
29058
496
6569
3663
29327
2072
789
5705
2781
30313
36794
26726
33076
36050
27927
39025
13023
33734
27212
1579
24449
18639
31696
18601
12862
21921
4479
8222
31737
21050
20985
18273
4355
20902
11131
26097
9509
36144
26229
36997
15351
17310
16062
2784
841
21538
12303
12637
26027
3821
20228
5527
474
22731
27071
19442
22169
10082
16806
1555
9160
14000
24723
36953
8413
9776
23833
15285
20232
7820
35871
10709
13753
14380
21045
13140
17781
98
10796
10772
10056
13947
5721
3143
16070
8337
14114
2133
25488
35029
10320
4170
30317
28068
11222
24377
35884
32331
38433
32876
29531
18850
30171
17844
23734
34132
37638
14965
7383
7240
1852
20494
25940
22150
5661
3401
20269
23057
8806
35465
9491
23077
35941
9625
28065
11071
38453
16727
9962
12351
27836
28948
31349
7229
4489
21707
7177
26645
22000
10850
19144
23478
24746
33353
448
13402
18844
26125
22141
26293
5128
22117
15076
35615
25474
14209
14670
14732
29052
15900
30919
26132
20944
7915
13237
8119
30382
34590
36521
3453
31447
24228
3181
28784
25099
9216
25046
20536
22395
6013
15335
37072
22103
19613
22546
3931
38134
16613
30543
28671
9
17173
21348
35163
12764
12309
29261
17668
17955
12102
3557
7405
29389
19492
36187
13138
33155
7861
3827
3334
13671
34800
15173
13942
22095
14763
12202
18448
14731
14103
36457
18483
30931
20316
18193
38507
36355
17039
28741
7359
35749
15021
8953
21891
37230
7373
24321
14627
25945
3581
525
29855
2097
29687
933
10327
12265
26592
7614
2918
32651
21495
17225
34121
20641
14606
10043
20277
5019
13888
35683
14325
1320
19988
38789
36099
16319
10171
4168
6488
3339
38033
20064
11720
28619
14912
29604
38256
14864
18902
27073
25640
33173
36183
19337
38257
26266
36570
25217
33122
35571
17985
15317
33767
11629
20774
19615
7617
18234
36745
34762
27850
6689
3960
22509
30938
31259
37482
17909
7783
27383
31694
35595
9106
7150
1550
34685
24044
12365
6963
15826
3162
35080
2446
22904
16553
15334
31986
35988
15170
8762
32052
1025
6448
18317
5600
30906
7790
12399
21091
7886
19821
7948
10037
3147
1854
36537
3407
6474
14608
36556
15801
10221
30553
30074
23761
9230
7637
28241
24096
21878
19829
31776
38213
37517
28392
14284
17577
2235
8628
13206
25638
31992
25509
35867
22930
26450
12310
27600
26417
19345
31951
22282
24884
13998
8084
4612
22132
21621
36528
30048
24614
26722
3797
35735
7562
11318
16966
2893
19906
30434
5698
12550
19991
34745
11155
28628
24168
5239
16615
8547
8760
23908
31691
19505
20965
6804
5281
2323
14768
3161
17924
24047
28739
8582
26589
17352
7086
4681
17735
33110
34837
1710
8828
21633
16189
31729
29575
31830
20606
39008
18622
11812
17636
21690
38613
25020
30873
25402
11175
26404
37253
37289
4434
33718
12233
35336
37792
33227
16310
25370
35503
21376
30347
20762
30728
17763
27264
4408
23808
20406
4962
26719
11391
28456
9923
19064
8768
3543
14184
17376
33577
10438
13442
9435
9463
14467
34311
37398
17454
3537
36004
14537
28517
10712
35857
28716
28296
10192
27788
25183
7411
2320
13429
37729
13272
21445
1
36559
17172
2057
942
29318
17389
4631
38913
28744
17992
5467
9623
15473
8903
37123
14790
32034
15957
35914
32228
25216
29804
22929
30284
10413
16074
32004
31150
17966
17632
9073
1284
9380
37395
9852
25356
4942
10971
16275
31271
17655
3258
17793
1891
27015
17209
15823
33636
34151
8296
13146
7653
25802
27335
2806
13675
9323
35907
14203
18770
7936
30817
18752
2933
20043
28921
24433
13813
4553
26147
25932
10984
14900
30479
29520
36424
30804
6235
9021
21960
21976
29616
27985
10428
31511
11298
34993
4176
22654
25515
25279
17568
31438
22313
33751
38911
17123
29390
23564
29628
11981
6322
2244
16993
35575
29144
37760
14457
9570
29048
11711
14295
27944
13917
36398
7703
31102
21365
10272
8841
11191
24038
23606
29928
16267
38908
37011
37008
24583
27251
35752
22368
15036
14472
10935
37257
11410
17136
1857
3828
15266
15793
14989
27437
2381
28300
23586
39082
6076
5091
10945
37086
1030
2421
17233
16688
4911
10688
34372
21800
10383
8798
5219
38388
13137
1355
27591
24247
33484
26373
11529
25036
9153
6764
21088
1921
28692
2605
28646
16570
17546
21370
2468
17101
32898
19944
436
15356
36000
17218
11678
24852
13543
27513
28130
14639
17747
18939
8796
9647
34405
24589
31780
11172
15855
14666
12921
37071
8039
10681
27173
12651
31661
6472
29131
10338
30429
13905
982
3217
4872
38715
5900
2854
2522
22384
36738
31646
2155
14576
31579
25720
28851
16180
32599
36718
23313
4977
5704
4308
6504
31194
30530
75
898
1026
35475
24821
23054
14679
25063
890
14313
30542
15833
22643
36990
4853
7708
29579
29194
10108
20613
17016
12200
30786
15254
22810
11822
34648
6787
20246
5867
503
21635
13446
11299
4466
30934
2703
10314
1499
6735
31934
5716
34697
29124
10224
31857
22376
3027
15408
4055
31697
1091
21259
3915
11740
28826
143
5355
20535
28163
23752
1397
2324
31180
1767
28936
28718
34025
32048
11753
37918
22850
25797
28870
1514
37083
29416
24461
1336
37135
38171
36406
37737
5982
9897
2245
146
33759
34146
6457
24518
37974
12314
19867
9912
5098
24003
5829
5140
13252
30374
4916
32759
31956
30548
22203
7769
19449
33292
12907
15763
1279
3479
848
29732
16145
26327
4016
22024
30210
1374
9329
29958
6109
6614
17461
15742
13243
18170
23415
27613
12744
1193
31146
19957
34554
5751
12076
8265
26704
3991
11023
32208
12938
13352
12071
16626
17514
16176
19885
7844
26067
35618
24806
2093
7873
8239
9863
14920
5983
8350
9326
3028
29074
13562
36716
17449
12482
32986
27777
4562
11053
25019
4437
39024
24022
18778
29513
21566
2805
19397
2924
7375
6078
36284
28056
29042
31915
23789
7081
15520
14543
23728
7064
12994
4028
19457
38821
9312
7186
1877
20095
20915
38683
34147
19135
18452
10863
26285
13461
33086
19916
35451
22437
20354
16796
8976
25907
25567
4874
5578
24773
15681
4719
35145
27123
4933
28276
26488
4287
21430
35568
31567
12375
12831
20573
19104
23302
26777
14171
10692
14861
37391
36248
17977
9402
32582
16640
16539
33681
23457
1151
37547
33702
13748
13053
16146
2857
9531
25203
7557
4678
11588
15960
18806
18320
2173
34402
9594
2216
22774
21994
30729
14080
39044
22027
18853
9414
33094
22167
4507
16011
19604
12421
18021
9351
38536
30769
31832
23795
16126
256
12420
401
38665
14466
4079
24524
36607
17408
3319
22585
22906
312
20598
31086
24486
5566
30026
15096
11997
30214
7718
15723
398
5078
15658
34488
7015
13997
11430
14491
33343
33416
21571
7247
54
9787
3747
35310
23495
9622
629
15165
35004
11326
22294
32746
4150
26436
38392
36263
28614
2715
38589
1823
18526
11743
38320
16161
28572
12523
17963
21472
13143
21817
29218
25032
30279
14632
38424
22417
7930
26970
20310
6492
27433
7297
19286
26603
9942
33473
1662
26350
25561
27489
35309
34997
28787
3631
731
31196
31657
27159
37154
28419
11200
29589
5221
25082
36697
6383
18094
6286
2113
20980
1144
23199
11319
23427
28346
23632
21771
33330
18604
16271
35801
8992
29890
32422
16185
5917
18973
37549
14832
19887
4322
3483
12057
15310
38378
3655
19489
24974
35844
24948
34297
14881
1038
36046
3463
13251
4880
25837
24083
26913
7521
16542
31043
39090
10385
25516
19475
1615
37798
18611
14561
7459
37487
6983
7535
16473
22964
2868
10684
34638
2045
2556
5547
16280
12991
23778
12901
2388
33194
28680
882
6778
21084
15972
7605
9374
14783
33156
10500
31436
22486
14868
19202
25170
32656
37943
15898
21625
15035
9739
15328
22695
24512
38943
38358
2863
10212
5117
28431
2894
3972
28020
14254
19306
12086
11294
18984
27624
19049
35760
31672
9605
7731
34917
36327
18750
10223
11338
33462
24446
29477
9611
7591
13013
34510
34083
35624
29786
21925
22975
6247
30287
33769
14223
28232
24263
9464
18557
22504
6576
25873
1156
33398
7170
2041
5294
24902
35835
28095
9264
3634
10730
4873
19751
5891
36687
11070
37964
30265
11842
29592
29240
1053
35441
26044
37976
3774
33337
26462
32808
11082
14356
8689
16841
12804
1988
20490
27482
5454
25365
17358
10060
36941
13876
9790
9407
30251
36247
18899
12741
12215
32322
5565
30449
38691
16550
33918
17387
21955
26553
25002
26501
12371
32811
33221
5789
22824
9031
9898
306
6145
21246
12751
32565
34538
28940
10264
27862
21442
22057
29086
1360
29725
30243
33919
31687
885
11270
30061
15592
28521
30012
13328
5080
25605
34021
8027
23533
22108
9993
7025
4039
31650
35470
19622
38707
23190
27043
14573
23107
29387
2929
33185
25866
1972
35773
15753
29164
12974
36617
11217
9810
11434
3313
35921
31848
37348
2084
22510
15994
38877
29375
15671
33060
18747
21282
1774
6108
35077
24670
10195
5371
15380
31132
9815
1597
21607
6891
35224
15776
14629
6216
18641
3701
7184
18610
3218
23388
9547
36123
3725
35472
13596
13908
37991
10169
5419
26759
5944
15634
12952
34067
31961
25101
16702
1833
37740
990
5363
20807
13003
33870
28813
18245
10757
986
13119
830
9744
16720
24849
24817
15581
16767
15780
8427
37818
29510
8266
9820
21868
6029
6641
9105
30200
19946
12536
14196
19343
33235
13424
17082
1393
37917
36648
10881
37648
4542
5343
31853
23712
22741
19265
29146
4761
4442
36325
9598
11506
7799
4546
28708
8867
21715
31667
35519
10354
17609
30046
15307
17629
3600
10493
37400
3248
13188
25114
22828
16789
15268
31007
37251
4021
11015
6564
18467
814
31595
4225
26621
25949
2492
35484
11945
14538
8655
2282
36572
11054
2432
38368
7928
2126
26658
10894
31079
15111
4171
1177
13195
26508
22771
19091
13712
8049
27419
32698
4261
25505
7717
30883
37207
27832
9290
19258
24960
36824
28883
1689
25724
19182
10633
31772
16574
460
28270
5450
625
37544
8753
8495
1769
30063
34823
35619
3532
36992
12022
30192
19845
15019
37797
23570
17083
12982
36071
11749
9529
6038
18776
18826
14582
19385
17785
1046
455
24562
13654
15707
4368
19722
5125
35386
19779
1113
6677
25404
14453
36503
2123
6679
1132
19702
22982
14740
37553
26701
5147
17486
37643
33649
5408
36636
24488
17220
11176
7649
2117
2422
1126
7625
23702
32538
30809
29583
14846
17370
22348
25915
33871
21838
15436
10810
32662
19636
21918
37969
29476
36068
9283
15675
4970
32347
15505
9157
7474
13410
16152
19794
29686
23246
31350
32392
19226
24919
9348
15197
27011
7905
8571
21600
7339
23178
7545
30125
27007
27668
31355
14139
23863
24495
16467
25881
14510
27272
32995
28563
10209
9742
10420
37566
3824
31094
27416
9305
22038
20132
2210
4137
9938
35182
25833
34748
26403
8981
16332
22489
21063
28821
30668
8674
13341
34192
12370
5365
35156
8306
433
31184
32663
14107
3885
27326
7609
22449
10918
25092
27690
30116
26756
5070
38357
38356
31293
9661
23126
34329
37173
12678
29766
20788
23088
18460
38960
21812
26380
28684
533
248
11290
3857
14867
8850
2916
27042
37789
15420
27520
10152
15673
30336
24496
26748
2999
23536
31900
37716
36916
26978
34949
6083
4115
19180
21617
32370
20467
31797
26786
4275
34892
29189
36565
34117
33979
992
9075
8713
27588
8891
291
31706
32843
5873
21835
12557
679
30321
4688
17424
26480
12404
11013
38847
29736
28375
20182
16212
6861
14007
16253
12714
29739
5509
16698
30597
34085
14344
674
16762
34955
14776
4453
34943
8043
24142
10093
32359
29708
2793
37977
19198
9639
2019
12360
35481
27794
2690
36769
10328
17660
9773
20942
29101
24908
25968
23498
2518
13583
33901
24163
529
14428
316
34903
10902
28720
30107
16786
14127
28155
25646
14188
21178
1365
10804
23972
28704
20387
12512
24650
30388
5145
35210
11244
19278
14826
4869
17292
21330
30984
29946
23149
15390
9796
36877
19260
8089
31467
23095
4629
11357
7724
429
18859
31358
30401
31603
16460
3462
16318
17237
20411
4487
27622
13126
1385
28306
10802
3520
11606
37813
32529
21448
1337
24208
32695
13236
15041
6653
1103
12304
36873
1779
3327
37363
5847
27421
13611
38948
20588
16183
19956
19552
27688
13280
15068
9628
10247
49
38190
38769
1797
30667
17708
6117
25843
33090
7971
13787
6453
10910
35504
4188
12984
37858
25446
4050
17718
2407
5795
30590
32317
6069
28871
1057
32028
34314
12221
28398
319
38278
13929
36165
2589
20194
14690
27163
12869
31199
12859
4922
17943
25957
28810
14029
20273
14126
24980
14146
2508
35746
31527
22687
1052
32388
22035
38864
15312
34604
21319
24947
16913
24071
33271
23165
10341
31629
20561
20055
37281
32999
16675
12703
27289
15757
7523
28574
16231
7179
20628
9072
26469
3156
17287
27205
909
22782
28768
6527
28942
7092
842
24388
21140
1338
12385
28149
21509
6099
25537
18644
21619
24571
37228
14993
3439
13421
10136
3389
17717
26099
37614
6432
26830
27399
38192
10687
22309
7456
32409
33653
9528
5183
29402
17806
10263
2488
28187
20933
5892
7536
26923
29309
38048
12396
27303
13075
2099
38900
34483
12063
494
24920
4603
31611
14468
23951
32735
26012
29085
9853
14092
6775
6015
15626
34888
4096
1656
21333
23496
17182
12507
15000
22563
1831
24225
23440
1933
29749
36832
8833
14825
38036
24273
6330
21357
12758
34485
6000
26025
22272
7751
30099
23328
5180
36483
34335
22495
23310
2461
11581
653
6630
19280
37459
28541
15161
15393
26850
7324
27330
38381
4094
22134
25991
10986
8821
31907
35393
32913
26805
25691
33948
9603
23091
38730
24697
4904
38652
27806
33025
16362
5606
13117
28476
17734
23841
22122
28626
22780
25211
33607
11359
17325
30454
23059
32076
38967
38638
16996
37065
9239
26581
10246
31984
20914
5066
11572
20251
36232
38548
3716
