1142
7387
8074
5534
6134
2364
4499
2989
6488
1381
4621
8383
6755
4778
5677
2858
1209
3360
68
3696
5689
819
313
6264
8289
6530
2254
2666
4089
1314
7481
7947
4617
8232
1603
1553
1973
3718
897
6451
3396
1048
2257
5929
6248
6431
1657
5508
4441
4000
6560
3752
6750
3155
4011
6
6230
5663
2831
8441
3364
4614
8288
3284
2572
8235
2105
3412
8662
6840
7705
1328
5233
3594
3480
6656
2913
1302
5414
4955
122
1378
4030
7453
6521
1832
4146
1872
3273
7694
3685
2581
4432
8408
244
3059
4856
4246
6472
6819
4271
8172
519
1924
4434
2637
325
2002
3615
4222
295
8555
6453
5170
6582
885
4610
2727
6210
8115
7980
2121
2041
4493
4896
8675
8781
3024
2524
905
2999
7436
8563
1623
475
6989
7871
4977
5877
7139
7849
7377
4638
3520
360
2658
1670
3782
3690
642
7561
3967
8194
195
6901
1454
4909
4984
3664
6676
7095
6741
8227
1686
8184
2132
6161
3624
987
4131
7808
8465
1416
2334
5603
2752
4111
1479
2310
2931
4474
2020
2469
1475
3746
601
5593
7784
8398
1310
5234
1794
7975
855
6133
6686
7110
7669
6760
6712
1422
1945
3595
1595
4245
2147
7964
7517
854
5390
5710
5511
4967
6726
7022
5816
3296
1542
393
3536
5438
7117
3678
1143
2958
4822
5447
7425
2680
4168
1307
3158
306
5495
1771
5017
7149
5112
3606
4242
3517
5778
1588
4528
7257
4301
5184
6960
7063
5042
7836
3744
4415
4063
8655
2672
2220
5165
2894
4
6775
8447
3957
8771
1343
2444
8329
6842
8393
8716
6382
6987
4607
5829
5723
2338
1042
23
6776
5831
5671
1234
4027
1511
5787
6874
3094
4517
5024
3449
5322
1451
3370
8337
5518
1852
7725
7454
555
6095
523
880
4549
6033
7185
4724
1754
4106
7409
4390
478
4796
7921
3302
2574
7064
8305
7722
5903
121
8268
8314
5003
1392
8325
1064
3622
839
2873
3386
6380
2514
4426
6290
7394
5650
3099
7614
2093
8748
273
2326
7715
2118
5320
2544
5589
1003
113
8078
6868
4087
1706
3470
2452
6805
3038
6023
6386
8568
8022
1051
3286
7861
7239
3945
3711
3438
3689
6041
1144
6274
5902
2623
6243
3835
8170
6390
1574
6006
7077
3337
1515
6195
2260
2468
4780
2570
99
7893
4663
2078
2061
4875
4750
5047
5607
4077
1494
2051
2389
2501
5028
4197
7161
6046
6861
1175
563
3177
5815
927
5830
4777
7589
6907
3414
5115
4512
2245
2279
1476
1981
3261
643
5672
4497
6387
2159
759
1898
8625
3323
8371
6848
6577
1203
6276
93
8575
861
7225
3535
1183
6944
6681
2747
4204
4623
3873
7940
7261
5634
2137
106
7297
5383
723
3358
6864
8155
5227
6292
2401
5580
465
4270
7374
2855
6845
7267
3064
4910
5272
976
1384
4313
4648
3902
347
714
1255
944
928
876
8669
4141
2341
6358
2708
6854
1336
1923
1297
3499
5623
6565
4378
1704
3083
4439
3947
1041
8236
370
283
7773
1552
7170
1037
1875
5618
4320
2414
6513
6753
5154
6539
5262
1049
1054
2400
3494
1070
5595
25
281
3401
2961
4409
2085
8143
259
4843
1191
8323
6021
410
7335
7143
6902
5440
4689
8595
7115
8139
1717
7019
1816
177
6037
3573
5951
8732
7462
8265
8735
388
8118
8084
5522
3745
3492
357
3983
4372
288
119
2178
4065
2038
3604
61
371
2994
7961
8088
8286
3976
7072
3755
7876
5844
2081
8315
2889
5987
2964
2152
2492
6806
7513
6311
1997
4092
2303
6887
8364
5188
5769
3951
1773
3759
2319
5493
3120
4537
6954
3872
6764
7166
1738
4490
4898
170
7360
2665
5164
8125
4008
3374
5114
6457
2930
7391
3231
2327
8701
2441
7897
3417
5657
5777
7111
4727
8402
6909
8629
8017
3493
7145
7859
6376
6743
7057
8279
4998
8405
2993
7967
1713
6206
3634
1803
8175
8217
8713
2749
363
2662
7433
1781
4192
7048
299
5963
7592
5541
7496
399
4020
2659
8106
5940
7124
8585
6912
4133
4224
2269
6926
4865
8206
1177
6439
7927
3114
7000
3927
5490
4341
7781
3269
6013
2511
1253
6392
3357
3712
4322
2785
8242
2783
2336
222
7619
2806
4553
1541
4185
6424
2312
3018
2520
1799
6601
5449
8273
2259
7013
7506
420
6527
6897
2099
515
3527
6427
5427
8038
874
5009
4374
7028
3897
6891
3603
1354
4995
1822
5863
1340
1098
8597
5837
5856
3483
5846
1833
7712
3222
5577
8609
1338
6395
7653
4878
3431
2621
6938
3109
3220
111
2984
2560
1350
6758
8496
174
6032
3775
1141
6658
3870
3973
1932
896
1544
4693
8636
4650
8147
6419
5337
1269
7639
5551
2418
1964
2618
235
6908
826
8052
2753
1589
2879
1718
3956
6629
8561
995
5289
4161
3887
6279
4159
2277
5605
5387
8431
6631
8715
4217
909
8475
1148
2700
4183
8666
5858
2499
5105
3086
39
7479
2087
8687
8747
852
4351
578
5850
7809
904
7801
75
4163
3935
527
7818
7260
7495
7311
7044
4760
1874
7735
7743
1702
1034
7190
2122
652
3563
8166
2477
3931
2378
1490
1312
2106
5133
2992
3736
1426
6903
5454
7642
6407
8001
2715
7815
2116
294
863
4175
6714
1929
1218
6948
2410
701
2506
4323
4407
6495
7728
5095
1648
3715
6275
482
4970
7828
8174
2059
891
5363
3136
7943
5696
663
5362
4007
1935
4328
3105
6828
1812
1847
567
4373
2143
2982
6553
1834
5222
3683
6994
4358
3522
8045
5116
6393
1389
8415
7546
5670
36
5864
7420
5378
5880
544
127
5695
8333
2485
3631
6214
5620
4884
3304
5002
7456
4631
5895
4629
401
6136
7497
4288
4981
2411
3003
2839
8454
8019
1808
249
8261
7624
6982
4190
2759
4533
4071
84
3706
1311
7482
136
7854
489
4916
4948
2539
5601
6490
3941
1485
533
4577
3743
5204
4548
4894
1503
3626
2092
7958
7342
5525
6509
3985
4431
4976
7119
7992
2180
5423
2114
3719
5802
8455
4903
225
42
8742
7840
305
2679
5043
2151
3245
5701
3124
257
1739
5523
796
7243
2523
144
4968
7902
3498
7389
1927
6154
4127
7626
7071
181
7467
3905
5807
674
7217
4103
683
5772
7708
7616
2721
5662
1783
6268
6507
78
430
794
6651
1590
1323
6728
7357
3878
8246
7730
7935
6820
6853
377
6148
2432
3300
6561
1593
8223
8587
5742
8377
4050
3868
4207
3450
5581
8083
5323
3080
2387
3458
6738
5313
6412
1129
7211
7280
2712
1067
1
2720
265
4647
3257
568
784
5231
3345
1449
911
3459
8142
1938
4068
5552
2611
3048
4687
2103
838
2813
4710
5229
1278
7885
2202
5062
493
3963
6357
5195
8750
1649
3223
8738
5360
6070
414
6984
3448
8505
3116
3567
964
7544
7262
6811
3598
3950
4177
165
4430
3314
8186
5758
2525
7278
8549
1521
5136
507
4013
8342
4234
3549
4310
6860
2936
1742
708
1266
2627
947
8664
1058
787
5922
6142
5481
5646
5424
6613
5882
6398
81
5467
1251
1510
7309
2324
620
2265
2742
6641
7130
4560
6732
6695
7090
1193
7945
8573
1371
1522
4479
3242
6956
1461
4854
481
8353
8345
1569
8498
7919
6970
6643
8099
3760
936
2663
2604
5202
2412
7106
7707
1093
4501
3828
3487
63
1835
173
1635
6482
4108
4942
1017
2213
5210
2381
7212
3616
2048
3218
8267
4212
5450
7672
2748
5180
611
2812
8772
5384
3802
3168
4113
5539
7277
5489
8493
2558
921
3341
7748
6087
3138
6141
8511
1331
5549
6836
2605
400
1082
6350
1436
7557
3724
2494
6589
4056
4484
2394
853
7733
7263
1894
2823
6585
8169
5988
6149
3532
4935
1724
6081
3076
5357
4885
1840
5123
3161
1525
799
5735
6952
8427
6171
351
3642
2645
1081
8676
4209
3390
4375
4582
4835
1283
4575
7538
7786
8245
1534
7445
1878
3338
1611
6793
7402
1009
8708
5536
3800
7548
5743
4274
4656
3303
4887
2869
8154
8495
8249
2191
8332
7993
5293
1118
7835
1200
1759
1982
7956
4739
4937
3260
7594
3234
7789
8168
7049
2284
5137
3007
6035
6071
3525
1267
1059
647
7515
6677
6666
4214
7901
713
7136
2136
1509
7670
4427
3791
2777
8711
653
5599
7
7933
901
1130
5893
4093
1866
3964
4304
3824
7647
5586
3537
950
5704
7632
7911
8462
8241
4393
3063
6640
1417
2042
3445
7253
4842
406
8294
1863
5883
4657
8757
7382
2896
7646
1675
8248
5755
8328
6779
8307
3015
1661
3580
4293
2668
1421
7860
1394
4719
3073
7671
7196
6694
4874
8565
661
1701
8467
6122
5183
4010
6307
695
1548
4741
4986
3376
5340
7747
8303
4036
6167
6893
1372
1120
8108
1990
8690
631
8319
5809
2859
5629
665
8525
1071
2357
1353
6826
5267
8327
447
8603
5171
1694
3034
4669
3566
2696
4915
3288
8037
2109
2353
8657
5381
7073
7070
214
7062
5967
1169
7696
3306
7446
8367
3147
35
3271
6447
4682
3544
5535
6135
2229
1237
744
1410
5393
4423
6962
5819
3282
3635
7691
5556
2828
6252
1985
4811
762
6031
1614
6298
5970
8786
6941
7576
8202
8769
4277
2505
2745
6174
62
4892
7713
6567
1659
7514
7807
5446
1678
8361
3243
2690
3453
4723
3259
4852
1628
486
6234
4784
5973
3392
1020
2849
2474
6255
5857
5948
6733
3334
2472
6953
5004
6997
4095
7127
2636
6047
3041
8238
3709
3235
4114
5791
2247
3054
6306
6391
6271
7763
1386
4239
1900
2024
5085
1577
8686
7641
1036
8642
4691
1563
2537
554
1613
2476
2656
1895
3394
2490
8259
6435
2916
5097
3204
3619
7864
6465
8557
1845
4554
2842
7518
4615
8200
6144
1629
6172
2973
7209
650
7350
4586
3655
8254
8362
2547
6106
6660
3538
4963
7386
3876
3739
6304
5147
831
3169
822
8093
5578
8658
5993
3571
4145
324
5052
5827
4057
6123
1576
1899
5228
2526
2561
6025
3864
5957
4459
303
2333
7422
777
6734
115
8584
7928
8158
7720
4766
5207
2069
6607
4119
2190
1922
1172
7710
1025
3352
8048
6839
5805
2919
750
6965
37
4529
5412
5379
7492
903
3703
8380
387
5277
4110
2439
3929
4507
6514
5498
4985
7053
666
2569
3684
4581
6523
5630
199
1027
4421
6673
3165
438
8292
4048
6570
4227
5680
2639
7846
5845
3784
6704
5543
4795
8272
4399
625
806
4958
7731
8011
2532
4121
8234
6305
5909
3904
902
1021
1712
6543
514
1201
3648
2891
1517
8209
8545
7574
6958
5793
453
2942
2643
8007
1102
912
7604
2957
6192
6028
1539
6894
849
3798
1931
8298
5166
3674
2945
3128
811
3316
2673
5889
1642
1146
7416
5162
984
2959
3780
4316
5269
8702
4889
5820
58
8620
5343
3189
5364
7500
4370
5469
2306
3440
1078
2740
6100
203
6493
5407
6155
6051
5072
6645
191
4453
7270
7275
4688
1157
4122
4151
3813
1379
7324
4641
5082
8401
2054
1646
1625
6720
6379
8060
689
5238
6581
6250
6314
3827
761
8203
3276
6767
3389
1296
6316
7390
5761
2373
2954
5302
1591
4053
1206
7504
877
7539
462
2927
6434
5840
5113
2803
2148
2874
8633
1683
6597
844
4666
1545
504
4674
3065
4771
1094
4662
4473
2922
275
4326
3584
7340
349
1424
4342
5351
6440
2578
2226
8607
1823
417
7388
7305
8497
959
5491
2329
1415
5144
5590
3061
8141
5334
1788
7516
7210
8039
5347
7954
1976
4254
746
8494
2374
1224
7664
6413
8624
1767
2830
1095
2682
3373
2172
2006
676
4941
1116
4683
4514
1890
3
6942
8512
4124
6727
8059
3106
2580
4596
8334
8120
1546
933
4613
8341
8271
2274
4798
3096
4331
476
375
1346
2563
6983
2291
6657
4456
1877
3833
8749
7895
4643
4809
3167
2050
8692
1262
2419
7736
455
8360
3154
4767
2139
986
1721
1817
1947
4714
5232
2384
6936
4627
8102
4492
2367
5968
760
4707
5186
5217
7963
2530
4681
1446
4489
654
1520
6227
675
2765
7879
2838
8385
1991
8189
2616
2615
4403
8540
720
7912
5030
4381
5838
6339
2817
6270
961
8756
7137
1293
8580
572
4731
2810
1551
3219
7287
2886
4464
4712
8434
6473
6684
5741
7558
3008
7914
7598
6612
5822
1166
4012
5798
8593
7112
4308
3982
5795
48
1119
8710
193
3454
1145
3512
6832
2974
2012
809
4521
4337
6739
1467
5156
6759
3123
3632
7407
7403
7237
6337
7844
2807
3653
5089
6697
6541
5500
6181
719
6344
935
548
6882
1915
1124
3503
2215
3907
6702
1838
436
6937
1364
1905
1061
7556
4073
138
3729
284
6406
3777
2786
748
5891
871
6137
2111
2608
1513
4833
2628
3228
8524
1468
4868
960
3906
6492
7202
1347
6147
6183
7581
1043
5544
506
5921
4485
6064
2601
5035
1592
1282
8613
4037
6782
2435
7699
5821
6222
2249
1605
2737
1069
4429
7120
2253
145
477
6084
6986
4080
1729
7152
6132
662
1387
3643
6251
6282
6967
1888
7675
5825
7937
6208
7744
308
2332
4137
5307
1089
4229
2702
706
6688
6824
4957
4709
7510
2864
2238
7251
5110
5567
906
4267
4902
7856
2735
5250
4956
6834
5430
2805
1303
8320
4794
3022
3541
5560
7667
1161
7683
3962
1719
1074
8581
7318
4589
7607
5526
8079
6633
4899
6508
3425
6900
6429
8703
3495
2709
5911
8506
8389
8665
8324
5757
150
7104
7929
1883
3326
5885
4164
3578
2382
980
1527
7997
8149
3725
5851
6578
3569
1554
2701
7009
7159
3911
4117
5492
1006
8433
4417
182
1959
749
3328
685
2234
7177
8240
1083
5096
4268
1993
3035
4187
1791
4694
7635
423
6300
5716
7175
3858
4515
4907
6683
4142
2142
5848
4096
7178
6312
6377
6355
8222
4792
2040
7588
778
4567
282
8033
2652
4815
3930
7638
2794
3209
7845
1864
2985
6236
730
4452
6925
1772
5014
3508
1612
4831
4695
6525
2960
6920
7751
4801
1060
8635
3772
6162
881
788
6283
8293
3285
5888
7206
8743
3816
5583
2907
1735
7526
7535
4335
7401
13
397
6919
2294
7109
6972
2887
38
6715
8277
8295
5452
738
1941
8340
900
8627
8463
7375
590
731
771
3101
5766
634
5836
1725
5868
5953
6378
3457
6928
1594
8645
1136
6516
7863
8507
3002
3122
4208
2846
5264
727
6075
4946
1946
4350
2108
8129
7800
1370
7843
664
3074
6012
2787
8719
6918
60
1062
4584
8270
2297
7766
5433
3728
8755
8534
6946
7148
5667
6238
8606
8683
2609
6752
1299
1456
4318
6258
3040
5779
2890
3030
4317
8442
2935
2187
6179
6655
969
873
7655
6416
7499
816
3551
2757
1897
6471
1033
3053
7134
372
6615
1470
3539
6241
3921
2534
3808
1708
3756
8684
6904
1691
4639
5872
2315
8225
3641
6425
1535
3471
1217
7882
2272
679
7339
5367
2268
1099
3391
7780
7306
3188
1584
5130
5265
1640
6611
5385
2792
1768
1583
3901
4062
148
8230
350
1865
2640
4102
6544
5015
3577
4675
6969
4259
5992
7615
6040
6978
1710
7087
47
5235
5975
3283
4143
1501
2022
802
7058
5317
6672
4275
2899
1962
2848
3163
3646
4258
545
6156
7648
2149
1208
6981
3773
5181
202
7643
5762
6667
4711
5051
1988
54
2850
3012
6800
240
741
3179
4355
8384
1859
5760
6690
3133
7890
4729
2771
966
7006
7489
6886
684
846
8416
3882
7108
3151
8758
3657
565
834
1138
8632
999
8050
1597
8770
4706
6254
1716
3355
6396
4673
7630
3856
6865
8583
776
3081
7841
5527
31
1401
3849
7030
7468
2018
2664
5309
7758
3046
3004
3456
8386
2480
850
3327
1190
7214
3688
7756
3359
7977
364
1222
5471
4960
5999
6324
1065
8421
3321
5960
480
5796
4961
3467
6847
3351
513
3033
5764
221
883
4238
3290
5625
7450
1109
135
5849
1559
6418
5332
1181
8673
4307
1693
2184
5961
155
1516
5190
6042
3565
5966
2811
183
4436
7150
6595
8586
6182
3866
4188
3186
6177
7186
3984
2431
7909
1385
7819
1024
7760
271
86
4134
4735
4169
5865
2655
7093
7018
2437
2487
7825
7086
3731
5039
8410
8706
4743
6143
5514
3996
1341
8685
5157
1412
4655
5415
2933
6584
2488
3211
327
4676
2429
3913
6875
8776
6257
1677
6572
5103
7061
470
359
1473
1264
3583
7509
4944
6959
8550
3732
2479
7126
5653
7932
2424
5915
6934
4855
7059
3208
6740
6501
5224
4508
8654
8558
1978
6479
7908
117
125
6383
958
1445
7968
7123
3965
7821
7092
2576
888
5613
3971
6761
7579
175
1493
1313
3229
5645
940
4793
247
577
1411
1029
457
1442
5485
6945
571
2460
4449
3403
6001
7299
3118
7869
2500
7327
7247
5283
4511
498
5990
2339
5246
1776
4932
4424
1666
7824
1570
3831
2071
442
5806
4814
7153
6289
314
8474
5965
7568
7962
6168
252
7199
6512
5688
5391
6558
5890
2929
2714
4480
2335
1564
5576
2782
5392
2107
954
6502
5832
1330
2168
3757
7266
8650
7522
1821
7441
79
5304
5946
6285
1652
7200
3886
2751
5616
8578
134
5263
3485
5444
4498
8034
3484
1438
1631
236
8762
2920
7551
1528
5776
7415
2819
7636
8672
2026
5823
8231
5436
7194
3842
7081
1653
5569
1342
3045
5914
7755
5226
1326
945
1192
169
2739
2104
7076
8002
4756
5
1999
2776
2600
6751
4064
5215
5401
5736
998
1681
1984
5398
1046
6663
4561
2403
8501
1439
1357
7899
321
178
3998
7114
8460
5910
3097
2241
3224
6798
7223
4628
4652
2
6931
227
6616
703
1056
7490
6680
3013
2150
5606
6209
1219
6199
3529
5018
2854
426
6280
4336
1526
5547
6821
6217
6124
8195
3937
4897
3546
8070
2096
3591
2252
5751
4571
8204
6389
3805
6668
3914
1287
6370
8077
2430
599
812
709
7442
2045
254
3630
5278
2870
4982
6053
2032
3127
6721
5486
3411
8215
747
1022
7498
7686
6650
8783
5010
7976
6807
5008
316
7193
7484
8789
5510
407
1315
7600
3741
938
323
7259
4018
233
8699
274
5478
3098
4565
5782
5811
3545
8631
1225
7366
5632
3067
3605
2950
6354
8600
5214
4859
5548
8516
4642
5835
2738
7570
6213
5241
3187
7774
4228
4448
1601
3090
4272
1005
6265
5617
1826
6879
5075
4579
7941
3111
529
3000
657
1221
670
508
4979
2834
7610
8128
7180
7923
6618
6794
8132
573
6604
4591
6045
5756
3382
2459
1860
3799
3072
5640
4319
6076
4781
6253
8101
6885
1035
2588
2606
1337
8148
8016
5059
6609
4870
110
4701
2398
2667
5923
83
6769
3596
7524
5420
957
6772
7373
5859
2711
8252
4972
4541
1284
6500
5034
2361
3989
381
3319
2955
1957
8030
6368
656
217
2587
5744
4923
6723
920
7775
6477
1107
3837
373
6930
6461
3633
2868
8425
6568
5327
4273
1001
2182
1403
2236
6351
7051
5908
7039
3954
3251
6708
6441
4257
2607
792
1390
5717
1757
1607
6096
5874
1285
612
5730
2163
8744
6605
4174
7881
4969
2901
4644
6496
7764
2193
4550
5573
2493
3236
6556
4513
626
2289
7749
6975
574
133
3317
3171
5329
2862
3255
4824
2871
1491
7355
2084
2554
248
2767
5568
7173
5086
6445
1462
6696
219
946
8570
1853
7343
4243
7753
7567
6360
3789
6841
6372
5969
3481
2597
5962
1309
3597
4670
2914
7067
2758
5125
1133
2575
5870
317
4367
5927
6444
8691
5801
8590
1557
7254
5435
8368
3469
2223
1983
8109
4857
6430
5814
5094
1356
5324
1495
378
7661
2356
1088
7474
1880
2203
4265
6687
2375
756
2049
4525
6364
2713
3845
2124
485
6957
82
4746
6620
3848
2726
8468
3175
5410
415
4462
2160
8388
8526
7138
2009
7942
146
1604
8395
3530
6315
2798
1940
496
3149
318
3233
490
5049
6150
4425
1079
6266
4851
972
8370
2262
2420
3025
7207
5826
7817
147
6302
4823
8478
4535
898
994
4858
1241
4763
553
1518
6906
7591
2080
8156
2263
6374
4927
1419
8180
2904
234
924
7493
5788
2158
2820
7354
6363
2337
1736
5468
512
2784
4112
5065
981
3926
3433
3582
7300
5771
6999
2112
2669
7478
5665
335
6992
7399
5466
3287
4306
261
3178
6700
2981
2641
3814
5639
7352
7814
4797
5614
5487
7536
6125
5982
829
4079
2063
1418
1752
7167
6789
6735
5709
6228
1396
8435
5126
5887
3055
8651
6129
3020
2553
7605
3504
5932
5350
4906
1345
7552
6837
3560
6603
4348
3915
823
4400
973
6762
1163
3919
4933
3238
5712
4463
2340
3871
3586
8042
2789
8618
3933
3705
8021
7537
1674
5564
8589
3264
4559
7397
8191
7412
2345
7650
8387
4757
3305
1680
5315
5853
3491
2797
6328
1720
7040
687
610
6038
7367
4352
1910
3436
4094
218
7953
2458
5833
7079
6464
951
2770
3141
6709
7623
4002
6729
7949
4347
8754
5403
2467
7008
4864
390
5175
2884
29
3552
2498
8736
4625
2750
3078
1207
2941
7666
8764
4900
4120
3413
2434
1867
4953
5084
7816
1131
3463
3194
7301
8604
4504
658
7201
6043
6481
5098
5066
7248
848
8611
3825
6554
2201
6112
5477
3893
4705
8574
4685
7330
7005
6320
3972
4389
3119
3513
239
4438
2844
2903
8082
3707
7503
7282
7042
1692
6628
3847
5120
3692
7348
3651
5708
7038
7974
4505
4109
6552
886
7981
3650
3404
1782
1651
2648
2491
3659
2246
6843
3089
6711
1662
3526
8559
1792
1030
4327
5847
4609
3311
8617
4947
2796
7512
4021
8359
5725
1443
7679
4618
6153
7802
3455
5083
569
112
2125
8177
7930
5506
3044
1619
4952
5800
8020
7317
123
5342
7984
560
1902
7887
5117
3026
4978
3891
8724
8728
2932
4437
1431
7082
1586
6244
7411
2781
3776
7302
1351
872
5936
736
1173
2328
5933
2287
1092
1327
6625
4532
5600
6029
934
3958
6120
3344
7312
3700
3762
2617
5303
8450
394
2634
4704
6505
3049
908
2057
1891
8634
8096
734
1045
3645
4651
6342
3047
8285
3131
6963
1182
2021
8674
6338
7003
6652
754
6892
2001
4597
2123
7540
6140
5728
320
827
2390
847
3613
7068
94
6034
3821
6160
408
2988
1137
4918
2448
4191
6701
803
354
3125
2195
5205
1367
4405
4210
1482
4841
2598
768
3970
7319
4059
4762
4340
1561
1026
5163
4812
7141
711
8697
4469
2516
1711
5421
2008
8628
8283
5690
8068
5395
405
2482
5944
1270
8471
7549
6586
209
4006
1500
858
160
6069
6914
2025
2543
4531
615
8406
3160
7787
8714
3770
6207
3839
3843
8470
1916
8097
3860
824
7349
5349
8515
2219
5020
6742
7702
5707
3115
4296
8151
460
3051
8745
2857
484
7132
7025
6437
3638
5861
3274
4873
6211
6322
5714
5012
4100
7428
7724
8032
3369
5216
1540
3811
3322
5878
6197
4637
780
2164
1825
343
1235
3087
707
355
5884
8146
1956
2707
5036
5854
3148
893
6642
810
5019
7004
3720
6706
1730
7213
449
8430
2779
8014
1052
6777
830
27
596
4653
584
1917
1967
1749
5706
8276
4751
2379
51
7542
884
4832
171
3400
4198
7534
4943
3838
158
5189
4975
1239
5252
1383
2791
7023
153
8519
7096
6991
6785
2221
3428
8136
3697
2647
2496
2856
722
2866
2231
1933
4839
4324
7032
6564
7742
2347
7770
6296
4522
4776
629
1015
1126
5286
4321
3665
2571
70
3680
4171
3139
3611
6452
1514
2513
1306
7716
770
2210
7826
581
1308
4035
2683
7654
8182
6483
5356
1460
1240
4672
7858
168
8216
5958
2416
1028
6849
5644
7371
7894
56
3252
5747
833
2880
2346
3447
3817
5465
1400
5924
7443
3262
1433
4412
7427
7429
718
6809
6943
3301
2540
2129
4802
5828
3687
5237
4602
2243
6768
1050
570
3999
88
1055
8541
8514
3466
1408
2912
8127
1836
3922
4404
7353
1811
8400
5926
7873
7596
2481
5472
547
468
7142
1669
41
2101
8369
1529
926
251
3917
1943
7706
395
1506
2975
4343
8566
2330
856
3478
7435
8546
7010
8090
3062
6833
1963
2793
4990
495
5582
2943
6710
915
342
3555
425
2281
1250
7530
3254
2545
7184
1533
431
3795
805
3885
3934
277
8689
6295
5399
6880
6448
4543
3350
8260
5197
1581
5141
1695
2366
3192
7089
8251
4024
4847
1896
534
7657
1763
1090
3699
2980
6375
6050
421
439
6299
6977
765
7971
3850
8092
7035
4292
6026
2508
1252
7673
6126
5359
3593
296
7727
1085
8005
3774
6547
189
4803
5565
7197
835
3561
5985
4566
3857
1913
1608
2421
2456
1798
2300
2399
1671
7931
4721
4524
5411
1928
1038
6566
619
6857
3742
2083
4033
7946
3325
1480
1492
697
6196
6773
7891
6108
7732
1448
5139
192
1912
3402
8365
5780
8027
6674
8552
6801
1238
3473
2133
4861
3181
5971
5790
5499
4364
1986
5604
6158
3250
5388
6015
7852
172
4466
963
7782
7359
7989
1810
7338
1458
3819
5763
411
7796
1125
8576
6888
7129
2058
5991
3807
5169
4386
2073
910
1747
975
5799
1316
7380
6600
8477
2036
5901
4406
6608
4888
3057
204
3023
98
429
2987
6308
2186
7418
3733
4552
6139
6587
1667
1076
3836
4834
3137
5520
2584
7545
2591
6449
1014
4872
1498
2157
7056
7987
7176
7356
6326
593
6678
5803
2017
1818
8335
4032
3834
8121
8165
4148
678
5056
389
8049
2542
3797
2733
3636
7776
3672
5461
1854
4622
1404
4040
1349
5361
3434
422
7543
8782
561
6242
6203
1300
4244
1122
828
6816
8153
2283
2470
8375
641
6346
4690
4646
4451
4546
8752
4291
4569
6813
3764
6796
6555
4206
5070
8469
8532
2060
7602
3960
3070
8488
1876
4261
3461
4491
543
2762
6705
5683
5808
5297
1807
2725
3753
346
6373
4460
7792
6703
5794
5676
4058
5176
6256
5463
1366
1599
1435
2396
3750
3621
1801
5074
5033
2564
8767
3786
6048
6484
2522
608
3576
2550
7834
3792
737
5488
1486
2938
7904
4634
2067
5310
2706
1777
4901
1556
2562
6049
3693
6297
7157
3627
3610
4179
7571
8031
7241
4014
5255
1979
433
1242
8528
5417
4101
2266
3159
4572
1086
1774
5994
8080
3515
2343
1334
6058
899
8056
820
3363
4925
3966
1756
5239
1909
5925
2681
536
1618
2845
4971
5380
2392
8510
7752
1780
8312
4178
3415
3281
6964
1977
6233
5305
4890
7488
2966
3554
5453
491
3910
2426
263
6341
450
8594
6815
3145
4104
5148
6827
8144
1543
600
3669
5249
4991
4779
1377
8302
5394
8018
348
6626
4155
1733
5561
3170
3135
4806
3767
6639
4747
7438
5078
5867
3429
6365
3207
2130
6027
7612
3928
7461
4283
2536
2967
3865
1952
8346
91
7599
1809
7697
6468
1254
3332
6187
3851
4153
1790
3822
6226
6245
7769
1452
6812
3180
5057
4247
5291
5615
8161
6352
4748
2372
5998
1632
4294
1523
5533
1944
5726
4539
2463
790
3677
3432
4332
4919
3092
4728
4667
6979
5314
8205
5053
3568
8372
1907
285
992
7870
7198
1139
7982
2775
6884
1319
8198
1904
8159
5783
3519
5542
1288
6778
978
8257
1108
4730
7988
7455
8000
715
1135
2320
8560
4118
3006
6188
996
2074
124
3959
6822
6748
2948
1819
201
2027
7533
3475
1244
7889
607
1420
7681
8075
3102
8026
712
3644
3702
8443
941
176
2228
502
432
5703
4848
6675
3225
3126
7668
7505
5947
21
2573
4330
286
4295
2192
7998
4718
5088
742
2705
6866
4167
2507
1936
4152
8041
6113
6670
8445
328
6109
6771
5353
6838
6517
8301
1948
5311
580
3889
2029
7285
1770
2146
1633
4820
6598
6098
2860
8486
5956
1723
3298
3275
1705
942
660
5675
3749
66
988
7915
4081
4129
6401
5952
2128
5664
1216
1830
8280
6993
2483
131
1567
6200
497
4298
8571
551
4287
4917
4661
4519
1766
3200
4260
5652
2218
7986
8640
2368
7015
1524
779
845
4383
7868
4592
4619
6078
1596
3142
4700
4395
591
8167
6951
8023
4055
3212
4248
2698
5651
3144
3855
4649
7595
3462
1487
3686
3418
8773
6111
1630
3832
1805
7313
6022
7146
1512
10
6261
8013
187
8446
4664
7066
1755
6458
3193
7629
4361
7405
5483
3442
5775
7414
7189
8201
2323
3424
6846
4422
7011
4147
8668
2692
6446
4605
2062
338
8722
716
2671
3818
1472
3785
7884
4668
5457
1587
1406
2208
6189
5284
5700
8615
5247
3446
1075
5134
1827
3256
2457
7033
2200
6309
1164
4769
7597
4180
4447
69
3246
2695
6114
1260
3365
336
5530
7440
3765
6653
3009
1886
537
4281
5626
55
488
6293
8173
3863
8051
8780
2055
152
4085
2832
1233
7116
4199
6469
1096
5194
494
6988
1672
85
5871
2127
5918
2821
692
7494
4278
4256
6671
4996
4398
5124
3162
5699
3468
7437
4231
5429
4611
2014
7874
7867
4105
4749
5570
3050
5432
8057
8766
2395
4051
6066
2872
3516
3443
8637
270
4536
3903
733
7208
6325
1344
1906
6961
1679
1245
2417
2595
3623
4768
5693
6765
4604
6057
1464
464
6927
5295
5529
7480
7555
5934
6781
3721
50
3339
467
6223
3575
2674
4557
8456
1339
1008
5046
4914
8721
2120
4401
7926
6219
5732
2110
5067
2359
333
185
7283
7430
6356
2198
5341
5203
7195
8183
7502
1731
609
2642
4369
5746
6648
8145
8162
3694
7460
7507
1802
2949
3039
517
7368
1700
918
2391
7645
1531
7779
635
2620
5276
2602
4612
1057
5702
6054
2010
4765
3001
6797
558
953
5328
1171
3385
8544
6004
3146
7174
3408
3892
3846
2593
4225
6259
2177
3969
1779
3227
8054
982
6235
2763
5230
4408
3540
3166
1481
3514
6896
8472
5572
8193
454
2624
8220
7883
8258
6281
2376
5678
3844
728
4478
179
1753
5158
361
1656
7628
3628
639
337
4091
7913
5558
8452
452
5497
356
2438
3716
6749
293
4578
3717
4830
5338
4394
2144
3668
4580
6898
7700
6916
2313
755
6426
2885
6533
5781
4468
466
2428
4838
5001
4150
3695
8730
471
8137
6303
1402
7952
4966
628
8481
1555
7739
4450
3751
1598
4419
5661
4934
8171
4019
6414
8677
4926
2718
3955
2788
4881
7553
2612
8492
6074
1295
2363
1335
623
2169
3381
2321
4470
6644
266
7290
2603
949
210
4266
1068
2590
1578
2288
2968
7738
2316
1846
4264
4523
6883
2086
7970
3014
331
246
7291
4461
367
7960
767
7823
2043
8453
4475
585
2716
5325
1538
1286
4054
5931
1626
3899
5177
243
2719
8399
8623
2278
3609
1155
5122
8226
804
5705
6237
2970
4788
2464
3375
5257
694
4764
7220
4083
2293
4598
5236
2370
3152
6669
2003
5368
2582
8610
7172
6610
1975
1123
3361
3405
7658
841
2946
8311
3662
3993
7910
1665
6632
4716
2461
3588
7788
1585
3270
6756
7192
260
3602
8621
6844
8299
4471
5211
2188
4692
1532
5503
8064
7644
3916
380
6152
696
6621
3330
3490
2145
7759
4568
4016
8671
1824
7392
7410
3734
6515
7181
340
6799
6876
6060
7250
7486
3079
8718
6485
1560
7564
1156
3518
7487
8641
2761
5674
1199
6955
602
7158
7948
1797
4534
1248
6062
2298
5408
7017
8599
616
1857
4414
8247
2447
5715
4284
775
7609
4845
7314
7230
2471
3853
5441
3265
6185
6924
7746
532
7936
1348
396
7688
4908
5507
1850
6221
5470
1440
8336
3082
8123
5149
7255
4255
40
4783
6725
8061
5199
773
8178
7519
6394
5271
4356
8291
5138
5513
6851
1620
646
3084
4223
2004
7027
3313
3670
5031
1960
4235
5402
3781
7099
7508
1914
6573
8647
2094
2119
6583
5682
583
5459
7188
6423
8378
16
4072
1855
4125
4510
3939
1579
5610
2237
5879
7950
7839
2350
1786
3511
4086
7246
597
5413
7762
2976
5930
3875
6810
1609
8024
382
8727
4216
3371
1621
368
7333
309
1294
8502
6529
907
2138
2015
8680
7165
8428
7296
2541
3214
5281
985
3174
5770
2723
4877
4863
8338
3421
672
3399
4807
1762
4282
8131
3940
7979
3975
7218
4280
17
5566
322
4132
5119
1989
6637
2311
1258
5937
8025
2969
6627
6272
5409
2835
8652
3701
4139
5984
4632
1697
2633
6594
2724
5685
3997
6284
2204
3943
1892
4994
2815
5784
640
4708
6535
4869
8243
6184
1359
403
4583
3506
7483
4201
297
4082
8503
6454
6872
7721
2250
5935
2383
919
4303
842
6420
1856
4866
859
1844
1361
2209
5242
5456
2174
2625
8210
5789
6318
5907
501
4665
463
4172
8788
7101
413
7334
7163
5443
4732
4983
8376
362
4184
8094
6996
2034
1275
5484
6083
6463
1437
3681
461
3524
7690
7698
2895
5118
3333
2115
2978
562
5749
130
2546
6061
4734
5032
161
5299
1861
3505
4349
3629
353
2551
2251
6494
3195
1106
7265
7475
5720
3130
6348
5292
4527
4551
2097
6397
6791
7757
3587
4929
5546
1427
7118
1562
2070
8688
7601
2331
557
238
6498
1039
4005
7466
2451
5080
2422
8444
7358
1268
5596
2804
6881
1573
5330
8313
1477
5333
6056
8113
5852
3416
1949
2990
6273
5557
7043
8381
6330
3121
4588
5686
2161
4633
3206
937
521
5900
3809
7238
7969
6408
6287
6588
832
7634
4573
894
2610
914
2244
8403
2380
2517
1040
7448
6478
250
7682
1903
8035
3788
3946
3477
8160
5989
7088
2521
6145
4365
8418
8358
1715
1170
3221
2548
6073
4302
4939
1638
7147
5223
1778
7128
4362
6717
1398
224
7097
522
8518
8489
3112
1474
4457
6065
5280
797
8409
636
1365
6623
530
5073
8331
2952
4775
8411
2918
5445
479
952
526
2802
5396
8073
2940
726
1668
7279
2790
384
2365
6540
7434
108
8619
7966
2837
2799
8107
4800
140
3497
1195
8761
8213
524
28
6599
739
5692
4867
412
3574
5253
7907
7292
4770
8723
4810
291
1575
7785
4181
4382
8707
3923
6399
398
8591
2829
7833
983
3502
4518
3091
5081
837
5512
925
104
2276
5905
2232
2979
5745
3277
3066
2557
8778
5240
2923
5258
3017
5037
8426
6871
1687
8065
3182
7689
5196
5209
7831
4973
7162
6474
783
1958
6716
223
2495
3949
2780
6198
5011
4052
1391
1744
92
8004
445
1197
473
8457
8237
3266
3679
5873
8693
7252
1000
3320
1178
8348
2510
1530
8349
4182
1019
2037
8281
1409
2928
7094
141
5050
6551
7847
290
7041
2173
5071
7308
7328
5531
7421
5719
6520
2693
44
5954
8318
289
1550
1450
7268
5185
3423
3226
974
5285
5752
1884
2926
1363
6736
1128
3735
4363
8577
5312
5860
5044
758
2478
5366
3581
3184
6921
6428
5608
8250
511
8605
3489
3027
2302
6003
57
6542
4938
2261
4818
5109
2977
4076
3336
4999
3585
4477
7362
1761
3796
1966
5637
2214
64
7525
2154
3948
4026
3564
621
8339
1084
1814
7944
7408
8138
7379
1104
4465
1953
6332
5473
690
3215
6151
7878
8439
1580
3920
3476
1942
5550
5898
6246
2406
5439
4360
3395
7838
757
6456
5754
671
8741
681
997
2852
7034
5983
6787
6334
1413
1919
5496
8517
4388
1644
8479
4658
6550
3366
190
8047
1018
5655
8266
7369
6010
6039
4098
2386
1800
586
1740
7376
3384
4097
1980
2559
7593
8734
7151
5621
8653
72
345
7898
3877
4353
857
6855
33
2965
8290
208
2732
7563
6947
8055
8176
4886
6662
4603
6915
6169
5881
4359
3523
3409
7663
1893
3075
4486
2007
3654
3909
655
8316
1441
930
4699
818
682
2833
2502
3806
1698
6340
3237
4494
1789
7737
4126
4931
8278
126
5622
5917
6166
2019
3600
1688
1732
4385
8010
3981
5939
1496
1813
8116
923
1760
2983
8667
1281
1236
3890
5428
269
717
2622
3347
292
8212
7075
7091
4850
7855
6163
6856
1265
1994
7276
801
3589
6359
538
3953
7227
6118
6679
3239
7528
1453
3383
550
386
5697
2166
2369
4799
2408
80
2863
968
6193
6229
566
3203
7294
298
929
5977
5025
8163
500
4911
3768
8343
2809
3329
2206
3346
5101
7426
1843
159
763
5426
8513
8461
6301
1549
7219
5740
483
8006
7271
474
2527
7155
8768
4593
4782
6329
4380
3673
4215
6634
8784
6089
8681
8112
588
1321
5679
4078
1934
5681
3289
7337
6491
5132
1572
4001
2207
7888
3249
2230
5631
6661
8104
6130
7078
2876
4742
262
5773
5208
4297
2644
5904
5521
3804
5919
3268
7236
8087
90
4203
2466
2433
1291
3205
3787
46
6249
4816
230
7164
1658
5737
7582
6913
7768
4992
435
680
1271
1930
4467
1246
4974
6619
6489
5687
3293
3291
6722
4744
1974
7617
167
5647
7680
1114
6638
2853
2442
3437
3938
2449
5517
4445
3388
4366
2256
7820
3378
7951
5336
6467
4698
3995
5767
2840
3348
6786
4165
3510
4084
7613
2304
6020
1362
6852
5943
865
7024
311
7585
8466
164
5079
7284
2760
1795
3077
7848
7054
8382
3021
7625
575
2897
3779
2824
2676
2915
6939
4218
6571
1159
8429
8419
525
7662
5862
6814
8529
3599
8417
3912
5023
5875
6080
180
5976
8626
7684
7065
3210
1187
8459
8521
8536
279
7469
1117
2212
1325
8480
5355
7983
4107
8616
1318
4043
1162
8044
7361
416
6580
3071
7014
1879
6105
3037
7234
7569
6590
3377
6119
4157
7295
8482
4044
5579
5167
4702
4599
7577
6212
18
913
1634
7424
8110
8700
6537
4251
6438
3153
7580
255
52
1868
5319
1373
7465
2016
1147
7918
3968
1849
3874
7084
4725
3132
2971
7939
1676
6636
510
6804
1228
5624
4338
2358
2730
2385
4312
6194
2486
4237
1010
3861
3737
4893
3754
287
2836
8263
6055
6313
2098
5370
2425
3353
686
8413
8562
5221
7511
4060
1466
7765
6336
1858
7326
7862
2222
4954
2951
2296
437
4392
4488
2000
7550
5636
352
3278
5371
4928
3898
6647
7233
5306
5254
2538
424
1186
4876
1643
7957
109
3393
3272
2153
699
6077
4325
6664
2660
5159
154
7133
3925
8098
5810
3663
3500
4140
1134
2185
6486
2039
404
341
5886
6576
4737
2484
6976
7853
8485
5574
8150
7085
8432
3658
6018
3216
8392
4733
4061
7723
2703
7608
5684
5658
1972
2865
1276
2670
1317
1995
6783
4570
7875
1423
1333
5374
7121
2314
2917
163
8464
7047
5419
1259
4988
4241
5287
2549
3826
3979
3639
7400
3482
1615
1121
8440
3060
3419
5974
2167
7978
2697
5598
5298
2079
7501
3830
8255
6614
2995
4116
4654
6269
2518
4630
5642
4377
1616
6164
6905
2947
3324
4930
379
6323
4951
4476
3991
5462
6630
4442
8253
6432
2888
4115
5135
3113
3572
2592
627
8567
6929
6867
2440
3439
7554
509
5069
1881
3790
6497
5100
2134
5824
2275
8066
6345
7541
4697
991
2264
3815
2189
825
4253
8373
6327
5382
8352
3052
2273
6518
2005
7714
7718
8071
887
440
5153
4311
4761
2473
4790
6117
8682
4334
6973
7920
3042
2998
3232
2299
5151
4046
6606
5941
2413
5964
4144
2910
4067
1358
2162
5938
4220
6101
5087
4354
3944
688
2769
4123
3362
5140
428
3608
5213
2675
2102
3011
3713
7231
582
8140
459
8530
3723
4138
1261
2774
5619
2528
4252
3548
8729
4540
7734
5722
6369
8648
6899
4564
2170
8164
1764
0
2205
2317
4226
6546
5316
2529
6802
5243
118
6825
149
1971
2176
4496
3068
6575
3557
4840
1249
2023
2630
2113
2156
6950
2986
2736
5660
1457
2861
6002
5418
228
6063
2878
4922
4964
4219
5225
1180
2729
4230
3987
8181
7777
5475
6353
5027
5638
1332
8404
1484
1397
5474
7398
7037
3143
5129
1184
4587
8207
7447
5321
3496
1951
8504
6511
5354
6294
3801
2183
3936
6803
5007
3652
5711
781
5659
1232
4039
6099
922
2556
4263
6218
7205
3406
7906
7341
5111
6366
4817
7406
7532
7990
1841
5628
2033
4031
8306
3315
6317
7994
7396
6745
7012
1188
8015
4045
516
3107
7074
630
6460
3410
710
2504
3547
8309
892
5090
4758
6455
8076
8753
5753
1407
7365
5587
1654
3961
6092
4786
43
2405
800
8785
3671
890
772
7803
6990
5405
5585
2599
1750
5104
1627
1430
3738
6093
3474
2088
7799
4997
6310
267
6044
1002
7098
194
1499
7026
7754
4194
4677
843
6204
5179
1965
4844
6288
2388
5375
6665
1996
8192
3295
7226
3464
989
6175
2308
6730
4309
205
7449
1745
6404
4713
3682
7995
1073
5813
1434
1921
645
4289
7761
5143
1488
3310
5270
4333
2446
1097
6968
8760
4993
7105
606
7719
6850
7471
3854
878
3980
3888
1380
8228
4989
769
587
766
3247
2653
3241
2646
6371
8579
5038
7203
2233
7310
6019
4787
3810
3010
2847
3896
4837
2651
1746
2465
4250
8678
5150
8679
3292
5026
1987
948
4455
5352
7633
1901
4791
7965
2677
875
3422
5913
2795
3164
5480
5750
943
7187
2717
4049
1230
7678
34
4808
3698
6433
2867
5633
6088
7677
7531
2924
4189
7485
6030
6685
8355
5077
1765
5648
2423
7804
2519
4987
967
931
5839
6940
5942
8661
3244
5108
8086
2409
1229
2362
2443
7649
101
8458
2197
2731
7857
5906
1111
1851
3579
7045
1685
5121
7520
6602
3667
8219
4009
990
3354
4339
6091
6102
5048
4547
3883
4446
2744
3660
5063
2179
6646
5178
2686
1280
4772
8720
8028
4828
4594
184
5172
2694
1256
32
7996
5559
6559
5996
7031
4285
8763
6971
6385
5818
1992
1127
7659
1650
472
1174
2826
814
8437
366
1926
6024
2908
7637
7903
3108
7566
1204
2068
2354
8269
1804
1536
6617
5282
3380
8133
157
2956
1684
7002
3894
8775
1820
648
4502
6935
1641
7372
4601
1429
2407
6138
8111
5259
6067
7107
6173
1869
2909
5397
4344
7245
2704
4924
8531
1873
2841
5146
5386
8105
3016
3649
2900
815
4826
7703
5978
8197
3988
8244
3069
579
1247
3783
7156
8300
8414
5268
232
5127
3704
6659
1158
2816
669
7423
7113
1375
1388
8347
1507
3479
116
2503
5594
6068
1277
1105
4526
8119
6090
5597
3297
2937
7810
965
3727
3343
8211
644
1471
4458
4740
2286
6869
3185
3879
5060
3201
6689
4606
7404
8509
5949
8085
3156
7656
4482
1954
3647
5219
5765
6157
1465
5068
7999
1489
4679
7298
2906
6698
7741
7168
6402
6862
3841
693
1031
4279
673
6731
8420
2211
6932
1815
6263
2619
6562
1682
6232
7560
637
1728
8264
3460
7837
7235
310
2175
3217
1737
1889
7021
2533
1263
866
3103
1322
4590
1918
2255
614
7938
2258
8126
598
7934
5451
5698
8221
8208
6403
5248
2217
5404
3058
4233
4158
8739
7590
1205
7603
2352
2196
5348
499
1645
3978
7896
45
212
6476
2822
7135
2586
1655
1459
4195
278
1305
7622
2654
542
6291
7562
5369
3465
5504
5540
4028
1160
1167
4154
7726
6079
2746
8310
7229
4416
8695
2227
2427
2614
5792
4066
4506
753
743
5365
3676
3726
3559
206
4483
7378
5099
1707
6873
5290
5434
4315
5389
721
3763
3620
5713
4205
6858
5584
7417
4962
6870
6110
6878
7100
7432
592
4789
5331
4221
1376
4262
7606
3590
215
7046
6170
6017
8601
2921
5131
2066
8134
5168
3769
5668
2053
813
8554
6277
7256
603
3435
4135
3869
3307
5502
5571
1211
4170
5666
5448
8622
2800
142
4025
8644
3202
276
5206
1758
2089
6792
2013
1168
6470
817
2685
5460
724
1842
1455
1870
6436
4949
7183
6319
2754
617
8122
7419
4538
7329
4849
7383
6528
5894
272
7477
3368
6519
5245
3258
6417
3570
732
7050
8287
2512
1660
2689
5431
7363
8089
3196
1600
7452
95
8117
2687
6557
1787
8114
4680
594
8490
4620
1369
5656
3031
114
6998
633
5643
5128
197
3318
4608
5673
5843
1726
752
4034
3279
2934
1165
8103
8422
4166
6763
2475
4433
7812
5804
6835
729
3881
1447
3924
1032
8274
1063
3501
7740
1320
5981
6190
2091
7381
7892
4895
1198
7289
103
2194
7778
5455
1100
1806
6524
5866
1176
1968
7364
6534
4149
3172
6052
1273
5928
8218
5729
8542
4023
7055
1272
8537
8522
7249
4481
8765
392
6009
8397
1103
6563
8229
7370
5058
5091
4600
5041
1769
5476
7750
8344
74
7470
213
7832
869
198
3367
446
8
2566
3625
882
4913
5588
73
3748
5212
7687
1087
4472
3028
5155
2997
6116
5040
4440
624
5160
8046
4860
2028
7258
5748
6770
5641
7709
7264
8646
4286
6331
2963
3110
6202
8487
4645
6682
6224
216
3430
1714
2531
7830
8356
5537
745
2555
2953
6260
5727
4384
4544
3691
546
4305
8694
5142
1743
8551
895
8196
5494
5759
7169
3005
1637
3387
3740
6831
7336
5691
5920
7215
3488
4819
300
229
5669
7102
604
2764
4503
434
2224
6082
5694
2282
4128
304
2052
6220
1839
5876
4509
8214
4827
6240
2076
7464
868
559
258
956
2141
8438
369
4428
2349
2613
3032
1004
6333
1428
2165
851
3427
5442
8638
143
120
8726
443
8029
22
6007
2035
932
4029
4069
793
8639
3614
6910
8124
4882
2455
3176
6000
1784
4636
1566
2756
1610
5855
5519
3331
1871
2678
7973
3093
315
5021
3197
2135
8379
6766
7772
6693
4516
4556
5718
3056
2743
3199
102
8572
8072
4936
7685
4099
6718
979
3509
7036
188
1213
7559
4921
3542
539
5173
7701
4684
6592
1699
4640
5912
7692
2772
1734
6121
860
7794
4211
1194
2044
4402
7813
67
358
6549
6829
5797
7431
8067
7463
1998
1091
4624
1796
4720
4236
8424
6278
4162
1202
3637
2898
8659
870
427
3426
8053
3134
1537
2393
8063
97
3617
1153
3308
3994
4074
1395
3666
1292
7307
3895
8357
4821
4047
1011
2450
5093
2489
2100
7793
5538
7611
2778
6343
6262
4004
1220
2734
59
8188
1463
7586
7221
6817
556
6349
6569
6421
4773
6005
5482
1882
7872
4156
237
2944
3157
4176
5344
268
5200
2632
6381
5458
1571
2181
3349
7795
725
5916
7620
3533
107
5005
487
7886
6526
4530
4945
2688
6719
458
2309
808
6545
3771
1793
6974
6466
4883
535
2650
7916
7154
8569
7583
3558
889
5422
5061
1939
5187
89
1432
5611
7325
540
4435
7444
245
1602
8533
962
6409
26
4804
2962
8036
4755
8548
3640
7704
301
789
1210
1582
5416
4038
5841
6889
8366
7384
1955
8547
6504
6538
6830
2699
1243
2877
6462
4862
8187
7016
19
3528
2657
4904
2911
6780
7459
1368
7717
7640
7851
1185
3900
2377
704
3722
8407
2305
6097
376
2031
6085
4871
622
7866
8535
8649
751
5505
319
8746
2497
1101
6180
1690
77
8069
3803
6713
6450
8663
2285
302
3190
5479
4249
3356
1727
840
2056
782
3451
4555
6724
6737
531
3823
5733
6191
4920
4160
207
7216
4950
1374
3379
4959
4880
53
4022
5275
5326
4595
4805
2577
4965
1179
8095
200
5193
2825
1741
2939
2453
4487
264
5437
8608
6267
8062
5649
7347
1150
8449
220
2270
3521
8448
4715
4879
879
1149
6499
1044
520
11
7069
6247
6922
5266
6422
1140
1689
2415
8451
6596
7222
3407
6367
2629
7922
2509
3198
1023
4240
6699
2171
4193
8396
3213
5602
4232
5654
7286
383
7527
1355
6995
4726
4500
7797
4940
2064
4346
2585
5016
1829
2596
8733
5076
4563
7917
7972
8705
4299
1624
1152
2242
8556
5301
3820
8483
3335
5102
6159
552
8152
8256
4722
4813
4015
2235
3263
5532
7228
1304
1568
2216
8040
8564
5869
391
6635
105
3778
14
7001
7232
8190
5346
5055
1112
8660
6531
5842
7346
7572
4574
1673
7451
4444
418
6744
96
7171
518
2635
2626
7020
6411
253
3029
7140
955
8759
3444
2271
6579
5738
3761
6361
156
312
862
4396
8321
7900
6146
4576
3794
7693
1478
2768
2881
7578
3280
6216
8473
7767
1189
2882
3253
2155
3088
798
8423
7523
807
6980
5724
12
2355
5995
7829
3294
4678
6201
5174
3248
864
4276
8523
7182
4042
3085
7790
7413
939
3550
5273
6094
7652
541
280
6757
2307
5986
4753
1785
2065
4411
3859
4454
1151
3095
2875
8233
1231
6503
5612
7791
7321
6877
456
8520
5201
1703
1862
4696
2301
1382
8592
5768
785
549
836
8777
3543
1393
786
6917
7144
5300
7131
8630
186
5161
6859
774
6410
3990
4345
6923
1360
1925
503
3397
6692
4329
6480
7745
4391
4752
4196
993
2925
5308
4413
589
7344
791
1961
8484
795
1012
8008
6011
7332
3183
6788
1565
2030
8712
7631
8284
7458
3592
867
7959
821
2728
4846
3618
1113
4825
4545
1483
3100
139
6128
6215
7729
7905
3852
1072
8157
8751
1748
6574
4626
2552
4853
659
7798
6104
5955
5950
5279
3714
7877
7293
1969
4371
6890
4635
8003
5372
5562
6823
5553
2883
5191
1937
5373
2348
1077
7651
3129
3140
2351
1837
76
3173
441
6532
226
7771
3312
2710
7842
5294
4088
1508
649
7587
3240
4891
5635
402
6127
1274
3342
7955
7331
8326
4660
5563
3932
8296
1257
2801
2454
8081
4562
100
5464
307
3472
1504
3534
3556
5899
7052
2371
1647
1639
564
916
2766
7660
5107
3230
7476
1519
4290
2638
5959
4495
7320
7322
7323
917
5731
1696
8696
6231
6691
5029
344
3661
6036
505
409
7665
3036
1497
2568
5555
8185
6103
6405
419
5000
231
8670
8436
1848
6086
8275
8374
5501
6746
6165
1132
2090
3862
7584
1663
7272
5198
4173
6225
528
2199
8262
8354
2996
5220
365
6442
241
3398
7288
8508
5045
385
1110
1505
7573
2594
8179
7565
4070
4736
1636
2773
4136
5400
5296
3867
8100
1606
3908
7695
5786
7303
1469
691
71
4585
705
4379
7473
4130
2722
8199
764
5524
6131
3553
4717
740
5358
2684
2631
2892
6384
448
6487
2140
5545
5064
5013
6911
8779
8598
1223
5256
4213
374
6008
3884
7385
6654
971
8394
4443
6072
3710
8543
5997
6966
2131
8012
6624
5897
3043
6016
132
2814
1290
2344
7274
2280
7439
6321
6510
8731
4912
8527
5145
8351
1664
8588
6347
8239
8330
3562
6443
469
3829
5980
3766
3730
4090
3191
151
4759
1751
2325
6335
5627
1709
5022
1154
970
8135
6400
3942
2095
7711
7160
8539
698
2290
4659
5106
1920
2240
8322
24
5979
3992
4376
1775
8612
4774
1066
326
2011
595
451
1298
8643
7224
8614
7242
20
6014
5739
3117
30
2893
3452
8740
6622
7315
162
330
6186
2565
2248
613
3019
211
2445
1053
3420
3708
1617
8491
3607
4202
8282
6591
6784
7472
7925
8009
7179
3267
2462
87
1502
1329
5817
2741
3675
2318
5244
49
7627
2515
3340
6593
5377
7393
3812
5972
2292
8704
4041
3793
1911
651
7191
1352
2851
4017
5592
6863
8412
1425
1214
334
7806
5554
6536
2691
1013
2661
4686
4397
329
7676
6388
3758
5721
7122
2843
4558
6818
4738
8390
7060
6808
3299
2567
492
166
2535
5591
7674
7985
4003
7244
5575
5251
6707
3507
1226
7924
444
2360
7491
2322
8709
7575
3309
4980
2589
7316
2402
6985
2905
8787
7080
6475
1887
3441
8363
2404
5192
1414
1970
3104
7991
977
1279
3986
1301
6895
5834
8553
1622
8596
6795
7204
6949
6286
339
3974
1399
2436
6522
8476
3656
7345
1908
2583
1215
128
7457
7783
5182
129
2397
5376
7273
8737
2072
6774
6933
4785
6754
5218
8091
3612
4410
7880
1547
1324
1047
2342
8717
4357
4905
3952
4829
2827
7125
5339
2902
8350
6548
7811
2579
242
1016
7029
196
2075
7547
8500
4420
5152
3372
5509
735
4745
8058
3531
3880
4703
8043
5261
5785
7621
4300
7521
1115
7865
5006
5516
7529
2755
638
6790
5609
6649
8130
5054
9
5335
2225
4269
5945
2295
5345
2082
6107
256
6239
8224
6115
5528
4314
5734
5288
8391
4671
3918
8582
15
8304
7240
4387
8308
7304
1885
7618
8602
576
2046
5425
4754
4616
137
4418
700
6459
6506
6178
7007
4520
8698
1831
1227
5812
3486
7269
1405
8317
5092
8499
4542
7351
3840
2047
1212
2649
7281
4836
677
5260
4200
5774
332
702
6362
2991
2239
5515
65
1722
7805
605
5318
5892
2126
7395
7827
6059
3150
2818
1289
632
8725
6176
4075
7083
3977
2267
2972
1950
7103
8656
1444
1007
668
3747
5274
8538
7850
3601
6747
2808
6205
1196
4186
8774
7822
5406
2077
1080
1828
5896
6415
2117
8297
4368
667
618
1558
