7795
7820
4443
5246
6030
7
5571
7103
2905
1311
1631
814
3322
1784
8262
1120
1136
5772
1661
4992
1308
5426
6539
3375
5721
752
2782
6500
69
7080
5342
7170
856
218
400
6325
7752
4254
3765
3424
3135
5288
5387
6559
5236
4390
8521
749
6208
6912
5443
5076
4354
901
5374
4551
252
4905
61
7627
6033
373
2043
6333
5327
5064
4067
6875
1093
4688
3774
1775
58
6626
3554
134
5040
3823
650
622
144
8653
7547
4289
8483
2833
6274
5171
3538
3390
7268
450
3484
1252
4964
3600
1143
6833
2051
5529
3512
4933
6785
1508
5791
5439
5186
3899
6486
5847
7967
6753
5781
3861
5137
6248
3041
412
578
8518
4660
5155
1042
4731
2202
6426
3743
6907
4087
6891
5903
7188
6977
6499
1829
3625
110
5970
7136
6258
6318
8532
6142
8788
7204
2036
4043
4714
1716
3628
6155
2440
3824
4562
705
5800
4154
3266
880
7797
7901
5301
7048
4683
8281
7025
4047
7470
7493
6453
4048
2862
926
706
995
5921
4565
583
8496
1930
5446
3751
6293
7685
3947
3529
7052
7159
1226
2625
3708
4423
6116
7273
4902
7941
833
1029
5818
1178
8519
17
2805
8240
4842
2581
2398
322
4561
7343
1837
7560
6160
200
4706
8450
5195
6022
6672
3195
3846
483
8580
82
737
2951
5797
8284
7815
5774
7246
6007
5799
8239
4358
2252
799
4283
5257
159
2126
552
5150
5681
4191
1384
6017
6162
2998
462
4786
5299
1445
8556
1851
8570
101
6023
206
1981
5982
1082
5456
6036
7408
3767
7844
6374
7593
7109
3231
2720
7697
978
6138
4360
6970
6707
8490
3551
7079
8712
6157
2086
898
376
6647
975
1127
4904
7441
7682
2058
5735
4762
1456
960
6944
2508
1238
1846
1180
3999
7798
4112
7828
309
7485
842
447
4062
402
4203
7948
4560
1225
7045
4927
8171
3090
7759
1521
1439
7055
1881
6479
1315
4527
3810
8162
4374
7889
7398
2765
166
3972
2462
419
2195
6601
8584
213
3144
3649
8562
1249
5296
3930
5093
2620
5286
5733
2857
96
7355
7723
5407
8734
8481
1230
680
6531
7712
2740
2745
3447
1014
1695
1331
6203
3966
6518
8591
1753
1144
7309
5790
5464
7029
477
5591
1434
6743
990
2286
3326
5817
1678
6992
4599
6955
7940
2809
873
3456
2204
2046
5031
2274
8760
8494
2823
2209
2190
7934
7374
1569
6997
5998
8586
7106
4997
1921
50
8236
4026
4366
736
4541
3485
4804
3894
6117
1565
346
145
3755
3022
638
446
7641
6056
3475
2253
2927
4185
1558
7024
5303
3857
2738
595
7607
3325
4687
1059
1278
1553
8650
3251
4926
6757
4090
2655
470
6801
738
2768
8759
2596
128
7700
2163
7621
5896
3494
5545
1158
2312
7289
1212
3053
6229
1048
3833
3645
5161
5322
6512
5458
4814
5815
1676
4855
2845
4748
349
3225
502
2457
7897
611
4823
6151
3955
5822
7282
1232
5931
183
4501
3613
7492
576
340
347
7726
3198
115
7348
1741
5459
5205
2159
791
3214
857
5629
5936
4103
8242
170
5440
5418
5025
3215
53
2368
6055
501
7019
7033
2062
3726
4772
262
6217
93
2570
3274
4063
5008
4309
4018
625
4458
3033
2852
3789
8105
4696
4813
6766
8303
4832
4862
4916
8058
2470
1728
4024
4854
2456
5995
4914
1929
91
8525
3731
5711
2437
4529
8178
835
5852
4859
7653
2689
5760
1539
2310
1013
3578
7113
8289
5370
818
2879
6791
6147
293
4467
7347
7158
3078
3926
2004
7266
3946
2498
4600
2493
8343
1375
2317
5676
3354
8190
3974
7969
6504
6818
2911
920
8224
6461
8337
7850
5000
4690
1076
8770
2191
1170
2913
7843
6314
4129
5916
8296
4136
6551
6078
8050
434
7254
4504
5062
4395
2808
1339
220
4042
7036
7253
6812
4867
2418
6973
994
938
2880
603
4019
2048
6391
2681
5898
3852
8379
7162
5782
3151
786
8644
94
6675
6943
5398
3402
8449
498
581
3364
7316
382
685
2646
2326
8599
1566
2919
4486
7279
8420
2797
5630
3464
1856
3444
7038
3686
3143
5548
4961
8648
3940
3588
631
1125
5481
3015
3379
4264
5645
701
6470
1473
2173
7288
3872
3227
7816
4931
4118
7651
2673
3043
7864
4642
7471
3111
2432
3275
6956
6979
8365
4320
7905
7866
7242
3828
1154
3732
8493
5188
6262
933
5624
2263
204
6821
1679
2205
544
7180
1061
4232
7622
3071
7102
987
2634
3510
439
3660
1717
6555
3704
1275
1455
8564
4624
1484
966
8377
6106
5993
1045
4461
1378
2622
4001
2751
3856
444
4674
8313
7478
7148
986
4514
300
1317
5368
691
3500
5141
2373
2891
184
4274
5857
8392
7878
979
2753
4729
1211
589
5807
3920
3952
1343
6838
411
8546
7264
431
2612
4999
5947
4684
8114
7541
3367
4544
6578
8149
2444
4188
7608
4482
7894
7361
3934
2526
4081
3657
7018
6187
5773
5699
8115
689
4233
4183
4746
7592
5131
3298
7655
2473
7402
2726
1804
2517
1098
8066
1646
5488
83
2094
3316
3888
6406
4210
5612
6690
549
3836
4050
2897
7444
1587
5033
8207
1161
1309
2055
24
548
7642
4615
6257
4864
6745
3689
2953
3687
3224
2842
3832
2303
2356
3749
3835
641
4402
8552
3480
8558
2003
6919
1708
7422
5206
5821
6758
2903
8129
728
6527
217
295
7719
1601
5587
6401
7336
7837
1997
4421
374
4351
7073
1868
3431
8197
7578
4536
3641
5694
4577
5977
5001
6673
196
4193
5372
5634
5275
1548
3603
4525
4925
2054
7965
5751
1550
5868
7985
4800
5830
605
2760
796
7947
5702
667
2166
7727
1054
546
4589
5636
790
3545
827
7829
1772
5611
7735
5308
2425
1557
4153
8348
5746
8689
7740
4237
5849
2050
126
1838
3979
7308
6519
7647
7424
7358
6245
1168
4134
6565
4125
285
3190
3505
4127
850
4158
7438
3959
2297
2431
5626
8373
6814
1744
6269
2773
31
537
7808
1913
169
8257
4516
7300
3273
6467
8652
2067
5080
2962
8122
5672
1726
4480
8095
95
2662
932
6099
2387
6184
472
7609
5986
7871
8757
863
2660
1114
1795
469
5044
929
2021
6910
1426
4878
8476
1738
1577
2497
448
3555
5431
2781
7678
2382
90
6607
92
1436
120
8527
3532
4313
2379
1446
3314
2229
7272
4991
5934
8641
1037
6730
8446
4703
4331
6368
524
6870
2963
4679
5295
112
2395
4012
4533
3618
1105
52
1265
1074
317
1139
2635
6280
4758
2451
653
2894
5101
3340
6104
2628
7652
3146
3100
6111
3414
129
2308
394
8579
968
1568
8086
5914
4304
7518
6389
4853
7452
547
4023
3449
8610
207
3403
4022
6181
5361
1351
6473
2306
4806
2981
2888
457
6682
4223
4293
8057
1162
1248
8567
4409
1413
1389
3413
1397
7389
4693
6171
3374
8561
8185
4306
861
1604
104
1511
2691
1799
3056
2572
7508
3487
6176
4303
3012
6044
5755
4737
5385
7463
4654
5006
6469
8196
8772
733
2117
5723
7169
874
5657
5725
7585
3072
5811
2278
5937
1088
7228
5559
3343
2770
121
8664
8418
4159
468
5887
710
6858
4805
6376
4538
6072
523
1616
4833
6166
1499
4791
6669
1766
3368
3688
1598
3763
6547
5315
1421
6069
1016
7804
793
2725
7099
201
8495
5848
6303
1880
2520
45
6109
3359
8012
3238
6306
8583
7877
5276
4209
4222
2804
3229
7105
6267
2236
3541
4442
3435
3264
8090
900
8709
8393
3849
6112
1427
6446
7879
5325
6319
7638
5244
2225
1216
8293
8316
4582
535
5002
3831
8764
3672
5130
7904
2732
918
2227
5255
4111
758
6764
2752
7720
670
2068
6219
7328
8163
2982
6015
3834
8097
1448
8264
723
4736
2591
2621
1055
4435
3292
4032
102
2064
3916
1966
4371
7445
7772
2876
5810
8155
4507
8234
1083
3498
4740
6609
4936
2859
5734
6783
2743
607
7811
5745
2394
3586
5727
6415
3712
5187
3994
4935
2133
4456
5240
4634
7192
4432
4987
6256
1166
3440
4284
2231
4781
943
1297
2986
7074
6724
7724
4857
6774
1815
1877
4389
1669
3027
157
3739
2250
846
417
4777
6241
2076
1963
3546
7124
6451
8060
2627
6897
4450
3075
7015
6350
453
6480
8707
7559
8777
1057
3643
6013
2304
3801
2422
5268
6880
6911
2602
6032
42
1015
3842
304
5281
3720
68
4107
5700
1440
3758
8647
6424
4963
2491
7060
6273
2964
3656
8077
8017
2941
2948
3423
7327
7354
3570
2002
8191
5747
6079
3058
1299
3572
8633
604
8509
1137
645
2376
6312
6652
3177
8132
2675
7210
5463
5360
3786
4822
8746
8314
5424
2731
8108
8465
242
5183
2506
6143
6444
343
5355
4008
8516
8294
3655
5876
3855
5979
5185
7817
4393
3166
7166
4116
7596
3129
38
7915
6422
659
8073
2885
34
1517
5814
3983
8478
7633
2850
6047
1468
3308
1464
2958
5496
6598
4013
2112
6373
3095
2132
8489
2446
4960
2360
7149
6618
6170
5278
5467
5792
4727
1326
878
1530
6949
1277
4119
5923
1206
5455
4255
5408
632
580
1864
7142
6967
7319
787
8210
5704
907
7480
4631
8220
7173
5377
2813
3021
8193
1119
3138
2590
2567
4580
1777
3871
7356
4476
2345
8044
4908
8502
2189
163
5182
4000
4345
1409
2162
1724
1176
4224
3399
8741
7119
5909
8542
3120
7377
7528
7802
8006
6826
3127
2061
4426
8730
3637
3206
5980
2075
3108
5356
1900
2847
1759
480
921
426
2930
7989
2598
5628
1070
7458
2707
2226
3344
1369
2514
7077
3047
4872
2255
6576
4766
5176
6687
1812
2230
2671
1506
1213
1755
5218
1221
4548
456
7784
5572
3037
7299
7856
2186
741
8106
4543
7978
2938
6420
199
815
7013
5260
7639
601
1515
3050
1719
2413
2254
609
4742
5099
3404
8560
7125
2285
1656
683
4620
1537
4315
7313
7702
2352
7939
253
7042
7673
2968
676
8351
8660
5962
7020
3762
8070
6394
1028
2616
2369
5926
387
6260
8328
8677
6412
5705
1025
1787
3315
8696
3161
7657
7249
6959
3356
2246
7664
3336
2251
8181
3091
3184
5889
1501
8290
6474
8643
6879
669
330
2923
1509
6756
7436
7085
6689
6195
1841
6198
172
7703
3381
2385
5072
4889
8452
3411
903
44
7558
6790
7606
1201
6835
1633
7446
530
809
2322
3969
566
8184
4030
8655
565
7229
6090
6688
440
7589
7418
3577
6587
8345
3297
1743
6853
5419
5497
568
369
953
3105
3401
7145
316
8154
5839
6874
8085
7224
4608
5166
7063
2181
202
2721
3470
2328
174
4609
4157
2516
7586
2551
7599
6697
5865
1563
6621
5474
6331
5950
1341
4324
4187
8272
5511
3663
2144
6848
1917
8466
245
3046
5388
6771
6841
4383
5139
1362
8769
6091
4316
4330
7434
1692
4098
5265
345
3490
8433
597
482
4200
7785
6809
6263
2014
3378
5573
4835
6087
8159
4037
6792
5527
5346
2674
1328
8437
2107
5825
39
8213
3697
7147
3535
5874
7094
561
6475
1394
7961
5845
2053
2175
6026
2340
7708
7217
2121
2950
27
461
7363
8406
816
8520
6487
4741
4069
1714
7583
4934
7054
5901
4348
3759
602
5198
7291
1298
3684
891
6206
6351
1658
5717
3005
4750
5429
4114
3850
3746
212
5512
8130
256
4755
1192
2539
6501
4463
2588
6667
2380
5706
673
6729
3964
1811
6477
6606
3236
4723
4745
5435
4343
2170
3571
679
7646
6553
5069
2240
331
3673
6161
1693
820
1552
1461
7757
8035
3159
8706
8391
2559
7303
5020
2172
5074
4226
6226
5955
7474
8565
5959
5453
1861
1860
296
1402
5674
4836
2367
7603
4949
5521
2547
6270
3038
837
226
2372
6768
1807
2157
2074
367
5945
5145
1630
3596
8201
8217
2420
3242
563
1254
5710
4924
696
5175
6102
2651
3840
936
8198
5013
8307
1200
8288
7473
3341
1318
4353
7741
4186
2496
6961
6988
3346
7326
6326
3898
788
2775
8485
8349
2071
2029
8126
1404
2397
8283
4117
75
7061
1313
1585
8676
2898
999
1594
8346
188
8727
2512
807
4809
8414
3309
6620
6507
5047
4123
1352
1116
560
5656
3971
5581
7260
2243
8623
8199
8322
3771
5576
1850
437
7311
822
5239
1968
1314
3564
3194
3107
4160
1544
2415
5627
8473
5380
5633
6388
6629
3142
6352
8311
5482
5005
6502
4230
6482
2614
7500
7714
4213
2563
4893
1145
1600
6362
4149
7393
1172
3210
452
2460
3714
5084
2604
2719
6340
1764
5556
6365
454
3516
3360
23
3064
7161
423
4801
4252
3875
5113
6981
7519
3087
5216
4826
1388
8635
4678
8308
4728
613
7689
234
6317
1291
3199
3735
593
7598
5932
7613
5505
7017
5766
6061
3965
8037
8036
3101
3580
8549
8158
3327
5835
2786
5251
4433
6281
5405
7221
3556
7011
1191
236
1236
3594
2242
3397
5684
5554
1927
7227
6708
6686
5603
556
2597
229
2378
2849
3044
655
8278
1091
4202
8150
1732
1923
7450
4307
8099
8675
4405
2427
3793
5708
5392
6543
3826
1147
7968
8530
1533
2386
7014
7913
7278
3563
8732
5034
2990
3605
3473
1990
8691
1704
6706
1222
1422
1953
6936
3778
3093
7213
5643
1665
5309
511
2343
518
8374
6887
3880
8144
4968
8317
2025
2070
4970
6616
8640
2277
2164
5106
7431
4347
4420
7139
1229
2615
4162
5373
3798
6324
2057
3200
3099
3319
1624
1745
4691
2629
4451
3986
192
3685
8403
7867
1219
2794
8514
221
5965
4698
7177
8668
7499
2846
5713
7400
4109
3235
5803
2644
4084
8301
1595
6599
2275
5379
5608
7718
2638
7880
6289
5077
3506
3718
6772
1092
4207
4778
1450
7747
2220
3001
2268
8013
5376
8009
5614
1642
7209
8638
481
779
1184
7862
6185
6856
7047
5339
716
5597
7923
3602
2402
3627
1164
3652
2489
7572
18
6789
5958
2078
4783
6739
5334
8261
4649
3561
6237
5256
4571
8250
532
3716
985
2771
8267
8592
2333
3803
6399
2228
283
7997
5843
8756
6805
5381
7280
2419
4574
255
6077
8721
6951
1363
7265
409
4578
3168
1878
8409
3822
6867
6892
984
2828
8625
3650
54
2916
5544
6604
7425
5530
7140
8622
1410
8386
4611
6456
1259
6648
4733
6003
3276
327
6127
1951
436
2705
506
6921
5689
5192
6421
8016
8551
4545
4171
853
3318
8672
1709
1975
2896
5716
5442
2975
5042
4603
902
3942
3976
2358
1270
2357
395
3337
6861
3862
1465
7981
1126
7918
8027
6275
4627
1504
6794
5096
3245
1437
1712
7115
5486
2026
6750
6978
7510
8109
8787
1770
492
3462
36
1264
7003
8705
3256
4995
8165
5485
8464
877
224
6441
3039
6900
3622
3182
6803
7179
1041
3288
7605
5491
5493
4219
7987
1590
2097
2276
1675
5152
6014
1845
2967
5340
5905
2577
4947
392
1085
7037
7671
1941
1046
2146
4528
5204
5899
1096
3472
944
7330
5029
7933
6558
6115
361
6649
4380
8587
393
8062
2298
881
909
8104
3220
227
7044
7681
3348
7852
3434
962
6005
555
1694
3619
3640
6384
3794
8367
7914
5560
1467
4710
6895
3258
3905
8601
6396
7838
8667
2980
2724
5438
6484
7869
4009
3519
2100
3977
7573
7059
7155
1768
564
6098
4899
7732
6614
7824
5427
80
3289
7555
3253
7323
6052
8784
7111
2921
3300
5714
64
3476
3384
2199
5536
1181
333
1516
5644
495
2261
7600
1193
7172
1538
1626
7832
8528
4298
2130
7433
3932
320
3616
8472
7919
1380
7526
6762
1094
3452
3223
7636
6738
8701
2973
7352
1068
5328
2331
8547
4653
8384
862
2142
1906
958
2901
5100
1895
766
8356
4838
3989
3910
8408
8484
1023
3158
678
763
1898
1474
7305
4940
2892
5092
4519
2942
8100
1470
5919
5659
5695
6702
1185
3517
3439
5019
3992
8693
6787
7466
4173
8263
3531
3136
7259
3089
5452
1579
1160
5348
4699
1713
743
1304
6536
1390
3614
2449
6213
8695
7515
5649
3281
8751
6254
451
7262
6459
2815
6889
2790
6778
4228
8581
7200
3296
2104
3904
3750
2647
4828
360
899
7181
3469
8229
8422
4834
648
7710
6209
2518
3719
4697
2171
263
8669
1444
6277
1614
8273
8282
7846
6276
2882
2957
1090
2983
6611
89
4344
8292
1879
847
1610
7789
3954
4584
5404
6476
5771
5906
7775
6152
281
7481
8529
7484
8333
7379
3338
1030
1592
6925
4767
4195
531
5647
1971
5622
1482
3430
1757
1065
6563
1316
4260
1519
5535
8382
4764
6752
7588
7112
8362
1699
1672
3706
4623
8716
7564
4444
4270
383
5125
4424
2633
264
6537
3576
7001
4135
3363
3654
1580
8243
509
6137
4481
1286
5173
5337
2080
4438
4506
806
1347
4056
5578
5354
6905
4101
948
5538
8497
2316
1003
8747
888
7168
8543
6447
4408
8645
3513
8299
2610
8776
7584
8157
7796
5833
2922
5585
1833
1095
7270
1613
6288
1915
4120
2528
7793
7774
4749
4626
6703
8404
156
6520
3612
2222
6212
2580
3906
2861
1711
516
8501
8291
981
1697
5498
3737
5305
5028
77
3148
1886
6748
1778
4092
2480
2818
5272
6916
6737
6343
5026
505
1364
5164
7154
6610
6646
1383
2059
1240
7751
5943
2082
4496
651
3724
4662
4952
513
3648
6569
3280
4401
7372
8767
7575
5228
2701
2657
381
4470
3860
3812
3537
3843
6131
5215
7134
7857
4339
3183
4505
4667
408
4464
2800
5300
1863
7854
7833
3633
3126
8569
5415
7907
3528
8454
8566
6054
5789
7163
6495
3098
6398
8590
2450
7692
6315
7430
8361
6637
1231
2245
7287
7183
3025
5741
3425
4978
6012
825
889
7970
5119
489
3943
664
7890
5618
5987
2677
6834
2412
7663
5796
6046
3829
6070
5087
7807
40
2077
5580
8354
7556
7974
3486
8680
7075
2027
2840
5960
5616
4445
5201
5948
3886
3032
5828
7944
8232
5549
6419
1952
2883
8504
1926
747
773
6582
5178
7190
6188
6210
4133
7497
5225
4592
8679
6597
6807
237
2486
5
5189
6659
8467
7392
4672
3226
5430
2665
7730
915
8578
4892
7071
1253
473
6355
2438
620
5341
7241
8771
2527
3696
4590
6379
6725
5382
5586
5802
1931
7716
1916
7058
2739
1729
7597
6224
5345
2914
1588
4633
5670
6928
628
5855
6612
2174
6628
5658
6767
4299
4866
1284
7353
8142
1349
5444
1786
4355
8671
1218
4142
6478
5004
4089
1472
1005
4930
1002
6434
8507
7991
6958
5291
1008
3903
2793
1754
5834
6346
1653
6034
6118
3957
2912
1536
8778
3630
8654
3892
1152
3347
2085
1662
284
1522
3598
4593
588
7096
7467
3495
5253
6575
6283
254
8608
6175
7570
2778
5332
8143
8517
1887
3369
6092
5011
6528
2630
3557
3244
4276
158
3086
6124
2918
403
2618
4025
2659
3734
7910
2145
8043
1798
2184
1486
2801
4787
7873
5665
6698
5089
3408
2125
4827
7963
5273
2151
3682
7482
1146
7339
4708
3927
5055
4322
8370
7248
852
6322
3398
5310
1667
2710
725
8048
7932
235
4327
8339
4844
3094
1478
2147
418
922
8052
8704
6338
4325
98
6634
6393
496
2011
30
2319
8271
7849
1673
3283
310
6723
6065
6411
6430
8203
228
1403
4993
4918
660
7469
1429
5846
3079
6039
2178
6998
572
353
2143
4071
7533
7212
1365
6929
1202
3970
6332
3978
8124
8534
3813
4976
7792
8731
4477
1463
140
3063
3644
3371
2111
4155
4820
3573
4168
2748
4721
6133
3717
5655
1794
3777
5737
797
2795
4702
6465
2476
339
4629
8075
2960
5739
5976
475
7276
751
6718
4910
2533
1124
4815
7008
7198
1663
5742
3109
3575
6890
5768
5331
4370
7423
8553
1049
3991
8614
7051
4825
6538
6433
3736
1586
5223
6205
7770
2219
6018
6413
8055
4948
5436
350
5615
3962
3208
4566
5594
5566
4253
2935
7549
4211
7790
2737
2556
7632
916
6000
5879
4052
2073
5515
4996
6736
5414
7859
2409
4489
5095
8401
3270
2207
2886
3249
7167
6139
4247
6043
2812
3617
7395
8172
8053
4635
8033
1872
6920
5393
1348
8119
1007
1944
2566
2101
4554
6683
3324
1140
4986
1466
4335
7203
2417
6498
8082
8728
928
3351
2694
1261
7895
5477
3817
8069
424
6793
5692
8107
4384
4601
3827
810
2031
6505
6823
7307
8019
6196
2355
6734
5362
5304
377
3059
6135
6097
8305
5646
273
5793
1271
2221
1296
7365
5951
209
3306
2910
8208
3483
8274
5765
5344
8371
623
3548
7760
8607
6532
8008
7271
7244
1554
4028
1224
3581
661
6284
7197
5016
3881
5127
1287
8702
762
7684
6272
1655
1489
949
4753
8724
3386
2038
1359
4429
336
275
3277
7672
5981
208
813
8231
2584
2468
4051
3820
2684
8117
60
3583
8068
438
6747
7477
5457
7753
6327
2168
286
7650
7304
7230
4887
7237
3646
1300
3169
6930
3609
5682
7694
5057
6050
8419
5690
5126
3301
278
6244
6455
3514
8425
5075
4266
3845
7506
1591
4455
8750
6452
7884
1650
7661
8265
1659
4909
3549
2685
4372
8233
123
715
540
2138
3981
4588
1408
3156
2709
5968
6693
616
2835
711
692
5619
5254
7004
6886
6037
3023
3908
1325
4006
3433
6136
168
372
1084
2772
7505
7095
7670
5736
8295
6938
1026
4362
7776
1564
8758
1740
3073
3639
4095
2780
2589
7580
1425
3295
8531
141
8683
1733
1449
8596
6749
2830
1596
1567
3471
3317
1593
5269
1512
7298
308
1004
73
5146
5863
6370
8366
2555
3838
8535
1818
1607
4647
2353
13
8285
7373
7320
6966
1414
4780
1901
2848
629
6140
8300
8054
5827
1839
3667
5326
2177
4876
7819
2155
2966
1047
5165
7861
6231
626
2511
4027
5546
7591
2433
3728
2006
2098
7562
3128
3566
7468
6638
4761
8004
6242
7235
7662
6509
298
5762
7781
7371
7960
4106
7698
8627
3851
4080
326
5394
5389
7674
301
4880
1163
7118
8634
8302
6041
2988
7615
2269
1821
3907
2747
7745
4573
7667
2010
8540
6225
539
4484
1905
2141
3795
4602
6202
5058
4376
7503
3014
803
7996
3847
103
6993
388
8253
5917
6514
3035
3678
8353
6126
1638
5136
3525
4515
2682
2314
2414
630
5516
1399
8526
6449
4792
6775
3879
8310
4361
3192
3254
5794
1572
571
8112
7847
3496
3768
2832
2599
5787
4658
7171
4311
937
801
6918
2203
7041
860
5504
6292
1340
1442
5547
3252
4845
3463
8457
2330
7378
7178
6510
363
5978
7665
6302
8779
3009
2664
8237
6899
6829
7195
7979
8336
1780
5316
5888
7026
8663
8128
2434
2791
3779
5338
1749
3388
137
551
3664
1458
973
5812
3048
4704
3773
5217
3282
5697
279
4240
3233
3913
7097
1175
1645
744
3102
3819
6084
3013
5287
4837
2959
7545
7006
2239
4004
7550
1935
4942
2956
2465
3442
7711
3303
251
2301
8426
8151
7788
5778
2972
3928
6088
4381
466
6909
7973
5148
4268
4221
514
7701
5235
7801
2987
4216
7587
7426
2264
5565
3218
8752
6995
1651
5140
5520
2169
6066
1684
7749
7825
8738
6378
4694
7975
2690
5707
7520
3661
7021
1199
3097
3074
4717
4490
4917
415
2362
2807
2803
4941
7187
7341
3061
1430
269
4055
2643
5363
1078
8555
5267
2531
8697
7460
8063
5661
5483
1056
443
2895
7504
7176
6004
3599
5552
2291
4400
288
1428
4891
7489
7782
8067
2123
919
3781
7219
4903
617
8630
5829
3155
4526
3239
855
5294
5158
2167
3665
8412
1357
6950
1688
637
171
7215
6082
5169
5221
7602
4246
2582
7022
3868
5366
414
384
4156
7743
5668
5249
4466
3853
6063
1520
6060
6782
1668
2573
3036
8309
1177
8766
2370
4856
28
558
6727
5400
4015
5617
8545
6643
2022
1543
1955
3204
748
859
2934
735
4663
1627
950
7258
3912
4929
3951
6120
7579
4217
2196
4014
1194
8244
7243
8041
6696
6779
2113
3550
5777
5422
2889
5083
5279
527
5343
2949
4352
2366
1750
1435
427
1155
3448
4915
6837
8202
5030
3191
2611
7756
3376
8098
8436
1606
1888
6550
479
3809
1475
1891
1302
4607
8763
925
4427
4604
7028
8612
6671
2631
7625
4131
7465
717
3821
5651
4784
2018
8487
7117
5912
4959
4870
4676
6490
7999
5321
8251
8287
8411
5067
1012
7892
2560
8765
6580
7459
6624
4585
5248
3000
1982
4244
4148
2436
5719
7971
4937
5012
416
8743
2351
7312
5478
4437
8762
6588
1619
4275
8091
2439
3742
6336
6942
2106
7132
4271
6662
2569
1691
4091
500
3607
6913
7092
5990
307
7546
702
7104
195
5836
7100
3321
3961
7380
3865
5289
1167
1415
6568
7908
6074
7553
4269
1597
3651
8432
6493
26
2881
5997
7810
1505
8187
8176
6617
2256
6658
6786
59
2594
910
313
266
1053
8768
3748
1671
4190
5679
3585
1242
8690
3883
6593
8087
7182
8148
2392
178
7101
6096
3153
1497
3110
2324
1998
5574
2543
6608
7955
3117
8557
5052
5675
113
4227
2244
3362
2525
2056
2711
6371
6633
6635
4198
105
5403
1622
14
5589
4288
8247
7687
7274
4648
1576
1503
1583
7160
193
8014
4923
4752
845
1969
5197
5533
662
6439
3721
5451
4295
2763
6345
742
693
5369
615
1902
4617
5664
2024
1010
6238
2605
5752
8595
1785
699
6148
3973
6732
2683
3890
4807
895
7660
2034
8729
4981
8395
6108
7461
3530
6847
3284
2334
3922
6481
1372
6640
3052
5112
8616
8657
5193
294
6417
3106
1677
1494
280
3361
983
6680
8342
4404
4725
7648
1159
3268
1332
5162
8180
5181
1589
4472
2595
5172
3671
4150
2649
4144
4851
8230
2411
3796
5085
8658
8593
2266
4808
311
8170
1243
1491
7929
99
2483
2344
1262
240
8061
634
4016
5731
2623
5293
6534
4397
5728
3584
4802
3391
7277
3421
4744
2407
4199
7966
6180
124
1033
1934
8699
596
5371
3674
2472
784
4596
7325
1682
8619
1479
3863
2826
970
1305
3201
6045
8576
6881
1272
5307
6107
5718
5022
7806
6817
2289
7383
812
2585
7532
6305
4943
8248
3713
3711
3453
7087
86
6572
912
5417
484
5088
5783
3140
6381
719
3313
4340
1897
4535
1312
6819
8470
3772
4057
5063
7407
2065
3624
1135
1725
3715
8072
2548
2296
1771
4184
967
5038
238
2423
7359
2746
3406
62
1932
8042
8781
6414
2558
3432
8279
5525
7381
43
7637
4518
2783
4709
1686
5292
7763
5258
5212
4377
6339
2042
7872
7566
7620
1830
215
4722
5602
4085
4053
4950
8753
2149
6432
1773
1551
636
5600
7706
2095
3312
2452
6914
4555
5764
3937
8133
2292
1485
2603
4839
7232
1849
1862
3723
897
2575
606
5233
1788
4078
6508
3260
3405
7517
5071
180
2194
4205
8047
5823
5086
649
1869
8335
1526
6524
2519
3621
1529
6681
277
117
2749
5583
2920
6615
5653
6367
1510
2554
2969
5952
8572
2837
5861
776
4386
352
474
4875
399
7429
5128
5391
7301
1660
3610
8334
4906
8471
4487
7344
4382
875
7088
1244
7858
1391
4375
7567
3259
1011
7447
4739
3188
4559
3699
7964
8031
1578
4147
4982
1411
5842
7912
3854
6457
8463
5996
6939
7896
5808
1854
2870
2293
2693
2361
2652
906
8749
998
7841
7581
2878
3679
8632
3162
8498
577
5411
5219
2182
1707
1469
6759
5542
7078
7068
2906
6029
4680
6882
2989
233
8603
7916
2288
6085
5518
4692
1000
7614
6114
6200
3497
7449
4894
3634
4819
2299
194
7223
7486
6375
2831
2587
5116
6947
3285
8678
5729
2081
7848
1810
5671
4066
5509
5138
8718
2281
8573
3407
6075
4108
8192
789
7122
1582
896
494
3804
1251
4139
3477
1993
7082
1710
6976
6684
7758
4869
6840
6019
5806
478
7437
2139
7855
7902
5009
4145
3782
3864
2350
7527
1071
5607
6974
2463
8617
3328
3217
5274
652
1873
3511
47
4990
3118
4471
1107
2672
6193
6945
2179
2318
7836
7761
917
5620
1609
7322
4248
7590
7953
6121
3294
3045
1871
0
4591
8441
2000
471
4474
1885
4099
7777
1715
4478
6214
8325
4983
1789
6278
5882
3103
4406
1629
3203
6356
6223
8568
7787
5043
4606
4877
1171
4231
5433
6585
2535
7415
4342
2713
5502
2904
1946
8381
7456
7428
3114
6190
997
6564
1215
375
5662
6742
6924
3119
6191
1268
5988
4281
6613
8160
599
4998
619
5858
1223
2811
6236
1763
3518
1141
1336
4096
3152
1513
3760
5795
6666
3115
7903
8023
2183
7067
67
6827
1333
7993
4655
892
6076
5862
6864
5740
8402
497
1256
3504
3635
2215
2388
8032
55
3552
4220
7656
4911
344
6492
5277
8059
534
542
8649
4265
3867
5575
5432
7686
8703
6250
7364
5844
1848
7874
6964
4988
5631
734
769
584
7455
7076
4263
7318
8434
7630
8754
8385
1496
88
5021
687
6627
7791
3269
3077
7184
726
526
8637
5032
4989
6145
8665
6259
6815
2035
6330
7900
3701
1779
2461
122
3018
66
2658
965
5231
1747
1239
731
6321
4513
8383
4447
6101
8559
770
5517
8651
3380
5680
8522
1683
4921
3060
621
3180
2150
780
2890
4234
2020
3521
7930
4010
6677
3255
7388
2991
8720
1535
5677
6228
6028
4007
4031
942
1274
6110
6064
6297
2383
7191
8359
1797
1062
5476
8111
3523
2529
5588
1844
8139
4332
7476
6177
362
3753
3428
3092
4180
5596
4250
191
686
3866
7057
8548
5606
2855
1263
6450
7604
993
2619
5506
459
2404
5261
3509
239
4122
5819
7114
3700
8007
460
703
4849
6320
1942
8188
1894
7514
7110
1149
7205
4100
6770
1752
6485
8080
5904
4257
525
5685
4082
3568
8748
6849
2909
5784
6503
7131
3028
1038
8740
8175
6123
2759
5776
6261
5450
2513
6573
805
321
6713
4743
5036
864
839
1637
7340
8245
7406
335
7986
6300
2925
8076
1936
913
586
7645
3591
1386
7610
442
4041
153
2767
4483
4279
5109
3949
7713
6215
5066
1431
5264
7490
1258
7384
4003
5642
7928
4616
4664
517
2237
458
8083
1904
1077
107
303
2593
8269
7773
8761
6435
8074
4621
6760
681
868
8326
4364
4707
8407
3248
1234
5592
2375
3031
1852
5895
2079
2632
1337
7451
750
8021
2389
8360
8355
5910
5654
8350
6062
3443
6761
890
724
4883
4300
8141
5920
5061
5390
2122
7812
3331
1438
1330
6923
656
246
1151
185
4238
391
7983
4181
6071
977
1355
2294
1087
366
6496
5290
4079
6489
8511
7534
3791
1689
2336
2827
6678
3409
7764
1285
1329
6705
4605
3113
287
2821
422
7043
2676
1556
8459
5999
1292
7693
8722
1382
1067
1984
292
5514
7826
2787
2984
7830
7236
3601
4328
3034
6726
7721
1502
7494
4868
6802
5449
143
4656
7984
4587
2600
1603
6410
4531
7362
396
7231
7403
4201
3631
8347
2995
700
740
7367
2523
8435
1911
6249
6934
3055
151
1500
6429
8499
3459
6141
1828
433
7992
6971
7845
3597
2091
7214
7851
8226
6405
8656
893
2996
4652
682
5237
7725
8444
2666
2280
1560
6488
8482
684
6024
6813
2156
1063
4035
6549
5832
3489
4638
5229
5635
7540
6251
4552
7185
4549
6605
4610
1481
2009
3924
4479
8219
1117
7616
8363
210
5816
2033
4985
6268
4734
7501
4430
6641
7827
1742
2764
4711
2323
8147
4356
3024
8298
8480
7568
7860
969
4657
493
963
6048
3980
1142
3889
4235
7382
4468
2118
5174
4788
2258
980
1514
4686
5465
2679
3446
6497
7911
56
4357
1703
6286
7552
6182
7206
3675
167
5317
1044
2947
2992
2127
7946
7226
6197
2295
2393
5683
746
3049
4797
4161
6592
8045
5487
7397
4726
2234
8249
3160
342
5416
2214
6755
840
6731
149
6011
3933
3919
2037
8051
2176
8146
2193
6983
5813
3030
2363
5669
1819
8624
6298
1919
7734
6804
6844
314
1525
1945
996
3668
7899
3481
3415
2197
5375
3418
4113
1943
4972
7495
5543
1706
4419
2290
7925
1739
2249
2454
5283
3792
3335
1460
1866
425
7601
6996
955
865
5475
1523
3334
7634
6313
851
2924
2806
3267
8742
1027
7239
6020
8554
6579
3179
1103
97
5329
2944
2564
7193
187
5568
795
8506
1623
2399
569
1307
1173
2257
6522
1973
5090
7870
2779
7317
2993
8714
4329
3705
2695
7675
3691
1024
808
8429
35
5207
1203
7917
1985
1255
8276
4861
792
4975
4385
7891
2940
567
883
1756
3620
2718
974
4962
6073
7107
924
4178
3370
5234
8352
4579
6080
624
8140
6309
1233
2271
4847
694
5079
3084
8071
5985
8733
1022
4716
1121
7442
6168
7542
1104
976
2406
2119
5238
6740
2188
8477
2907
3533
2283
3154
2522
6233
7800
867
1617
8575
3382
2974
1072
7421
841
8430
6869
7863
5875
757
4912
2789
553
6517
2838
7516
7252
5462
5147
4650
5867
2750
6163
5532
4570
7938
5230
5508
3427
6798
324
4984
4431
8524
1123
8620
7218
6468
559
8684
854
3389
8605
3565
8153
297
72
2774
4110
2866
2592
2653
5105
4675
2820
7034
4097
4782
6387
5534
5149
6122
485
2467
6932
3595
7771
2578
8164
6255
5045
6240
6392
1462
6545
6715
3790
5590
5111
6623
1817
5893
5687
2871
2120
4172
7748
7805
777
7150
5859
1954
927
8270
3960
6068
5386
2279
7513
713
7728
2032
5323
8646
8168
8222
3291
8216
6418
4398
6113
1195
7386
4020
5469
2545
2899
8786
1820
6586
5214
5413
5507
1956
3702
3902
3869
4059
2272
761
1483
2108
3278
574
1924
4511
2148
894
2408
6006
3727
7040
5880
3373
2459
7529
6285
1584
3465
2784
486
7448
1453
3066
4979
8000
5853
647
6128
3211
2114
2856
1625
6146
118
3042
2429
6824
5035
6990
1994
7391
8389
2339
7507
6153
4720
745
3653
3776
5247
6521
5142
2929
5410
1826
2537
6941
7081
3261
6067
1657
6395
7840
108
756
5883
3020
4637
4287
7293
1654
2799
8022
8321
778
6353
4888
3081
4539
1342
7064
6344
4407
5428
5050
6058
1602
7419
4898
1051
1959
3080
3963
529
5318
1407
3915
1148
404
6437
46
5860
6246
1884
2933
7414
1197
3133
305
3501
6780
274
7644
6994
111
5297
2607
4965
1825
5693
6561
3988
4677
1992
12
3587
2129
6896
5915
5698
10
4460
1760
1865
8
8256
4567
3377
3007
7143
633
7512
2087
3221
4130
5124
2663
3320
3520
5992
4774
2814
6810
5991
1561
2574
3725
1064
3694
2165
4017
2971
162
6540
398
1827
5468
2447
1545
4314
7238
4661
7333
3647
1118
4550
1260
3302
794
4394
947
4793
4076
1323
5918
7690
760
6027
4073
1344
3455
8079
6584
6010
2505
6310
2469
8600
5285
5884
5964
1
6873
5650
3895
7056
3876
2755
4308
6933
2561
3938
8503
1641
5641
4811
1575
3797
3323
5878
3884
934
4060
4261
6962
5639
6341
5941
2400
5609
1417
1882
5263
4612
2072
70
2706
3171
6038
1876
7831
8513
4769
6735
7617
176
3342
356
3488
7012
8735
8268
1075
6953
2744
5051
592
6239
3692
6402
3676
5753
127
1113
6311
1488
5232
6985
8194
4334
3885
1999
1896
3887
6603
3544
7988
3272
3170
5513
7688
7427
5678
3527
3167
7120
4318
9
5319
4302
3592
4256
1039
3710
6390
834
8018
4886
7496
4882
6282
312
7127
1832
8116
1066
4890
3911
2613
2999
8416
545
4102
7351
6751
1021
2860
3695
3339
5461
3147
4500
5123
7360
5838
707
7306
4072
8375
21
4920
177
6991
3984
1452
587
4639
8700
1546
4473
4798
4243
4775
1922
6526
7563
7175
6316
1379
3707
5194
8094
5891
4338
4194
8458
147
3744
5967
8120
7881
3901
7695
136
119
2979
6674
8598
5785
8177
15
4790
2005
4449
1319
7286
268
1169
154
5466
4465
6619
4417
6948
4812
6935
5007
6871
1573
5758
657
2001
8410
7065
3311
3241
8533
4522
4416
41
4759
5856
3859
3515
8173
3070
1701
956
4517
6544
832
7201
282
8121
5563
6590
29
4594
5913
8255
5673
1524
519
4630
378
2455
5503
271
3124
7345
4760
7778
491
4323
668
8613
8537
1153
7950
5598
6385
1052
368
6001
557
7196
8469
2687
7569
2475
6397
5824
2733
57
4285
6595
5129
4363
1883
6557
1702
8011
6059
5024
2697
8488
1540
3416
3626
8312
7524
5177
2223
3543
5826
413
5358
6218
8609
1250
8739
7464
4105
3394
644
4865
4459
1762
5003
7413
5873
6852
4824
8574
521
3975
7668
2391
1831
328
6863
1419
4885
7007
2232
3709
63
1358
4425
4932
2396
329
1189
4336
5298
7813
8329
6694
7439
2180
1620
6596
5579
8319
1737
6220
8541
5757
640
5014
7611
6711
5989
5472
7943
7921
6100
2060
4668
6541
4002
1370
7324
4994
1840
7401
4457
2017
2553
2503
4452
7893
5938
7640
8711
2825
4249
3330
5894
7931
2839
2669
3740
2066
1782
2510
2762
4618
3593
7766
7256
3914
4058
420
6800
84
276
1368
1081
1705
7211
148
5302
7888
6279
7053
3085
829
7998
8138
6243
4
5191
5638
259
8397
8588
3897
7420
4705
8101
508
4860
7679
5243
1214
445
348
5648
4779
7483
131
465
8717
4537
7357
1288
1996
5911
4643
4532
3157
4065
4636
3769
5961
1058
3076
2041
7683
4206
5359
5732
490
1664
257
5010
2338
8113
6221
2507
2300
3460
4955
8438
5242
2453
643
7834
3756
1480
2154
2769
3352
6577
4553
3799
2158
2985
6271
8167
5720
6720
4757
4350
5890
354
8550
2521
2667
4765
7126
666
4046
1241
3730
7390
3948
8670
1457
6644
608
7554
2490
4971
5078
2224
3507
4074
6031
4291
6154
6811
4399
5118
5523
5949
767
5866
1293
721
3780
4245
1734
7369
1283
3450
5722
2019
4021
8331
4040
1507
6483
4485
7522
7876
4508
952
1875
5640
739
1412
3522
3355
5820
6922
4852
1836
4446
7643
1086
5492
4641
4492
5939
3900
7294
4225
8093
6081
1767
2040
3088
1228
6773
1366
4907
8123
4061
1247
3997
1280
6295
884
5280
3939
71
7290
6660
8440
3474
260
5330
5157
6937
2309
4312
7990
1792
8056
6788
5098
5501
371
7769
5971
930
8156
4282
6287
8563
4735
6053
6825
2441
3806
3747
2124
3395
1649
2152
8049
6235
4666
7557
2994
5885
3492
8387
4229
5039
6328
1122
7009
5135
7342
4669
2869
6472
3422
7704
7809
6877
515
3815
5082
4491
7083
7565
6129
3995
1205
7936
8161
4671
7016
4953
8413
940
6366
4628
2817
7031
3830
5562
2637
6189
455
1204
730
4977
5940
1424
463
510
2049
6086
3683
1793
5454
4410
1698
2976
4858
4681
538
4871
5605
7123
7875
570
4488
5068
2692
272
2758
323
8785
959
1079
1636
5097
1111
1976
3125
1816
8460
3606
1400
4756
5749
7669
8615
4378
8002
8774
1834
1721
4718
5423
8396
5153
2586
3582
5759
1723
8455
3766
5966
8585
3574
3293
5599
2088
8145
817
4803
3287
7680
7135
2864
3257
3941
6716
712
1001
4236
8491
3193
838
2802
4278
7780
5769
2401
7315
2650
4534
3002
6158
6574
4773
6965
2347
774
7794
6400
6591
4732
882
3604
5252
1555
7295
3956
5313
1542
5351
8688
2307
5994
2699
3130
6132
7799
2247
3234
4951
1615
65
6600
6885
6042
109
5190
3396
4701
4441
4124
6866
2044
3559
2836
5179
2712
4556
8737
2185
1634
3918
6308
8065
798
3693
1350
4259
964
1640
7736
765
4319
3921
3176
8686
5601
3993
2858
4033
7296
3491
7699
4448
3412
6530
3878
5946
7767
8415
4137
4104
8338
5352
4524
6358
4396
74
1531
429
2728
6839
8026
2822
3240
7927
5584
2961
8358
133
430
8166
8186
4273
1346
6776
4440
954
4879
7949
2012
4651
5564
2865
51
2641
4682
585
7072
216
5840
5168
4673
2435
1801
2052
4054
2153
2238
7411
5872
1273
8780
8577
3216
2639
7368
5104
4036
6204
2937
7098
5528
3936
698
663
2218
20
3096
2478
5974
5761
7509
7349
6908
8332
6741
1043
6542
1360
306
2443
7543
1498
8259
2485
7722
4034
1115
7868
1310
181
3353
7255
2654
5399
2501
231
935
665
4575
8364
135
6808
5202
1731
2206
1687
7488
7909
4495
2270
223
7084
4192
8118
8453
6382
7746
5470
232
6357
6119
4301
5420
4625
4258
5499
4368
2492
6746
2796
6361
2717
5550
1073
1618
7839
1405
5870
6427
7779
5270
886
1814
3985
81
3175
7548
6165
3174
1769
573
872
6884
7676
291
7216
5637
230
1727
6865
1324
8443
8204
4011
7887
6902
319
6511
6409
7898
2260
2609
5632
1549
3006
6679
7951
7677
5421
2965
1823
2208
1447
5558
4215
1187
2648
1433
2342
7935
6556
6089
5132
2030
536
1165
6636
5156
7050
4738
4957
1196
8324
2546
1621
6040
3534
6781
7649
5703
7842
6915
8642
7233
182
2335
7186
6653
5306
4730
5557
6307
7091
3638
8046
4645
2841
2348
7284
4391
7000
3698
5425
3539
8589
5412
4436
1289
6334
5222
7535
4064
3121
6234
1019
2187
3149
5767
6860
6963
7818
3807
3982
1611
7251
4310
7920
2311
3547
3131
1570
4644
2680
3733
8015
8378
771
5151
2099
7090
6230
7618
6926
4724
464
1320
6548
7199
3479
5180
261
421
7039
22
1928
8597
1541
2233
1674
989
5701
582
4413
5184
904
5460
8297
6515
7334
4204
6247
3996
3783
7174
5738
4568
5108
3329
8182
3958
6655
7153
4558
4068
76
3429
5489
6533
7089
1130
3540
6349
7035
1295
1867
1599
2198
5402
6083
6491
646
4794
1387
8427
3608
3307
1970
1965
1806
7338
3558
1186
591
3874
3410
6692
5220
4881
2007
1809
7926
6201
211
3722
6159
7263
3141
441
3589
4818
3237
3870
4454
8736
4333
992
7582
714
594
125
1751
4944
4632
1156
7594
7853
8719
1492
8626
6754
8005
4613
130
3680
6363
8448
265
4164
5484
5395
4305
8320
6701
6337
8214
2608
8020
4770
8341
476
3953
8462
8102
3178
6304
8327
1128
6173
1133
1608
6466
2128
6252
1235
5133
2116
3741
1670
3222
1644
8209
1532
3945
6876
3524
428
512
189
3666
3642
4415
7049
4169
3808
3526
6566
4469
7822
1371
4946
8238
4418
3837
5017
3067
8662
677
3008
819
2365
48
1418
5973
6685
8629
4841
4121
5445
5336
4182
8218
6443
783
4294
7977
2877
1471
5972
6982
7576
2320
4850
1612
4179
1423
7435
2135
4557
3814
848
4174
4422
7906
1367
3662
4166
2606
4816
6364
1306
8445
8137
6832
1354
6265
6506
1493
5809
6868
3051
186
5479
179
6917
1534
610
3385
289
7612
4239
3754
3839
7267
3752
5154
7561
2349
7521
3858
6105
6622
4494
5364
6008
359
7141
2364
5595
8252
821
3458
3445
2936
2844
8715
3104
5054
939
7207
6968
3250
7410
520
4365
5227
7666
2931
435
5942
2939
5561
6103
3010
8594
4049
3441
8582
4337
550
6784
2494
2661
8388
1939
1282
4586
6232
1080
8127
3068
8428
5712
4045
7297
8486
7281
7346
1245
2678
8390
5163
6765
7157
7511
732
843
4503
3145
4297
8195
1652
804
7835
5027
1303
3366
3677
5709
2777
337
7164
5284
8241
4251
7972
4747
1718
4768
4974
1983
1356
4776
7454
4170
1858
1761
7962
332
5065
5924
5841
2192
6002
3132
991
5357
3187
7783
6594
2549
7440
7531
5775
5892
4897
690
3247
1182
8205
2893
3372
3968
2729
2703
6898
1912
2851
1949
5944
988
7742
2617
6975
1690
406
7144
7538
7375
2868
6846
4497
4843
325
2867
5200
5652
3029
5715
2540
5864
5350
3062
6721
6632
1416
2410
2908
1920
2430
6952
6095
7803
772
3230
4771
3228
5750
8206
4919
8681
8024
3310
4387
5160
8246
2428
2134
7275
1528
2926
1031
8223
7062
5167
78
8726
1432
7709
7786
6425
2571
7405
8394
8439
290
8773
2265
5788
2259
7261
7133
2329
161
7208
5801
205
4597
4280
4005
4286
4546
5908
1106
3393
1217
4521
2509
1562
2714
4576
4292
8034
3122
6156
249
1036
3757
4614
4520
6057
5871
1948
6957
6436
5209
5490
5983
4829
1857
6266
7544
1227
2872
2932
6769
7234
397
5335
753
4670
720
2668
5122
7635
1476
1605
2541
299
2532
3243
6700
3019
389
5271
5314
3542
7417
1518
5984
8025
8447
8539
8618
2039
6855
6695
5902
911
3417
3246
2997
6987
5500
8152
5553
2576
8304
4349
908
7956
267
1746
5114
5211
3825
142
4138
8189
704
6795
3290
4070
3286
2776
6323
8685
4966
5519
6380
6359
5262
385
3482
6862
1257
7269
6516
6940
2538
579
5851
7924
4176
2757
5567
6535
6021
708
1559
3139
6830
4272
6554
5928
5577
138
4763
4785
33
2448
2716
8215
1961
4392
2945
1487
2
2785
7396
709
37
2504
8398
3219
7821
5666
6035
1989
2474
3478
7472
7302
2550
2495
1035
2900
2884
2723
2843
5900
79
8306
4572
1322
5555
8344
1988
7023
7571
7945
6665
8258
6525
905
379
2137
2853
8783
152
3189
8536
1406
8421
3365
3383
5250
3931
6831
4659
3891
4619
6404
4321
7959
2346
4900
370
7332
627
164
2267
5957
2977
5144
6954
8131
7754
4088
1276
3761
390
1112
5245
6125
5956
8088
4093
2089
4475
7093
4665
7768
139
3011
8136
1855
2479
1909
2819
1938
1495
3304
2090
554
7994
1980
6301
2321
7165
1377
879
4083
2708
6529
823
7189
106
2873
1581
914
225
4873
6167
6460
5837
5798
6416
2722
2093
175
6851
5121
6960
8330
4547
380
8221
3929
3468
8710
722
5897
5365
1774
1940
7738
528
3173
2928
1373
590
5434
7631
6589
618
5877
7321
6799
4167
1547
8254
1385
6464
4530
6744
6663
7536
7952
3508
1050
7814
2377
876
8174
5667
25
8713
768
8318
6714
7225
5524
6428
781
7823
675
1266
8405
1374
5037
8399
1979
1870
197
7240
4143
3451
4646
1908
1635
258
3811
1393
6348
6494
334
887
4317
1987
5593
243
2978
1978
6335
358
2798
3935
5353
6144
2645
1748
5854
7498
5397
4029
2210
543
5046
6828
7108
836
5241
8227
6651
7626
222
6883
7574
7385
870
6984
8666
6645
5103
4980
1376
635
1950
2736
8266
1700
1962
1102
4901
1131
7885
2524
5663
488
6179
6901
4569
3873
5770
1109
2955
2954
1279
7737
5494
3562
2502
4428
6093
1647
8003
871
2816
3271
7595
7285
5056
5115
3681
7416
4895
2583
5333
2332
1643
5975
6164
8135
8602
7619
6016
7130
5107
3116
972
2302
2384
8183
6169
8611
6186
8225
946
1396
3569
6763
8340
2565
1060
1108
6699
6372
1571
7194
1722
7539
885
155
4928
2109
241
5324
6445
6631
5312
4810
7146
2416
7502
5540
6571
6471
6403
5320
7314
2273
2235
4267
8745
785
5015
7750
6025
4208
8280
1334
6523
8725
8475
7525
7739
4296
3040
2211
1805
5208
1459
3787
3893
5441
7462
1822
6294
2217
4277
365
6253
688
1174
2305
8492
5522
8544
755
3785
1267
8456
4453
2626
3944
7530
5623
4713
3137
7350
764
3279
8417
5621
8212
4789
2702
2084
3426
3784
3844
3026
8782
4719
7982
198
8357
754
5869
8277
5786
8510
8380
7138
5383
7152
2213
7412
1099
3467
1933
1034
4498
614
6630
2421
6222
6859
2656
541
2562
4640
338
3923
2887
3
6386
8315
6560
1183
7717
4379
4414
7537
7487
1179
2016
3658
8084
1006
3186
1648
2810
7976
2216
4840
5495
869
1972
5210
6728
8606
7222
8628
8029
5551
2282
8039
8038
3213
146
5935
2727
8468
8512
2131
4956
8078
2381
8479
2083
2371
7731
5610
1958
6904
2045
1301
4821
6150
7137
6654
3003
2458
6094
4262
8508
3775
3917
5471
2110
8275
6360
7733
6816
3909
2115
6850
7257
1632
1269
3950
2140
3925
1208
8687
407
7729
3069
8372
250
3299
6888
8134
5831
2102
1730
6463
3805
2487
7121
8571
5743
219
5526
3150
1802
6657
2756
6562
2442
6383
4115
5041
364
5541
6
5881
6710
5224
3818
828
4831
7942
16
100
6216
6211
6719
2445
8169
5805
4695
2499
3502
3163
4367
7070
2854
8723
7310
6894
7010
1776
7523
7658
639
3054
2015
357
355
5059
3457
4512
3438
7654
6178
214
4848
2557
503
5048
6927
4595
4863
487
7491
7629
1490
5401
6296
2248
3877
5907
7995
2341
6709
1890
5196
4583
3197
1527
4967
3629
1089
3493
4846
114
849
1735
302
2424
7337
3387
2063
173
1129
1361
5531
1765
2915
3745
5473
8500
2952
4326
2642
132
1967
4830
3841
3816
1835
504
244
4564
4945
8789
1666
5660
2686
1790
8200
931
2741
1281
4622
782
5159
8040
6806
3082
1032
2105
3357
7376
3611
1758
6354
7744
1995
2766
4540
6438
7624
2287
5409
1925
2863
2315
8431
1018
1338
697
2704
4346
4795
7705
4939
8451
7865
7027
4132
6264
5282
2161
6642
5570
2946
7623
2943
5724
7030
2201
5604
1957
3165
3461
4196
674
4973
5073
2696
5744
7250
2734
2354
4177
4126
1803
7247
7432
7628
5754
1685
2477
6893
6051
5933
4751
1381
7409
4712
2902
1157
7156
5953
5213
3987
5199
6836
5110
7922
4388
8096
7765
8423
3553
3454
6822
1209
3181
87
8400
4094
824
1991
6192
5510
941
4969
7292
6407
7957
5091
1188
3212
1842
3016
248
6903
116
4075
2482
7404
3164
2284
3350
5226
5117
3703
3636
3134
5569
8089
3990
7443
2552
2579
4151
4434
6878
7883
3770
270
2092
3536
2568
7394
3590
5060
1069
6872
6440
2601
727
6199
6820
3560
203
945
4502
3265
1907
1134
8659
2136
3669
150
6661
6570
4241
3305
811
4874
2515
6149
2103
4141
575
7937
6668
4685
1964
1918
6857
3205
5929
2688
7659
3400
1903
1796
4954
1947
5780
6454
5384
7069
5969
1138
5954
8631
7453
6134
4542
1639
8030
4163
8028
8692
1392
4039
3392
3690
4140
6342
4817
3896
8698
1220
1808
5779
658
2488
2484
85
2069
7005
6299
923
1395
2534
6931
5094
7475
6431
5049
5696
3466
8125
8424
8744
5170
4938
5925
2023
5081
3800
5437
5582
32
5018
6552
3345
5120
7457
5748
1736
6946
1628
8001
8081
5886
8505
1345
5804
1910
3729
467
11
2374
315
5396
6408
1781
6174
831
7370
2464
4499
7046
1327
775
6462
3420
4715
961
1914
6329
6448
4689
1843
695
672
729
4359
6567
1800
1892
3358
2325
5537
971
7032
4598
7479
5143
2544
4077
5259
1190
4796
5963
4189
3065
499
8708
2047
8604
3185
6291
4439
8682
1824
6639
3083
1874
6546
8376
1859
8179
2700
2008
1680
8515
8674
4922
3196
1100
6843
4700
5378
654
1150
5930
4152
1020
6691
2670
2730
3112
3764
6712
6194
49
5763
6625
3659
4369
8755
5625
4411
165
7387
1017
2834
3670
6980
3499
8661
2028
2788
1101
432
8673
4896
5448
6906
4218
3579
3004
8636
7335
3349
6423
2313
6986
8474
7691
6009
3503
5349
8621
6670
3263
671
2792
7886
4412
2241
7331
1974
3437
5134
1977
5266
3615
8369
6602
4175
507
2466
6172
5070
8775
6183
5539
351
6581
4165
6513
7116
2698
160
1960
1353
7755
1937
7762
7551
1441
2426
1290
3998
2013
2212
1398
386
1110
1335
7329
2471
2715
8639
6369
7707
1853
2359
5447
2481
5613
1097
2624
2824
6842
8538
6733
522
8323
7002
8010
8110
6290
6796
7399
1210
6797
3802
341
5726
2390
1040
7577
7128
4958
5023
8064
318
4044
3232
6845
2262
7882
2874
7220
2160
8235
5730
5688
8092
2742
612
718
2636
2403
405
4038
247
7066
6676
759
8103
3567
190
6207
7129
3738
1132
802
4197
2970
4799
1893
6227
6777
6722
8260
6704
6130
1198
5756
3262
2542
4913
5053
3419
2917
4403
2640
1401
8368
600
1899
4290
5367
7245
3017
3967
642
449
8523
19
858
6583
1847
800
1574
8694
562
3332
5691
830
4884
951
826
6656
6972
3202
3057
6854
6664
5311
5203
7696
957
8442
3623
7086
866
3436
7366
8211
2536
8461
2096
982
3632
4212
4493
2405
5102
5922
1720
6650
2200
3172
844
4341
1783
7958
2754
7151
1681
1813
4462
6049
4128
4086
7980
6717
1420
1009
1451
4523
7715
3209
2829
598
2761
1986
5850
6989
4373
1454
4563
5406
4754
2735
4510
5480
1321
2327
6442
3788
3882
3207
1443
7954
2337
1477
401
3848
1889
1207
8228
3333
1237
2530
1246
5927
6969
6458
1696
6377
5347
533
4242
2875
4146
2500
3123
8286
1294
7202
4509
410
4581
5686
6999
6347
7283
1791
4214
