5371
4661
7892
3
4603
2080
5251
5500
6992
3017
6852
1259
4665
1547
6226
746
8050
51
2651
5639
1132
7741
8205
640
7114
4881
4662
2030
1399
7122
6495
1062
4657
8037
2149
2807
6018
6016
3237
5551
8775
4144
1782
3582
2625
8600
7484
5474
6835
736
560
5918
399
7451
7196
3781
7734
969
4442
3614
5444
2825
2167
1651
6325
7139
2018
6941
4670
7860
4141
8292
7191
6049
1033
2272
3958
5299
6305
2408
6443
563
6562
8294
6832
6467
3120
3519
8500
803
1545
4606
8748
5952
3942
6054
5726
1958
3850
1306
1044
2281
5083
5262
7880
3247
320
1964
3628
4550
1465
3903
10
8035
4221
4267
4327
3911
2450
2891
4876
3181
2858
2663
2271
3473
2023
3708
2583
7228
656
2285
1817
6569
3682
1168
5693
5894
2158
6560
8570
434
363
816
2373
6363
2492
6237
4544
2146
6677
6607
6549
772
6160
4300
5306
1382
6009
2532
7815
2724
7054
3357
572
4303
8000
2375
2543
6228
3845
8286
4667
515
2233
6045
7492
1733
7135
3741
453
7525
1821
1764
3337
5452
5849
6281
3512
6130
3829
8370
1812
756
1863
5034
8596
1483
5886
4095
2215
4161
2910
2550
3589
1683
1776
3184
547
6685
6123
5899
6496
1126
6889
7217
7001
5661
1811
4579
1329
5585
7709
1656
2844
3799
379
1918
8377
6611
8174
3114
5947
6063
2050
3604
7771
2941
1317
104
6505
8018
4287
6804
6364
3248
6783
5119
4415
5275
6014
3818
3601
1036
5202
2466
5943
4783
3638
1509
8758
1437
4735
6381
745
5006
847
3311
8015
8051
7366
8778
7339
8381
7404
3125
2044
7980
5091
6432
1774
1485
6231
7890
6352
374
5301
338
7565
589
8738
5116
4279
6771
7681
456
5529
7710
5640
3739
3472
3127
654
6058
2592
6563
2320
1980
1312
6620
7562
6276
5329
1436
3599
2788
5247
4011
3711
662
167
4615
7258
346
3404
444
681
1252
1456
7502
287
7478
6395
7250
8201
5609
4803
2299
930
1404
171
3347
4070
2685
2235
2195
694
8098
7363
1775
1566
6437
3865
5706
4740
3330
4829
175
8135
8228
8770
5333
4273
8006
3115
5300
7861
4285
5926
5619
6303
3314
1078
1085
6338
2723
5903
3973
7737
2924
6146
7707
7881
6519
1520
1704
7313
5962
2072
5069
4855
8417
4220
5887
1682
2226
4723
2145
1321
8747
7757
37
5156
1032
2256
3148
168
3098
5646
3226
6704
3616
678
1464
2913
5425
6232
3499
2412
4602
7476
1928
428
5074
620
8550
2180
6733
8401
2718
5567
6530
8223
1668
149
371
3009
5315
2046
8303
2674
5338
2925
3113
4171
4461
6362
5502
2630
3117
660
6343
5468
6074
841
2905
2928
3027
3379
6056
1965
3842
872
5084
5655
7539
3981
4481
8110
6238
1239
1177
8010
1916
1727
8055
6473
3862
4699
7708
2034
5263
5789
8470
4891
354
6472
3908
1246
5256
7953
5250
4937
1265
5133
6816
2093
6140
6212
8658
7108
7260
4276
5410
4975
790
278
6641
7724
7098
3004
4146
7634
5834
3358
2224
597
5690
1235
593
7439
305
5286
7154
6582
8473
932
1608
5030
8487
2189
5864
1307
4197
4613
2680
3605
6994
8020
2632
3970
2344
5902
6264
5484
4959
352
1962
4097
5216
7608
1678
6233
8784
8039
2155
8568
5589
1367
7838
2259
558
5746
8314
2888
7307
2875
3269
8346
2262
5513
8502
4964
1005
6267
842
4006
8544
752
3905
2013
7839
7273
6592
182
3625
6877
239
2115
8217
2432
5617
16
2099
7917
7390
729
1946
3402
2348
7901
1671
80
3619
7615
8768
996
5214
5816
4686
7471
4817
1761
1956
3646
4715
392
3336
3361
7944
77
3659
8360
5176
4912
6559
8686
7128
8290
3980
2954
2485
7777
8186
91
2638
1202
349
8769
661
4412
347
5634
1874
8425
4341
3035
6426
7642
4492
3748
6183
99
3728
6022
131
3455
3813
7678
3308
4180
4115
6293
4703
764
8564
3040
8715
4734
8057
3966
4232
2855
4958
6917
6787
947
6689
3889
7371
59
5861
7480
507
5174
3047
8716
2560
4053
7287
6993
8321
5595
986
854
7456
6256
176
7576
5375
3096
4363
7026
5546
7985
269
5989
622
605
4794
6218
6654
4401
2576
6118
2939
1529
3478
562
1600
4280
3949
1880
2540
7533
2069
1989
8238
6415
7783
3857
2775
8640
6920
3087
4659
3225
7547
225
957
1925
3892
2341
7512
5241
2538
2851
4379
5668
3923
4531
2361
2970
2047
8661
5059
4259
3759
7172
6688
5041
2283
7169
1421
5248
8151
3271
4005
5354
5270
1489
6896
1342
5795
1096
6411
6434
5168
1887
2524
4654
7561
7688
3103
5855
2737
1164
1714
8052
3360
380
7772
36
142
4691
73
8283
4153
6124
2792
4887
5825
2113
3610
143
2419
5276
4269
2196
5976
1225
804
323
1359
1947
7310
2125
8309
2834
7165
6447
3280
785
7899
3332
7786
6188
7027
1094
7773
1018
4124
2582
6542
3549
4087
6636
4965
7907
8688
7311
8166
7173
7481
4569
6012
3927
7848
242
3742
921
7263
1458
5053
8279
923
4955
3823
2552
2484
3860
2369
4465
1299
6185
50
5884
2002
8413
1658
3952
3426
3205
5128
8121
2421
1242
3244
5944
3383
2465
5744
1470
6349
5659
2894
3079
6105
6117
7309
5393
6360
6175
4040
5485
1358
304
3251
1017
7990
7376
315
5675
2479
943
7175
3496
1806
2935
5445
7579
1375
4275
5137
6011
1513
2225
7919
4797
4438
8501
5600
4168
7002
6876
2250
5200
5434
4733
4771
1310
6371
2871
3554
2205
4920
4349
3055
2616
3967
4675
1846
8222
7450
7883
4326
5164
4683
1314
8227
2668
7124
3409
2221
4328
521
5997
1898
975
1276
8717
3517
7403
8720
7286
5935
8340
1694
43
5505
7003
1680
493
546
8524
5221
3015
3943
4697
5429
2896
1499
7062
4234
7321
8683
3516
4837
1554
2397
8363
5645
174
5798
229
4919
912
5872
2839
8030
7643
8100
8455
510
565
449
6280
4432
4169
6939
3424
5586
488
6639
1486
7280
5831
2816
4538
6526
1795
6333
6986
1072
1881
7089
1581
1482
393
7018
7315
5713
2477
2037
96
669
5644
7600
3339
888
3771
4927
8692
819
5438
1429
1189
3602
6903
4526
3607
436
5026
3921
4001
6190
8113
3631
1800
6459
3057
995
3695
5322
247
6027
4283
6947
7774
789
2332
7818
5205
5799
7125
2791
6331
6959
55
4191
5345
3325
3175
4117
3826
3950
1200
5115
7468
7808
4292
5895
2171
7361
1284
4652
1537
3128
8009
1628
6599
6454
1561
800
5830
8368
2641
2981
3641
1822
6628
6149
6717
2725
6223
1354
5398
4642
5871
4549
4122
8505
2329
1255
7716
6772
7687
5132
7233
8435
941
6061
5359
3046
974
8024
6420
5794
7426
1274
2664
2398
3342
7503
6260
5973
3944
3851
2452
5678
3837
388
1853
4779
4453
1831
3626
4203
1606
4961
1304
128
6222
3215
4463
1598
4816
7222
3192
2363
4786
5386
1291
4815
3808
6821
4732
3679
2191
359
6918
2101
8071
124
5458
3198
8359
3817
4329
691
5379
7648
6548
3652
3112
5808
4973
8302
4638
988
5072
295
5258
998
2656
6478
7040
95
7052
3249
4846
8375
8244
8642
7414
7138
7551
54
6125
413
8712
6524
4138
8398
970
7791
4381
3070
581
3690
5369
1695
5342
4498
797
185
2733
6178
6359
5060
7092
7540
962
5699
1452
8718
6811
610
895
2227
8060
3982
6999
8639
4539
8140
3546
7939
4890
5528
6261
3083
6028
1923
7660
7652
241
5796
8703
8219
381
4151
5028
13
4552
8350
8366
7411
3789
7184
48
8625
7351
4766
8536
1466
2498
3693
5048
2001
7285
6187
7836
2864
5561
2548
5233
1854
71
8178
7900
2051
7996
3891
6475
8656
5647
328
2704
6272
1521
657
1435
7793
3594
6324
2994
3493
6251
3026
7483
3831
781
4008
6241
7394
2654
1461
6873
2159
598
3362
1266
1900
7776
6283
5426
8357
6135
8258
5126
1023
7267
5124
1099
7370
483
4591
8694
773
5862
262
7969
1899
1534
8056
4165
4195
12
2501
7037
6089
3276
452
5364
5423
5477
4872
3299
4977
7537
516
624
5841
6664
7596
4672
1674
5150
4346
7864
6142
8601
1392
4035
2386
1227
2165
8590
1715
7568
6122
207
4277
5857
7437
7085
194
3833
1696
2959
5311
3230
8534
4857
4106
7759
2410
4875
3034
4516
1670
8734
1473
983
1228
121
1858
1711
3268
277
8580
4092
1243
6616
5666
7347
4933
3428
3632
3902
8403
3859
2321
3577
6502
5564
7612
4679
4722
4255
6421
7336
2774
5252
7830
8208
3369
7869
2525
314
5213
2973
6541
6038
3792
4782
1497
1366
6579
7413
5698
5599
5984
1827
2126
7744
2257
534
4368
5102
6153
6401
2031
6585
4524
6208
1849
3716
4752
5897
2648
6176
5335
3207
7506
329
1842
248
6249
7534
5456
8682
4475
6141
1187
4358
6743
6111
2755
2698
4130
905
2615
3830
116
1151
8190
3584
2157
7190
1857
4701
3940
726
7663
1249
105
1069
6398
1468
4166
202
7577
2192
7668
4704
5493
7948
5085
3020
410
6219
839
8265
688
2198
4469
471
2832
2024
1449
7715
4154
3947
7530
390
522
3995
827
1292
5002
120
7705
7518
2606
7680
403
1844
5013
5539
7754
8095
333
5092
2848
1995
173
8108
8424
6514
3563
649
6129
3208
32
1726
2830
421
5614
6132
3812
7065
4729
5280
8253
6822
6316
7277
890
8280
5801
309
2567
3715
4646
2068
2151
6700
5751
7051
3037
2461
2686
72
4825
6863
4807
8788
4510
6051
2323
7473
5020
7235
584
6194
4804
5540
5888
7293
3871
7319
5979
5409
5578
3221
2631
2010
2253
2565
211
8341
2890
221
697
4402
6557
4586
4545
5376
4840
3551
925
1137
4264
223
6182
3732
5853
4918
7298
4051
7986
6788
7981
6968
3327
4458
2182
6121
1519
2516
6946
3888
208
8074
81
629
4257
2415
1679
290
6403
7005
5749
1334
619
3044
632
5707
438
6162
1015
8254
6659
6052
6648
6107
3876
2747
2403
22
6269
3699
4114
5764
3787
6406
2735
6334
7014
1743
4147
2289
3560
6077
8304
1597
5414
2861
4811
2854
7045
1731
7229
866
2802
4000
153
3671
3782
2594
6026
7048
3194
6800
4263
4480
4007
1175
4826
2372
7358
3872
6103
407
7895
4834
8308
7104
938
798
4914
759
8649
4391
2127
7132
6761
8609
4587
680
2916
90
7632
8506
4377
7567
3158
3406
2665
636
7137
6201
4467
4629
6258
6367
4688
6156
7133
6090
3637
2194
7866
443
5854
2629
7788
4649
1642
6345
5004
1617
3503
8117
5811
8432
3611
4454
1297
5980
150
1585
2633
1917
5670
8773
3993
2514
1650
7950
6657
3376
4048
8330
3895
5544
1575
5677
1051
6610
8355
7973
4299
2982
916
670
1609
4789
3341
8021
5922
2073
1638
529
3411
3398
5070
1619
7024
2424
3049
8036
4871
7672
4759
7527
2721
1621
679
4994
420
8618
6370
1915
5851
985
1337
863
7799
982
3090
6053
6006
4738
4784
1631
6282
8203
5737
6263
4258
3145
1790
2134
8520
7923
1260
2955
6630
2705
953
3918
2990
4468
7112
990
343
5040
7269
4019
8233
3316
5278
4441
3168
2481
2997
4462
1232
7324
3931
1311
1700
5562
753
7543
5267
187
4022
3091
4152
85
2628
7020
38
1440
6055
987
5771
7989
2917
2090
519
3239
6171
8199
1451
4767
4301
7200
7822
3129
3449
4184
1343
6870
1666
3102
1336
7922
4445
3178
3820
3977
7756
8789
8494
8565
7911
8305
6693
1041
8272
2355
5022
4322
7784
7975
7094
7631
5326
7645
6500
6698
7332
5171
4226
4067
5709
2468
7598
7700
4997
132
4972
7553
639
7930
24
1860
1633
3461
1143
7955
6925
2108
8442
4421
3220
2377
7802
3707
5950
429
573
7479
3353
861
5559
4584
2717
5003
8439
8668
8509
4274
1869
5219
5155
6373
3770
6449
3591
4711
6255
4433
3650
5287
1953
1549
100
6440
5390
7630
5549
2086
3322
6425
8334
6396
3477
3462
7482
1943
235
4692
3524
765
900
7903
853
3989
2572
3926
2111
6096
6098
5782
3727
3710
5956
6439
5642
6805
6164
4900
2950
6812
4294
7418
118
3136
6856
2383
1885
8638
3469
282
4966
5372
2586
6724
899
199
3988
1371
1339
7940
319
5969
1640
8194
6321
7066
6969
6683
8207
708
2359
5917
1253
7820
2919
7556
7459
2430
6069
6826
2523
6598
5510
2978
4354
1766
111
2795
8779
4925
1878
7583
4063
18
1748
5828
5437
2743
7323
3024
7941
2494
3107
5805
2969
6372
7016
4551
4954
2976
5641
683
484
335
324
6757
2846
7000
6520
3227
8181
2500
5217
5691
2573
3901
6665
6921
6596
4547
5739
3182
2992
6227
7787
4799
2690
1788
5734
238
7824
6433
3031
5767
1712
2942
7009
3624
6575
709
3567
5075
1807
5016
4570
1568
7465
6095
203
6213
5533
7266
3381
8786
7252
836
5933
1573
1665
3133
3277
3106
5718
951
2325
2589
5688
1193
2833
3010
8611
8161
8462
1785
5195
2508
1838
5710
377
621
8104
5914
4439
2903
3290
6958
3488
8107
8753
1546
8386
5089
6029
191
4656
7095
467
2706
2496
3968
5039
3576
965
1901
6310
336
8232
3678
4806
3785
1068
6534
586
646
3866
5628
6846
1868
574
1388
626
3377
922
845
3717
5959
7105
5298
265
4658
4819
1740
2391
2418
6431
3076
3359
3681
4112
6457
4674
7636
7011
1157
7109
5154
5621
8644
5067
4696
1527
7749
3620
784
3459
6687
833
7573
818
2593
8567
4508
5232
4983
2931
6205
1744
5762
6468
4236
7201
8236
4507
256
4420
3899
5097
8725
3870
2673
1443
3852
1480
3964
1393
4024
4993
5664
2187
8399
318
8252
719
4560
6079
3345
5314
7879
2487
7243
2569
5212
7396
6257
7625
8537
6304
7888
1709
3573
503
5507
3750
1823
8687
6250
1498
3657
4418
478
4231
2476
5570
6294
6784
5062
2991
2053
2123
5100
2366
4760
5163
3592
6725
7107
2703
5165
4730
3105
5321
1629
6900
6170
1186
4938
2118
5145
6246
2184
2714
1685
5178
4678
1226
3959
6302
7446
3729
1736
7650
5450
1557
4199
1455
1046
6066
30
5420
4663
545
2770
2697
979
6329
5613
6774
4343
852
2200
7170
4493
6518
8008
4595
2812
6508
8617
1804
7178
492
3807
7998
2282
4081
4708
1496
4583
5518
5123
1536
6656
4877
5294
4230
4571
5104
5694
6799
1544
8352
811
7087
4324
3334
3533
6535
2197
5131
2874
7916
8641
1750
6501
2043
2350
1909
7828
5244
7712
4607
5806
5946
1219
2570
3274
7666
2938
5906
7523
1559
1055
2274
2598
3161
8390
2212
3062
2763
7375
4530
5823
5896
7490
1783
4072
2343
7349
5563
2892
3974
5454
3508
6387
747
2975
6967
4241
5000
7493
1967
6192
3309
4849
3709
5014
7136
7415
3790
6348
5817
1781
4017
1824
8708
7682
7348
2534
2396
8159
4045
6789
1706
8080
8499
4229
3074
4459
933
227
3285
89
5078
6116
4208
3655
311
6837
6606
7218
6851
779
1701
907
5845
3838
6477
2979
3893
1789
4162
1941
8028
3403
3056
1173
1627
6752
2902
3858
7946
1763
2246
5193
3422
3819
1171
7894
2161
3082
8132
459
499
7409
1493
1422
1875
5356
3348
1818
8134
5812
5136
6358
5627
5052
8164
5780
1716
3442
1457
7779
5191
7832
5702
8563
3691
4307
355
5223
7858
4411
2823
1870
2357
7211
548
3676
1746
2317
2219
6306
3217
4962
7798
7637
5197
3769
4939
5346
801
2779
3645
8285
5930
1060
6285
5249
1484
1914
2653
7427
4999
3467
6441
6734
6460
69
4862
3575
2097
3152
8139
8406
8602
8040
5238
1919
2362
511
1939
644
394
1141
7491
8587
5898
4882
4562
3318
5313
4244
6210
4821
8301
7276
506
2740
1205
6894
5653
8152
8776
8498
7028
1093
8443
5090
2872
5535
4773
7378
8088
1999
2150
6962
5140
6609
2061
8732
7115
2305
3279
6070
793
2960
6765
5483
7898
5229
7843
8492
3092
6297
743
1542
6790
3564
261
5876
763
7213
7070
7622
7141
1787
4992
7796
569
7810
5915
1172
4574
8605
195
6909
5466
630
2122
4065
2768
3724
184
4088
266
7582
3216
4449
4718
6594
7383
6494
1082
6357
7805
1057
1555
8469
2535
4751
2603
780
8426
8418
1593
8269
5983
1590
4511
4111
5194
5901
3522
702
109
4321
6391
7340
6617
3730
4319
7488
5245
1625
4372
5307
8127
6207
7613
4416
5289
757
5349
8324
3173
2338
4970
2425
7341
3224
76
5669
814
6288
6509
2824
6558
4609
1613
6230
31
6707
2428
4843
4924
1289
2142
7264
7515
3558
1092
5577
8543
1379
1769
5552
5186
2762
86
8192
6081
3211
7034
5407
1935
4239
8083
5648
7438
8195
3986
8592
192
3880
4470
1518
8328
264
7299
1574
1107
1583
1267
4120
813
5433
8674
2144
1940
6692
6708
2130
7927
2810
7344
5885
5700
213
2681
6739
783
1026
5584
1896
8023
571
3941
482
4839
2620
1759
2266
6827
1368
6824
8101
4534
1595
8721
5274
8094
6
8348
5344
4650
8631
3509
7268
1029
4105
6114
4822
3776
4823
7841
2536
2244
652
2857
2769
1938
8423
3302
1718
5889
125
8126
1444
3598
1492
6035
8651
7121
5012
2608
6036
7302
3836
5021
4254
8785
7721
4645
8282
6669
4644
3777
1526
8645
1236
8633
2334
645
879
782
3167
7949
1417
270
7558
7701
6893
2696
1672
415
3680
101
5574
2767
1361
367
699
190
4123
5475
8515
7100
3917
6296
3294
4707
2248
3388
6456
5750
8198
4633
4590
2953
994
2264
707
6253
705
5308
6040
3183
8263
3439
4174
3660
2063
3583
3587
97
704
1647
5324
2052
1408
5728
5170
3821
8243
1332
7253
2014
5912
8569
3494
914
6632
4182
7607
5387
580
1076
6649
1212
1206
3596
2793
1991
25
6720
5448
316
8091
3571
5755
462
6174
2301
2887
5061
7886
7588
2754
4874
6412
6517
4080
3429
2553
1199
4021
5443
2409
5656
419
771
8489
4337
7033
2223
1724
7434
7809
8336
2124
8339
5662
4518
5615
218
4128
2239
1550
1413
4406
1970
2251
1799
249
134
3255
8578
4648
6308
8300
197
1262
6842
6030
3853
5330
7629
7691
735
1305
6663
166
6461
7785
4971
1921
2513
3633
6133
5797
807
7513
2389
5824
1423
5948
2544
3176
110
5106
6583
5080
5978
8529
3259
3542
5813
4175
8092
5109
7586
7723
1710
1805
2786
1007
1474
435
6906
8123
2989
1133
1684
1350
948
6591
1635
4224
4281
2828
3932
7606
3415
5900
8224
8277
8540
2314
1345
307
2166
8496
1814
4805
3751
6064
2658
6229
2930
113
4948
6106
7621
3486
411
3413
8299
8356
4148
401
8507
4655
7871
6464
6872
8595
4592
4898
4755
929
4690
1156
6048
4315
8780
4491
4206
3373
6886
1415
4790
4558
6005
5986
960
5158
3291
5575
8188
2229
6890
4253
2382
7234
5837
7259
1983
7448
6944
6154
8680
851
183
7624
7960
408
5772
75
1448
7833
3177
4158
559
2522
4452
1944
2998
7604
3510
7440
2181
5588
1114
7334
6361
6436
2689
6691
4980
7064
5905
4963
6184
4188
7068
8210
3236
312
6080
1886
5770
7964
6983
5453
2869
2684
5560
4780
5832
3427
787
7717
2688
3914
2897
8774
2220
5033
2599
8049
251
1955
4183
3196
2558
634
2434
7618
7978
884
4209
404
6365
7778
3344
4137
7856
1952
3068
8061
8032
825
7915
6703
3186
4218
4608
6380
5607
8388
6773
7982
5147
710
4440
4309
5043
1848
4424
437
1511
4085
1798
6319
3487
8446
8090
2156
2711
526
5723
8156
1676
6438
3104
2647
2268
6019
561
4198
3526
8535
6960
7599
7696
172
4370
3458
4953
1081
7951
4186
4383
1217
6841
8448
4139
2873
5415
5703
2866
3468
7807
5366
5757
3273
8551
858
7495
3241
8670
523
4765
8677
6289
3791
1009
5671
7994
602
6681
4680
3924
4170
7417
8449
7852
6376
6753
5015
5455
692
4836
1111
1912
4149
8274
3636
7646
8044
5920
8310
4947
2095
5056
3352
7522
1377
4355
767
2029
7925
2379
5530
7552
5024
5660
1565
6738
4911
6954
8629
2856
1864
2701
8516
6915
1355
2404
5512
590
3134
2177
1871
5523
724
6751
7528
6667
2160
3574
8416
7220
2102
3463
7753
7193
1957
6810
2447
494
2904
4847
2966
3300
5497
5242
4636
7279
3795
40
3081
7090
2431
2243
7271
4036
2416
3555
5166
7498
2079
2709
7924
2738
1576
7968
1396
4578
6574
2242
3706
6504
2702
7766
1596
5965
2660
5738
8662
5748
8175
233
5385
2311
8647
5940
15
2405
4235
4029
3392
3752
1988
2240
2852
3356
216
6430
5348
8517
1154
7758
4880
7806
6245
5112
78
3844
5731
188
4393
3754
6670
5953
3206
1352
8709
3022
4684
2470
5667
7963
3012
3444
2328
4159
3371
2036
5516
7067
4079
2089
4995
4145
8576
4189
2148
1977
3590
1050
7575
5108
1442
8666
4108
2972
4628
6912
7039
5868
2280
2642
808
3238
1582
3773
6801
6802
5495
2011
8488
8160
3960
1539
3008
4904
2351
989
2719
5063
5635
5975
6060
7876
6963
6766
7755
5019
4250
2128
5054
7578
4899
7811
1303
4897
157
5881
698
5994
2510
6131
4909
1570
2530
5358
5949
7887
5998
1021
4271
2845
6172
6711
7053
3438
3414
8318
6615
5187
6197
5228
5134
6608
6315
2091
8058
4004
6622
6829
4922
6540
6998
5397
87
8396
8521
6823
2459
5643
786
6341
6402
4460
4844
4302
2944
1001
3138
3774
6127
228
2388
8431
7735
6355
539
7221
721
4062
1165
5435
3887
2637
5907
1150
4632
5679
1634
1813
6301
4527
7541
8441
7988
337
7072
7097
3445
144
7078
7382
2381
537
5391
7464
3003
3188
2732
4506
794
7654
1188
6989
1815
7055
6798
6002
8014
8118
3416
7397
4541
5076
6570
3764
1347
2458
4211
7842
849
5255
1338
4580
6883
7004
2672
145
8162
4712
5866
5754
1963
3714
4943
1779
1327
4864
3190
4801
178
5785
6414
1353
3961
3042
138
8317
3529
5511
1481
491
8493
3953
3581
8240
633
222
6480
7589
8086
234
1244
8783
7958
7050
2387
5927
321
4619
8523
8262
383
1331
3938
498
3692
3326
4071
3658
968
8751
8173
4635
5117
6844
3720
5869
1281
446
4042
7794
3121
7335
4702
7821
7520
5594
1264
3061
5073
6697
6139
1907
3197
1095
1507
2568
1273
7185
7216
4172
7718
2132
4761
2956
1160
1523
6224
6091
8765
1229
3985
3647
8187
718
5103
1698
3235
6643
1922
4514
1145
7739
301
1134
6429
5543
6082
7713
1427
126
5680
8610
5545
3562
6240
1097
3240
3615
458
4129
6715
3476
4334
322
4410
7021
5877
4409
3999
5235
1707
6891
7179
4787
2787
5470
3284
3466
2330
196
4194
706
7524
2273
6446
4185
2868
8458
5010
7605
4405
8584
576
8667
3395
7991
3801
623
3763
3153
6413
2899
1508
6486
4509
2842
3028
2503
8573
4233
5566
4116
1873
7823
7597
1802
1261
5317
8547
2319
1560
3634
3064
5055
2084
5740
7357
7074
6102
3490
2619
8289
5394
1758
8589
2870
5432
4725
8514
2695
2804
8510
1639
5237
4870
475
2489
6675
6762
1754
2566
7134
3436
1703
7769
1207
8728
8373
2076
2895
7320
7790
5291
7197
1341
7544
2751
1677
6492
7849
3122
5395
7010
5556
8246
2399
5725
8298
3303
1571
4037
4610
1810
5098
3683
7884
1553
5875
6087
595
8096
5721
5990
6068
5439
6211
7381
6400
6488
4921
961
7913
7362
4103
4190
4164
6627
1411
7803
1116
8616
1020
6775
887
2440
2214
7379
1773
8481
7677
635
4034
1735
3559
4885
577
2777
3704
2611
7947
5064
7801
2153
6931
5408
5351
2880
5879
5966
7647
4726
8437
7863
5380
8485
42
7670
6136
6543
5603
7255
414
1741
272
8335
2831
4889
4288
4156
6603
6335
5583
4906
5243
2549
8495
6880
5296
6033
2279
6566
8204
7614
2422
7870
6732
5987
1855
7846
7748
4429
2562
3797
1153
1979
2390
6987
4076
5924
5319
2032
7703
3565
525
4747
2100
7230
6988
551
284
4813
3937
6695
3570
6605
154
8046
2087
6631
4473
6747
2083
3702
2671
6567
4568
6008
3430
7223
2376
299
6713
2218
805
3810
6770
8729
4215
3408
1104
7183
136
8679
4136
840
844
1019
8698
1142
3500
1233
2595
7762
6513
123
6991
7570
5988
6874
3258
920
1290
6000
7102
8549
65
5082
4848
8284
5208
6957
1380
1010
2584
4709
7231
7355
2367
1022
7059
2676
8452
7933
4290
3130
3108
6202
1373
6927
5593
7727
4942
49
1564
7692
1387
663
768
7673
4212
4981
205
2879
8221
8571
2865
3925
6299
2986
4868
8337
4404
8744
1195
1791
79
693
56
8434
4060
8082
1403
3796
5519
2216
4340
2512
6148
5859
6740
3441
416
7086
6652
528
6510
6254
6529
2730
3875
4745
1216
3200
2521
460
3262
7160
6166
1994
3481
4160
5101
1163
1859
6522
2453
6932
7897
2172
2556
7683
5687
6974
4093
4058
5442
7224
7936
613
8338
1877
1416
4604
5527
1286
7494
903
2617
5188
3835
5157
1558
3041
1155
5733
556
5611
1061
4631
5515
8772
4851
1325
2270
5159
454
451
8693
3686
7182
8482
8445
4792
8440
7149
2021
2761
7767
2644
4371
6128
8577
8476
3295
8522
8093
2964
1167
5350
5695
6112
11
3147
8412
4969
17
6189
8169
684
6662
7726
1296
8743
4387
1433
7046
351
2650
4614
6490
6339
450
3882
7385
8699
7780
8288
7240
3991
5715
7101
382
5496
7827
1615
3364
1012
3588
3191
82
6168
156
8646
2277
6956
8029
339
7194
4928
7956
6951
5867
7081
6581
934
3783
4202
1708
8185
6748
7291
6862
2529
7500
3537
5472
2741
2247
7017
1123
4394
2889
4023
8478
4624
4800
1478
6093
1713
1030
4637
8306
1924
4314
1322
1663
1222
4497
4596
8325
1040
243
762
2057
822
5971
8754
4833
5685
5312
3256
7161
5343
1852
274
868
2716
8392
7262
1850
992
1102
1895
1872
3214
7225
7697
6553
5127
4694
5501
6735
7295
4695
631
5804
8353
3987
2326
7594
1389
4382
7535
8472
4689
4968
8247
6937
8235
286
3779
6528
7168
2780
2353
5701
2335
2859
7474
5766
6086
643
3100
4736
653
2579
2622
5673
1648
2183
7192
4336
5461
8740
1357
6469
1146
4575
4841
8379
1725
1091
7905
2480
4380
5807
5057
2980
3536
2936
6831
3936
8237
3579
3804
8081
6273
4038
8322
5842
6629
8736
2621
2385
703
1524
7305
4573
253
8678
2885
6039
6292
7720
8180
8345
7595
1913
4313
7198
5184
8103
6356
4521
1
4802
5302
7740
3597
6597
2082
870
6661
7501
8019
7845
4828
3394
4563
5681
6084
1384
5571
4397
1034
4991
8344
6949
6867
5787
7281
3507
2006
1372
6214
6913
2752
6796
3766
4177
4437
8257
4270
1122
936
578
4748
1004
2393
6247
4400
4700
2141
5254
5858
1410
1937
1517
6442
1344
6377
6196
4196
3005
8429
8414
3696
1370
6311
8013
2232
1439
7181
6075
5293
4435
2135
4118
34
570
6561
2945
461
3165
1669
1138
3760
3879
2571
4681
8459
2759
5451
4985
7123
334
7164
3674
7316
5185
6551
5704
4181
5032
389
2657
2796
2206
8474
7317
3465
6895
7025
7655
6284
8128
7270
3910
8635
3072
3089
3029
3333
2004
7071
7993
4496
544
4809
26
3586
7111
2327
1213
7420
6384
5144
542
4352
1501
6266
2948
5457
1757
6262
84
3304
2773
6601
6386
3677
326
2601
2794
8372
3320
701
1607
4216
5623
5406
3310
1942
2437
1836
7867
2345
7388
4331
2772
3218
8650
3762
541
1432
5745
4777
5815
3447
5631
1771
4647
603
3756
3023
3630
2392
2395
3011
5418
8561
1992
6217
3260
3806
7549
1278
6625
8581
66
2333
1139
5277
2790
5625
568
357
3446
1254
1313
6808
6718
4356
431
6113
254
2269
7330
4286
1720
8410
2898
8404
1530
127
1506
8209
5211
1258
8762
8763
1876
1434
6833
7489
397
1074
7391
7145
5449
2302
3093
6820
5565
5818
3151
2604
5462
1586
6041
1008
2284
4298
8552
7896
1283
1993
1495
3718
3498
566
5179
1745
3873
7306
7546
1170
2139
1661
6007
5400
1803
1951
4100
2423
3340
7345
8365
6515
2482
919
7584
5447
3479
281
3767
7148
64
1169
4476
4525
5173
3162
4375
7574
5840
755
3053
575
4769
7698
356
3118
8281
5672
3313
2867
1383
1211
6745
4869
4002
3267
6275
1626
6916
1459
267
2805
7435
8591
170
5436
6279
5827
53
8124
3523
1405
308
3390
8755
7555
8120
1538
1287
3052
8307
4099
4422
1667
2098
7304
4589
5776
6476
4976
3366
6409
6538
6532
5177
6818
897
5576
2378
2937
674
3640
9
3606
1908
275
2585
5005
8759
1984
8242
7469
7274
1454
2745
2977
1385
8719
7346
4245
4056
8102
5891
3257
8608
4344
3580
8585
3078
3878
856
3550
200
3568
7368
8558
3794
6795
8397
618
8
6995
2507
2094
5996
1510
4351
532
6100
6328
1879
5199
4561
1494
8349
2039
7853
2138
6865
6680
7367
8490
4107
1237
4908
4660
5508
7497
531
7664
476
1796
7732
4010
5281
5612
2209
7342
838
4427
7669
6633
489
1308
8663
345
1348
3351
5882
4536
4248
366
6776
1135
8326
6004
2643
2062
7653
4251
4367
5860
1128
3418
4528
1737
7690
6277
3164
2478
8153
3868
2074
135
540
7878
6453
7517
5215
3435
2117
8214
2380
3006
4916
2801
977
7746
1031
4643
978
3193
4577
1548
2958
2766
850
4478
6871
7442
5981
7392
1905
5665
1182
7142
4266
6157
7110
4317
4778
2838
5632
3726
8637
6309
981
7970
2515
7093
8354
2236
6320
7428
369
7261
252
6450
579
1982
3688
276
690
6571
2742
627
5791
4347
3199
3382
3867
7610
3437
3464
3780
4110
2679
3453
422
370
3642
8456
8268
2577
6929
7797
8168
5161
8533
7760
3229
1324
7256
106
889
7962
3293
7761
7297
6777
3885
3399
2506
2374
7945
3088
4316
2435
1772
3454
6152
5480
7099
3021
3824
2202
8556
1563
955
4430
1728
8598
3978
625
6914
5130
1882
5596
8155
293
4395
8553
5649
6764
3511
7210
6809
8463
4325
6173
6031
3965
5735
6554
8706
6191
2876
1612
45
8004
3059
4249
582
362
1985
1471
4542
2495
5224
3099
2288
4332
2800
8624
4588
468
5870
297
585
6888
7373
8206
5096
7337
7130
7831
749
1066
7609
4618
2967
7421
1476
5411
1052
7617
7232
4385
2204
1245
4204
696
2520
869
441
3600
1729
6621
5878
289
7167
1699
873
6638
1966
6666
891
6858
8787
3849
1801
7800
7127
2033
8003
5650
4364
2635
3685
3065
6908
855
7638
2019
3832
7961
6286
7
300
2908
1920
1751
8085
6244
687
2713
1277
4832
2475
2443
5363
8012
7082
5937
5036
871
6587
5658
4677
4485
2106
7971
6314
3374
1792
3375
1063
3855
5592
2662
3803
3608
6199
2537
4854
7272
1204
6577
3157
6749
3060
8453
7364
8538
4032
7419
2722
8407
8427
5261
6699
7504
3420
7129
4179
3913
6898
1079
7602
5160
3043
6584
4450
1903
4728
8387
6499
830
6642
7873
8777
5412
1424
8038
8065
5747
7356
6332
711
5995
8315
4763
3629
398
6781
2307
1722
4374
4535
4515
3007
4907
2983
6165
5923
4529
5955
3881
6635
6134
4483
3731
2304
4776
3933
7729
7106
2104
3234
2526
1418
1402
3110
4616
4083
2462
1500
6919
6973
700
935
831
7536
6378
2612
4565
727
1904
4572
198
8142
8512
5810
4084
5509
6419
3639
766
2820
6861
4685
3649
2400
3412
4049
3874
3788
2884
6573
3912
2260
2539
169
3150
5405
1654
2109
2799
591
6427
6674
3335
1472
774
538
2682
7458
6881
2213
3171
7084
4446
1535
1778
4867
7738
2996
1636
7076
8278
2661
3423
3195
6981
8367
3722
1224
4413
424
7077
898
5105
5618
3990
5417
8562
2324
4200
4664
956
6595
2783
2364
2645
6952
6344
2315
6392
2346
402
186
1996
5616
2445
3672
8167
7063
2456
1140
3000
5305
8711
7405
3864
4466
5683
6337
3506
6930
915
3410
5598
7226
6512
1184
6353
217
594
3552
2987
5558
2504
159
3246
8622
103
5778
4835
878
5469
5378
2078
8760
1445
7374
3609
1106
2401
2712
7702
599
7974
294
6722
1059
5473
2438
7091
5095
8546
3922
2384
5486
913
5517
8620
3201
3397
6744
1364
7581
7423
7352
5931
3694
6484
4121
2360
4142
7745
7908
5579
6268
6684
512
4014
1302
7431
6506
8627
4770
4932
7029
7826
4018
1301
1987
6794
6221
7862
5714
2278
3385
6455
859
7850
4059
4742
7242
368
3450
4026
4768
7499
7069
2300
5476
7209
843
8465
7768
4113
4818
5847
5471
2070
1891
3738
5848
263
6330
2174
5189
8225
3928
2121
1603
8116
8114
4238
3298
3996
8508
122
7505
1176
5652
1058
4998
2015
4669
3809
5964
1784
6746
3784
2038
5765
748
5118
7060
83
6849
4471
4537
4576
3014
8079
5357
3243
6407
4348
7656
8665
4101
7177
1401
5027
7006
4163
4376
4143
7120
4167
3482
3653
5890
509
8632
395
8313
530
5536
1623
5352
769
3701
2877
5327
3697
5663
2261
7952
924
485
1197
4720
3757
8714
6482
279
4926
5942
6034
2984
4502
4888
4930
3930
1231
6953
6650
7012
5253
3132
8111
6759
8264
5974
4131
4949
3531
2295
8323
8380
1362
1705
5310
535
524
7616
3401
7659
61
7855
317
1973
3111
6448
2758
1467
1622
7399
2085
5846
6078
628
7166
6236
8690
3315
6525
725
848
6242
6451
5498
8597
5424
162
1420
2927
8075
5788
2575
7204
1038
5353
7430
2474
1945
2199
4369
7275
3721
2949
8466
6234
5042
177
8141
6756
5761
601
8421
8319
2687
902
2168
4884
7742
3349
4312
8574
505
7572
3159
8146
894
6817
4979
1768
4357
2881
285
2048
3648
4892
4306
3667
5203
5257
3651
3593
5152
4731
2009
1580
3489
2411
2962
862
240
204
980
3877
193
6466
682
1346
7049
4913
2926
4362
448
3664
3141
6483
2354
6115
5491
3475
3292
3963
501
3612
1409
2692
6588
6248
6209
3504
7934
650
4052
5696
2624
8723
7972
1837
1340
1043
2436
2493
7019
5921
1453
1073
1562
7202
1282
8657
4594
7920
6404
7245
4020
5334
6470
3067
3297
3553
7874
2245
3595
209
7429
5999
1954
3916
908
2588
7918
7507
6507
829
6243
638
6737
1479
7532
1797
4016
2613
8731
3242
5218
260
5388
5482
4125
7686
2426
2370
6568
6658
5521
4710
6602
6143
7088
4090
3746
4623
7308
1201
1430
5421
2136
5222
1105
5065
7804
7187
3124
4009
4192
8193
5893
6882
2488
1577
2173
7893
2457
4856
3097
730
8112
4567
3250
2531
5071
5763
3501
6934
776
1630
5982
6471
6323
1516
3203
686
5910
3827
8593
6151
4451
1120
7935
3747
4978
3231
6565
7103
6085
358
6298
5303
5779
5873
3363
2131
1579
2054
387
3848
973
5337
4798
826
4886
7467
4272
6637
6295
5139
164
7372
7722
5066
1752
4494
4627
5741
3971
6463
4296
4247
6580
2291
1504
8312
2207
8311
4246
5290
5226
1755
5911
6619
6924
3548
8566
6322
5792
3331
7689
5608
6046
7462
3662
3185
3365
2666
604
7651
5316
4408
3286
2749
2092
4378
8389
8149
3749
7171
114
6839
4987
1719
3202
3802
5555
1115
1569
6970
731
6120
2483
1270
901
6879
7657
3033
7641
8554
6731
517
6137
1911
8701
5526
7023
6481
6071
2502
4842
8767
1475
5572
6904
2853
8475
60
3301
1037
2817
5146
6634
3149
8027
7704
3440
1300
6838
2626
1075
7199
733
2563
5239
1014
2472
439
3030
8297
5079
2988
667
2022
8002
1531
1515
1643
7047
942
4556
365
7174
8681
1381
8241
2286
1610
4682
1185
8559
6979
1080
481
6503
600
5934
8011
4721
892
5992
3338
658
4086
4676
2541
6857
8130
3084
2934
6206
8588
7854
464
4737
1285
5153
4015
6024
3354
3939
6978
2511
8343
5499
1398
3051
7296
984
909
7406
2862
2826
2238
2065
8072
555
2077
665
8131
325
7416
5835
5332
6754
3670
3538
8276
4350
4443
3772
3389
6868
5722
6374
7661
1839
2974
189
712
6144
1441
8541
21
6936
2708
4047
1053
3979
7954
6741
163
4612
6678
744
8739
5463
7244
7834
8696
4353
7938
5068
5697
1070
6864
3204
2600
7728
7943
6651
8182
1431
2442
3984
1298
1271
7665
4495
549
4207
6975
6600
8157
6023
2771
5007
3324
7566
3266
8545
3843
4894
2798
3740
2169
4853
6768
23
2427
6394
4810
303
7422
2337
3541
1006
1179
2116
553
5422
2096
7157
2731
8109
1664
2609
5843
3317
6830
2491
6793
520
8076
7290
2081
4173
3433
3367
7904
6259
8484
6786
6750
7206
6694
4540
2067
1119
8451
7516
7080
6964
7150
3561
7147
1692
5913
3391
8599
5231
8331
8189
4479
1599
8351
6015
8150
6389
6719
7814
2605
4243
6010
5175
3071
5382
4593
3786
1819
1512
2140
57
4986
1054
6604
5524
2843
6493
5143
8660
4360
2827
4227
7906
5850
3135
926
651
777
6497
1929
181
1192
8229
3143
2490
425
8594
2922
6928
6076
6059
386
8122
8230
4252
2230
6797
6043
2667
327
2822
2561
6445
1637
504
1960
2178
3733
5236
2744
2417
4242
5938
5730
7983
4634
4064
7750
4500
74
7180
2554
3179
6727
2963
5282
2591
68
6690
2813
3954
5852
3431
8764
5162
4033
583
3668
1825
4089
4361
7318
8191
5883
1514
348
5038
4791
1209
2545
3635
2655
8468
6215
3174
1959
8041
1833
7569
1011
8653
6845
7519
2782
815
2623
6712
2840
820
6220
5487
7509
479
4910
1862
93
4532
7731
7369
219
400
4785
3306
3425
463
5711
6782
1897
6850
5727
3263
2836
4403
8628
70
4996
4210
6287
1428
2294
4428
5220
7350
5800
7475
6935
5272
3066
1645
5114
495
6265
3904
7977
7992
2105
1275
473
2932
2555
1027
4554
5892
212
3530
7472
5488
939
8333
4261
7151
2042
5844
6489
1847
8361
608
4066
6706
3883
102
5325
6807
2231
1397
4407
2533
6044
2352
734
6487
6716
8089
4201
5636
94
4256
1024
5587
8428
5050
1843
5403
2276
3355
1113
3566
5759
4219
6758
7676
8172
6855
486
139
3457
6911
4744
6965
4456
5581
7557
7679
1087
7725
6072
302
5686
4555
330
8138
133
809
3687
288
3578
8704
6887
3443
3656
1950
6001
8525
8707
997
754
7239
4282
5743
8483
5602
5260
405
6099
8385
5264
8271
4749
8630
5051
2185
7400
8532
1974
236
5396
1374
6388
6940
4323
2026
5428
1826
8528
792
3470
2574
1162
8444
5413
2860
761
8239
280
396
361
8231
928
812
8179
3116
8251
6385
846
1214
882
2760
1856
7928
993
5269
4308
760
1646
2454
7603
7447
1446
8422
1425
7254
518
3527
7247
1178
4597
3841
7633
1158
6576
3492
6110
7057
1971
8531
7466
4951
6181
4757
2557
6980
232
3514
7079
457
7587
7436
1174
6961
8457
3705
3460
2336
952
4754
3346
2778
1056
8259
875
4838
2162
6351
28
5285
720
3095
972
5227
226
6424
2040
2265
7640
4013
1961
7521
6613
4793
3019
1218
4289
5431
6317
7795
5919
1250
1326
716
4278
7035
6539
2677
3378
2075
6523
3518
4548
3793
3856
1220
2923
7611
4487
543
689
1039
4134
7322
6416
7282
6428
6626
7146
893
8603
3627
5716
1657
6668
8491
490
3775
7752
3077
5705
2739
1777
62
5340
4952
8347
675
1378
8374
6676
147
7402
1998
5196
141
8176
250
4946
1000
7237
8137
3698
1770
8621
2602
1889
245
8362
2699
7353
4133
496
2957
1601
7997
3900
2041
2951
3675
313
2164
1148
5520
5234
1505
823
3265
6491
3054
1328
7819
5638
5169
8447
2217
4027
8087
6021
5522
8503
4384
5957
470
5284
6252
2017
158
664
3050
6452
3814
7942
2292
1376
3384
7829
8726
3497
1152
4974
3525
2797
8579
5880
6950
3528
3719
2467
2045
259
5416
8184
2211
6017
6572
2000
5774
8664
7131
8383
6640
3997
1673
8684
5633
3396
5008
6897
1652
6806
2726
5991
8471
5419
7460
8518
1136
5201
29
148
6923
1732
3252
1753
6624
4859
7847
6742
487
6792
1309
52
6869
8078
6239
7711
8511
1288
8218
1841
5088
7424
2188
1191
8464
1419
4338
3502
6083
7999
2590
4746
1503
2368
5821
4860
1588
4988
8697
8026
6225
3896
3119
5573
5374
4284
7529
5441
2921
945
4866
7043
7041
1086
7635
3945
8652
4474
6057
5192
0
6537
8530
557
2455
592
4945
615
3270
3368
8063
3228
4126
1108
466
5752
2710
2371
4546
92
857
3654
7685
4671
8196
8129
2933
8749
98
6655
7444
7377
8048
7058
6204
7966
137
4762
6847
7354
6013
7585
5365
976
6032
5341
1190
6623
1969
1198
3321
7684
5637
8077
5960
1477
8273
7195
1406
1690
231
5320
5786
877
2907
4414
2835
6556
4601
7445
1840
7875
4444
1981
1241
2993
1161
3001
7278
6271
6859
1462
1930
5720
6672
342
2901
2915
5138
7835
406
6682
3735
7627
614
3962
469
6193
6379
2912
1294
1149
527
7995
7248
609
2736
2297
1738
7699
514
1845
4503
6726
5001
7496
6109
500
5494
6578
1251
6462
927
3421
8781
1194
6336
384
1541
6354
4396
283
2312
3307
611
6564
750
7984
606
3543
1591
8672
2670
8634
3644
2035
2147
7158
344
5044
7144
4600
999
832
4666
2878
4617
7733
5760
4944
1247
3556
1739
4878
4753
497
2349
2112
3172
1602
8202
2120
2943
944
738
1077
8165
8016
4260
7563
4788
4073
1447
8163
3572
5985
1460
2675
4956
2999
963
5259
2940
8756
3743
3969
3282
5904
7119
2241
5863
39
6179
1587
2290
3758
7007
107
7510
3370
4893
4310
6408
4425
6037
5122
1390
6516
5362
4831
8727
5049
5768
6902
412
6948
67
1552
7929
4055
1112
5288
8034
4982
3929
20
8115
3768
2715
896
7889
1230
6346
2356
1655
2347
8295
7910
732
6866
3957
3140
1083
1323
1412
4581
5674
7487
8477
3058
4178
7531
7639
8409
3434
2818
3800
291
3491
5626
3180
7775
206
3451
8461
7393
8742
5580
3915
8700
4237
6498
6710
8234
1090
8216
298
4989
4365
2748
2193
426
5368
1675
7857
5151
3665
4077
3840
3456
2119
5077
5654
5781
3545
758
5047
6671
6922
1861
6465
2961
7538
2893
8158
3212
3532
8411
5110
7294
6791
1180
6307
8710
4896
2821
5323
4620
273
6200
151
3544
1394
8364
1616
7485
3815
6527
1426
8316
739
6422
340
7812
1196
6709
3254
1978
7693
6065
5093
2729
6721
7667
179
7619
2614
7965
741
910
2906
4061
3669
7203
8691
2837
7380
7626
1183
3898
4653
360
8519
5273
7015
3745
3890
5967
6905
5045
8676
4599
2808
4673
671
722
3069
7042
7477
7289
5381
8106
7987
4392
1129
7743
8643
63
44
8068
8358
3405
6390
8261
672
8066
1543
8212
4311
8255
2640
1016
7186
5331
332
4513
5590
1659
4533
2819
3400
931
5819
4228
4505
4386
799
1551
3744
5925
3753
4808
3264
3863
5018
5874
6984
4262
4724
607
5141
1064
5525
5125
6485
4820
5908
8560
1934
7470
8555
6092
2753
119
7227
7770
2228
5265
2064
2402
8575
8369
3755
8615
5547
7432
2309
8583
4739
3038
5017
2965
5541
1572
6910
7113
8054
2103
4929
6803
5582
2627
6342
770
5542
6769
1867
6150
5377
8486
4520
6073
7312
3407
3296
6943
4
4373
8342
3073
2806
5977
4025
8527
2809
5031
3761
8073
4140
7159
971
8293
6885
7284
4320
5773
3618
331
7825
2133
3520
4543
4501
5465
6158
4135
258
6828
2649
5339
2920
180
1688
5297
6714
5724
8761
8382
4457
3846
4598
2756
6653
4477
1997
6860
7359
8757
596
2547
5712
2652
2154
834
6990
5932
5401
2394
3712
3275
1653
6533
4861
3765
7967
4389
2728
8395
4917
1689
2025
5928
4366
6966
1330
1395
7117
7241
4764
391
715
3146
6779
8125
5182
1931
7851
4339
1816
8245
7452
648
224
5591
1949
6736
5268
4640
7156
937
1888
5657
7300
6819
1747
8260
3048
835
4827
2005
5958
8384
2060
1488
7013
4041
8467
3210
2829
4305
8613
8144
4967
8099
3661
4297
1256
6972
5180
6369
637
642
1865
8623
6945
6161
3253
7859
1522
3209
1567
740
1117
246
6047
4213
4003
8420
6899
536
2863
2914
2027
4523
8215
8327
4490
513
8430
1067
3013
6785
8378
3920
160
6550
2607
3142
4883
1624
7387
8636
5809
1110
4223
3386
7328
5099
3894
5826
6985
7763
1414
5181
7628
2659
5206
5198
1910
817
2110
2580
5149
5689
5121
2707
4781
296
6729
1280
6780
8586
5318
4075
1697
6755
7030
5569
4398
876
940
1832
6291
7384
2929
3075
6646
8043
8371
8659
8267
1502
1906
129
4119
7314
2750
6368
4455
3419
3155
7620
1662
4522
7008
4727
4585
2784
6399
7747
1386
7331
6042
4043
5446
8675
210
4517
2909
4850
5087
2306
8022
1098
3123
946
117
7564
7265
2234
2971
5129
8211
1045
7389
6278
3919
8031
3734
828
7288
3955
7844
5190
8042
2114
8497
5993
6644
3934
5684
2055
423
7031
6546
8266
1828
7401
3906
713
1976
8133
1269
5029
5046
5719
5361
1756
8741
4824
3539
4902
5756
1491
6094
1968
7176
8393
4057
564
3278
6679
1721
3994
1318
46
7976
2610
2691
7126
5972
5058
2693
886
161
3505
6840
2849
5916
4359
1794
8147
6705
2587
6547
1948
6730
8070
4434
2464
146
7188
5135
5865
6660
271
1717
5225
6971
6843
3689
5790
5676
1614
7410
3045
7877
1248
4068
7674
7386
3822
6728
1035
8626
4879
8105
7061
3673
8249
1100
3828
2012
1893
4698
6686
959
2016
1556
795
5460
8557
2208
19
5360
5167
4741
4858
8724
7865
5783
6884
8320
237
7658
2527
8250
8513
1834
5094
6186
5479
3328
2985
3163
3907
5384
8713
5775
2358
2669
6511
6997
7205
2757
47
2968
7816
7073
917
7545
2163
165
4830
8669
6763
3085
2176
791
3663
723
3160
8750
2444
1048
2678
6108
108
5568
2850
1391
2303
617
2420
4295
5537
372
4187
6647
5742
7694
2789
1749
3983
2596
1293
58
5732
1691
8226
7872
7461
533
1109
2406
4758
7463
4217
1866
7508
3245
5009
8737
4984
8722
2222
1118
1649
3886
5183
7032
4094
5820
4716
7303
1088
3471
874
8171
2720
2252
5389
2088
5833
3585
2407
7152
7914
883
373
1835
4031
7486
1356
6926
7441
8025
6836
550
2947
6104
4719
2448
7143
5961
7236
4448
4641
7116
6327
4651
5120
8097
1681
5392
1990
3737
3350
3305
5404
7560
810
8460
4193
8402
3154
1047
7931
1049
5951
6878
7695
2639
6982
1829
2597
2694
5814
8170
8183
1369
6586
7882
4050
1147
4812
1927
7554
6145
1166
796
35
6155
4990
5606
7592
6531
5610
4863
1319
7412
865
4941
3935
728
7909
6067
2618
4335
8062
5266
5601
6767
8438
5210
14
3233
8702
41
4957
6138
4923
1320
4553
8177
6474
2841
885
4205
1127
1894
1315
666
2175
8648
3323
5283
3854
2275
2509
88
5963
6393
6696
7425
2066
220
6318
2414
3861
2179
5204
717
4044
8654
2313
3289
991
8612
1335
4390
567
2137
6814
4564
6274
7325
4127
6025
2886
3372
7408
7056
5941
2059
4464
3109
1089
27
4566
7891
3393
4774
4482
4504
3219
8329
676
3480
3998
1463
2463
2764
4419
5402
1101
1760
4895
3170
5682
964
7548
1686
1780
552
4484
4639
4622
1316
7662
655
3515
6892
3847
8436
3189
2700
8539
2308
5717
1223
6195
1762
4630
1279
1734
3063
7813
2451
6955
7360
5481
6444
7326
2316
5347
6942
155
3976
6101
4873
2020
5597
1644
4222
409
7454
6147
5651
1820
2746
8007
802
3703
7036
8005
2578
5736
5939
2519
8655
4098
7580
3139
2258
8296
4082
2911
5822
4499
2028
5399
1793
8067
4940
7395
4078
967
4214
8394
2946
2815
1660
4557
2995
3825
8213
8454
5427
6375
737
3972
2497
5023
4687
130
4605
5554
1883
1084
4028
3126
2883
8607
8033
1130
3261
7162
7208
3811
8256
4240
1767
5856
3169
1268
8045
7022
433
2446
775
1490
8542
695
6203
8248
3086
8136
8069
1144
6097
201
6003
7219
3452
8291
5430
1902
5011
2918
1687
4519
6159
1295
6177
445
1730
860
3080
2785
4705
376
1065
3329
1234
4109
7449
8197
8408
6813
2129
2429
152
2646
7902
8415
6593
4150
2007
7257
2201
4417
2441
7343
4330
1221
6977
8673
5489
1487
5246
8479
2847
2727
2439
7327
3474
5328
1125
1124
1742
8059
7979
7751
8671
2471
7644
4714
3713
1936
1890
4046
2008
502
3547
5630
5209
5784
3018
4950
6235
5113
5624
7591
3288
5383
6119
33
1605
7083
5367
6300
1830
7542
5753
3380
2049
4436
4611
2293
1972
3834
4069
7623
7959
5692
3387
3448
587
7571
4225
5557
588
4713
7283
8275
1604
5802
6834
4845
6180
4936
2811
5836
958
7550
7526
1071
6854
5929
2267
5464
4668
4157
5292
4132
7214
950
2296
418
7671
1594
7511
4345
2322
4960
6938
6405
4176
2310
5548
5086
1042
350
4054
8771
6417
5490
7649
8154
1632
3975
1589
7789
4756
7559
867
5708
3312
4775
5936
364
1723
8145
3101
7096
4750
3535
4333
3603
4795
8433
6479
5081
7921
1351
3816
6347
616
1025
5025
7781
5373
3643
6216
3534
5309
215
8001
5304
1933
1003
7207
2433
1620
6397
5
3417
4096
6382
2636
3036
1884
1641
949
6521
4706
6410
7118
2365
8766
2331
1272
7764
4935
6589
2952
4472
6169
2058
7246
1349
4423
4582
8526
4447
1257
8270
7675
4772
4693
442
2505
8782
8735
3483
1365
5793
427
8619
1450
6062
8695
2882
7765
2460
2342
3723
7238
3281
8745
6020
7153
2900
7338
6673
2318
3495
8143
6313
3617
6126
3039
3623
474
7837
5504
375
6618
2190
1618
3016
2287
4717
5370
1002
864
4796
1528
7251
880
4559
6614
5271
6555
465
4030
3946
7292
641
2340
612
5230
2499
3778
1333
6340
6552
2564
244
257
5620
3897
3513
6536
4304
7155
1240
7593
7455
1121
5769
2803
6996
7840
5207
5111
6645
5909
668
3484
3272
659
2255
742
1208
6760
5355
5553
3432
1926
685
378
3884
3798
7514
417
5970
2249
7736
255
3869
3700
7038
3805
6612
7140
1438
3956
778
4488
5107
8746
7714
6312
918
2781
837
6383
4293
2263
3144
4743
881
8685
7719
6701
4901
911
1932
4104
6848
3002
1532
8084
4039
3485
7912
904
4291
5240
1533
751
7329
8047
6290
2056
4512
3283
3569
6435
8733
2776
1702
1693
7212
2186
1584
7932
7365
6198
4814
1578
7163
7407
4852
677
1210
2203
4318
5954
3736
385
4931
3025
3622
2473
5279
1808
3725
115
5629
8606
554
6366
3684
2237
5605
8400
7044
1765
3032
1611
4905
292
5514
5172
353
6088
6815
3540
6326
1131
5532
3213
4626
7443
1407
3223
5758
6350
5838
2814
2517
4621
4388
6590
8017
1103
3839
3557
2107
4399
5829
7730
6544
3166
8053
4012
8604
1786
7453
7301
1540
7937
3909
5777
2528
7433
8548
2634
3621
8419
2469
3131
7215
673
3187
5839
4486
2071
3951
5467
3094
4865
8450
1263
2765
788
112
268
1851
341
2546
2486
7601
8119
5142
6933
3521
647
432
5037
5336
2542
472
5803
2298
2210
1028
5534
806
8391
5550
7782
7249
5604
3666
8582
480
4431
2581
7817
5459
6458
8689
6875
1238
6423
2734
4934
7333
6901
7075
6907
2683
2413
2254
6976
4489
4915
6825
7957
5440
6723
2170
508
6853
3319
1400
954
1592
477
214
2339
310
8064
6163
1363
4625
4155
2003
3948
7706
8705
1215
3613
2518
1525
6418
8200
455
1809
8220
7885
8614
8332
6702
5148
4074
5492
1013
3287
4102
1975
230
306
966
3156
2559
2143
8730
2449
5945
8752
140
1360
1203
6270
4265
7792
7926
5503
8572
447
5968
6545
5506
440
2551
7189
714
5478
6167
7398
1469
8148
821
2152
5295
906
3222
8480
6778
4426
4903
3137
4268
5729
4091
1159
7590
824
3232
4342
7868
6050
8504
5538
1892
8376
7457
5622
8405
3992
8287
5531
1181
430
3343
1986
2
5035
