4031
7547
696
7750
4436
7228
3913
8164
6044
5682
5064
4911
6093
8693
6990
1165
7231
1692
2550
4111
381
5884
5010
2612
4107
2250
5081
8750
5149
3407
5774
1704
5962
5968
7015
5744
4695
4852
251
7115
6844
6158
1229
5280
937
6763
8669
414
5188
6365
8209
5918
3783
2263
4272
7766
7781
7290
2342
118
3155
8436
4844
8605
6301
6131
3824
2036
3164
3400
8706
5650
7997
4970
1007
3694
3265
2029
3159
8036
7307
182
1939
7518
1662
795
4636
7623
4061
5958
7045
1868
3189
402
8180
4312
7996
1517
4016
7539
8276
7474
7146
7442
7656
2613
1990
2739
7107
267
6544
6578
714
1841
863
4910
2926
1561
4342
1600
4603
8365
5893
5950
5187
4905
2904
4430
785
1381
5163
3922
7780
2142
7727
1867
4139
2123
8534
6307
8188
2413
4673
6776
999
8353
1637
7268
1671
574
1913
1279
5414
2924
6579
499
6564
4883
7896
4446
913
503
1275
3664
1268
1818
8514
2375
210
3992
2269
1516
6295
5190
5374
6459
7861
8041
5992
6687
2400
391
4556
1233
8396
6607
7536
363
4336
167
7844
7112
7565
7180
2850
7555
615
2849
8257
7421
517
6594
2231
5435
4938
6360
1581
5178
8244
459
6918
4606
5546
3482
1569
4766
7622
2004
7889
1825
688
3842
2681
1655
8313
1194
8642
7090
7646
2463
3989
2632
7223
6849
4208
5406
5205
8752
5294
5240
1003
33
7448
5913
4953
5255
3627
5029
6373
4337
3433
3330
175
8340
360
7147
3293
3541
2937
6427
4188
7140
5960
171
8719
7079
4828
6911
2487
6362
1557
7913
5383
872
418
7991
6245
8010
5496
4507
276
6411
3741
1008
8708
209
2774
1572
7515
3788
3114
7718
1765
6228
685
6162
2043
648
2389
2034
582
5223
6465
4511
1074
8429
4194
6103
3879
8602
2252
1493
268
8550
4083
980
1928
2060
4094
6152
155
6525
7514
8703
4420
5348
515
3556
5518
1634
8428
2763
4909
2137
814
5475
2121
339
297
6422
3567
2281
1202
992
778
902
249
965
1122
2869
5339
6985
2778
2837
5461
8537
7700
1755
526
5576
1520
4582
832
2982
5914
7044
3588
7492
6253
5648
6743
5806
92
6452
604
1371
7468
7232
2322
3508
6019
7641
2980
5105
6082
8654
2530
6555
7504
1608
8227
416
6449
1921
873
8062
4309
2365
150
1093
1663
6871
639
3771
7554
4739
6060
5050
1400
8046
5020
6423
8682
594
5474
2745
8403
2425
6053
1773
317
6112
1981
6657
5661
5068
4108
5005
15
1769
3095
749
6458
212
5175
6734
6009
494
6153
5677
1888
1787
4039
7445
5101
6155
6563
6139
3732
605
4225
5947
783
854
5449
4314
6095
4693
5452
5873
1449
1728
661
2646
8241
1206
7593
632
7094
4141
8281
43
187
5780
2892
7329
8482
3779
2104
2480
5277
4159
1565
5798
1613
1416
2070
3685
3418
3194
6702
7894
5162
4088
3454
927
3068
6424
2497
8305
2955
2348
2547
6407
141
7575
1126
1829
1681
1665
0
3625
4424
6066
2358
3085
5379
8170
7082
2103
8228
3619
3550
1166
7979
7258
3226
7765
1935
5428
7830
3905
2639
431
3375
1243
4994
5512
3351
2496
7304
1717
8621
2761
1788
3397
3775
6499
745
2094
4361
3943
706
6848
6883
2545
7866
6477
2155
2326
6637
8354
7479
7649
1168
4131
521
995
3515
4676
8102
1999
5697
1020
3067
1664
4881
1992
1506
8118
8156
6652
8070
3835
6874
5375
3494
7364
7388
3814
1910
3917
7306
3873
5802
4896
8746
5954
8372
314
916
8543
1245
2879
2476
3012
5386
6063
4123
5726
2502
2755
1679
5638
8299
4483
1443
1263
164
6684
6448
3472
6521
2242
7490
1252
3460
1428
2297
1198
8454
2494
5380
5879
6338
5450
592
6808
3959
8216
2451
2593
3495
4372
6601
1606
8426
8050
1894
3465
4210
786
5467
2706
4302
6074
8640
6236
3579
8456
3703
4862
4426
5084
3722
2310
8217
1568
2395
5017
8323
7546
7784
4468
5942
2598
3700
3947
293
2779
5634
968
3621
7910
1599
460
3480
8231
3467
3781
7636
6666
156
5398
1621
8289
4319
2087
3292
2722
586
4906
7661
1231
5705
2028
5227
5756
2961
4908
1453
717
3349
8531
6315
7419
1744
8756
6472
8660
7038
3260
4837
6821
903
5362
2280
4257
6717
2860
6915
7571
5535
8328
2793
2260
1820
2705
6026
2687
3158
4197
5739
7537
5034
5940
1761
6184
1163
6518
4220
1708
5817
4010
5044
7754
5065
4352
7185
5729
3098
7579
5850
32
5990
5596
1267
953
8645
4329
1463
8736
3501
8481
6117
1632
8169
2398
3811
1445
401
7899
6699
4438
6473
6991
596
4439
705
2796
8449
2117
1095
382
3716
6165
6031
1497
8321
4878
4731
3283
7516
8771
1391
4797
158
5998
1089
3634
8787
4993
8516
354
4417
2936
3651
4294
195
1602
3832
4349
8499
652
7891
7776
3290
2836
3280
8113
5623
6280
3186
7137
1983
944
3099
5797
1110
1364
4
5800
8274
4890
3037
8700
6771
1213
2283
4074
7626
349
2195
6075
3287
8622
8122
3145
228
4623
6673
1610
7520
7063
1731
3904
4707
18
2645
3452
1689
6287
7572
8363
2862
5649
4386
4864
3451
6618
337
6997
6277
614
3492
5145
2324
6961
5824
2886
6946
4815
3434
502
7642
5556
730
5564
6276
5093
4240
2999
4490
457
6200
8475
5371
1333
8006
5156
7373
4042
3680
3676
7730
640
3210
679
6662
1712
8462
1670
7972
8369
2847
2730
4447
1465
1839
7096
4428
5285
6084
5438
3233
8738
1064
2259
4109
5447
2577
213
5840
3197
7540
13
6629
1417
8630
6669
5706
2088
5031
318
3033
6535
8158
8018
2868
4756
7920
7380
4116
340
6697
3081
8053
7580
8245
3261
6049
7564
1892
7968
1125
1643
8741
6013
6856
518
1240
1757
6183
3048
8356
2335
5408
6313
7495
7489
192
6201
5856
6046
198
3612
3946
4189
6259
4307
5941
1956
3086
741
901
1146
435
6242
304
6156
5062
829
541
5439
2875
4572
6504
4686
7370
1334
4626
4654
2245
5725
803
5639
563
6790
2216
511
3930
1889
4089
5275
3601
6396
7716
3062
1904
2963
4554
8338
8611
8349
300
5880
6085
7526
6248
1066
201
8520
5804
613
7
6284
6803
3368
3789
4085
7607
5229
5125
3822
6832
7738
6257
2085
6899
3285
5540
5006
1405
6092
5951
91
8684
7875
4755
6740
5742
5502
3383
1421
8308
1518
7153
5215
8174
235
3401
4712
6794
3475
4585
7860
7760
6957
5308
1051
2343
881
3120
1668
196
7854
1303
7506
336
2976
3996
3389
2992
6432
2895
7238
5047
1100
1313
2830
5276
6038
1958
3161
8314
3481
7387
3630
3887
8339
6838
5573
2859
8541
4719
1720
2711
352
2867
1299
6433
319
5657
7756
7284
6240
6161
8510
8775
2782
5085
2555
4651
5529
583
4451
8418
4316
3147
1590
5358
4541
8021
3493
1587
7446
2647
3919
3849
5501
1178
1625
2717
7933
6051
8374
6016
889
140
5361
7482
1847
5660
2724
2316
7352
5513
5577
3412
1967
514
1028
4772
1485
8285
7969
6392
2491
130
8075
3470
2821
2965
1242
444
8625
788
5617
8015
6067
5631
2848
624
7171
2561
7344
1968
3961
5927
2807
2929
8330
8587
1792
1091
7577
1550
7316
2578
8610
7377
6604
7912
1124
149
7236
4171
8633
4656
2374
6438
286
6603
263
4787
3786
5834
269
996
6336
3198
4762
1822
5917
931
7808
6390
5479
4861
6949
6048
5026
5719
7046
6054
122
8098
5696
3232
2320
811
6902
4138
6497
8480
5298
3690
6952
2944
1281
5874
6348
2454
5012
7902
2571
8707
985
2237
4213
2359
4357
5984
947
3160
8337
4882
3888
4067
6211
952
2227
983
6068
36
8270
2686
4398
1805
1409
2427
5278
7805
4419
1487
2671
8637
1375
7469
2762
159
6382
285
2581
1960
1936
8214
2171
7105
6025
7337
7226
8233
8416
4649
2082
355
686
3137
4714
6611
3259
5404
7983
6204
3595
6965
2440
7417
3714
5799
6804
3426
6609
4838
5204
1835
8781
756
1823
6187
6640
6959
5057
6028
2294
1975
5004
4295
1351
5088
5228
3715
2258
5457
8089
8652
5581
852
321
368
4801
5127
1167
6945
1041
7260
4181
2243
5233
621
7522
244
4590
7596
4805
7396
7420
5681
4955
2415
7399
5473
5795
7650
4395
4519
1336
5599
856
1977
3800
7850
5055
4279
7559
6505
2362
2345
3620
6467
2968
3566
2651
8101
7498
342
3298
7588
7517
5578
338
1535
10
5370
347
5811
7067
2228
710
1489
1964
6813
4119
6880
1732
4122
4001
100
1090
2943
8287
7299
2077
3125
6683
4135
7560
2097
7801
8351
7533
509
3216
1966
2660
2834
6780
7077
5311
4486
2591
5038
7524
3743
2414
4853
6400
4833
3354
4931
5225
85
8453
6078
5286
4177
7204
2370
5689
5171
1398
7342
3596
4098
5039
1496
1785
2764
2513
4825
6671
67
1437
1152
7202
8222
1260
687
8224
3080
906
185
4081
4775
8444
4522
4441
4278
8110
6010
6481
3112
6171
7859
4452
6568
5510
378
5262
4987
7774
8049
2569
7660
3273
2543
593
544
7010
3991
655
7952
6339
5838
7634
1807
4156
3895
2548
107
5066
4535
1579
2799
4824
2408
2996
2484
4659
7000
4228
5235
2777
2938
2558
7220
6154
2424
680
4783
4957
2716
8469
1685
8322
4740
746
1040
3303
8508
3443
4230
5772
366
6774
5490
8280
6492
6738
1349
977
4150
471
2527
8197
2951
3301
2124
1542
1103
5415
6527
8509
6755
2522
77
4432
7102
3324
3180
7291
2583
4212
4401
835
1474
8346
3143
4431
641
1844
1762
4684
7247
8667
1953
2147
1775
7289
4641
4087
3110
5733
4298
8547
8115
4971
5099
1291
7245
4595
1261
8620
8028
4517
1430
8160
2399
5283
1555
5423
861
6658
4940
5046
3837
3778
8326
5292
2756
4066
3766
2174
7411
2708
1528
3745
5218
8157
7347
6543
6015
4725
6113
4429
5165
4002
8055
2854
1714
2223
2667
5764
6508
6265
138
1131
6538
7116
7155
1429
4202
3154
3484
4620
6306
154
257
7473
1408
8616
4114
7234
792
3792
4758
3231
5866
1503
4722
2321
4802
7455
3499
822
3853
5676
2143
8598
5357
5728
4798
4121
1185
3748
7881
1296
7787
4723
4340
4566
5994
7791
3431
7405
6954
4657
6533
1933
3759
4172
571
3202
7169
1135
5794
3004
4952
94
2840
1832
2481
1734
1010
5783
3681
8024
8057
1896
6519
6163
2515
6831
8574
5782
5136
1254
6001
4444
2832
5138
7075
2145
2488
2361
6724
7052
4035
2159
8074
200
3936
3514
4742
8525
2163
5296
7545
4482
7110
3350
8495
8154
8103
5708
273
3271
6870
5137
220
8657
7109
7954
4244
4297
432
4453
5534
967
2643
7973
2952
7749
8016
4093
8190
8149
8575
3891
4120
888
1862
7527
7563
5662
6633
4125
6344
1624
1790
5420
853
58
4034
4839
6102
1387
8300
4166
3758
612
3166
2801
3517
7470
6267
1524
1644
8315
1239
374
8202
4070
473
3831
5685
429
4972
5622
534
5590
4458
8711
1092
7595
6258
4117
4628
7598
4275
1850
74
1796
8658
325
4537
1573
6108
7308
1776
7662
4688
3643
6181
4371
7449
2918
6177
6541
3151
1814
8079
8140
6661
5359
3039
5469
441
5514
7020
478
1422
1812
7803
8710
8272
4467
7809
720
4080
6164
3821
6195
2531
2146
1253
6932
1317
4558
394
658
5589
3825
4962
6909
5200
5523
2439
2188
5009
6823
5609
528
7631
6852
5635
7864
6205
4124
5695
7132
1533
3813
7408
1501
1323
4502
7182
8058
5341
5401
1738
3654
7804
4524
8493
4874
5390
8165
8497
6132
3510
886
7786
6947
8215
5041
1763
7826
4607
7609
5793
3306
8173
1407
5855
3999
5052
5153
934
6149
5835
5899
7072
1736
1046
4300
5476
2614
6431
1098
8772
2096
5812
5675
6391
2499
7113
4325
7244
4476
2095
1000
8301
1014
539
6796
7935
8237
27
8542
6289
3229
3429
4227
7144
5028
166
2271
3909
8331
755
2215
1611
7463
2295
4214
2468
5201
3650
8549
4771
1017
207
5483
1530
1505
7484
2554
6984
5208
8608
1097
6573
1117
242
4434
5570
7131
1891
7723
7158
2635
7947
2923
7192
1531
6002
7714
2232
5391
4198
1538
3052
1980
4025
5056
1929
3348
8789
8442
4145
8336
546
5671
5920
7215
2462
3144
3784
8412
1851
4851
250
4437
5665
5930
5403
6340
7407
3466
322
3688
3217
5144
5666
4534
2518
264
8519
6246
2241
6317
826
1050
4570
4581
8594
5410
2235
5082
6370
384
5151
5889
3432
4399
1216
5167
4643
2360
8332
8629
2202
3065
4209
6410
7386
831
7573
6686
6214
1357
3304
4101
1401
11
193
22
5948
4932
434
4055
5658
4162
7683
3737
5264
1577
4516
6435
6032
3907
925
6522
4639
6476
1781
4311
3689
5272
6190
3580
8144
7168
3393
3101
6496
6553
1396
1384
2884
6430
53
7198
8491
2808
6901
1462
870
5555
8769
3006
2863
7371
5102
8732
8195
5289
4579
1748
2573
4592
1038
5314
3750
981
4538
6546
1104
5997
6367
71
684
7081
7538
1905
2428
3483
979
1899
5807
2925
581
709
68
3597
1483
247
5963
8590
7721
2794
5011
695
3358
2861
6993
3871
1925
7217
520
4033
618
6835
1502
194
649
3497
5718
5945
2521
2582
2689
2180
1722
2820
7176
1764
3881
353
694
8127
4985
6644
1142
8505
5871
5180
4860
914
6308
4991
5751
4699
7009
2304
6088
3976
2221
4748
2508
2020
6105
8392
7136
2383
6256
4605
3561
836
5602
6170
823
3427
5261
2224
5366
4899
3215
2741
7838
1432
5247
3372
2064
404
6605
7241
866
6070
677
738
1522
576
4503
2935
6843
7606
2272
1301
810
426
6439
7936
4943
1466
5825
2340
1187
5857
3540
5014
3124
6720
6898
2746
3474
4949
2114
7210
419
1942
8000
2289
4350
1620
2473
2347
3598
5437
817
4205
7569
3403
5193
6356
8219
3374
3899
312
774
8521
7213
6558
6089
5525
882
5323
6501
7145
4367
7218
6818
4092
3565
5431
6759
3944
4564
4405
1592
7549
6069
8142
2300
6261
3657
1570
8147
408
990
1113
4988
4391
3582
4553
1982
4258
6332
6350
1523
6134
5837
5736
7758
3818
8643
3123
6100
1075
1924
3343
93
8179
1024
2835
4877
4064
308
862
7785
7616
2806
8673
76
790
532
6602
6941
1986
6998
2490
6426
8366
3082
4013
6268
2337
7818
2009
1650
4091
4977
5691
2080
3649
3626
8067
1706
59
7488
7193
2492
2409
4954
3221
6474
6282
2229
4498
7427
5319
963
1809
4505
8501
5629
5265
5977
7331
4736
361
7903
6119
6621
5462
4745
5347
3378
1060
2642
3539
2106
3638
1855
2800
8726
5550
7279
1069
108
1211
6090
5627
7078
5890
413
2576
8474
4078
6223
6858
2805
5328
7949
2584
4765
7752
1204
8762
5244
3054
6121
3128
8104
8461
2797
2672
5938
425
2379
6851
3923
25
3486
2226
4580
6591
7724
2288
4539
2296
5318
3995
4888
6581
455
5832
7391
5752
2906
5796
3268
804
3969
6147
7453
7069
6651
4804
222
176
4875
8631
1154
5551
4495
2674
1249
7414
1800
3572
5952
6569
2275
4160
737
7249
7613
8696
964
3377
4079
2357
1887
5610
2851
178
8250
2939
8623
2475
5384
857
7295
2039
8617
760
7012
2244
7460
3183
7209
3945
8376
153
7719
2770
4433
3805
7208
1355
5394
7152
4912
417
3371
3008
6589
4880
7058
2524
5969
3614
558
1292
8768
1911
4929
3863
1848
283
7162
3518
4735
6884
1586
5616
2327
5813
6352
4506
7941
8263
8171
5133
7733
7001
4019
2049
2135
809
8584
7336
6875
4289
3932
6781
6506
1247
7008
7975
2309
2156
1004
468
1768
2538
170
776
6042
313
6729
4956
6394
6552
936
6101
4574
2015
5563
4510
6836
5674
7674
4528
510
2552
2628
6033
6468
7874
496
2889
2051
1701
2551
2888
8465
99
7884
6260
839
1339
258
6079
8718
3785
1481
2038
3525
575
4407
798
2430
6196
2110
2950
6298
7224
3347
2760
2
5442
3352
3246
8614
2172
2601
3445
4633
1574
488
6133
3122
2539
4142
2616
3113
6713
8267
8211
3148
7305
2023
479
548
1938
5453
3706
5819
8333
2991
4509
4017
5505
34
2809
3184
6097
8410
5260
2027
4738
6829
6145
241
2218
3555
3772
6406
1695
1920
6379
5147
8582
7857
5939
7882
4247
986
1011
7177
8511
7802
8563
4843
1605
742
7100
375
12
5747
4886
6828
6222
7379
5234
8459
7814
697
7834
4478
704
7361
4356
6768
5402
6772
3912
4981
5417
3751
1984
1088
1145
2474
87
8577
1394
6206
1798
1013
8730
6968
3655
3234
5970
7737
3914
7024
2186
1286
3455
2562
1494
6892
3402
5538
1607
8329
2803
8489
1972
5130
897
4834
5350
4889
5628
2298
1058
1246
3980
2099
5931
6169
1226
2404
3387
1367
451
4961
8685
6748
172
390
4704
136
2517
7005
2101
4859
5468
3319
5134
5443
1158
5456
5095
7376
6712
1086
427
1478
1941
5413
2134
8114
2743
3563
739
1504
1054
7156
5161
2878
5732
7092
5387
6056
6625
2757
2695
7471
5495
129
7478
7985
5168
3173
1306
7586
6018
7710
8335
6316
3710
5964
311
4501
6988
2008
1595
8662
7061
4737
8189
8007
5173
121
877
1873
3073
5646
3360
7139
1994
8191
626
3723
8687
2920
8162
8096
6926
2447
1410
2654
6775
3846
524
6907
1155
7389
385
307
78
2751
7415
8742
4997
1883
8664
7348
1963
6845
6982
3850
8232
5007
5196
7900
668
8148
181
2656
6229
4960
2649
2047
8467
3877
3355
1475
3729
5418
8457
1961
6218
7690
183
4226
4241
1442
6737
2979
8071
3519
7103
8683
3212
1976
2954
816
1945
8327
6094
3964
1902
5048
5515
6225
5491
2731
6143
3175
2372
6779
5509
4368
4243
6580
1454
1656
1217
2293
6393
8183
3742
7293
3787
2230
6227
1257
7534
5949
2386
6653
1802
2421
278
393
747
1525
7742
2032
4863
2076
5770
4670
644
4869
1311
5975
7330
7493
7552
403
4944
5553
6087
6567
8406
3408
4609
3926
5844
7848
3312
5790
4799
5111
262
6655
4449
3607
4071
2579
6854
7998
5966
4565
132
2880
8588
1801
6386
899
4237
7393
3924
7179
8595
3453
5976
2993
8402
7747
4365
2448
3244
3691
2894
6397
5494
7651
6793
1325
104
4551
8199
3524
7541
2541
7612
1324
221
6123
8013
3987
8120
8266
8698
6664
8078
5143
4571
7184
551
1470
3102
7511
1500
867
2074
3672
5164
2061
764
5831
2856
3978
2434
3264
4355
6897
5993
3840
4282
2560
3504
7883
1188
2130
2533
1575
3683
7940
5470
918
4411
1423
6111
6649
1073
634
1959
5878
289
8117
6500
2610
6091
2970
2933
1782
3802
4536
4323
3015
8175
6751
367
112
4254
1946
3386
7932
5955
3974
120
5481
2422
8226
8334
2909
796
6027
3438
2042
2018
2506
8478
6973
7340
4789
497
2397
7842
5761
3496
4305
1604
6735
7961
7806
5060
5805
142
3702
3882
671
6839
8526
4288
2843
4990
4958
535
1771
6343
4256
6142
1537
1614
1612
1276
6120
6043
7567
205
3660
7019
8107
7221
3977
5779
6572
6378
1238
1448
4733
1390
2908
1315
6174
6003
4183
3584
564
6375
4332
698
5112
7698
5186
8207
7619
6264
3708
5242
6711
3204
5544
672
3551
595
4283
2734
4573
7175
143
2897
3478
1052
3897
7741
3841
8407
3038
7770
1042
456
3955
3804
5363
1840
6036
5607
5868
2575
5698
2007
6363
8255
5035
7418
616
3017
6930
4246
7450
5053
6929
3578
7604
3736
3968
5238
3773
2503
2872
4720
1072
5580
4879
4757
3962
5110
690
4744
8749
1034
5567
1479
6722
3670
7023
5304
410
6963
424
7995
8243
7632
3170
3462
5002
6179
6058
5822
8022
7600
6900
6850
1690
2052
3667
8324
1444
4969
282
8130
7138
7790
5365
168
5621
7196
6834
2354
2683
838
2290
6825
3275
1719
3674
5128
45
5067
8146
956
21
4267
3357
1532
4754
1063
6271
827
3376
636
2291
3803
2784
2367
4165
2604
4618
7111
2928
6493
8647
4466
1412
5588
1978
1156
1079
2685
6719
7783
2442
6130
942
6185
7909
1622
4321
5268
5263
109
5971
1740
7042
1005
633
7582
2742
6188
3149
5613
1950
6331
1495
3185
5766
7707
4999
3369
6692
7029
2948
5349
3506
5565
8628
2827
4126
8405
3623
4647
6878
5531
2056
3269
6532
7288
3698
3456
5789
4286
2609
1002
7513
7309
1872
5305
2199
1499
4137
5131
165
3704
1283
5087
8168
4856
3036
23
2405
224
4231
6129
5981
2239
6750
415
3502
2817
4786
3239
2528
8205
8025
6398
8031
2464
3892
3847
5720
6099
2919
1724
5271
597
8722
2621
5092
895
3940
6387
4530
7868
454
1080
4274
2723
215
8129
3116
2197
4632
8325
346
20
7338
3537
9
6727
2966
5620
2536
8008
1667
7437
356
3618
3297
2129
4678
8132
2973
7863
3602
3658
1583
3836
3139
4812
1076
5636
6936
1055
3838
1751
8431
3342
976
7816
5608
1341
2069
4759
5317
5929
5245
6812
5090
2153
7323
5887
3705
6526
6600
5288
7325
5508
4650
4770
5396
4128
7413
6887
5652
7481
1111
6792
1691
5965
8573
2489
28
3028
7827
7799
5867
2544
7287
65
189
2753
4979
2719
6208
6694
2736
8502
4403
6485
3701
8135
815
4781
6583
5543
1183
6402
1536
3488
4076
1725
1436
2339
805
6024
6971
5019
3763
7390
6172
6080
2846
1559
7688
1646
5471
3575
1553
3735
7496
4613
6321
4823
991
2204
6992
568
4550
4348
5322
2332
1907
4729
5862
2217
6841
5021
4615
4918
8251
4885
2652
229
6135
2504
871
8782
7558
3659
6022
6723
5433
5440
7166
236
117
6733
1234
4778
6239
1480
4068
800
3527
6628
3291
5117
4508
4301
3908
2594
2325
4627
4706
1118
3548
6757
1161
7035
6815
5663
3329
316
7016
4975
7141
7977
2781
2831
6739
1059
5169
3682
7978
7679
7088
6249
4474
4473
2482
399
2663
864
3885
4497
5291
5537
3362
3267
4951
4832
6109
3730
5301
5842
879
7343
2432
6789
3939
1237
2842
7907
651
3552
8200
5013
3220
707
3428
2152
1639
5745
851
237
3794
6672
8277
7841
5239
1081
5284
217
4006
4303
113
3523
4387
8138
500
4617
1347
4422
4023
6837
7835
7764
51
508
8068
5212
5015
3326
3920
3024
1641
4983
5430
4480
7424
1753
1723
5331
3325
5146
1779
3666
5346
3459
3639
2466
7227
3150
5925
4604
2203
885
1304
5632
7483
5206
2611
4897
4540
3511
3313
6138
6914
8674
6322
1271
1001
3002
959
4892
2542
3192
5213
4204
3981
727
7671
955
8596
7878
8634
974
3165
1049
678
8619
8225
6931
8770
8124
2315
722
2058
752
7187
2264
4448
3071
3793
5300
4529
1876
1854
3890
5642
4338
2267
978
7353
1597
7677
7928
7630
2006
5672
2090
3900
6330
6371
2995
2351
3018
1070
6072
1789
1083
8080
7904
8380
2678
8677
1702
8072
8161
7357
7629
6753
5352
3088
5545
6045
8390
8679
2932
6967
3405
5222
453
8236
1172
279
7499
8069
6250
3997
8066
7261
3336
5839
2344
1148
8471
4773
1353
6374
6436
5986
4260
7755
2495
7363
2633
4577
2287
39
1288
2630
662
6890
8268
8476
370
4052
1513
4568
1778
6865
6760
8310
3316
8422
5155
4561
3237
1640
2917
6221
6455
4935
1265
1772
1427
24
5870
8235
2093
1638
115
8524
660
6987
8159
4822
3031
4388
341
663
1342
3719
8167
3856
4677
4622
1580
8391
7992
5287
4014
3195
2819
2128
3746
6414
446
2177
6725
2353
3806
2132
6399
5526
7561
933
8373
2045
5049
3370
4703
6798
1290
6081
7372
7886
5872
2059
5875
4130
422
2022
6388
5982
8570
5594
7958
5458
4747
8198
5985
6806
569
6561
3422
5944
5499
5670
3916
8759
7457
7885
1186
7666
6889
7602
2825
5710
4973
7253
4559
3174
3636
6732
1916
8733
4195
5032
3014
5109
8451
3874
3949
69
485
8589
2981
6654
4947
1205
3553
5664
6942
6955
8141
7487
8646
3833
7937
657
3238
2957
3611
7031
1278
5707
8193
3450
2626
7769
1631
7971
6311
6323
3859
2841
3022
3573
1469
6096
5651
2450
5073
5273
3182
7214
345
3731
5853
2307
8427
4672
2750
3435
5043
1214
1548
2927
3608
554
5231
7240
4694
4587
7467
6346
7706
6017
2118
1196
4865
1298
4806
6486
351
5910
4681
6337
7106
8204
3284
8744
6597
3060
4421
3167
1510
7906
8776
1991
3448
4328
775
3100
6243
7477
1849
6479
7163
6104
4800
7821
8487
2662
7813
1900
2024
728
7211
7086
1099
3437
1777
7870
83
8239
7759
3663
4521
7272
7810
4578
5427
973
1484
4317
8690
1019
4383
1834
3476
3656
8705
1379
6168
6819
1472
504
589
2102
6782
5492
1811
3733
5769
492
4667
6061
1737
2916
1856
1084
5587
7836
6620
5210
6916
6475
1866
3830
2596
4547
1264
7795
5267
1123
1151
5922
600
6524
260
6327
5381
3512
3477
740
6514
8600
1383
1601
4950
2068
8624
3049
4469
6645
6970
106
988
6715
7736
6754
3390
7509
5140
3447
2684
6554
2005
4687
6614
1629
622
2566
2111
8027
1733
2292
204
3984
3797
3918
8597
4515
2785
2189
7130
3013
82
819
4175
7535
2256
7164
8747
7705
5702
619
7434
2752
3201
4146
6690
4018
8303
5224
7173
227
721
208
3594
759
4284
7638
252
5765
3469
4965
3457
8761
7430
5826
858
7556
3809
6509
7768
6665
4625
7476
1115
5445
3409
37
6125
8043
2588
7743
4201
4065
6515
6612
6035
1440
4360
8754
1413
7984
128
7167
6450
7905
4046
4716
4427
2048
5216
174
5934
3129
1799
7589
8099
2818
1596
3131
2213
2257
4362
5841
4493
437
7267
2075
8498
5760
7715
4313
7339
3938
290
4946
1285
1937
7543
4902
3289
1914
777
1420
2211
2380
2873
8371
135
6446
8578
1360
767
1918
7017
7680
7458
8347
4901
3985
2329
8437
4576
6263
6787
8727
7186
2402
8607
3829
1043
3310
1044
6696
4679
4416
6463
6278
7161
5211
231
7712
7149
1698
8284
7452
1320
8571
6746
2715
5399
469
1971
4671
125
3300
3929
4514
7394
5454
3728
4917
2822
7856
5859
7531
5973
4161
2472
2810
4455
430
1752
2694
7114
147
8009
3986
4816
8298
7073
6548
7931
911
3416
8269
1661
6403
5758
6442
6107
2523
993
254
5734
5069
7696
5269
4291
2728
3717
1236
3200
7590
7576
1270
7494
3117
4351
6933
5482
6076
4630
3251
5274
407
4382
1730
5624
8717
670
2382
608
6708
2191
6405
813
3399
2210
8788
4835
42
1335
1529
8061
3029
1191
8319
1274
2650
6802
8401
5715
41
5486
2319
8644
3000
6464
8517
1591
4690
5953
8404
6964
2701
6817
305
7873
7601
6752
6869
1062
1534
8661
846
7829
525
3558
2419
4593
8460
2648
6577
1816
780
7675
3205
7648
3078
6646
3430
7825
1628
3632
2698
3721
7248
4147
8076
6742
6730
6380
3179
7657
4115
344
4818
8288
3581
6503
1793
6023
3196
3851
3305
3063
5659
4913
3043
1979
4642
105
1700
4047
2740
4751
6490
8676
3075
5833
7731
2816
7898
8134
2410
1047
2086
7322
5692
692
1033
5908
4374
1954
7782
924
898
7532
3952
7605
2776
8278
2738
4967
3439
2030
8320
377
1129
5618
4261
7775
997
5548
3156
2707
2946
7314
527
4268
781
5845
5750
7200
8484
3471
4753
5506
152
3277
2804
5451
5723
6318
3577
1546
4184
5003
240
8012
1277
296
3828
3146
2019
8441
3413
8528
3951
7026
1686
1331
8201
5500
2381
7929
2680
4884
5792
2828
1836
2066
3740
4664
1842
7410
6098
3087
7748
334
3910
6507
1852
3808
4811
1255
7398
6529
1492
3747
163
4062
7831
6693
5152
4450
5207
3338
666
6726
4810
8385
5426
2173
4059
5123
7659
2824
1223
7160
5755
1810
1726
6140
4082
3206
3127
8040
6224
4698
7486
2072
7002
4560
433
8551
6351
3839
4709
5465
3898
7566
7847
4381
7872
543
2438
3363
463
1908
144
4968
5360
2910
7950
3562
8290
298
30
5330
975
3055
2975
1658
4281
6012
86
7608
1828
3941
6894
1022
3589
1696
8343
6217
4099
3056
3756
7317
8294
2477
6847
6810
6335
8254
5571
763
3115
5854
7250
2989
2978
8279
5480
3025
4845
7444
4149
1289
4344
6488
7355
5154
7618
4545
7512
3957
5936
4095
7980
4285
7432
2532
2485
6510
801
552
4339
8262
6083
3684
8126
6216
2286
6820
3411
7921
7959
17
7637
3637
6443
6182
5603
3819
2720
3058
6635
1527
5120
3321
3281
6234
932
8639
5411
4638
4249
585
5237
3593
7877
3583
3007
450
2270
3965
3420
8184
2772
491
2789
4077
5539
7697
2185
8713
2456
4224
1189
5270
6005
2108
3299
4769
7265
4234
123
1143
5641
1395
2144
1651
1171
2401
8729
4741
3844
1582
8064
6537
8419
4182
7328
3093
8564
966
1797
2520
5916
3307
8659
4004
6320
3059
8395
8470
8680
6598
2116
5421
2505
4235
7672
1647
719
4964
7416
5091
7206
7345
5560
6353
828
160
1136
8111
5803
6404
1626
2412
1831
126
3973
620
4404
2864
6437
1144
4794
3696
7301
8572
3441
206
843
62
102
2081
7310
7990
6480
825
5541
423
1101
3092
4259
1467
5737
3568
8678
1507
2233
5077
3256
7815
1380
8641
6417
2254
452
8242
3868
6716
1710
5080
2768
6148
2749
2214
6704
4465
5885
5189
7431
844
2606
5310
1743
1218
1477
3288
7480
7030
6681
5999
3322
3507
271
4767
2240
1250
1272
157
6157
4276
6478
4683
6937
8275
7652
1273
6429
8261
8603
6124
4308
4658
1636
6146
1898
5686
7059
4520
7820
6721
7135
7051
7188
7653
4915
4096
3970
4021
2470
1619
1319
7053
5601
2035
7970
3364
2302
7578
5419
8712
3532
2312
2262
7953
8737
2078
5338
8748
1087
2607
5904
1461
7273
1356
5886
6349
896
7120
674
561
5182
3379
2277
5814
4597
7011
6882
8143
7839
1450
179
2443
5122
219
7275
6590
232
5388
1770
7297
1182
4674
253
2366
8689
1944
3695
2299
8029
2758
4253
2182
214
1824
6703
2164
7695
1735
5378
6451
2725
3135
905
2003
4963
6542
6920
3966
2546
2769
2876
6707
467
3423
3258
1302
969
1633
3498
1071
8720
8473
6286
4402
6290
439
2426
8671
5382
5519
137
3072
5282
3720
3762
2516
7412
3647
7789
556
7678
7965
8763
3911
4445
4408
8609
7201
8448
7669
6596
588
1901
440
2519
941
3458
1262
6358
5614
1588
4841
8552
3516
3536
6631
4393
1817
8116
5177
2811
8048
2962
6059
6520
5630
5640
4665
1009
7270
6939
2631
8291
320
6864
26
2688
501
5957
7880
6905
1563
7276
984
7080
1316
8586
203
4000
238
3707
4343
8555
1219
4857
2718
1853
4223
5683
4009
7262
2328
3395
765
5114
736
4049
3424
3142
7435
2021
6910
1909
7693
4359
447
7667
7239
5654
4849
4027
6867
2406
1578
4602
6627
4324
5422
6710
3975
7703
5527
848
3509
5956
5400
4774
7772
8206
2071
562
7181
3616
5094
6917
5987
7523
8258
2625
2977
6255
6460
173
2912
2139
8423
4984
4930
555
8447
3876
5827
6799
8648
2624
2572
4925
6457
4296
3753
5504
7447
5416
7846
5861
8307
3191
874
4292
3308
2974
4028
2392
3266
3021
8358
1426
6766
1309
8094
7324
833
5220
2949
5905
6677
2713
4015
6011
1039
5124
7585
3534
5979
6194
4768
46
8155
7384
4331
522
6951
834
5668
6924
6923
7709
8492
2119
8601
4168
2855
1903
880
4998
2055
1402
4583
4217
1515
3153
90
8344
7303
5924
6150
6718
8185
4989
928
7691
7955
6122
6167
3617
3138
1598
3648
8131
2710
5444
5561
8318
7191
3796
2748
5557
7436
8649
7497
4232
6412
2303
3252
642
2168
63
3530
248
5703
8367
4369
8357
884
5356
7728
5199
2673
3749
734
6626
7464
4854
718
7282
2659
1350
6634
8186
2922
5521
7252
7189
395
5748
6272
3208
7243
577
4870
3604
4152
876
3105
6599
3274
7319
6676
442
2618
5713
7938
3644
6840
5653
6670
2465
7639
5477
607
4916
8494
860
7665
5071
2907
7089
7382
3678
6765
5584
6408
4413
3074
559
7682
6913
769
4675
97
6192
438
52
5446
266
653
7887
8293
4903
6419
8503
7459
1153
1951
954
6219
2183
3934
2877
2994
1177
3886
1102
2178
376
8490
4144
6559
920
5192
4893
1508
2987
5735
7043
8004
5297
5771
6106
6714
5815
2732
4487
1147
281
5906
5524
1869
6325
1348
1567
7190
3489
5464
6530
545
689
4532
1906
2429
7879
7591
4389
4518
1293
5315
4112
5448
8681
1683
1471
6300
6454
7335
703
4148
2815
1539
8384
3136
7066
3295
5097
4475
6935
6040
6136
2127
5172
1132
4544
4567
1096
4557
7994
8020
5902
998
5054
4500
8361
2893
5197
7943
2510
7833
6062
8002
4180
386
2176
4008
4840
5367
8381
1065
4290
5959
6881
284
5615
7074
7423
8751
5369
5937
3915
7508
3227
4484
3869
1837
6731
2727
6238
6872
6632
2012
2844
2693
1697
1208
14
8051
4728
8580
7124
7097
1649
2333
3816
35
188
5248
2766
8627
6536
5343
768
6513
5493
2655
2194
1170
3812
3633
1256
4492
8086
8151
601
1464
4708
5645
5849
2559
647
926
1006
2355
4591
1212
8488
3345
5921
4663
448
7134
4334
8087
7292
5777
5104
1878
8030
5778
4132
7876
7462
1031
887
1618
1645
4933
265
6512
611
6962
2200
2279
1287
3754
8088
3425
223
5935
328
4764
4394
405
4743
1451
7530
8105
3069
2238
8136
5129
3687
849
274
5042
124
3152
7071
4850
7500
6039
5354
8472
4306
151
2733
4700
3845
8005
3770
2268
5008
6065
2773
5096
565
1174
2125
772
6517
7944
4682
8579
4701
7869
6972
3549
7823
3867
1666
8612
7165
4621
8635
773
3960
1340
7346
1760
8593
4575
6151
5040
6788
572
5257
6709
7643
2220
4598
2620
7654
1511
169
6420
625
8092
3203
7713
1861
8530
793
5712
665
3019
628
7732
3994
4263
134
3928
306
7644
2498
2251
4645
5820
3199
465
507
5497
1897
8085
2017
5572
5306
4477
6166
6822
865
1382
3631
5996
8544
1438
88
8345
4245
8784
47
1354
664
4661
3774
6895
4423
8220
1675
3635
598
3272
4513
7366
4347
396
8709
5843
186
7939
2921
7050
5116
4898
4926
4255
7409
6428
2100
2079
8397
5836
2161
1482
2947
216
6220
6115
8632
3279
2053
3855
6682
2959
3177
8128
5569
1389
8483
8139
5876
1330
4354
951
5830
6571
2002
5644
6610
1468
3628
5699
6008
8569
4614
6296
1947
4211
989
1403
6805
7502
1314
4644
8026
799
1795
1623
7751
4640
1716
2373
7702
8560
5183
3309
7022
3677
2898
7395
409
6873
5597
1321
2585
6587
5554
5072
7296
8362
3235
4414
1870
4543
3727
7456
7311
3444
243
2857
2666
1705
5787
4986
2501
6545
2903
1266
5340
5860
6647
1766
7761
3461
3671
5568
2511
3752
7840
2565
4215
1269
7620
6302
894
1457
4612
2852
5915
3064
3317
560
4233
6209
3344
4629
716
950
1885
5928
5877
8084
6989
5687
8398
7966
2350
6983
7122
1225
5078
957
8210
5232
6615
1998
2972
3367
5731
4900
6444
7178
5542
6606
2371
1490
841
8123
4819
8259
4073
6953
1307
8106
3652
5530
1195
4868
5332
7746
364
6434
2109
4270
8615
5896
8466
4392
7796
3570
6584
7897
2385
4140
2411
7962
6021
8479
111
1997
8485
8443
2184
1833
8037
3398
5061
2067
1786
4153
3776
3629
3278
4948
101
4333
295
6491
5791
4345
1673
2871
2881
7908
2311
6888
288
7828
2557
5254
2669
3061
6294
1026
1794
3860
4443
1175
4531
291
6215
6974
1029
2449
2349
8458
2356
8014
8054
7422
5848
6383
2853
2246
7257
3053
5995
3009
1922
550
5397
6020
5253
4327
1780
8716
6824
6663
6736
2479
7519
4029
8512
4154
7993
2587
5592
2866
1173
2175
56
6251
3109
3522
3016
5303
3353
7439
7583
784
3209
8558
3356
4619
2010
8213
713
4196
1305
711
8282
2737
84
7126
4072
7148
4203
1988
1615
2984
912
529
5059
2225
5329
3734
8765
4167
8382
3020
806
2603
4118
537
5327
466
2556
7773
3230
3050
4523
512
1162
2599
8348
6418
1018
7055
7701
845
2170
1190
8656
6879
1199
5293
868
5507
2452
8295
7976
5533
8506
6037
1337
324
327
2433
8119
3171
3854
3724
7501
4454
6341
4724
3760
2641
4206
7003
4776
8721
5148
49
5472
2703
436
3791
1433
6996
5967
3373
3713
591
1344
7771
2500
5575
4866
1230
2478
3296
38
650
1329
4685
3765
1284
7725
6855
335
7246
2391
5377
584
3711
847
530
7858
2529
4379
3820
5364
272
397
6319
2208
6050
2568
7865
1860
7207
610
7919
2393
2534
6233
4277
7625
1815
7159
3571
1455
7242
202
6689
5334
6007
7142
4038
7930
8452
2729
2436
7788
1140
3176
3479
7893
3826
6547
6241
1874
2735
725
8273
3641
5818
3042
4456
8265
5266
5279
6966
4512
930
7957
3950
5313
8341
7681
2615
7036
5392
5108
3096
7013
2783
6999
57
2041
2712
1713
387
348
3767
8264
8522
2637
1806
4229
119
5355
1927
1232
2990
2564
7041
1654
3337
8177
908
1297
6006
1745
392
1973
4711
2065
3163
8260
2969
2091
2120
7548
6385
2154
1552
3126
7999
935
8034
2858
578
7694
8435
3406
6811
4978
1373
6483
1021
3896
80
1890
1549
5335
116
1393
2676
3384
6801
7428
6498
919
2364
8636
566
4696
95
3388
1141
8420
2341
4652
2278
4269
948
8778
3089
6178
6212
631
6656
2105
8383
5709
7065
3669
5195
1128
1970
3207
1996
1985
3334
8699
6706
724
5988
8745
3490
6764
1197
412
7083
4669
1547
4826
4934
1415
549
2407
6057
4364
4637
3543
6842
3286
3726
682
3314
732
3188
8377
6304
6528
8576
3545
2563
8178
7129
4569
5846
1827
4418
2331
7645
3225
3606
8388
4763
3725
3044
7151
4914
3609
8672
929
287
2444
2190
7128
1562
7014
6487
3047
5516
1338
2870
1078
3045
1993
6516
2483
5743
762
3270
7365
8556
4011
2512
2457
2308
7763
1221
1774
4793
1476
197
3933
1176
2691
3320
840
8378
1594
4895
2971
1023
4941
3993
6809
8082
55
8415
2138
1458
1053
2181
6588
5036
2945
7332
2057
3417
8518
3586
4563
7327
5746
6592
7381
646
3442
3810
8548
7392
2013
2469
7655
7852
4358
8650
4653
4668
1791
4238
4251
5864
5611
2149
2416
6203
5974
3903
8229
3615
2634
6549
148
5118
3686
4924
8073
7354
7356
1627
4396
1027
4546
8187
3485
5882
7321
4219
875
7914
7551
8562
7934
659
64
7263
7670
2874
4075
7070
372
6969
6906
8691
8286
4871
3001
3967
3902
5024
2526
6886
4264
837
6648
1414
3948
2113
1378
1067
8764
4504
5455
7807
3864
6767
2985
8249
693
162
4415
4460
6484
7385
5606
4923
1312
6000
8097
6853
2759
6642
5773
2617
1036
7277
3988
3739
7033
1703
234
7378
8411
4440
6453
6893
3538
7429
1877
5738
4459
6502
2084
2346
3468
7318
6744
177
5107
1514
1912
6366
6582
8359
2486
4692
3513
8408
1512
6230
6141
70
6309
5701
4848
2205
2420
1327
6688
1687
114
3848
7004
1025
637
3622
2363
3795
960
6904
3675
2567
350
4821
2714
1179
2664
7901
7673
2934
2915
5217
5643
8766
3798
8780
1648
2802
5434
6247
5194
8399
5714
5901
6800
1258
757
73
3276
7811
8545
2441
5074
8783
2369
3032
1709
3642
8033
8425
6347
2026
1571
7544
3535
8604
5121
5595
4732
5307
3998
3446
8697
1974
8714
5051
6355
6175
1995
5001
5520
6956
2597
7062
8692
3003
1365
4634
301
6440
3764
1369
2553
7568
8095
3521
3526
5888
7633
5582
8540
8172
6207
8786
6186
7119
6863
2437
331
1672
2814
484
7212
1694
7216
6981
2679
3223
6377
2956
6944
4584
5336
7507
6636
6384
6659
75
4048
8500
5785
890
4820
7948
1077
2133
1215
4691
7440
4599
8297
2833
587
8
830
1551
4589
6701
8434
3990
2798
4927
3385
8533
5983
2697
4608
4242
5115
8112
380
89
7056
3880
4601
1917
6055
5076
1554
6415
3381
2507
7542
8059
315
1200
1425
3162
3865
8739
81
4178
4376
3094
245
1134
4648
7034
2384
7717
2704
3815
4412
4050
6421
8477
6288
2165
1488
8393
8060
2201
4830
2829
19
7085
7923
1116
5395
5385
1139
6489
1130
8686
1361
5989
362
8283
7049
1473
7143
6859
850
3927
2885
5716
6389
7744
7040
2914
4496
8536
635
1521
6778
3757
6539
6749
708
7610
7753
2167
7475
6593
5389
1032
131
8724
6202
7687
8083
7925
8553
6409
6770
3574
3953
5058
8019
917
5600
4053
8364
8304
4057
7230
5907
5852
7960
1160
8090
2882
3076
4024
7762
3761
505
2435
3587
3823
6285
7557
2445
1224
3365
6160
4318
4346
5816
8675
6769
1682
1251
6369
8532
1300
4271
3134
791
4588
3361
3107
6860
4966
656
8355
8317
2525
6773
1362
7895
2699
3027
357
7853
7777
1617
7359
2249
1228
4494
5647
6925
1934
7624
5488
5678
2767
7256
7592
536
1295
3866
7981
3956
1659
779
6342
4032
4304
6213
5821
4795
3066
3315
5722
7205
3440
5373
4730
1846
2839
723
2001
4103
3547
6919
519
1826
7125
3070
2930
754
580
6273
6041
1294
5894
5851
7849
4600
98
1434
3392
6975
1209
7553
8003
4207
44
7315
744
715
8153
4104
654
7911
820
4106
4133
2780
4790
553
4867
5688
5891
7274
5243
3140
3560
7229
476
1540
4322
483
2062
3546
6144
4036
4266
6616
3090
1035
7871
303
8044
8670
6691
1119
5503
987
3118
2284
5079
904
2107
6034
2657
1857
7350
3219
477
29
180
6660
7349
7286
7822
6328
3328
4248
1082
1843
4980
8389
2744
4689
4596
4378
8011
6345
6354
6896
6372
3249
7963
3241
2754
516
7203
4199
4705
7397
5412
2592
6292
4041
2417
2236
7367
5185
4127
365
6795
1660
2276
6359
1688
3925
5768
8753
3500
7466
5881
3894
1241
2891
472
7594
4873
7157
1424
962
2122
3172
8546
5865
6756
5022
3169
667
970
4782
8065
3340
2622
7967
1783
3218
3942
5158
5903
5258
7032
449
8038
3790
4185
1657
797
5619
1669
2054
5810
4060
8688
2787
4377
4717
7689
2136
2709
270
2314
133
1498
7425
1248
1164
3901
1932
1045
3668
4894
2960
2301
6979
3613
2696
5299
7711
8701
2323
7798
3181
3436
5176
6275
3954
6876
4239
5466
2207
4090
567
7812
3005
2179
7917
8400
2595
1220
6921
8777
5353
4287
7183
1767
3569
8695
5023
2318
8316
5485
6777
915
4959
6807
2953
7926
4887
6826
7627
7404
6173
5166
7982
5946
2535
3245
2219
1397
4174
3692
1858
4003
3872
2911
2967
1863
371
3190
2423
3505
3257
6210
5919
542
8212
4265
8042
8785
5511
2629
6556
1222
8651
818
1642
8196
8723
1015
3557
2574
8535
4846
1085
808
7986
2317
3777
8585
3697
3937
891
6293
1446
7745
5847
2775
1560
5368
5788
943
5070
1404
6052
3971
3346
4262
5898
1680
2677
2274
7617
6976
6128
1235
1718
6333
8618
883
2998
821
751
481
4151
7890
7862
7892
5436
302
6783
1386
6574
2212
3661
5943
3449
1509
2148
8455
7729
6557
3133
8047
869
4143
7254
8757
7581
239
190
4479
6928
2461
3119
1566
5478
3592
8668
8256
1030
4335
7219
3875
383
8779
1385
3108
3679
6252
1589
6613
6675
1180
1322
6334
1558
4680
1965
3084
949
5517
5342
6977
5753
8523
1545
7797
7587
3046
7521
675
8731
389
4858
8246
3187
4020
2823
2376
7529
1923
1441
940
7039
6495
3083
7127
3843
2619
7918
7720
3544
1203
6395
6680
5612
5593
4471
1881
878
802
7454
2586
7819
2377
7628
4221
3585
5174
8145
2031
3341
3972
7597
645
5895
5086
445
6940
4353
5184
5214
5673
3931
7503
3302
50
1576
48
6193
2378
5829
702
8133
6668
4157
1727
6576
7150
1259
5741
31
5528
5241
7334
7133
8039
729
7794
6199
2692
3529
8203
2605
1157
4827
6903
3421
4937
4526
3738
5784
2665
8583
6198
972
5132
8755
6326
6232
261
1133
2255
2141
5025
7664
7663
5075
1120
4562
7684
2234
859
3646
4872
4796
7259
4814
6700
4158
2169
5459
1374
8463
6244
4499
8694
8108
3323
6667
7117
7942
1012
3103
4026
5159
1105
5037
2209
2338
8077
2988
513
3709
2050
5579
2636
1094
7369
6785
1584
6595
2025
2098
3610
7199
8350
4842
7018
7283
7222
4921
939
7584
1821
5030
8342
4425
2790
1711
7800
5897
3605
1491
4488
2983
6368
475
7104
1526
1895
4326
373
292
8430
4200
1068
7951
1149
4855
3603
7194
5250
7057
4788
6462
4100
3141
3858
4105
8559
750
4533
1813
5139
8125
4594
8767
3554
1879
3010
8311
1280
3878
8312
7867
2166
333
3520
72
8032
6960
3035
6357
6441
7266
1352
4555
3041
2037
3415
4785
5762
2726
8379
5100
7271
5198
5221
7298
1392
6814
6312
139
893
4463
8663
6030
1952
7686
5372
489
7525
6560
2812
2011
1739
7095
1609
2089
3768
1368
938
4063
540
7341
531
3079
5598
7197
3979
5106
6885
6958
8181
2608
4280
1989
8017
2958
7225
1750
5126
3699
7824
1061
731
5633
1871
6226
8302
5858
8666
8052
326
3240
7076
910
5259
4761
8413
6995
8093
40
726
3366
184
7615
2305
3255
5142
498
2157
8728
8360
1343
8773
8045
7528
5351
5027
6110
1721
6310
6624
4548
6566
6846
96
4808
2845
6466
7285
5961
8568
761
6685
8743
7843
1987
8192
3958
7927
3857
4936
487
579
6376
7676
7118
8386
6994
907
6980
8735
4409
3591
5700
4191
4375
61
4646
8450
6118
4129
8486
4750
1969
4005
6191
7433
3410
691
5202
4315
2403
218
1193
1169
4635
2623
6762
4631
2509
5429
2590
1884
2644
2600
5717
3782
310
7988
961
6866
5749
6695
3807
1699
8182
79
5407
7281
233
8023
1653
1585
1715
3331
3193
1328
6114
8063
1674
573
6747
1016
4807
4030
5141
673
2336
8432
7360
3463
3121
4472
8296
4170
2865
2458
7461
701
2986
7028
6617
3023
4702
5775
1439
4163
7406
280
1107
8591
7916
7945
7505
683
1635
2073
6531
1
462
5460
6303
493
1678
2193
3884
2640
3130
2016
411
5536
5290
2682
5655
3248
3382
712
603
2285
420
294
5808
8725
5549
145
7855
7851
246
3718
5522
4164
1056
4746
1318
4974
4791
1838
4299
3590
5432
7441
6262
8414
5604
299
6014
5684
8421
3653
8238
4752
4813
2131
7987
8248
2112
7087
5089
1803
5532
5656
6299
2394
6447
4792
6176
1864
4464
4836
3564
1940
4721
6705
2721
2140
1057
4611
1127
994
8091
4939
2453
5333
971
5591
7174
5562
8247
2187
2192
277
7172
4749
2913
7574
5932
2247
7550
1406
5256
8638
3799
2786
7668
1754
7351
945
2387
2997
7007
8758
3132
1893
1310
4803
3834
8370
7025
5063
5704
6608
332
4187
66
7401
490
1804
787
3861
110
5605
5316
4176
5869
4218
4922
3332
7485
5252
3242
6833
5045
735
824
8234
1435
5
7269
4907
2266
2905
6071
1957
570
8176
1106
1630
4192
789
4058
5574
3243
5246
7093
812
6565
8655
5393
3870
3693
4780
3339
3026
4406
5345
2896
7064
6784
5016
5312
5302
1346
8081
3640
5909
2471
8035
5585
6575
2040
3862
7510
470
1109
4734
794
3250
7946
6494
2795
6938
5405
54
8230
6029
1543
7333
1693
2162
6891
1943
2313
5170
1184
4380
3780
1108
2158
1926
8702
2446
4992
2000
2092
3051
3396
1366
7362
5558
3982
7108
1808
7091
1759
7726
5321
7320
4876
6827
7603
5759
330
1419
3224
127
5892
8409
3040
3157
3011
8539
3889
1919
2791
4485
6674
2589
6585
5326
1930
5690
2368
1677
3263
4847
226
6816
3394
2352
6922
1308
1159
7060
2282
6274
7722
770
7312
7237
5828
3282
8464
4155
4662
4097
5083
2700
4173
1460
6540
3318
5103
230
2942
7047
6586
3213
3106
2788
4435
7757
638
7383
921
7235
8387
5337
1519
4341
2265
6189
5625
8208
3419
5230
2813
7302
4385
461
1746
6948
7974
1819
4809
8109
5923
2014
4054
4525
2206
8352
7054
458
6269
6004
6877
5157
8292
398
8581
5626
1358
7562
1949
6619
3236
2883
5484
7006
4040
5344
8218
3214
4945
103
4044
5583
533
4942
5547
6698
2431
4273
4715
6745
5669
7278
161
4727
4462
421
4542
2540
6235
2887
2253
8468
7472
606
4373
6830
7658
7084
982
1707
6291
700
5711
6511
7845
4236
7264
623
4660
6270
8445
1684
1363
2638
3359
8507
1326
5730
3091
8433
1210
4086
7779
538
7195
146
6381
1564
2306
4442
900
4400
7491
4320
2570
629
1962
329
6639
8253
3624
6523
2388
7121
5463
6231
3
6237
4370
2063
6641
480
4610
4726
3294
1244
6550
6786
8223
7402
1875
3222
5724
6116
6469
2151
7098
4252
1541
2514
2826
8665
8599
379
7170
4710
1603
1282
2115
3414
4069
8121
1377
3852
8271
359
7358
7374
5926
1192
8150
8152
3473
2396
669
4179
8368
2658
428
7599
5295
16
7101
4051
3576
5409
256
946
4461
2460
7735
7123
4384
5324
2273
4366
4527
909
5680
5113
8309
4489
3755
3662
8557
7685
2900
2044
6534
8375
3528
3491
2941
4136
5325
4084
7368
2261
7704
7837
2940
8626
1431
6650
7817
369
3712
5160
1859
1121
6562
8613
6471
547
2661
7740
4817
5309
5767
892
6127
3253
1830
1742
7832
1616
6266
8565
6283
8417
8394
2602
7068
6986
2838
8653
7255
6912
255
7739
6456
3178
2198
8163
5098
4697
5000
4330
1676
8166
855
2690
4481
7922
5487
1037
2418
3077
2222
6425
6126
7778
5823
2083
495
6638
4784
8001
1486
1652
1447
6064
2771
2670
5991
4410
2747
2890
5219
5018
5236
2765
2702
6314
2580
2455
6364
7021
3327
6927
2792
4045
4186
630
3769
6761
3533
6934
3817
7438
5781
6305
5489
4655
6416
3935
1845
3503
5191
1372
7915
6862
7251
2964
676
3921
6943
1784
3531
474
5637
3057
6361
8306
5693
8440
5498
4470
7924
7037
4996
3542
5249
5972
6630
2033
4110
733
4995
1376
1227
3333
60
4113
6180
4134
6758
2248
7611
1114
8561
199
4102
4666
8715
2549
1886
6857
6413
1201
358
3104
4982
7692
4552
6741
1345
4829
2653
486
4928
4760
2467
8734
343
8252
8529
8515
5033
6
5441
5119
1332
5181
4616
7956
5320
1556
8240
1048
3311
3906
6678
7313
5978
4190
5150
7294
7375
6643
6445
1544
2675
6086
4043
3883
3254
3391
8137
8774
6329
2150
3983
699
7989
842
7465
1112
6077
3893
5586
1452
323
8056
3559
6728
1865
5933
6797
5727
6791
6622
4491
4713
1756
6551
5883
5694
8100
6324
4976
627
6950
3673
1181
5900
3827
771
1207
4920
7792
4022
2160
8194
5566
609
590
464
6623
5786
4012
1459
4904
766
8496
1749
3600
1359
2330
4169
4586
3030
2931
2390
8704
4457
7451
7403
7640
681
6482
8504
4624
482
5281
807
1411
5209
1456
602
4363
275
2493
4222
1882
1948
5809
3599
3335
2901
7647
225
3168
6137
4777
7621
7767
506
6461
6197
5203
4549
3247
2668
7300
1729
7570
259
8446
2537
5912
7233
7048
922
3111
2902
8760
4397
3645
1747
1741
6570
6047
5376
7326
6281
443
6159
309
388
6279
7400
7888
3097
5980
5179
7443
8567
1399
1370
7099
3228
1138
7154
4831
2899
6679
8438
400
3665
2627
8554
5801
4193
3464
7793
557
6861
4310
1931
5226
7964
3380
5135
748
2196
3034
1880
5763
4390
1150
5559
1388
1955
7734
7699
1915
7280
6254
643
4216
211
191
6868
3262
7635
3211
8424
6978
1593
4037
7708
958
8740
5679
617
2459
8592
753
6401
5757
1418
6908
2046
5776
4293
782
5721
7426
4891
1758
1137
3744
3404
923
5251
6073
5425
523
4919
406
5667
4056
8606
8538
8439
8527
2126
5911
5754
4779
2334
8566
6297
7614
5863
5424
3801
4718
5740
3487
8221
6470
599
758
5552
7027
8513
743
4250
4007
3963
