2136
8660
5420
2012
5438
350
6661
5385
6188
2144
5621
1251
1073
7687
8058
6646
2516
8079
224
3847
6435
3825
7936
5727
7521
45
6311
299
1171
4327
3807
3888
7540
4987
4142
5880
3762
7105
889
3801
322
6782
8063
2018
89
8518
1657
3533
920
5610
823
3222
6029
6934
4973
7641
70
5103
864
2836
4200
2768
6978
114
5236
5789
5050
8529
275
1071
802
7661
2100
5432
966
228
3606
809
3268
3722
2606
2572
1782
2676
2131
1279
4781
1229
7841
4344
8561
327
5159
8704
5829
5687
4648
841
7769
8632
3692
8568
2436
661
3856
7601
720
8648
1530
4760
2928
3794
2364
2356
1401
3790
4498
8483
2200
7867
303
3703
4846
4126
1386
2361
297
6851
3932
2880
8267
4224
8622
2984
8540
731
6642
3465
4439
697
6865
640
5651
8070
8391
262
2812
1561
3383
556
8180
8675
8221
6130
6336
4234
5001
3861
3444
7824
3990
8709
7896
5640
3298
6732
3615
2095
5530
4768
6026
6313
2236
6769
7366
1835
6106
5836
1888
6035
625
2154
8743
7707
4475
5854
5625
5145
4150
8184
1172
8225
8248
4816
1454
3367
8067
7097
7934
4005
1849
3564
2110
4237
631
7864
1255
1043
29
7874
458
2318
2458
1267
7113
7691
5218
5734
4769
8381
7646
7764
2117
6201
6903
6441
168
3601
6011
7719
2092
4726
7269
595
3690
309
1296
2488
7827
4531
4155
5122
4703
2976
6199
4677
6697
2832
5670
3326
6565
767
132
3929
5873
8748
3266
5032
1973
2763
3930
2639
7922
4901
2067
5077
1893
7889
417
8633
6264
109
3250
2683
3376
362
6543
5586
723
8300
4223
4693
2694
953
3926
5543
835
7830
1597
2507
6453
33
3830
1739
8738
8719
2055
1763
7492
6627
7231
6341
6187
2589
2882
2733
6322
6357
1420
8226
1711
1228
1951
2892
1752
5673
4573
3578
744
547
6512
4068
4566
6115
5245
6327
3370
1882
5202
3358
8286
5783
6799
5151
7849
64
5631
148
3261
2552
1286
2571
7286
6265
3231
7605
564
2256
2161
8181
2632
2852
3673
8631
269
3951
6841
2795
4416
1624
4106
5204
1651
7513
2152
8640
7984
6830
4165
4983
8586
8078
1811
846
5294
6164
2631
445
3483
843
950
2267
8315
754
2967
6474
2996
3515
6980
8592
41
1329
1939
4235
8292
8192
6938
6080
4585
6105
8362
5505
2975
578
2049
1675
7378
1402
2392
5213
2960
7131
6344
6492
1935
3874
5252
5823
5614
4844
4641
6433
1136
7253
476
1884
8500
4398
8170
6223
3725
1449
7099
1519
7120
497
7911
6478
6086
3642
5763
7610
2017
3391
6948
1498
1472
2440
2210
6169
6674
6379
8156
359
2753
2228
1021
4623
7488
8317
3770
5062
973
5903
8379
5075
5129
2815
5620
6090
5197
1643
5764
1121
3517
8681
1987
7710
5279
1446
8370
4818
4093
2317
516
4717
7429
1185
5240
8725
4633
7578
5860
193
8434
8708
4147
7715
8272
5576
3430
7706
4330
1260
1798
2750
874
1177
7367
7506
4078
7325
1271
7307
2096
8304
422
2321
3593
1960
4685
381
4400
6745
242
2675
6195
3821
2425
7991
1503
142
8342
8720
8471
6128
4558
3936
8022
2195
3772
1658
1310
4996
2443
5968
6772
3735
2102
3657
4997
6734
2752
3941
2691
1796
826
6534
4792
1066
7118
3046
2389
8096
3892
5015
7745
1050
2226
6384
2964
1116
1913
7226
4606
5538
7726
656
1861
738
1448
4951
4032
4041
8452
7461
199
6995
6644
1060
2500
927
1276
6845
3863
6476
5401
2367
1709
708
4079
5176
6215
291
5172
5989
8276
2847
5954
3862
3751
6229
6216
8257
3658
2168
383
2426
3956
3192
5429
7801
4514
5199
7043
8147
5833
3688
6041
808
4014
150
5565
1004
2296
603
4156
6681
8126
3390
2384
6306
3784
1500
7667
4930
2162
5398
7852
3070
4674
2886
6461
8162
2782
3159
821
90
1365
5659
6227
7035
1572
6552
5047
2182
3033
7891
8444
5754
3502
511
4538
2139
722
500
5531
7623
2363
2054
4782
1334
2103
3868
1637
8220
3591
8108
5721
7544
7066
8603
5521
4728
7628
8324
569
8320
6899
2673
4969
7531
1516
4824
7190
3019
3026
2333
4296
924
7110
4903
6350
6827
4303
1087
610
1943
4274
8758
1301
2446
3377
837
701
7149
7257
8100
4939
1275
6653
1731
729
8368
4803
797
2480
399
7040
6967
3448
2874
6202
8281
1175
5297
4166
4701
5905
7638
3877
4548
1413
6117
4281
2913
3997
4843
7573
7504
6647
2582
391
2740
5139
3610
346
6022
3091
5456
2933
1491
1212
6501
7855
3538
5525
7212
32
3225
5026
5691
1858
4227
3870
4257
294
7276
2476
4736
1509
2608
446
1713
2755
3652
7122
6969
7528
7197
1027
6016
106
7327
187
453
2050
3596
5378
3521
6993
3106
3656
3641
6611
2972
6624
532
6558
6815
1423
6414
6914
870
7905
6850
6458
8293
6444
8321
8761
5515
2452
7604
7666
2544
2344
4510
3883
8739
6203
5738
1949
6568
5257
7019
7037
3806
4667
5998
6631
2723
4552
2250
1302
4806
8746
8035
2147
6655
5655
3084
2457
5802
7582
365
1198
2624
3104
5282
3346
1546
6206
2501
8462
8314
8582
6079
2185
3896
4804
1732
6343
6778
6947
3384
6494
8269
31
5812
6111
7810
6941
7734
8352
2106
1074
3792
7089
4410
6675
530
1337
6951
1824
1217
353
8536
5357
4589
2554
2785
5779
5418
3406
5490
4865
7565
5861
4415
1881
4401
6083
6885
5342
8411
4870
3047
7744
4711
2743
6519
1285
4160
6550
78
7954
8422
2393
8464
5134
1671
1859
2904
1082
6964
427
3215
67
7790
4189
7268
1041
3857
2885
7121
3139
6743
4447
7250
1689
2600
2343
6901
3337
4956
7944
8153
1808
1190
1812
1559
1823
7101
8051
3667
4178
1703
3840
552
2590
4008
4578
2462
5981
3348
4913
6623
5591
6526
373
7283
910
8418
6046
7748
3482
2016
4515
674
4338
5649
8394
1094
3679
6592
813
4759
7242
7414
7871
7065
6690
4814
1744
6324
743
6658
4001
7642
4279
7626
2643
5888
798
5518
7320
5561
4445
5809
6689
4575
5028
1380
3702
3577
3866
4101
4978
1138
208
3166
2368
5270
3281
2715
7843
2087
928
586
4734
2337
7142
2989
6563
1584
8306
3489
6409
2181
2492
6643
3362
3313
1013
7330
5043
4180
112
2783
6613
3345
5192
3938
5148
7173
7599
8027
4669
7803
2533
7042
3914
6846
4365
7348
5196
3568
6974
745
3904
2164
7539
2291
997
4761
4167
3413
6351
8545
1576
2978
5289
3570
6921
2175
7078
2949
2506
5793
4876
8021
8182
7083
730
3132
851
8369
6129
3148
5327
1515
220
8649
4991
6391
7342
8707
8113
3161
2081
7064
6274
7692
6165
6988
6797
8295
1537
2849
7014
1967
5471
2803
3068
7252
4340
116
5577
955
3511
3672
1403
36
4076
7759
3510
5994
8337
8751
5959
1003
151
3210
206
5095
6880
1554
3305
2375
6684
3342
1083
8497
4004
5296
8069
5311
8361
295
4517
6757
3067
721
6621
4422
6788
6864
2888
3716
8489
1441
3347
5241
5695
4562
6796
1768
8178
2199
3066
4766
2124
2823
5098
8250
1338
7918
582
16
5894
2884
2340
5597
6617
2749
3541
4679
7749
8305
1856
8255
5033
6012
4645
2664
3454
3323
7415
2229
6486
3129
5806
3273
8614
4839
6368
8107
1676
191
7473
7698
372
1142
2133
6625
512
5463
3447
3244
2861
3962
3462
7049
5706
5168
4404
691
7158
876
766
1460
1265
5470
4502
4526
1801
1672
6089
4123
507
622
7794
5878
3969
2828
1233
1227
2264
8322
5613
6234
3012
1708
7469
679
5658
7888
5590
525
5109
52
6015
4533
358
4412
6196
4897
6123
6356
7611
2111
857
6521
789
5100
8072
3297
7817
462
1435
7654
4135
5324
676
2482
6618
7576
177
4878
1917
3372
8081
6561
7923
7091
3548
5017
3845
7300
311
8461
1009
8458
8152
3049
7351
7621
2030
4867
6332
7663
6805
1556
8045
4230
1331
8128
2744
5423
1602
1070
690
1486
3741
4942
1088
6937
1202
2811
7209
2205
8298
4385
6404
6906
214
3074
1469
6677
6383
8528
4391
3157
6904
2369
233
695
1085
1550
5277
3544
5205
1127
1777
3839
2495
6907
7822
7141
4888
5307
3259
1953
5973
2540
3365
3478
6822
8749
428
7148
1195
7844
1742
2051
5376
6791
3793
4099
7199
5686
1225
8683
8129
6663
4568
3504
8420
1373
7047
6533
7875
5546
2710
7865
4346
2455
8750
5316
2530
6615
4066
8445
4938
5535
1129
5961
7316
7591
6597
2698
5635
2407
617
3341
436
3230
5317
1555
5373
2473
364
524
594
2912
7187
892
6081
1315
4181
3431
140
1443
1308
534
4342
6416
6719
8055
7418
1359
1304
455
881
1397
7006
3237
2550
4520
5883
2764
5208
4497
510
5858
6370
488
3975
5868
1603
1437
2015
3025
6456
8095
7184
3428
2241
3239
4765
7455
3349
49
4861
7424
6471
8041
2170
3746
6572
6971
355
6027
2869
8106
8186
200
2187
4555
668
7963
7735
7026
8353
903
3460
1057
6228
2174
1507
4924
7962
5771
137
2418
1533
4428
5304
2304
4624
4328
8727
5183
2402
3736
6359
6706
1692
685
5821
5950
6094
3397
2968
7515
2883
3284
5556
845
6840
8209
757
8789
336
334
6069
3173
5618
8534
6345
6764
217
613
1430
2398
7182
6006
6741
4075
3054
3620
3957
5609
1311
6382
812
7921
6252
1600
7175
3817
4427
3731
7234
1740
1332
8048
3463
7712
1180
3509
4120
2020
8482
1908
538
2128
3618
7723
3638
4513
4454
2186
3112
834
6754
2177
1407
1804
6467
7387
3260
384
4399
1140
8494
5582
761
8775
266
5595
4046
1774
7405
120
4574
8438
787
4168
1100
351
8388
4817
3699
8474
7013
4971
5302
8071
3775
718
3251
2069
8074
2652
5557
1986
7947
4019
5330
1536
5314
8115
8390
174
6747
7282
4835
2097
756
8216
26
4710
1031
46
680
3000
4981
4491
5772
2332
5194
1020
165
4708
5201
8502
7002
166
3392
3850
8490
1729
7270
3287
8722
5988
8472
514
7669
624
382
6578
8770
1718
1730
5503
3659
880
1636
4577
2618
3639
7479
7594
3563
867
2830
1863
7067
8413
3401
96
3023
5225
1232
526
7992
5603
4643
2737
6092
1632
6510
7503
1236
4948
7598
4138
5005
735
6528
1883
939
8467
4632
655
2413
6314
3016
3717
3622
3979
4646
7393
558
256
6157
7392
15
2647
8049
3608
5746
7593
138
232
7670
663
5803
6242
8428
7085
844
1799
3224
7358
8590
3338
2539
7904
5870
8780
683
8570
321
6727
3747
6641
5946
2722
1978
6397
4490
3355
2926
2257
1197
5648
4970
3802
2709
4229
1483
6248
7672
8455
4411
5966
6235
4959
6241
936
3714
2395
5496
7924
6990
949
63
6020
7397
7553
3457
4639
3635
6162
5912
6976
6589
5570
2580
6219
7751
4657
1800
1922
7361
765
2290
869
461
1099
7315
3624
4979
8593
1438
2854
3660
3257
2037
8144
1207
6375
725
2065
7457
7292
7318
6992
6722
6669
1771
39
8284
8506
778
7613
773
4686
7898
833
5440
4055
7770
4319
6994
6477
1641
3128
6780
1234
6633
431
6872
4528
699
153
3449
8396
2908
65
393
2313
2591
2701
5039
8393
5446
5154
3744
20
6284
6247
935
3759
5773
6048
3693
8068
7117
6905
54
118
4420
3417
2140
7879
4779
4896
2767
2417
3572
1213
4217
6422
6986
4461
6072
2038
1090
4539
4712
5671
6429
5266
3655
934
1865
1084
8786
6532
1162
6549
8692
783
5318
2391
7025
4033
1092
637
4863
830
2155
2454
308
4111
4607
5747
8046
2134
3947
3043
4662
180
8204
508
2401
7399
7541
8783
7965
5436
1259
2471
7093
7542
4069
3125
7244
492
3836
1773
4642
7574
5121
2007
2598
3450
2542
5329
6862
5907
4619
3855
7559
3671
3108
7857
7964
340
6588
7887
3184
3849
6326
7811
2641
6987
4890
8689
7655
2974
6569
4972
5838
5150
3636
4684
6541
3567
6713
5426
7287
3356
7980
6261
5254
922
5705
2486
8608
8278
4094
1357
2896
7685
2543
6316
1281
7482
5616
3156
5871
6844
6963
5112
1997
4911
3253
5851
3218
3842
3497
4154
4776
2107
2620
7261
4452
8594
1101
2240
8623
5190
1899
4672
4980
734
7771
8691
7659
7478
4243
2983
4668
7736
6784
6801
2490
5831
827
5698
218
4487
8531
3691
6944
3984
259
2192
3219
2825
88
6291
6237
5392
4244
385
7994
6133
4347
1461
6783
3229
1393
411
8328
1619
5759
2522
7920
3779
5247
1879
3742
4945
6381
460
3492
4021
7502
2042
231
7016
5458
2987
7658
4455
2594
2430
925
4403
6694
8136
1411
1048
5722
8103
2326
6103
5113
2351
1889
1903
5696
3145
8762
1679
902
7765
2565
4080
5970
2586
7305
5457
6394
1283
8232
644
2033
4755
1280
672
8459
576
3848
7227
5657
2478
3609
7580
6138
8584
7124
6122
5775
8694
4753
1704
1748
539
1680
4880
388
3935
2558
3597
47
403
8562
6040
6297
6767
3275
706
3730
3324
2998
8589
772
7468
4043
4044
4738
5476
8005
2985
4161
7676
4721
7486
2000
8446
6154
2839
293
2943
4486
5239
5090
7422
5443
4136
1164
7176
4157
884
2370
8713
5792
3706
7558
5038
4841
8224
7451
8618
2208
1992
1682
1871
3901
630
3190
3388
7001
3472
1667
2335
4503
1108
3050
3321
8336
7602
2711
1157
4660
6017
5267
7107
6304
1159
5844
7140
1484
7436
4638
5231
2986
6367
2951
8105
6065
581
7783
6776
4007
4681
1722
873
8168
7459
4250
5016
5206
7799
4061
4906
7998
5412
2027
1508
7411
7569
5889
3236
2193
7022
2166
7774
1502
2132
6360
1470
286
646
5404
2748
2770
8769
858
5835
2011
4226
1532
5592
5445
8667
6790
1468
8565
7371
6051
5319
8405
133
7853
7835
2143
4763
331
8542
189
4333
2725
3940
8441
993
1317
468
5563
4413
8134
6257
2534
8003
4974
6556
7518
5913
1151
6170
1033
6725
271
8086
4613
1649
1176
2261
2248
8075
1633
6902
5743
105
3220
8275
3705
4853
7989
2173
7441
3036
887
4536
8053
7797
3299
7406
1376
75
712
1367
8160
1573
6005
8451
3985
5566
7808
4704
1128
1268
5562
4421
2365
6055
7336
4394
3032
2712
4221
7191
6392
7216
5736
7463
1230
7720
3621
8784
1698
8591
2126
4300
1976
2084
6141
7711
2350
8525
2322
8151
8639
2877
452
3314
8263
4137
6632
5415
7499
1873
7352
3966
290
5935
7805
1
4205
659
8251
4468
3235
5630
7222
4653
3651
8508
946
8644
8522
5131
5717
5760
7219
1610
4873
6353
1095
5605
2178
6243
7211
1716
3498
2726
751
6926
260
7643
5262
7772
3150
8038
605
6756
3176
419
3082
1325
7381
7029
5153
3035
82
3864
300
1506
3458
6892
2008
440
1719
5928
6847
6172
6770
3087
6645
5987
4898
7709
4543
5910
1250
893
2445
478
6608
1727
310
5229
7988
4715
1736
2036
1898
968
1640
3614
3718
3127
8348
3234
8231
5099
4994
1238
7258
7914
8111
2213
1963
4559
3796
6421
7134
1378
660
6600
3590
1010
923
8258
5334
7202
4833
7529
4358
6585
2921
2244
5606
6113
3433
1886
563
536
7960
945
4134
4584
5085
3911
3665
1077
5536
2289
289
5481
7020
5785
8228
1684
8414
1266
6418
1086
6500
7985
7098
7306
8785
4356
781
1809
6717
1374
3378
3008
875
4048
8211
4018
8630
3968
7520
4825
2732
8433
2856
4406
4637
4109
8026
8028
8429
3954
7915
1853
4256
5379
602
6293
7143
7476
6389
2551
5165
8262
2860
4056
163
6943
7693
1078
4267
1179
3171
5259
7809
3838
3986
5985
1063
5602
6692
5421
3149
8572
6508
1015
2479
7249
57
3931
7240
3143
7714
3773
4731
1605
4756
274
7060
7700
8642
5572
3470
4881
8678
8442
8496
4013
7011
5920
5331
5637
6603
2225
1220
6755
1807
1093
1826
7563
957
1137
6832
5777
1792
5096
8615
2260
8715
4389
4788
4260
5984
7051
5949
3950
4288
5025
5219
5568
4173
2735
995
5171
3827
1364
5906
8246
8066
4002
8407
3133
7975
5453
4009
626
598
2079
4919
796
86
2064
2581
8736
8047
842
4984
6895
3072
3889
4805
2970
3357
1765
4351
8050
3797
5055
5433
100
3531
1305
5361
6091
6807
1144
4849
7458
7409
6455
5693
8476
7696
4656
7380
3187
7631
8772
1695
3519
5864
7585
5519
996
8266
4629
4926
5191
7388
2268
3333
360
629
748
6411
6616
878
6167
5766
3565
8651
73
4691
650
7930
3858
6698
4153
8073
3880
8606
2918
7838
8448
2636
7407
7829
6826
1623
6312
4620
4907
6240
7740
2988
4655
4457
4583
3529
7446
6949
8530
6413
4771
3246
7752
3859
423
2409
3006
6795
3854
4586
5449
6472
4104
2560
6821
301
4614
8555
3876
314
4368
2898
2653
2274
22
2765
669
579
4286
2297
2945
5938
7375
1247
3096
6576
6577
6036
3099
328
941
6667
401
1022
3017
1683
6003
4671
2388
3835
4396
5413
1113
8450
2727
2662
5895
4957
1023
17
2465
4469
483
7548
8019
7510
2693
30
3331
4349
4402
1775
4947
441
1211
3598
3217
5484
4379
3366
3343
3549
8740
5639
3407
1174
5974
614
6108
7650
1933
6559
1677
2557
7534
6190
673
8039
8710
1201
2919
6794
930
3496
7056
7570
4787
7154
5052
6145
888
5709
5046
1854
3668
6428
5540
211
7572
107
1745
1368
1149
2165
7017
1652
6848
1459
6480
6271
7092
1245
2609
5716
1582
2201
4611
2207
24
6050
8312
1316
3435
4414
8037
998
1019
396
3555
3550
4095
433
6131
3696
5971
635
313
4587
5656
6109
3971
2041
2138
3093
5581
3461
1205
6513
6936
3396
3704
3334
7498
6220
2819
3110
2105
1345
5228
2022
3915
3317
3001
5573
1062
1053
6710
4215
4247
2761
3913
5542
5137
6233
1613
1969
4169
5911
4992
258
5834
3076
1103
213
2956
8308
8236
7195
7402
254
7404
2053
5929
149
643
7123
6415
2451
5642
6657
1916
2679
8025
6175
2314
6504
8397
7104
1714
4163
3808
6099
6013
8200
6267
6269
5510
7866
5138
4714
6328
784
2868
5819
465
5516
1291
8654
1018
6008
4425
6226
3203
2062
5749
60
7058
2300
5073
5462
1781
2242
4096
7449
7547
1668
3307
6095
7501
7620
8303
5960
5943
7169
727
5435
7132
5312
3547
3189
5768
3681
437
2080
2873
1080
4999
2003
5758
7978
469
4
4012
8611
7447
4143
1545
7032
6869
1705
8365
2448
2414
2385
2656
1439
6276
2827
2929
8605
5885
4902
6740
2657
4081
4102
8238
7560
3754
1528
221
4275
182
2382
4258
3140
209
7694
5149
792
580
6447
7552
7868
8099
1295
2734
6668
1289
1681
5468
6454
7401
4650
8354
8229
985
990
542
3034
3999
5275
4073
2824
2299
25
8609
5815
3878
4000
4418
1145
2432
4545
2563
7277
5020
1848
7082
3828
8359
3214
3480
4091
2428
157
8706
6779
7008
5088
1014
3452
3412
2759
7186
3602
6575
8090
7255
7952
5086
3513
1919
7656
7579
3545
7497
7052
8017
6961
5278
5574
6292
6984
410
6198
3720
7225
1133
3727
8307
6101
4238
2553
992
3518
2955
1575
7108
5156
7439
6163
6139
8358
6325
4241
548
7054
4735
5947
7886
1444
1737
4050
1669
8447
6539
409
2699
2595
7472
6652
3325
3381
1320
3689
7949
6038
5272
8244
5977
5036
6142
7750
5169
5006
117
2835
3020
3175
454
1017
2889
3198
6450
3418
8463
501
3837
8693
5034
357
7138
3264
7165
8191
7073
2214
8734
4392
899
8124
5333
6412
7119
8135
3312
7296
2359
3416
2153
7679
2612
6053
634
6867
3411
8653
1579
7647
8323
1837
4968
2610
3073
1358
5053
1852
8696
4544
820
2760
3056
5668
2441
8538
1490
4472
3557
7637
5726
1269
434
6395
5612
7935
2249
167
6609
5409
818
2246
8576
8187
1417
7776
108
763
6831
8242
7153
71
1042
6680
6685
999
1382
952
6930
1794
1957
780
8240
4537
5944
4315
652
3473
1778
7928
3637
7927
5012
4108
912
6137
4887
376
8730
803
1707
7218
4659
1828
942
5896
6178
6406
3114
8268
5848
8208
6377
4922
6723
6263
8006
4608
2754
5672
6716
8015
6610
838
7075
7678
4124
7851
3991
6634
5478
2615
7657
2196
1353
8600
5991
5345
8512
7956
5414
7494
1646
6594
2099
1487
2603
4982
7136
4364
2818
7454
2171
705
4808
4453
229
8585
8778
5930
7674
1955
4158
6179
6452
537
667
5135
5448
1526
4376
397
4047
2439
7787
5564
2284
8205
6256
4444
5161
99
6843
2380
2411
4588
72
489
3998
7551
1124
2129
3374
23
1749
4935
2637
4207
4872
4908
4499
323
395
1786
8311
7756
5919
1346
4524
847
1993
1270
7135
551
3183
3811
4599
5184
4442
4855
1111
6102
4532
3600
7290
5660
2788
3813
6354
5186
3546
6337
6410
3780
3916
7094
1035
7571
6426
3386
6531
2714
5128
8700
991
7957
3069
3134
1911
554
8643
8549
7624
2587
5261
7200
684
4304
2745
7688
4774
5675
5332
3144
6686
1544
3
4571
7084
438
1593
470
4097
498
5511
2607
6954
2372
8243
5380
4301
4773
8731
2924
5158
210
5030
5402
2437
1666
3197
5729
7876
2936
8485
4990
7109
1553
3980
7974
3559
6952
8662
6898
8695
6075
6071
4862
7413
7395
8645
320
2739
2223
5666
5425
5594
951
1059
6244
710
8196
3078
2870
95
4292
8254
5450
4777
5216
6991
4851
354
7823
6043
8145
43
6728
484
1642
236
1008
5399
4837
8718
4697
3436
1715
4858
1495
2459
8437
7346
916
8677
1563
1931
4146
2965
641
895
5070
2520
2599
6957
4031
5872
4933
8510
7894
3295
2503
1570
6829
3293
4644
4791
1256
8130
2089
1354
7198
8426
3789
6516
3288
7848
2056
4352
1450
3700
6853
4431
1628
6702
5645
398
2729
4706
3912
4350
3320
5108
901
5335
5699
7970
6034
593
59
3814
5337
6126
8524
5527
7724
2283
7444
6363
361
152
6028
5580
5010
2379
3155
5483
6749
2048
1520
4770
6953
4762
2469
4603
2578
7382
2282
7280
7645
317
5926
8010
3982
1204
8728
430
2329
5523
7426
587
5664
8554
2925
4730
6376
6777
4088
7160
7345
6866
8042
7299
3101
7377
4129
5770
2353
4976
2922
3810
8085
7524
2188
4083
1264
161
1982
1942
8610
156
3764
7737
1793
1846
2074
8468
3682
3628
2277
7450
4874
6527
1114
491
4213
2135
2194
5571
3973
5945
7519
8094
131
1724
4323
947
7357
1538
21
7919
4652
4261
6896
7157
3526
4492
6629
3763
6835
994
5579
5244
8183
3238
2704
8157
3055
4493
6245
247
2997
2944
7152
2216
1241
1615
3319
7256
775
4682
2319
8551
1064
5629
1577
2635
2993
1589
2063
2259
3245
4264
1540
2070
4995
7298
2561
3788
7941
4758
4460
8604
2546
7309
6834
810
1674
4272
877
3524
832
8289
3860
4035
3846
2568
7088
212
764
6999
3697
7648
6060
7977
1803
5537
8637
3698
2980
636
2024
8443
6837
5042
2366
5164
1016
348
3255
68
770
2857
7069
216
782
8360
5663
4216
6098
2422
4563
5035
6396
7718
3038
703
4856
4850
93
1517
1494
408
5986
5804
890
1795
728
4479
475
3715
6210
1309
2339
677
2466
6768
2527
7549
4506
6386
3270
6540
7061
7223
7786
4967
7425
7279
1789
1790
2142
623
3777
666
6236
6977
6581
5611
415
1475
2617
1356
3595
1938
1813
3090
7015
541
8127
6373
8098
6180
6748
3442
4082
4360
6204
115
390
7220
8515
8541
3083
6876
2098
5774
1244
3650
2799
7062
6583
860
3726
1115
1541
2829
700
4112
2090
5887
2270
8398
8207
5853
3613
5353
1560
584
2243
671
5794
8587
1850
1627
4151
6886
1896
4868
1733
6873
7607
4678
8456
202
3414
6049
5200
5604
7877
129
5493
8487
814
6562
3024
6151
6910
4193
4284
3328
6076
2061
8501
7285
230
6481
3163
1097
4383
4388
3477
1691
227
5064
960
8423
7747
1979
5166
5237
7304
1102
4277
3440
1664
8291
2156
2328
2532
4993
4311
2982
8033
799
8316
5522
1566
6729
2468
1199
8167
7701
5846
591
8327
5588
5125
5741
7901
6536
3734
4357
5387
6308
2325
4509
3031
7383
2769
6408
553
1994
3884
4159
3522
7350
2810
5638
1273
7959
6451
6635
5224
3405
907
3493
2897
5685
2215
5097
2461
3757
4058
1662
1604
5060
13
8532
3353
3678
7873
7890
3662
5295
1384
3869
8259
1754
5089
1436
5936
7917
2538
2876
3180
4661
2842
7448
5480
2682
2669
739
4192
6793
7201
1321
6825
471
5784
5388
4534
4488
171
7248
4847
3983
7969
2843
3315
2887
111
8282
3109
61
6425
3694
5731
4612
6705
6358
8493
8299
2334
5214
8763
648
4025
1548
97
5115
633
8527
69
183
776
7757
8581
5805
2266
7491
6283
1024
1361
3013
5751
1479
2604
4602
3095
8332
4387
3607
7982
6273
7953
6733
1977
5976
7024
2212
2093
3507
6584
5700
3242
2816
4026
1720
3774
5475
5467
318
6956
8034
2116
6251
3677
7027
6173
1147
3004
4986
1688
958
4211
3301
3965
7782
5495
146
5914
79
7932
2731
1805
6298
6915
2275
284
8470
4696
6112
4119
4449
1760
2108
3525
2403
7966
6369
3647
6774
4064
7162
5814
1857
1200
1123
2386
2650
4283
8137
3080
2323
2794
7111
2021
3063
1999
4742
2477
3809
1117
7059
6147
5767
6096
2172
6352
416
4474
1687
8056
7000
6116
2574
2629
7733
8556
3258
527
8395
329
412
5246
2183
2585
3540
442
1209
5733
3994
3960
6786
632
6239
8290
2253
6714
5769
5692
7999
1377
7730
3455
3946
704
473
7389
1961
8440
5866
6654
8620
5962
2840
4359
3569
8091
2751
1389
5067
8024
7243
5081
5715
859
1927
4125
4252
8669
7976
141
4321
6787
4218
3394
4694
7845
7443
7021
6279
5669
1890
7968
8588
392
2708
8372
7420
7130
4830
8215
7278
6525
982
1816
7617
8477
2203
2934
4105
2893
2014
4045
5482
6331
8553
3967
6742
6238
8656
2399
5434
5678
5014
7768
3972
6620
7334
7728
5703
4310
1366
4832
3508
4795
8195
1069
7885
5790
1974
8277
6857
1489
464
6715
2619
4355
134
7238
7147
4202
155
3629
7466
4489
6811
7072
3653
7416
1109
4222
4556
5383
3721
6660
5899
8666
448
4070
4132
3875
1887
404
7837
8119
768
3575
5801
8575
7004
5469
1440
7127
839
5494
5029
855
6735
854
2502
8498
1156
7159
3468
7677
5011
1539
6466
8325
2130
4501
5626
3851
8755
2779
1522
7031
4775
6288
2306
804
8288
1750
7338
891
7833
139
2738
8601
6432
7329
3057
4121
3300
1901
1399
2588
2357
4380
566
3505
8165
2045
5248
2420
261
4809
3732
5832
285
2206
1471
6960
1547
5526
7818
6160
4307
6520
4540
7241
6153
4144
969
3551
7432
5407
8703
8676
5292
5143
4318
5093
8060
8237
2614
4369
3766
1394
1193
2292
2773
6440
8302
2412
344
7773
6817
1578
1409
1990
5909
8416
713
1246
3481
1299
5619
8658
8023
597
6879
1741
50
3194
3666
8233
2360
1728
2057
4946
2746
8189
3819
3910
4821
7684
3061
4423
1787
6881
1408
5893
6087
1876
5080
3289
4823
5313
5679
5554
6250
8285
8089
279
5146
5008
2529
7251
7820
2059
3542
678
2687
6998
2176
4484
6546
3623
1120
7233
5615
4954
3058
7635
1293
3611
2850
5995
4989
5009
2315
3415
1968
2573
6975
688
5908
8241
8774
8376
5826
7311
5900
1431
5271
606
477
5111
5748
4377
2433
4481
5622
7081
3687
6884
1925
1645
2040
6923
8737
1983
1258
3760
4767
3903
3805
1601
7622
4269
4164
3186
6855
8032
5499
2358
1673
6207
84
4251
1829
1492
7236
1029
4339
3503
5182
4748
1194
6372
817
6463
8465
4570
176
40
3322
2449
6808
4028
7860
612
6176
6571
7493
8754
1419
4438
8
1862
5550
7267
2793
6860
6449
8057
7566
8339
4519
198
7289
4152
4866
7779
6144
5355
6582
3459
8326
3065
8505
694
7196
2946
1557
5661
1473
3221
1360
3053
4649
7214
1163
6765
6638
6156
1418
3592
6442
370
2427
1940
8771
5263
2035
2467
3136
5528
3048
5179
4084
7633
6579
5105
7939
8757
7517
1586
8114
6838
5177
2158
4916
3443
5065
1989
1535
2579
5607
62
1980
1141
4621
8509
628
6858
3119
3490
918
8684
2555
2349
5348
7981
8020
1478
352
6155
3409
2293
6877
3795
7586
4729
1363
7266
2909
3897
6955
3993
1340
2338
5439
5937
550
696
1463
3865
7262
1608
1697
853
7828
6502
5487
4557
5107
6307
2405
4500
5116
1701
3193
3040
5
7616
1834
698
5230
3022
8777
6599
5422
2180
4034
5512
5707
1421
1106
638
5646
312
1757
3934
1621
1734
4725
8193
6761
8516
7144
2952
4732
4505
482
649
6262
6275
1352
363
3812
2762
8206
2878
7804
5406
886
8109
3685
7041
8213
3536
1758
1880
866
7556
8412
4783
2858
1387
7846
5840
4179
5002
5444
1068
559
5359
2485
3102
3761
6554
7614
4745
937
2378
4692
5740
1630
6346
6398
5820
6439
7385
3241
2787
1501
8636
2766
572
1348
1343
4233
3291
2159
3439
4831
5431
169
5798
3530
724
5553
794
8690
11
8625
3695
6580
4523
1975
1562
1203
6818
4030
8563
3007
8174
6700
6405
4789
1717
908
1160
1056
5634
3282
7955
6078
6084
3782
5087
5040
1189
7743
7490
7302
8753
3527
8665
4293
1481
8374
819
7872
3122
8363
6814
4255
3446
7180
4212
5941
7946
885
1574
6302
2273
2028
7310
4875
83
5787
5321
4975
8571
589
3535
5051
5788
5217
5993
2707
3085
2927
1187
7861
7139
3560
8175
4437
2910
4245
3141
2150
4059
8409
3103
4407
479
8726
7561
5374
3116
6945
7423
5285
6605
6047
6950
2833
8580
3752
5003
5756
1618
6387
6854
1634
7814
1474
662
4199
2281
8504
2796
5325
435
7816
3922
2419
8062
2846
8779
3126
5466
4117
3804
3745
8685
6037
3587
2082
1040
3111
5867
4203
2541
8404
2622
8566
5068
984
5676
6321
2233
2499
8507
2265
5958
4289
570
368
5713
5898
7856
4390
7246
6431
1215
7651
5427
7178
2681
2288
519
3582
345
5901
2713
6515
1253
7247
7045
7048
506
8194
7408
2528
3996
3604
2305
175
755
3181
6839
879
1118
8012
7627
6598
3467
3262
6437
7948
715
3121
4664
1370
1599
8781
3566
5735
1458
5975
6184
5260
7207
1081
1075
2279
369
6490
6671
6258
7535
2902
6637
7596
5653
1690
1375
5474
3728
2504
5461
5338
6812
5491
3204
3539
1333
642
1655
8460
5339
3867
1166
8552
8343
5178
3018
6182
2521
6371
2859
3361
2780
8064
6301
6056
4113
6760
8345
5927
1656
3385
6931
4884
2758
7767
2005
1119
8239
3948
5370
7931
6506
5364
8419
4053
3227
4141
8380
2109
6711
8723
1214
1706
2772
7193
1297
5223
5757
2463
6703
377
4752
6246
4459
5351
130
7916
2404
219
1753
8744
1036
6557
8421
4017
2104
7340
277
911
6913
6859
790
499
4348
3243
747
3014
4636
6650
8351
3534
1696
8202
3263
5023
1168
6932
5952
6989
6342
4336
7940
2352
6511
1131
3917
4647
8599
5382
1426
1391
4592
1428
1870
5346
2258
6965
1282
8733
7271
1583
5019
8454
3976
682
3249
4149
1874
2633
6399
8150
7400
8212
7208
5058
1588
7332
7587
7396
6403
3005
7630
1702
2569
4131
2791
239
8699
1388
1822
6286
8543
188
2227
2269
8664
2525
4027
6177
7825
4162
8550
8030
2742
3475
347
123
4727
1044
7150
4550
7557
8607
1761
485
7555
6891
2638
2026
1242
3422
7496
7807
1303
7564
7203
3833
3826
4443
5078
2294
3686
1396
4597
604
5419
6024
2287
3852
2387
3871
7322
4052
7858
3142
2515
7009
2416
3783
330
2601
4724
3278
1543
5136
8158
7335
6400
5865
2086
822
6604
2415
7194
7644
2149
4085
5617
2464
8548
520
1139
5684
654
8752
904
4239
92
6496
6673
6590
5268
3199
1710
7649
4871
707
1339
4148
1480
2232
6378
2689
8634
5000
4480
774
4504
3191
2088
4955
6107
1751
2354
3707
2198
8519
7796
5839
5340
6189
2085
8466
4560
5953
1650
2023
55
6000
5816
7788
3964
5875
387
4334
7301
7754
3213
8016
3206
1143
3169
124
1146
3753
6018
1488
7359
5024
805
1406
5110
535
2039
6530
8596
6699
7652
7230
7665
2961
3974
5256
5258
8659
5624
7168
5027
4029
1328
6518
4287
1170
3201
1278
7355
7746
7428
1952
546
490
5079
8102
6704
6118
5157
3882
692
5363
2966
1400
689
3009
3064
8260
3829
2914
831
253
2721
7430
665
2052
954
4747
3094
2977
3233
5890
496
296
2004
6014
3071
5924
1327
6889
3585
6483
2917
8283
3086
5250
1956
5215
1051
6972
4582
5173
6736
6448
449
6763
8087
1797
207
5508
592
4617
5160
6816
6503
1046
1025
8249
4290
5074
2472
6868
6230
4928
2537
7500
4516
2001
3768
4598
8366
6136
6973
2720
8408
856
4312
4477
1580
4282
5071
1076
7480
5326
4280
2146
824
6499
8705
6535
8197
7133
5185
3709
1644
1158
1827
3583
241
4985
6475
5850
1635
5497
1323
5291
486
562
6640
5310
6023
1527
2630
4757
5031
2221
7390
1398
4936
3368
4595
2179
4249
5048
2923
5808
872
7275
407
6001
5999
3269
7221
2690
898
6333
6254
5689
7055
8101
225
8567
736
8355
6908
4796
5567
3921
7908
1959
5849
3052
2263
10
3981
4750
2497
2831
5452
6622
4495
7795
1926
7615
7832
502
4966
3562
2073
658
8670
3943
8235
5647
8424
7933
963
8118
2394
2047
6061
1670
6287
6192
6213
2971
6507
2145
2034
4780
3959
6983
4363
6045
3919
2336
6918
4628
4690
7847
3494
8188
5141
7343
8084
7172
4737
6739
4565
4530
245
6067
2736
1052
2512
6679
4529
1037
6612
611
4579
6362
6602
8517
2238
4798
5506
3924
6870
7229
4206
6916
1946
2470
7495
1910
8227
3949
238
3294
3179
4273
8484
7778
4240
4912
6489
7319
4764
4707
1326
6295
162
7511
4931
3167
2373
588
7826
8148
3977
1585
6073
4591
7087
8577
2519
3937
204
6639
2508
5632
6310
6649
4067
2278
7967
2006
6665
5384
5681
325
3605
6682
5704
2390
5643
2867
3154
2272
6874
2801
7321
7893
7086
324
2931
2806
6309
4988
4665
1347
77
3516
1806
8294
742
777
6707
7862
4886
4822
3630
5852
5587
1735
4508
1006
2526
8110
2642
6120
5477
3643
1038
3196
7987
5547
8646
7909
3117
7983
1513
4754
4885
3359
1122
2524
8716
4596
6833
4739
94
4100
170
5198
6348
6488
3952
4140
2345
1290
172
3674
6231
5877
5931
3843
5811
2634
7341
7374
6249
1504
5242
7562
7653
1625
4718
1686
3277
222
1125
192
749
3815
8132
5447
4426
4263
2930
7303
6255
1096
5255
7508
4811
3953
3267
3902
2790
5765
1571
7854
1240
3432
970
2549
5170
8082
6802
5916
2312
1257
1404
1030
6982
7831
1277
5306
1383
5786
7465
7592
959
2820
2383
7370
5372
5045
1843
6553
1002
1841
8004
2251
1934
4201
6208
1182
6656
5193
8559
8265
6798
2320
7793
590
4220
7732
2994
1392
3908
977
246
1336
3207
5897
6289
3120
1902
8787
2456
3037
8271
574
1239
6560
3279
18
8760
8143
3820
6933
8104
7926
6445
3818
4450
6505
8492
4944
1341
2121
4086
2435
5957
4042
7762
1958
5222
5847
4921
5300
2517
4960
1349
5212
7339
3580
6296
4467
38
1769
3748
2680
2286
5589
4345
6683
1424
35
3898
639
4786
964
42
0
1770
6335
6482
6032
3318
2844
7010
1909
1425
1104
7453
3420
265
4471
7618
6823
456
8624
1288
5084
852
2995
4175
2071
3553
807
6762
3895
316
2999
3182
2651
3634
3664
7434
201
919
5828
3152
6962
4236
6197
8203
6183
1464
3011
2444
6214
6127
3501
3429
4294
4305
3712
3453
5972
8415
7880
6607
5569
5891
3824
758
2091
2805
8621
7125
865
4525
5500
4784
6894
8120
7445
987
7356
956
6044
5939
5210
4635
5830
5933
675
1653
4834
4374
4772
5725
3552
5408
2301
6168
7410
3945
8000
1065
2953
4793
8741
6266
4541
4228
6730
3015
394
3265
7836
2605
8776
7070
1385
3456
4941
4024
5381
6523
4325
7897
2564
2075
4049
8077
5682
6875
2123
1840
4317
164
2397
4713
1847
1936
5174
4107
6110
8335
719
2730
3907
281
6666
3400
1512
540
5796
5507
3586
4297
2649
7717
2484
3506
1932
5776
894
2374
1415
7690
4419
4923
2938
1221
4198
5744
6542
7161
7477
6436
2905
7189
1510
4601
4253
5951
1868
601
8617
2577
7373
7281
8537
3286
8161
3786
7781
6365
1606
5665
283
6140
1497
974
4254
1422
3223
4963
3654
2421
1907
5013
3881
5303
6882
7394
3100
5942
4210
1788
3554
1371
3375
3738
1591
98
3853
8347
5739
2703
7791
2808
6225
4177
2648
4651
4879
287
1964
1914
8155
4187
4869
8097
8702
3645
3098
1921
2316
7763
2670
7034
7943
3581
158
5273
848
577
6211
2423
7545
6420
250
7840
1395
871
1135
1962
1726
4087
8686
8481
8488
5094
5211
4054
6299
8036
7689
8602
1263
6792
5007
5147
1864
1924
4090
4378
4354
8384
1412
6614
7489
2245
6619
4458
5365
8578
8177
4375
3077
7038
929
8031
4625
7950
1274
3992
1219
3925
2523
3028
4594
4246
3923
2916
2511
5069
8029
2148
543
4860
7813
4191
3438
7
6819
6424
4259
7254
932
4302
3649
7512
4127
4527
3669
8717
1609
2890
2120
6493
1210
6750
8052
6161
3304
6824
5362
6315
6959
962
7347
5473
7324
975
3160
1638
933
5021
3425
5932
58
8535
5195
4242
651
5782
7237
6551
128
1447
5251
5552
3256
5843
4494
2498
5288
4518
2509
1405
8297
439
2881
3891
7293
4877
1747
1079
5323
6446
7333
2431
5188
5180
5274
406
6744
375
4023
4039
1972
2959
6759
7997
5227
8539
737
967
8076
4634
2626
732
8701
3274
5234
6217
6517
7777
5265
4440
6979
6781
5504
4362
4953
3831
8520
8712
5753
7288
1875
1091
7272
4554
4600
8756
1235
7780
515
6529
6009
6124
5555
7702
1815
7640
6564
5059
2666
8092
8217
185
5791
7155
5842
2302
8253
2460
8093
5004
8146
474
2655
6330
7126
4950
5845
121
1995
7437
8133
7204
8680
8164
6082
2789
5983
7337
5628
4441
8735
4122
5780
3151
2566
8199
5978
1996
2906
420
1810
1947
4778
4393
7417
7725
1830
487
3711
1178
7295
4940
6057
1639
6340
3060
5627
3750
3844
8329
6427
8378
292
3648
664
1567
2044
4720
2342
4405
8054
6479
8364
282
4456
5539
1342
7181
7741
5702
3729
2756
2068
896
1659
3350
2899
5636
4618
7577
4807
7609
771
4185
5371
3395
8403
909
1322
7802
7364
5152
1153
503
7686
2101
5650
2660
244
2230
2747
7484
2781
3758
2706
3041
3427
7033
8724
5662
8613
2848
5874
8252
2474
5904
2032
1110
2797
2058
3205
1191
447
4551
8688
5524
746
4864
3684
972
4547
1453
8768
356
5549
338
7460
4630
2125
463
6595
3939
1712
5813
1838
197
2871
5397
1324
8309
4965
4182
3408
2252
8385
5395
5795
5114
6338
5393
7183
621
3339
7951
6919
273
5778
1694
160
7815
3487
8432
4408
5309
816
6695
3290
1971
5544
575
5529
5405
8486
5712
6766
6691
4700
1626
8296
4268
1678
2891
8013
979
2280
4006
2209
4128
6626
4436
560
103
7583
5459
5083
686
4343
1661
3336
3089
2235
53
2786
5124
2920
5881
8383
8344
234
6253
4658
4051
5485
5548
8330
6222
4353
424
2255
8514
2696
5181
480
4341
5264
7427
1218
5238
5732
5140
87
863
5918
80
4943
6473
4133
2621
565
8346
2677
8389
9
4699
7507
3573
270
1499
915
4313
5837
7526
8371
4723
8171
711
2276
8574
6150
7590
249
6753
7018
7419
8065
7217
7903
8767
7806
4295
6300
3138
1105
1089
6058
6019
5674
5437
5862
6785
3485
4483
3832
6132
2483
4098
1252
5349
2672
3785
3890
4958
7660
3640
8201
3027
8223
3823
5817
159
5541
44
5144
2592
91
4103
3713
7291
7433
7595
126
3495
741
6031
2684
147
2784
2122
7442
1477
8340
670
3123
1700
8247
2211
6630
2776
2031
4361
1379
6498
4278
2514
2400
4299
8377
3616
1451
1596
1314
2866
48
7961
4593
1466
1928
5600
3021
785
7708
4680
2900
3308
7360
6570
1755
8140
1631
1524
6548
8331
1186
143
2663
6100
760
2113
1685
1410
4320
3584
3404
2406
4917
8261
326
2489
3471
1034
3756
5818
3303
235
5344
8112
4115
7314
2950
3740
3380
7012
4511
7958
6813
4022
4892
5411
6062
4145
5967
2658
7170
8523
1663
811
3942
3177
1844
4605
2845
7673
7753
3118
5956
8123
6146
4894
4507
3059
3271
5489
850
4802
2757
2562
6731
1001
7129
7068
2376
5049
8480
6820
6688
4640
6495
8125
3379
5441
3523
4473
1184
5377
4435
3632
983
4482
3708
6890
6402
3240
4276
5451
4337
568
5730
3062
2424
1061
5578
7681
7036
5879
7863
1918
8402
7884
931
1330
5354
6724
5514
4794
3327
3466
196
4011
1937
450
4676
7662
6143
5343
3247
1148
6809
5955
3476
1307
66
2903
3719
3146
4610
5220
7721
981
1183
1462
3369
4329
1654
5104
1780
6221
6070
815
4003
4891
7603
8214
5037
1551
4462
6135
4751
8782
8122
2505
4882
7543
6800
7995
4934
2695
8301
1216
687
5417
1785
4857
1112
5728
6010
2895
4271
4663
3178
4110
5120
6928
3701
6544
1966
2184
4689
3081
2716
389
205
6574
3226
7259
938
531
8628
6093
5882
1531
7713
7600
4949
1595
2813
6462
2513
5018
2410
5118
6063
7112
8166
2019
8759
2774
8626
1970
3399
349
5585
1723
6385
3663
2347
7834
2204
8449
7575
5711
965
3739
76
6355
8478
8495
1950
5825
4306
237
8198
6771
5375
5315
1433
4815
1055
2191
733
7538
8436
2611
6522
1831
6347
7842
1456
288
7973
1915
8273
4998
8560
4324
3778
3302
1452
4838
4409
1622
3272
7671
7063
986
5824
264
6390
7344
4709
7023
425
2518
1294
6587
7039
2308
1821
5800
4195
3576
943
517
8652
5980
7312
8503
4074
6946
6407
4184
5677
2802
4270
3389
1126
307
3803
616
8764
5593
5358
2
5341
6573
4827
5102
6803
861
6897
5091
6417
3920
8088
7050
5690
7435
5501
3644
4309
6636
5923
1414
4466
2661
8154
3755
1783
627
1476
8616
1222
4615
7145
4604
7005
113
5599
8406
5532
2879
3646
1611
251
2728
8139
6305
8386
5921
1842
181
3822
102
366
2066
3283
5750
4446
28
2346
2623
944
2218
8547
5290
7760
6651
8350
8558
6537
6773
1802
8400
8647
4654
4673
8425
4627
3451
3579
4038
5082
1427
1825
2992
6487
6687
599
5697
4314
7177
6278
4512
2941
5127
1223
5761
5855
4478
7421
8399
1617
5133
2807
280
3626
1833
7821
306
8513
2865
5298
608
1350
989
2493
1647
7090
4932
3799
4609
2453
1900
8499
7206
2646
4920
7179
5856
6567
135
681
5884
8061
1465
6996
332
4470
5044
2309
7722
1058
3710
6419
2940
3834
5708
8018
4170
7074
5990
8788
6134
4698
343
1206
2954
5352
1482
3800
8682
7398
2625
7625
2700
5644
7812
8387
5902
418
2043
5132
1894
3292
7755
1505
5781
7675
2990
6746
3488
1784
6465
6509
8245
7878
5063
8117
6334
6171
2948
5347
5623
7910
6942
7362
2717
6909
1569
2127
4366
2644
56
7971
882
7483
2013
413
4733
5189
2310
7727
4371
7467
5299
5243
7938
4130
2114
3165
607
7902
2567
3680
1592
5922
8661
5126
806
6670
7353
6828
6856
7224
6085
3352
6566
1568
3316
1614
3029
5276
1243
5965
7942
7766
7929
6064
5057
104
988
173
3514
7210
585
5517
4845
4905
2875
136
7185
1467
6672
5464
276
4910
2724
5509
618
2481
2381
3402
7514
7146
3928
709
779
305
4842
6491
3423
14
6209
8349
7925
6922
298
3970
7729
2942
8040
4188
178
4183
1791
304
561
2979
2809
7522
4176
4448
1738
8149
2792
1457
2355
8043
7156
1564
3382
4016
828
7264
6212
3767
7697
4829
8310
6497
4836
3887
1930
883
5745
8357
1984
5742
3137
1249
8635
4702
4381
2163
3594
5455
8234
4322
6460
544
5488
3894
6917
3088
6193
272
414
1381
3528
4813
1237
1026
1012
7228
8431
3469
215
8338
7365
5886
2686
1134
8116
1558
6280
6121
6074
1620
5280
4037
7895
3675
6804
2597
122
5366
1892
1369
5123
1860
5076
7554
4670
7785
6323
7245
1355
2254
2901
1820
119
7516
7438
2613
5719
8533
6720
4785
7485
6718
1904
6303
8747
5410
3961
4020
5859
2697
8190
472
6925
3002
7784
4893
3044
513
8714
4072
2958
1351
2547
8059
5799
7106
4741
5992
4521
6030
3003
4367
8287
7313
1819
5688
432
7163
4683
3571
4567
8627
2072
2685
5293
7044
6775
7899
252
3158
2814
3995
6966
1005
6737
6002
3603
4331
5892
3424
759
1335
6457
7076
726
6547
1929
2667
573
4463
7913
5072
8697
2915
2775
7584
7215
3737
7892
1891
8318
4581
521
6883
3612
405
4429
840
1312
4214
5584
3791
6709
5533
8172
6088
7474
3499
976
4852
4564
6648
1590
1496
5822
5863
8219
1525
8711
6438
3130
3918
2327
8341
7546
5465
1759
194
6185
2855
1814
7167
2654
6068
4915
3188
6459
4384
7294
7900
5175
7883
7792
7376
7619
5287
4961
4174
6285
6871
8001
6318
3185
27
85
495
7103
7695
5430
3335
5869
3872
5520
4695
862
4062
3168
6538
3039
4828
1313
8264
6545
5305
7171
34
5502
110
1878
6434
2222
7046
4675
2118
7386
4433
6114
7533
1817
3909
1872
5680
2627
2665
3484
3464
2362
1693
337
8698
371
1660
5969
1845
7850
6339
7589
7758
7297
5424
1985
2010
6174
3771
800
7115
4962
1298
3631
5997
6662
1039
7789
4464
3988
5360
8210
2932
8773
341
8373
1954
8745
4542
1629
3209
5022
7323
3900
2645
5369
7464
3769
81
3045
3364
5283
8280
6281
6181
5221
2822
8159
257
5187
6591
4722
6888
4266
8121
3306
2060
7636
897
8141
6852
3491
1746
906
8668
3248
8222
3172
7527
5066
5101
4231
1390
8544
2234
8491
8333
2239
5041
2719
8732
5979
752
4015
7682
6401
7775
6601
1152
3354
522
7470
2450
4687
905
4172
4204
2602
1150
5320
6806
2575
8256
5428
3351
6025
4262
6159
3135
8334
2559
3398
4964
1836
4799
421
51
1981
7166
3228
3410
7550
8742
971
2377
3105
4580
6514
3512
1416
505
2475
8319
3627
8569
7906
921
801
5737
620
5876
7798
5142
8638
223
6104
4395
7680
4089
7819
795
3254
7260
948
4386
7530
3010
1818
7588
6693
5356
429
6152
8595
1372
1948
1885
4740
145
3479
6878
7597
5442
2112
6628
3661
3340
1587
8641
2447
6940
702
1208
8007
2939
3537
6842
8479
7384
5807
4316
6968
6277
4929
2826
2863
1998
6789
7412
3987
609
7232
6366
6443
4744
940
5718
267
8650
1154
127
6166
2119
2692
3944
1867
5400
8375
7265
3371
5235
2584
6205
8546
4116
7881
1945
3280
4308
1493
2576
8014
4572
5119
6900
509
2298
5710
3841
8083
4298
2429
5964
6924
3733
3561
3599
2640
2536
6097
203
2535
1549
2963
4546
6349
1895
3963
4622
533
3556
5652
4373
8176
5167
7972
3232
1300
619
2307
3164
2583
786
7403
5117
5723
1877
8169
3787
3332
8439
657
5054
144
4616
2798
4812
6317
825
2800
8674
5479
1906
3296
7606
1725
7487
444
4819
6191
6927
7128
3276
8427
978
2160
6893
2396
1319
4432
6696
1766
3724
1988
836
7452
2851
1772
523
6319
4746
2596
1362
1196
5559
4810
6380
4790
240
6158
7525
2311
6586
2947
4077
762
8679
402
2702
4010
5714
494
3441
4626
8179
3421
7990
5092
7699
5350
2821
6270
829
4859
6423
647
1607
5226
339
2303
2330
7102
7859
5209
4219
2969
6282
5513
6054
6388
1965
3329
3252
7536
3310
3978
4451
7505
3030
4190
4925
5633
8430
8435
8469
2078
504
913
7440
4092
1169
7273
5545
6981
5601
2341
7761
4335
5534
6985
8274
1067
6149
467
8564
6664
268
3873
457
3670
1165
3885
3749
7192
4476
8401
5762
3208
4194
5755
2556
3344
319
6119
6272
333
3285
7372
179
3625
1851
1521
4883
3816
8663
4826
8473
7462
3311
3743
451
4820
5386
8598
518
2224
2894
1721
4197
8270
4914
6232
3202
2331
1529
2169
3373
2935
6485
195
1261
4569
4937
3619
7007
6810
6524
6849
302
7481
4370
849
4225
1224
4904
1130
6676
1167
1920
7028
6997
5694
2668
5454
1756
4854
5106
4535
5286
714
248
7869
7456
3558
6430
5389
6259
2628
3051
3899
7705
7639
7235
3200
8511
6186
5249
1518
3765
1866
6484
1429
2688
1941
4397
3360
7369
6
7532
466
5654
3676
6555
1032
6911
255
2285
3147
7870
2804
2025
7030
3124
184
2593
4719
6752
3113
8619
4899
717
4496
4576
7945
926
3520
4909
8671
8612
426
2157
481
7151
868
2864
5940
2115
7057
7080
4553
7704
380
7096
4977
1248
12
6701
1991
961
2083
2659
5827
1779
1432
7274
6863
5575
2718
2202
8526
2705
3683
6361
4232
6033
5797
2408
7612
3419
6066
315
2219
7979
3212
2496
5683
3162
7475
6042
5667
6294
2137
8729
549
7431
2837
600
1132
7363
1767
5056
3906
101
6039
2190
7328
5724
6320
5322
263
5281
7537
367
6758
7071
4186
8687
8765
8475
342
2841
740
7114
5486
3905
6224
6329
2937
7986
8521
443
2220
3211
7317
6912
8230
2151
5232
2545
7839
5284
1226
1231
6861
3393
8453
769
190
6887
400
8583
7174
4057
4372
6712
615
4248
6364
4196
2510
3955
1344
2853
2494
7509
793
74
1007
7683
583
5752
6218
6939
3617
3879
5917
3933
3153
1287
8410
2348
5403
7263
4889
7738
716
2076
900
5701
5460
1534
4631
8672
1028
1581
2838
2741
6200
3434
3776
6751
5301
4918
3131
791
7100
1869
7937
5253
2962
5598
1699
278
4332
3403
8655
1612
5367
8597
2271
2262
6920
6678
2009
2295
2029
5608
7608
2046
2531
2231
1254
3574
2981
1173
8766
4895
2834
3723
4743
3437
8131
645
7800
3445
4291
8629
1514
1897
125
1762
529
8356
5203
6929
6721
6596
5308
4118
1565
6077
1485
4900
7632
2491
6052
8142
6469
8457
1665
7912
8080
3363
8218
5472
243
3474
7568
5155
5061
7137
1776
1011
4209
7629
7331
374
6290
1923
6935
6464
5130
4800
7664
5982
1839
4522
750
6059
4114
1832
4485
2094
6007
7164
3893
6194
7188
2872
4417
7077
5583
3543
3079
1107
7391
3989
6393
2973
8392
1318
1054
3115
1098
4285
5558
4326
528
8002
4688
4265
7907
2570
5368
4590
2907
6004
3309
4424
1523
5963
4139
7205
5207
8008
1072
7349
379
4040
1284
7354
6260
2616
1912
2237
3781
2434
5269
3588
1598
335
6268
4848
596
154
8657
8721
1855
7213
3532
1764
6958
2002
2438
1594
6125
8279
3107
5492
3633
4801
7567
5720
226
2548
4434
3486
8011
7326
7742
4797
3798
4063
3589
6708
7003
7079
6021
1192
2371
545
571
6593
7882
4549
4065
7634
5841
5560
7379
3170
555
4716
3500
7471
5925
5394
4927
4952
2817
557
3886
1944
2141
6470
917
3092
8367
2442
1262
3216
7996
1045
3174
1047
4561
6606
4382
5857
1442
4705
4840
7095
2487
378
753
5498
8673
8579
2862
6726
386
7993
8185
7523
2957
6659
2671
1434
7116
1743
4208
8382
914
980
653
788
5810
693
4060
5233
5641
1648
2911
186
2167
1905
5915
3387
4666
3330
4465
5596
7668
2778
7716
6468
5328
3195
5390
2777
1306
5996
8009
8417
1552
7239
2247
7581
2991
5162
7703
4036
19
3927
5396
4171
37
5551
5391
4071
1000
2189
1292
7308
1181
7739
8313
6738
6374
1542
7053
2077
2771
1188
1616
6836
3426
1272
459
1511
3097
3042
567
7368
8138
8573
5416
4430
2674
1445
7284
1455
5163
2197
493
6970
2678
1161
8044
2217
5336
5934
1049
6148
2324
8557
3958
1155
3075
5948
7731
4749
8163
8173
