3838
4049
337
3897
1800
38
1891
1611
3056
2254
1552
2436
5051
1819
2073
166
3551
420
2540
440
2394
3723
2099
4772
3676
392
4028
2940
2025
2035
1867
438
193
2317
1587
753
3521
2844
11
4014
3882
4386
2020
2568
3432
2641
3010
4598
254
2512
703
844
2098
3721
3490
4225
4154
771
1775
4893
1917
86
712
324
3353
3620
2924
660
1137
547
1526
3869
381
3031
4498
3168
5026
3569
4695
4111
3658
4679
3960
4125
2092
3675
2927
4373
1893
740
320
297
5085
1203
1590
3209
1873
4418
2062
4935
233
5049
4537
1577
2825
3436
4665
5021
4827
1876
2032
3932
20
256
4399
2665
2246
2493
173
3489
4185
957
4179
2508
2015
861
3396
4919
4746
1204
1010
2872
1214
3545
2502
3119
1327
3387
3653
2324
609
4408
1835
4951
2541
4123
1580
365
1535
3204
1814
283
2858
3430
230
177
727
4270
384
2205
3849
843
213
2528
1313
4442
582
1390
1416
2982
5011
1249
2951
4026
3018
1044
1575
112
4242
4623
2203
3919
2620
4742
4688
1641
883
2489
2919
248
2972
477
4319
697
1288
2218
2022
3166
1571
3423
3973
3382
4416
847
3865
578
383
4385
4299
1449
30
1080
951
594
2822
2537
2837
2500
2995
2630
3958
4722
2139
2219
575
100
228
3392
5048
3684
2767
1879
1618
554
1331
2681
4059
2226
5043
133
37
671
4552
454
403
3554
3649
4027
3922
811
3806
3720
3504
3067
4723
341
405
1993
2221
275
4202
3674
4492
160
963
1146
1412
4189
2934
4342
446
2602
3329
1404
4034
829
5071
2300
2726
822
691
4335
2392
471
236
2202
1457
3987
1771
5055
2037
717
3402
4699
2751
1623
4922
4370
1341
3827
4667
4653
2870
1783
1076
2350
2469
1815
4884
1847
1810
2902
1563
4211
127
4912
3537
4870
1695
2179
2491
327
2237
3816
1015
4816
1776
1969
3243
50
4586
3773
2794
3299
3367
1549
4392
4320
70
184
4372
3501
2832
3462
654
4223
2103
3534
3940
1174
1550
3301
545
2264
675
780
208
3543
380
1538
457
4431
1492
1888
1967
3403
1195
1105
4396
4009
961
595
3063
1795
3272
4350
2126
4686
1482
3505
4760
3825
249
1392
4508
4735
2215
367
3628
1035
652
3565
3127
4675
3702
1765
4068
1432
368
4168
686
720
4290
136
1971
3936
4325
2128
4883
4210
4566
3883
4326
2903
1266
4661
2358
1978
2532
9
4187
816
4534
5054
3029
1289
3260
2177
2631
3939
2889
3596
521
2170
311
1415
1663
4838
3878
1453
3324
1523
4970
153
2481
225
2930
4450
1143
3790
1135
1703
244
1673
3725
4875
4687
1072
2867
3494
868
4702
896
4999
3678
719
4724
1817
2390
4934
3595
3557
4856
2044
2673
2842
2474
2222
2571
4513
390
3579
801
3512
2040
1940
3841
2670
1743
4655
1202
222
1428
4065
201
1989
683
4510
1548
3097
3766
4150
4476
4387
2516
509
2475
1559
4669
1290
1929
3696
433
2763
2423
4083
1045
819
321
3832
4504
2240
3008
915
1551
3016
3330
258
583
2555
3677
4890
2833
4602
1068
1436
3394
696
3484
3474
4497
4390
151
3124
3905
2937
4872
4316
3798
4636
684
3913
4304
2558
553
2003
277
3560
4030
1358
1831
1042
34
3938
718
2056
3459
2862
3559
1582
1574
2211
250
1422
3907
1990
2578
156
1984
1090
159
1696
3910
4195
927
1928
550
698
1558
3524
4649
3390
3726
3099
3672
804
3463
1647
4285
2542
533
3655
5076
1774
2815
1092
2662
3974
1637
3377
3191
3758
3252
1852
4707
5034
1425
3364
2242
1258
796
4483
1938
3963
1621
4942
1651
3978
3259
4672
1716
1424
1397
2504
1729
1813
3188
866
4428
1488
3332
2998
1981
2636
2732
4330
3065
3965
612
1324
219
779
1916
2333
3145
2848
3606
1190
3370
2868
1494
2909
983
3181
8
3049
2944
2352
4825
716
139
3309
2811
455
2196
4576
3093
1431
2971
939
229
2446
4092
4010
710
1456
2583
2799
5033
4425
3818
4939
1755
342
3876
1283
4544
2893
424
682
1711
5022
2010
4631
2976
2357
3638
3275
1420
3267
429
102
3078
2974
2365
744
2646
1008
3256
4907
2910
2077
1661
2431
3138
464
4042
4918
198
1051
3944
1040
289
2805
2596
5045
3441
1649
371
264
1691
568
304
1193
3443
1184
1772
1356
1452
3890
4217
3155
3211
1361
1974
3348
657
3378
116
322
4252
4357
1904
1351
3231
2418
4604
435
1585
3042
789
2776
426
4395
3451
4444
752
3607
662
266
4619
286
4313
3654
5028
4868
2440
5069
1705
3142
5056
767
352
4880
332
773
4632
406
2716
892
3298
1570
1781
3516
3133
1140
4996
2088
2371
1539
4860
585
1631
1047
1049
2759
1671
3196
1884
124
972
4001
2603
2425
3038
1403
3624
4312
1156
3007
1519
4260
1843
5067
3021
1860
1627
3724
4845
3861
2564
4490
1762
1208
4555
2000
2661
4948
2792
881
4899
12
1382
4095
1471
2881
2319
862
2143
1675
2239
808
4056
2360
2912
1233
4848
358
944
4050
856
653
3409
1279
4774
5074
2470
212
2950
4974
3257
3300
1123
941
4976
3187
638
3290
1834
1522
1576
800
4324
1469
520
4165
4858
3046
1633
1367
519
3597
569
3457
2306
3371
3805
4853
2415
3310
2658
590
1091
1514
3814
3823
2969
1865
3930
269
1951
165
4706
4100
4500
5004
962
3763
2374
1082
2985
2527
3216
2788
4043
834
1217
1154
1681
3359
2133
3903
2547
4222
4205
2838
724
1524
3793
2561
1187
3999
3686
3380
271
1701
261
2983
3442
121
4662
2713
2871
1139
619
2531
1836
134
1239
2164
353
3081
4700
1933
1798
636
3039
4818
1176
78
4451
444
3625
3102
4446
1827
1822
3172
4998
1149
3690
2108
4803
2529
2806
4750
4433
4888
1645
2715
2984
3691
3291
2935
1665
3929
587
4441
3663
1895
1784
2551
2719
4218
525
2507
4793
897
1333
1913
965
498
1739
118
1274
601
3612
5053
851
1131
1529
2408
202
2220
4822
2277
294
928
298
523
2581
4133
742
4758
739
2074
787
4921
4063
3586
3912
2263
4715
4515
2589
2444
3972
4902
1250
3679
362
3604
4366
3776
2195
2750
566
3802
3397
3943
2769
2523
397
255
1330
2914
3564
4138
2791
387
4188
3422
1225
484
3
163
2295
458
954
1222
359
1659
3388
432
2151
2313
759
1379
4107
2012
5016
26
4928
3760
2305
5025
3004
5065
2517
4421
506
4577
2034
2702
1148
1664
3354
3833
3487
1961
4940
3438
3479
4031
3563
2755
1502
2922
1489
3746
1365
5050
2348
2173
4874
2406
2297
3701
2337
4147
2312
4359
3801
2731
1158
1378
4891
2989
2266
1588
4571
3667
2413
3968
2619
1715
5008
2320
3743
1557
2235
715
4564
0
2347
4637
3693
4972
2936
3445
2590
877
3962
2227
1265
1685
4411
3652
4580
1468
318
1808
3057
2284
4719
1375
4297
2298
1183
3381
75
4367
5052
99
2609
4834
428
2075
2318
4819
2159
4914
2574
293
3230
2105
4120
328
2185
565
4163
1346
4458
1061
4590
1295
4023
502
336
469
3643
769
2294
49
1914
3080
775
2230
1310
4682
4339
895
1824
4129
3185
4216
2616
179
4135
857
4265
2484
452
3351
316
656
4493
416
1383
4995
2076
4264
4812
1826
2734
2990
105
3106
1861
3770
3937
2624
4250
3873
111
3112
4850
2877
3712
4960
4522
3092
216
4415
3888
1965
1402
2054
812
3914
2477
1130
2308
2049
2572
481
3206
1878
1996
1498
2445
3217
981
1481
361
3640
1165
4271
4238
3338
1443
3698
858
1877
1625
504
92
1100
1179
2184
3749
4945
3623
1669
4495
4954
2208
1366
1932
532
3994
1110
1646
5047
3791
2725
3358
3637
4022
1605
4901
3499
488
4076
1200
4931
3514
1368
3863
4253
4761
4025
2008
2586
3205
1544
273
3641
3391
1870
492
461
2896
4174
3594
4323
1302
3418
4777
2782
113
4099
3983
2850
2369
2071
3711
1545
1282
4214
1678
437
3472
912
3761
2997
3043
1168
3993
2812
567
301
4579
2591
463
2669
2275
2635
2190
1639
1589
1530
3167
3734
240
3613
4044
478
1970
4269
4282
149
1700
2192
4763
3744
1732
4246
4930
926
3062
2292
4517
1004
2816
2009
4768
2680
611
3531
4322
4963
4343
4131
1584
4616
923
826
1566
2343
548
2029
1372
4633
1437
500
1477
299
1777
1020
2745
4634
1946
4684
3703
5019
3233
1212
3503
4365
4932
3821
3593
899
3340
2209
4336
4966
1309
4913
3261
2917
3386
1188
1087
3986
52
959
641
1654
3289
2231
3283
1741
803
2163
2450
4811
4400
330
1606
3130
917
348
3915
1736
3482
733
735
774
3908
1370
3032
5006
3041
2544
1616
3600
5046
2429
2021
4959
3241
2952
2752
535
3328
4405
2134
4885
1595
5078
872
3227
4751
894
1192
3236
943
680
399
1124
2187
2906
3132
2686
4787
1902
2224
3222
4905
2363
1950
875
570
849
4277
4766
4080
2225
2740
1504
933
1839
14
4206
3880
3264
5027
4756
825
4541
135
3356
626
1963
4795
4024
617
1472
4055
4204
2260
2819
4575
4221
106
23
268
2302
5057
4064
491
1998
4354
2888
3485
15
1672
2563
1677
203
3284
4898
1026
4491
1267
1107
1905
1497
5086
1335
2677
3426
5066
263
1297
949
1747
1329
2364
4429
3764
4280
1448
627
2331
413
3321
3055
1912
3064
1089
3161
1075
4524
5072
3456
3918
4892
1410
1315
3374
2608
3215
589
1622
3799
2336
1858
57
4318
2617
2514
4255
3005
2959
974
28
312
36
2991
3661
4479
69
623
2441
4983
4229
2550
3100
3989
1788
4243
4137
4563
372
1470
2283
2773
220
386
2576
4191
1147
2509
5002
2675
551
2756
81
3271
3389
1630
3313
846
4988
3094
648
5058
2494
1117
2728
1992
1849
4053
644
920
690
4268
1903
4909
3270
4488
2144
692
3927
764
4730
4166
1034
4038
4567
148
2028
1767
1336
1642
1101
2067
971
4481
2428
1320
1882
4240
4170
4085
3218
2699
3570
4409
1728
1314
2232
4561
806
549
4051
2405
231
2416
449
901
1626
4775
4079
2109
1881
4207
1823
1395
2685
4176
4938
4439
3587
3635
3601
83
2280
2479
650
607
3304
4828
4545
5042
4378
508
2907
2520
4410
1918
2243
2247
676
288
1223
967
925
3718
1931
4244
571
4671
3843
3446
91
3109
948
4734
2251
4861
2281
2775
3305
2506
17
4585
3769
2124
4136
2421
2101
999
3899
2250
3933
950
4864
4830
1185
556
2258
1138
326
699
1381
2961
4501
272
1030
4600
3012
2654
2465
2194
1348
1388
2426
1166
2375
1464
4054
1505
2171
1528
3480
3274
837
3552
537
55
4557
1093
527
2840
2519
788
2355
4657
4797
1454
734
3372
3315
4197
2921
2808
334
2826
4781
497
4950
2882
3121
3576
3117
1964
3073
2627
2678
1029
3147
4403
2735
247
749
3307
3303
3786
2270
2666
4773
4628
4230
3536
1760
123
3481
1025
2556
360
2391
1850
473
2052
3911
4062
1199
2580
1547
2865
2023
3105
1226
3169
3704
3285
3175
3541
4394
199
4725
2766
5039
3975
1525
2905
1194
400
2996
3488
4871
5089
4183
1291
3414
840
2455
1721
42
3719
306
5084
993
1840
206
4412
2533
1516
1046
59
2923
3058
1405
4955
2981
6
3339
2137
1102
4523
4459
1707
3229
3437
874
470
356
1191
2290
427
2030
2407
281
605
3627
3070
1237
4368
4472
3952
3342
2644
4806
3752
2588
3815
3759
1251
1554
2918
260
3893
2762
4306
3745
3727
987
1820
823
3610
3001
3709
3322
4130
4542
4423
1896
5080
4731
2643
4814
2546
2206
3511
4482
7
3520
1111
1338
827
394
4866
3383
3444
1937
31
5000
465
1065
2156
4714
24
4807
3741
4332
2652
2569
3659
3866
3555
402
64
2
3998
1750
4209
363
2200
431
1459
631
5015
5007
2141
2451
4693
4384
3179
1864
278
2138
4259
2869
529
3286
1572
3585
3619
4115
2146
4419
1340
581
1071
209
1722
169
3111
938
1994
2874
4618
3935
4074
3985
1391
916
412
2622
3084
129
467
517
2158
3556
4239
4792
2380
860
4073
3471
616
2065
1480
3608
158
4061
4547
1393
4234
2721
4248
1807
651
4591
3584
1658
701
1790
1919
1501
887
2301
3226
27
4435
3590
2738
2597
2946
3384
3035
1116
2736
1083
1862
911
4554
1159
909
307
2667
2847
4551
1500
1070
2057
4440
4808
3957
3162
1385
747
4643
637
282
4961
3713
4677
3050
4182
3491
1542
563
4349
4978
1799
2526
1350
1073
1293
3429
3024
4072
3588
119
418
3754
2238
4757
2485
3877
3235
1842
3692
3195
2729
4990
1693
4829
2648
200
3522
1036
1546
3826
5037
2140
319
670
4851
4791
5003
4697
2299
1418
2727
2790
3498
2830
2801
4925
5001
593
3775
3923
1253
2786
3116
2606
3898
3242
538
3202
4511
2911
4865
4035
2843
189
1979
3689
4353
1142
4650
1408
3458
1805
1209
2443
614
2255
1380
4108
2993
726
1854
2261
2125
2835
3634
4257
388
3114
2330
2780
1094
2970
109
4507
4046
4570
518
2671
4533
848
4584
2181
953
3715
3228
2116
1629
2908
890
408
2175
4979
3477
836
4656
900
3302
1845
1591
1373
2943
3182
763
3664
2765
4548
5068
1581
3581
1285
3717
4200
1491
2515
285
1830
4732
2456
4840
830
2827
251
138
39
4091
989
2459
2649
265
501
2113
3875
85
4015
4614
104
3033
2757
564
1644
2180
1024
3421
3177
181
4090
3036
3263
2598
3540
3468
4645
90
3646
4613
2511
3902
2676
841
2975
489
2949
3350
1894
401
1601
2783
1586
620
1745
2913
302
398
4568
2288
580
3836
144
2354
2091
2601
4139
4540
4037
1451
4937
1427
5013
237
3250
2697
2093
1958
1134
704
1569
3996
1838
1389
3148
2600
175
4862
904
2557
3407
3852
4738
1600
140
490
1926
4186
2172
1326
2497
2787
3017
1486
4144
314
3400
4105
2434
1753
157
3855
906
2233
2839
2536
3500
2718
3253
3909
1322
1032
1503
4879
1171
4122
3013
4434
4927
942
1062
