4430
889
3644
3578
4420
1402
339
1269
4141
1529
2946
426
1957
1246
3210
1403
2817
521
3739
2326
1682
478
5070
5024
2440
4919
2734
1268
3308
1158
2524
2000
1532
2177
299
4176
1295
1666
3648
1486
3310
643
4139
1729
3330
835
403
5002
3759
4134
2038
923
1337
4382
3394
1056
4425
273
3459
4063
2252
3798
1716
2836
1848
4301
3770
4868
2714
2406
3481
4971
1520
2295
634
1902
3283
3920
2291
2794
2730
2505
3596
1986
1563
630
3598
3924
4655
2159
1062
1328
3984
1510
4243
3957
3571
747
442
1744
4419
1921
3246
4179
208
72
4273
1732
1244
4041
3991
4979
1521
257
4190
3949
2139
1199
3858
159
2686
1635
3275
3862
1852
1811
1197
3370
3398
3558
3343
61
3639
2598
3708
2052
1322
2341
5037
2820
4927
2515
2319
694
2633
3793
4772
4577
2237
1720
3779
1600
117
2266
138
1930
1485
3038
1607
4461
224
3508
2468
3786
2553
1940
3151
1109
3445
3976
578
1405
4823
1293
4340
3746
3215
1290
778
4387
3397
4427
853
3420
3336
2050
909
1409
802
3427
882
4272
869
3143
972
1885
2469
698
2057
3077
4913
3415
2958
759
1697
2010
3447
4364
711
912
3118
837
248
3154
2558
1803
4237
3590
2645
4070
3206
2606
4806
1937
4693
1752
2449
680
3959
3985
2021
3258
3454
2185
3052
4157
4997
2973
352
4351
211
213
1384
3276
2982
364
3761
168
4391
3466
2001
2551
2595
1650
1537
4338
146
1341
1652
2232
2953
233
1195
477
2318
3262
5
933
2564
57
2123
4343
4944
3474
3478
5025
2577
1304
1323
4386
2346
4244
1097
3928
4428
4629
1053
2320
2773
878
4757
3402
1770
4483
3306
106
803
1217
4613
3846
3872
3367
3341
4410
327
4982
1028
429
1573
3190
4731
571
4119
3098
1096
1469
3632
3469
4838
3718
4909
2180
3096
1483
3760
3401
1579
1906
3713
2343
2118
2056
1826
2061
2861
3788
4710
3963
4497
3803
2867
1821
4887
4007
2147
3066
2448
2034
4973
1369
2914
4103
1979
4794
4012
4252
129
671
4247
4135
687
1535
2015
577
384
2986
786
1082
4785
3204
2911
3615
2931
246
3896
328
2379
1953
1513
4759
3543
1098
4688
397
2216
636
4011
674
4065
25
228
4728
2899
3374
4310
4217
3929
3086
2175
4282
2128
4833
3152
4763
3663
382
3337
2518
1276
1983
1138
811
3048
488
4864
2194
2659
3551
964
1890
3126
97
4566
3662
1967
2183
4552
4777
2428
2366
4000
1518
3178
970
3260
2133
591
1452
4194
2509
3386
23
2269
4753
870
599
2313
3763
4366
4713
2395
1508
706
877
3679
1236
2086
4662
197
2167
2109
2071
1100
3455
2077
3131
3881
2314
2351
1843
3584
2912
3433
987
1873
2002
3865
1227
2264
4098
535
1596
4964
4989
2758
264
4140
4067
2548
4038
2930
1325
5035
3587
988
3665
989
782
840
668
2756
2673
1209
2893
4086
5066
2487
4584
4456
2478
4950
3071
4581
66
2040
1465
2934
945
1009
2640
2111
116
2612
4756
3049
1108
4528
1335
3734
1051
2507
1918
3999
4305
3067
1812
1562
1629
4327
3434
3640
4883
1395
3952
3832
1746
133
306
1099
2866
3299
718
4342
3036
388
4636
4685
3707
1813
186
2288
637
1861
4896
2583
2030
3378
3738
2791
3353
3259
1763
1807
4312
4802
2458
3556
4023
580
2460
814
3054
468
1173
3344
1995
4492
1785
2397
3268
356
330
2310
724
4460
4594
2922
2268
4450
1471
2048
4917
5022
3322
5084
3992
5043
4850
1198
539
2032
997
176
247
2535
440
221
5081
4451
2480
2602
2294
493
939
2965
4204
4487
1972
1568
2619
2340
50
5016
5026
1916
2261
1308
4484
983
3197
4412
2091
2402
3910
3850
31
4129
772
4390
2019
800
2977
214
1320
1285
4231
151
421
2623
1846
172
1408
2442
2427
1942
2865
3527
3778
821
4054
1862
3852
4572
1624
683
2068
1093
64
3221
1764
1810
3233
1721
249
313
4091
645
3396
2814
2717
1444
4616
1849
547
4955
309
3744
2565
4556
1327
4079
2073
1735
3837
2088
613
1169
455
691
60
32
295
4482
4970
2944
2709
3510
967
4026
2642
2384
2868
2039
2706
2426
3405
3981
2176
2948
544
92
3794
2254
234
2471
5085
2737
2936
1245
3057
3425
2162
3145
4069
316
4234
4789
572
1089
976
764
3267
4479
3986
2174
4330
4297
708
1597
652
260
3618
3117
3384
771
4780
2186
892
1128
193
4503
4881
1390
2663
1264
4203
3861
1534
1126
4986
653
4642
1399
4671
2878
18
2473
1172
3015
3156
4481
4127
2115
160
4647
3576
794
1149
4485
3748
2744
856
1703
956
326
428
5045
2398
1011
3435
1928
4389
2424
4009
2978
797
1791
1421
1769
4407
1238
439
900
748
3695
1837
3031
557
4062
1889
1522
1340
4531
1976
1344
510
662
1904
65
4590
2451
4146
1540
1468
148
4294
1738
1549
2497
1969
3177
3813
666
4379
667
4620
4987
3467
3363
2317
1176
2122
3424
1497
838
1063
3681
3616
5017
3265
1432
4977
1820
2735
2586
3022
1507
1799
4709
5065
1875
280
343
3076
3706
1159
1092
2423
3346
810
1088
1420
2020
1289
1673
3495
3997
2790
4143
3719
3897
3173
830
1831
4744
1249
3485
2166
2664
2940
3623
3657
2618
566
3887
4525
4089
2008
2225
3854
3607
2421
4911
3637
5019
623
3844
4512
4827
1723
1936
1241
3550
2470
2367
3090
1631
3232
3080
1049
4346
4914
1345
2191
3263
3456
2780
459
2338
834
3501
3875
4277
4661
2755
1839
3355
742
3273
5057
608
3382
4437
3871
3379
1783
2064
1157
4634
1240
3880
4446
3362
1029
5033
2774
3046
679
3625
4361
3993
4905
3935
395
4875
2644
3975
926
4445
4725
1693
4399
3391
3213
3254
342
2576
550
427
1558
4784
4452
226
1704
3651
650
3439
2999
2778
2037
4266
2839
2798
3932
3634
3704
1116
40
4645
450
3604
3282
2059
4081
2498
2708
3264
200
492
2889
1927
3655
4289
1237
3333
140
3295
2597
3088
3237
3305
3524
2124
2323
1326
2029
4510
3103
335
4232
1382
1379
3699
3899
3979
1653
3223
4010
27
451
960
2933
696
448
2025
2738
4331
4308
3199
3161
4930
866
2670
3476
4750
1039
4170
3767
3377
3945
2844
2386
3722
1691
4539
881
230
4658
1701
1947
922
3179
95
4692
2655
2739
4888
3091
3109
1292
2164
3033
1688
2929
3712
527
2178
4211
2296
3617
3659
162
1756
1593
3408
3248
4954
3193
1370
2043
4931
2872
1278
1375
1836
4454
53
3515
4640
5006
3870
1365
190
80
17
3128
2770
3471
714
5032
4677
2894
4799
4729
3279
731
831
1430
3941
279
4280
536
2996
219
4538
2416
968
2444
4027
3176
4627
3906
4271
2813
100
2158
203
4544
801
4053
4394
2486
83
4455
119
2568
2259
359
4423
2058
3017
3575
3133
3749
3093
2189
3694
767
1773
3729
805
2849
4506
601
522
951
272
1695
4899
3586
1191
512
2877
2634
3472
826
4196
4863
2
3051
4626
2949
822
3114
518
20
3831
3776
1055
4663
145
1210
2103
3938
3514
4826
660
3009
1487
4902
3477
1492
222
3635
4583
1154
4369
1496
2315
907
2450
1805
1003
1392
1481
769
4418
2089
2694
323
3115
466
1705
1663
4150
684
3513
2003
2331
836
4292
4694
2519
4871
2859
2145
2740
2263
1533
2137
3743
1900
446
2187
4030
3389
2901
914
3245
3209
3547
4356
37
182
4991
734
3675
2373
1386
275
2226
2720
147
3446
1545
2370
480
2937
4595
3194
787
4934
1164
452
2697
1204
1047
3824
2142
3024
3366
4360
1123
4112
398
2979
3784
700
3714
4659
1767
1342
1639
864
511
3100
408
497
1397
2241
3849
1095
2819
3700
600
4400
3381
3220
5087
670
2942
464
529
5064
891
153
1808
868
453
1367
1524
978
241
3895
986
4649
3112
4474
594
1059
1396
4495
380
1627
3410
2943
3950
824
3816
1876
2492
2150
5060
1829
2587
4769
3518
9
2567
559
3202
3135
2278
2520
616
1160
123
1886
4319
2072
2394
849
1780
2105
2629
274
4848
216
2098
2161
1000
1696
3026
1321
3092
746
4770
3534
2589
4923
4943
1542
3847
1031
324
3973
4787
5077
3998
1866
4113
1239
2833
4570
2203
3658
1960
3195
3833
2923
1229
829
3686
1194
1644
3740
210
4403
2364
1832
3028
1309
1603
984
1856
4491
3731
2802
3465
920
3689
876
2293
1896
4226
1987
2754
562
1538
4996
4633
1282
410
4332
1731
1962
953
2777
4261
3316
2160
937
4597
36
4984
2603
239
4745
3677
3149
4120
1489
3600
1570
4181
4574
4414
4230
3256
3927
1118
3388
1251
3936
1006
3359
4675
4807
640
1084
261
3063
4245
845
739
2690
47
2211
1416
4263
4900
4747
4202
504
2638
2387
1584
2041
928
1493
3395
3338
1284
3799
4040
4749
715
1990
2190
556
3777
3742
740
929
4031
4090
3307
4653
58
3855
4283
4421
959
894
2886
4185
2475
2680
4335
16
3922
3585
2016
4321
2952
3857
3529
3418
432
4238
4878
4021
3239
4941
3557
4683
4668
4339
5008
1675
4631
576
3622
590
4398
941
4464
639
4130
3449
411
3411
2746
689
3987
4606
2467
4307
1371
3240
885
1448
832
4105
3483
1273
766
2757
4872
4381
520
3541
3892
3185
1514
4225
3582
4635
4302
2852
721
258
2627
369
4324
635
730
476
1358
1035
3039
1614
4766
1827
1235
3061
865
4592
2229
2721
3373
2412
1580
4711
3893
4854
102
994
1727
4605
2924
4114
2549
4788
505
1232
1331
3251
3191
4963
3785
298
1368
872
3034
1262
2752
1592
854
4858
1946
2096
2274
4673
4075
3224
3287
1313
2799
1366
3603
2700
155
3647
4680
2610
4281
1620
1633
2244
1531
2742
122
4183
1364
2110
4654
2272
2941
3620
4197
1788
2985
3762
1106
2903
1091
3915
2116
431
4396
1711
1231
3200
331
3737
804
3650
1736
1001
2429
2220
2637
1825
2741
3569
4228
4475
4995
2321
2484
417
751
33
4160
121
2707
2363
3859
1338
4978
3325
1007
1233
2883
4935
34
4153
4124
1406
654
4967
51
3219
2130
2171
3561
4841
2920
1120
2669
3980
3291
3431
990
3148
4906
1606
2378
3222
1819
4165
4865
188
3592
4773
4441
1910
3212
1601
4801
509
2413
2529
3526
2787
4625
2154
3037
2947
4087
3507
4527
2616
1502
1068
2531
4459
592
4622
4371
3097
195
4877
3642
3271
2496
1907
4336
353
2562
3138
1504
2876
3817
2858
3829
3536
1010
5069
4849
1439
4981
4816
2620
341
3666
1865
4520
3775
2028
4507
2533
2835
2289
69
3486
1528
713
2622
4623
2024
5048
1043
1527
1965
383
1101
2066
4541
758
109
3162
3021
1275
2372
3566
2963
2234
4298
4029
4442
3863
4422
3311
4200
3967
3448
4223
898
4949
1115
174
1470
4072
1989
2724
489
595
533
1698
1952
4582
2969
2793
3755
2971
4961
2573
2381
4278
1201
1500
3613
207
336
2785
2702
1274
71
2970
661
4274
4100
4706
1387
1271
2477
2392
1139
3705
4133
1859
3060
1114
1193
1119
3926
1564
4755
4380
4800
502
3319
2992
396
4985
1903
2265
4624
961
3376
270
1216
3399
4796
4783
4193
75
3947
4652
4903
3601
603
1360
4660
3229
3692
515
378
4496
1850
2818
3116
2152
719
2860
4974
573
2829
677
1458
3284
3951
2771
268
2488
2841
2336
1595
3752
2530
2972
5015
3207
1359
3106
4409
4847
237
4628
514
3891
3095
1643
1080
2224
3683
3530
2462
4576
2584
3611
1637
952
4347
4532
4815
1613
2864
3783
3006
2192
423
5082
373
2494
321
4022
2767
297
4147
3916
430
4020
2407
4740
3956
1446
2712
1530
3966
2731
3750
2143
4125
4080
393
1999
3732
3842
4798
3334
2890
3806
1985
995
3787
1476
2094
4890
3182
4171
1316
2270
2165
3839
3196
4328
38
1067
344
266
982
798
292
3902
1090
2357
999
693
1602
4296
2408
4384
2786
4514
2148
2067
2563
4855
281
2928
2246
4831
4679
1546
3101
3426
3249
407
1324
895
1478
4443
1677
4375
651
4870
2807
629
4457
209
2455
4859
1131
3108
4932
4186
368
1135
2541
3822
546
400
419
3946
2273
2134
254
4546
2079
3018
4553
4161
1938
3797
2832
3741
4717
901
3160
2112
2090
4432
1909
1634
4793
1385
3385
3124
358
3489
3339
617
3372
3277
1655
1300
3580
3994
4039
2646
1445
1050
406
596
1339
1560
1161
2354
4586
2988
5029
4515
4267
2566
139
4549
3628
165
749
1223
108
4447
4891
1436
503
4003
2114
574
3400
1651
87
931
401
3301
3436
59
545
1941
4498
2654
2960
3444
593
438
2891
2463
1692
1911
1459
1032
3174
932
4705
1168
2736
1111
1026
282
1899
2279
1178
2358
4534
598
2101
3497
4808
2084
605
3
3110
2991
2405
3487
3241
4701
5018
4229
1400
1110
1924
229
1036
4567
5000
2169
93
3525
2913
2353
1505
3765
1765
4096
1787
2253
2375
90
4722
3002
3457
1863
4066
3972
120
2013
444
1739
717
871
2202
4712
2763
4915
3270
1512
3725
4311
1674
1855
3548
365
2371
1070
2355
4743
4285
220
4922
39
3828
855
3164
4241
1472
1424
1994
2962
3480
1884
4589
4061
1425
3656
1718
1609
893
4993
1840
4262
664
4948
2869
2582
5083
4910
4817
3167
607
1137
55
2523
2328
644
2292
4608
4502
992
3958
3313
191
1964
1261
285
4494
2641
3583
760
1853
4374
3532
332
1734
4867
3302
1301
3461
4578
194
4463
3653
3549
789
4535
1306
682
1103
2968
4882
4313
4082
4036
267
793
2208
4246
2459
5079
2457
3520
1411
4573
3012
1795
2974
4449
5036
4813
131
98
2635
3934
13
3574
2042
4370
4536
1665
4085
3688
2151
3983
1319
2092
3869
304
2437
5009
1184
1766
4345
5076
3838
4006
2990
1815
3422
2125
585
4337
3142
4564
703
4691
1215
2410
4610
1141
1495
916
638
3877
3680
225
785
3937
4500
4593
1615
1494
1064
626
883
1678
1585
3940
3105
2590
554
4002
3522
908
1669
