2933
2137
4947
696
912
3845
3176
4706
980
658
2496
4046
1854
4656
1391
2016
1575
2608
4720
468
539
4383
4590
2274
2317
3808
2395
287
261
3502
655
3154
2227
1205
2740
1949
2328
1756
4122
751
4292
256
1350
209
4703
24
3444
3693
1975
1807
4059
471
2765
1301
2784
1014
1320
4261
4147
58
2884
4416
1232
1076
3466
1103
2257
3251
1925
4602
3171
2272
2694
2854
1616
1578
378
4002
2342
5040
1064
2546
2113
1334
3177
1974
4842
2547
4186
3338
2600
2594
2965
2478
558
3619
2769
4522
4342
1646
3775
1602
913
1304
4275
3387
972
3793
1321
2023
173
4177
816
1038
1302
5015
1725
4006
3078
4782
2991
157
2399
4936
4252
3016
4514
4071
2709
990
3494
1228
2048
3530
1649
516
3953
2593
908
462
4237
4374
4894
2597
1445
2532
668
2495
4955
2728
4931
3185
2776
4485
965
3022
2848
205
4846
2893
2721
332
2841
1451
2782
4445
1085
3891
1357
1852
2913
1900
2561
3592
128
2808
2869
2209
2252
3673
1311
3684
3304
3607
4154
1700
427
2303
534
2865
745
3148
542
1640
1210
993
532
2476
1985
2772
3175
3482
1665
602
790
1293
196
3329
88
3229
4832
2522
3383
2188
2308
1574
3534
4620
3036
239
4311
4470
4660
2031
1098
869
4120
3108
2484
1137
1388
2041
3425
266
3913
511
202
1598
1871
4011
3730
2347
315
1453
1200
718
3083
581
984
2877
3978
1106
3849
4649
4380
1306
1186
353
3875
92
5016
2584
1788
4382
2891
2901
376
4401
1847
4218
1261
3300
2957
1889
5084
3146
2044
2207
2173
3033
307
3732
1898
4305
1799
4388
306
833
2713
4881
1340
3297
3317
806
2881
679
228
901
3191
4394
4921
3291
3247
1659
782
1802
1152
3225
3364
120
4653
2172
2987
4933
2849
3249
2890
1892
4253
4510
4100
3614
859
1853
2587
4599
480
416
1390
2301
1421
2942
2820
3798
4858
3915
1658
3109
4958
1212
3923
76
2138
2862
2397
4048
3584
4790
328
3692
630
1128
381
2130
192
1190
2320
1783
2863
785
1873
2225
4950
2806
3434
3377
1909
1688
3312
3968
3491
2716
380
448
3680
171
4315
3722
3598
4017
367
3074
1303
1107
1964
1628
2153
573
4483
1932
4569
2222
3345
2165
3983
4771
3136
1684
55
4793
705
3938
3976
4904
2750
4436
4088
2411
386
1370
789
948
3055
2511
476
117
2346
441
3352
849
1259
3403
1371
394
2230
1933
2316
4248
1295
5063
2885
2605
5074
2696
3067
2758
903
494
2158
1420
1507
1503
596
4905
1755
574
4806
4877
3689
4054
613
1824
5033
638
1913
3837
81
190
2093
2480
2103
2963
4124
3869
2503
871
1993
4707
2801
802
1292
2420
2866
112
4180
1325
2868
1530
3241
1797
4139
3618
3421
2485
158
4941
928
631
4155
3026
1766
4956
1266
1175
4406
1213
3060
4603
2659
1971
1792
4096
2928
2788
676
763
360
2992
4734
4696
429
726
5002
4143
817
3019
1413
4307
927
4412
952
1706
4258
267
4035
3132
2441
2310
762
4563
1907
1160
1276
731
664
4337
2941
3663
1351
3085
4768
2253
889
285
144
1895
3571
3863
156
4377
4682
3343
4810
3557
1410
1820
1159
4121
2922
2081
3577
4260
2355
3337
4642
4347
150
651
219
147
3094
858
3781
305
2279
1100
20
2223
3928
175
1999
3918
2369
2074
4083
4681
4197
1472
4301
2790
1262
1553
3216
358
4527
732
2736
1018
1246
3819
4883
2843
2557
2723
3411
2887
3497
326
3211
3198
2650
760
2853
3373
254
2718
3851
3630
4192
2629
100
2408
1810
4168
2010
1953
2537
1789
4927
2934
4029
2874
67
1248
1287
2810
3729
4135
2738
3098
1201
896
3829
3713
423
4167
1552
98
4902
1586
3182
3601
318
3514
4800
2351
1490
1482
3766
3993
1358
4932
4934
2271
1731
1173
3231
2413
446
4606
2060
4156
1585
1692
1613
2393
1522
4961
992
524
4116
2070
296
3040
3523
437
1591
821
2313
4353
1734
167
3467
5051
4572
1225
4457
839
4593
4993
3440
2638
3075
2118
2214
1805
3591
3871
2945
4775
3999
3786
4725
2699
1300
4123
2388
298
2858
2580
929
719
1724
1772
3992
3035
836
3704
716
5022
642
10
5028
5064
3605
3321
4511
4273
4757
94
206
4332
4794
5010
857
699
493
2809
2678
1991
1984
4117
4513
93
3696
2184
4427
4082
1324
2687
4598
3640
2365
208
240
4171
2406
4821
750
1341
1959
221
3764
3664
2309
3937
3484
1992
3369
1002
4118
2647
3008
3490
3620
1801
831
2619
3131
1032
2215
2033
3209
2821
1316
1835
2035
3641
3165
953
4391
1745
4741
4413
3215
686
546
2377
1607
1550
246
193
3015
1497
4975
1154
4028
2277
3013
5048
1134
2679
4289
3194
1330
79
2278
4579
4841
2297
3606
3872
4659
2606
2494
2954
3151
47
3473
2637
4797
1315
577
1285
3857
624
3909
1669
1839
1554
3107
1223
3316
2620
142
1374
551
746
827
3671
1537
51
4831
2579
2087
1202
3389
56
2636
4778
4288
3472
5004
1535
1404
1185
3042
4235
3711
483
1209
16
4857
2743
2263
979
155
4027
1704
5079
4354
832
2488
982
4624
549
4359
1146
2692
4556
123
4368
1762
477
28
2062
3733
5007
2998
4530
4366
1828
6
3239
3662
4632
3633
3728
593
1156
4393
1840
3178
971
2826
4490
4980
3509
4397
4221
4903
211
4646
3410
3861
4647
313
2161
4726
4962
978
2506
140
4591
2970
766
3870
4525
4592
1474
1955
1180
2414
585
3603
2575
742
1487
4976
96
2993
489
941
3750
1584
1580
3885
2224
125
485
2576
2105
4925
3548
4744
3782
3667
1090
513
572
2067
2778
3828
868
342
3233
1086
3173
675
2075
715
4819
3365
1532
667
3908
490
3706
3760
1713
682
5068
3313
2332
260
4753
3347
2982
2468
250
2844
4207
3773
2183
4736
4503
1361
4322
478
3818
3141
2852
2380
2148
1145
3528
1737
1794
1161
1656
4997
4102
3893
3378
4802
4050
2311
4901
3452
3263
3650
3957
2873
52
3669
17
554
1579
1775
909
2872
3905
4722
2763
2560
3672
3698
5032
3163
5056
3082
286
1508
4767
164
4650
1869
116
1825
1763
1198
698
1003
4004
3542
1496
1116
812
4241
2640
3349
1863
772
810
1214
1314
4209
1697
4385
508
4940
1501
4078
973
4822
4272
3089
474
3294
382
1523
2003
504
1922
1823
2553
2160
2446
1440
1256
4152
2552
3940
289
645
2523
498
1544
1519
1720
1956
1759
2981
3407
4300
3479
294
2693
3788
4034
3820
1055
3921
1025
1480
3087
1694
4092
1979
4548
4648
2047
2651
3651
1344
4811
1504
4924
2042
4176
1264
324
860
559
346
1323
4343
1158
3910
684
1709
405
132
3973
185
3150
2924
3553
408
3451
1647
3784
4634
4823
1916
2966
3575
640
4578
3125
2387
3984
1393
4500
1520
3981
4421
1813
4251
2330
4545
1015
4279
4133
587
1353
2280
2321
2835
5037
2774
107
3429
66
398
906
2823
3159
2710
4357
2384
741
191
1284
3066
1067
2797
1661
1024
5013
4363
4142
1573
4702
2290
3206
1006
3950
3044
1427
2398
3224
3876
1559
656
2250
4030
4978
2195
153
5005
637
3446
4586
2382
2911
4345
1356
3311
2186
2614
3488
447
2004
121
4065
1051
818
851
262
179
5003
1845
2548
4036
4758
2950
68
2166
3578
1478
273
3032
3720
2392
985
1049
691
3477
1650
1719
938
3862
1685
3695
2583
4989
2990
3187
2500
3907
2385
4369
4532
3236
1442
4698
2226
1632
907
2832
451
3855
4523
2457
2327
555
527
1943
960
1479
2829
4914
3958
2193
3474
5070
1097
4825
3501
2326
3767
1634
4195
583
3398
695
2955
181
3402
586
727
1376
1062
268
226
2241
431
2886
4571
308
1711
3419
1243
2028
218
4584
852
3120
3854
1735
1617
1110
284
3293
4626
3197
4908
4746
1431
3481
3124
3443
2512
1667
3328
101
4395
4375
771
499
1021
3865
1966
5001
3096
830
3315
2648
2445
1891
1208
2245
1796
1430
3441
3166
4580
199
3246
4928
4589
1408
1458
2371
2147
4015
1240
2676
3589
372
1983
4701
4420
923
4240
4633
4108
4675
3609
2856
3659
2497
1409
639
2666
3314
3879
2006
883
45
1041
2284
1919
5034
1806
64
2896
2578
1265
428
819
1531
1683
4205
590
3965
2129
143
3544
1150
259
2306
2691
1112
2539
1822
3405
3906
4271
1277
3318
4045
1469
1529
1798
4161
3666
1347
5039
4998
2305
4608
1118
4234
2536
2623
269
1804
4131
713
2128
1366
4798
1352
2163
4683
3004
1119
3552
2975
3739
4517
4885
2428
4384
1151
212
3326
4438
950
1011
974
3498
2456
2767
3558
2615
3682
1377
4138
3091
3361
2752
2065
3409
3881
2264
940
383
4290
866
4362
4814
2978
3946
109
2836
3517
3188
3080
1470
2473
2932
1972
4062
1528
1268
4379
4376
2410
5050
1495
1244
3935
3600
1988
1394
374
3301
5086
553
1827
4977
4727
2402
3371
4480
1774
3460
475
2968
3396
5018
4587
936
2145
4684
4187
2871
1178
4922
1911
2956
3616
1171
1281
4930
3217
4665
685
3540
3657
2296
3155
4410
905
4286
49
3688
1782
4190
688
4892
759
4535
3505
1867
2518
1140
4879
4685
162
2753
1489
4623
4285
2040
2973
3569
3374
2785
3714
780
1927
278
2487
184
2804
3559
2008
1958
1023
2986
481
961
5066
888
3168
178
3257
1181
838
1272
697
575
115
887
4967
2684
2281
1547
4479
1229
2486
540
995
2236
661
1939
4125
1675
3203
2448
2527
2921
2095
5046
2731
3183
2176
3142
3114
902
1601
295
2875
707
1069
2908
3691
3814
149
2324
2254
170
5089
3521
1126
1471
3734
203
2143
3974
3012
670
1234
2038
1515
1765
4440
1111
3065
1556
2915
3408
989
1031
215
729
4538
1063
456
2980
1423
3045
3741
4044
373
172
1897
2465
1561
2269
2019
4553
1193
1741
4014
335
3815
4316
4001
1499
2759
4547
4463
2340
1236
3341
3058
1729
3758
4215
3227
958
131
1784
2914
4435
3070
1779
3836
263
2376
2218
2150
4612
2828
1600
4658
3064
1077
892
1571
4104
2513
2348
1548
3753
4373
3525
576
2984
2618
3464
722
1375
777
3800
4453
937
4662
4554
2319
1625
2609
275
986
966
1832
3388
3342
1473
2892
2524
252
486
2300
2989
3561
309
1133
914
3295
2671
2475
3214
2292
350
95
3255
113
4668
2423
482
3324
3768
2739
569
4918
3002
939
2024
1703
3356
3852
844
2091
3972
3213
3180
2237
2923
740
442
2715
768
438
3289
1117
4467
4266
3463
2429
2362
2673
3945
104
3796
4202
3846
1008
874
3787
182
2781
3644
4709
783
4929
2045
2817
4973
2483
1855
1622
3991
4813
4089
734
1589
1327
4543
2504
4003
1312
3794
3506
3955
3883
1963
304
4447
1714
2686
2669
4466
4075
2918
5029
4638
4409
3480
4986
1227
2534
1857
2936
1452
2007
4791
2751
3112
621
2298
1918
1291
1989
814
4809
4751
1418
1776
955
855
5082
861
3140
111
2022
2288
4101
3724
3276
3071
2322
1443
4296
584
3599
4966
3790
1721
1636
738
3550
797
80
1929
2937
4232
412
514
702
653
1183
1923
2939
1751
2213
2656
8
4407
4130
4019
4946
4033
2979
70
2492
1362
4162
1749
761
3145
362
4502
387
3892
3268
2442
4540
1400
1415
2920
2192
3707
3930
1165
4796
3926
2239
1948
673
2861
3658
321
3105
207
4070
548
3529
73
3884
3504
165
2339
2383
110
4516
3079
1162
2831
4537
2077
3687
3681
4026
2361
4988
3799
1917
2653
4546
2927
1108
4644
4688
4897
3864
2182
3020
4874
2591
3745
2235
2930
3279
3492
1818
210
3346
3951
2185
510
850
2661
152
2572
4937
757
1793
4021
4184
1239
2510
4469
2270
1654
2859
247
1604
1982
509
3053
4213
46
4742
2714
1122
3310
708
2092
4194
2170
4371
959
4987
4847
297
3778
1518
1780
3942
3647
2032
1851
1336
841
4073
4095
3193
522
947
1834
3184
1009
4214
2833
3243
3201
4126
3320
2265
1945
1838
2689
4731
4609
1364
1722
837
1247
1176
220
3929
2857
2951
469
3049
2682
3531
4864
1433
4086
3386
4140
4437
1050
3250
4835
4628
3095
3252
4179
127
3535
1129
4799
589
249
2111
3963
197
3273
4037
251
2840
1651
1611
3823
4687
2958
2706
2735
1513
3282
4712
1056
4323
5073
4280
2291
3152
1269
2704
4588
4911
1821
2988
136
987
279
4663
103
1673
2611
257
106
1412
4898
801
3117
4191
4777
1940
3470
4815
2562
1378
3367
4747
3675
2521
4182
3223
3283
3769
4982
3412
933
5042
4188
3975
2746
3242
2741
4066
545
3812
628
605
1042
4719
195
1052
4923
3890
3024
582
40
2569
3639
1444
4408
368
35
2433
4326
4099
4875
3755
1662
2558
5088
2002
4661
2780
641
1870
4679
2960
1368
1842
2155
1560
1318
161
2331
4610
1170
2181
453
458
4042
2657
3595
4330
187
7
4520
531
565
3961
616
1881
809
2883
3916
3791
643
2037
1333
4524
2726
3430
3624
1715
2582
2742
2050
4458
435
3759
1777
2436
1279
2909
3127
2897
2082
2509
2598
4611
3363
4789
1914
3092
854
38
3979
2064
4917
3054
4270
222
2906
570
5021
792
1007
4773
4824
118
4444
322
379
4891
2112
2232
2646
2515
371
2233
997
1338
3174
2251
258
804
1981
1723
935
3404
1618
407
2231
2108
4055
3037
723
1027
78
2467
2904
657
4769
4855
3260
1986
3123
823
747
1582
271
963
3897
4531
1557
930
1527
2879
2905
1652
862
2201
3051
2360
1343
242
4450
5
659
1505
3208
775
970
4263
160
2520
3418
3376
2708
3751
27
3917
1043
344
3119
4818
4090
1308
2039
1882
2464
3258
236
413
2058
3723
3947
3716
1619
2466
878
1534
3063
4032
1195
4583
4317
2953
3810
300
2127
2286
459
3137
3235
3278
3237
872
4335
1752
1643
795
3351
5041
4529
3476
244
2302
4878
465
2001
1310
4259
5081
1135
19
169
2916
2838
4942
1087
