3921
369
4878
2882
1494
3772
4908
1778
133
3071
4646
3355
1800
173
4182
5057
1361
2302
3288
1197
1558
56
4247
3549
2014
4040
1071
785
3039
2359
3655
4784
3232
4385
712
64
3106
654
4186
2802
4011
274
4982
1134
3260
690
3593
3329
1712
2909
1948
4111
4624
2573
4168
2845
3714
1557
3006
165
3836
4903
1300
3574
633
4341
396
4446
3239
959
2400
1033
1622
1308
3289
4004
4934
1186
4524
1984
593
722
2215
3161
47
4940
3807
4034
2152
298
980
3514
877
23
558
3242
2731
1436
1549
5053
744
2499
872
4978
2455
1392
1107
2502
4518
2319
724
447
4580
343
4574
4829
2040
3739
3495
1357
5069
4455
4442
611
357
1176
4445
4868
183
2635
1920
4486
2616
478
5002
2559
4582
217
3948
461
155
1337
1760
1718
4080
930
830
4272
1886
311
5054
4376
3532
259
122
4987
1491
1028
2388
3240
3200
679
1158
1247
3223
432
219
1422
4344
3779
2137
1923
526
1881
306
3315
1315
2038
1812
1761
4578
77
901
3058
1384
1500
1027
2759
838
2504
1965
4791
4901
479
4478
2917
1572
801
1826
1465
3813
4711
500
2863
2760
2339
1285
2444
1177
4194
4724
1890
758
1283
3459
254
1589
3576
3659
5049
4336
305
4826
2938
2275
4797
2766
3274
2526
1200
3022
338
3199
581
2062
1354
3880
4883
1888
2571
4755
4392
3864
4222
688
1576
2427
2283
4619
4623
3633
1925
1700
4448
80
3776
1492
267
4197
675
2019
4973
2228
1352
2778
4253
937
1819
621
1901
1830
244
1370
2796
1451
2956
3637
1427
93
210
5014
3605
3950
2920
5060
3541
3671
474
3087
4085
3749
2187
2570
1746
168
4579
2926
265
502
4647
855
1922
1409
4670
3957
2763
5059
1806
1063
2067
355
3259
348
4687
404
3090
4727
3104
572
1121
4792
4132
30
4467
2964
3405
4762
1043
4653
625
208
2363
4810
3658
4714
2500
1902
2950
948
1358
3379
349
418
2313
1740
3243
5013
4749
545
4725
2205
1319
1598
2881
2338
258
4553
2453
5028
742
918
153
4809
2392
1034
1753
1098
2629
4515
1097
1007
4650
3587
2829
2458
5024
2834
5034
2053
4327
1828
3588
2864
5030
4620
4662
3044
4461
3375
3283
1897
4148
1970
853
1173
1950
2333
3389
115
3100
4819
358
939
2858
1251
4184
2797
807
941
2820
4798
1464
1835
861
1030
2725
4068
4962
727
4720
2191
2442
3158
2607
974
75
179
2973
1490
4074
4571
1331
366
3176
4217
631
1369
652
4270
2140
4202
3213
3082
2521
3251
4977
2170
1075
4435
51
1735
1808
3566
1942
4866
1592
4581
3548
3111
4127
3114
257
1756
2770
3070
4273
2133
4707
3635
3754
4190
4373
2775
586
2879
510
3162
2049
4489
2661
364
3942
716
2534
145
4768
3728
858
1434
1628
1450
708
701
1201
1524
1432
2052
4358
726
1868
1969
1912
829
4751
4887
4959
3287
5052
4453
339
903
781
4082
661
4107
4559
1704
1005
3691
2692
4015
2266
2096
2545
828
4736
2733
2750
1269
4697
846
738
4434
4357
3956
3718
3367
2381
3457
4305
4229
1988
2679
4209
2525
2850
4093
4716
2520
1019
1957
3851
3062
582
3502
4735
3198
933
2875
1624
256
1170
3434
1686
2002
440
3575
3991
3207
2477
2538
923
2288
284
2512
3426
2537
3522
335
734
2355
4238
303
4782
3018
1815
1124
2385
2995
1527
3760
4441
2352
2066
5037
1880
3318
1983
2434
2058
3510
3641
2891
4748
4505
3724
2356
2735
4543
2961
3301
4922
584
3407
1929
4584
1675
3316
3730
370
3313
3333
3506
78
4032
2510
3517
3317
2552
3086
99
4583
5083
841
678
4953
24
4369
1781
2952
4321
3118
1164
768
3646
3214
52
3140
4856
1976
3747
3955
3734
2705
2575
4372
1167
3672
428
4763
1952
3620
4143
988
108
3525
657
2930
351
2963
873
3341
2468
2471
1798
2155
1884
4779
4864
1227
1415
3472
1531
285
359
5089
5020
865
1609
4370
1482
764
3735
2720
373
1000
1228
3487
332
4295
891
2042
1510
798
1478
4122
423
3115
3121
4342
1406
3551
1660
3726
847
3322
1293
3521
1503
2252
3201
4680
97
4251
1035
2
4540
960
3488
4496
456
1449
1018
4698
72
984
3796
1771
467
9
4309
5079
635
706
3202
971
4747
1551
3922
3908
4324
4061
3877
4134
594
4329
2531
5046
1439
4954
751
1820
4353
2139
1788
827
3098
2949
503
3761
54
3533
2593
1563
1896
3008
4956
4092
4510
4499
4154
811
5085
1818
2297
1178
1233
4389
3412
509
4405
4609
1029
3135
2748
4390
2013
2842
1249
4451
3581
1441
150
2568
2320
1130
3821
2981
1643
2460
2854
2034
913
3757
1212
982
570
2682
908
2473
4052
3834
1763
7
647
4185
3045
5011
2557
3147
2278
924
415
1995
4311
670
4289
1362
1238
548
2715
4939
2173
5025
2358
4458
11
1703
2710
402
2536
4095
1938
4244
1161
3399
249
4847
2335
1817
4166
480
3897
3913
1996
2883
3875
4629
4035
2362
4203
231
214
1273
2346
2361
2886
3886
278
3582
495
4788
177
3358
37
4504
958
3404
43
4110
4595
319
2332
3580
1865
1413
2494
4198
4931
3543
3365
2837
1811
3888
2303
117
1797
4919
607
246
3793
1350
1193
4516
4948
3715
4106
1722
1067
2146
3763
622
1650
3584
1998
1515
3595
4014
1584
1641
3902
2459
269
4869
1137
1919
2233
3661
1657
4523
1014
233
573
3164
4161
2366
2061
4023
2707
2943
823
4759
757
3364
2744
3326
4789
3417
4337
525
105
2231
1307
3914
3014
2441
342
3967
4346
3464
1682
2126
3131
3996
1117
2530
1398
3475
3357
3676
2412
4630
2128
3927
4739
806
3129
1982
5080
3874
2323
4654
5022
894
3539
2787
2295
845
1213
851
3271
493
684
4764
2322
1575
2868
3890
3590
3790
3171
4427
3145
2186
2168
3209
957
3636
2817
4692
3353
3822
4387
1468
1541
4394
3125
1048
4347
4994
1400
4882
4689
3545
477
1821
2519
1069
1020
1375
1654
435
3183
2955
4464
4386
4700
890
2443
4178
5067
2671
4838
1851
878
4482
2701
2542
834
1024
206
1306
792
3266
3024
3649
4242
2813
2143
4721
672
297
4599
3447
4648
1726
3907
4123
3524
3432
65
770
3829
222
1336
2611
120
2517
429
400
4770
3893
833
2851
3308
2614
1214
2608
3132
718
3689
2276
1057
471
666
4477
4393
5036
4715
1871
1277
1713
172
1241
3572
31
3113
2702
213
41
568
3554
4296
1433
1968
1954
2948
1840
4944
3537
543
3182
18
2946
3867
2213
3569
4731
1519
4109
5009
2878
4980
961
2808
1548
4330
3205
2709
3666
3063
2706
3047
1329
3253
230
2219
569
4585
1235
4421
1556
4911
2873
4871
1281
4870
4140
3103
2127
1383
1211
897
4007
3542
2017
294
4130
2641
1864
4460
4239
141
1843
3320
1663
2083
3839
2404
928
1914
1764
2198
379
2166
2192
4730
3748
268
81
3652
352
1546
551
3302
3440
4399
3894
242
1777
3954
3454
2683
1924
189
3999
66
3833
4407
1210
140
4841
2076
416
549
4794
4193
1013
3741
4892
2409
4777
2672
4275
1087
4891
1038
4971
1338
2293
4402
4706
5071
1585
2919
3023
2325
2793
4997
1120
659
3458
1105
3872
4641
57
3932
3540
4910
1456
250
1559
3805
989
3376
4147
3887
880
2326
3663
3419
2135
888
98
3413
2691
882
4591
5019
4285
2546
1705
3304
4542
516
4463
4626
4817
1945
3855
564
2221
4252
2769
1542
3612
552
2282
3806
2609
4660
1390
2428
4170
4406
4210
1040
1393
4100
3713
1088
1496
160
2072
1166
466
4867
2743
2826
1221
964
4101
2619
3504
4884
1638
1963
2248
634
4544
3469
1324
3564
3618
1972
528
3838
4573
1108
4976
3801
2584
1378
2795
3702
3334
4274
1743
1353
1081
3526
2776
3690
450
2667
3112
1004
3743
2843
1376
2734
4162
3347
4031
2937
1502
1152
3916
1348
154
1058
227
532
3134
2246
1317
334
1182
4006
1891
2758
2483
904
1498
4897
448
5078
3852
1174
2327
3116
2598
3699
2654
4160
2382
998
4245
1855
947
40
2737
388
786
4926
1093
2980
3119
3831
999
4663
3939
3738
2799
3427
4371
3559
3422
4379
3384
4614
4758
3998
4395
4531
4343
1355
3049
2119
1469
4495
4216
2467
2781
812
1898
4740
4220
4796
921
2318
2003
2301
2783
3830
2199
2482
3295
1555
27
854
747
4622
1887
4039
2945
1577
3015
3550
3638
53
3466
4568
220
2942
5081
2110
2560
5082
2015
2985
1440
3683
1720
2041
38
2121
3192
1026
2334
3848
3820
207
2432
4001
2767
1630
4414
4345
4610
4966
1316
4045
3470
1793
2913
4359
1497
4592
3265
2729
1218
2209
3057
1101
4475
3951
1687
2662
609
363
2601
4282
4597
2940
664
2189
832
1522
1265
2900
3994
199
3064
4657
1466
4175
4315
2848
4717
1044
143
1561
639
2470
3159
240
4693
4709
2688
2658
2464
3394
5005
1677
3438
4916
5077
3498
4995
1031
4219
895
1428
333
3339
4606
326
1050
2906
3571
3218
588
3803
4018
3746
4615
5045
2018
26
4845
2954
2849
337
4754
2239
1223
2474
1918
4949
1842
292
4415
2618
2931
4787
4189
2555
3325
5004
508
1488
4945
4904
1196
1320
4225
4469
2159
1989
202
234
1142
3936
496
4566
4103
245
2738
3212
4025
295
3536
3765
2420
142
761
82
567
3674
3920
1959
938
2122
1245
4091
3123
1360
4618
3010
3156
745
1471
1692
1335
86
702
4325
1125
1936
137
2389
3421
2393
2020
4003
3368
4214
1691
2664
4914
3435
2818
2932
3486
4625
3088
3180
4320
916
3819
3841
4412
5063
4117
705
4840
1947
3758
4152
4775
3826
3492
3431
1780
196
2548
1467
1981
3770
4513
605
4538
4690
1719
1944
475
325
74
2200
1351
2615
3319
3226
3547
276
4163
1587
1544
3610
1089
2280
2254
3210
963
3919
2195
616
1770
2144
680
992
2274
729
1854
4785
3802
2120
613
3449
5010
386
1710
3053
1690
4183
2549
3371
3360
3174
3799
1582
2373
2251
2660
1305
624
4757
1670
89
1977
1382
3033
1118
5033
1187
3042
113
3081
2024
763
899
995
1410
2028
717
4859
3157
677
3591
2196
4283
596
354
910
350
4413
1579
3639
3396
3354
2558
2935
4825
3771
2136
3700
1231
1426
638
756
21
4400
1054
949
216
816
3862
3705
4338
3222
4860
2677
2337
4236
3124
994
4037
766
3052
3925
1499
2224
3640
2693
3403
1738
985
4679
1127
3895
3153
4473
4313
1645
4972
225
3744
1560
109
2732
1733
2994
4237
4745
4920
4470
4604
1359
4807
603
1222
3493
3408
3891
2789
2742
1199
1553
34
4637
4020
68
2180
4967
623
4746
281
3903
4886
3719
4561
3630
107
773
1484
151
4256
3002
3393
1744
3480
1505
2999
1885
3004
4404
1795
2063
433
2836
4712
1312
4424
1113
4549
694
2060
2563
3424
754
3844
2569
3567
767
779
3012
4497
2603
3681
1368
3372
2928
4557
1160
2307
215
3428
3808
1875
263
3698
2476
3827
4490
4880
156
2097
3312
2756
3092
1272
4492
665
3720
896
2872
4398
3518
704
2916
377
1275
4474
1165
226
3005
597
1301
4459
4422
1477
2054
5018
2044
3291
2801
3056
4138
1334
4350
867
484
3268
1195
3709
4608
2010
4890
2479
986
898
1479
592
561
3534
3327
4418
1310
1006
2648
2447
4368
4851
4517
2086
4286
793
4191
2226
4054
1831
1724
1104
4889
372
3381
4881
3692
4208
1136
3410
1345
707
1520
3995
3425
4991
2456
2114
2241
3284
886
3868
1129
3599
3816
1836
2269
4223
4907
1372
3673
2602
1757
4833
4476
4156
4465
3474
3292
3973
1893
2728
2716
1889
2899
864
2752
3985
4823
481
4328
521
3858
2779
3186
721
1184
1649
2257
1363
1156
3603
4501
831
2202
2023
4428
4488
4999
4617
4968
629
3293
1326
1022
264
3905
606
1148
4795
4713
1225
2927
2947
856
1194
3055
2765
3544
4
2792
4322
1202
4729
3401
4456
2175
2941
3385
4633
2220
900
3430
4044
2613
417
1730
1669
983
844
1230
436
4250
102
1671
2079
1543
1340
4665
33
3075
4590
813
3885
2673
159
2451
4144
3513
312
4667
1461
978
1258
3046
546
2255
1736
544
1008
2284
4981
4607
2107
3160
2031
61
1311
4030
3179
2296
2503
815
3352
2892
3693
4261
4316
3177
1150
4533
1085
451
2556
3324
2680
4965
2312
3707
2773
4268
1204
125
3279
441
1309
1396
2565
4319
1571
2528
4822
55
4050
2403
874
3909
2130
966
1457
3126
4484
2912
4333
2647
4269
483
4632
3997
301
2440
1910
3596
4821
4462
517
681
2700
4927
1512
1915
4850
5044
192
4027
520
4065
1474
491
2465
2827
1481
486
972
1076
4433
241
4494
182
1755
2172
1935
2595
795
2398
4596
3188
1446
2902
610
4560
3878
2821
1397
4293
2242
144
967
4932
2030
4832
4603
4512
902
4696
2841
3563
2690
2589
83
2256
4905
2374
2450
2306
3439
4351
157
4036
822
1978
1009
4564
2762
3190
2791
2804
1708
341
4287
5008
2643
4676
4049
862
3947
3461
2838
919
2286
2343
397
662
3678
784
3051
3722
2103
4669
627
3792
3181
2240
3553
3750
1658
1270
1849
3881
3512
1016
1569
2182
328
1602
3031
2501
809
863
468
3038
2047
2670
2330
4652
1894
4012
3296
540
4752
1485
4408
577
2959
1873
2831
2446
385
3391
1916
1997
2624
2407
2236
3810
444
1401
4002
2082
3345
1550
4419
1459
4307
3786
1706
412
3465
1188
2978
3647
3824
169
2866
2846
4572
723
4450
1039
3151
2046
4605
2354
2898
3623
4990
4192
2730
3267
5066
2889
1232
3231
3628
3971
2695
2132
4155
1529
2905
1905
3586
3120
4430
1545
1367
4998
968
4196
1662
1323
931
4879
1073
2972
3036
3552
4302
808
1603
1011
2746
2414
1930
1207
3139
1373
1962
3531
669
620
604
4425
2830
4642
3311
204
3370
4961
2771
4457
5027
3423
2790
487
2697
4509
3083
1271
4391
3899
2105
859
376
