1191
352
10716
4321
9421
1242
7875
7844
2131
1963
8760
3583
9943
9780
8447
6003
10348
403
9205
5036
1149
6825
3397
855
3093
1152
1185
9005
8460
8270
5947
2749
10317
10711
6497
5068
4561
8490
440
9102
5006
10678
3964
4831
9860
10616
6190
91
6365
3962
3871
4378
10189
7860
8391
8056
5979
1431
6671
2821
5047
7107
7445
5298
10062
2073
1392
2278
10182
5486
6288
9314
3551
9474
6913
2293
4118
7365
6556
1441
40
170
9907
8306
9684
7510
1616
9896
10238
7463
2006
108
7368
7777
9904
1496
3834
4687
4190
10175
9302
6606
6209
2276
1467
5859
10
9507
5641
7069
9314
3270
5496
6593
8351
3878
4179
9765
6258
6705
5772
5492
8580
8824
2494
9893
7233
7116
4369
9797
5458
5497
4557
4791
5215
8454
2314
4306
2813
9199
7557
7089
9080
7127
754
3582
8868
1960
8262
8000
2071
3911
7968
1340
5154
1772
2486
6118
9745
3984
9642
7324
9663
10494
8605
8308
2296
4453
4798
4390
5494
3700
10765
2035
8147
6042
4582
10765
8947
2940
4355
6234
8150
8968
5681
52
9132
2651
4938
2925
9516
3994
6175
4425
3670
2563
4143
852
1112
1939
3760
6670
9836
479
1734
4407
8343
4385
7825
2124
9284
5026
8708
9381
7402
10523
10691
10550
6447
6924
6680
1146
1382
1165
1586
4735
3647
3523
6522
9851
9022
4570
9109
2513
4530
4878
9252
3458
942
2402
2385
9144
3956
8074
1704
3371
8060
6791
6126
3321
4000
2154
8651
1936
8133
1109
8190
2986
3110
742
9604
7371
10028
7568
9657
1690
169
126
4576
5444
6828
2779
6827
869
9974
5377
4273
4572
4648
2325
10074
2371
6887
8031
7721
8843
8222
3004
4089
4273
7272
5357
5188
6438
2428
5741
7455
7222
6928
1639
1349
8896
2801
9583
9926
3817
4714
2418
453
2388
1488
5419
9295
9472
4441
1538
3212
5720
6569
10450
9039
9098
6979
6637
4020
7641
6221
4089
2356
2705
1395
6587
3848
10162
6643
2811
7513
8722
6863
3905
5591
8753
9732
8321
1450
23
1408
2059
752
7340
5340
3612
1283
1602
7035
8514
4881
5031
4750
131
5831
4959
4983
4282
6294
4314
10274
9096
7838
6457
2783
6362
10412
9046
10566
8379
2539
95
7909
1084
3820
349
679
2231
8444
2409
3645
4444
6052
9210
131
8931
9536
8722
6860
8425
4944
194
8580
603
6919
3139
4049
4192
7610
5279
2034
7982
9492
10389
10170
4680
9588
8657
1156
4936
4428
4906
4655
2420
10511
9806
9290
702
9010
10420
2423
10000
7630
8273
10734
6732
5711
8701
3793
3503
5771
8421
2506
5268
9788
492
4211
5630
10617
9366
3627
3198
8470
6356
7266
8949
9819
7534
1567
1337
1417
7297
2972
5793
5125
4782
4131
6050
7736
8582
5152
10439
6363
5821
6504
7772
10216
1855
2933
10107
9430
4044
774
4778
4263
3101
5763
2702
10065
3171
685
586
719
3660
7863
301
3204
6516
10665
8933
7205
4368
1180
7586
9738
9524
1802
10568
8206
5020
10793
957
7597
1356
1195
553
6046
95
2517
1376
358
5279
4506
1729
5145
1458
6810
8320
1857
359
3918
445
5651
3041
369
10315
5670
8179
2234
1163
2445
2131
4584
8460
810
2170
237
8141
216
10183
8901
4271
6375
2414
8571
4925
4187
3054
6804
9990
2790
1432
1926
2359
2923
10437
3301
4695
2180
2513
7526
4494
3810
2116
6834
3979
1793
1416
4444
2962
2927
8559
3524
10501
1432
9355
6480
1394
10628
3198
612
7951
6837
5609
8890
6963
6201
8412
2127
4889
5674
10766
6038
9937
5311
9156
2761
3591
2693
10727
4154
8313
8650
2605
4296
1922
6664
1726
5788
8040
8834
10679
765
9629
8216
5385
2647
6823
9921
7875
2316
8706
5928
8221
6450
2140
7112
1281
8093
4087
8233
5203
777
2807
7669
9431
10721
2791
10230
10083
2369
7412
10305
2588
6719
5664
1862
4655
5468
5179
3270
7513
1897
10401
4136
5021
10089
2740
7099
10159
8218
4510
10390
3017
5259
1500
849
7484
10362
4807
1816
2937
9716
10348
5449
10030
9027
2779
7733
8716
4108
2405
9524
9091
3298
3903
3757
3681
7765
659
8813
2689
2278
8704
9368
1458
5030
7085
9875
9980
7136
6645
7799
7326
7382
9699
3128
4309
8874
9961
7562
5239
6035
4401
5659
9971
193
7971
699
8435
8190
1657
10349
2037
4022
4290
6005
9325
5782
9696
8563
5969
9374
6457
9276
4809
7995
2903
1181
5523
1416
10231
1592
2211
6761
10020
10037
7063
3022
7222
5867
4110
3935
9973
1216
7904
1365
2973
9595
3686
1350
9544
467
495
7945
9546
4279
2579
9607
9302
8289
7208
6671
9670
6434
3019
4608
5749
4385
7369
7546
10791
7461
9353
10205
8611
3653
1109
9886
1346
4593
2103
526
7955
4841
4672
7534
3612
6044
7216
3255
6393
2805
4701
5778
6217
2903
7419
2727
10429
6634
3310
9047
2350
4248
2475
1164
4809
10469
1894
7807
3547
6997
4595
146
55
9291
4390
9042
4261
3277
7201
738
771
445
7965
2117
8089
9648
1415
5633
5816
3028
533
6858
7046
2658
2108
5725
10762
5653
1418
10152
7027
5914
740
7059
2601
8478
1515
1493
573
843
4774
3162
6382
6155
5119
5192
9426
1685
8270
2748
1212
10231
8445
4012
293
7193
10498
2109
4182
8160
3487
296
143
7968
9122
4293
580
7382
7345
4921
7839
2330
9578
8389
7485
7433
8884
9095
3806
4975
4185
8820
8433
6003
5145
3402
5339
3271
1934
6436
3829
3766
2128
341
336
10622
1625
3169
10290
5408
6461
1364
2442
6879
0
319
5800
3175
3134
8832
6360
3778
3263
6704
10235
10264
10179
1210
4628
973
8344
3801
1660
6386
704
7578
8876
10023
6754
671
3519
2765
8326
6898
3355
6687
4297
3739
10093
1657
332
2357
4478
555
4495
8055
9386
9101
6718
9781
3428
5925
4281
2795
7745
2752
7606
2677
5621
10550
4292
10313
5878
357
1033
5403
6472
5062
5144
4142
1213
669
4301
2439
5480
7982
64
10134
7344
6204
1951
5758
8942
10775
7930
9360
5775
8940
7229
286
9908
5463
1966
1647
739
7822
781
1628
8765
2820
804
1890
922
8797
4151
6206
1998
5181
2217
9114
3410
9948
1237
2901
10613
2935
4969
4709
6788
6036
1931
10225
1268
10191
7242
5487
3408
4778
2165
154
3546
6220
3091
8023
3270
2363
3720
3247
3178
5675
3509
6210
7989
5608
3142
1850
8860
8348
2104
3647
7390
2764
4269
7575
4835
9419
6423
9862
10257
8780
1888
8283
3190
5711
9797
1365
7445
10164
8715
1417
10788
8127
10313
10801
4342
1476
5220
7118
8187
9786
5821
1397
6496
2270
3872
8324
9428
3891
5330
4864
4082
3790
2756
1369
152
8183
5710
5647
189
4606
598
8805
10265
1671
964
3506
5576
7612
5228
5595
1899
7391
8238
1006
3348
10412
2501
3448
9678
1872
6041
6933
8660
9777
4827
6167
9659
2588
3629
2920
4915
5519
10033
3354
2817
7033
4127
6157
698
4963
2990
437
8809
4660
5066
1355
9088
4521
6755
2792
9316
7499
1965
5039
5948
5200
9451
5179
8622
3496
8299
583
1967
9267
2085
7461
216
1418
764
5606
1681
789
5130
592
10315
5638
6116
965
7813
4615
5280
9409
4238
4084
6451
4765
9970
10415
3814
3987
6439
9443
5873
6508
1533
3803
7472
9360
9022
3155
6689
5028
3700
10423
5958
7137
9017
4813
7020
8418
411
10617
9884
7433
6949
10478
3631
10563
9679
5747
4994
10352
7202
6780
10268
1781
4466
1473
100
10416
9704
5162
568
3479
685
7680
6801
7451
2091
3868
884
3000
5931
5232
9510
1264
9720
2018
8188
6996
4907
9268
9055
676
9260
10138
8461
9977
6378
4716
3023
3435
8520
6449
5034
9419
4304
4893
8680
6735
9699
7671
5662
4697
2041
8403
6990
7507
5930
6570
2035
1726
1178
7329
1547
1746
8377
2669
5712
10627
985
7905
9084
5125
3383
6749
2846
1906
1955
613
7133
7196
8625
4812
1267
4810
10502
296
4581
1143
6501
8899
9042
6403
6705
7397
2065
5164
7445
2493
8075
2503
10395
7912
5557
8112
6662
2431
2352
4330
1441
7241
7947
2372
7250
6650
2084
8760
3737
6272
2570
3628
8906
409
1454
5392
4834
3521
1426
8532
4671
7486
9324
385
3721
4132
1170
6052
9670
10287
4256
6011
6847
1627
1731
3104
3187
6117
9651
538
7592
358
4828
7504
8075
1851
1167
2981
4621
3013
1165
4725
10543
2173
260
8004
5413
2070
1539
1529
2892
7931
7302
5117
10795
10794
1478
3748
760
266
6853
5096
6505
1014
4582
7629
4047
5156
9203
7996
7165
10231
10221
3474
1241
8570
9886
2725
5725
8291
7848
6359
10242
6836
4651
7640
1139
25
4067
705
2734
10060
1276
8657
5592
6520
9456
569
8225
1257
6986
1166
7480
5285
5649
10308
9390
1832
1069
9696
4646
1126
102
6989
295
6979
5874
6984
8468
6010
7427
327
1676
9968
3016
2596
7978
525
1203
6895
4910
5919
5917
1023
10338
6040
9630
8521
10302
4157
10095
4849
10336
8723
4945
3151
2700
7530
5961
5984
2573
3882
7714
5059
6608
6841
3492
6352
8978
8819
492
2118
7564
6389
4165
3456
10248
10237
5860
4938
3280
8493
7607
3804
5486
3516
6041
5811
2150
3456
9061
1171
694
708
9614
1317
6869
4597
7313
8582
4630
8873
2075
2642
4053
6916
1648
10243
4308
10275
6245
8640
479
6467
3572
5256
5162
10103
2104
10228
165
8584
3725
2588
5275
6883
3953
9539
7179
6026
4425
7979
8459
10550
318
3065
6640
8252
5618
1412
6929
6444
5362
9636
627
4293
10397
216
7874
1238
1985
2253
2070
8888
2121
1555
9007
1461
8696
2806
4228
102
4865
6228
2984
620
8044
364
8998
9699
10471
5198
2961
9144
9453
4894
9543
8705
4576
4430
8618
9490
7251
399
10327
10688
9302
7962
4116
1706
8724
4991
10556
3533
10733
613
9907
4222
253
4264
10329
1250
2824
10673
6957
5977
8476
8616
8007
2881
2502
5138
10172
2530
959
6318
7347
10067
151
4338
5541
4662
2790
6294
10529
7301
7642
5523
1200
8488
4553
3294
6655
8734
4772
3201
1806
2749
1460
8193
1955
5590
281
4307
5086
10054
10110
281
2747
10065
3266
7813
6173
1184
6715
1205
7273
4131
1502
1075
1113
1787
4822
5963
4362
1401
99
4685
6417
425
9381
9139
10202
4018
4832
10591
470
5341
3998
5358
2678
10596
1999
6128
4230
7735
4071
1387
431
10659
6265
8744
299
1972
994
8616
3034
3268
9162
10515
1497
2291
2047
7284
1833
1550
1252
10
354
6616
2947
6390
8778
2
7857
8394
9329
1178
7114
5776
6517
6639
8266
3623
6345
5429
4311
3173
10173
5639
8881
2743
8521
1226
108
5879
4732
10357
8770
5060
8698
2906
5880
2614
1649
551
6668
7192
6427
9907
2792
9857
6931
2568
7627
2819
7716
1250
3668
10432
7167
1346
3435
7061
8983
4710
2496
1431
810
9807
7825
3854
6760
8296
3506
6684
391
2007
4016
9768
5517
3800
8457
1865
8068
7935
6561
2770
4271
10469
5668
5607
5337
10006
3198
7656
5391
6832
212
4294
4210
3037
8718
9319
8504
9922
7835
3873
6522
1866
654
5539
3317
6901
10668
9161
5835
2443
2369
5134
916
7544
7518
7474
1021
7409
9888
9046
1445
10587
6629
5482
1384
666
5446
1251
951
8017
4690
8586
1018
10139
1535
9404
1215
10101
7851
4495
6966
3103
7715
10283
7737
4509
646
9183
6484
9161
5823
3264
1773
2088
2787
6419
2443
734
7346
5085
7889
1065
8513
9698
4602
5442
3068
3652
4885
5880
3677
10104
4072
4611
4513
4711
10751
9484
1932
8325
2226
6022
7428
7285
1211
2534
8759
904
3557
918
8407
2788
410
7735
3592
2073
8692
6016
1580
10158
9471
2061
3169
3225
4015
4444
10759
5732
462
9986
795
5991
5778
7412
1688
8706
5494
7609
10271
4514
6090
5848
3768
8966
7697
9178
2319
10080
2049
2032
4641
3520
7366
