8393
3427
1738
1705
10203
8636
7216
7087
8292
3276
3983
1493
336
1925
5253
4852
8406
2281
9299
4040
3273
2903
8993
7744
9660
7405
10707
1644
6283
8299
228
9195
4062
957
8889
6256
7987
1082
31
10466
5787
18
6781
6362
1684
6542
1339
205
5664
1787
3226
1169
5626
10619
10113
797
821
7361
441
2712
2676
497
4638
10270
4720
6400
2181
7069
5701
2505
904
1467
5438
1595
9860
3958
2963
6946
3072
10435
5270
7351
7816
5360
8911
9160
5739
2305
2296
4864
7914
4181
2931
5542
4380
4695
6635
478
5766
1962
8762
4931
5226
4436
3700
2451
737
10640
6381
8334
2696
6911
7470
9565
5746
7626
655
2764
5154
3173
420
844
5079
4340
6426
9043
8911
3523
10699
3019
9450
2083
10780
3956
3919
3417
4164
472
6201
1516
529
8351
1776
1790
2567
4229
5920
1375
3788
9276
310
5860
4749
6289
3465
8075
3617
2311
4631
5404
9975
4468
5498
3745
982
8950
3645
2564
501
6448
540
3595
9019
938
2021
607
3182
7720
3563
5115
5766
6347
7921
10186
4325
4803
5812
10113
10503
3376
5384
7774
3679
1391
7400
3772
6022
4982
6444
1641
8740
2948
314
4093
4434
9329
10243
4042
3870
9502
10366
7170
111
6832
10134
5064
9805
8069
6731
2348
6608
9285
2039
5513
5842
6357
8805
8117
2492
5408
3595
9037
3432
621
10691
971
3844
4910
3738
10142
6290
2429
8058
5099
7115
9032
9222
2315
10068
1755
7884
6720
5629
2026
6814
6274
5089
10267
8473
5350
10573
8428
5027
7117
2006
7463
920
4079
4883
8878
10800
3564
4941
6722
7170
6187
8557
5459
901
9278
680
9017
5680
7856
9760
6732
7680
10250
2748
5051
5170
8515
2792
5863
7542
6745
8657
9051
10446
7646
1819
848
722
2427
310
1484
7197
965
10340
1844
1301
6241
7788
9425
7787
3210
29
7628
4163
5450
10374
3925
2758
5847
4675
3581
10488
5642
3899
1352
1235
1418
8890
4198
7291
9352
435
4158
3866
10410
5098
2846
7165
1077
6785
1417
6679
9688
10537
9667
8102
10451
1549
589
2353
598
6870
1542
7596
9103
982
2985
10549
9919
10320
9798
1399
179
780
5557
1101
1758
6860
8089
7892
3619
9592
5425
9364
73
2609
6754
4448
4007
10406
4055
5877
7060
8761
6835
518
4069
3085
9397
9199
9620
4153
10771
9899
6948
6300
4615
8899
10444
1987
7476
10461
10133
1236
5028
6279
4602
7927
1996
9342
2264
9307
744
8140
1873
2836
7307
6149
3962
1657
6941
2458
1639
824
4376
7458
4712
6822
9703
7582
4062
3612
2960
4835
4778
2100
996
2625
2680
721
3030
6736
10345
4250
7938
6609
212
2634
6039
7947
5916
7475
8528
3170
2182
4164
1594
9129
467
746
6104
445
3165
7640
4806
9863
4747
10610
5158
158
9461
4534
5145
4008
4932
6090
861
7458
9575
3784
3784
5713
1133
9176
9664
5211
4336
9241
2113
3188
10103
4685
4766
7333
10514
4812
621
5947
802
5719
5291
3455
1151
7013
654
917
6108
4348
5131
8645
75
9656
7876
4697
8146
5843
3874
8950
6333
9291
7996
4699
8357
5163
1425
8230
8307
2131
2897
40
4837
6682
4664
8091
7169
5812
49
10585
2275
1029
10009
9103
4865
9126
847
6493
6477
8618
10591
10692
1438
10346
2694
7147
8362
5773
9626
8649
6866
2903
8230
6900
9677
1823
1496
7856
6580
6278
8878
10152
2881
2546
4135
3261
3937
5873
4705
4888
3686
3853
7039
4319
5628
2662
10528
2489
6001
6227
2821
9529
6322
2381
217
3410
6558
7806
4339
2166
2419
5393
7942
209
2646
6313
5590
2043
5639
461
9775
9040
4974
9123
6443
9133
2899
8581
3188
3416
4382
2899
10248
1597
5200
692
3653
3141
6707
3249
9206
651
9797
9330
6104
1422
9364
947
2987
3294
6513
2778
150
10200
4336
4457
5258
1397
7119
6297
1601
562
1454
2882
10505
4655
7818
10455
9083
4881
5455
2317
6462
8989
529
1346
6328
9278
5078
150
1573
7150
1577
3313
1789
6023
192
6294
2434
1816
8107
7747
4413
9143
9829
995
3241
10240
9768
10675
2806
5887
6423
5828
2280
10654
4871
5735
4379
7906
3640
7247
7938
5829
1601
3949
1787
3015
8509
1313
9217
10306
8810
3889
9984
4899
6450
891
3460
6395
4912
810
3249
9790
5912
4961
6049
10740
170
3247
7262
6579
8807
8786
2481
7339
5593
10100
6798
3863
1479
5361
2399
8886
4666
7603
7564
10023
7073
4905
4091
4816
9170
5791
225
6328
4148
1998
7504
9471
7461
10304
2276
7528
6792
6579
1898
9683
1846
5336
2115
10606
3827
3416
5363
6996
7463
6994
1107
6874
7021
1485
6820
5988
3756
3745
4029
8232
2366
6921
864
6031
6038
1168
3780
523
1947
10760
2133
7559
9483
7277
116
7968
6357
2513
6256
8219
7665
5290
6531
8612
7409
3242
5114
5405
1488
9994
1335
4564
6838
5947
841
5183
3162
5221
9457
5521
1411
8352
6002
7276
9422
9981
647
6657
3988
8880
4535
2253
9000
4115
5562
5853
2329
2107
1540
1151
5935
218
9259
4249
9777
1295
7893
7430
2890
3247
7652
1258
9365
1927
1455
3903
3843
3829
5301
3319
7719
10404
4015
6359
3278
6054
1264
3421
8871
1638
79
1063
7326
684
130
6065
6838
1576
5915
10504
10205
3481
4257
2798
7354
7669
9887
10730
8955
7878
7527
7961
2088
6332
1346
6932
4330
2568
7487
8473
78
4208
4217
2501
9254
6640
9100
6925
10053
10026
7213
9854
8625
8723
5210
3805
6500
4629
10389
8555
5313
4253
5804
708
5209
2038
4304
7940
4402
3219
4644
9182
2739
3468
3985
4722
7457
5263
8358
2037
480
7322
6732
5798
11
1982
5529
10482
8478
7058
2653
1128
1259
3280
10681
10065
9643
8737
9029
1967
385
897
5497
6761
2199
5730
1330
3896
7957
36
7958
3787
8255
9292
8215
921
4187
6700
3895
5355
6642
10725
2862
5019
9265
9816
7454
3445
1611
7071
9729
8918
7943
3973
8488
4356
900
927
1344
3150
1876
8492
940
1923
7989
3485
712
6630
2748
10296
4360
313
9215
4538
2748
5399
3927
6475
1108
7441
9352
4943
3691
8892
7160
9785
1213
10315
9637
2198
7624
6498
5156
7501
2959
7252
6264
881
7943
7551
9955
9045
530
158
5195
1531
8124
6583
8351
8285
7563
5909
8411
592
3566
2887
10472
1806
3808
5974
5370
4281
1654
3945
3095
7942
4347
3354
3796
10405
3161
154
9494
7893
2587
5246
2109
1131
5175
1963
2670
5474
8009
1228
9972
4509
8290
6530
1285
10327
8570
10462
8396
1508
8152
5802
2766
9651
7588
9526
3923
7507
3007
114
10617
560
1691
5093
9793
8863
1653
6062
8709
9977
2124
10255
3510
5420
10410
7128
6705
3984
2356
1956
1023
3561
10565
7986
2865
9157
3462
6039
1388
3080
4314
1973
5935
2037
9400
6484
6788
8457
1339
66
4802
885
10187
3384
1159
4372
5487
7678
10300
591
5244
1628
7155
8139
1914
5921
8058
1462
7599
6197
1717
4882
6786
4510
1143
7538
3090
1371
10788
760
4548
3119
10617
10277
7573
10785
5392
2935
1867
5513
5669
4523
6264
9739
6753
9318
5223
9858
3219
9939
9735
6037
10579
7051
6149
3621
1360
1444
5770
1891
6050
4097
9265
3066
5720
2010
7895
8193
5229
4673
2764
5142
3772
6341
845
7720
3481
1175
9720
4736
1163
10248
9528
8113
8732
10416
8200
2011
9909
7720
5997
121
2651
4741
2613
3548
10475
5518
1185
6717
4753
9434
9422
10289
7948
6525
10779
5074
3414
750
2199
2044
6969
10107
1924
6141
5651
5354
6594
8700
5883
8624
5210
4297
2852
8166
5816
1854
7272
9205
5973
8679
2407
5038
1680
1859
616
9698
2460
7236
4227
2242
2485
4118
8482
4625
5537
9985
8251
2200
4133
5522
8329
2435
2038
2581
1232
2766
9086
10311
10185
1341
8813
7352
3037
4601
251
2004
6290
2424
1709
4949
10678
7022
9369
317
8794
5299
2214
2109
708
9372
1325
1115
34
3123
9744
8352
8160
5922
230
5610
7837
10044
1759
6903
5338
1697
9013
7929
1740
7255
2189
7351
5851
3749
4929
8413
8705
8398
8424
6117
281
9593
8466
1551
8414
2521
9244
4547
75
1784
5004
263
1181
9538
5554
3920
9853
4739
4694
10589
10047
9450
7542
1357
4007
9465
9352
6245
2484
10725
1755
7504
3111
945
2341
4270
3242
3315
7
7972
8873
8070
10773
4173
7642
4280
7889
6630
5448
7761
951
4894
1118
4475
1647
5236
6283
4837
6432
4458
1081
6814
9204
9183
7487
5567
9755
7894
2729
10512
9685
8635
1057
5509
4614
1898
10721
10694
5610
2432
3936
8187
9303
1960
1896
9556
7782
5912
7799
4394
9659
1675
8457
1812
9685
5929
7251
7205
8343
2102
816
4575
9979
8090
3335
876
3933
3557
6102
3037
9314
7275
8565
3064
7977
4027
4381
1185
1190
9207
9414
10077
7607
9030
3776
6224
6856
6582
814
8370
6138
4245
244
9881
8061
6740
10615
8330
5284
8825
4826
3373
5478
6711
9185
1903
3822
9838
8723
1394
6919
1190
6319
5579
9035
2059
10776
9233
10498
5009
2414
1612
1136
8276
348
1469
8952
185
3330
9008
10796
8975
8967
4440
1193
643
5738
2273
7224
9474
6990
5363
1466
9531
6288
9875
8526
5121
7763
797
4648
641
6858
8625
709
7688
1134
8440
6486
2635
7591
8239
10574
7836
6466
4297
654
6824
7585
8729
646
3296
5872
8408
4427
5480
6191
8478
9238
2125
10460
2745
7527
7690
6505
8446
8191
3141
8774
7674
5324
2331
7383
4112
7356
3475
2263
1207
4306
3898
9592
6091
3277
6989
4311
7758
10691
9581
8107
10581
2587
1961
6940
8741
7167
10086
4597
10550
3932
9778
222
1868
237
1729
2568
668
5504
6408
2197
5631
4974
5397
515
7567
10368
10117
6985
9340
10285
3742
3204
889
4974
6713
5403
9128
1598
6389
4892
6587
6784
8989
7344
6341
3116
2857
1585
8710
8664
2960
6939
7248
3201
6410
9751
8691
4840
4953
4123
9232
2115
5760
5530
9729
8674
9838
7153
7400
5340
2671
7687
10380
5046
9868
137
6835
8889
8525
992
9346
1003
5357
14
6092
4817
3468
782
8227
1791
7099
5513
6244
1889
3780
5210
1567
5427
7753
2302
9561
5995
332
7512
566
767
8228
5404
545
4163
4227
6682
10367
2340
5136
7672
5799
8947
10298
627
8112
8911
7822
9791
5091
5667
2837
479
4787
8576
5319
6239
2806
9837
9141
9695
5542
8812
9422
8778
10444
7847
6775
2022
2161
6044
3346
379
447
9956
9815
9864
7246
4922
3749
4417
10202
10650
1918
2308
2647
10112
8431
3054
7508
4864
3215
5711
8188
6446
651
9410
3398
9386
5289
7661
9171
8016
7172
9381
4843
8065
6600
8070
3902
8948
5937
5647
1704
1340
8518
6891
1112
5334
6303
7855
9072
6755
8016
10527
2717
9274
5477
6551
9180
5176
9868
5202
6703
6312
9237
423
1182
9577
8388
5298
8786
3389
10791
8171
5973
4053
7594
3953
3507
5923
6782
9698
1908
5389
578
8969
5518
5519
3632
2325
4322
4889
836
8329
9125
8362
6548
286
1362
10453
479
10509
6887
9797
10162
10283
1764
7697
9097
10048
8215
7144
2196
10290
8043
6470
4224
9607
1732
3438
10147
10342
5559
4934
1285
8636
4218
6946
8518
5344
7259
5078
5666
7462
9859
866
7804
232
1081
1152
7996
10216
6602
2246
2197
6513
820
1341
7499
9750
3472
6545
5176
3078
5077
4500
7755
6228
10764
9578
1900
4060
9774
6397
667
1215
1852
8853
2009
4369
4295
4687
5439
9758
7129
1583
692
3996
3021
6933
150
3577
2869
8561
6413
6367
6166
10567
1922
8316
3785
3128
10795
3616
4009
9528
1129
759
4151
8508
7211
8827
7222
2990
1678
3058
5727
3357
5214
7238
5434
7193
9621
1425
4734
325
4947
10332
4936
6538
4855
5639
10136
8312
9542
174
3027
1538
1885
7534
5440
3798
1706
4136
6646
2623
10212
4347
