10541
1127
3758
3545
7634
6279
719
2422
7763
3548
7895
1413
4612
7610
6266
6344
2241
9693
628
4168
3705
1980
9509
6534
3457
9758
6085
4742
373
4572
5244
1557
4193
143
9736
3772
2989
1401
8
4613
5784
994
6704
7091
4065
1646
7168
7505
3769
2080
2648
1470
6805
3752
3942
9093
5225
3372
1079
3956
6614
5183
760
7184
10041
6680
3358
5248
7851
2010
782
7551
8348
3340
573
2296
3108
1488
6084
3200
5862
9506
6388
5402
534
9802
9505
3634
10378
8240
6953
3897
1996
2037
3845
2720
7523
6410
8543
7119
8477
9256
220
7108
3552
10626
4007
5763
4844
3843
9502
8538
1464
2773
10674
5579
8497
279
102
6350
3950
4887
8210
6557
2623
1645
5831
746
10541
7827
4441
441
8676
5688
7890
1981
9654
9848
1862
8701
7309
7148
3348
6749
579
3687
1690
6018
2957
552
9097
4227
2814
9023
10720
8778
2336
10705
9720
834
463
10749
5548
342
7105
260
6364
3978
9336
6865
8313
1617
6784
10614
4498
6332
4758
11
3765
2130
10431
5543
4574
5209
16
1136
1331
833
6877
8998
3924
5236
8858
4788
5048
1163
5140
4080
8638
5440
4777
8125
2725
10642
937
5206
5555
1353
6473
10324
9475
10006
160
2308
6023
4024
10055
9897
7876
9760
5333
2081
1962
5970
7133
10323
9319
10443
10675
2946
4424
10701
9313
284
131
8409
3490
7555
8494
10305
6981
7774
6066
3153
5742
10437
8991
7330
2139
8898
9000
7039
1113
10094
1403
2623
7378
5599
1801
9063
7288
8408
6907
6795
7437
7094
4108
4400
6337
4661
6147
6219
4250
6873
3673
508
5184
3970
7865
692
8738
2678
10720
1367
2907
433
3019
10039
9583
245
9893
6965
7586
8419
9977
3615
223
8352
7412
2532
7003
2068
10088
5807
8189
9275
8656
5511
8541
8256
5622
438
9832
6000
1586
1337
6304
9490
6655
2499
4372
6928
7379
3175
3450
10081
351
6045
9244
3595
1357
8120
8254
7956
10139
6678
10633
3807
7703
5791
1346
6055
8043
7601
10313
2664
5454
10398
1775
10095
436
3083
10107
419
4728
5953
10736
2221
4411
7076
7609
9025
382
4371
1227
4032
2805
4155
7413
7306
10569
4827
2284
10454
834
7455
311
7139
10283
1083
1961
8470
10762
5078
8203
1925
3433
10623
8626
2677
2510
6795
6964
6158
169
8882
8749
5101
531
10432
9946
7613
4745
8179
3220
6237
1449
10294
7566
5443
5557
8743
10306
7162
4631
8389
10448
146
4882
2384
1962
50
1636
6018
8537
5990
2350
4792
6619
9916
3452
6068
8791
3942
3064
9873
1799
1097
3407
3074
3868
5810
7347
9031
268
5116
398
3675
4423
7676
9269
5853
3741
821
10537
5148
9871
9887
8432
8521
8349
5731
2298
6261
7986
2244
8233
5515
6176
10456
3188
5570
9966
3971
7482
1075
616
3666
8888
3515
1745
1150
6187
9854
9084
7618
4592
3386
1873
9648
8819
4042
3048
1833
8666
10145
2272
9711
7824
10533
8361
5052
7462
1485
5791
8322
3610
9459
410
9365
1847
6993
5465
5560
5610
4006
4861
8702
5850
4585
4557
7729
9810
2248
6825
4718
6331
3654
6833
4359
2360
3146
9840
6577
4133
8291
4369
6299
9472
9621
9580
2837
8853
2269
2086
8096
10271
16
2039
9976
3667
5708
4431
2949
7949
7856
1234
6782
1167
10640
5627
5948
4424
3436
7148
9051
7165
2584
7857
7372
1986
3109
6532
5551
4214
6819
1085
4666
5470
7496
4294
4585
9525
544
7328
2221
1444
1207
6558
5216
5862
8207
231
1408
5370
1001
1721
4739
7930
4823
4898
5394
10024
3603
375
1541
7138
4281
8203
3913
1109
3587
8908
685
1091
604
6560
351
2699
7461
706
1585
6666
9675
1218
5423
10413
1325
8351
5679
705
5330
7648
259
7836
2242
3116
8179
8185
9599
6952
3342
4939
5389
1519
6066
10162
1545
4410
2727
957
1308
1342
5588
6061
1480
8184
1186
4866
3929
1668
3662
9981
9601
7192
6893
4509
6672
9949
7896
3045
5988
2492
5872
760
4843
9139
5827
4249
80
3734
2306
3861
4907
2209
8926
7495
1854
10702
6889
6293
949
1876
3037
2917
4462
2125
5222
5333
2977
6878
2823
9762
6984
5281
8369
2850
541
5882
4451
8805
6925
8719
3643
7542
6149
5785
2398
4178
7819
8943
828
1091
1379
10383
4712
5780
10627
2546
9187
10313
5979
1985
3883
6004
1844
3943
1810
7318
7922
4119
3262
10651
4701
1538
8357
7572
8655
9752
9834
3456
8235
5748
1183
2157
8359
7116
2523
8084
5151
10404
3359
6515
9627
6902
4327
5014
3226
666
10070
588
1471
2720
7262
3603
4007
1073
6639
1691
6722
8479
8885
7407
5576
9761
8164
9559
4058
6901
6407
785
5759
5730
9058
10379
2639
800
5160
8438
4626
5206
9297
686
6883
1426
6501
9062
3454
7916
9089
6913
942
7533
2450
488
10111
6007
4036
8129
2413
7057
821
5464
7957
9637
2226
6114
1912
5467
7142
9505
4892
1289
1486
10783
4537
4944
363
7262
3089
9060
1223
7605
1214
8537
2677
3949
6643
1751
3735
3120
74
33
8818
10608
5927
9201
2533
9234
5177
2313
10144
894
2617
6960
3712
9490
9521
459
460
6420
3150
4915
7995
3410
4185
9552
17
4357
5267
8566
3250
9875
1535
584
8031
3024
3304
7456
3130
5781
8252
7832
3986
8773
9700
8723
9071
3826
5894
5937
8148
3409
6724
7190
7366
780
10751
6372
5948
5856
9081
9220
696
2400
5462
7637
1991
2958
2302
1414
3760
713
3281
2343
1288
10708
2010
3783
4348
609
10537
5715
1687
6701
3298
8474
7621
1482
2300
1376
3830
4274
7229
2851
10641
8684
10462
8544
10602
6941
10328
9295
3818
6979
2460
7127
8468
6478
10540
4552
8996
1976
9989
203
5478
8613
9580
1396
7354
5462
3110
5535
6597
10063
6220
5342
7263
3640
3886
5321
9567
10144
3726
7995
2254
5246
1990
7059
10147
8672
4588
3256
127
2998
5088
3341
5163
2800
1873
8986
10685
8608
3025
859
3986
2783
5096
3340
7181
2391
10751
1417
5395
3735
8975
6516
1631
7126
5777
3550
510
628
10515
2214
10703
4826
1311
1310
1296
8434
8059
2808
79
1957
8568
1855
10253
4598
2235
3351
7187
936
7725
9224
10268
9892
4024
5556
5729
3288
7999
7396
2395
562
2069
6680
7434
6213
3181
3773
8821
7454
2747
5568
7608
10633
4399
5523
4487
3822
3358
2436
10434
8170
10467
5338
2550
7992
2975
9990
2237
9764
7622
6910
5634
3605
3611
8551
6945
8956
3228
9070
3968
424
8437
4745
311
7481
7978
2614
3753
9104
6410
209
5744
7449
3738
5928
9896
7345
4103
1182
2250
1541
619
10599
9568
5040
8694
9713
519
2534
7333
3722
2993
6842
5648
3764
2257
5421
1570
52
370
8721
10257
9672
1043
606
5136
3289
2415
6103
973
7601
10305
899
529
8097
4262
2038
1223
8929
370
9201
2008
8870
4935
7565
1013
1067
7709
9407
1257
4355
7820
551
9838
8512
4842
6378
942
2018
8432
8780
1652
1323
3086
1612
9121
6302
10754
10524
3646
9504
10429
28
6263
2065
7661
5540
1648
3106
7053
6798
10422
6000
10240
376
3168
9249
1013
4000
6313
9760
8511
7888
124
7482
1070
9372
8788
6098
7791
4043
4165
3347
3403
2888
6780
612
9701
8511
1223
2423
3533
7891
8960
6117
6122
4139
3829
972
2070
5052
4746
3509
9427
927
1917
765
3123
3971
4389
8998
4977
571
5483
8505
9387
5246
240
7904
9817
2541
6346
348
3574
7504
10512
4811
10566
1450
4014
2040
9887
10773
9994
5679
8803
1432
9914
2135
5720
574
8181
502
2919
476
4933
7111
9302
6211
8336
353
4831
3635
4712
7101
4841
10230
8040
8264
10729
5329
9997
3157
3820
2333
472
6655
6053
2807
6682
1639
3818
3539
6926
7572
9513
6713
30
1318
1551
1878
5015
5922
7017
8927
5455
5958
6417
5299
4140
1166
3915
5532
4935
5554
2762
7719
3774
7803
2239
1702
2607
5794
8919
3981
3469
2504
10082
3987
2588
3421
3418
9485
3394
6632
697
1833
10564
6867
4264
186
7105
7042
5340
9656
1920
2414
3557
871
8822
4984
10471
7530
502
5926
10018
9890
2269
5918
5760
4272
9727
6664
2121
4618
4065
4132
2310
4722
1715
9418
8136
9391
3876
7218
10527
1778
7578
9488
10536
197
5600
5511
6756
2263
509
7765
9110
10502
8209
3367
3755
10224
8567
3730
2442
794
588
1692
7629
3551
10191
5371
3058
8330
4174
5291
1330
4273
6543
6236
1080
8501
9163
1412
9618
6582
6697
78
4298
5349
1899
1108
4967
3711
8724
3138
8465
7636
4982
4326
6849
1941
5674
4855
4083
6281
3229
5334
6445
8663
1048
1594
8238
3413
4588
6323
6061
1235
10670
3058
10109
5989
10530
9028
8681
5456
888
6240
2878
7952
8207
9853
6488
525
5934
7373
9117
4537
8466
1398
1988
1778
5954
4372
1895
6881
3880
9087
8391
10269
939
7453
9379
1374
7989
7696
5030
1629
8715
3457
3082
4399
5708
6778
557
6074
5744
4134
3637
6538
7394
6456
7421
1619
7790
4933
5445
7060
5143
4932
10705
2752
4783
3785
7970
5321
2729
1133
6517
8961
3185
922
8563
9451
1474
9383
1100
8083
6226
6423
3001
3433
5835
7404
2297
6229
5341
8234
7973
978
6890
142
4740
4892
3746
8722
10618
4825
7907
6832
881
8826
4000
9603
2674
1805
660
1113
5473
7826
918
5049
9075
6519
1086
7208
1597
9357
9640
7517
8198
5145
9571
10568
5383
7874
4566
6575
8610
1997
2668
2539
9811
9576
3606
4641
10478
7652
8463
8525
3205
3100
1443
8563
7515
3221
3635
3155
343
8249
2105
9650
8283
6000
298
10019
1180
10368
4995
720
9586
8270
948
6175
7429
5751
4055
4202
2648
1617
5338
3199
1447
5353
8900
8522
10522
10538
1308
9298
6018
166
940
7597
1177
1972
205
10472
10577
3349
2076
9468
8782
8227
2298
9325
5234
1525
9266
10615
3543
7721
4378
680
9839
10248
9492
195
1995
3808
1750
952
9392
9076
2760
2442
1871
3984
9326
10702
6600
4269
4507
7385
2286
9994
9945
2907
8101
7634
3064
1848
7962
364
5593
4675
6586
4254
2784
5004
3600
7072
1200
8312
5305
2381
9891
5477
7023
8540
9777
1324
6299
8507
5179
1485
2346
10691
3879
3113
5747
1402
3000
3828
6064
5186
6176
5023
2115
8488
6477
4557
9872
4848
4849
3907
5177
1243
9817
1524
2879
6699
2717
2359
2578
5142
8843
5353
1761
3876
747
10038
6588
6665
2690
7930
10591
4120
10755
4330
4436
1638
3419
496
5160
3868
5911
1204
2273
10344
8907
5312
6576
3592
6174
9264
5328
6743
5291
7803
3130
3087
3913
5890
2005
6668
451
7219
6685
4421
2970
1661
1226
7992
1054
6538
7284
6816
9243
3372
3541
7101
2124
343
5843
4279
3205
7842
224
739
3662
5125
5685
7830
6652
4164
1491
4260
8227
3332
6065
725
1489
4625
1348
2826
1089
1867
1570
6821
8151
3167
7161
6295
6898
4438
9628
5342
28
6517
1396
3177
3867
5334
6498
8648
9711
4842
6046
5256
6443
3929
5799
7037
8144
3615
8078
9987
1873
4150
1905
1102
1624
1652
2409
10211
2081
3917
7608
7565
4592
4043
10001
8607
3984
2981
9203
5615
2628
1909
867
4222
9731
4398
8558
4613
7075
3764
8908
1836
7892
4944
9855
4260
6632
4799
6302
1136
6831
7367
8336
4874
2276
10473
3521
9405
2906
6153
9671
9475
9338
4429
4937
2659
968
2042
10519
1107
578
6506
7092
1664
4090
209
4414
2337
7837
9155
9247
10445
185
1694
1427
2327
7023
4011
1168
274
6192
3273
8874
7748
8595
495
2755
10007
5965
5230
5615
9597
6803
9345
5752
7669
5423
8667
3845
10728
4498
6790
1060
2513
10797
9025
3390
4074
10722
2075
399
6513
9529
6886
663
7532
6834
1783
6815
1112
8379
2462
5199
10279
3770
961
7351
9278
4934
4906
9612
10770
125
1694
8205
4060
5203
