10150
5891
8929
9051
9404
5706
1069
4328
4292
10445
311
8949
5168
6078
7871
7080
4849
6948
2117
2471
8875
6778
2166
10194
4962
1292
3045
3499
93
6934
8436
8874
10725
1462
1160
9411
10271
7070
9200
3763
5752
3560
6562
93
4320
281
5816
6458
9347
7021
8051
1254
5983
6656
10721
7186
2456
1642
10309
2793
6095
1924
4276
6243
10698
7693
3694
7250
3683
5909
7686
7696
438
121
880
9193
2827
3164
2985
1904
9093
4122
4154
5993
10137
6675
2310
9569
2935
4152
8207
1928
8799
1249
3529
8279
5159
9624
8505
10176
363
3168
7886
6111
3136
2943
6387
6267
10146
6809
7669
9427
2866
514
1020
8647
3539
9145
6766
6619
8711
8788
6846
2821
2120
4088
6468
215
6665
3201
3694
10104
7347
1283
9508
656
8972
1642
7249
8998
2203
5614
10259
7732
2583
8956
6811
1976
986
4518
2382
1803
4873
7532
5777
817
4212
3849
3300
2860
8519
2166
1936
10003
3525
2372
4464
10084
7930
2478
7016
6096
2486
994
2702
10169
10648
7750
968
4130
5127
10591
1819
4936
8505
5043
10329
2109
4944
3923
3758
7104
4934
8857
5013
3322
1213
2932
8524
432
5326
8096
7837
9426
8817
3212
10542
8941
7662
3591
10226
5654
1758
4766
474
1145
4045
3434
8461
5685
5128
9794
8445
6542
2150
10342
10572
4552
8240
3908
3430
3726
10252
10151
2615
1401
3704
10053
4096
222
5928
7982
2159
3686
7768
1583
7475
7905
4233
245
9910
4366
8100
8806
3955
4856
801
6322
6323
8995
6042
5704
2610
9010
2991
9687
10404
4642
1865
5251
2687
8279
9198
8439
4355
4853
6030
7173
6103
705
5932
849
1692
2223
7627
2281
61
9697
7229
7553
952
10718
5150
5340
9232
5047
6853
4085
6342
10735
5424
3724
1344
1170
1556
2323
399
10603
6702
5108
9445
5921
9530
7711
4423
3847
411
4696
10318
8848
7056
5734
2750
6573
7560
9592
7862
9752
10268
8321
2788
8329
540
8436
2016
1315
6948
4060
3881
101
7796
10015
5427
5417
6208
4856
6519
1226
4242
4556
5355
3981
4069
3693
8048
4585
5618
10549
8920
4787
6399
2304
1596
4942
6247
290
9686
6186
5627
9902
10596
3693
3720
7594
4931
6948
9051
2853
5807
7232
5564
3126
8976
228
2295
10209
4702
9653
8068
1013
6846
8709
5720
9512
2852
6487
8147
2113
85
9304
5781
6011
2535
9662
618
4854
5510
4809
5129
9940
2401
9490
7011
2213
6901
228
4335
7919
5592
2574
2547
4127
10402
9216
9977
3890
3285
992
4253
7635
5059
878
3711
559
8755
8990
1556
2459
3566
745
1672
3754
4892
9647
8436
8662
276
2573
845
4225
5374
3903
7047
8741
5262
681
103
4249
4415
7173
5704
9930
2778
5274
3109
10664
9591
7841
1750
3422
4512
8918
2853
4534
4949
391
7909
6630
4583
4720
8601
1092
4686
1685
2711
9759
5509
2299
7266
505
6704
8787
1071
7149
2900
7865
3750
10298
1733
5374
8522
10007
4646
1020
8558
7969
1930
6741
10513
5381
2270
1991
10009
3268
3286
1008
3251
87
10690
8743
7789
508
2267
3588
4675
3617
6406
4508
10702
6427
8369
6569
7575
4156
4020
5554
7763
10079
8028
10455
2617
5568
726
1269
2931
2081
6612
1195
9950
6577
3612
2520
7667
6895
3338
3310
6718
7073
5057
5927
3982
9987
8842
2906
3656
350
4990
2934
6217
8702
283
5505
6828
2350
2896
3327
3970
921
3909
10792
209
4031
3033
2348
2359
6393
7124
4106
6204
953
3514
165
7348
2937
9517
6305
10641
10033
1820
8814
7443
2836
7538
7285
10267
1608
7864
6287
7791
9683
1157
9999
9205
1246
6397
4104
6771
1889
622
10609
9462
6529
5680
9575
10055
10615
7506
6688
695
2496
4564
7437
4786
37
7117
3272
2954
6120
8156
3244
4656
2584
3701
234
287
1864
9248
1304
6759
4806
1071
3146
9880
5002
1631
1400
6427
3551
7554
6543
4213
9240
213
1517
2326
1382
6169
4339
3024
5243
8297
5809
1358
4208
8441
8555
1874
4075
3997
120
1425
626
770
7405
8878
338
4550
10235
2450
2992
7009
8382
10711
7601
6134
6617
4352
5438
4211
10579
6284
3688
8243
782
1819
1353
1569
7971
3237
8573
2870
1244
4699
9832
1464
8389
3734
9041
2720
1202
5455
1159
1333
9652
6922
7135
8799
4669
4361
2854
5201
7302
3439
3941
240
8891
7031
6254
5025
2391
1863
10327
3434
244
1200
10755
3356
6345
9828
1852
290
1607
2793
1173
6887
5984
4143
10580
8528
10712
6185
1252
7850
8215
2226
7763
10097
4853
9325
717
378
5217
4972
9992
8745
5307
4335
5593
8211
7431
6484
4509
520
6131
2534
4315
163
8805
5723
835
8936
1745
4311
4545
9973
2821
9942
5017
10021
9024
2680
9707
4904
7999
7314
8840
3329
5565
9301
2904
1437
4625
5970
10122
2838
7354
5213
10343
8486
8518
809
4634
3884
8929
1137
9473
3666
7897
3065
6798
3776
5016
6119
4085
8671
7901
8617
1587
1819
1585
8107
3075
2446
9120
5027
6769
1275
10597
3190
8172
6284
7312
9755
6263
3982
6180
45
3610
4728
2573
8949
3660
10110
4754
5976
9918
1080
169
1342
493
5646
3540
8999
5594
4061
8097
10649
3948
3951
794
336
10651
9817
7009
10301
9200
4861
5047
6129
7495
8601
9087
2012
1690
3169
10173
674
10275
1397
3002
704
1547
1702
4761
5905
8740
2092
4900
6610
9229
5347
5922
2278
10619
7477
7792
10109
6458
5571
189
1400
136
9322
1345
3777
5467
7788
1927
9059
10145
5019
8547
6346
3264
1340
2880
10373
4316
3972
10745
6992
9724
8593
2969
8029
3315
5211
8402
8737
8846
2929
7935
10293
9566
7910
7019
7275
4651
2642
8115
2850
2911
4831
7029
592
9768
3819
6211
4034
7270
9383
6471
5484
4180
6253
8435
7960
1027
10482
7157
1365
6910
8377
4252
10536
7992
9582
3808
1294
2527
9609
9102
1566
1804
10427
5290
5186
10533
4024
5877
8642
7059
8415
4419
3250
10182
9774
8423
6815
9109
4749
9675
6169
425
7346
4349
8158
10147
5864
8083
6728
300
5652
10559
6167
7822
4209
4756
2227
6779
8059
10712
397
4229
6087
8973
4277
3488
4863
9915
4807
4438
1154
6206
8131
2500
6658
3817
6319
10784
6634
3098
6117
6541
5259
2040
1047
923
2931
3271
2775
8769
2980
5894
4558
533
7429
8882
3540
2039
4725
3923
3182
10736
8383
5422
8010
2122
4301
2119
3272
4519
4223
3222
9662
6822
5183
2709
7010
9744
8582
189
1214
10359
4387
4776
10074
1868
7820
6635
5372
4487
9783
9637
5612
6724
7607
1826
8907
3805
1070
262
9704
5857
10178
6390
9828
8509
5965
10577
10406
2422
8783
2220
6573
5097
3497
9429
2596
7987
10778
6600
9051
9580
5888
1708
740
9644
4410
2016
4637
9357
5308
453
9686
3002
5007
7363
3242
6627
3479
4183
5993
2199
5693
9497
5934
10071
2128
8271
3070
6380
6287
9600
2612
4028
2164
3020
5137
5364
6352
854
4443
1035
4853
9390
5375
256
4554
10002
4217
253
3355
3279
9116
6569
3147
8823
786
5814
9638
4575
2246
7283
773
5490
8338
3546
10341
6353
3468
10354
6000
7985
836
2374
7568
7652
8000
2928
1648
10163
6026
9773
4141
1090
9119
5825
3281
2002
3009
6903
6853
8625
8142
2271
6586
4318
9444
8825
1498
10038
9502
7293
3825
8511
1986
6680
3631
8086
6721
6512
3709
744
8492
6326
4667
6748
8862
7881
431
1386
4950
3783
3711
7107
1978
2779
5230
6961
6976
8742
178
9544
443
2302
10643
5102
6257
3242
8403
6062
347
1736
3830
1197
10586
1748
6608
501
558
301
5352
1794
4277
529
2756
8643
9685
8502
2667
5654
10671
7558
4118
7224
2102
1660
4112
1537
10079
4276
6510
9251
1276
10752
602
3051
2904
10479
509
5344
4069
7935
8525
6439
101
5787
2220
7349
10162
1819
5111
349
7625
595
2877
697
6448
1051
4008
10592
2392
2981
10588
10216
5930
4488
10718
8593
9307
505
6101
3263
5093
2340
3930
8642
4625
4935
4493
2508
9862
579
2211
4734
328
3245
5374
4482
3588
4207
9015
4601
8663
10267
8521
5125
10426
7163
2578
10086
875
9032
4132
2818
2314
425
455
8393
3457
7141
5984
5070
8494
944
4967
5192
2748
2802
9069
5219
3037
9302
288
10268
1354
10472
149
8556
6277
3910
1069
1504
1313
2540
8881
2674
9702
6442
6721
9929
3983
2319
9891
961
1418
5506
8305
1919
4194
6034
1069
9461
1873
6395
928
1121
8423
392
3998
718
7054
3271
2131
6138
3678
10669
7395
715
9770
6511
3441
5653
6233
7067
2931
4027
7909
9297
4515
10243
5666
9436
5644
581
7098
9667
8938
9080
5046
4757
1669
362
415
5684
4840
2605
7100
3066
10165
424
8176
10709
8927
9175
1054
7473
3140
6411
1672
7012
4512
8445
4544
7298
3678
7692
5648
9368
9157
5606
1296
4620
7941
8911
9121
9539
4822
10454
853
4566
6123
2783
4418
5461
1663
3570
864
7674
1334
53
5416
5745
9464
10018
5018
6706
2217
7865
3715
3517
4847
4481
1094
9762
7901
7187
1241
8702
2794
5166
279
725
9728
2486
9960
7250
597
5226
9698
9444
7869
79
8784
700
7595
2127
3952
4353
9453
3207
7452
4046
5724
4734
4351
6175
897
8528
4101
3213
9823
9775
8608
2698
10018
10086
2685
6480
3178
5304
7154
7821
546
6308
8412
9302
2389
1807
442
1049
8864
9392
6076
3382
6972
9498
8327
6831
108
8969
8088
4587
7643
1942
1589
7808
2764
8446
3739
10776
3603
2771
7086
2204
10244
2903
2867
8794
17
3252
2500
6531
2236
4519
10401
3313
2491
4638
3803
7061
2429
10059
8872
10534
10553
929
10388
4703
5596
7726
6282
8793
10540
2525
10448
7708
8885
1579
3206
2157
4250
10685
5896
4674
6386
7367
8483
2643
7685
529
4218
437
6625
2555
1815
5191
390
8597
10578
5321
4774
8463
4789
5634
8734
8723
9994
147
3355
8620
10081
10013
330
6668
2282
7010
9137
8266
1744
91
8806
7895
8609
4705
6471
3337
1223
1799
3734
9716
815
10773
6389
2926
9912
10638
9763
10600
7674
1199
7071
7564
7924
4948
822
986
7396
10114
9691
7323
8336
1788
6815
8559
5660
5447
2221
398
8587
3699
7527
4145
665
4136
7456
3966
4833
6923
10449
7780
6488
1075
983
3703
4688
9114
4727
5652
8760
3550
6815
8342
8258
5858
1901
3584
7614
7556
3496
9113
5854
8554
6594
4803
8439
9665
10304
3499
7895
1199
3664
8593
6012
4890
2576
7106
562
10353
10129
8270
7657
2720
7383
3989
1357
503
354
8464
10028
1741
2755
1854
2065
5205
2365
3789
9370
2218
7166
9728
6642
4078
1799
4490
7517
8649
521
8525
5563
927
10790
1237
9879
10317
3990
9776
5233
537
8320
8587
6953
8692
3827
10614
9451
1910
8683
9826
8356
5497
3248
6018
2583
7434
5931
9373
2296
5527
9151
6934
8915
5914
3785
9085
747
10310
9332
9301
210
8210
5010
1316
8639
3479
6026
6146
4009
6551
1580
1167
4642
5977
8518
9273
5291
3884
3605
10107
9484
1473
3898
5468
3079
2230
2523
2204
2570
8506
4
919
1628
7403
4971
8202
5170
5981
10410
2232
6661
8894
1232
4052
7719
5185
5389
6767
2602
3458
9690
5452
4335
9032
5352
9651
5397
6743
9387
4879
2565
7673
2591
4934
6276
7945
8843
5704
7242
919
5653
6618
10136
4100
10257
3944
6913
9785
2680
1367
4431
5113
9092
5279
5976
10242
4509
10512
8616
10339
6635
8670
91
6588
4270
6154
5673
4077
2745
368
515
746
1152
10185
8615
6295
2000
6232
10774
10682
4903
10098
6102
10182
10383
2822
164
4736
3924
4462
10268
10736
7993
7594
8733
6083
6457
8809
2700
439
8339
5077
6894
10418
5770
8484
9464
4254
4612
9558
4883
111
10166
1404
3155
4283
5014
3652
2779
9186
633
3966
3913
3316
8271
1550
2479
4903
1307
7685
