2296
2256
5440
3852
3193
8846
3661
10395
9583
1535
4317
2611
1792
8472
930
6557
7862
6012
4633
1504
5847
5721
2604
9708
346
9559
10353
1664
6443
7656
2391
4926
5837
7525
5405
4561
9527
3096
10592
6414
7218
6257
10123
5117
6473
8852
5841
9729
64
247
7383
8778
8659
4879
816
6310
6937
981
7295
6499
10310
5825
8910
6907
4744
5591
8796
756
7912
6636
451
229
4171
2634
5720
2599
2751
244
3173
10718
5071
1569
7147
2162
7724
7828
471
6155
8023
2790
8461
2327
3643
7890
9047
6061
5104
1721
2046
6194
9134
9755
7913
8316
6585
9513
8135
5343
7944
182
1038
8613
370
759
10441
5268
3128
903
6533
9864
8532
8079
6741
1004
10005
8514
9286
5175
7510
1646
1285
469
10672
5520
7358
9413
1354
7705
3340
2815
2987
3931
5246
5020
1302
9070
5333
7499
9499
3991
9376
10335
3032
3284
5331
4566
4879
3051
5718
9525
8063
9948
1369
1898
7039
9975
190
3413
453
8559
1611
6518
2391
4153
3967
7544
9722
2118
1758
2581
8011
6218
5404
4114
7387
4490
79
7112
10236
7423
5129
960
6634
5436
7886
8288
2457
5758
3336
9507
9131
2393
1754
2908
3788
7909
839
4323
3316
2133
1884
1026
8594
456
3108
1348
8805
10156
5291
10774
223
7719
2412
9045
4408
9468
6200
8357
7066
7296
5203
8783
676
4511
1544
4772
10728
3816
10159
5581
3887
2617
6461
1067
370
10102
349
2975
523
3213
10321
4975
1383
7080
7668
3112
10677
5099
3939
291
9813
3751
7558
4919
8586
6730
8884
7341
8541
2458
2405
5546
2771
1066
5928
5038
2142
4018
4484
10200
8785
9969
2371
10775
608
9868
5849
2487
10423
7905
3085
5784
10014
5573
2849
1428
205
3404
9970
8106
6247
1963
7908
1617
1653
2541
2015
10306
8981
6252
3187
5902
2745
5395
2123
4177
5249
739
7146
332
2942
9187
8675
8486
2226
434
9656
9032
9177
9971
6445
9617
4537
5509
7393
6734
6840
8697
3887
6038
10411
250
10801
10471
3005
2885
4772
6829
6240
5795
4084
817
6120
1531
4654
6243
9159
2936
1622
9579
1636
8632
10036
6870
7939
4578
4507
10572
8743
10094
9348
4970
3883
7468
7691
9604
8840
4100
2637
760
379
1728
3325
5823
7371
9233
8564
5104
9229
7825
8111
1191
8214
10579
5093
2998
4482
6608
1455
6980
1308
10136
3476
1566
8665
5865
1713
7893
6966
1086
4021
1312
10690
1787
8783
5019
6165
3842
2395
830
10559
10028
6393
2272
5610
9347
7417
3078
4350
3319
9749
1895
987
7174
4445
1173
7423
1824
1712
1864
3816
1850
1592
8895
3812
2653
7136
8203
3644
8383
2749
356
9135
3400
5014
6565
10328
2533
10287
6187
2327
4428
2753
2120
5991
3038
7489
4227
2587
4691
6839
3637
7390
8543
3724
7630
4367
8691
3493
7480
3628
4522
10307
2525
9944
6160
1849
1860
7092
9735
3811
8503
2675
8
9784
8658
708
1639
1395
10636
9277
5184
3488
6760
4437
4187
5283
6774
6033
985
1230
3735
4023
3150
6736
5741
8326
10446
2708
933
4675
5917
35
9967
9734
135
5910
482
7865
7589
10199
2258
9531
6800
3233
7158
2726
10677
8475
4044
1271
1833
254
5611
2767
1773
2272
10791
3254
2946
635
7011
4659
4565
3666
6295
2750
5375
840
4086
9724
6806
10522
8591
2696
2662
6405
3863
4596
1530
3705
760
4744
6171
4856
8388
4800
7395
7677
8300
3631
7795
1364
6074
7121
10065
2836
4225
2807
8689
5191
8271
10246
10774
8085
8825
10472
7260
595
5323
9381
1138
6762
2835
9884
6492
1371
824
4719
4586
4850
145
10365
1061
10351
1502
2140
1656
8778
8634
4720
9496
6306
8822
10018
7632
3769
8937
3914
2880
3814
7623
3677
4478
6959
3919
9841
8979
9351
3084
7131
4878
1197
2708
3844
1197
976
8043
3112
4957
2403
9577
7952
4695
9868
5944
8621
9273
1684
7137
5329
7474
832
7263
4451
4093
288
623
1068
4529
7673
6074
9047
8009
81
7114
10539
2593
4511
6040
2199
4410
936
1120
7252
8875
9092
646
6787
6990
9919
1006
9172
10651
4264
10105
2896
1727
6524
5106
9405
8749
7577
7899
7220
3800
10054
8113
5744
7123
379
8610
9526
321
9449
5584
4014
2304
9674
8277
6276
4690
5362
7975
1434
8948
5321
5733
8281
5279
4639
1640
1538
8622
10523
3371
3747
7716
828
6591
5695
2564
2633
8902
4936
4531
7845
4254
9141
6021
3352
4130
5777
706
3305
4990
8159
5159
882
3854
7180
8428
5711
4265
1313
7253
2144
2704
5233
8435
4781
1134
10265
7864
10597
8636
4347
3585
5853
688
2339
7455
4629
8257
3866
2046
4875
8613
4281
8975
299
3063
1157
10134
9261
2245
4324
7025
5718
2757
5772
6910
1536
669
3751
10071
7882
5212
10391
10538
7118
10705
6641
115
9427
7117
4847
2704
3601
3469
1824
7097
5467
7424
8519
6799
7168
3909
503
7510
7397
2412
8695
6628
522
4210
6150
7656
9636
10267
3602
6
341
495
9177
166
4501
4072
6653
3540
9721
8605
2495
7604
6820
9985
5583
360
5403
807
5663
1969
3656
81
9876
10542
1796
4754
2774
9505
2444
1593
10313
3560
737
6928
9635
6676
6898
4681
10403
518
6486
8500
3472
8042
2583
1832
1315
6377
3025
6872
3744
3629
2162
3698
2158
7524
10392
6200
2456
10587
958
118
7484
2481
10073
2366
2398
6510
10561
10319
2423
972
37
8059
6530
330
10322
1319
4210
1455
5160
10534
9723
3912
10005
10377
7164
7893
10754
976
367
4285
4295
844
8455
6771
10442
709
2679
2660
9929
4056
6881
2358
5684
2497
4221
1086
9939
8900
9513
5858
6943
2244
75
2233
3744
3891
8140
1328
6480
5969
2483
5113
7386
6055
9934
1815
4658
7964
3572
9800
1400
321
8147
8573
2594
6458
8393
10471
5840
6204
5897
8559
8375
3128
4487
3021
6301
270
3288
6385
7605
9357
6682
8465
2243
3980
3872
3282
2683
8208
5641
6606
6171
9696
25
3629
850
1692
8476
9861
3911
6606
3285
2401
2297
1678
10210
2459
6350
8855
2348
3636
8695
9667
8167
1725
3590
2923
8524
1099
9856
10236
9148
6598
7475
1807
3597
7179
5275
4608
712
3831
6939
9852
2881
3297
8877
5867
3536
2444
4734
1601
1668
7850
10751
9682
8977
5965
7259
3677
9454
7651
575
3438
3802
1998
6945
4053
998
832
2321
840
2756
10012
2508
1720
4735
2632
1732
3979
4794
2476
6711
625
7248
1395
6243
1679
1720
1159
8584
1695
1419
5580
2247
6070
3938
2584
6874
5259
1284
10721
364
6293
10639
5118
8433
7089
7899
3457
9029
8981
3227
7757
2297
2975
3727
8943
8964
4044
5436
946
4218
8311
602
2488
499
1045
1978
7052
903
5798
5698
4830
5332
3014
1083
736
3824
7296
1235
8497
5096
5818
1675
3521
9108
7901
5738
6570
5578
3568
6834
3136
6814
8001
10360
6658
5475
4961
10284
9844
8230
2292
7540
9351
9863
9950
10280
1420
6241
2359
15
4960
9856
2453
3229
8843
1083
10602
8476
5590
8290
8392
6180
107
3364
7103
5412
9779
10655
4484
9428
1434
9424
6843
4166
534
5762
4752
5981
3715
5939
5881
628
822
7131
1970
2813
3937
4715
6674
4744
3759
9243
3398
532
9578
1844
5343
4137
7354
8621
4606
1384
9183
724
4579
6387
6590
1092
10654
7414
8707
8643
41
1451
8974
5594
939
2777
8958
6684
8724
5798
2411
1590
3506
7407
10552
1737
7107
7049
3662
7434
10089
6602
7850
3094
8685
10512
2090
235
2193
10027
9779
5777
9511
7062
351
293
4300
245
6459
4687
10750
3314
8997
10433
4510
3149
367
1595
242
1399
9119
9624
9869
3449
7975
7496
6517
5703
7036
4143
4271
673
10718
1942
8357
9376
8008
5921
8098
1381
2881
8846
10663
4451
8641
4959
10435
8621
10210
0
686
6057
6840
10077
7508
1859
817
1775
5732
9909
10543
5556
8191
204
9374
4365
3084
4882
496
8065
2315
4830
6283
6048
5974
5944
2509
6759
1843
4083
1341
3617
1502
2535
7117
7595
1083
5204
7148
3721
8770
2259
2929
1962
8674
4573
340
395
6112
543
5492
2258
6205
5209
1129
1727
5709
7935
7961
8716
6068
8175
5124
10017
7321
1978
4631
66
1086
3552
5085
6794
1984
552
7789
10541
4185
4259
96
2953
5834
2211
9580
892
9652
6614
4508
6337
10154
1300
5176
9219
6083
1374
9182
6155
2227
9114
8115
7140
2521
7426
6271
9814
8948
6169
7967
2866
7796
4062
4658
2947
1464
4092
2514
9430
10647
4621
5626
969
5346
4540
421
4062
2973
10460
8890
3139
8691
5632
8872
4289
7757
9594
5501
5176
4119
9071
8831
8189
824
6283
665
2901
1489
8624
2097
5959
8255
2576
3059
867
10475
1530
1058
10077
4299
9906
6934
3194
6269
1481
522
7255
8727
10756
7571
4846
10026
6827
10374
7139
5588
2861
9574
3568
3236
1872
4941
5330
401
1197
832
6297
2699
5630
7880
4962
520
5895
427
7364
10609
9696
5569
415
6387
4253
5784
9289
3059
5761
6242
3735
6027
365
266
3507
3956
4182
2877
8226
6218
4910
6568
9
4593
203
3027
5280
3214
7953
6889
2044
4488
2507
7844
8796
10566
3128
5006
840
340
8821
5992
5886
8954
4770
2667
2900
9811
8804
4072
7921
3074
10311
4046
10584
3033
3404
8989
200
2380
7775
1685
8677
7681
2691
720
1340
657
1624
6390
575
6733
6865
10686
1994
2238
9358
3060
1966
2254
2017
9615
10640
1035
6672
1030
293
9857
9266
1084
5255
6768
6606
4594
7412
3945
8947
1538
2118
4045
7998
2306
5096
9737
2462
9719
1560
10024
4392
341
7767
8181
6945
2556
6319
8585
3517
3175
10235
1411
7154
508
2003
656
4422
1843
5414
4292
6857
4804
10721
4148
2805
492
7476
8740
849
5726
2879
6313
8398
2664
1361
7537
6418
9893
8107
2170
8096
1997
3026
6937
5672
897
10578
1594
10002
9459
2783
8058
8921
5030
7266
8663
7003
2708
3280
5544
10330
104
4965
10718
10593
3373
4116
8267
3190
7661
5978
7836
3612
6327
3621
4116
6392
6137
9033
7667
3001
7273
7912
1304
8392
152
6171
6554
2495
3587
3826
642
53
10577
4098
3267
7790
2056
3186
9005
4783
10024
6107
9468
6976
3884
5277
124
6012
4723
5992
1881
5735
336
8989
10249
10135
676
8353
4124
9022
8417
1896
3306
10188
923
8088
9526
4839
7928
7782
992
7061
1841
3404
1620
9718
4883
7810
4119
9918
6094
10069
10164
7919
7172
4928
8211
6570
3247
6865
8356
7909
8176
1068
1664
1898
7528
3489
3033
9569
8108
3953
10041
8838
27
7246
9325
4146
691
8102
2136
3078
9943
6527
2995
5249
1081
7279
5328
5974
9164
6979
3228
2803
8299
7717
5342
8763
10492
4913
7948
4312
6217
10088
10603
7676
8206
4836
6475
3198
4742
7628
8795
6275
5304
3119
9997
5533
7312
3113
7650
5454
5531
8191
2031
5236
8335
5210
10091
6919
5093
240
7376
3403
8845
7495
4926
6204
4432
3315
7999
1601
8579
1535
9355
6817
603
5005
3445
9465
8287
3424
9678
9584
9080
9069
1488
1893
8319
58
8355
9015
8831
5968
10364
8610
9411
435
2750
4870
9286
5158
7984
7104
9530
4645
8477
1306
5018
1178
6238
8248
9690
6181
2894
2685
7379
5968
6699
10056
7019
4828
8450
2165
7008
924
10118
5640
6795
7870
5544
2848
7114
3762
2042
3563
5754
4920
2791
9668
4638
10700
3006
9900
5173
2461
6775
7547
9494
8941
9626
3077
10760
6132
4926
5593
71
9663
5792
8933
3391
2753
1710
5384
2978
10202
6967
2506
1769
7445
7564
9238
1228
10424
4166
3895
3256
10778
9078
1303
9504
9181
170
8172
9366
6618
2374
7045
4071
9439
8889
8756
7029
7933
10619
7916
2732
5925
8002
4615
6608
738
609
421
10618
3552
8118
6407
3159
5995
2428
5843
9653
8624
10272
2924
8222
7113
3794
