1081
4406
6649
731
604
10207
10322
2649
10561
2800
5197
252
7908
6723
4757
407
5811
2747
5663
503
8296
8750
5637
324
4906
3642
6665
31
539
3581
9782
4303
10745
2455
3472
9390
3448
9454
6524
4972
2341
4182
2123
9629
413
2581
5358
7211
5637
9399
3789
9765
3601
5228
3446
2843
8270
9203
7919
4493
10784
6117
9622
6250
7013
5104
6685
3060
6414
7498
439
3119
7244
4680
992
7950
1334
2356
7660
10550
2265
1734
5782
5258
726
9232
2242
6730
4804
3221
2841
9446
8637
8896
2692
3835
5287
10278
6736
4855
9889
763
5379
8210
8221
1111
10602
8737
5035
3051
2774
9158
8251
181
3005
7230
58
8811
5911
6219
8133
5627
5840
8872
2174
8501
8235
1358
3173
5460
6801
9865
1376
498
3383
10512
7822
6337
2799
6955
2802
1605
7602
5370
9617
9527
2797
7852
3312
10148
8446
5268
5848
8784
6386
6815
5675
1874
3154
4129
6107
10695
668
4407
2660
540
3513
10535
5324
53
1134
5134
6432
3508
3588
6407
4749
2745
9395
6205
3142
10727
7241
4182
3432
1592
7111
2440
4824
6906
5989
3909
10536
5489
3484
3973
4264
4512
535
4048
7918
5642
9462
6327
5802
3398
624
2561
2146
6446
514
10067
8600
351
1471
8059
8577
2987
7906
2377
10307
778
2752
9916
9473
5437
8996
2042
4402
7566
3448
39
10294
4364
3780
10104
8903
386
9617
7937
3969
5149
3056
8429
6942
3669
2697
9949
10748
4620
4147
9697
1892
2610
1901
3661
1801
1746
7185
1565
9109
218
3126
7963
5676
1265
230
7848
5974
4574
1691
4893
8757
8435
653
9540
6229
7496
5046
7841
1482
6359
4465
10652
3407
4405
5934
1226
5776
8802
3982
1422
1901
207
8271
4321
10720
1816
1576
2397
5565
3914
6450
5015
3828
4633
6705
8325
9821
8174
7246
1812
4282
6874
10111
7503
2360
7262
1778
27
3187
9329
3207
5269
1469
2011
6711
2063
3348
951
1595
6593
6682
9842
2685
7353
1842
9421
3853
7799
1472
8668
4594
9575
6932
8485
2177
10656
1930
7153
5677
8074
8170
8225
668
3869
9340
8788
1700
7594
3452
9836
10206
4642
4433
4526
8073
4171
2595
1894
4113
9437
8936
3238
7238
111
10363
2051
1700
412
1376
1549
712
4768
776
10092
696
8172
7831
6627
7167
3010
3149
6975
2710
9976
6966
4650
4591
4690
10190
6841
9623
2435
10494
6646
10453
8442
3347
426
6501
138
8521
10121
3007
9898
7757
6026
3717
6331
4281
3976
6646
8424
4342
2709
9416
10255
7793
602
1362
3640
4942
7016
1415
3720
2624
5045
9810
6235
8599
6169
9583
6766
4456
5884
10120
4679
8297
6351
3053
4420
9309
524
2272
7117
6843
9286
3399
7656
5198
85
4212
7418
6260
2556
1876
4369
6033
7648
6725
7468
10261
2698
3734
1722
1933
9699
8178
125
10227
5541
623
2179
3933
5204
9351
8398
3232
4115
5812
6388
7874
5310
390
3632
4299
1712
2999
6835
9717
10665
3486
10660
8772
52
408
6827
1000
908
1192
6401
4839
5289
2948
4002
3193
10563
4853
6141
9090
7771
2117
6431
4866
7988
7318
1055
8502
134
6362
6763
9269
7085
5488
14
8929
808
8047
4763
3650
6268
9254
5832
8544
9551
3510
9923
2750
9177
1195
4375
7009
3743
4396
4679
2674
9785
2303
3605
3881
6969
3570
2745
1907
1710
6989
4017
4386
786
9782
1323
3288
6804
6159
5168
8545
1940
7218
312
3950
6843
9197
5612
2634
6684
4057
6593
8958
1962
2946
5033
592
6234
96
6526
293
9669
3420
5516
49
944
4416
3102
4871
8013
223
4180
10286
828
2365
7454
2857
9211
8448
8904
5740
2147
2726
1942
476
7730
1954
10799
4278
9981
6410
8391
1865
8527
8293
4857
3114
9511
6043
6758
1326
6252
6486
6887
10377
4367
560
6304
5265
6022
5023
1577
8944
4282
2038
6220
5024
3320
3685
3210
2814
6126
3001
8604
2538
10116
9496
7255
6828
10284
167
2718
2385
7186
1812
7065
6216
503
6477
8541
1763
10682
7924
4447
1367
8803
4529
8750
6912
530
3123
926
6364
9679
210
4735
2645
2920
5235
3415
28
2315
9752
7922
7429
933
1927
5441
8098
7030
9016
726
5225
10524
8615
1608
3135
8224
1783
874
5316
7067
9623
3852
1384
9949
3329
5693
10432
4898
10667
10157
2613
3413
6434
7482
2957
1051
885
1756
10497
5525
7063
1421
1273
2086
1568
9610
5385
319
8809
8550
9812
6364
2449
8319
3871
6645
2950
7092
6440
3192
8481
3938
5417
1825
6730
9977
8904
7971
8211
2754
3029
1253
8221
7906
6009
577
2365
10511
1261
6996
4978
3179
49
2342
2215
6613
6747
2142
8876
1680
2585
4371
3506
1051
6812
2107
8200
1766
6543
8160
10062
431
8985
3149
6629
1996
9014
9429
8427
7970
5399
6331
2753
6985
8506
8717
9001
10332
9026
4401
5828
9093
2858
8775
10358
3788
3643
7599
3277
788
3194
5392
4692
5947
10347
9935
7587
10617
4541
10216
559
205
3806
5815
9254
9402
10215
6085
7025
3873
1320
7240
7374
207
8301
10454
6729
1454
9286
2292
2415
5349
8712
8001
6179
1814
9443
9142
1279
5664
3716
428
2978
1145
9058
5281
8844
6322
2613
7228
2734
10264
701
4377
5516
3078
9834
5041
8920
4703
3931
9244
5871
10199
6238
1239
1598
2657
6483
9591
6768
9973
10692
5867
4511
4411
6897
3113
6295
2706
2719
1439
2976
10138
3021
9477
5384
2956
6883
6464
8660
9529
4196
2709
8589
5283
8407
2089
2533
4639
9164
2007
5741
9644
1828
4382
1195
1760
9200
4165
4986
9208
9991
5394
289
2775
734
9478
7878
6649
10458
2600
848
5388
1053
7941
1849
5115
2728
6037
9892
9128
9922
5528
5327
6935
9752
5006
2029
3628
8749
2929
5311
4725
4302
9140
4037
4224
8259
8191
3091
1952
520
1598
2532
4089
8699
6508
8880
6316
10022
4435
3837
2331
740
569
4445
3975
10211
4377
6068
555
8990
6117
9930
3225
6702
1117
10564
5467
7157
7140
4814
9874
5992
276
1588
8276
3891
7430
4907
97
1708
8511
6310
5472
5347
9012
4571
2612
1964
6289
605
6119
746
1578
9587
10073
2385
2756
2945
6547
2751
329
9524
3900
1849
3437
5168
9703
7782
809
10604
1663
3409
778
8401
5254
6473
7861
9001
3586
6956
886
404
9817
688
6575
3817
1782
1904
5677
10031
3321
7041
1836
10588
7430
5550
6692
9636
10357
5583
2616
1307
5913
1314
2067
4084
5123
9202
5119
472
4976
7350
1811
8409
8196
2972
735
368
8961
837
6272
5651
3199
7769
1823
1965
4196
6355
1883
7986
10321
2248
9157
1681
2159
2208
10402
6244
6571
681
7738
662
7691
1369
6248
4766
4448
1337
4657
3200
4487
8084
7235
9408
6706
3043
8265
10717
1532
1433
1653
10361
5160
5748
9168
7632
6957
6864
7628
5704
5079
56
1500
6150
2198
3078
2050
9035
4779
2812
3589
8848
9763
3847
5998
7996
10460
7742
9673
8277
4603
8427
7557
3080
2688
7265
3505
3176
9422
10706
3865
2680
8747
4165
2217
5671
101
4247
3417
8944
1557
3663
4026
10258
657
7746
4250
2826
1893
9867
8962
4726
8654
7403
531
1671
9166
4347
6924
3814
5244
6694
563
7086
2967
389
6928
5758
10682
9624
671
2896
9749
7249
6370
8020
6339
3940
9139
8613
9466
1053
1884
1505
3331
946
4202
3707
3600
10228
8267
5612
9443
10277
4278
9895
6998
2362
8692
1926
10705
7919
10245
3533
7937
4316
10156
8742
8303
4260
10208
2379
1588
5891
7457
1039
10616
9302
3321
1600
6155
10781
3331
2089
9804
5924
1436
7325
10766
6586
9449
4286
8137
2673
199
3498
4360
3533
5467
8404
10536
1343
1813
4092
3378
3169
2169
4635
5449
6339
8284
8169
4138
10225
3327
415
9549
3188
1730
7921
621
2515
3183
5268
10146
5558
8371
6000
1699
1869
3024
5905
1941
4167
3394
1772
6148
2071
2781
3934
4033
9357
10048
5219
3313
8455
3653
884
4656
9714
7818
6140
5209
703
4122
1137
3166
4505
8629
7950
4189
6499
3770
682
7994
10677
5301
5796
3717
8622
5088
10445
4786
9591
2752
2565
4624
10614
778
2409
9465
2396
8718
6143
9024
5325
10119
9611
2091
6057
5634
3455
10381
2448
3569
7492
2538
1343
9719
9545
1150
2624
8253
4217
2611
10324
6350
9189
5292
3824
10062
9033
5600
8638
8515
5130
5886
3688
9084
4088
9561
4398
8839
1235
3201
4534
2238
8265
2934
4825
556
4699
511
3406
10697
7177
10479
1343
1297
564
9335
4457
1716
6252
7066
2264
10165
1884
8215
4027
8566
6579
7691
4578
8702
7422
6667
51
2875
3033
8165
301
10437
9787
3597
4538
6178
7586
2249
8797
711
3089
952
2995
1236
5390
7317
10012
10080
3089
3471
3330
1675
8555
721
9831
5357
7386
6382
3875
5636
10523
10393
10372
1606
8787
7919
5982
3044
1307
233
37
1944
10193
135
4696
2050
4476
9271
7708
4211
7343
544
1019
1924
7595
2358
5696
355
4565
1924
5544
7238
1926
109
7168
5067
1108
4921
10404
6528
10465
344
4275
1232
2416
8683
4577
10493
9807
2152
8988
5004
1364
3223
5925
2557
9897
6693
5586
4308
586
3958
4483
3255
3803
2867
3508
1589
8893
6194
9181
9920
5081
4317
6126
9644
8704
4628
8378
2844
7836
8753
2827
1345
7168
10241
8230
8878
5550
8133
1331
7016
8143
8596
10300
6013
3292
5443
5090
3024
165
10158
3651
8921
10768
10374
1755
7032
4649
6018
8167
997
3115
2988
5254
7133
5797
8682
5560
1326
6985
6131
7913
3924
6294
466
10528
5145
7089
464
6128
5282
2299
7705
6962
5890
2142
903
9420
5623
789
8333
925
3566
1241
592
585
9726
3065
6923
9163
4860
6372
9952
1346
6779
7978
753
941
8764
42
1919
740
7657
7312
2244
2857
5665
10075
7149
7324
9535
196
8771
389
9508
7106
9339
120
4026
2603
10597
2889
6424
7755
3956
4678
3289
9706
1338
8212
1717
5264
7934
4504
8496
276
3361
7239
3927
10490
10461
9294
9328
8583
5170
1821
8699
4138
10577
7583
9674
8535
6760
5787
9001
10659
923
3415
9406
8482
10141
8875
2107
878
9058
7338
4983
457
2977
7379
7962
9416
7132
10452
1825
4016
6860
5595
8080
7322
2840
6865
5655
972
341
7500
2252
9053
5522
1919
3014
685
1269
5069
1786
9694
5648
1558
1643
1902
4277
9565
1008
5243
8717
1918
3757
10277
7544
9495
10344
2649
8410
4223
356
1993
10246
6657
8493
3407
5464
5960
7497
5360
1880
5373
7901
5759
5639
1419
5880
6938
7525
4011
7886
4012
951
9260
983
4861
463
8487
2017
2728
7874
2532
9200
4406
1088
7529
6052
2874
7911
8102
6961
1047
280
6298
3356
7433
1517
939
10038
5
8162
8578
2722
6200
4547
7926
3155
9687
9510
7823
7879
10699
4286
8963
4031
7866
3162
1041
2822
648
10376
8857
8939
6885
9602
4274
9770
201
647
4580
2241
8643
4094
1148
6969
7244
4436
5482
1147
43
882
5108
6880
4947
1216
10488
8246
1811
9086
8966
1479
4561
10392
7649
3433
1381
3165
5196
8606
7141
4055
89
2089
10784
3253
5474
7890
887
8087
5615
7897
8205
8549
619
3367
2388
1448
8758
9643
4286
9870
5286
2240
7525
9595
9954
2639
4431
2330
4815
451
8973
5321
9352
421
5398
9581
113
7782
8264
9122
9252
1555
6456
8987
7993
2326
10232
3622
5594
2888
3401
3899
6110
9394
10135
10727
3289
5435
1355
1816
6146
4187
10694
9206
6180
9742
9475
3021
8454
7598
7000
3953
6921
6822
2474
4242
2972
1882
9408
9890
4656
4903
7434
1665
1804
6349
1570
10750
7436
6283
8662
6536
10729
9102
5061
3205
7508
5976
4011
3155
9505
465
8889
1235
7866
3744
542
8487
6878
6535
10159
3106
3658
7114
8929
4070
5495
7840
512
8386
13
1758
9297
4167
484
9306
8734
4655
5740
1214
124
4518
