6302
10015
444
3551
824
866
4761
10619
8035
38
873
6344
3941
7091
7731
388
9367
900
1849
6359
7828
3814
8662
3014
6263
5921
1670
783
6478
2924
3310
697
423
6787
1066
3054
7492
5166
8470
4079
8198
6897
8457
5631
2436
9871
9109
3415
8624
10429
10437
8260
3219
5471
3341
3615
4875
508
706
9181
1185
226
3818
7832
5494
9033
9187
3910
2175
5748
3804
3944
1041
8512
1824
9228
4596
7336
3774
1712
599
5892
7019
6277
9178
2295
6056
2074
10294
885
5167
3867
7573
5421
9052
6999
2937
6731
9460
3667
1456
9655
6498
10610
6834
6104
1515
3618
3503
161
7104
6251
5420
3323
1797
3769
9727
3863
8243
5410
4520
6115
6339
201
7320
2527
4279
4559
3138
2967
5062
8554
8874
3016
610
6188
8622
10475
8887
4841
5828
6949
3441
4704
2334
10534
6225
6310
9892
4554
8798
3456
7338
4912
4530
8706
4660
9468
3193
10179
2506
8559
8392
4033
2782
7672
7283
2225
6722
2173
8294
8074
7714
5166
5671
4915
9661
935
5604
2982
8871
6463
8226
2982
9546
5247
3417
3374
9268
147
3871
3093
1207
1486
8222
1065
2583
2533
8426
5619
10595
8688
1367
300
10198
8756
837
2269
1373
8865
6375
4735
1585
8264
7522
288
5707
3512
10776
2742
4274
5221
9740
6961
2249
4199
111
7141
3597
3310
10152
6543
790
2786
9638
7093
10323
4188
3617
2903
3218
524
3666
7018
8562
642
945
6877
9695
4974
9883
581
4824
2576
10615
1022
10409
6134
8265
186
6023
7615
6009
6980
5469
680
4596
1029
8743
2790
9306
2025
5495
3394
5528
6720
4475
5858
292
1476
1461
6525
1556
10617
7150
819
6027
9644
7855
6834
2430
4505
3281
9312
7650
2384
970
9511
3195
9241
1246
10253
954
2727
4107
5681
9375
8521
7923
8037
6652
3147
2191
9686
1940
8013
289
3481
10517
6938
3994
1012
7337
6280
5170
958
7243
6513
6459
4219
6506
5962
5446
2572
4059
2223
4980
8192
4169
3145
348
273
5209
9656
2212
3743
7342
4957
10348
1443
8045
2679
4725
9315
9865
7761
8085
4369
2482
2129
1268
8002
6779
2954
7961
609
6399
9459
2544
4018
9095
8501
5790
646
560
5538
198
7477
10560
7904
9573
68
5945
6855
5619
8134
6031
6137
4800
7075
3347
4464
8252
10489
8099
5838
10511
8001
1400
732
5096
10684
2122
1015
4028
544
10131
7481
8598
7133
533
9302
1326
10101
1962
3588
4791
2233
3496
5431
4886
8687
6680
989
5993
1713
5308
10651
945
37
6983
9918
7120
7194
10323
6887
3356
4982
8836
1296
1997
16
7295
6158
6075
3454
3075
5568
7086
473
4045
7285
6955
4306
8901
6629
4893
5803
7609
8442
5464
7152
1269
7705
8090
8991
9764
4542
4468
1841
1047
9957
6133
2821
5626
3575
4366
8131
10431
1770
4717
7634
1590
3577
489
5188
9206
4657
6749
1025
10088
7128
8410
4170
697
2187
682
2920
3624
876
1637
3435
3292
3633
6984
9155
19
9030
10596
8955
10465
4812
3938
6827
2371
5333
8740
7169
1328
279
10471
4252
4082
80
6822
4688
5784
7527
7962
6573
7566
1397
6584
6580
3926
5940
414
1555
3287
3128
10017
2611
6775
4687
901
8741
1990
963
1101
701
10634
8029
2553
1406
8115
8795
7229
7878
436
4605
216
7504
3861
10536
2250
8925
5415
4507
4773
10778
3896
2816
2503
10310
6879
7191
9751
4218
1817
9105
8759
4922
10442
8362
1649
8353
3255
8738
5235
6175
6328
10444
880
6819
4617
3075
7806
1043
6882
10461
3384
2807
4555
4605
6171
7601
10532
7979
3876
254
1540
2398
9127
10073
9881
840
4879
5106
2746
8525
6049
4686
9194
2364
7401
7272
2801
9762
7672
4147
2897
1851
6380
8649
4787
1188
359
3861
1315
2691
9302
9892
8752
2898
8390
7034
10501
4925
4322
352
7421
6555
6334
6545
668
6233
10702
4485
7163
6796
9818
9022
10413
1197
671
10506
9571
1618
5987
3208
859
9950
7640
5128
266
4127
57
7199
2672
5226
7427
5794
5082
8485
10637
8047
2136
6855
5837
8118
9658
8587
1142
10572
610
3261
9505
8533
5687
9689
7830
1987
10430
5460
2672
3452
5874
7979
6724
8999
2247
736
353
9401
9152
8482
8829
8493
8760
6833
7365
3795
5815
1378
6439
10663
1018
10037
9808
2092
8057
9808
202
8118
158
3442
6437
6794
416
4026
7491
514
4617
233
5550
2697
169
8810
6732
2193
5640
4139
7409
3647
4683
6164
10439
5460
2622
3033
9716
6612
1994
7428
2234
7322
5360
6768
7864
2875
547
7416
227
1847
5921
8277
1013
7679
1166
10568
1431
2960
6726
5685
8507
9147
6134
400
6706
7502
6292
7464
9937
4129
4270
3355
5389
796
6398
1577
4252
7094
4871
7631
10421
1633
7324
1808
955
8251
4191
3673
1530
1035
1315
1381
8198
780
7096
10218
10329
10296
10308
3717
8597
6650
3615
4662
3568
8230
8705
5885
6348
4069
4834
10366
10086
9005
6781
10397
4824
5979
1449
4656
1450
558
8966
2701
9329
226
7523
3978
5442
2114
7300
8665
7632
9080
9075
9215
6076
7145
5079
3885
9995
4955
831
1985
2195
6796
10658
8621
500
8879
10244
823
7727
3629
9984
8149
5979
4245
5858
3288
10026
6255
4220
4644
10609
3753
9978
1177
1899
516
1456
3959
9852
5588
10096
6467
8449
5074
1869
4239
470
6502
6425
5163
715
7244
3562
1526
1270
10648
3971
7026
3104
9896
5715
10767
4581
4406
8993
4667
1709
5328
2784
6712
1760
5496
9308
8760
1949
1399
1243
2165
1423
8698
8634
8093
8267
5751
4624
8494
10029
10282
8089
8841
9551
3236
1598
10761
8509
7170
5482
9406
4591
9556
10495
4328
8315
7515
3436
6067
757
2918
6344
3506
2523
7658
10790
134
8209
2288
10590
6163
9015
2532
9025
4803
2361
8172
8568
10749
7738
1112
2432
576
8685
10624
7399
9311
5136
9707
1657
9608
6691
8496
1774
4271
7739
7668
3518
7788
4279
6861
6725
10507
604
7976
7675
356
1116
10005
5628
8245
2279
631
6664
6013
4185
9352
1574
3252
5380
6092
7918
3366
10611
9266
5089
3530
9322
7471
2504
1510
2087
10765
10113
6242
9580
5348
7204
5159
3267
5783
424
5053
5832
9384
7822
4099
4825
926
9430
2581
7761
4804
342
10487
454
3414
6413
1742
4044
5307
8386
5393
6348
9805
2088
9790
2879
1364
10801
10535
3297
2421
8957
5577
9775
169
6137
4274
2889
142
6473
1277
784
1843
10180
8210
8341
5095
4384
5636
347
3957
7379
2588
2952
6671
717
7804
7057
1262
2785
10083
515
1258
421
137
5347
1022
8550
10312
8203
8281
2511
5685
6433
6234
2324
1884
10408
9398
4109
9853
1210
8900
10638
6679
10739
10629
9086
6064
5025
7262
10355
2674
2049
6187
3316
4614
1921
10598
2741
290
2404
8059
1929
9810
4446
9377
2203
5022
7108
5702
3708
4987
4511
8255
886
8773
1866
9997
4206
5310
4039
8437
6190
7656
3580
7090
9815
6016
5640
6404
10671
94
10228
7718
7711
683
6376
10461
6579
312
247
6127
2633
4041
7822
806
4971
4978
1331
7147
3349
3357
7798
10588
5310
8113
10305
8597
626
2070
1213
1760
3284
9490
9873
4927
665
7962
7122
8703
1856
4621
2634
9028
6209
682
7308
9189
6060
2770
1388
2138
3861
3055
9806
2880
7709
2575
1749
775
9977
2088
6701
1831
7346
10433
4598
8691
4424
2402
8039
10604
4547
5730
1616
5752
7542
1985
4442
586
5606
9539
8111
10097
1889
1880
555
1820
390
4338
8846
7467
5132
4699
6647
7859
1099
5772
7985
3517
3372
9750
1598
6642
4227
256
651
9163
8845
3727
1338
2391
3387
1968
9167
2790
1185
6256
2766
9112
3431
8683
9260
8690
5368
2821
9583
1414
9275
7871
6834
1019
1049
5594
7451
4690
3260
2586
2459
4900
8786
6034
5364
4891
10749
357
7945
777
4745
9223
6514
6219
5789
4648
1366
1994
2715
5677
3907
1488
4439
8911
5744
2066
9586
6403
9042
9492
6588
9379
7685
258
4109
1875
8750
5831
6360
9083
55
4374
4998
8041
2279
1202
9555
9525
3484
5763
2797
5766
3799
2500
4670
8481
5070
4152
3769
2600
2402
6017
5766
5994
7705
419
7134
4876
1632
5616
1469
6622
7747
5690
3934
4304
5344
3488
5313
4601
800
7489
9958
6650
10722
6512
725
9644
9875
1776
4703
3526
5556
1310
2335
5816
6765
10792
2171
2366
4063
4131
7826
2280
6433
2828
0
381
2350
9561
6622
2123
10141
4430
6469
2232
9082
8444
5178
5276
9295
9943
8344
9121
9385
6956
9819
2651
6965
4649
4991
10289
8277
9495
5038
8108
10444
4026
1990
5215
4627
3891
9429
2126
4598
2443
5712
8489
7978
7376
4299
1026
1226
8563
8768
7091
1678
5677
8168
9069
6344
1613
4039
9499
53
4869
2250
2124
2652
9412
7904
7849
7605
3452
3859
1664
4749
789
9994
3455
8240
2677
2131
829
6411
6717
169
6836
10087
8071
2924
1145
3392
2287
3787
7851
9676
5514
2705
9197
2969
9710
6571
8516
4931
6115
1335
6334
2812
3609
1186
7883
2797
5445
9252
7898
2302
7403
5591
6909
747
1643
6604
3564
8651
10149
9560
10445
7179
3963
5463
10073
9215
5461
2613
8417
10681
9961
7355
2916
5585
2220
1949
8278
1347
8959
2086
3941
8918
843
1196
7414
9695
3349
2077
1716
3307
4840
2125
2362
1394
5213
533
8979
1802
7916
10157
651
10615
10449
5499
1309
9493
2201
4726
1089
5427
8273
1538
4761
5725
8878
8943
2126
446
9447
1098
6178
5156
4575
7275
7348
10371
6256
7204
6569
2834
1120
2724
3748
5481
7281
7350
396
5365
3620
7809
1288
1610
3118
8834
6876
7155
1389
5171
8140
5667
8952
9702
2816
2220
8131
5519
1127
1608
3247
3696
3038
5409
6629
5559
2900
2687
1550
7521
8748
4525
6512
3426
9238
9412
5809
3130
7582
10089
7712
253
10365
10528
3940
791
2769
8793
2791
8808
7381
4523
4972
8010
4133
8959
9588
8796
8921
3138
5179
8670
10310
9823
1557
724
1597
9184
582
2508
6833
9639
7441
5646
3303
3604
10083
5662
2675
3040
8315
3940
8986
10185
1917
10519
1280
9690
10319
9571
9983
6611
5245
3532
5346
6477
7929
2067
9861
4597
6591
381
10341
9432
10800
5344
1831
10116
4055
9515
3273
4498
6943
8744
7621
7024
7310
4943
7812
1099
1868
10409
5468
1594
6326
2676
8311
4166
8174
4200
9581
7754
49
1901
8389
2511
5503
7017
684
61
2015
8639
420
2315
10054
10780
10134
8957
2635
4212
10437
4926
2028
4261
2592
1235
9350
4720
6484
6753
8205
5952
5545
10625
8239
1395
3175
5164
9168
1961
3384
8496
4756
6747
4869
4035
4862
5881
5122
9412
8068
4260
4656
7685
871
4382
5256
2785
920
10556
6307
10480
2825
2308
8481
6817
7785
2404
2364
790
6405
4574
1015
5947
3047
6848
4457
4523
6589
6116
4316
5767
10477
7315
7992
9876
1047
78
5872
9075
6085
8546
557
6719
6695
7172
3070
995
5751
391
7235
2358
4524
957
1843
9369
5355
4190
2921
5520
1177
4354
6392
945
7925
8884
7087
7583
6839
1041
3550
6193
390
1654
7445
630
3684
10080
1017
10670
8820
6103
9970
1143
8723
4835
4250
10184
4664
6775
4294
3889
1232
10625
7797
10119
5393
195
3365
9057
8337
701
6093
1699
6688
677
2223
10689
5561
8494
8351
5756
2126
9060
7509
9685
2837
3861
887
5868
3034
3740
1647
2417
4456
4314
6558
2551
6131
7699
9799
9195
1999
3860
1754
6042
1753
4345
6104
5259
7256
4946
4837
7603
5888
9414
4317
9137
4528
8429
3225
7063
10607
3718
7919
4562
4113
3548
5820
1848
708
7323
9531
6330
7787
9809
1271
168
7861
1258
4782
3021
545
4913
1053
5496
9889
2488
6273
2440
3473
1533
169
5315
3429
10091
7766
8603
3237
406
4416
10581
5097
4222
7707
10671
6439
7611
9349
