7257
2573
3702
7932
6373
4865
6774
5778
5734
3979
943
8537
1589
7301
5847
4925
7537
1824
8305
405
3825
4375
4602
7427
3116
8381
8483
8774
904
2205
3705
8529
2753
3104
3365
673
7172
763
7369
1495
7693
8571
7821
6573
8353
4985
3965
5703
6983
5265
2014
3832
1011
6120
2030
7408
6396
6903
7015
1904
8461
5965
2455
3759
6554
1721
888
1354
8363
1268
4150
5323
3924
165
3427
3763
98
2526
4491
4758
4487
6758
6055
1414
2464
5592
6006
7536
3256
7966
2718
379
6754
2843
2776
2821
6391
1849
8587
4774
3554
3929
1941
8261
3203
6762
5530
4885
6309
6913
6819
2329
5250
2088
4645
1417
4822
8494
373
3356
2903
4105
5756
8490
6524
7500
7167
1613
666
1661
3704
4619
6282
7312
1709
686
5360
5709
1016
8283
1223
7674
2151
6886
1306
4624
557
7346
107
128
2063
4092
8482
5545
7360
4692
3634
2433
449
38
871
2803
330
3422
4020
3343
4179
2481
5208
784
8375
671
6258
6273
1461
2872
720
4103
7424
3528
8543
2170
6455
17
5078
2457
319
441
7102
3475
529
5690
4423
1392
5009
4520
7879
99
2213
6873
4615
5021
2110
3455
5197
5563
3269
1069
3581
6953
3244
2169
3858
7048
6409
8340
538
7807
6810
6782
3480
5874
8065
3178
7329
308
3415
7778
94
3990
6141
4575
5345
100
4079
1861
2446
6192
709
4366
7872
5529
8544
2035
2835
189
4076
439
6742
1979
141
6885
7750
428
5946
1550
2665
5843
1614
6673
409
2495
820
8090
1957
2943
59
6545
6610
5630
6863
1168
3737
8764
5758
2986
954
2083
1462
3664
1362
8553
2697
2285
3505
5426
1663
6463
6987
4693
1682
3234
406
6688
2731
1840
923
6342
3399
6759
1390
7150
5141
5005
2053
4240
2173
1226
1355
4960
1935
4997
8508
3570
4630
295
1350
3848
5615
286
7283
2819
1066
8776
458
1480
3284
6331
7783
5110
3045
6025
3687
5040
1862
3879
5701
8227
7672
6860
3862
8145
4388
2486
5548
1378
8117
2161
7781
7245
7664
2013
3507
6704
97
8430
726
912
6493
7767
6521
389
3518
6462
2936
3080
5096
5107
4551
6352
8708
4354
1710
7713
8356
1888
4117
8027
7476
806
1466
2127
6508
2769
70
3112
2749
2795
126
979
5092
4332
4889
8731
4454
5988
8209
1952
8162
1453
2602
188
2360
5913
8555
7105
3477
6007
7076
4058
6036
6002
2712
7225
8546
1887
8314
7007
6653
7868
7410
5279
4300
4500
3661
8404
5133
4776
4848
6415
3547
7792
157
744
8644
4339
6148
8148
111
8639
7033
1325
6979
2966
1673
3322
6266
7804
4833
2175
4636
485
2869
5168
2995
1302
6162
8646
753
5795
857
2142
8594
7226
1381
4939
8183
3552
843
5049
6890
8677
5816
3107
4591
5139
6528
365
1997
6705
2071
7977
4382
6577
3595
6732
8125
8486
2470
6046
8616
2346
8051
4513
3559
7550
613
8303
5346
2558
785
7643
4042
7676
421
5802
1031
2621
7518
2934
436
7258
7407
2253
7045
6159
6332
6696
3995
1307
4479
77
3760
3506
4572
7494
8491
1254
7374
7784
6358
2297
4781
7830
493
3582
2400
7406
2891
4001
2743
78
40
5461
4247
2320
6504
1157
8343
8297
5805
4124
803
1832
7503
431
7811
5531
127
143
6311
5453
6876
4046
832
8046
93
8531
3972
1178
2501
2463
7498
835
1903
7838
702
6269
162
1782
7124
8772
588
6842
3029
2824
2229
3780
1558
4510
4914
6964
2347
743
4488
1048
6989
5350
2533
2670
4621
7684
3015
6738
4077
2064
2429
423
3237
1665
137
4034
8758
7886
8189
1978
4281
5177
5970
5320
8656
8330
3201
3861
1332
6313
4094
7191
6676
2167
3032
6620
7460
3978
3248
3642
331
341
6776
5599
6254
2679
6073
3436
7986
1234
8143
5760
5566
6756
2271
8264
7089
2192
7875
4778
8327
7798
4499
296
6629
6693
299
3971
2180
153
69
3884
3266
6633
1575
4937
3058
7135
5846
8376
2738
7897
1339
2852
5587
3305
7271
992
4727
328
2635
4609
887
5748
1985
7376
3527
2020
6407
4659
2326
650
1833
76
4070
4875
2452
4326
5276
3976
7650
6014
2109
4309
5358
3768
7644
2841
1815
4913
2136
4074
5393
2648
768
4314
6635
1932
907
663
5409
2523
2448
8688
4301
2695
4553
8028
3867
2275
3973
4033
3537
4671
3063
5842
5145
462
880
621
5943
294
5560
4383
2904
218
7069
602
83
2782
1418
5403
4361
5071
6013
563
2394
7887
6191
1914
5655
6671
6644
179
3625
8290
1530
2250
1722
2814
3783
5424
2897
3998
3193
1201
63
6096
2719
1644
5051
2198
4888
311
7018
6911
6341
4233
6882
5788
5418
5595
819
7589
2958
2654
1096
7178
2873
532
2439
718
3161
4502
5520
3892
4581
7996
1344
435
823
6308
8062
8673
2630
7843
1781
2503
5227
5420
5258
3693
5371
3337
7169
8604
659
3346
3790
7630
5591
5824
3424
5780
8767
4272
7319
6261
6560
1705
6088
2844
5680
7978
7744
454
6806
6617
8469
6336
1545
5822
5673
2116
1581
7824
8721
6848
5552
401
573
5490
8597
4626
6654
799
6714
4397
8511
6216
5746
5053
4664
8057
3878
7324
3048
8519
2159
1535
4235
7317
7668
7020
6960
1419
1977
8111
6109
7601
1193
6406
7957
6030
1538
3110
2909
5995
1012
3720
4718
3824
5246
3847
2462
2739
6466
7896
8053
7929
3725
3394
4482
2687
4639
4975
7378
582
4537
3628
7336
670
6739
4547
2332
7060
4782
6608
2622
5820
6852
2514
5008
1572
4764
5167
1577
1364
5344
4255
4974
5456
8129
5532
8416
7506
6171
7343
3681
680
3074
1331
6856
4976
3277
1753
4364
2307
1459
3433
1823
3265
8728
7543
4455
688
1970
2294
7721
7242
2281
1580
183
4903
7651
933
5415
6052
2634
6674
594
6770
5191
5784
48
5506
5896
217
5777
3931
1298
2373
1222
1848
8060
6495
156
21
6503
1799
6094
5714
2816
5852
8501
8333
4149
1536
8122
5366
4067
1023
4830
7968
87
7108
2500
1074
8036
7041
4855
6990
6765
8409
4493
4535
5480
8532
7806
2130
5179
5790
5767
275
8244
5893
1515
5505
6761
2857
1958
816
3757
4625
2957
5
1843
2773
591
198
4128
5956
6486
4780
1590
4047
2911
604
7437
1406
1659
4463
1812
4085
3220
1944
8423
3043
5485
5089
8415
7183
269
5236
1797
2342
8371
2461
7497
986
5421
4803
2467
4826
3588
555
7617
2924
900
5028
7584
7388
1382
8578
6824
3000
8174
220
2956
7026
1262
6991
5549
7441
6029
1526
4131
6081
7965
1049
7421
1539
5848
4398
6003
1902
6424
3954
5165
4215
5311
5804
3576
5783
989
7945
7571
8455
7084
2223
1604
2780
1814
3208
531
8503
4399
4501
2945
2714
6854
7768
561
6361
3159
6009
8399
3249
8520
2111
5271
3489
2944
2851
627
4770
4433
3670
7919
8206
2182
3239
393
1608
14
5481
5230
7246
2491
6784
6735
1116
2563
580
8470
7042
6589
5202
3023
4687
2964
7705
4893
2767
2410
3652
8692
3115
305
5882
2242
3560
6299
6177
1053
4166
7796
5918
2308
935
8523
5285
5515
1032
1436
3562
2537
1147
3125
5776
3150
4963
6972
8447
2059
6228
7466
7645
632
4266
6566
1980
981
3830
8632
3993
7209
4206
3641
6031
1838
4318
4932
3014
1555
7738
5206
8101
4221
5043
1767
4259
1700
5844
1314
6918
2497
6020
2593
7782
118
847
2512
8785
1014
7027
8050
5130
8031
6461
7899
8047
8398
7409
2094
2746
8500
807
2331
3953
6115
6008
7549
4634
2408
7540
2969
1124
4650
4236
5527
7444
4157
3046
3370
4642
5080
5314
8699
4293
3200
1748
8365
1293
8064
4716
8788
3573
4141
2147
7861
7731
4832
37
1198
8716
1974
1
3644
4452
8248
3413
366
7479
2176
5140
2570
3286
6973
5495
5442
5744
2868
3567
8132
1273
5263
5818
5986
7295
4743
4910
8001
2099
655
4169
7445
1508
3510
6823
4177
5160
6381
3458
1455
1107
418
7456
1830
7249
3174
8473
1019
484
2075
6174
8003
4230
4055
1922
1460
4517
5825
8270
1399
8723
136
7916
1283
794
8530
2472
1036
6045
3240
8322
782
1696
8205
3421
362
6481
8121
7365
282
3369
2626
4312
2556
260
5950
5740
3166
6283
1598
8341
8180
3187
8151
3336
4392
5570
1527
2322
2039
7393
3133
2072
2034
2423
6814
4999
7992
5773
4907
4416
4316
2615
6594
7148
5644
4552
1482
4738
8516
3182
6145
2186
187
8714
6812
2706
877
6307
6337
6660
1190
1269
3464
8329
5845
7291
4787
8367
383
7402
3105
7961
3283
3629
8621
7182
4573
8431
8542
46
5639
1660
8380
3711
6977
7296
893
4519
5799
1020
7511
2049
7530
765
447
3520
6679
155
4616
3891
3147
7091
6716
5837
2068
4065
3468
4920
219
7472
3143
5905
4254
1264
7592
4331
5720
8134
8173
7338
6656
8446
1667
6730
3306
7359
1468
2074
4379
3707
8255
1868
2371
5164
1085
6792
5762
6404
5915
7780
5471
3312
1496
1559
5841
1693
3155
8509
1081
3983
6398
7918
3808
134
6100
5559
3353
8355
175
6514
8342
4064
2907
7308
5154
206
8590
1537
3065
3452
1731
7255
8182
3706
685
67
4075
6382
6369
4210
148
2149
1141
6843
5339
4497
7239
4324
1810
8239
5148
3012
7268
1327
5211
6368
7233
845
8449
7834
1394
2713
7969
4709
5990
7883
22
1692
214
7974
3731
8054
6209
1871
2255
7485
1913
1779
6050
5891
6238
7512
717
1207
7699
1490
1898
6400
7129
7985
6074
1724
5510
2406
8066
2982
4251
2415
2017
5930
6163
8243
4401
1658
8195
2044
3329
5967
4989
1732
457
814
2022
5157
3280
7252
7287
8715
5594
5834
5215
5455
8271
3398
7747
6950
1510
6568
6303
6199
192
8136
6917
5787
7414
7755
5854
1695
4470
6390
2314
5372
8275
6500
851
3006
4798
2419
7964
3374
3826
5811
1859
1685
5199
5467
2589
987
4674
6944
5582
679
2458
965
1813
3318
8222
7583
394
5551
2238
8177
6350
116
7898
8358
5045
1497
2174
4562
5999
2362
8278
465
4406
5351
5041
1465
6084
5488
1413
2553
6576
7888
7538
4329
185
8660
8306
6786
7063
1687
4151
581
5163
2361
1218
7482
2653
6530
4673
5539
6357
592
990
4481
651
7074
4032
8638
7926
438
7598
3253
4543
8084
4988
6548
3835
6130
1712
1385
7936
512
4147
4582
6021
4449
32
5281
8556
5577
3310
8407
3185
1947
3811
65
1975
2033
2023
3857
3236
4757
4806
3296
3375
5996
1642
2259
5900
2401
4923
8648
7143
8736
2085
2650
6126
1959
2498
4127
7609
3418
1125
800
5268
3708
3291
7094
4384
8263
8048
3981
13
4938
5083
2947
1576
1718
1548
4087
1627
2261
6769
7565
1865
3408
1641
6393
2422
491
881
5333
5789
2095
7553
7398
5385
8392
7947
7433
974
7491
5578
3735
3257
4708
4703
8525
5195
2548
5213
7234
6724
5596
8055
5952
3363
1518
5718
4933
1984
7099
3952
4279
6077
1854
7595
559
7180
996
2224
3049
3845
5533
4170
8316
2129
1039
8609
1793
6788
5262
8387
8281
5037
5388
1100
5828
1167
7288
5374
4676
8163
8497
6190
930
3325
4417
837
4790
2985
5052
2337
277
7107
2518
4839
4029
2230
1645
4250
1876
6448
2529
5306
7593
942
2613
8200
1203
5939
2925
5642
3238
4648
8165
1713
291
2107
7082
6820
224
8041
3206
6131
4653
4576
8223
2794
4612
913
985
3964
4053
3132
7762
6434
125
3307
7972
6298
3264
7120
212
1127
5597
5024
1828
1600
6219
7030
8691
6214
3787
1954
3168
7707
4238
959
7857
4101
5659
6711
7062
684
5295
2315
90
3245
1288
5739
3499
4338
4775
4040
5521
612
2435
6971
3910
8312
8130
4742
908
6356
8734
4073
4980
8058
7927
4941
3668
167
6280
5395
587
3619
5906
1960
7567
1159
4110
2363
6222
3444
8216
397
4252
6184
8422
5987
2144
4116
1584
5210
1872
7820
911
2662
8225
7749
4699
7303
6967
6388
4945
3900
1281
3066
5125
5743
8425
6186
3148
420
5838
6893
2686
2656
7702
3124
2345
3609
1041
7017
2735
4987
6837
2568
5166
120
7520
4772
4661
5414
3300
6041
872
3441
8694
509
2921
1070
834
2624
3623
5260
6492
1668
997
2846
5342
7682
2932
8576
7363
5584
6740
564
3930
631
6403
1621
7404
6802
5779
1503
264
2761
4267
3407
7337
8779
1387
3994
7531
129
7269
3721
6970
2295
7351
8231
1884
7054
2437
2584
3967
2047
4736
951
5492
3680
7568
6043
6239
1105
211
7745
7380
5671
2640
1879
6347
1148
1433
2383
5315
8212
7777
8611
1206
3022
1448
238
5705
8307
5280
7149
8737
1244
7558
425
3097
6060
3191
488
3039
6152
5985
1290
356
1701
1379
6322
1493
8443
8014
317
4950
3667
4102
8308
468
7111
2908
3071
1946
4869
5074
3136
6961
8615
4799
3340
6293
8433
7442
7924
7377
6070
520
8071
1785
6570
3773
8226
3679
3377
4112
4424
6565
949
4728
7848
2901
429
5023
4012
3828
5115
1620
3640
5116
437
5365
7075
3317
4148
5869
7009
7078
3622
6276
2730
3064
8369
8458
3519
1540
6166
8300
5929
6048
7311
1885
8584
7341
4325
856
3216
450
1867
6359
7202
8326
619
7914
6230
6632
3694
6749
7516
8559
8273
88
336
2313
6822
2605
6399
1457
240
8389
4440
7560
3908
6665
1395
4405
7241
3946
4796
6657
6264
4192
8191
2709
6815
1295
6663
3944
7696
8748
1363
4306
5185
1384
3925
2823
8749
2528
7666
1738
4620
7436
5106
2370
4468
5186
8468
741
19
8199
1139
2356
1365
6499
4158
4951
8168
3114
324
3665
4402
1007
4308
1086
7350
3793
5571
739
4948
2025
3430
3530
8705
7853
5143
534
5631
2918
2051
92
8188
6538
6809
4027
3051
3332
6072
5809
6585
2763
7420
8450
7542
3142
6650
7126
6647
4548
5972
8419
3877
2426
3651
8634
7230
8593
8002
230
5322
8725
1481
1299
5136
7754
4570
434
697
710
416
1373
2096
3854
7322
3485
2280
7871
7994
3897
7905
7214
841
7049
5617
1341
6746
2796
1499
5664
8551
6326
7812
1391
3479
8484
4649
370
6168
848
5181
1964
1528
7564
8466
4002
3001
2927
6659
4618
2953
7474
3026
1328
8726
2155
1706
8697
7138
4219
6206
8137
5668
4712
3383
4762
6092
27
5229
1741
8081
8760
347
674
241
8282
8514
6484
5290
3326
3786
3165
4224
8063
4280
8059
2534
7114
8079
1568
2057
3839
941
1185
3655
7459
6825
1372
2674
5097
5451
4641
1801
376
3558
5569
4466
2184
4817
4663
7425
8068
2268
7608
606
2112
3818
2990
4834
7687
4005
2788
231
3859
4320
962
6532
6535
3400
6051
8384
3635
5933
358
5691
7658
4461
5535
5170
4273
7210
4039
6829
146
1000
3434
3380
3823
7610
4818
2893
2453
1149
7890
7175
8614
2478
6340
3666
6959
4351
8642
4043
5069
1389
8267
3465
3893
6061
1938
7256
6147
5423
5721
1458
804
5425
5751
4184
4295
8119
2222
6529
2140
2992
496
6755
5132
284
26
3683
7353
2984
3149
2119
6066
7632
8751
4223
3024
4904
1965
5447
2306
7880
8288
7471
5608
7501
6456
5151
5244
426
4628
6569
4565
8727
2768
6422
327
8472
6099
2799
1650
583
2131
2134
2050
4979
6110
7979
7467
5791
3626
164
1427
5980
3814
4771
3113
8344
6817
1425
7384
4011
8552
8711
8354
8221
6666
340
1464
6098
123
8204
2998
2403
2629
4373
793
15
1118
4563
8131
3812
3896
5217
7600
4753
5066
6292
5392
611
3942
7037
867
8019
2384
8784
525
865
2747
8078
7263
7799
1546
6582
2375
1666
2519
2442
4530
641
47
1305
39
862
6686
7980
1152
3445
5911
5127
2506
5011
2513
6183
1371
7487
1776
7882
4542
5543
4580
1770
3587
2128
6540
4813
7723
1276
3004
342
5910
5465
5707
6985
5169
3977
3535
2740
5711
1796
44
3321
4554
3591
6339
5238
1013
6851
6593
1895
3985
2598
8595
960
7309
1407
2885
8701
5963
6129
5015
5861
1788
3584
3882
2197
498
649
1825
7709
3
6771
5649
5240
2658
2701
2018
2661
3429
7136
7328
3158
2557
3873
1677
1130
6329
6136
6616
8662
922
2123
950
6547
2817
1500
1766
2727
6057
6167
5036
2194
3467
7373
54
6287
2465
3247
3493
8670
1248
7355
234
1841
5361
5172
634
10
4226
2287
3486
8713
6750
6068
8181
825
901
2859
4100
2150
5353
7231
5329
6741
7733
3501
8722
4747
3781
4706
585
150
6018
7228
7370
395
6395
4200
5304
1553
6543
1160
3831
461
4637
3123
8605
676
1928
3926
6743
1551
7832
8567
3800
3658
135
1541
6150
5494
8069
2601
5749
5192
8434
1240
4486
2530
6575
6086
1441
4132
7397
6920
6083
8251
278
2880
7282
6023
4690
8588
3034
7546
7808
4122
934
2717
6134
2139
4605
4702
5511
6951
1929
4955
654
3941
3451
1675
8612
3460
1231
2349
1237
2187
6579
8756
5976
7131
2027
2939
7025
3906
8477
3055
3585
5150
6599
4814
2941
7435
975
521
5433
5057
775
5044
7119
6745
8335
2955
3008
3070
4430
7893
1447
4635
2092
7383
5968
7254
1376
3103
1612
274
5672
8083
7856
6498
5537
2007
2040
5291
1432
8035
3491
5062
8155
2825
7611
6926
456
860
6101
3077
4763
7718
4906
8441
80
8323
7785
2805
4919
3037
6250
2378
5486
6684
251
1949
2153
2960
1491
7900
6454
158
919
8641
236
7066
5328
3690
5908
58
6723
349
4761
4304
4220
8504
5667
345
5120
316
2565
4292
4462
3869
8378
4394
4561
3176
169
4927
4367
3221
252
3320
4965
1891
7915
7910
4080
5326
2157
762
2146
3053
3674
5454
1402
1018
4785
6906
6702
5960
3923
1735
4084
7187
4431
5715
8582
1560
1588
7106
1778
1892
1784
7237
3907
5064
259
2210
2848
8234
6370
1569
5806
8089
1690
6104
3511
2607
3913
4261
3223
4532
786
4037
3899
6353
6234
4971
3841
5581
466
8560
5770
104
2539
5378
138
7086
6818
8719
1882
2029
7746
2933
424
2913
8256
193
4138
6857
4319
7794
3050
4498
6883
3101
7865
1184
7837
2680
831
8485
5182
1421
6204
2267
2532
2026
3770
792
2531
4805
1103
2203
4396
4715
6522
8029
7902
6789
3742
1789
7055
2996
4334
6223
7345
3564
3605
2459
7710
6715
1386
8235
3258
7908
5873
4811
3502
7349
1280
2052
5147
5989
452
6435
4608
566
926
1084
8480
2538
1691
5870
7490
4484
1440
6286
4922
3354
3788
1271
2283
4456
4426
1826
1052
7031
5321
5674
2790
8696
5277
6930
2216
1021
5075
8658
2646
2693
4061
3968
2065
8572
8112
6218
2737
5434
8120
8613
2690
5220
227
5517
6153
2042
3481
1926
1955
3928
2721
6710
8661
4199
7103
7430
2684
7533
6385
267
6108
6133
5445
543
3516
5313
1405
3945
1038
8403
2444
5288
7513
81
7522
7822
8220
6405
2010
7097
4970
787
7840
6242
2447
4958
5091
5652
8763
5111
3870
4420
8596
1112
4732
733
2404
640
3656
5077
1676
4228
2758
7387
3551
4935
6586
6561
4779
6849
2879
181
4911
7997
4106
8747
4197
1702
3235
3069
5498
1473
3117
1263
1047
3556
7469
5768
4218
495
8770
2808
5941
5807
367
5439
202
3761
2772
2172
3969
3062
0
6572
5349
603
3054
5259
7176
2019
7711
8585
6541
1002
6550
5916
8373
433
404
1945
442
2591
7911
201
1265
5463
4287
8015
916
735
1514
1907
8347
1694
5298
2006
1486
7528
811
4800
4549
3461
1597
7951
7390
2755
7461
7155
5829
7266
8693
2543
8577
5823
5255
2798
2667
5850
2585
6116
1881
4225
8580
7162
1610
3834
5379
6058
7502
3728
6757
7976
6596
8211
199
6615
2327
7158
5203
7139
4010
7334
2154
6880
4246
3895
4867
4256
6600
3302
1774
2968
8474
4556
682
1593
4412
3827
8557
281
6562
4868
7218
6536
7586
4480
3601
5033
121
5413
8465
8147
2305
505
3367
3294
734
7870
4982
8114
6984
4260
4450
1772
5589
5876
6457
7680
790
1765
6661
5309
3611
3210
3199
1845
6017
6410
5553
4313
8276
2741
1236
7215
1162
5890
7371
3636
2409
4327
4428
7085
2104
2121
2093
2677
4104
338
3095
7455
6319
647
1595
7556
1522
250
359
5907
6709
4964
1795
7039
3397
2226
5121
4336
265
5484
5514
4849
3211
6330
5076
3566
5604
3779
3483
6879
8208
1067
5034
8332
1513
4873
2564
801
5312
7594
8287
5122
2675
1479
1754
6306
6923
3184
8214
145
903
738
915
895
2875
5632
2276
783
5887
4008
2694
6583
4533
3563
5826
7141
2292
3092
4508
3204
2220
5877
4283
1561
3805
7858
1087
3684
3298
5489
5131
6215
5417
4536
2940
2069
6641
4766
7289
4646
3358
5793
222
5695
8460
3726
1055
8345
4538
2708
4144
3497
4804
7860
4294
6751
1567
2554
5405
5585
4978
5448
2765
8153
1308
3922
5637
2089
5357
6235
1135
1571
4760
1983
1836
4473
7694
1751
3932
6316
5554
5865
4755
4819
551
4188
6367
3335
1317
8512
1089
8252
7306
3011
7835
7677
1416
4859
6813
7833
1282
6559
5759
61
4596
5803
408
8113
5369
3495
852
3647
6907
6180
7236
4883
548
4134
678
244
411
6312
3718
8096
4208
289
7462
1449
8042
2633
5974
5325
6988
5468
5289
6054
7741
5856
552
8462
8098
1224
403
372
6915
609
7098
6564
653
4802
8428
4931
3807
756
8366
630
7967
2456
4204
4093
2379
4333
817
8459
2866
661
346
5466
6328
5256
4439
1030
6123
2536
6196
7323
1651
2991
3017
2133
5710
3618
4408
596
3616
5030
3580
2108
2542
3292
7921
3676
2809
2048
4725
4265
3589
7261
527
1626
2279
6905
1554
3575
2861
2055
7342
1324
5966
7949
2164
8603
5819
8388
3227
7038
7716
2353
7068
7081
8676
3712
6909
3057
6698
6241
1316
5094
6248
8666
6838
5643
8011
2103
1294
3557
6706
5503
7817
1619
6853
45
6169
8116
2097
6645
7653
117
5717
6584
1759
6268
7998
2657
7056
745
8683
8703
5708
4751
3285
4750
1717
4719
3740
864
8039
7464
3232
3512
4521
1277
560
2916
7555
572
6470
8647
7095
4567
2550
6256
2117
2282
4559
4045
8479
6038
8044
3543
279
4378
7935
2837
5387
475
1338
3031
5469
5526
2715
5736
2398
1098
3654
991
6574
5885
3514
2777
8194
4759
884
210
8018
3631
7240
7846
1972
5068
5088
6870
4048
3428
1320
3539
7203
2802
3613
4352
1896
8738
3417
2507
5775
7411
6324
1991
5558
6079
5198
5253
7728
4886
7849
5727
7987
6872
723
3450
8075
8045
8279
7499
1962
5648
4629
4697
6509
1570
1259
312
5336
7446
384
2692
5627
2231
936
1747
8619
1252
7764
2863
4176
6975
7615
2762
5368
3937
7640
7765
4700
4662
1323
5224
6024
5017
5257
8707
6556
2376
273
4321
216
7574
7285
2886
3392
3821
5384
6847
3002
771
5926
2196
5973
850
5422
5500
7970
5616
1763
5883
2810
3304
3028
1950
1446
1452
4862
315
7894
2081
6793
8030
7281
4269
4705
5964
6164
3553
6251
8602
1445
5940
6389
1809
4253
6844
1573
4994
2535
1669
1616
1143
616
5959
3885
2414
5723
5764
2525
8427
906
4670
3794
1889
1090
1101
4593
6335
3207
8635
3648
6643
2202
2003
789
5302
6203
1356
8487
1786
1424
7973
4448
999
5745
8495
4795
1839
3677
161
5732
8769
1435
8541
5270
1006
4443
6474
7606
812
5441
3276
1652
6974
6439
8161
1574
3982
5159
2728
2789
3016
2508
1816
7372
381
5398
2466
5878
4311
8626
665
8285
51
2416
3268
646
4353
5235
3695
8237
5373
68
8464
1230
6227
2366
1911
4723
2232
3791
1073
1134
3301
1893
7450
2895
7184
3753
5719
301
5450
2732
1874
7275
7850
886
6808
6449
5003
2368
4540
7480
3933
8017
4940
4453
1648
5735
4202
478
5678
8118
2334
3494
1337
2764
5025
350
7515
2884
7510
5204
8299
8280
1189
2199
550
5646
6969
1044
3902
8138
1670
5650
5476
3005
6291
2485
8150
6366
363
7706
5557
1176
8545
2227
1183
5902
3916
5296
1646
298
5634
1369
7922
7100
6010
3094
1750
8385
2559
2399
4897
8049
6581
3426
4946
4464
191
400
7529
6363
1563
448
1585
3792
4843
4239
1609
6122
8761
5352
8786
2923
3532
4514
8680
4704
1605
2894
7863
5347
8154
6948
2434
6681
2474
2221
4672
5935
7104
5354
3308
1017
4668
8568
1544
4789
6011
6874
5932
526
5098
5903
8372
8414
6603
7032
2881
3128
8783
1905
4594
3432
2269
7304
2517
6253
6125
4111
1088
1398
7050
8009
3842
5540
427
8309
5158
1818
7950
1506
131
8534
8610
8592
4558
5411
2482
7892
23
1981
246
615
3822
6259
2214
5144
415
2597
1155
7802
5725
7717
2524
982
1132
3425
7788
7836
5771
7201
3379
8100
7760
2641
3819
4600
7192
494
7572
1999
896
6277
6138
4968
6708
6595
998
6226
4998
3599
8452
166
6281
2822
6494
8013
1775
7787
7134
724
5633
4511
351
4918
7354
3081
1831
307
6703
2191
853
3102
1478
2608
3073
8184
5565
5687
7659
6034
4961
5541
1656
3772
3018
6900
2248
2946
6146
4610
8655
5561
2915
2659
4515
7826
6609
7386
2599
228
7577
1936
2212
5693
2402
360
4244
1180
3898
905
5334
7575
1144
874
6441
3777
223
5879
5686
5355
7854
8741
4183
8
8536
5056
7776
1842
5917
7920
8123
3156
776
8269
2625
3278
6117
8675
4315
2748
8548
1672
5027
1516
662
4633
1165
4191
6252
1077
3196
6260
5338
8753
4212
8622
5108
4934
2359
5948
885
8478
6118
7903
7554
8506
2540
2490
3099
303
3646
3703
8745
8093
113
2973
476
4286
2710
2781
2892
5460
2219
4682
6726
6240
4959
8293
5682
6719
8421
3853
1894
190
8624
1733
1158
2189
7823
6288
5129
1715
2711
4720
589
7757
6233
3463
1151
5700
3091
6781
2623
1783
6691
708
302
4579
4816
7607
4052
1987
3170
2942
5938
3311
8310
8364
7805
1519
8158
3940
5831
6225
4171
2243
6063
5904
4245
7220
3700
5901
7412
940
5457
1994
5282
5331
1820
7130
3888
1901
2021
6255
925
2582
3130
5050
3498
4167
6384
7629
2791
7937
2090
7544
5753
6149
8628
7419
664
472
6519
4357
1205
3390
5086
4425
1297
3764
6862
3217
3758
1851
1064
2902
354
6175
769
4031
5004
859
1287
781
2193
830
1033
8689
8128
1792
530
2177
7735
8268
2200
2874
2722
7942
2807
3966
6634
7514
3100
7726
3388
750
5564
3108
3903
6637
4577
1878
1931
2828
522
2645
1727
2436
1927
4791
453
4130
203
3013
3456
5307
8241
7662
4972
8679
7701
329
7144
6078
7361
4441
7712
5919
2091
4737
5327
7142
4995
6670
1636
1122
24
1995
1745
4896
1182
7813
824
8099
7622
60
5737
3328
1063
2720
5728
8215
5750
7356
1336
75
5375
7071
1948
2733
7579
8424
5645
8654
6212
6274
1411
8377
3219
151
1404
5657
4159
5216
691
6537
4323
2994
3437
5176
6669
1909
4748
2272
1202
875
6231
3025
6001
4341
1890
6333
7223
3816
8198
2919
7993
3482
7213
7956
2619
3194
5713
3181
1489
3106
945
1361
6302
178
4209
8175
2043
2079
6431
2587
4372
8135
3784
705
4733
110
6892
6804
3096
6015
7566
8709
1114
2122
50
2760
402
6325
207
7194
2162
3887
1309
4990
7991
1507
6986
6830
1233
8391
4299
2636
2971
