2256
6531
6263
5290
4345
7696
7034
4258
3134
1455
3327
5324
1662
6472
614
6118
7910
5361
5787
6521
1291
4271
126
3412
1824
5181
8465
8653
1614
2692
7623
23
6632
7885
6683
6786
2499
6064
6503
8029
7880
6474
6564
3911
2729
3432
5665
5090
6975
1812
6175
2719
3316
8250
7131
4773
4974
2921
2642
1331
3215
7006
2179
6983
6158
5791
4243
2829
1978
4206
4612
3054
8491
2531
4599
4557
2512
3891
201
3276
1486
1041
2138
1857
2936
3194
3780
2984
5696
5634
7133
4373
2240
3338
4574
6063
6889
5438
4116
2533
5832
7259
3858
634
4316
4697
7792
5068
514
3347
4577
2762
2110
1836
4083
5159
1094
3745
5795
4845
2474
8088
1644
3504
57
3413
6398
2057
6491
5559
3470
8225
4933
3486
6206
6046
5497
6034
5225
8109
856
6617
3073
7366
7872
4408
3410
8451
6195
1149
4740
2168
7843
2787
2664
6572
4239
7527
842
7107
7098
4748
178
7045
1224
7398
3725
6462
4306
3820
2491
1625
5884
3876
5381
5026
255
482
8568
2950
4691
5889
4365
99
7959
1135
6550
6589
3343
7121
5708
5018
7670
5470
8689
613
7048
182
5380
3441
8469
6052
5472
3328
3405
8780
5084
7394
2226
5162
3812
7643
3866
5144
7312
8558
3926
348
3357
3260
581
8622
418
364
2900
6149
3559
6994
2341
3701
2711
2354
1778
4679
7272
752
3929
1052
345
1447
385
5383
5072
904
3974
771
4424
5404
4361
2357
7680
7282
2848
3304
467
2690
3729
1372
6222
7652
1371
6738
8705
4857
2431
1886
883
8262
6354
3732
5799
5347
4415
6176
1102
4308
3631
7805
6791
6775
1445
7330
6035
7977
145
515
1270
1354
5493
758
800
4788
26
2029
7252
556
1499
8391
2916
4220
3648
6199
5527
5774
6843
4161
8423
4285
7989
4466
6861
7956
5993
8047
1013
6543
2242
6584
7596
8783
2545
1004
1815
6626
4662
4710
8503
750
4893
1936
30
3666
1116
3975
1905
285
8143
1406
8226
5542
2444
1390
4908
5331
5496
4914
3516
4495
5433
5270
4807
4784
1725
12
2850
8075
2604
4871
788
3774
1669
4501
4675
7108
4868
2201
1618
6645
8086
6903
1658
4830
5919
4187
6686
3917
4321
4007
1011
3796
5495
6120
81
79
2960
5477
719
2716
6320
8347
5183
3014
1758
578
8528
3550
7689
6025
6939
5591
4613
2281
1932
7731
596
227
3342
6186
3710
97
7676
8027
863
1572
3597
2003
2828
2406
1444
8033
905
6050
5384
8374
4547
6
1461
2967
4246
6406
6829
34
7900
1437
903
6716
1328
4631
720
1600
6323
622
3002
2366
6721
6864
5248
4237
962
5138
3840
2024
8004
7362
7644
3771
5936
6850
5944
1695
4572
3510
1782
2181
3754
2276
1279
4009
5938
7154
2976
2843
5710
7852
6895
8691
8304
5932
4472
1137
4283
7122
6871
1563
7669
2586
180
5465
6933
3176
5828
3157
7053
6702
7199
7502
4254
6121
1334
64
3503
5396
5986
5475
3302
3482
7929
2830
4218
6374
8634
3890
4727
8245
389
5569
4212
8070
525
7241
2285
6269
3472
3875
5416
5354
1222
3707
875
4073
3247
7120
8068
1602
1157
7591
1869
840
647
2990
3147
7240
4173
7281
1751
6141
7897
5784
6438
4873
5300
7096
411
8140
6726
1237
3757
980
535
803
7074
5735
3346
8295
7794
4737
3560
4702
911
1114
8214
1259
7095
2600
8101
6487
3622
5744
4565
8759
917
1968
2910
8103
8728
3403
5583
2066
565
1648
1687
6464
6465
886
2822
3856
7127
3058
5368
3587
4602
4357
7081
6953
4735
2297
5643
1043
6823
3209
58
3790
6169
3965
7651
1330
2816
2739
2061
7561
7102
5333
7493
7409
1086
7189
4944
2670
4542
8360
2778
1651
6674
4982
8758
7642
3874
8312
3351
2961
2108
2298
791
2227
282
4724
2188
6986
1706
5252
3459
8356
6355
5812
3673
7447
378
4325
8324
1764
167
3904
8190
2219
5064
7939
2257
6346
2594
6750
6140
2726
708
5814
138
6074
2639
5968
6734
6954
1407
429
5875
8141
6718
3781
5509
8664
6620
18
8751
7091
2947
1790
2013
7460
6401
4502
4453
366
2099
8433
3320
564
3193
1705
5833
604
8565
2880
6385
2724
2231
6714
1212
8258
1465
2091
7873
8499
6628
5629
4880
570
4532
4081
2546
2237
2379
4188
1368
2258
1382
2636
1902
4421
8316
1028
4751
102
3657
5861
2316
7389
5392
2437
4496
6887
2086
5980
2207
1835
3628
6670
5957
3508
4334
3106
3495
1175
2145
3401
780
110
4277
8161
7740
2744
5859
273
5740
1854
620
4793
100
4226
5562
3400
396
6709
5280
7387
3905
8774
3384
1007
1133
3458
7831
6733
8676
2194
7498
6457
4058
2407
667
3182
3994
1745
4018
185
5547
8550
2313
6945
3262
4005
1255
2876
1588
8742
5945
2879
2345
3718
3741
7418
2043
4483
3850
6703
2378
6192
3690
7052
8177
1078
1363
3739
1820
2011
3151
2662
1708
7482
95
4881
2082
737
4445
2970
640
2992
2548
4946
7299
3174
2048
1443
2853
1391
2450
5047
2462
5887
5317
417
6879
1610
6497
3997
1358
7336
1589
247
6916
6182
6898
3517
7216
2777
7156
6612
2918
867
3398
814
6352
1414
2805
3871
7499
8409
3549
4399
1064
4054
3522
7306
7984
6557
860
1096
161
2989
7039
7278
2723
4000
495
6333
6128
1110
1260
6814
8419
3201
4919
657
8686
131
1036
5235
6483
2246
5971
1454
4358
4323
7639
8358
4133
2383
3324
4530
3248
6660
540
946
439
3776
3436
6387
2736
1050
1142
2985
6756
5503
6713
4214
2628
1355
6381
4269
4256
3377
5657
4480
142
5125
4834
1487
1366
3211
6882
5409
1341
428
3053
6367
3699
7716
6351
1471
5781
8074
7251
3292
3135
7958
7110
6102
7683
2349
3238
2309
3885
4335
2772
1606
3142
8026
3180
1639
2180
2608
6350
1694
5617
1591
4136
2394
4016
1497
4469
6171
3454
5894
4759
1176
5323
2451
8505
5327
3783
1168
4790
864
618
4063
6356
1692
2399
7038
1555
1012
7302
1878
5274
1785
4276
3308
4904
505
914
2193
1728
6967
5344
2344
6504
4682
7682
4152
4956
1671
7955
1522
8621
1628
8776
14
8170
2672
589
8656
7268
6919
7760
7700
5414
8020
3619
5994
2302
4726
6798
6494
5834
7379
4539
3848
8023
1552
8291
3370
5692
6317
1784
6125
1404
7784
7944
2368
5042
1901
151
2039
3336
1949
19
5385
3759
3892
1105
1460
3960
3325
1261
1518
8782
1684
4752
4522
2033
8082
8542
1676
5236
5924
5285
7853
7833
6901
5739
8137
6923
2963
1503
3999
4664
7589
7114
7215
5481
6420
1081
5943
8098
1862
5845
776
7709
8723
7528
7942
8242
5182
3365
6309
5112
3354
524
8412
2296
8275
5823
2393
2137
7567
4853
8211
6218
562
8012
3697
4560
400
3212
7457
5891
196
4629
2441
8185
2589
4746
7917
2667
2325
8302
4911
1121
7166
5340
4462
853
8446
3164
5479
3684
5818
7072
7169
5019
1283
7441
838
6780
1101
8024
2742
6607
7871
6093
3985
7461
6009
2157
1127
6831
5742
7969
6964
4494
6368
630
7867
2768
616
6183
8589
2958
2953
2501
6675
4095
7317
4383
2908
7666
3954
1861
1161
913
8299
4078
8261
8089
6743
3957
5010
5858
2202
2422
3116
8678
7513
981
541
7657
1339
764
3724
6436
4451
2625
1389
4935
3008
2311
7980
6095
6685
5029
1365
6789
2332
2177
6947
6739
5250
3480
753
3009
8657
5031
212
559
4917
1599
4658
1876
1430
1632
2920
6848
6694
7318
6048
5266
4665
3062
6028
6427
7607
6300
266
3537
8652
3007
5899
2135
4492
8399
2312
1453
990
4359
195
7017
6291
3041
7254
4973
1155
5229
4519
2293
4562
3894
5646
6252
8703
3379
3027
1206
6495
5767
3139
4537
2524
3121
1020
8724
8720
137
2681
4905
4831
3391
4052
2161
375
6078
5492
3444
2118
6754
6433
7964
7151
1976
6711
157
4420
5471
7159
698
6345
2436
240
6023
7444
7912
2200
483
0
3003
6361
5406
3288
5287
617
3571
3358
5921
4349
2253
5967
4376
5567
2320
7416
2432
8158
7232
8770
5374
5049
4029
5532
3907
826
7985
1254
6600
504
689
2683
6303
5400
6546
8197
8775
1026
1262
5276
1547
7624
5427
1630
6657
3506
5901
5915
7392
279
5053
7845
4681
2350
6752
3861
6293
8522
5012
4069
6270
3396
72
2580
1194
4814
8286
1307
4295
4118
3067
736
5399
2977
7411
2944
7518
2428
1646
6943
1350
4806
5611
1171
5178
8081
6556
2216
4507
5351
3153
628
7861
4963
181
7918
3218
5911
820
6782
4410
1860
1427
8381
4716
1788
1482
6376
3443
1670
5571
1511
2738
5120
520
8236
2630
1637
5421
2174
5088
2587
4921
5653
6526
5262
7550
13
4499
655
5624
1642
4931
5161
2521
5189
5013
6800
5882
1799
7500
2453
4270
1636
7450
117
7051
2713
2734
8091
593
7875
5939
591
3199
7559
2824
1542
5642
8323
7770
4952
1798
6399
5837
8530
78
8566
7088
4379
765
7355
6569
3407
7698
5413
4590
8241
6013
1392
6370
297
4120
4245
7426
3582
2165
3145
6863
6984
5526
4508
4770
4968
1463
2847
7688
1688
3335
1093
1084
7801
8389
4832
8478
2071
4941
7536
5242
330
4017
4272
5222
2269
202
1697
6337
5174
2434
1707
7375
2338
5844
2902
2115
3869
2633
4821
6127
2330
6995
7860
4526
7486
3397
6921
6342
407
7480
4852
3703
3094
251
7616
8277
1207
2540
8747
4092
7601
654
7277
7008
2641
7062
5099
4636
7198
1310
4878
2982
8176
1701
714
4155
2749
8188
6567
7667
7982
6103
6042
7484
7924
1257
1817
444
2336
7329
8658
1495
2609
306
8543
837
2913
442
1485
5275
7353
757
8367
4178
7466
5554
3478
7388
363
7533
8487
6695
8244
4851
3016
4810
5179
350
6424
6384
4477
3185
3037
5926
6142
1629
2839
7491
6601
5700
43
5002
1756
931
386
6562
1916
7303
3767
1923
8514
1584
6157
974
2917
5271
3497
371
2682
943
1069
1329
5995
5442
5066
6904
3281
7735
7869
7571
8523
7400
7474
4915
5817
3521
2041
1686
4236
4734
4294
7692
6106
5170
435
5237
6830
3581
529
704
2001
4570
3104
5709
624
96
7934
3782
6579
6447
1023
6963
4783
1112
6089
5584
3149
2278
8332
3511
4096
8415
2649
1541
8692
7386
7037
8777
3592
127
1125
3768
2089
3632
4758
4059
8754
2420
1162
2997
7354
7179
1348
7703
2712
412
4166
2445
5341
6388
1386
855
7222
3409
2905
945
1924
3579
3356
5997
2438
5077
7890
7294
2783
3695
3293
2806
1867
4616
4433
6363
1300
921
2995
2190
6725
2142
434
8587
6393
7483
7322
1314
6881
6872
42
5842
680
1742
5288
4978
2196
5103
3236
2607
1017
4757
2114
8588
586
4301
7857
4184
2935
6746
8541
1825
1153
3543
5167
5278
1578
6997
2885
7818
6922
862
5356
7344
1326
8768
7320
5446
2343
6036
625
1293
5451
2044
7126
4993
3431
7372
5147
1951
6991
6011
636
6058
2741
7490
2708
4244
717
679
140
1156
6590
8210
7492
8509
4292
3687
3652
1983
7149
4561
170
1109
4209
3968
6717
1557
1839
6679
2036
7338
5738
6638
6637
933
6124
1549
1929
2255
1703
8512
6496
422
7196
6581
1920
5299
7118
5436
7220
8716
1286
311
1532
685
4106
6203
743
1681
907
3154
2875
7401
262
7539
2069
1269
6115
7323
8126
742
6311
5412
413
7979
4671
2863
3269
3644
8276
1866
3877
5874
2522
1957
8520
6841
2701
7679
5305
1801
2858
1299
4688
3541
8336
5728
7109
1844
733
3651
2555
6511
3433
8464
6143
458
4723
3873
701
5137
5685
4461
7776
5822
7777
7780
6849
4949
3716
7714
6524
8379
8696
3545
6642
4139
8349
8085
5296
1948
4397
3925
6970
5316
8248
3901
5806
3980
5468
3047
8717
3447
3620
7837
2654
8462
6417
6408
8473
7496
281
234
3077
421
2171
3072
2785
2788
5773
4937
7673
1763
7782
8740
5403
2757
2644
1865
4899
7321
8413
7821
3719
1853
3558
6965
4999
3680
806
8327
6937
3832
8305
1097
8435
1587
5198
356
4170
1682
5563
1440
2392
2465
302
5325
8741
5813
1939
1531
5940
1395
893
7249
2714
6834
4423
1741
4159
7085
4940
5602
3889
2421
8570
6431
5989
2980
850
7261
2158
1215
6824
8317
7991
671
4153
4142
1677
6627
4729
5656
5175
710
2496
4989
3859
98
7376
5803
498
4443
152
5947
2166
7287
5464
1332
5098
4985
2797
119
5607
38
3158
7848
6091
1952
5267
4511
4203
291
5302
325
2590
8662
7100
2051
3368
4001
3489
8200
5598
8283
70
1484
3440
5499
1359
1567
2035
7665
8547
7764
1000
6966
3330
4731
3040
1521
8329
4711
639
6728
8639
5441
3556
7511
5718
3829
8104
7242
8533
6767
8278
4400
4331
6459
8191
5702
7753
7012
5184
8756
2493
339
3084
2090
7884
4366
7464
2538
5533
6935
5346
6232
3709
8271
6893
7469
3241
408
2384
6890
887
8202
3309
8553
650
437
1855
6566
5672
2855
1347
3415
7047
3606
2480
7505
4234
2727
7221
760
5378
7356
2342
2386
6575
1172
4027
8672
6900
7523
2622
7004
6653
4406
3696
20
8529
8769
8485
1002
5253
6414
5457
403
6677
2358
7050
5558
7803
4673
8195
6296
4749
748
3023
165
7068
1014
3378
4885
1178
7514
3603
1351
1746
784
3591
1996
4257
4804
4030
115
2934
3303
3967
1377
5133
5637
4976
7476
3756
5208
5217
1875
3574
8148
8599
7575
6181
5489
740
3722
365
2663
3283
6614
7026
7707
2412
3166
8342
5482
1129
3170
3491
6208
5192
4068
335
5999
5
7684
6378
4618
2537
1765
2890
2010
6499
2414
6956
7270
6340
249
6392
5662
4100
215
7774
6298
8371
5165
8476
5046
1040
4374
4384
2720
4193
346
8772
3256
7638
572
4274
6068
360
204
6510
3749
8659
8735
3044
2565
6548
5923
4101
8699
2391
8685
4798
2455
2677
7255
4778
4591
4521
4776
1044
121
5981
3216
2648
2516
1190
1413
376
461
7135
2552
2518
4867
5666
8306
1317
5359
1179
5004
8551
2014
8789
4777
7042
3112
5802
7018
1984
6968
7340
7454
1192
665
4967
988
2467
5261
7598
6712
804
2869
3312
6153
5772
4677
7578
7155
21
4216
4315
5014
8234
441
4228
4491
1805
7112
4057
4252
5202
1265
2517
7815
2948
4594
3982
5200
229
3578
2605
703
2674
7807
2725
2718
6187
7136
6592
192
3523
2665
5644
4900
8623
6450
2435
4805
1709
815
5820
2147
4648
7641
2301
5094
2940
2678
4375
1937
307
7572
1140
648
5362
6403
6813
1008
986
3111
6482
2978
4909
5633
2199
7165
1357
3078
5888
3881
553
5171
7138
956
7311
8042
7739
4319
5405
950
3698
4692
3322
5426
6029
621
8709
4432
676
7579
258
3554
6538
6804
2755
1585
3203
5073
7488
8232
1959
993
5397
1403
4951
8038
2016
8
3795
1147
663
8171
5589
5671
8320
283
6629
447
275
684
638
6241
2804
1985
2684
4407
3590
1321
2870
5707
2503
6810
1285
5749
1760
3425
3191
2784
8050
1955
5516
7595
6948
6720
6910
8066
2150
8746
3513
3700
4067
8477
972
7494
2103
6779
6000
1754
8727
359
8055
54
7914
1802
2197
2868
5949
2294
5244
5394
6061
866
5619
4074
3804
2795
2117
7478
7485
3119
6588
2504
5110
2650
6766
3966
953
8375
4382
3996
1287
3493
5721
5096
6302
8557
2883
1421
7256
3785
2673
6282
8627
4601
5990
3737
4634
5336
5862
4392
1126
1038
6429
5658
1228
5552
8773
3532
3643
6278
3857
3694
4036
7927
928
5258
566
1732
1721
2362
3842
166
5461
6672
486
6648
7543
576
4754
7382
1305
1022
299
4149
7434
6085
7628
6162
8344
2241
4653
6955
5337
6178
8501
538
5289
6150
5625
7289
1092
5610
8482
3734
5759
4510
8531
2304
4387
7566
8339
4360
2721
7804
805
2232
432
1998
6776
6217
4148
4297
1953
836
8297
1768
3488
590
951
1574
1073
82
4309
6167
872
8421
5067
4304
8771
569
1258
7403
1894
7509
7405
4164
6133
8506
3233
3989
3773
2478
5043
5238
8284
4701
5831
1693
300
5847
930
7834
1362
7605
1526
2857
7253
1060
519
2100
8736
3437
3337
7637
7435
4837
3665
1158
372
4137
2472
5491
1593
298
5770
5306
4175
6792
4324
4879
8319
3798
7436
317
4515
5974
4402
807
2310
5312
769
6441
69
3575
1783
228
7905
210
8330
6950
4546
8205
111
3148
6478
775
2896
6724
490
8064
601
8442
2211
7859
597
6062
4755
3210
2841
5169
471
5865
5224
2702
5904
3634
5691
854
5935
8132
8308
8687
6715
5525
3456
3539
1174
6506
1534
1045
4962
1476
7962
5840
5775
5905
8273
3117
1972
4286
4247
3918
6253
3762
4481
1580
6684
1240
691
7883
4458
7743
2679
6245
2832
2390
6764
6193
3167
545
4356
3026
5703
4518
3332
3483
1312
6435
2730
1195
2327
206
8301
8481
404
1475
1316
7997
1536
7838
1396
3884
5804
5500
7899
8714
3727
5783
7640
6682
6105
2423
3096
8221
6364
2526
4769
7176
3223
5061
7535
2582
3915
4351
6411
4490
4504
8466
2937
2141
1775
1199
4771
7423
8196
2539
7101
8498
354
2592
2019
347
4578
1678
8646
1247
4828
7468
3457
3969
3278
4289
6993
1938
149
7186
4579
8031
7975
1619
358
874
223
7075
241
7945
3805
7430
2543
5116
6633
6051
6108
7892
5667
395
7612
2488
1582
5092
3515
5458
4966
5676
3070
3868
5736
3464
226
7602
607
7132
958
1035
5478
5523
948
8182
2248
1090
3225
2658
27
4180
1601
3864
7346
754
2305
1507
6990
6455
7649
808
3748
726
2923
5081
239
6281
8218
3243
927
3290
4103
2500
2402
7424
4876
5568
3738
7214
6012
1448
1211
8755
1993
6924
4072
7531
394
7142
4544
1850
6347
4089
6055
7734
6867
4796
5535
6434
6635
2187
6762
8022
257
4640
7314
550
8647
1873
7202
3305
5197
6768
8715
712
3051
3474
7868
4505
8215
3326
3953
7987
987
3205
1748
4536
8257
5082
6857
7145
3172
8032
4651
11
6234
3940
4034
1047
2884
1730
2616
3100
4781
777
5970
5836
2821
7766
5975
1831
2058
4803
6087
7015
4934
3753
5386
5213
5095
2042
8592
491
587
7412
3393
445
7620
2419
8695
2901
674
5961
2859
2906
304
8057
6067
8554
8546
2862
5218
1696
2087
7429
2561
4186
2893
1111
8034
2476
7087
6680
1716
392
7070
8535
2671
542
6479
5838
7750
5918
237
2542
7407
3544
1960
6480
6172
3091
1289
7839
8192
7209
4541
232
4865
7881
5473
4231
6163
4761
7167
8008
7943
694
6949
7408
2943
488
2567
6416
2818
4520
5550
518
7046
5168
7754
3531
369
5811
3913
7150
7442
7347
7061
7631
41
8294
2867
6599
5185
1402
2274
1143
1641
8128
6467
8608
1288
6327
4312
8357
7427
5991
881
6454
1214
2275
2012
8417
6329
642
4800
3494
2460
3244
4460
6185
3012
3252
8181
5860
7016
6944
2851
5411
5514
8560
2
508
134
4441
7157
8289
7967
7227
6129
1565
5581
7549
6428
7044
462
1623
8569
4586
3750
438
6119
8642
941
175
8559
3607
4812
1226
8405
329
6577
661
4350
1613
6425
6139
2382
5906
668
2706
2998
5407
1063
3298
4970
136
1928
2251
4715
6007
6017
2479
8254
3682
2655
3656
3466
2668
787
2105
3318
1880
2439
3188
1141
1173
4870
5856
2838
7718
778
6960
1749
2228
6735
6174
1731
7737
455
8407
4040
5054
5675
885
15
7947
101
795
6383
4035
1713
7298
7203
2225
1871
7866
747
6442
3257
122
1649
8738
8274
6818
528
7765
4050
1470
1622
6862
4337
6045
824
6173
2759
6138
6915
44
4750
4484
4822
1191
8281
6209
6578
4930
1827
6468
2032
7448
3882
246
2571
4666
1294
6109
5682
6654
8162
8680
1562
6610
2300
5613
940
6469
2505
8511
7685
3224
5743
8365
6365
1282
8322
8455
835
8456
4273
7787
3731
5172
7736
4718
8383
1877
8729
5543
4950
2782
2652
5294
8684
179
7417
1616
561
7333
1459
4447
8368
8206
235
1375
2454
86
7551
4041
264
7029
3383
6198
6014
6421
1819
5782
7339
1290
7994
6177
6926
3439
120
6049
1410
6805
2333
2218
1099
2321
3930
8673
4927
7449
4660
2699
4110
463
154
5186
2835
3052
7808
2771
5929
3640
6277
8046
6874
1926
8145
6821
8387
5502
3160
1456
6101
4104
4972
2752
8648
4064
5577
3833
2483
5216
1281
1424
7617
6216
4719
1187
6934
4343
5757
7755
2106
4288
2811
584
6412
1882
4396
2481
4765
7455
5612
3988
8638
4528
2408
1263
5087
5925
8006
6523
5136
7139
1353
6710
5582
1811
2551
5156
7342
4797
1010
1752
3323
6005
424
430
5089
2139
6308
8352
4766
1638
4558
6249
5664
6402
1899
2887
5388
1851
5466
2745
3406
3838
5737
5129
2946
393
1076
959
3314
7525
2914
2031
7304
3676
7937
7921
7756
8424
5622
4953
388
7099
2583
200
1925
670
7986
1832
2315
1829
8694
5765
8173
8414
4955
4597
4886
877
3284
4176
7391
5163
6180
6669
4813
7819
3485
606
4352
1520
5586
1995
4861
4626
4024
7428
6911
410
1796
1337
7931
2144
7345
2968
3375
2988
484
8411
2593
470
544
5599
4201
1874
7064
3821
5798
6404
8601
4438
3165
976
6527
3509
7728
3263
6489
1963
2287
725
8015
177
1049
3429
3161
5965
6698
693
62
1384
5281
4792
3468
4486
818
5476
1828
5604
1921
1080
6936
4606
4986
3101
6886
4619
1981
1813
1766
2359
4482
1344
7439
709
5263
8129
496
5180
7789
6130
687
4875
5835
4019
286
1087
3333
2877
7993
1898
3261
6859
457
106
3144
4860
3113
4033
843
1769
1573
1062
303
28
692
7825
1124
5391
4580
8092
4299
6020
2203
5245
7983
5048
4585
548
4529
2570
4573
971
6039
7540
7795
997
103
7082
1979
3426
7438
1266
1513
1577
5243
6318
1712
1249
8762
6847
7027
4693
3573
5979
935
8502
7749
8732
5251
8219
1570
6533
5231
6582
3171
269
6001
2779
8193
7974
7694
5079
1268
1868
3500
5830
989
4455
2996
2063
4333
6727
6545
4895
1505
2365
1001
5670
7757
7206
4907
4446
4275
6583
5732
605
2541
1961
4576
132
6763
1940
5741
8114
6732
5455
8251
2634
7634
8489
1039
2080
6784
7748
6974
6888
2198
5679
7751
6031
401
1988
6056
5450
8102
1560
5522
4371
1807
3240
6662
1845
6227
7610
5415
8420
3661
4552
5978
2085
7143
3183
8314
7184
6508
4278
4395
7668
8614
4346
6870
7489
2267
4630
552
4177
5956
5474
4872
4678
3689
2993
2074
497
4818
6290
2154
4668
6749
2987
6723
8555
673
3501
1046
8745
7453
8002
3285
1733
4983
4563
1989
6201
7181
4960
4513
5608
2162
3564
6019
6565
2400
8194
8595
284
7557
8243
4002
7069
3566
370
8259
3616
766
7720
6316
3362
1872
5689
6211
7228
3949
6640
3349
3143
5747
1506
3339
352
890
6796
3042
3903
1042
7699
6897
5829
3110
4448
7265
2854
823
4070
2617
4378
2433
5372
2773
8593
2466
160
4388
506
133
1100
6026
2872
3231
8227
8139
8453
8147
5895
4367
1699
7820
608
2756
3404
7073
3380
7908
2067
5102
2129
6179
3961
5777
8513
2861
915
8572
7106
3601
2243
6650
6912
4008
8582
759
3784
7614
4525
1982
1635
8781
3344
6264
8416
1123
3947
2751
896
7995
942
1273
8260
1472
8438
4023
839
5052
7878
5541
7697
2748
3204
5241
5977
3341
641
8094
3535
8779
5423
4992
5027
8120
3841
8239
1306
637
5786
1205
1627
6509
1054
2206
1735
1826
7001
2077
1202
8644
6631
3880
3296
1181
7153
4348
6394
8577
5723
2781
5410
1418
1517
6765
4655
2680
3923
6678
7781
797
5448
6239
1913
2427
1603
1806
4194
1380
8153
35
869
5195
2638
651
8373
1256
2477
898
2812
5881
7007
25
4471
8697
1246
7337
3641
5343
4627
4225
5453
3095
3219
3660
3416
1849
8475
4906
205
1722
8369
2475
8054
1338
2097
1297
7162
105
1675
3946
1931
3258
4123
5425
436
2351
7140
1186
2183
7677
6544
7246
7542
3931
955
5349
5711
4444
5376
2326
4689
1311
4756
3610
7906
7926
4020
7656
4224
819
5034
1183
2624
2834
7915
5234
4709
5579
2866
24
5593
8152
1244
5545
8655
1079
1607
6466
929
7865
1594
2025
3066
7060
1117
4191
4772
7935
5418
7296
3912
3565
3430
6353
6122
4816
555
6024
5573
3268
7809
4611
8209
4172
567
3499
5334
3555
4581
3004
2957
7771
7116
3744
10
5187
4984
1367
4866
55
7352
5701
7896
1009
8450
5893
7582
76
5603
6690
6962
7594
2425
7175
6094
4217
7365
3568
858
549
1436
3834
3108
2939
3125
33
2836
5212
5758
3146
1225
6971
406
3136
4503
1840
5654
6951
5124
104
1388
5761
124
3272
40
3927
833
6134
7521
2695
6646
3794
3005
6773
645
6426
5719
1061
6236
8440
8313
5717
8201
5587
443
7404
2109
1736
7524
1067
660
5308
2214
4646
7828
68
984
1659
4369
6258
4080
3772
4221
2613
6807
7014
2856
1104
7160
6382
5348
2574
5292
3159
5151
4439
2799
7076
3449
4006
8131
1065
3872
5069
5490
2486
8507
4061
5301
3128
2952
2328
4303
4403
1668
2152
3932
852
2107
2160
7733
1296
3717
3814
5876
7919
1514
4053
5620
2104
3279
4850
3990
108
3964
4841
7504
1512
280
6696
982
7891
2575
1516
7940
7343
7732
6649
1823
4987
1405
6460
6820
8437
7538
1852
7510
1213
4744
6233
4044
8472
7125
801
8334
3235
7798
8532
1264
6315
8743
7830
5123
493
6894
6687
4637
2999
5720
2698
7113
5972
7712
3420
382
5788
5083
5615
7855
6998
292
7013
5432
171
3232
3624
4251
1846
5821
1451
4353
5240
5580
3251
5647
5959
4372
4265
3399
2459
4344
3614
8401
3899
2979
900
6294
1895
6608
686
4087
531
8253
2308
8624
448
7009
8444
2395
3061
4609
8749
1462
5016
5220
2938
5792
4362
383
3621
554
5519
8641
5366
2189
3460
4683
4411
1278
6928
2532
1383
427
3919
7788
7086
3843
2213
5896
1821
296
4450
6989
995
3822
5272
5931
5239
469
5916
1253
4706
6188
2728
4998
4958
3428
3802
983
3518
4320
6806
4394
5839
3758
7541
7021
4714
3562
1295
49
2553
7796
6443
7597
7894
4733
828
7237
7822
6602
4786
8272
6273
499
1779
4284
1218
7019
218
7625
5756
8041
5498
2167
5693
2292
7187
2306
8134
2959
5402
894
8223
1085
1070
7593
3069
3300
6536
5934
8606
8545
473
7647
1182
2410
1789
513
5529
6200
5044
1234
3127
5868
1773
8333
582
5160
1419
5164
3650
1122
8256
1229
8111
5134
4768
5249
3512
3179
3984
4598
4708
5203
5722
8267
3448
6658
5793
3844
250
6111
7704
6154
4913
8563
6159
8590
6283
1889
2614
8208
8385
6219
7414
1535
5311
2398
7545
7522
5277
7895
3045
7397
6498
7104
4826
5111
8237
3313
8235
6132
1838
8436
7177
7898
5669
5687
7961
1747
991
7399
2760
1809
2689
6297
2095
3936
380
5695
4279
1139
5025
1954
5032
183
2894
5145
3525
4663
3221
5429
5877
966
6729
56
3306
4703
6790
1198
1660
3350
892
4293
4267
7585
3455
1858
7182
3520
938
2732
3672
8521
244
3862
301
1501
8199
3629
6722
310
1950
3760
5557
3490
8449
619
3528
7629
5863
924
809
583
