396
289
64
124
49
301
170
278
352
375
222
195
140
60
116
128
82
384
123
44
147
275
320
230
6
162
330
144
186
108
119
347
281
312
145
166
217
213
158
63
226
309
324
136
274
36
342
94
316
395
286
189
337
27
364
118
129
356
206
163
370
307
227
39
110
228
86
153
269
268
358
99
61
91
197
10
322
255
265
329
109
348
46
296
302
130
394
323
210
100
125
383
23
59
112
180
332
328
311
168
141
107
157
58
273
244
22
40
194
66
287
388
179
297
90
96
262
253
367
76
305
149
283
132
156
343
290
334
373
263
70
204
371
261
161
279
154
81
252
89
247
390
350
139
260
80
83
294
115
326
173
288
41
338
215
47
120
193
357
219
376
221
271
231
160
276
167
360
8
20
79
304
211
331
152
26
362
196
13
293
190
45
16
212
310
234
382
69
103
95
183
369
192
223
258
387
73
117
232
205
270
30
171
336
313
207
225
248
239
299
209
17
308
53
345
65
282
68
14
246
111
321
182
87
142
56
105
2
398
67
9
359
392
280
354
19
175
113
267
378
353
51
21
185
92
78
191
314
48
368
295
35
233
101
238
366
84
33
315
377
327
174
242
98
224
184
333
340
50
24
31
74
245
391
257
303
138
146
148
393
1
11
363
201
188
254
306
126
218
355
7
240
237
250
386
379
71
317
38
165
85
181
389
202
220
62
344
208
131
203
155
372
251
5
15
385
235
266
176
397
77
150
42
28
106
102
291
200
159
88
25
134
229
122
12
4
325
292
133
284
236
272
57
187
37
285
341
349
178
151
214
164
32
351
54
55
277
3
75
121
72
52
198
298
216
114
374
361
93
172
335
143
259
249
319
199
97
0
264
