251
164
248
142
339
295
169
285
178
270
266
321
151
144
215
297
16
67
372
109
170
264
239
80
119
158
21
106
381
83
107
56
375
168
398
97
57
104
111
3
153
244
262
40
388
277
138
268
211
307
361
181
191
79
92
202
33
304
177
348
145
299
175
298
296
96
187
293
366
121
219
253
368
246
341
201
0
330
174
218
35
267
84
15
279
359
233
135
283
392
55
46
222
190
70
360
20
199
43
282
120
369
24
395
14
189
228
367
284
320
7
257
332
227
173
45
226
62
180
236
310
154
155
100
323
99
315
350
294
263
355
317
32
353
245
278
136
73
238
237
217
352
2
9
316
378
365
95
230
114
196
39
161
8
302
265
125
171
150
78
272
207
118
163
252
229
27
59
382
77
51
26
22
117
105
370
260
308
152
68
198
157
61
66
391
336
276
52
34
75
318
54
335
312
232
131
223
384
292
231
340
188
126
334
102
342
389
30
326
235
113
82
249
271
241
203
28
221
259
275
331
234
149
81
313
183
140
358
343
209
306
274
182
103
213
394
76
72
371
112
58
346
214
337
193
397
349
393
333
210
363
281
37
137
287
362
254
309
159
290
269
42
396
13
6
132
303
212
351
29
286
179
200
216
280
305
19
147
311
322
220
122
338
243
319
141
329
134
291
250
385
377
186
38
327
185
89
195
148
86
123
247
325
50
205
197
116
74
345
374
204
390
273
166
44
31
194
128
192
225
64
130
71
289
146
87
301
4
380
12
258
184
314
386
49
91
133
98
129
364
65
176
90
63
18
53
17
139
242
60
36
387
328
101
115
127
25
47
69
172
288
261
160
376
162
88
354
206
379
41
85
156
324
5
240
256
1
373
10
