18622
4223
1129
31995
30443
12656
31855
18266
23962
148
38581
11693
22776
1112
31171
241
30013
34786
1487
37819
32727
31700
13021
21259
28869
28977
2239
18124
17356
18187
18765
12928
36556
11583
15485
8499
11197
3044
1867
18956
20478
8462
19417
32002
28601
31421
32971
38356
38766
15578
23829
2154
5869
36186
19918
36090
36712
3903
28750
24507
16408
33476
9484
25432
3328
28832
27884
11399
24408
25119
20619
20715
27498
15520
8361
34033
13333
13160
18922
25130
38212
37903
38989
2128
18437
2691
21857
14398
32106
7509
13490
1869
3843
15483
6386
3921
2716
11447
17459
346
28370
14291
27388
31964
21173
12408
15959
4551
4810
25765
13516
27605
3300
7125
1834
31411
11908
27191
13448
223
37529
26535
21096
36538
30635
30393
13947
38464
36965
4603
20495
28323
10327
7987
3808
39009
11292
5486
20332
12025
1791
24492
14765
3372
13589
17972
15091
3692
11578
1313
3862
25257
4126
34848
33216
30542
20661
37168
7587
23914
14794
38047
32731
13331
13025
14497
12639
20699
5032
38322
12076
38159
22678
14418
36268
31903
18843
22989
19911
32051
24495
6865
36258
33455
17409
733
28712
17351
30123
8241
8116
37518
19278
27890
14005
8951
12625
9657
7476
25709
25035
17513
29149
30827
595
15658
35199
21251
15007
496
26716
17092
17365
10779
13092
23815
20724
27521
15113
30450
22138
8878
8561
7883
24987
16212
31571
2488
15447
27618
38278
32815
8587
21021
19665
5974
39074
26740
14433
6618
28848
25205
36310
13544
35940
26642
5416
16607
38331
9645
25192
7400
21908
32435
6368
35109
20704
18342
37029
19930
25423
15722
20944
27631
28400
3258
31357
19585
20075
15927
27038
8803
38452
1612
27083
8813
17805
18937
30847
31975
19514
33084
14636
25836
2642
5063
33499
11691
34514
1280
19215
1552
29164
4826
21616
19825
4957
27403
9764
7326
4115
5948
26484
12696
21380
21779
652
27302
7826
17245
35481
7897
30709
37679
453
37628
29283
35783
24436
5183
33777
1902
16668
33514
18631
9893
5547
17855
5107
28488
10990
8159
16827
11129
38959
17368
567
2221
9660
29256
37737
21570
35074
28173
35664
17043
5989
5489
36943
19629
3992
19022
1831
32607
21106
11150
19826
10977
33217
22177
36330
22336
17738
2835
30176
27336
12489
6707
25743
19204
19516
5763
24809
23377
9983
32737
32812
25949
39012
3738
29944
23749
32107
2837
27089
30551
5804
20770
35843
8613
34761
11808
26297
4046
12771
19711
22237
30262
8450
6220
1168
5249
12394
36835
27281
30691
26093
23112
15824
38254
30638
1907
12969
28497
2563
38438
31374
8698
16968
30974
13601
12591
33870
16639
27727
13358
16704
31477
21735
39108
28862
24483
694
36209
14056
24360
23535
10
35234
33170
24430
34977
6595
26829
25173
33763
23348
35204
18279
25368
31558
6892
35213
4926
4366
34674
8939
7089
25304
3260
11103
32491
5366
33795
11011
7042
2225
27803
20277
1851
22575
17789
17400
16855
16218
10634
13368
715
6238
11943
7295
37450
31001
6809
26922
14292
20826
17036
11193
26673
1697
7399
882
15720
9372
27835
31693
21568
13240
14610
6447
26463
7181
14099
28040
5976
18071
5011
34957
38878
34762
16484
4993
33841
2954
30407
32878
22096
29408
8076
21996
34028
27504
20280
24243
211
381
29832
17665
35100
20733
13026
18123
29084
60
19932
21677
28249
1161
34678
16841
17591
25736
5464
10186
2188
17472
35231
21551
9020
36911
8078
29662
11496
851
9996
16425
36594
37425
25063
23349
7290
8578
7048
34610
5742
19729
17690
26961
4695
30846
15381
23723
18407
16424
18423
37255
36839
12012
3775
27058
19043
37956
22007
2285
12995
11814
35274
29041
4811
20432
16361
35690
33968
9804
26230
12227
15970
27164
16087
25764
30676
20211
28273
37531
5831
16182
36401
10007
24223
19335
17107
26674
34060
21645
11307
20297
711
7148
36807
5722
25143
26647
5503
24940
32104
18764
17055
9857
3049
4984
31615
36830
29245
27518
20185
32039
10533
38569
5100
6589
19797
10795
31999
30073
1618
2680
4813
30061
9960
754
10541
2558
581
1189
19005
9891
25889
27244
30653
27290
14678
29053
25652
36617
5301
24854
16662
26665
21007
4783
20903
28560
1762
8616
132
9039
20285
22024
14141
17027
5959
18726
10825
33881
5881
934
4030
1752
2238
18607
1850
12798
18512
13267
377
25732
528
27780
32456
23769
16100
38468
16588
23161
9809
37133
29959
16428
5128
12074
35845
5179
29254
19222
30645
27944
30984
13674
36172
23443
17505
30494
14384
16959
38276
38534
2538
19245
15463
21582
35716
34572
27393
36133
35463
21170
35020
7231
7282
8476
33737
3633
32962
29474
13880
18001
26718
6692
5812
5500
3824
37201
32871
31024
24207
21569
4910
4977
3427
19532
24834
30125
4936
489
11063
33936
26013
12178
22944
20165
32867
34611
22835
33036
2287
2598
26585
17480
15142
10915
6230
17821
23064
16834
18600
16350
25041
10302
31198
29911
11948
27953
19974
25233
5217
30111
7050
19435
32564
2149
28972
27901
33890
386
14901
13173
33842
23318
5220
6691
25946
9365
14182
33602
18869
1993
35168
30278
27030
18427
1111
4323
38846
16366
16745
5938
7469
22875
23750
10595
28090
14358
3059
3638
3620
36852
15353
16924
14111
4574
29051
6647
2717
828
23511
36202
1507
34204
20503
19471
24689
11518
6404
16764
24977
25186
6859
36431
998
27019
26377
24456
25301
13901
38963
17686
15293
36443
10527
13534
15853
19715
32337
1534
37792
30565
7548
9618
12722
36246
5175
18929
4412
3755
5862
24675
4690
29233
18664
5338
8687
6090
21491
4024
38469
26370
31130
12437
1541
26450
9425
35339
7576
35839
22060
24428
15275
24562
35692
35746
24068
2390
9187
2079
39050
3325
20904
29786
10190
15968
23877
8962
29013
8523
19830
7966
2582
9728
31434
9342
33254
37397
28121
5193
23974
3602
37747
37215
8500
10262
19378
399
22510
20995
31314
19337
9834
5127
15148
37322
37749
34261
23930
679
23421
7766
18513
24465
33817
23839
21861
36517
34862
19276
12267
24602
17113
12660
103
7800
34600
30389
7110
4044
38343
22589
22809
33864
11960
34287
11423
28485
36727
11169
14804
33605
21525
9554
35981
22951
400
26761
10106
8162
18670
406
34824
28803
20098
6015
1825
32363
25012
5540
23994
37598
37472
5740
20140
4672
38982
26019
34102
22921
20668
4457
6060
26139
26693
14663
20462
29847
18003
17967
23667
15226
21974
34720
32420
15265
35203
29566
9442
3710
10326
16621
7916
9063
6493
29932
29054
22396
15106
20480
26955
35038
28799
21009
11654
16195
31932
12490
23248
5156
8080
17820
29049
31724
37605
18608
14946
22586
38881
31802
35511
11415
20655
12851
22748
30684
28096
37721
37232
6166
9742
22387
16155
36354
14102
16629
32989
31986
29608
33427
23095
3512
13925
177
22649
5358
38550
5414
19441
21328
33668
35495
37983
11221
35538
4168
18570
31548
22030
9430
10000
5928
35299
22687
3367
33948
24411
31070
37995
13348
31297
33772
27604
82
7024
7390
29309
29318
10256
38515
20758
3008
1300
38584
24139
13704
10074
24263
5602
20276
23082
10077
11930
27696
26531
10160
22828
34541
2650
1522
4903
150
1774
31625
18354
417
16832
14850
29255
5180
9819
13421
29144
11391
26315
21460
23773
11611
10727
17287
33147
12059
21192
30120
30210
22762
34418
18215
36602
17496
38086
985
8094
17128
7450
31371
15003
18438
2127
33290
19818
6550
28336
12682
33054
26251
21632
19408
16756
27984
13602
23823
4757
32451
12727
16751
7905
15075
27508
37900
30766
5004
22607
3888
11268
2236
1701
34999
333
28459
7546
21785
2827
6954
9837
26928
30918
15518
34243
31134
2990
22124
24623
35535
22314
30617
23290
26380
30848
38723
31800
10778
7957
22461
21722
6309
38208
28618
33239
25876
559
10620
441
11749
958
19409
9413
9538
27220
776
37919
22058
24756
33261
32944
28916
16630
18884
26158
13747
16866
5106
3071
35222
38444
17294
33779
24532
30804
9203
29393
38449
37624
12465
769
5944
5141
38832
27088
32645
35207
24924
2514
26977
17278
23270
26711
4215
1929
32205
16739
7286
7234
33331
9305
35544
36019
8400
2299
38043
25787
8874
35380
22808
13321
15104
6823
32007
12301
1582
3082
35259
34672
15529
21257
38306
18300
35458
18903
36826
8277
23386
27979
30167
32127
13994
32074
37728
9486
4773
4191
17982
35484
21165
26910
7347
37241
7273
31303
14347
13391
23111
15616
17234
20320
8812
36217
29997
16905
16148
30336
7080
22897
8725
25511
348
6861
12826
11528
11445
19506
39119
940
6129
26480
20951
3175
18863
3585
15973
5850
37167
35992
24916
37729
4527
8273
37925
25706
32419
28875
16523
31265
20145
29951
26809
31835
18949
16867
1602
119
5273
2161
9341
25629
473
18638
23526
33834
17407
31058
22961
26378
37503
6329
23593
14416
26393
23187
20876
4866
35785
29885
13984
1530
30721
237
36089
38408
33430
37117
6445
32991
12824
23060
18581
11331
70
29421
34509
29005
19139
347
33467
5373
29359
38967
23336
6808
33144
30343
13956
3344
28877
6634
20695
4320
30906
30806
18075
26496
20452
1403
20669
9869
35889
33833
13274
8659
2290
19649
24151
34098
480
22262
6666
5282
16937
3546
10238
11073
31530
6807
20934
36281
6162
2056
6382
17173
1334
462
20865
10529
22084
37774
21950
11510
38202
22714
33102
4090
10756
24084
24277
29295
16435
16566
15595
29381
20657
30052
11351
23313
20130
24006
3257
21185
34104
12126
26150
37874
2876
14089
18960
31644
36298
16925
28747
29946
6414
29652
32273
20050
1393
12666
14698
28489
37738
8268
37230
8724
33970
29427
24247
35620
3138
14453
28564
20888
39115
10436
6803
23068
24199
21264
23307
34847
4700
34510
32208
3303
27299
30582
36322
34304
18858
36925
16170
37202
13763
31183
29356
22482
16724
37305
6123
34042
27594
12977
37024
36170
5268
5462
3566
22290
16799
26126
21119
36103
4087
38739
9246
38861
3530
14083
4111
35509
746
34628
8256
14422
25104
3166
20004
26195
28957
23666
27221
33440
22735
18040
15423
26202
16457
22526
36400
269
9569
2854
18509
22598
1251
8959
13749
8650
18651
5962
31246
16033
39063
10407
28901
33885
36770
9936
20889
9353
16074
16843
16268
38296
28416
13084
24004
18162
10129
32671
246
27381
17093
22857
30999
33262
10022
35832
14745
10895
10276
15619
11262
2802
29330
29222
14322
7009
21394
37802
8797
2300
5061
7889
23441
24075
6461
15277
3806
28352
17408
35209
31859
11480
21152
37318
24432
15418
6855
30868
20230
14556
25982
22242
31778
35320
22833
16236
32572
6013
9499
2539
26144
5046
31600
4404
9531
29991
26403
5807
18414
10336
28353
19712
18943
19580
4658
1436
32019
18119
32780
29410
1173
24604
35277
37276
19810
695
37330
5140
17144
3033
11410
21206
13922
9982
19664
14346
8332
1594
18401
7018
16306
28347
37673
25980
22754
16532
34649
20077
24369
22132
9951
35208
25702
14020
9003
5565
25412
3009
34059
26163
30083
30444
20426
3305
14303
14978
16419
19616
28182
33246
13190
4459
6514
5690
3509
7666
2325
10558
31151
11718
38652
32251
5466
37324
4847
15950
37883
10722
10660
19751
19462
11083
24958
29298
35771
14437
30250
25206
33673
9873
34967
11403
4859
27888
280
23453
25623
9760
34021
19312
658
7530
30168
20849
1658
24950
10289
27898
4330
29135
19865
36077
5068
11198
13349
28970
32981
28324
5167
25981
14839
7645
19119
37418
32972
10040
35864
31886
21738
31456
24867
31777
15242
34017
11047
7436
34144
33503
29968
23504
16319
35899
13533
15166
21848
28412
22445
26133
26538
23042
17057
17342
18126
37378
8437
36885
31088
3960
27662
35162
36747
20233
9130
16145
1546
420
544
36078
24936
29905
38722
1033
36238
9368
11338
31185
32172
21983
17197
19656
24749
5707
33947
6106
35105
13439
7344
6633
15785
33370
25180
15259
13360
9715
21816
27686
25693
19518
19756
9091
38328
18719
20061
6363
33442
19901
1177
28389
21718
32011
11114
4063
29155
30381
1337
27241
30567
30876
12669
20016
9120
571
35607
17711
7838
18412
29066
18568
36340
25174
37839
21572
22102
23410
25742
16783
29897
34064
31074
38491
26364
3359
416
2120
16454
32613
13066
551
33750
23463
10898
2797
24216
30276
6114
3072
14740
15202
30673
37280
33831
31114
13431
32999
13652
19746
29517
17068
29299
12232
17362
15441
7877
29082
1140
27140
7828
16754
727
36200
1579
17823
36507
21925
8222
26598
24114
14280
21074
32875
33399
29076
32183
2993
34707
36004
9852
38918
38760
27057
17018
38210
28672
22617
1095
34344
2293
37980
34222
29070
6012
9099
29068
11433
35498
16178
33002
7651
16272
38828
33577
233
9761
20671
17569
38597
22968
12562
34465
12957
32887
32782
12733
24546
33043
38530
28314
26434
20712
2581
17790
34827
26366
14981
16854
199
32030
26301
36022
10821
439
21623
20602
21834
14800
38023
5678
22970
3498
23961
29925
20408
5204
34240
11494
24672
13434
3333
31081
1215
31016
7194
7748
36316
6195
18366
23853
12719
8038
28805
10205
31757
37127
18002
2870
28918
28207
14156
27395
3603
35686
9447
9854
21811
34175
5978
39073
35745
24570
11792
11980
8746
6089
33414
25672
5121
1520
28719
29081
1301
29908
29603
38475
32698
26816
35763
19374
15472
27774
12888
33544
38657
23239
14674
32492
6563
21843
33574
23821
35545
34910
2942
23984
8420
30711
24796
29361
35426
11737
2844
29111
32635
9121
27136
31255
18734
30412
14616
8754
31685
9488
12966
9046
12367
20993
36555
13799
22876
36206
1700
24312
1713
22558
11037
30858
16394
30882
28432
3081
4775
26967
4047
22972
22446
16438
35627
8654
26549
28990
6017
33150
27679
8411
23584
38412
32651
3161
23399
9706
9772
28150
28233
33898
31627
28930
18137
23255
16812
26913
15704
31860
24185
32221
5820
38482
14235
16260
24618
24221
22795
14427
24513
24669
28344
17892
10283
22293
22258
3942
9986
29334
22309
17422
23337
13387
30424
12816
4501
26416
4650
4431
25069
2167
2251
8949
11010
9148
3436
21624
20110
11172
38662
30008
15206
19604
35451
18468
21644
37240
20674
7740
472
11812
16971
401
10960
38510
20313
31152
19919
19546
21502
16190
20183
16043
38522
3026
23979
11673
15940
25230
15319
2733
25952
22359
17899
25151
37155
18375
14696
833
21736
20309
25803
21615
10008
9340
24506
2403
36730
28237
31645
18254
3272
97
19796
27325
19352
9464
11598
4350
22635
23706
282
16010
21062
7394
4383
25840
30955
33390
26560
29112
33303
14593
6440
18942
30610
18643
19243
30194
27369
8618
9985
36252
19628
36939
22075
7655
8958
22585
8541
926
39047
1162
24357
7693
7162
28453
33663
12764
14129
3380
11516
3019
16744
33256
1927
32085
27195
16638
24137
18711
3015
29364
15438
9999
31405
23437
3613
24491
32160
31113
10807
26186
28178
34246
12081
30971
33601
23811
32398
33445
15303
35518
7458
36931
9093
35410
26449
14041
23179
32676
35230
27049
21854
25950
11977
12692
19440
26894
8007
9437
12464
6262
13440
7448
30359
33327
29975
38636
8328
13482
16392
29678
37860
28036
26723
18036
29104
7440
29190
23314
29107
10128
28611
6866
6048
33509
21035
8749
11380
5299
7519
23575
7435
31565
25595
9453
14597
1287
7266
20529
36874
1308
2410
37496
9625
529
29215
32541
20829
14177
34784
12553
6281
27366
845
7491
30001
8869
22169
7274
25997
17914
20337
20125
20174
12970
402
37807
31440
12457
24855
12348
14934
21085
4496
25141
2205
279
4600
30232
1171
2018
19007
26018
18626
12849
37815
4616
10155
5883
11372
25285
20261
19000
1923
7662
1489
33597
19608
1134
10666
8177
38115
5285
30996
2275
6688
12369
25211
27032
34298
12123
6454
10446
7036
12901
32667
26623
15495
20370
1192
27975
6817
23151
9977
9393
7721
1997
14755
4297
15251
8212
17974
18804
18190
23188
8452
2665
19420
14613
18037
36191
1777
28595
17377
26895
18032
599
32236
4517
38239
24760
25491
36055
14535
37340
32765
30681
18009
15643
34345
22622
2899
25278
34792
5360
11809
4205
11493
15415
397
2927
5126
6631
36904
33458
8350
32947
7846
16256
27351
12988
263
8997
25190
22757
17072
33326
22978
36107
26228
7920
29117
28817
2121
14340
24741
2659
36051
16602
26839
31737
14084
27081
2537
32411
5134
30958
10167
32525
26489
24711
19115
33851
9102
25527
4089
33421
9205
6165
24578
30096
10095
14845
18298
28868
8953
37629
25757
35428
38142
35970
3321
23334
31394
10536
24304
15916
22307
23759
7123
7935
7613
8234
35709
29803
8697
21403
1191
27789
19929
23629
16025
15338
15017
2912
25425
19482
32619
18891
14255
6288
29284
34182
33449
4933
16935
10546
13248
15922
248
10231
4843
5284
1493
11409
12791
5470
14105
37057
11171
8603
7209
3036
21453
8346
2819
28133
911
1860
98
26392
26157
3369
7716
14070
37881
38167
14368
18420
23252
12172
33015
28499
27723
23663
34410
13717
37595
10818
9202
23176
19595
11512
2594
17163
33189
23245
24678
27974
31398
27232
16171
15240
30695
14742
11824
36767
9265
3701
16403
9720
19658
19871
30964
4486
19594
4114
32735
6313
38282
30072
7995
2371
18090
21684
36519
13079
9673
1718
1758
32498
19431
36493
404
20804
24132
29952
35650
25892
29362
15503
20333
27868
17650
26687
17309
16593
36764
27602
6648
20627
29621
26831
9653
29774
10149
32385
8483
30732
23510
12007
30616
21504
24125
36075
15692
5159
7358
32856
10396
31119
38079
21478
8233
35272
2967
16876
23457
5551
19530
4167
3309
20741
9406
17473
936
26813
38163
22270
13442
7149
8330
10376
1809
23097
12274
21548
32995
21242
15223
37623
19967
29141
25549
31893
32574
25928
5787
11621
38678
22145
16400
32499
28293
5188
24734
25493
10871
4139
38000
8559
29547
30539
30264
32642
17673
32330
12312
15133
10721
31770
13247
26466
2500
9294
26322
23578
31087
22661
9883
24912
20798
8643
586
31605
16325
32979
14465
6782
1846
22480
1478
13033
10975
1578
7205
19253
24627
6326
39014
5448
24260
35555
32057
29018
26218
23464
22401
32627
8593
7697
12055
38644
25009
31320
27565
34552
31891
7176
5887
33174
1023
29022
35372
12201
34662
38998
3555
6082
23892
15937
12705
12850
34061
22201
1286
11217
14662
21358
24025
27719
4112
27568
14391
13471
24033
29399
19102
29892
13703
23455
10671
36676
24932
11558
23092
17814
11082
36755
18718
15342
30581
38062
36376
18389
38736
36277
31845
28302
32078
20291
20104
20001
3630
36763
3774
23790
21678
35346
2051
1500
25463
6927
7276
24870
29247
27265
29783
65
12419
38753
38281
19034
16299
34590
7238
11846
5524
14222
29916
8560
26652
37079
12321
36949
37078
28790
12118
20234
24592
7561
21590
37784
26677
2347
7212
15431
15098
19062
15965
2270
26600
27052
34849
2153
14691
38048
11272
19309
29656
3419
28619
31487
32249
9049
21464
3532
31215
5253
35435
27166
15808
963
625
605
7391
26858
50
7249
5300
8558
21875
18170
26219
34433
1817
5157
3562
4290
10566
37032
38586
20604
8217
29592
30543
11893
29136
28981
14997
31524
23981
22125
34575
31397
22655
19164
32023
23741
16528
21052
10877
12089
7858
24468
9612
16622
35931
34767
13121
9027
22475
28715
25481
26066
7752
7512
29835
36929
21917
2834
22284
3229
3906
36884
31240
28880
36303
30062
10220
33395
16064
8085
13823
2098
39091
33014
15068
37845
20030
9639
740
22418
33477
1676
17689
10198
23010
28966
13545
31331
11297
14816
10612
13384
25563
6482
30004
34075
9670
23413
29521
30853
13603
19251
20421
14694
7724
11875
31614
28514
331
6293
21112
12588
8570
15076
19256
33806
38330
30903
18147
17221
27886
32225
12622
8952
13231
5247
14351
33175
218
4916
35044
25832
38882
23196
14993
34217
85
28108
38211
17327
34310
11645
10952
18130
24949
25270
33049
6280
12493
24466
22137
3971
12157
4518
21845
9493
21592
13870
34803
5065
30592
2570
6527
23360
22965
20229
17935
6492
19587
29024
788
6852
9594
34735
19648
4354
7888
25322
36453
16449
16702
25179
26309
13848
11871
35080
8586
3155
22485
28215
14140
21032
34591
8912
22144
1077
23923
10506
15664
18228
14313
27260
2351
8315
16291
19789
9701
20378
22253
3478
14257
27732
21367
33483
8453
26089
12905
20887
17531
30517
36703
4458
35
32438
22182
3728
32440
810
15205
11462
29595
227
27576
105
37957
38190
29278
13347
12473
37940
35104
33954
18343
5261
25856
5363
19096
7682
19757
35982
4624
20523
22775
7823
23517
3208
10453
34163
35569
37144
24222
23243
6895
20226
18491
1709
34361
24013
12417
1526
2169
10691
37332
1873
4521
8591
37301
28743
17987
22907
21167
3607
12754
8527
24897
8663
21745
29554
22626
9156
11949
5775
27750
21134
5830
16332
28811
12927
24058
34559
35717
22948
20224
28102
17819
36974
31606
534
6588
20311
13304
678
22232
20428
22646
37394
14071
29869
6022
17615
4200
9379
36291
37862
38781
25050
4667
7887
1959
27146
10427
5095
623
17683
34932
37430
33330
19741
28758
1242
38421
13930
23435
27243
9542
9089
16549
24596
16915
13383
12393
23791
1818
38943
25109
19613
15487
38326
12083
27074
35562
23400
30743
6497
27063
38730
19351
8899
22413
18264
8963
7850
5932
28617
16132
29856
22810
1116
17941
24586
1893
21363
36696
25337
34442
14939
32601
13006
32758
25445
12152
4377
37935
16368
30527
1070
11251
15542
34506
8018
15209
8605
15806
30525
10655
8322
29336
29969
3284
27906
34794
2313
34947
13318
17891
10502
23637
26987
24315
15023
30913
31041
32015
10695
15548
19655
39048
28276
18498
11096
23355
16360
26836
19406
32357
21968
23484
10876
15368
16675
22825
33281
9708
9833
7624
26095
12313
34252
32567
2647
6909
9815
6305
22269
4543
13154
36210
38712
4921
32669
5055
15246
19236
37274
11264
19774
37027
22323
14046
20062
38403
29937
7183
5351
15918
33410
38743
10469
8889
15008
11600
14185
1863
17743
27515
30487
4135
37173
11774
2567
6473
12617
34701
10230
5510
2789
15057
24144
15775
36814
33232
29588
30556
22499
8456
1210
15167
6301
7620
23650
34407
3641
19782
24240
38391
14218
28843
28369
11298
16633
1299
13761
5728
5606
36859
12210
33273
29784
4338
13361
34829
14832
13049
10837
8424
20317
36032
7454
32437
11727
15417
2552
1169
6752
23792
4961
9727
33383
11904
13520
17705
27659
38686
3127
84
32777
16442
19003
28838
33278
36599
2201
5174
29433
23713
18851
7681
11880
25510
6748
17620
1586
18165
12097
36286
7796
28926
34556
30923
27770
37281
24272
10905
21547
33492
15004
17248
3397
207
16687
18465
38124
34014
37083
35248
25533
3945
35396
8174
35398
18355
149
24211
32103
27008
7678
33639
2267
3237
11730
26766
6984
16763
18683
21250
9681
14960
34504
19793
38779
28285
35563
6433
18997
21511
26188
33801
25538
16429
29035
9712
6526
19499
23941
36544
15863
10330
8752
12542
25514
38997
29123
35485
16907
29464
18816
7432
1298
35358
3698
7648
36429
7582
29184
37455
15211
9153
13238
14049
30089
10169
22266
26333
34349
24606
34962
7684
21028
33315
19453
26548
9568
36669
23116
17952
29129
9125
33882
16329
16618
11489
7294
2776
19748
1720
9165
12300
1514
19395
17405
6366
20405
7604
34630
33982
13845
12353
3997
30353
23145
26002
35833
35907
28763
21969
5439
35294
33368
16125
7871
6086
11576
15590
13068
30857
29258
25170
14148
35066
15318
39107
35959
35052
4359
7412
20748
25317
35129
6271
1357
28126
31514
37813
2608
25776
7904
15467
15040
19838
38172
27297
12409
30706
31067
27756
24989
16239
21501
18983
33985
20090
13982
27714
16113
36331
838
1577
12502
27871
36183
3999
25784
3177
8415
24954
31861
1625
15160
660
9915
35078
27185
33267
17764
28021
18957
7811
13380
36480
11139
17995
29351
9108
10093
11353
22221
34886
2314
30085
22503
15894
24224
27274
19805
33192
18284
21405
29841
19065
21744
27068
1985
6582
20466
27921
13614
38355
33796
23978
16849
36858
25449
15695
28801
14953
30738
18761
15134
11842
34524
16284
8075
30944
20420
21407
28978
34733
23925
28061
9607
36695
37671
25277
16742
37420
30169
26336
13896
14701
6039
18992
8213
13773
29458
27004
6756
36781
25985
19907
30185
23539
21657
15805
1369
4312
8104
21017
25720
30090
9579
20810
14164
13071
21557
1291
6880
7387
27324
9520
4016
28965
28561
5484
13716
23424
1480
3391
34266
1226
4744
29758
35172
25234
16304
18850
16664
19688
11044
22454
18202
12865
9336
11358
13766
7959
438
10945
30265
974
9863
12392
110
36115
11861
31510
30474
34071
22233
6438
15676
12180
15694
36358
32055
26245
33855
415
1305
34067
36338
25696
13447
1670
10219
32037
13031
4812
25615
10610
24821
14793
12188
28960
12455
2865
32945
33158
6767
5222
31100
8623
20690
13115
27988
18553
5256
35712
11437
15369
28602
10816
4802
34420
10415
28082
16288
34238
29425
35118
1969
8897
6378
29008
30883
35192
27563
37831
22384
11869
15921
13472
7112
7984
32326
7376
22773
2386
1395
14582
28994
37511
9044
28261
20013
34955
31676
33832
12024
9168
11263
8546
38955
5855
32931
23018
36110
7303
11230
21364
38311
25021
10012
11288
34888
102
20483
10836
7404
25604
28498
5303
23389
27383
35479
15385
34381
33794
26581
791
13564
16202
12401
30425
12478
32495
25160
17996
8831
5963
2510
3412
38505
13514
22866
13443
18747
9979
2344
16164
31430
22527
5610
34619
29371
26269
6612
34956
29764
30186
23392
22791
35564
11927
29967
10785
38995
3990
16486
5706
1398
16206
27407
31290
268
38738
23323
9666
7979
1343
3685
30467
28470
28983
35660
35252
19689
34618
5499
21084
29011
21591
30690
21865
26043
14289
27017
14648
11967
18010
10470
20581
17191
25797
16029
11000
1937
27406
23379
35774
20195
38758
23822
31717
11455
186
26324
8406
8870
23035
11018
25171
26045
21025
6164
34908
6603
18027
3247
15290
21149
20711
31667
30672
29950
5647
26650
27892
4560
4267
37596
32905
18606
30360
31127
31949
1135
11260
33527
5585
7969
10920
31270
3452
15517
6008
21802
34134
801
6609
12067
6460
28647
36531
28391
12239
5467
38220
12190
4028
4919
8131
3012
24012
7006
36771
15493
21475
545
14432
786
35581
21871
10305
32563
23800
35904
33848
23292
486
12605
30613
17529
3065
29420
25028
9431
16166
16912
5561
3113
10192
11350
35185
7914
36396
7218
1849
14091
33000
20760
6066
3637
12460
20404
31491
16797
602
31790
27609
1400
22604
36757
34232
7691
28367
6044
28228
20497
33633
588
14856
4856
18477
8249
4353
19191
26550
15707
23661
1909
2135
23513
35156
8310
32219
31271
22938
18974
22139
19581
6263
34530
33726
38900
23901
12193
6282
13441
6058
4894
1622
5262
38512
13961
4027
30369
22093
9396
31941
172
31249
28685
19073
32826
18076
11316
28162
29634
36976
5549
19524
11754
27219
16253
5427
9949
31030
27129
15420
9024
4370
25749
21567
4999
28422
37059
27228
17871
15037
30127
9630
20108
38297
6099
8716
9738
22546
34799
24048
7562
28675
29928
30682
20262
35752
11027
10237
22487
2571
1253
36349
16083
38973
2139
33446
35257
24862
5070
18727
17123
10218
2198
9818
12631
18882
37708
8302
37565
30463
16390
2743
16552
14908
33080
5481
18847
36736
15178
35591
510
31429
25348
18434
31274
1755
38008
26335
15190
470
18442
38397
3449
19050
37731
14671
20514
3354
23709
17749
37438
8408
19886
34417
34025
1790
13656
17550
4924
36226
35436
29973
17694
12365
25459
29903
6142
22665
30491
31416
15359
22154
29680
4260
2786
33061
25925
35617
16289
18225
29100
25752
35328
38477
32098
15933
16733
30560
2397
2259
37929
12778
9006
36551
37474
32865
27173
23992
16204
30729
26120
17383
10878
17240
33361
26566
10894
3069
23209
36074
18894
14620
11478
1344
3664
17015
38755
34646
10076
23156
26988
14490
22236
26603
23039
30405
38807
7242
14055
8704
24946
16807
37767
23794
20202
9858
9821
6574
27033
10846
36690
17084
18052
9068
21381
4721
19097
20216
16820
11390
13679
4610
32351
12334
21138
23466
5730
22504
2033
5701
35603
3254
22630
28831
1651
14537
32229
36791
9482
32550
8600
21981
29401
25990
14330
32170
34312
5525
31602
29802
30957
18564
15778
17594
22438
261
29025
867
27801
24458
36348
15492
27911
12278
37262
36546
7473
28183
31098
38450
37307
14361
29940
5425
31961
16725
22829
1363
19110
7247
29561
36680
4367
11894
2616
14667
108
19350
38694
30410
13974
37250
30195
37790
13130
24129
36403
21054
25197
38896
3684
24641
4852
30476
8745
26867
12511
32718
8633
19895
26433
15920
13464
7733
38752
12543
33559
36318
2319
4736
22641
36548
14638
814
3842
5346
8003
29645
38676
34111
13697
27156
5424
28634
29325
16246
25407
26825
20769
7661
37536
28379
5221
16174
31906
33461
9466
7284
36693
28365
12611
9778
13063
4291
11738
23346
16006
18402
19938
32390
989
9185
13532
8638
14279
18460
37352
28522
5094
8290
4276
24904
12549
4363
2721
33112
7554
23656
27635
14838
12411
11094
23153
6258
15889
3733
23754
38429
33151
13473
25914
15976
14011
23144
15087
14474
9350
5699
29658
22034
15453
7503
15727
7058
38420
38354
2061
174
27954
18908
37373
30526
27773
14126
9369
11302
14229
15129
8865
351
33516
20892
24296
6274
21966
33242
8610
26390
7126
16707
21141
3403
20034
4160
20943
36470
36372
11811
19542
12487
22787
4564
36476
37848
23810
24935
33946
9699
27724
18692
34713
26953
32891
11793
22179
9071
35448
10100
4528
38793
26252
24236
31057
913
22338
29475
23784
24166
34367
38633
13123
15390
2933
22383
28045
9435
21461
13057
5993
18278
34865
7567
19557
19674
11588
2963
13811
1650
25855
10003
19776
26281
4949
26061
10848
12214
21301
19281
29031
27629
9287
16378
24279
16138
31389
7908
3462
18029
26640
31472
6158
4038
25310
4165
1598
32677
32709
33060
93
27006
26003
35446
3802
37085
2380
22594
2027
34853
36408
38405
21687
14879
2233
37683
13709
7128
28905
39040
4053
1172
1917
33883
27896
568
26439
33173
28351
8828
1920
10447
5
35512
35828
11315
26712
32132
28030
26372
23943
3350
17390
38228
23174
4651
34626
33180
11711
22501
7166
3628
26169
26035
7269
37102
30401
17806
3265
3358
8165
19816
22889
2440
4971
16373
13879
34901
17504
34311
7942
11442
4131
1798
7635
2923
20895
21383
34487
13034
14769
13748
10943
10596
34382
15456
25793
8137
3440
30003
2780
13620
27561
38771
35243
30165
342
31955
33481
499
38200
12352
22732
27698
3501
14785
14014
431
21048
8762
34538
34687
37034
24323
28510
28584
3827
11577
28242
34154
11981
37938
24614
18951
13590
31499
12204
1181
5013
15461
8748
34748
12947
18287
6252
9169
27843
33913
430
13087
34919
8641
24659
31751
14223
12011
38246
24290
13566
33037
18774
13786
16651
6237
29441
38611
37153
25181
13389
16398
15999
25307
26903
35825
1981
21707
15757
24568
36796
13942
38961
22627
11928
17884
22162
2097
31220
15666
4448
20352
13133
20271
36573
28398
28468
26082
12124
15006
18978
22632
17808
25356
10075
17580
21086
34140
17776
1671
29904
11043
10086
18940
29748
27740
35331
5314
2516
29160
34448
10294
31229
27150
26962
36751
25248
19975
10023
14480
9735
7422
30837
15540
29015
28372
4271
19854
18050
13826
26368
14640
3301
17684
8902
11696
16327
4805
34026
32504
11615
6218
31143
12539
25883
8816
4185
3234
18048
11031
1072
38915
26302
12405
19946
35312
8308
37579
8859
35269
11470
6339
265
6233
1325
31852
25261
11777
22375
25844
31241
13032
28481
38259
12580
24035
28519
26872
2036
17454
12697
21279
38087
38940
7831
1018
2576
11612
30339
12159
29489
5148
22282
1933
476
12874
24334
35140
25460
33291
22080
23009
27360
4319
30097
361
29436
1535
20334
10341
21000
12986
36050
34641
22767
37924
116
9448
2961
4228
28895
21617
1806
39051
38129
13839
32340
9081
15269
7856
36743
23919
26832
30335
6020
2547
1499
9177
30683
4904
9254
9998
34584
4201
30771
14259
2379
21196
9401
26414
8505
26425
38602
23765
16444
14941
7118
28007
33404
37367
28586
2863
38219
19721
5652
19244
14051
21681
12110
2280
19331
37557
17851
363
38556
2212
29095
23675
22335
27672
12997
14479
2593
27418
18417
14903
22052
16019
31358
28866
21488
33443
4479
21240
2064
37113
13739
7442
27327
33168
12715
38608
23013
38735
30426
30523
8913
9111
7483
22820
16225
14057
29395
1685
31744
36721
12145
38721
33008
32445
5033
15110
14618
27616
687
24572
29127
21466
16904
9333
22700
39062
718
18393
37286
33088
19515
3704
29116
13293
27627
6911
30375
25405
12281
18905
32803
32909
16727
16951
5679
21839
6073
29501
34777
26669
3612
16414
3167
17501
29320
35534
2981
1740
34736
29138
25769
11740
15038
23438
13112
15531
7599
16143
38494
12879
16608
617
12037
14050
6662
11483
1261
8470
21842
34602
19481
37478
16450
9725
3516
38493
