54
5143
4780
6833
3719
6983
7554
8089
7859
4607
6242
2325
2261
5354
8047
8231
6420
4870
4928
503
4700
7097
8135
6867
5455
2627
5559
5541
455
6699
7100
8431
1592
2535
8063
7877
6146
1600
5285
1030
1926
8652
8572
5107
1595
3667
5366
7616
4618
564
6704
4492
3894
7406
6864
4831
589
2110
2555
403
460
3782
2634
2046
4477
3053
3447
8514
5626
3679
29
1279
1371
3165
2521
2244
5128
784
4110
4422
6517
4593
1387
6185
8097
2946
1581
7974
2897
8208
6263
5393
752
2495
600
3848
2845
5615
3010
4186
6595
96
6931
2603
4494
1209
473
8166
2633
3474
5563
7457
8215
5858
2844
6410
3332
5020
8460
377
7093
366
8488
7972
8374
2656
4987
5932
992
3713
5990
4280
4651
8227
8004
2310
5362
6959
1207
7634
4752
2703
595
1222
1103
8159
4084
3149
3715
1792
1106
6309
1939
768
8783
2581
3166
2727
3073
7144
42
6994
7636
8649
1614
6411
553
6576
4536
7259
7708
7597
1231
2038
7512
6749
2406
771
7354
8188
5245
1280
3493
3936
7365
875
4971
2716
8368
3995
3006
2336
5699
3527
7821
6423
4813
5077
1094
6499
4825
1448
885
4263
5681
3351
234
6907
7282
4979
1382
6808
5955
6843
7356
5977
1580
7633
1774
4042
699
7774
6186
190
2862
1970
1483
1313
3322
4230
3821
3576
3641
4294
6744
3938
8732
6757
1004
4373
8218
5044
3885
4305
4103
3422
4614
2436
7086
3344
6917
6629
6608
2701
2071
7827
8232
911
6330
3295
8701
3343
4427
6491
7701
3741
6947
7043
8720
3472
2647
1261
2671
4086
2740
8066
7872
418
7684
647
437
1048
1453
8777
8069
8109
3522
1712
3363
65
4855
6302
7126
2706
1405
1225
2443
4736
1150
5522
106
8320
7054
5479
2389
4748
1514
8216
4201
4479
2834
1519
3216
3217
7158
4056
2889
5164
2277
288
2298
6680
367
5003
3391
5225
4584
5172
6022
177
6190
5634
8199
7258
2839
3164
2331
4232
1332
3330
3373
492
5212
4668
5188
5768
3017
7760
6720
731
6564
962
2207
7571
6080
6189
6503
7780
6052
1896
7581
7931
712
4308
3312
5928
3929
4832
1365
2890
5221
4814
3353
4152
7846
7732
5402
2231
6273
5835
3054
3100
1644
147
5194
4055
1891
3494
6237
2829
8388
2856
5184
907
7442
4821
2986
2096
3785
5646
4139
4074
641
5649
6827
8205
3161
8685
3739
4246
2493
6285
814
6653
7211
4601
4955
6899
1654
4733
494
1345
4080
131
5689
296
8591
7302
8622
949
4504
3252
8295
1948
645
8444
7617
7163
5213
3538
357
5254
7562
8335
4844
244
1848
7463
6710
6788
3263
7772
1656
4528
4753
2585
59
254
5296
5346
2579
7941
409
8316
2753
6231
2879
240
5310
2818
7727
6233
1869
7028
2483
5066
7214
5065
1264
4718
5084
101
7795
1609
8332
8766
5433
5059
3686
6702
3160
4463
3186
5473
796
2369
6626
1627
5575
7709
7208
2134
4109
5076
5999
6188
5407
3177
1153
7064
8360
3197
2045
5192
5847
7593
8663
3135
2326
2371
6179
3519
4023
2448
7951
7736
2601
4596
910
1908
6690
2527
6215
8041
5950
6308
2135
1811
4168
5725
6801
2138
2322
1275
7082
2260
4500
943
5821
5295
3916
879
6357
2715
1110
7825
7269
4358
2024
3346
7778
4507
459
5351
7229
3226
6073
4549
6402
4670
5754
1484
4156
1196
2249
5275
8595
2236
7324
6779
8026
4672
1975
4044
2645
8532
3279
5882
812
5731
6207
4579
387
4383
2470
5013
8025
6003
7255
2991
7479
273
1694
1301
6184
3513
3653
2268
633
8603
6835
2557
4134
8456
2456
1731
7159
4959
157
6572
7014
2509
3807
1749
3069
2368
6712
7228
1695
6609
7335
8629
1260
7615
3382
7401
7691
1587
5856
5695
5814
3412
6772
3804
6449
1124
3755
285
8300
2305
903
1553
7573
4367
6879
651
4313
6985
2931
8662
3637
3694
1139
8424
7221
2803
4606
580
5199
4057
6642
4926
4515
3875
7833
4517
8686
8499
4506
6122
3870
2141
5283
1518
8482
4374
5632
1156
5022
1322
5360
8613
2199
2432
2006
5693
5960
2338
2185
2039
6442
4091
2287
7242
8717
4349
7449
3003
1556
3724
6845
4
4571
8317
743
5512
4416
1040
1112
4258
1544
5863
6950
6658
2976
8230
1949
2625
4286
5114
657
7844
7752
297
488
7049
681
6610
1186
5608
721
1254
5623
5948
8148
1259
7409
35
2713
4431
4707
3398
5546
7371
506
2153
3787
1191
6118
880
6863
2548
7477
5588
7686
6125
909
7420
7716
3443
1287
617
8390
4912
6274
734
1059
1790
3464
8538
8185
1500
5606
8616
5829
8370
8765
8472
7257
248
4640
8123
3621
5633
8043
4907
301
315
2723
2510
3781
3823
616
2496
6363
1687
7217
6999
3778
6337
1767
2191
5102
7493
8108
3792
1202
5260
8525
4612
5573
1063
5593
7987
8448
6567
3994
150
6672
1669
5562
3267
6132
8587
604
6981
535
4140
5873
5429
8202
3853
4510
7123
293
8468
7522
1043
179
4925
944
4240
448
7509
6514
7643
7756
1545
3329
6008
7506
5771
7475
7188
6078
2875
6200
3081
6325
6568
4228
2101
8274
1072
1086
4815
3893
7227
5441
5812
2978
3559
3016
5456
5492
7362
8522
1992
2994
4224
5334
7359
4273
3109
3950
6023
1378
5963
4158
3731
7186
294
4767
1683
2136
7230
3097
4161
8758
5643
152
3636
2858
6860
7370
5092
3528
900
7102
808
7525
4995
3574
8492
1782
5123
1435
7042
5288
4377
2808
4849
3145
6109
6448
7910
6726
5422
4915
8383
8597
5574
8747
7452
5226
195
6412
171
5717
7979
8292
7077
335
4073
5131
8713
6276
2150
7216
4260
3376
8619
2123
1085
3072
2644
8118
4184
6544
2188
7601
7491
6796
2903
5555
703
8050
6648
1987
4952
8511
803
6622
1849
7109
861
6489
1684
3378
7559
4761
5440
587
4051
6830
6970
5074
4827
6982
4069
2831
5120
7138
3247
2073
3009
497
1905
7769
415
2885
5862
3043
5874
8353
8642
6661
8355
2560
1718
2361
6253
4255
64
2457
8700
1118
6840
5304
8409
6897
2272
1297
7501
637
7277
408
4732
482
3871
5968
1412
1765
7710
89
1822
603
1664
6891
5534
5799
7726
3084
3598
8503
584
8524
426
8117
7095
6399
6105
8244
942
8438
5463
5195
1135
4426
4547
7852
6776
6790
5072
2530
1812
502
1616
2218
6812
1164
3083
7392
7767
8719
6206
7874
7286
4013
8423
3548
756
3335
3454
6504
4218
7530
8194
1151
2712
1368
499
2643
8778
979
2081
6441
7076
7333
7103
3323
7181
24
5469
3772
5857
1050
1776
7826
3171
7662
7920
4418
578
461
6380
4777
2293
2886
390
4401
4793
4709
4514
7861
1027
7201
7466
2597
5854
5656
7766
6002
3297
558
3543
1943
2815
2164
4397
7950
638
7953
1074
5333
5401
8366
289
5888
451
4982
75
1169
2170
4270
7069
2941
121
2599
4669
1288
90
4931
1945
1267
3805
281
6383
3773
6960
6471
1093
7303
4503
5672
668
783
2762
8659
3982
5748
4715
5547
3249
3269
6241
5442
7893
8573
1495
8615
394
8132
8371
8104
62
8301
6698
8498
1534
557
3428
5450
2197
3143
1428
2511
3845
6964
5373
8214
2539
3068
2263
2451
8630
7185
4760
8479
4300
3986
6846
1193
7088
2329
3107
674
86
391
8308
2724
2929
7465
5241
7823
3799
1304
2319
422
3151
7627
6655
8484
643
1282
7622
5417
8137
4858
2504
7929
5674
3326
5057
2398
6262
7577
6280
8722
8065
5252
6902
2786
1976
4695
2980
2788
7663
3524
1064
6905
8550
33
6825
2151
2872
804
3539
7233
6794
6587
4697
1188
1370
228
1816
7063
8784
6165
5255
8473
1125
8034
2532
3760
1362
1456
554
4145
4632
8441
3879
7866
2668
2651
870
779
963
1315
1475
6618
4921
4312
3130
6818
2022
6617
3064
7624
3647
3939
5267
990
2011
7142
3417
8340
776
5842
8206
6379
2726
4574
7494
4975
8706
18
7273
5865
7381
1969
4689
7394
7507
3469
2376
4301
2132
12
2357
3057
5138
3041
5201
109
4642
8367
6507
8203
3761
6668
7750
1009
5398
3369
4592
1278
5926
8051
31
1501
6212
2553
7731
8165
1560
493
2273
1875
3757
6624
7654
6639
6382
3963
5496
