6792
102
3150
7153
7438
1630
154
4408
5271
2124
279
3875
4076
3887
6745
3385
5635
5087
4706
3692
7209
6293
3808
7034
627
8394
7116
4143
5332
3254
2949
1124
8510
7622
4488
2159
4918
8490
206
6304
6343
3722
2406
3622
8280
1607
5604
3181
4315
7054
2917
4900
2948
2130
7275
8697
2864
8564
6768
1336
8091
978
701
2517
1001
4909
4668
6356
8675
4866
8021
609
4354
7215
281
3961
6592
5247
7623
6631
7558
333
7667
7428
151
7619
8591
4283
75
3403
790
5659
8612
1692
761
4681
598
6920
4734
5731
5657
5517
4491
4795
1526
4860
8552
5368
6527
8620
921
5827
8281
4038
7009
3304
2399
8000
2593
6684
8149
5056
147
6633
4368
6740
3966
644
6447
4729
4117
2039
6311
6816
874
1475
212
7015
6342
5780
248
2445
3807
7963
6609
3487
6744
3803
2911
5676
2786
5236
3766
6949
6766
4424
7610
6808
4033
2809
5937
8215
4193
4936
7948
8748
1395
4873
3408
6812
2685
2677
4564
6033
1646
3371
7184
785
982
202
4520
3978
4934
3236
5028
3920
6754
4892
1803
3555
2963
216
2594
5701
5896
733
2834
5756
4781
7909
726
2663
338
6849
2148
1874
2394
1611
1537
4768
1915
2349
3160
4543
1479
697
8652
211
1354
5617
2089
4875
2280
7744
693
2837
8752
5751
4654
2412
5441
8594
1430
3255
457
7221
2467
6337
6439
8347
8062
6242
8029
5187
7910
8621
875
7939
8758
7025
8262
453
4807
3972
5940
1320
7688
2849
7000
6825
3364
5805
3521
2627
7762
4308
997
7913
2036
1057
1867
7487
4686
7483
6842
4132
7456
267
1941
3698
3240
2429
5772
7572
6965
5856
4154
2390
7090
6438
1809
3447
5538
6533
1346
5420
8278
4784
3230
2621
2266
777
8273
7716
2387
8005
8161
5607
7550
3795
2304
5213
6519
5919
3686
5027
5813
6358
5477
3680
3626
5350
6016
4714
1250
4534
1242
6724
7259
305
2839
5885
765
6118
1189
8037
3895
7795
4801
3035
2698
5122
3633
6721
3551
6752
3930
2420
7576
3635
7228
4105
1785
6755
3317
4995
545
2247
7837
4905
7838
6100
7598
1004
2506
8327
8078
2659
7537
6344
7636
3842
7240
2803
3129
1755
756
614
596
5984
1837
7574
7167
3151
5629
6237
6010
6144
2013
2688
7462
3535
4129
1481
8170
3431
48
8263
7110
8339
4921
2940
6302
6229
4065
2441
8098
7278
6852
667
8432
7156
3389
8289
8723
5430
1488
3362
4209
6268
3773
4392
2840
425
6983
8304
8314
8401
3858
3546
1442
393
1413
7525
5773
7069
713
2932
2820
3489
3382
1522
4663
3407
3924
8073
3813
485
247
4828
133
1589
8691
5268
2535
4927
1810
5181
4879
5726
6637
5951
2569
5255
1515
249
8257
2421
6654
2139
527
450
3693
6673
4847
278
4755
2151
1793
2739
2271
4380
531
7108
3356
8309
3415
5383
7700
7133
4535
7730
1531
7053
7229
694
1092
7504
5938
1822
1768
6887
3584
6728
5152
6957
2060
6743
8659
8729
4402
1010
8575
1298
369
7284
5979
4946
1147
5023
3886
5118
7964
1745
2883
3977
7609
4637
226
5007
6831
6612
477
6508
27
2717
4401
63
140
8295
7748
6122
2721
6553
4747
859
6727
3510
775
7581
1061
7227
2248
4523
7697
3959
3172
8346
1348
3212
6903
7672
2514
8504
5580
1193
1152
7102
7602
788
5981
3047
7878
8422
3791
2079
1435
3093
2619
5346
503
4355
3278
8253
948
5466
5634
8521
5198
5166
7189
5857
469
3559
4912
1976
585
3010
2862
940
5025
5559
4437
2745
2674
4177
3838
977
5205
6481
2295
2426
3816
5838
7063
1248
348
4680
6240
3679
3475
5018
7049
1338
5745
299
7787
4916
5377
4337
2988
2118
5930
6862
1547
233
1648
4329
1118
2991
4435
7649
4297
776
6986
8248
1820
4070
3209
7676
5398
6716
8015
1859
4718
2808
522
1439
5863
6767
7923
4327
8243
2291
6487
3611
8316
2156
2080
4721
2360
7859
4782
3754
5024
1985
4824
235
6092
3502
1201
7171
274
3590
862
1569
2770
6169
145
4447
549
5654
794
1775
1215
1352
1180
2828
8421
1308
7620
473
3804
2067
6067
2482
1126
2922
6197
1884
1020
7242
7068
277
435
3891
3075
4779
2383
8361
7335
5360
2214
5735
8581
4097
3002
664
642
189
3175
1164
4346
3391
2541
561
2204
946
5390
1200
4590
6440
8141
3281
1681
525
6627
6705
4540
3582
2023
587
1285
4575
2046
1226
5759
8692
5190
1889
4109
8219
1288
5566
6003
8773
1743
686
8303
1560
1197
6301
8083
4479
8291
5961
5761
4194
7261
3967
2723
5794
4028
5044
294
8199
4450
4381
1277
6397
1815
840
6941
4951
4187
4789
5786
8784
7192
4989
1160
4814
4799
1513
4803
3270
8555
4841
3310
3439
740
5513
1717
4077
534
7911
1135
454
1911
3649
1958
1018
4730
4981
8603
8188
334
2876
2186
5175
6704
7333
3844
6349
2213
6372
4409
2547
5077
1173
3034
1038
4168
2243
6453
1343
1082
2312
7573
352
718
6523
4113
7447
6647
7429
8066
3587
1519
4474
3457
5917
6246
5664
2413
5809
5704
7206
3300
4837
6923
8632
3923
2260
3952
7983
4036
7441
8548
8077
8474
3745
6516
8264
1762
1188
159
2939
7268
1790
8052
1141
7707
8489
499
4812
7303
1474
565
7331
5862
8016
8557
2115
107
703
4920
618
1278
1970
8004
511
3051
228
4047
6652
796
2181
4415
1212
2852
3570
3342
6295
4236
1501
2760
2273
6996
5900
3343
5222
2481
82
6116
7526
8045
4511
42
5479
650
2190
8455
3018
3862
4426
5542
5718
2050
5881
5898
1104
1794
7328
5544
6769
5777
8699
3421
3425
689
7605
3879
6620
7920
3154
1917
1375
3718
2763
8185
2107
156
6691
5055
671
1154
8271
3603
1393
4404
548
6907
1455
5212
1764
8326
1321
2944
2673
5990
1766
2924
7364
2804
2475
1757
98
2765
5912
6350
912
6817
7916
2466
4079
1006
2799
1456
8223
5639
2052
6039
3788
4798
408
6107
3173
4296
4831
6424
1374
3321
2919
2440
5467
873
1551
4589
2321
5988
3042
542
5955
1211
5445
6139
4500
2371
3063
4602
2903
1986
7768
2560
3424
2088
486
744
2964
8130
2164
5836
4735
5555
7738
1817
2748
6586
6189
1280
8780
8231
5421
6061
2929
6785
4255
3642
7947
5073
3443
7842
3345
4169
8178
3937
3817
5700
633
176
7080
5385
3834
6897
5294
918
1340
7176
3660
6765
2017
310
589
6014
5619
5967
5335
5123
2460
7293
312
6538
2075
6678
6380
5649
2843
5048
193
4971
1504
5431
5093
3810
8470
1107
7692
6480
6555
6324
5993
5256
1204
8022
5394
7213
4048
2945
6200
2703
3470
2354
4882
3398
7343
2263
4371
7089
1615
3601
2388
7444
1570
1253
2525
2455
5522
7997
5541
6367
1356
8169
639
2649
2805
4242
7706
1323
1907
2081
7639
5474
196
415
5543
1039
4962
6961
5689
2313
3176
2925
6945
4031
8392
8560
2328
5884
3896
3213
3615
7980
8143
3008
5159
6641
1818
3203
8194
6290
7818
7005
4412
2959
8446
5931
889
3942
705
141
661
6286
1940
2588
2453
3134
5453
2665
2178
3021
4130
2296
5970
1306
5509
1315
7136
5076
5319
7852
7132
4899
5738
284
5178
999
6202
843
2817
4306
3007
3003
3505
4142
6348
6964
6082
4699
3283
5850
105
5640
2336
6698
4312
4576
1909
5853
1370
8090
6934
149
6562
6292
7160
3750
2587
7747
1729
2154
4262
1601
6417
83
2777
1330
5828
134
573
2127
3703
6918
2893
7627
5433
2092
1550
6179
2368
1667
4018
4323
7803
495
4201
8147
8600
456
7885
8584
4982
994
5972
7987
6190
8222
7076
3156
8475
8294
8702
4581
5622
6410
8201
6911
4357
4642
3575
5132
1709
5514
2322
7497
3756
829
6479
4370
1780
120
6125
8402
4041
5581
6529
4486
7989
7351
6764
754
6115
5450
4659
4644
6611
2586
7725
6143
1711
1960
6029
4914
1117
7418
1996
4915
5414
7468
8728
3608
1015
5824
3508
4722
7205
5424
4546
261
3346
3329
3100
2736
2424
3019
2920
4516
7784
3876
5234
3384
6382
4085
3498
481
7655
5776
1023
8677
4103
2612
5327
4883
827
4876
6457
4497
4945
340
6297
6341
6420
7126
3214
7096
8110
