3578
2471
7740
3301
1907
4135
2937
6734
7168
7655
3027
3366
1239
5831
4737
3538
3441
7396
1458
8626
8090
5274
858
1102
2004
4560
1168
7050
3550
8286
8493
5862
3549
1190
8116
495
4888
2345
1211
6647
3094
1651
4762
8337
3996
6343
4149
3101
3068
4273
6077
3813
5957
6089
6719
3438
6870
675
8304
1400
5695
451
2323
6621
4893
4137
4906
1117
5726
6338
2012
7702
5014
6524
6950
3330
7213
5644
1612
1812
5536
1269
3232
393
380
2340
7331
7455
7249
3434
8472
311
2504
7246
3616
5549
823
8669
4062
7376
4417
3015
5385
8704
8320
3376
3263
2541
1609
7513
5903
2045
2479
247
115
2830
6817
7635
7283
2551
7077
2250
6001
1637
5805
5088
5499
6926
2309
6015
5769
1042
2075
1454
1057
7391
1882
2707
7751
111
242
4838
1814
6712
4210
5025
3126
6574
8028
4953
3664
2612
7042
2188
696
1186
1171
3706
5186
3171
7913
7943
7268
558
1198
1203
6237
7533
6374
2831
7639
8777
1011
6051
8709
640
7961
4397
71
7324
2071
2672
4718
4831
3018
4904
2213
625
3128
6677
5041
4593
1847
5551
2223
7256
5477
6982
7216
8521
5692
2582
1491
7597
4924
918
8595
8254
4957
7792
833
3861
7088
1974
8525
1503
8315
6222
4872
8663
615
1877
2201
79
2710
3722
8729
5514
55
3854
2617
8334
1981
7596
5882
3398
3030
2230
968
3960
5922
5890
4364
5659
6914
5361
4873
7726
815
5552
8630
2040
3289
5332
1343
8189
5731
4791
6521
1850
6487
6980
4143
6653
2849
1900
5407
3302
900
7781
2906
4502
6146
2599
3224
2068
1104
5991
5318
7685
946
1976
6913
6572
7374
400
3162
7750
7253
1932
3454
331
1562
3958
8218
2314
8238
6921
5111
7238
1357
5159
374
8631
1075
7346
3710
8336
2840
5368
978
6321
1779
5425
1013
2945
5633
2462
3431
5988
2836
5541
5133
1988
2092
2362
3316
7033
6911
2291
7785
8059
8617
4997
4209
7620
6671
1566
329
8590
6498
351
1935
2921
2561
773
131
7001
2509
1983
7586
4484
6771
1130
7203
4035
1940
7054
8680
843
3336
6073
3391
5833
1499
3890
2701
8210
7095
5931
2787
403
5944
6193
5293
8676
5779
2781
4801
3282
7927
1588
6937
5543
5899
3903
868
2785
2249
5802
8341
927
1724
8586
1975
8673
2818
4948
2278
7723
5920
5207
3243
6267
5559
1866
1945
1142
8612
1321
1205
6596
5850
5977
1763
8714
6122
2928
2233
381
775
4785
4163
5100
4503
7244
5436
6897
911
44
8220
7426
5795
3388
6500
1204
2964
2870
7274
3623
6114
3112
7084
8511
1118
8412
6651
1586
2241
1290
3148
6181
2439
1175
3917
2244
6823
7949
7013
4376
3993
7974
7360
847
8453
2557
5635
7838
7323
8736
345
840
412
2890
2987
5032
3287
8384
4100
3556
7335
4097
7882
2440
2973
7439
3295
3999
7479
4922
937
3884
1890
3288
4852
3702
5511
3977
6491
3674
2546
7548
3255
4745
1488
4603
3857
2266
1577
2799
3271
3331
3862
3804
7490
5432
6729
1736
2670
6748
5402
776
8769
6386
618
2090
6865
1149
7536
6102
4098
7819
511
223
1123
7445
6424
4006
3703
8003
7502
1465
8158
8650
218
5103
372
7836
4
5706
7772
7535
8290
4416
371
6384
2791
7429
8095
5892
1674
1573
152
7906
5141
3140
316
5519
8536
5379
7988
3990
7572
891
4685
420
7312
7696
116
29
7306
3989
5195
8054
6309
233
7327
6707
4127
2950
160
4903
163
448
2827
8430
6289
500
8567
2798
7059
6026
8722
2356
5114
4809
6437
948
4304
3869
3357
8299
3149
6662
1547
2456
6047
3957
990
1394
1282
591
3717
377
6455
3170
8174
6681
2967
3774
3361
6490
5066
3245
6177
3117
196
4744
7100
3038
7204
950
301
8023
4406
4667
4088
3209
268
7392
6929
5335
6701
4411
6785
578
6496
6345
8109
1134
1730
3137
3262
3834
149
1408
5618
7340
1021
883
7257
349
1114
4726
6718
1182
6844
1191
7948
652
7192
1556
3899
2094
212
24
6421
5793
2207
2543
3452
1734
553
3160
4146
3188
5883
1829
6556
2055
4579
6433
6007
2492
25
1852
5094
8570
6916
3973
3877
2115
4695
5392
6881
8728
464
6199
764
8091
1138
2626
2336
7020
6329
6717
102
5490
5672
288
7672
5858
6456
5061
4793
6714
8398
5728
7000
1217
2960
7214
3791
1006
7828
6482
8543
4987
8117
2776
7549
155
2530
2963
4079
5096
4180
8248
2559
2134
2899
6235
4340
4271
1324
938
1717
1786
6709
298
4575
6307
8587
404
7648
8381
6188
6663
3582
1145
4949
3393
6808
6397
1839
5746
4241
4270
90
523
7937
2414
1893
7826
6514
4177
7075
4314
4131
7222
2064
1270
6274
3167
2600
378
5712
1681
1676
6358
643
7749
2375
1930
6033
323
1214
6104
1015
8462
5166
11
4995
2723
6867
1201
3070
5686
5406
3720
8069
5964
2270
1311
2180
4077
6809
5916
1966
6260
3166
8750
6140
3938
5238
1905
3962
6756
3842
1479
5584
2321
2938
8046
1924
7432
4191
8077
3125
6670
6599
2395
7300
540
4784
3547
407
2234
760
5285
1822
3208
2826
2767
1224
4814
4622
1441
5473
8021
8597
505
8211
271
8285
1109
3092
2622
1279
3486
6027
7019
7051
2590
7381
1512
1691
614
6063
2032
2915
4794
4355
3111
1778
1652
7830
1956
8258
1917
4076
2625
2265
952
1594
3407
7351
3615
3922
1277
48
8503
4710
3333
7465
8002
8052
8191
3998
1070
749
8583
1215
3713
5945
8667
3832
1046
6769
3034
5270
6084
1116
5389
6704
5876
1721
6527
7629
4610
3198
4080
8739
317
7817
6549
2752
1534
3858
4550
4952
1950
1333
8360
1035
8624
6142
3410
3404
7394
3840
3636
7413
2334
4915
178
1093
5934
1718
297
7314
254
430
8037
3477
7976
7494
5197
2881
6901
2428
2822
4763
6058
8588
1307
8392
3326
5017
6139
3955
3259
7610
6079
1080
4460
1139
1255
4113
5310
1007
3500
4636
7231
33
94
7588
7945
5940
6607
369
3654
616
8599
6481
3644
919
2907
6304
2454
4255
7624
8414
3416
6675
3292
4754
3384
822
4452
2558
409
5338
1806
6510
3512
7991
8623
2069
5177
5636
2981
4463
6891
8314
8154
3240
5394
6291
6841
7080
2348
2260
6833
3541
4938
954
5448
5976
93
401
7240
7731
7615
1467
1170
395
6016
2402
2680
4501
1200
2692
8738
6350
5525
3875
6254
5630
1221
1052
1359
7248
7594
1029
7901
3991
6191
408
8694
292
3848
5449
2662
4569
5848
3995
4847
708
4053
4374
1661
7317
7585
3146
4822
8734
5685
236
4858
5542
4033
4154
3646
3351
8173
1126
6466
3503
3260
4024
6762
5772
336
6660
1998
7119
5794
1943
1049
2389
6792
4964
6176
3479
761
1158
4980
7450
6840
4625
1481
5122
8000
3183
4401
2126
5929
1234
4945
6048
5296
6927
6601
805
1888
3433
7154
7063
3532
5970
2563
8771
1365
6866
3686
1668
5540
5200
940
949
1113
5597
6283
3966
2067
1758
5716
5869
2699
4561
5278
1377
386
136
5738
2620
6546
4552
2593
3954
7683
8339
2167
3048
7638
4383
8057
110
1964
8274
594
667
1948
3882
7462
5447
8385
860
7229
5374
4939
8554
4106
5058
1374
3110
1167
2394
7105
2703
2743
2696
5036
7555
3464
3520
6215
1525
357
21
5024
2148
8013
2202
7160
4331
638
3019
343
1840
2510
6864
193
2280
3307
5261
1927
2844
7977
281
2575
3812
1340
2216
2615
6641
5034
4186
6148
7087
3637
3176
3777
286
1054
8782
1837
4937
7859
908
6131
5404
2817
5684
7525
1941
3495
5707
7398
5423
1722
8494
2759
214
2315
506
7766
2209
7191
613
5172
2159
3031
1247
7604
3082
5554
863
2410
8677
7541
6468
765
8140
3548
1697
844
758
4136
5662
4073
1216
5039
1755
2231
5563
5983
4990
6261
5020
1740
3935
1416
3368
3343
8168
106
6240
6814
5359
5821
8571
7547
3870
3005
7321
4311
6196
1202
5153
130
6371
5429
8142
2499
7437
6889
6759
2995
8776
6135
1253
1768
565
4897
4722
6011
405
7684
7748
8421
8244
971
38
4291
3715
5753
6658
1561
1761
8545
6203
4261
4933
1076
2008
6271
1493
6686
6410
4607
1824
6782
8684
841
