930
8535
6959
7940
427
226
7855
3726
2132
4233
4336
1423
6643
5192
2345
7545
5733
2124
5046
8399
5771
3433
1601
5574
860
7818
1463
3961
45
6125
5622
1558
5518
5425
1098
532
4144
3613
3452
2545
3740
8614
8618
2610
2257
56
7190
5502
4670
3698
4310
4179
2845
4735
4109
6440
2764
27
7221
406
2905
5889
2059
921
2699
1736
3259
5181
1356
2444
815
2251
5808
5089
4720
839
7292
8128
5208
5090
908
8471
8168
8275
8188
1489
2843
3192
66
1856
971
7270
874
3278
7664
4643
5127
4442
6286
8405
5111
5186
8431
1400
5151
1631
3032
1749
799
458
6641
7389
5361
506
7644
2455
6201
7551
6555
6738
4096
940
7454
8391
3600
4232
5591
6464
7939
7098
553
6579
2360
586
8097
6482
1710
5259
8718
4330
321
5793
2055
5636
6213
6220
143
4889
6163
8044
1843
3248
7355
1785
3838
2947
2470
2792
891
600
7005
3853
1321
7462
6227
7105
6791
5275
4820
851
927
4609
2508
3321
2145
4938
4827
4909
288
8315
4165
2513
2423
1509
5978
7481
8084
3846
736
3666
93
1118
7327
7354
4566
7169
7724
6109
8387
3909
5212
3518
7658
1065
8554
1892
6662
6388
7290
6922
842
3757
1430
381
8523
6208
1245
8767
6349
4964
1010
192
8670
2613
6995
383
7431
4530
6713
2605
2807
5034
7069
2704
7050
6969
1597
2450
4188
5144
430
1988
2183
5859
5130
5191
806
4437
990
6779
1432
8139
3725
8727
4569
3920
6335
6483
4777
4561
4283
3707
1586
1823
7199
6356
8394
1257
6731
7527
3859
1615
6097
132
2853
6126
530
6331
757
7116
6475
6542
1537
756
2223
2551
4789
174
6943
2855
7268
6727
7583
3903
3116
5544
5721
3417
8280
6881
4141
6789
5846
5585
2760
8010
2090
1788
2043
4871
1838
1366
5372
7187
8536
152
3848
1429
890
4406
8590
446
3438
6812
3654
8202
8111
3880
4483
5738
732
2681
6242
520
7598
2478
4143
5772
888
3276
3002
5624
2849
7863
3833
7043
3072
2574
7813
117
8305
3463
4039
7284
716
3875
3378
3630
8160
2987
4639
1649
6457
3578
1296
1725
4468
5008
7342
1044
2624
5789
5687
4368
6518
8260
1141
1297
2560
2882
8425
7529
8192
2979
6999
1115
3886
2859
3448
7711
6904
3811
7892
5231
8208
7479
2497
3685
6079
6462
4754
5303
8367
2609
8196
3720
7282
4258
4335
6214
2785
1237
5954
4249
1204
7086
3470
844
5620
6398
2418
5065
2581
1643
3657
2769
7774
7859
8223
3563
1327
7945
6196
4989
4531
6602
6490
5446
4268
6729
7453
818
6175
359
7296
128
6034
337
5211
1841
2105
5882
269
987
1419
6035
924
1144
6517
5095
670
2977
4251
6499
5236
5230
7503
268
6267
8003
636
5423
1682
5847
4493
571
7174
7108
7789
2009
4970
3435
5442
8078
4571
660
1215
2617
5024
4758
6332
7298
7757
7392
3414
7360
2057
6233
8377
1025
8756
8521
694
322
1500
1082
5073
3906
4538
3551
2220
5007
1280
8619
6558
6872
8241
1357
3638
122
7623
762
7520
8660
4932
7560
1363
5586
3392
651
6184
5658
2970
265
6045
1471
2768
1183
6262
3768
8741
491
313
240
3141
5939
1289
8429
3328
7692
698
5835
5869
3059
2702
8702
7400
7592
3108
3090
7251
2601
6834
6312
1427
748
7329
2003
4435
6545
1572
7361
2131
3913
5272
4237
328
4459
6392
1247
7343
1242
3419
6088
2837
6228
1927
5728
4347
7815
5928
883
8340
316
2964
421
2908
6158
6005
4748
1342
6571
2597
3242
6470
833
1896
6271
2639
5441
630
2207
557
4072
197
8328
356
8504
4379
2135
8352
6858
2958
2395
3589
7652
4896
1444
193
917
7506
7341
4868
4117
8580
3941
2162
2599
6326
6505
7158
2509
2287
900
4494
2844
1267
1758
6608
2836
1675
1611
3123
2302
4374
4305
1825
6091
6231
4743
1353
7904
1926
4403
1440
1805
5924
7278
7838
4599
4032
8069
3219
6062
6650
3445
6840
4866
5295
1170
2216
4373
3874
7796
6636
2556
440
1591
8506
2598
2748
3186
6374
7915
2719
1540
8462
7895
6379
2923
2255
312
5006
15
6010
1612
4867
3987
7857
2253
541
2397
7439
7903
1716
8166
2372
8407
6903
2866
3742
5528
1998
3935
4766
2007
8132
6563
5315
208
1648
1909
3099
1724
3018
7152
6568
6765
1290
5179
7380
780
8343
5082
5813
4910
3139
7777
1793
745
4890
5938
4703
7263
5406
5828
4348
8127
7230
1768
7279
4081
936
1420
4948
4108
6660
2708
212
2475
205
8227
5820
1975
1720
3291
8459
8282
4926
1947
8395
8755
5307
2098
7498
3889
7570
133
3388
3968
7612
5877
809
867
4057
5283
2032
3312
545
4315
912
1056
8174
5851
8528
4058
353
4018
8095
6780
3424
4555
1439
3591
3885
1931
6940
2180
7607
3206
6792
822
7911
485
3797
1905
1875
1277
1741
5281
947
8316
6627
5213
706
8533
764
1185
2838
6132
2884
40
4838
3071
2407
195
7371
4701
6900
7475
6706
3352
5587
5066
2875
2006
7398
4037
7521
8161
2381
2306
8134
419
1034
8145
2046
3538
1812
3249
2195
6413
529
3486
901
6686
338
2832
5264
4213
7226
3993
618
3735
5801
3893
911
5760
2171
8017
7532
6347
1508
6854
8412
3546
4352
1955
6552
6585
4162
3408
8324
5572
3430
5322
6902
5629
4590
6696
1161
246
5023
2962
7311
6302
3055
3258
2219
4656
3274
7663
4036
1198
6514
3678
5354
880
5652
8678
2714
7080
8682
578
5776
1102
1742
1830
8347
453
5501
7127
5306
6701
598
7954
4881
8748
2432
6810
5300
399
3156
798
537
1906
1671
4559
3068
4376
263
5665
6076
5965
2099
2352
2106
165
7444
7321
4040
1765
3169
5708
8083
3464
8077
1348
6446
267
6873
1328
2562
771
4295
3531
1895
8038
7427
3333
1907
3441
1629
787
3201
3409
1212
6690
4360
6430
4077
6245
4565
7478
3852
3932
3767
4653
669
6353
6157
422
2185
23
8743
3037
2914
6476
74
4779
7198
7722
323
8085
306
7984
1840
428
8118
5260
3807
3656
5764
4041
6707
7068
8565
1283
3979
8318
1777
6336
5316
2327
31
4460
3799
1913
4688
2094
5497
1737
2585
1146
7721
461
8055
1380
170
6705
5809
4794
5953
6426
4177
6295
6092
298
6642
4831
3516
4649
459
2941
1302
8120
259
217
220
4673
8551
8593
2102
344
6411
5105
4267
8575
6503
4805
3976
3787
6869
6935
2161
1669
3179
86
4578
7942
4698
6232
4395
3760
6754
1939
2521
261
5465
5811
7254
4654
2271
3554
1809
6915
2138
4806
6443
5950
554
7438
4977
6742
1683
6111
5270
6806
1623
2881
7573
1954
3140
4123
2113
1354
4945
4573
8059
8060
2989
1641
5546
11
3971
3112
5995
5626
2334
2527
6100
1109
1848
6050
7793
2073
7801
4264
3627
42
41
2482
8714
30
8187
6188
8225
5744
7542
5779
1982
3098
1723
7611
1733
6714
8627
8771
1690
8442
1626
3214
8644
6799
5327
8164
1418
1922
3675
1383
7768
1732
1513
1147
8611
1038
4475
5861
5440
6924
4741
7541
4428
6001
4363
7208
3384
7820
4949
8452
2691
116
4840
2373
7543
2005
2275
8292
264
4944
5717
5985
3926
8541
5676
2086
2413
1755
2926
5942
3061
4464
6391
148
5878
3159
2648
3443
3712
6093
4963
5641
7441
2652
4981
852
2289
7000
8278
1149
1893
2800
480
2116
4683
6566
5645
5508
7381
8596
2879
3581
3020
7204
3021
4421
1339
4334
4211
3967
7277
5660
4927
4630
8397
352
2806
4024
2163
2182
2547
2492
2847
4869
5140
769
568
5486
2082
4634
8331
8692
3577
4220
2130
1804
8040
340
8448
3162
2121
854
7830
8099
1080
4294
8369
8661
5479
6756
6348
6770
3285
402
2212
3144
4672
1872
1287
2436
3082
3529
2364
803
8269
8638
5503
1719
6675
6538
8447
8370
8261
5499
4340
7217
521
595
8286
6427
7500
1504
3997
6307
6142
4591
107
5417
5653
2808
7177
3083
5941
8384
2459
7704
4808
3561
1406
7929
7094
4577
7683
8629
5180
502
5364
7526
3428
7399
998
7074
4383
7294
8683
415
4810
7617
5080
4410
6839
5977
3084
6730
7637
2555
6244
8772
8406
3535
7566
7238
4148
1997
5506
619
