28205
14199
35687
10413
15634
28480
24144
16441
27093
14176
21143
32840
21563
10054
38577
10252
32306
27805
17202
3721
24863
1816
31998
14086
17
25789
21227
24760
12937
22429
17821
15679
30129
15752
34081
26569
39119
32584
29375
27122
20510
34540
11198
2049
35008
3766
4584
8949
18256
35506
23527
34695
255
31737
39081
9290
205
452
19985
2788
14696
3242
33115
31317
11929
27661
2126
25241
23075
18800
24626
13659
37047
38886
3490
35138
9350
23741
18775
3974
25664
5238
15439
15525
16299
24766
38316
18799
6463
25836
23164
327
15811
24114
27608
20687
15020
1657
37421
5350
33163
23416
10319
11233
19976
9672
27024
17812
30290
31714
17020
17605
38342
18065
19915
33098
8433
13338
22190
15656
27650
20160
1174
30838
34195
26637
30640
17523
24281
14277
28080
21297
30513
9542
26035
970
37732
37742
23602
8418
9828
32022
10512
27100
27137
8995
37277
4217
16680
19316
33534
22512
23386
5198
34629
4280
15340
34504
37590
25954
26824
7565
20337
18472
21577
32803
16049
7750
2414
29956
34815
35685
21102
38078
18817
4470
10566
13976
23637
13431
4
16298
30577
10557
17862
2484
9673
3239
18068
37808
22172
18863
11216
6534
38637
3007
24676
11062
11668
30536
1588
27184
6198
6929
27393
17366
22093
27804
5298
338
27705
24248
32510
13179
25248
1281
14760
30388
15875
38494
38673
3515
71
22798
3092
33686
36686
24550
439
15829
12926
6331
26360
3229
18779
30645
27917
13708
27609
1794
38425
10138
16050
8005
30119
27436
37638
6361
15144
7688
29089
2481
23019
6479
30161
14228
5530
899
20741
35859
18522
33731
10654
36560
7411
17016
24000
31123
3218
24346
8876
27549
4291
21083
8096
18304
7086
3056
21721
5276
2770
8979
9971
10626
21480
12195
24725
19177
20797
10378
22861
29942
30626
34759
34451
27551
11047
21853
8299
26933
14839
33378
38272
29927
15205
23879
37303
18512
16257
5595
19905
38462
17034
28241
37404
12489
17966
29079
15915
12248
25465
18355
19593
24155
19360
6766
29743
37164
11452
4908
37010
5401
34971
26999
27220
34235
20663
16817
31659
18527
34483
37103
10463
37874
16984
30162
14275
23009
38662
16365
12997
30854
1074
20299
27038
16516
21035
29572
4826
26168
27637
7042
26599
20981
32282
927
26082
9308
5271
37518
5512
19091
170
27199
10411
14880
8426
1910
681
4780
33568
36986
16576
5079
9593
2635
26163
1827
30075
4985
1915
34381
36372
20559
33268
26250
9146
5835
24030
30267
20806
24324
8565
28163
889
27231
15015
11576
8651
11934
8682
13373
1488
23192
5160
13752
708
30376
38141
9085
31262
32717
13417
26750
17926
18230
25571
8710
4009
22195
26827
9550
7373
11777
31610
26052
29007
36645
10440
4926
15172
33245
28234
3276
3524
10592
34910
3185
18500
23606
26611
37061
16448
32149
1671
25820
426
5373
12798
24244
10485
4521
18897
6187
6457
9413
37509
2306
17173
28103
8019
30869
27572
16089
759
16224
2558
21172
18378
9011
11290
28751
31564
20067
13653
19253
1886
26165
31588
26047
34174
7942
27862
21364
7621
12589
20325
5361
9276
15203
23513
22239
15319
31715
8065
2409
29680
34805
10246
34698
35094
4629
16868
33076
5342
30639
35865
29399
22041
22908
32135
30858
13040
15793
7081
17603
16923
21885
14892
5294
26206
35130
8156
4025
30546
6082
19907
35053
14959
36032
11048
36365
16920
16243
22664
33141
19935
16479
19758
24695
15645
30855
35239
12100
35944
38229
4058
33311
30865
4322
16678
5260
24096
13727
2070
32229
15297
33032
21624
22914
5852
28003
3627
4812
6362
28972
17774
36152
20491
9001
4706
36482
5025
30404
34368
5889
25853
13436
34621
35722
14953
12201
33435
27977
7810
37222
5213
28118
38093
18373
1966
36051
29596
19640
30570
37728
4523
26482
26894
17947
17405
15956
10394
24238
20365
7620
27266
30879
20570
208
24526
106
35948
1013
26296
6906
5823
16574
28238
4037
6736
36513
28629
406
3869
4236
24491
19876
3643
8397
27953
8859
923
6341
33169
9537
21958
12327
4342
16480
26325
2700
21597
37804
12936
32290
36798
25047
33482
14483
14711
31167
16249
16624
33766
16954
14259
22038
16919
24050
2584
28511
22582
12363
24976
4042
25402
35462
27018
28181
15505
9047
22099
13649
28214
18933
5815
25601
38
7230
16113
17456
27791
20005
4973
10619
23973
29678
36940
37855
20187
17934
31568
34908
23026
33070
130
30259
4000
38310
3013
4149
36729
32329
28644
6299
891
36424
11746
1838
497
31884
25086
18390
21855
32434
28389
12035
14257
13753
13667
4956
20611
21732
28911
37333
11108
35404
33368
10072
27696
30812
34040
35979
7285
14978
17153
33773
31707
25790
33185
38753
21136
32531
22911
23046
11128
16042
20508
26915
12088
5292
32050
32425
25148
28333
25951
14475
29057
5810
30930
35881
34330
31849
9885
9319
12262
11356
35546
763
18620
9268
26116
36043
3266
22515
4104
19963
33772
14147
26956
28300
34887
19161
9292
32445
22522
19903
12894
4774
508
624
32446
38733
33203
6286
10708
21002
37512
21470
10347
25323
37373
35192
17030
3686
25886
7260
10279
6591
39082
20255
19749
23077
34618
11572
36951
11254
8018
13260
37278
5801
15599
10283
23962
14507
2567
10037
39042
17495
32296
3099
32735
13383
16372
4991
17933
15046
23322
12972
37429
30781
3188
2889
21462
7295
5583
10887
22194
14652
9891
12669
21486
10772
20529
15709
11853
15285
20896
7113
13335
30296
4462
33035
7881
28013
25125
13577
6251
34809
26377
13658
38900
20938
26282
15790
29905
16167
13856
9948
5127
14574
36795
11672
26829
21495
28012
17678
24611
19272
18482
23103
36091
28178
22812
17401
4883
18780
37125
2461
14871
26465
27522
18385
32200
24169
12284
21338
11020
17463
15091
26561
33127
28344
23366
24743
19713
10636
29418
5060
18008
11696
7904
16244
9091
16201
23809
3169
25575
6567
2684
10357
15473
28874
27446
27684
7185
1240
8191
19029
3550
32364
9897
6661
38749
35725
8999
16259
10930
17161
18822
15655
6910
19461
33853
21594
12769
11573
11730
7138
14327
33208
23328
20499
6312
8559
36332
15431
30540
35331
24714
8473
36122
28869
30338
28217
19533
33342
1172
30861
33616
12299
24930
11116
30096
31591
12317
30398
689
6964
37672
7537
13005
22339
32116
34263
27031
25082
8663
2998
2598
15171
815
15856
4626
29169
25547
38147
15952
4511
38419
8887
4439
6086
15977
23278
4150
38742
36362
1330
38642
38549
34888
28793
32891
8977
35763
31320
27116
28340
33675
29687
23446
7647
28712
26442
23135
14468
27071
32869
32798
7604
19115
18880
34141
13829
23579
3830
37755
20419
11319
18731
1123
4761
9617
10587
5795
13920
37147
25025
34552
5988
6741
11432
8350
29843
20660
2531
27077
12310
623
14887
4514
1302
26484
31490
24934
31460
18757
19547
18740
2565
13756
19700
15335
35199
18380
21874
23798
5640
28183
14071
30035
13180
18440
9201
35684
36287
6506
18044
647
25187
1938
7294
21300
31296
14934
31769
12387
27737
37013
5645
15239
32813
25317
24603
1049
30497
8324
13581
3908
18319
15526
35582
18560
15697
19138
36393
2348
33929
14626
22655
7175
2916
288
12750
37745
8246
12468
25972
25088
24092
28397
2015
12575
30220
25258
22744
485
11353
27020
19695
2304
8176
38231
2878
12558
22967
28539
3388
20683
30880
2833
16865
8078
746
38301
24166
10787
9750
38417
32469
27259
12080
24720
21772
18251
35488
22318
14168
11278
3152
7877
10417
2064
38635
22213
25388
7798
34635
29084
29537
9706
6266
8342
12762
4806
2259
10118
28733
18983
26936
14366
38173
33441
36882
8127
35915
12460
37858
16408
13058
3855
24334
16087
6897
37271
35233
10257
3465
3300
10048
37626
31534
26807
9931
32162
31195
34049
29970
12160
5454
30166
22637
27765
2730
10907
14454
25034
23133
38169
36216
25261
2465
13140
31836
6254
9629
4329
11641
31874
7390
13793
8824
6376
3400
8309
22526
16994
12680
8851
3817
15354
37587
32561
3305
28264
2569
8631
16625
17904
8268
2164
34172
4856
30503
7834
26725
24551
5608
25945
15134
22907
8593
20256
16932
21375
595
30759
11435
5151
14494
16092
20045
11597
9836
30575
21204
754
8061
39062
9913
36770
34297
10672
36950
11474
37190
686
34929
22425
28980
17254
4555
28875
2727
9049
38807
26889
26156
31427
36361
11585
26446
23612
25537
3616
31673
14719
14007
10312
13673
7404
10469
30517
4666
31153
14319
5729
4793
15710
5872
9144
15668
26048
13030
24529
15729
37144
32493
22302
21008
5128
21405
26788
8808
29605
29538
29459
24817
28287
6486
12700
27558
20056
26270
3708
21235
17075
27281
12005
23705
29010
35134
9135
11588
5897
28045
20545
38555
19055
11500
2680
18911
23490
18603
19203
5123
36256
14301
18542
18326
27346
18397
5478
28881
14536
33575
31140
13224
28817
10467
18339
5385
21323
32347
26057
23887
4102
37022
23683
19732
38762
35861
15179
19605
15959
21758
18705
29158
8830
19294
21532
5381
23
21011
16399
3461
3436
20043
5055
35212
27982
20314
28274
8938
16610
30687
17320
30524
26766
15207
22071
28237
36703
15266
6231
33934
3840
11221
2575
11590
3719
27524
28526
32523
6136
30525
36318
38607
31386
37621
13066
6042
10103
9752
17831
22656
5594
10407
7663
27984
28638
25920
38334
4922
2463
36502
28628
8016
36409
32908
36931
36309
18637
488
30561
26220
27328
2520
27770
29103
253
5046
17474
24292
16818
3181
25961
36524
10650
4730
34407
14267
37132
35074
10159
38916
31420
33181
25185
14410
7239
32001
16082
23505
18495
3791
29917
22332
4904
14316
20682
26962
21252
32283
34455
28554
11625
8973
28090
1778
36814
31424
14776
23528
5532
6781
17563
8364
18747
37490
1257
20779
21898
36276
10865
15180
19407
36927
15040
17564
30008
16771
9636
20991
38866
8058
23003
9599
16429
27302
24078
26127
21212
13430
10906
6431
23393
14121
33579
6382
28922
30236
477
22800
16305
4468
16635
16847
30245
23767
24669
15119
13892
15879
16875
9101
1927
27846
31318
5590
30927
16242
33346
29004
17830
33419
21275
18141
4831
28747
35652
7408
21533
28114
11763
36707
29636
1315
2150
3451
19890
3860
33026
21291
4082
17168
13089
35925
21629
21155
25015
22241
14981
38031
16931
676
1230
8379
20041
37392
31818
9701
11064
39083
8704
19151
10132
6758
4975
9697
31868
5356
25552
7794
35294
627
28360
25264
25814
26457
32652
10165
10070
11052
7003
4270
4846
21089
693
14518
7730
29919
36980
17097
2881
14929
165
11836
10607
18249
5516
21178
24891
640
23740
31380
36238
17530
37731
31045
37833
8693
34999
36454
28254
7948
6281
18596
7263
4119
23016
172
17705
17550
32941
29432
1901
19113
31389
9869
8483
30511
23999
17050
5012
19290
16626
12127
34524
1843
35391
9762
16491
548
19297
3199
37714
8025
19133
29755
5861
32072
7005
32677
37413
5200
10095
3597
18466
20989
3226
23374
11621
32187
24265
16446
33454
18062
24013
5675
12207
37797
29168
37495
9580
6620
24366
26736
14610
11038
11390
2421
22884
10177
20387
9375
38514
27577
21073
239
27438
8764
14991
25623
11473
35870
3538
31747
32264
30638
4367
21817
19859
12788
8422
30184
6357
23338
5826
32201
23537
10790
10778
10669
29410
20576
1986
34188
17380
11322
377
10909
38918
33732
20309
14062
875
30225
14443
30923
9013
27978
26397
7453
667
30550
16862
33906
1422
20301
13461
20429
17439
35880
10352
17538
3931
33533
35007
19269
6236
2118
16131
35780
17820
32872
14051
26571
32462
890
38787
7894
29959
19937
17732
5928
3211
22203
31144
16512
31891
23270
32736
38350
21844
382
21434
8125
4839
24083
17033
2915
5314
7499
10921
6712
28192
10451
784
4355
13301
4442
21579
35060
2309
21979
29839
4650
14091
12320
33205
26056
35649
24227
14828
18487
36414
864
19709
26621
27787
23235
13893
20606
16332
25111
38175
7302
26370
13394
37550
10041
13948
32248
4591
13511
7199
35311
18957
10638
20894
8203
32786
28020
17993
2990
23000
12777
37834
3847
19090
34371
15461
37346
3390
38262
21355
31254
21753
27017
9769
19228
7672
14127
1036
35614
16758
20135
20426
17327
37066
936
17734
4940
5546
38329
13789
28948
38745
20123
3474
10736
26076
2428
1266
20422
13092
25363
294
3726
2698
16511
31644
32065
4723
6137
14144
37005
14046
17979
18354
8
29421
96
15130
31866
27660
15552
6328
22208
1721
24317
5754
17362
8845
39007
11488
6635
11569
13558
21315
24828
4593
30902
21904
30160
36246
2792
28716
12785
4588
10273
39033
31765
39059
35292
33947
36870
4225
10918
8181
35751
24629
7301
2021
11503
2288
25010
9105
2757
10297
18622
37891
35441
38238
24405
22928
16445
23256
13664
4881
12846
3765
38440
11881
31670
38411
15479
8585
22273
33692
27964
9786
14037
21261
13026
34038
917
11445
31909
28581
14671
30807
32703
34868
292
505
1553
16582
19251
32008
10168
17559
13596
850
12234
35285
22312
1238
5344
27823
29924
4949
31913
20766
19810
18179
9488
33240
14559
14615
9881
1397
8615
38027
28496
12362
12026
1010
5798
3085
29916
2687
2011
37399
18114
24457
33174
19218
673
27400
1097
35716
25060
13466
23819
22108
30529
6004
36717
20976
2939
18300
26497
33164
32459
12432
7365
20980
7235
16676
28154
5172
869
21699
15339
11650
16699
9469
29500
33662
7787
15393
31110
22177
5264
29853
29113
16210
36404
6390
24860
26901
19586
14328
1181
8856
20040
35329
10982
76
34319
15690
18525
37929
18550
15349
39058
27532
14522
20420
34209
16880
2588
3111
6201
23285
3321
29514
32721
19048
12136
38022
27159
17959
20317
11235
14165
487
28777
18864
38546
2746
27412
38529
2988
3222
14505
36041
34941
15504
7228
7699
30357
21653
28428
11376
38001
7517
2805
33439
24838
24117
35090
29339
11608
28568
33151
33922
33277
5658
27125
37828
35586
17486
20221
9640
35489
12285
30369
9895
36969
13091
36380
7282
12920
433
2335
24407
1642
19182
9117
29884
32633
20955
22947
3414
38435
15220
22950
36793
10544
6729
30883
6459
11808
38855
29926
16972
38253
19633
17430
10673
34533
32865
37898
14290
1468
3741
19098
5948
14508
24285
33845
9780
22069
37285
3475
37112
12852
35040
6996
9901
18029
28494
18976
13003
31855
36821
10365
2082
25413
14329
14748
37260
22267
31698
36248
20413
19965
1161
16346
17309
3398
13962
29393
17019
5305
29961
13212
24855
11780
17850
5563
11348
5821
23190
7922
5231
31188
22957
34396
31879
10639
35293
8908
28223
33764
8446
15857
13269
15501
14149
36865
22885
20689
28371
26095
5296
11111
29993
20308
17178
32318
13855
9912
3904
3350
20522
511
2289
19772
31844
23157
20965
19675
36282
17479
12345
16537
32693
11398
28786
33068
13079
16881
35278
31264
8656
29846
143
35319
3348
12612
30842
29142
16698
23206
35615
29747
6606
1101
11835
17085
23980
18469
23666
28077
32463
13329
34072
34674
38923
18844
7738
1817
23351
4507
28313
27936
21793
14431
32131
33517
16164
38443
34645
8838
1993
8050
34555
35999
15627
12086
30315
11113
8149
7657
11809
39004
11009
12716
34712
10427
38160
3374
14472
5634
13937
14155
28385
38826
2653
17611
4073
25037
38284
4378
32082
21565
9382
2969
1416
12804
8516
29746
29072
12668
27733
5493
3885
29468
31470
16454
35837
1644
35542
7903
12961
19852
26316
34858
1444
34727
2689
27435
3875
36956
13099
14300
18626
6081
18102
29434
3195
27227
31121
13167
30062
38000
29319
38287
10101
34062
5508
7318
30500
22006
25012
34984
28842
38340
7844
2600
14689
17114
13044
30301
13489
22673
37502
3296
7914
9373
11892
34149
30742
8269
2762
29671
27726
11053
5147
18887
29920
8630
27461
9755
31211
8062
19613
25343
888
14218
35526
35270
21618
38070
36584
26946
17169
6407
30234
6019
20631
23937
33058
15877
30939
14335
7168
4003
18938
8826
22786
16096
388
21840
31060
15704
34025
14793
18016
17193
30870
33503
22893
3656
18569
24431
20587
21147
25495
2582
209
24488
38717
13135
14992
2901
27283
8525
15321
31782
1802
16515
24326
21548
24950
38450
13235
33680
12289
19489
23631
34685
34950
26884
14233
12895
2444
13999
34082
24996
38588
15469
18233
447
21809
30757
20843
37866
22064
13327
29548
6022
7454
3105
8781
24724
22112
33413
29493
8509
21185
37543
35680
30488
18140
24966
26527
37505
9803
5456
34818
10570
12074
31338
23155
14015
16035
33834
37623
1526
6203
6289
2345
19558
5838
13645
21590
27327
15041
21428
7895
32470
27711
11407
38521
8652
35132
30071
13806
18360
36586
28774
17832
8087
25254
15414
14870
29027
26737
26089
4428
27802
35959
11099
31124
24288
30824
5266
3212
25455
15832
4177
35814
30744
12096
29344
2517
36808
12204
28519
3225
23728
35185
5600
25857
29523
26444
34204
13524
31716
233
3327
10720
6383
14320
19629
36405
12787
20590
19838
32069
13703
20585
32671
12389
30036
7029
12102
20930
17438
14528
14692
30068
10248
25091
506
38726
28912
20023
31994
26514
35605
37608
1407
25312
17859
33218
20199
36759
24356
1576
30024
7268
26768
19451
34245
1492
20698
24929
2879
13882
15961
1713
14060
2663
13630
25839
35439
22909
17199
24650
17014
22792
21556
92
35348
26515
7436
20358
17212
19369
38948
1075
10563
20402
26405
35895
8601
34069
20376
36948
23089
16098
18841
36261
30589
9839
23907
9273
38566
6764
5564
3715
35694
290
8457
28121
27161
37036
16106
16770
35918
3636
5380
5941
2202
24674
1854
33183
77
31789
11661
34157
38675
7990
19793
30393
13620
10975
31894
36473
21225
517
19094
11025
3669
13455
34339
21850
35241
1385
10498
12019
6802
19685
21587
8706
38634
25771
17402
1936
38003
21339
808
35822
36113
37836
34006
16393
24851
18597
23530
21993
11618
36789
32711
34059
36615
29463
7254
26781
37710
8921
14999
37816
8795
5461
36406
25172
12250
3030
5566
9654
34243
26597
21094
6484
28506
13494
34808
16929
26910
28952
22156
14072
25184
6630
36753
20933
21680
21277
16688
12536
10588
14204
54
22500
32572
23337
19015
38297
25284
18353
9798
31586
38362
25443
27301
17243
25306
10507
1014
37860
17987
34550
28193
12784
22226
36176
11076
23701
31359
23856
37894
16528
28459
33408
22591
37197
7462
25400
19296
23811
26945
33861
24204
27008
38539
1758
36860
33407
24153
22659
15202
11871
14655
15498
7460
2713
7332
36629
22249
37766
29731
11308
698
19066
25477
10393
28229
4860
14373
6397
16909
4372
14695
27416
5621
33561
1249
21060
28315
29978
7943
27714
18842
29781
3253
4909
20547
38309
31922
6514
17689
10309
20225
38213
4631
14193
13790
12598
17433
29814
21903
17577
4493
26471
28285
17157
11589
37563
27847
4359
4885
30294
24270
7274
38050
17647
24066
12380
37409
7701
33478
23119
37533
16667
31127
31991
5007
38279
26114
20237
21213
2300
11123
7601
27578
9448
37086
17657
34265
29848
35430
14768
10479
32626
13202
8933
33761
7760
25453
36327
12627
28672
32690
28224
38040
6659
8931
16400
6025
17708
31558
3788
9749
5881
35956
27612
12477
5107
4441
13811
18602
9275
38107
31745
36900
13238
4074
30635
4068
17869
28623
36348
27545
35911
36958
17282
30819
27819
30058
11728
34432
25686
26893
36964
31946
25845
11710
33519
32292
14252
3628
21161
32904
20978
16494
10633
9747
30177
5473
10600
32237
26289
28330
30273
33925
30476
22899
23094
14248
30026
22032
20264
30894
14408
36320
24944
21082
5212
4384
6027
19511
29346
20715
34904
18415
16785
22243
31725
8211
34196
34851
22841
11755
14069
3517
1153
24059
15662
7011
15443
17409
14693
38744
204
4592
1366
19164
20891
13492
1219
16366
9791
5713
20546
27814
38120
9345
5413
3224
17645
20691
1740
22378
9825
2109
10548
19920
24456
3654
20942
19862
39095
10494
38376
30013
26854
31873
34390
12730
1431
29342
176
13744
14118
32863
25247
34220
33380
35143
24062
29903
21054
35561
31828
39029
16377
27221
5630
15925
31207
17609
30761
9713
825
11515
20833
10477
15776
31283
15234
34862
12859
25288
15980
17184
12539
3190
512
21165
8229
33888
35644
3544
31578
32322
6302
13482
24638
36208
36536
37553
17671
19357
5540
34273
38936
29695
14234
9695
4099
3281
1916
5849
10063
28240
33057
28386
35064
3813
34831
33952
11634
9360
25026
38868
29028
16809
24979
26487
10287
15382
22351
13735
19503
22548
27580
20062
29352
24948
2801
28426
11163
8462
38534
37475
25553
31778
12400
4111
14861
32198
5520
1269
21908
35992
21509
1392
36651
805
14512
2674
6072
11838
38082
13314
5535
9090
35574
28560
31958
37939
38575
14609
30148
396
9720
37040
13426
16421
32787
16806
20600
16863
20990
31494
7525
17846
2944
11424
27425
14935
31176
22534
29030
31201
21641
1598
25672
17076
30562
7221
37594
27798
37925
22929
23467
5973
34098
3230
34692
21631
36929
28659
34017
17143
14273
26401
15777
31009
14601
24174
12230
34108
3639
20902
420
10412
9307
99
5734
24321
34281
35971
6071
34688
15366
18127
28650
32585
15705
11016
13434
3844
11655
23661
24684
24515
6960
6135
18201
7683
11574
13457
23825
3090
29286
6319
38746
30157
21807
19086
36738
10179
13730
39032
33415
4616
298
4107
19424
38512
3586
15235
2783
8814
27298
403
24683
8881
919
2046
18333
11702
3072
25627
4476
32939
25067
7256
8709
5723
6684
19084
34192
18340
14054
23698
22147
12874
12304
13670
8046
24836
35610
16122
36924
34748
25398
26422
2370
12112
35894
24633
5557
12213
25890
18135
6993
22449
33252
20836
30916
20059
4715
12689
14000
16312
26903
15112
37609
25171
663
19150
17111
7298
33
34323
12543
36597
16172
34733
7107
182
35853
9557
9575
25709
16476
12176
2726
2559
38714
24992
4953
8481
32916
26990
6777
29726
33082
20905
23124
32361
21827
13361
591
8875
22175
15617
892
32221
21498
34298
4319
23531
19902
17941
16558
17363
15039
29551
18760
35794
15401
33329
31396
38063
29699
33099
16588
25039
9732
36935
4235
7884
21923
2683
24105
4797
1364
21847
6501
14043
11834
28810
31697
31931
36585
31114
38777
31542
3034
31149
26760
29637
30996
19358
27647
34320
23603
25442
22709
24729
14304
25207
15318
3040
32760
30275
1118
12515
12155
22442
38645
12167
35955
8937
19809
11368
28592
9267
10511
3868
8703
30043
25773
144
1836
34233
4943
32577
5862
19454
39027
37907
7764
35238
781
11627
2035
4135
31856
22255
37235
2681
7398
8470
23444
13176
19693
21149
688
29638
23079
22611
6891
10807
6608
30685
36020
633
5616
17186
20847
3667
36508
10098
2583
28913
20435
12632
13325
23452
35599
1504
5791
10825
2787
3189
28362
15042
6147
3407
559
28337
38930
11318
15861
30567
3164
13906
13250
37339
19551
13726
15798
17524
26162
18796
38704
28586
21353
24009
254
3051
35106
28174
23022
14853
36757
37690
16508
23860
36286
10126
22683
1795
39030
12072
18113
34308
20854
31248
19463
36926
16014
23923
37767
20541
32208
19479
35946
17741
6204
20869
2229
28542
32957
27592
2145
10414
32912
34539
19539
10704
37269
22009
30783
21453
28642
27648
5865
7493
16710
5705
32715
11215
16296
24058
12384
29322
9583
14511
7305
15996
14375
6731
29552
10505
34649
12873
26488
10931
20038
2197
37751
9445
17648
20329
24822
3611
26600
12427
19171
12746
7399
38836
11422
12603
2610
27148
33702
8510
1243
37344
6291
10864
35832
33896
1947
23110
23893
25852
33172
38004
8750
26912
7712
31101
7277
36635
13961
10846
27117
14924
21603
18146
6182
17191
28668
31758
38785
826
24197
13891
15839
8733
404
34932
23584
2509
18194
27151
19733
29127
11493
36622
32674
22616
15637
27564
10009
25957
15292
36955
7666
34636
1855
26030
27587
6678
3016
18648
8424
35695
22847
32843
29518
14535
7823
10716
14582
31530
11475
35702
8052
23171
28645
10699
37910
7704
7845
18599
23789
32349
6423
38075
3541
27581
16359
8390
8556
18942
13978
37435
25595
19826
5485
554
29891
25786
21919
10092
34246
4544
18291
19699
29982
3384
30784
32247
27295
2758
31556
31019
38578
27495
4097
19099
25042
123
20368
5134
27753
18534
25118
2378
38820
19452
33700
14515
19844
11619
32661
24240
23908
34366
29712
17263
24176
25692
12010
2907
31277
9653
8030
28701
1046
31777
11639
13780
15495
11213
4309
5811
17591
20780
23794
16893
34963
32343
32946
2882
31336
6208
33633
5525
16658
20673
7391
31025
3155
28209
33704
2774
7870
30470
6962
37071
33602
773
24604
29351
31646
35783
6438
33543
24986
35194
35326
12294
2973
28477
34765
25304
35370
15057
33212
16532
30106
8594
31258
16968
32341
33114
11385
28395
30356
16725
28289
13336
12658
9745
10837
39069
17032
8343
17386
19825
10934
1022
12243
5095
10423
31349
19971
35032
25425
9861
32631
17644
5893
32546
6074
1742
19460
19085
31409
13016
3331
33663
24367
22596
36891
18996
36815
37052
19716
27772
34811
2361
16021
35437
21787
23512
21
33585
18073
21687
2645
4262
37082
15195
27740
19783
8017
1085
15746
1146
20805
2538
11225
17267
6855
34373
710
29392
34249
13582
33444
30833
32076
6597
29324
20605
7328
5222
34732
14864
16655
846
14055
6779
15966
37160
25855
4006
32159
17268
22740
18159
29234
17334
16798
34293
17175
30176
215
26378
1551
3749
12351
28096
29577
14374
38116
9855
36323
23986
10396
28535
11491
11895
23611
18481
36168
23146
16314
26607
17209
16010
11405
22234
1501
33960
26871
16311
19950
1453
17222
26072
5249
36312
15232
22763
18882
18518
2981
21770
37882
10214
13086
2174
32063
28755
27012
11320
34799
5082
12480
24864
32628
38344
27657
2971
38590
30534
8159
31411
1902
9725
167
35237
25436
27443
38639
38932
6624
21127
25563
32210
7145
31426
32258
27686
23361
5284
34879
11533
38312
28129
392
16465
17902
34650
32430
28141
22412
12015
34679
1652
24689
22734
33728
15397
24425
22021
19405
660
8923
15910
14961
25550
11484
17808
20577
21832
28056
14095
15466
19341
13936
19180
5831
26396
4694
1793
25927
26151
12354
7137
227
23534
32374
3401
16095
4165
3179
11201
5632
11362
2580
37815
38151
38097
22814
24757
36212
1162
18551
4443
7108
29831
10437
24160
20911
23609
38117
23766
13141
14967
19056
34286
9227
38679
22831
12492
2169
11896
24762
5333
15021
3716
20752
25616
13528
22383
33459
18795
5780
4190
25907
28785
3311
18692
2869
25534
18708
29039
23491
25847
16070
1467
36297
36531
33213
34247
30659
21633
31106
2615
12245
26369
15138
8255
33456
36902
35666
24776
11035
37168
8368
18282
12929
4843
2955
28281
36171
8033
6124
11877
4403
7158
30568
28669
33391
29166
17664
9642
22631
28107
20681
3990
5684
24421
12399
14295
12525
11211
4466
28750
36387
12559
38264
3560
30284
10446
15898
31232
3976
1953
9538
22916
37691
26668
21820
19796
20860
11689
9427
32722
13818
348
30548
11979
12233
2223
33768
26895
33749
23406
13215
4607
33111
17145
23963
2676
38617
149
20323
15246
2009
13931
9937
34822
35887
10582
4266
23693
1548
36484
15425
34424
29
26808
10868
9649
18145
17843
2753
33446
23378
28801
3608
19493
11939
14131
33477
31004
18583
11595
34409
12506
2614
14047
3512
458
5526
20695
15102
9509
9960
34606
4223
34593
23552
35452
17360
26403
28232
3607
32308
9872
27316
10383
21478
35177
2308
20834
33580
31618
1792
37484
31766
31823
21429
9339
9995
30389
30060
26332
6949
28610
5224
20105
2754
13974
7916
27053
27441
32313
36887
19623
5589
25105
455
10922
10306
33566
4673
2431
6106
2327
22319
7965
34180
37012
13900
21259
30247
15992
32420
30961
24661
36937
2963
20326
37574
6188
15848
35325
23248
19190
914
8289
7187
9187
21755
36031
18238
16175
37050
13204
28926
28634
34063
3938
29553
15837
15814
7018
35061
15907
3572
7717
1784
23099
22227
33154
16998
17613
6575
15984
7191
6170
7994
9773
9280
3497
33827
7758
21377
16404
17403
35005
33126
8129
38315
16433
31898
4892
32761
12191
3381
31767
35456
4518
13498
16691
36273
880
36944
15300
19831
28195
23064
4164
3774
23172
12462
3633
35788
16329
28248
13926
3720
31257
7644
24035
7055
24397
20037
22969
33539
16195
9044
15347
7660
22915
29733
17185
8564
3387
35065
23480
30636
6313
28009
26944
23836
11559
29065
725
12051
7686
4692
10794
7466
16382
32756
9953
6192
12918
1570
2045
2871
21718
22647
12209
14245
31301
34189
21078
38904
23696
12562
32706
11916
34882
10902
28657
2222
32244
17569
6529
30703
27542
9130
31889
35913
25126
19779
33647
31284
29602
11321
14656
6787
11898
17576
12406
30214
5337
27110
29730
18474
17727
4834
9433
27941
19093
1949
37236
32851
11818
11715
18122
21728
16993
38217
38691
858
17782
36840
33711
28811
35591
33983
29144
29250
5575
25726
21944
36161
21376
18460
34962
30672
11414
26950
5416
28348
12613
37450
20711
16097
16533
18093
35705
1040
21420
27402
20556
29326
14293
23540
31613
12976
13258
9100
16604
1145
19129
35426
1603
27297
31732
5794
8214
36039
10272
36368
18724
18229
32070
37159
10780
6143
30940
4596
25244
20342
18530
25767
16245
31174
31657
5352
22088
33856
9407
22771
23499
22904
28826
29983
38308
11487
24503
16302
23746
3492
2914
19393
21496
29580
3077
35235
18434
25048
23835
16736
2028
21361
30085
33483
18329
14440
16834
24412
19008
16499
1790
21192
34671
24875
28366
33236
36779
13341
1716
36328
18570
2561
38302
35160
4438
29368
3913
339
7960
752
9
11314
19068
19412
1124
5367
31584
10792
32119
38526
35528
10465
25117
2298
2032
3683
17214
1063
36070
35750
29267
17571
3590
24727
10447
14151
29391
18700
22636
35579
28203
