16812
17789
15713
30552
23500
14505
2430
28200
14158
32105
25015
16702
25763
24737
34782
22567
16487
31359
26746
10527
505
5232
19710
2368
30373
22322
25887
27473
38292
8997
11782
11023
10802
13494
5404
34444
24582
2833
20185
22049
37603
21949
34357
11073
24489
23060
10563
33247
37494
11455
36290
14593
437
23478
9688
20914
37354
21558
1059
19714
26470
29928
1871
31007
37905
22475
31154
24780
922
33945
21641
13586
3432
5245
9107
6225
6954
34123
18799
8112
20982
22686
8769
21981
16696
31439
35069
34761
14599
21768
11196
9426
21287
37717
1236
22959
38288
16279
10966
306
19672
4968
22723
5185
2428
4971
34314
28510
19619
5974
15718
18074
1948
13189
27807
1420
35332
11779
35861
12275
12161
12910
6385
2955
12037
15758
27596
9973
6619
2359
9759
16017
29657
31630
30241
3631
38360
17295
28428
24584
8794
36310
3493
24773
6883
19976
5754
9651
16526
29235
25571
29690
12498
36565
31288
24460
2998
37182
26408
9820
37824
29634
8905
16652
25638
17920
15913
34363
21535
17490
21524
9089
14922
18361
8594
29907
32924
26859
8797
23028
8722
12139
27203
24641
13243
3224
38294
20610
14779
8172
9153
3124
9860
28835
15896
17790
7865
4905
8778
37302
325
19171
23622
27391
1351
28680
4794
8110
9724
37272
14858
14152
24317
20791
38090
9105
22616
1944
22313
12999
27017
20654
13923
35188
11609
8599
37339
1395
22819
33474
9924
37307
8817
25158
21855
29759
24214
38596
38437
31340
21544
5332
1621
32232
12624
2717
13470
34817
36023
26948
10680
30257
37098
30092
5746
36682
5937
6060
16906
26739
27193
16167
34073
22750
21990
37193
16194
13791
28831
38242
31654
25192
28405
10215
11519
33669
8624
21862
29986
30068
7270
8600
31636
37594
6880
30671
3922
20939
33914
28427
11173
27007
35518
29578
16305
26872
20871
435
21840
2367
35199
10318
4552
19775
38108
29910
24680
33005
638
236
9488
9901
3912
2444
25873
27771
4126
36069
9046
14328
21470
24505
32236
21317
34753
6698
13111
33512
6499
23052
815
33167
1676
22530
33847
6825
2481
21493
16092
21561
18941
35176
5963
17181
31566
1754
31004
15884
4228
29655
15035
12252
13502
17907
18424
15908
27437
14025
6517
31148
10892
18867
350
15853
6355
32366
11598
27196
21518
29128
5154
1528
38783
32331
17954
24470
38899
32162
19948
18137
5172
20727
4535
38226
10864
21774
19917
32450
1772
4110
20789
18133
36008
20309
9941
33897
11199
32013
23159
35230
35691
15355
31778
24117
27277
29912
19293
17623
894
16963
13427
8481
3240
5040
10580
3464
22989
34776
571
27269
28948
4174
28644
6878
8994
37704
24490
36471
3707
31189
17616
11799
10108
19622
33218
29455
22671
32398
7235
14851
28463
1865
5243
19114
13
27002
18873
10113
299
2842
13082
1152
2171
8095
19784
29479
27188
35671
2958
10350
11170
7652
31854
7275
34711
15933
30309
30112
23301
35236
25705
29285
37970
19501
19663
26025
29306
22204
24173
5251
7681
29524
35339
20551
18288
20748
37924
15330
15129
12845
19564
13946
20453
17809
21178
6063
33143
33734
9472
10132
22939
14601
16784
15559
33631
21010
35770
10267
37400
14688
21454
18383
13331
25222
3525
15422
9894
20886
33974
24975
21348
4068
26096
31846
31892
31169
31865
11032
17933
16593
9163
2774
7085
38302
17620
6885
