2999
28498
8569
13355
38343
23966
8199
11031
12534
21717
10316
8785
32187
16056
36639
31220
28434
7794
2710
11838
18427
4655
25618
8456
36252
14436
20363
392
5441
31052
11076
8651
37110
15203
24260
5713
26702
35315
32514
27915
370
36223
15009
13751
5988
15025
11135
29235
31368
4045
16688
2223
12744
3954
7559
7220
2397
12146
36049
4795
16697
17352
37686
15676
36854
7403
28608
33813
15494
25855
14584
38436
22797
7256
6559
32156
29697
29015
4294
2539
20479
36592
34020
7221
36798
37801
35175
35436
29979
18757
31549
32304
965
33412
16835
13494
2643
33221
8335
17903
11798
31990
27988
8935
2070
9779
13854
9020
20386
36876
8021
20995
9300
2938
22383
17063
35960
4218
29341
13782
24831
34008
674
9868
26239
12168
19454
26317
35665
22892
37027
25127
20722
19430
4843
328
13123
29018
6530
7879
34018
12307
34036
6397
30809
29954
31231
38641
12677
668
22735
32149
15217
29510
17905
22413
8391
28598
2852
20007
3289
37181
27789
7999
15688
19296
24957
3104
4912
8212
37629
38185
23383
18328
16678
4336
9719
18235
14342
13852
16400
5061
12327
26287
10138
10075
8306
17959
37030
16138
28978
416
9846
4445
25306
37439
18901
465
36837
8666
515
15942
24115
23061
19782
16125
25725
23062
16547
12417
34977
37855
33491
32237
35858
31659
20708
22762
1803
26436
32247
14390
23765
25838
29496
33270
1472
14252
27743
17149
31058
26606
26984
26203
26604
9571
34701
21059
14609
36250
31007
13932
22817
24746
26847
11632
10981
1531
18068
21594
5128
28511
26455
15479
1595
2747
7346
13371
30602
9252
25598
11869
23455
33468
6191
35772
11674
31071
6421
20143
16008
1765
7265
11534
32330
4550
532
33198
6133
33022
27302
30016
3966
14453
4705
26871
32233
17901
9736
23460
24334
6194
38002
1837
35602
29002
18554
37732
2063
3904
21887
6232
23628
10594
7174
36613
11544
4745
15954
24240
33639
31167
31162
19008
22919
29908
4951
1376
92
14095
20578
4221
5943
29350
19201
38123
29388
23447
6767
12720
36126
27636
14047
12797
19650
9198
9655
31485
27342
35190
15395
11251
9546
26739
29780
21311
11239
1019
14569
5595
38108
38991
13420
15152
32195
31998
22064
27462
4684
23907
8404
8911
15952
24582
17842
27999
3833
1001
29385
21269
820
1005
22555
7930
22501
3430
28051
28665
22575
1413
4757
1491
15826
27368
7485
21998
22628
13838
8618
7357
26628
15390
36781
34601
28652
8252
33192
15851
7289
12913
20387
5607
19307
1702
26688
28237
6722
6856
158
7977
2590
25142
11105
9827
12966
9730
21469
9672
10024
37681
10009
34064
7129
32179
30702
35286
25899
37711
31098
3241
5640
36055
5830
32770
56
6289
35803
23041
36585
16616
37342
37351
1293
9071
14811
20792
21077
37637
14962
26661
28292
23777
33809
2436
7944
36623
36449
37204
619
20601
18568
14445
11147
33069
7176
35601
21698
12581
21195
8300
18273
33806
20805
29948
1711
30667
10041
33233
1209
2232
37880
6780
27879
17871
30044
17607
28789
29757
22243
4315
31088
5270
29187
19261
30763
28151
20915
8806
28001
4389
2857
31890
10608
29580
12142
24600
8658
38216
31564
30755
14878
36548
5894
5551
36599
13462
29133
27876
9658
37412
4808
29800
15471
9773
32879
13949
20980
30761
17878
15940
5778
25334
11583
1954
7561
16868
