6947
1780
11906
27156
4122
12174
5271
18081
13354
32912
22214
8290
21991
20281
29189
38424
28037
7817
16759
10881
27287
28706
23362
17088
38182
26230
28269
13412
19465
33279
11327
30727
17755
5978
24641
709
15128
39017
9615
7897
2903
10595
36090
13203
10974
24784
38737
1525
1808
28195
20718
28279
687
17017
1272
14019
23918
25211
4850
30087
32971
5623
1055
9994
12478
17338
5295
23303
37809
5576
16975
39104
25119
21486
15730
2289
16120
5554
19052
12502
36586
2197
12507
3500
19437
3165
7227
27703
31348
11185
33659
28999
17993
4052
19554
26369
398
20403
12102
31712
23831
32738
21431
13232
20091
20488
29414
30957
33078
11349
10762
24395
28793
30522
13744
26357
25034
6602
31984
20065
25104
19813
6025
11671
35960
8943
27722
32196
792
26204
12927
12434
19384
18722
33416
23028
28282
20538
33546
27621
7548
18448
3350
9899
17673
21737
19186
10012
28040
30001
17636
14922
15984
24373
4000
32705
34854
25150
30675
20713
7274
13193
2267
29133
12851
30060
25129
1803
7244
19881
24310
5635
26886
14963
33955
13156
26351
10313
32293
18990
8619
16778
14043
10581
2349
9798
30076
31349
37305
22853
22157
8480
34865
12779
16820
9421
2177
10117
14386
14086
38772
6346
26589
25343
16932
17781
16790
10884
3451
10323
32872
26552
2974
22498
16240
37558
33485
20147
9937
33109
20827
27340
23413
7034
175
4651
5467
4766
26072
27726
26815
29717
2550
22937
15558
5567
28801
25371
12162
6103
16344
5735
16725
11764
12948
26674
22282
2791
35856
7834
18147
24852
1080
18471
15275
23281
38227
15386
20474
14348
35434
4809
30246
26696
33231
26683
27768
11476
3415
12983
11867
17295
35546
9486
7552
26813
28160
21498
3627
11737
15118
6476
11980
14272
27857
1848
10519
26695
4327
5093
8813
10502
7245
20907
7457
7362
35441
32220
36215
31781
13139
28765
34063
33409
34616
9766
2170
34626
25201
28402
1873
7409
8712
726
35346
3772
22078
9151
14398
7155
403
1587
16224
28249
17833
11794
16406
11778
28327
11244
13366
15408
14037
1836
21876
35945
33758
33207
6769
32762
33712
22073
27895
8838
4790
14720
29758
22934
38813
20266
37361
3869
32539
3661
5643
21077
38698
18745
38739
2192
8493
34126
35572
3931
20290
17346
26313
1992
28029
17465
15047
30260
25604
18043
12513
21541
30107
24361
5346
15576
7407
26877
32066
31397
19301
3481
39023
36944
11451
9222
26118
20903
1924
519
7495
19096
12059
29681
12444
20104
37738
12931
38778
15456
5499
4040
21951
31700
13313
19691
23969
20122
34911
6686
27490
16908
26822
32460
17217
39108
7351
16173
3785
22205
20439
22425
13750
18651
26010
28085
29528
20385
36309
12086
38012
1739
18796
2322
16482
18135
3949
22283
21923
22199
3796
3258
24998
4162
5115
25341
29871
6438
25192
1382
32259
1103
4351
36795
16444
24767
5580
28090
23932
859
16568
25086
24600
20971
20202
10527
7193
22095
38527
35631
8362
13616
26053
8604
22170
26003
22973
16329
35257
25414
17397
20542
8240
5730
357
38933
7545
5509
4948
473
22923
20075
4397
25627
28621
35380
4478
7849
26132
4829
30323
31992
22188
30525
15754
34391
32591
7449
111
9904
5519
16721
2601
5052
7004
34031
26210
4453
26383
38444
2659
3359
22036
38220
1529
30521
13924
12049
8960
27665
32772
19207
