14298
33881
35269
7028
20119
27571
35377
11863
18289
26211
1004
5574
21501
21863
24122
33760
6792
25643
28586
10917
8000
35517
12974
23123
23735
6229
12088
31638
17900
2364
20768
30104
8346
17050
13926
9166
2172
21890
12449
19204
38572
14802
26902
28650
102
34113
33685
26704
36358
19211
2413
35488
27244
19852
12652
29021
7392
173
12537
991
19241
26719
15251
20404
3583
2654
24895
21108
17167
36982
33136
28591
8295
13266
36964
37767
15871
1466
16221
19331
10935
14695
581
17337
37559
8208
29465
26055
28275
20269
17074
32821
29771
28292
22988
17318
18390
13676
20996
8132
22789
32493
5717
18225
22496
8467
23366
35225
22457
21129
32394
7166
34751
10846
23474
20032
16964
19702
12083
14629
32518
1441
29797
1748
912
29402
25375
27522
22655
18958
16742
21649
39002
37278
4599
7080
18334
10127
38036
37632
14147
37136
10871
37612
11343
36994
33241
32119
10691
34329
33094
3589
7063
25580
20734
619
36264
22213
9838
18150
1036
16253
31609
10494
7732
25285
9996
29158
2995
33972
31863
9920
9724
1259
25744
35916
17557
1604
12440
35862
28105
4081
16303
31057
18418
38929
17273
19742
17494
31250
9464
37396
37736
5783
17498
38798
36296
24892
28075
15854
33013
15560
26960
10313
11151
6270
12262
34130
9325
26221
11416
3435
38936
9225
24165
11020
8230
4186
27642
7443
26080
7058
26029
15393
25145
35558
24360
14982
26007
8024
14784
4285
22597
14225
32317
7507
16491
31195
14421
36489
34745
13867
13718
11350
37282
12205
30565
23167
10616
685
10100
27693
18422
4907
15288
22212
12046
26836
2024
29810
31603
5973
8855
34622
22531
386
28707
24859
28783
3809
32612
35918
22074
17465
13908
22744
37483
29504
13662
4039
32913
7568
9194
33850
7645
21865
14717
34533
30286
3328
19918
14689
3080
32515
37008
5327
18310
30272
12121
9379
34336
30905
4279
11281
11247
28103
38294
26263
33588
6832
28915
35477
24232
20374
3428
33541
6479
20442
22532
5195
8404
23777
27379
25781
26652
20633
30281
7661
24923
10399
9535
34099
35990
3939
9374
23223
6900
8360
7379
37245
2034
16352
19745
4625
14036
1303
27124
35383
35584
24371
16355
22649
10240
25346
35028
15235
21432
790
23372
33148
34657
29757
14596
23646
16873
17039
8712
17959
20125
32530
29073
33365
6014
38247
16490
17088
35439
1316
35153
24510
13990
37417
31472
24354
28017
13500
2181
17974
18344
29288
25128
32368
1432
4749
9273
15522
5020
30453
16087
5457
10314
5993
18868
18445
1796
16818
25411
27439
420
24416
4174
26037
1193
30598
13925
7294
32796
35572
17662
19881
17094
6708
29640
19960
14606
5151
26796
21693
36875
24480
25725
19250
30861
4142
18016
2292
38581
20988
6480
18783
31558
5232
26638
11264
31516
19251
17934
8432
6007
37075
24572
37265
17540
26626
4799
36909
3360
13373
37572
36887
21999
32015
20794
26630
27139
29866
17223
27307
17921
21252
22147
32955
30307
29202
8016
11966
6883
32725
11654
38359
17878
31595
12052
26544
38051
33218
15234
32823
7965
29025
22476
7419
16926
18696
30265
29941
30124
18407
31330
31028
3539
35613
13111
31148
6782
9710
34089
5034
23855
29997
32885
6109
8384
37415
15295
6751
19134
31346
21322
32221
25186
26585
592
26592
25617
23244
30460
14641
36640
10344
29439
29881
15993
2225
28536
38506
