308
2166
3585
3371
2038
588
899
2341
1886
1072
3317
3687
488
2635
3021
3487
4269
977
2121
4173
2717
2966
4164
1473
4358
817
2996
3468
3384
730
1660
4687
3129
4285
3062
2588
1772
2885
3968
4691
2981
1869
4238
2909
4051
4167
494
4158
4217
674
3375
3445
786
1801
790
4325
1134
2802
2100
2513
4448
3069
906
2198
417
5049
2938
112
4027
4014
3276
4003
3290
214
2079
3437
1359
384
3278
3171
3166
2674
3549
1814
4151
1107
3471
4931
3400
210
2526
2256
1927
415
3973
1524
4066
1703
2190
953
525
3766
4424
5056
4140
89
362
4776
1513
2452
3048
137
4886
1748
104
212
3712
3440
4553
3431
3158
306
3963
2217
806
431
2013
617
5029
1314
4875
704
1745
1628
995
4676
1810
3035
83
4371
2816
1106
2865
3836
2201
4092
135
1501
4312
16
4779
4275
4672
4024
1718
2132
5002
3298
3004
1991
871
3894
1057
49
2066
1196
1164
71
2427
1356
242
2454
3581
3393
4864
2417
4237
4131
1003
2400
1582
4629
4651
48
3379
2858
3609
1893
2293
3763
2534
1941
1151
3567
1425
606
4093
28
2736
2582
839
3456
4166
3993
2590
4364
2381
94
3740
2671
4521
2359
998
645
3575
3338
4878
2946
923
3808
2640
789
3827
3216
4984
3325
1867
4940
4005
3504
2440
3336
4012
4337
4348
2279
3360
3235
4113
1984
4709
76
2833
385
1293
241
1100
727
4987
374
689
3795
5062
4025
3538
3086
2947
2926
1700
4172
819
2082
656
3881
2489
3778
1225
4178
2920
2388
4538
4763
4100
3326
3558
2518
1290
3189
3463
3603
2620
2051
1380
3331
1306
1570
2516
4247
2280
4634
4926
4149
1863
355
1712
913
2290
1047
684
2226
2156
1639
2940
3482
2959
2159
271
5069
1267
898
2091
273
4703
4899
4465
231
2095
2521
526
3610
4591
2985
2584
136
2532
2786
1727
3897
3725
2364
4966
2748
4399
3710
2800
2739
3691
2496
4581
818
3948
2026
1216
2004
3225
2667
2634
2897
4841
4845
225
5034
3005
3354
1333
1239
3494
2982
257
56
4648
2012
3038
279
4462
883
4507
4220
318
3944
4602
766
95
4115
62
2177
2844
2915
1448
3396
3533
1234
611
3147
1388
1785
3353
4701
549
3395
3175
614
3383
2368
3756
4712
2632
680
1813
2654
3068
4743
4582
1722
3388
4086
3328
36
765
637
2245
2450
4739
3015
2697
2744
4732
2980
3222
1332
3645
3546
3613
468
3115
4368
3709
317
2125
4877
4615
3234
4004
3666
3660
2747
1124
4245
858
570
2424
832
4941
2969
3309
1126
1918
3349
4122
3110
552
3761
1686
2552
4250
4829
5051
3627
3442
4163
4674
3895
4127
3846
4162
4725
383
448
4754
2655
434
1797
3621
4787
2810
4383
130
168
3139
53
3426
866
3792
311
3615
1241
3036
2437
1362
3047
2382
1961
3945
4923
3512
3397
887
4219
4561
965
4089
2838
3011
2894
2595
4510
3288
85
4990
5076
3597
2497
2318
4912
3544
1692
1789
2831
3089
445
1305
2586
4913
117
1515
2525
942
737
4405
442
1742
2089
428
4822
1206
1013
2734
2785
43
959
4329
1368
292
3029
4015
620
487
2194
2862
5079
1222
1978
1656
4063
1868
5009
493
3091
253
4921
2547
572
4387
3295
3722
4105
4438
509
2329
1806
3249
4888
1981
4646
4083
2621
2753
4070
4050
3742
2879
1023
885
3334
3552
2413
4114
3822
1079
2488
3915
1371
1259
3282
2952
3855
2822
2499
4596
141
2118
1805
2241
1586
1097
2633
3753
529
4433
3537
4218
4456
2592
3921
4187
872
2657
2117
1346
3653
1903
693
457
1273
3438
3816
2016
2395
4954
5054
1968
4708
2731
4535
1454
845
2345
3292
1620
1375
4871
3633
1634
375
3164
2206
4324
1184
1989
2910
2383
1496
4949
99
666
3876
1098
4573
857
3923
4636
3425
569
1256
3947
1963
3034
5019
4585
1326
3061
2462
1877
107
3843
5078
1747
1535
1595
4720
893
1812
409
148
2562
711
1350
5039
2857
124
3460
1914
3085
653
3324
1530
270
189
482
1170
3920
256
1376
4943
4194
2239
2864
4811
1601
3602
1638
2248
1050
2895
2544
3263
654
4647
2685
2423
3099
4034
490
1673
3218
4738
3772
4996
4675
1913
342
3847
3138
715
4054
4133
396
1052
4317
1062
3584
4523
2738
1519
5065
1011
734
4885
464
3560
4182
2663
4781
1909
4099
2270
2983
4454
3998
4600
2240
2815
1257
19
929
4036
4753
4544
2337
2109
775
4768
2772
4870
3236
3907
4363
4327
3525
1155
3159
433
4377
3696
4147
777
338
5008
1778
3982
4189
4401
1343
2528
157
732
1110
133
2797
2650
748
3411
3943
2442
1773
560
2090
3039
650
780
1880
1082
723
3883
2579
961
4186
1401
3925
307
2728
5047
3751
2422
2175
4810
2263
3293
4154
4622
1357
2746
1857
3305
2064
1028
239
3838
3180
1607
660
2889
4578
1711
1725
5064
4475
1518
3731
2061
1767
4838
105
4392
1922
276
991
4532
1946
4498
579
3809
1843
4846
2821
1526
1506
1142
1967
754
1550
309
3644
2236
2252
2836
2787
5036
3880
2323
531
1561
2234
1093
2342
2473
298
2662
1706
1831
182
3462
4583
3812
1145
51
329
4076
1724
4425
2631
2001
784
567
2421
4793
3302
1883
245
2161
576
1497
4872
2989
3109
2357
249
1633
1835
1324
1416
1355
3721
4589
2059
2823
3748
1180
1025
1912
3485
1493
927
4185
1901
4106
539
1334
685
4016
3054
2407
2507
1421
2162
960
2418
3449
1449
8
4087
1442
3909
1133
4637
4576
4640
946
1066
980
1128
2835
3116
1174
4075
2842
2143
945
2882
2306
3178
4432
353
4206
3986
2827
349
3595
458
2935
3270
2687
2788
4938
3624
4013
3616
2086
286
1366
44
478
3373
4265
162
798
4156
3557
4881
1788
3081
1488
1851
3928
1979
2249
5027
412
5074
1008
701
4426
1274
303
1159
278
764
2011
3543
1231
4493
861
495
1460
2205
542
2458
2332
1856
3433
2834
2950
3421
2735
1125
4948
3750
4962
3155
1648
851
4770
2021
1323
4751
5016
3851
3936
1760
4457
3824
3650
1846
1753
2101
4055
2104
524
2611
274
1866
4567
2354
1048
2130
2451
2221
2691
4418
1771
534
3356
2624
350
2352
1879
2186
2647
4264
2796
2242
344
2798
143
2789
3424
1141
4801
4124
2446
154
5081
4812
827
833
33
4346
2686
1165
799
4682
266
335
2550
260
1522
1204
4777
2299
2176
1994
1220
3550
196
2619
4700
664
3466
831
1342
5010
1298
3361
950
3701
2581
2754
2232
1528
4389
365
401
1916
1199
1933
1891
2848
4175
4398
4349
3831
741
3892
3695
3318
719
282
2629
2167
2927
1117
4863
2141
310
4734
605
3754
4053
1635
924
3323
2693
2615
452
406
2896
2708
3635
2869
1759
1632
4970
194
3542
4466
4819
1244
1328
3767
869
1413
4550
1055
4134
289
1325
746
3232
2394
5040
3606
2370
4998
3346
4900
356
1764
2569
4757
1675
739
2415
5041
4376
2278
3852
2353
2522
4414
2719
1960
2171
2791
2439
4756
3758
2376
3473
2936
4982
1795
2371
3112
2204
3636
199
1923
223
5033
4021
3475
205
1331
2448
538
4446
2360
1076
4201
2917
807
4225
3050
958
4692
4713
4626
1370
4643
1950
328
3307
339
1821
2801
4670
3521
1598
4790
502
391
1699
1919
3530
1002
3420
3902
4969
1463
2964
2995
1817
1162
2235
3198
3136
17
2184
903
1591
762
1881
1320
1450
852
4379
4407
1597
1186
3553
4139
3776
1842
4798
3762
1710
1211
3807
145
3802
2078
2780
1455
4023
3128
1270
1035
2627
4397
64
1511
3853
2188
4929
4232
3764
3264
4208
3071
3296
2542
4344
5071
3805
2863
272
1818
1701
1400
745
1841
1992
615
763
2169
4849
1287
3989
1426
106
749
3774
3219
2238
98
623
4952
1668
1230
1940
3450
4563
1529
4059
87
446
4416
2987
1944
3865
337
2449
222
1060
2113
1494
4060
453
300
4971
3726
422
4520
2402
3949
3056
4979
1004
2555
800
68
1483
432
2756
613
4785
2783
4775
2387
4762
1887
3258
1271
1485
4760
2992
4098
3957
4604
1253
824
3930
5014
4097
4272
2344
4155
1704
2658
1837
3347
886
4504
376
3224
2819
2705
4125
3578
1260
1802
4233
3587
1295
4631
2768
3197
4492
2594
4541
4656
582
870
4029
2196
3465
2050
932
3019
1864
32
2363
984
144
1439
4171
687
2681
3040
4649
2039
1735
640
4422
2752
4681
4316
3156
263
174
423
4451
1830
1579
3101
3873
812
4718
1819
1468
2285
304
4231
2585
4395
646
3432
5000
3018
3528
1646
774
4924
69
4347
4693
2107
3408
4110
1379
712
2749
426
2843
4895
1796
4239
3187
3203
5011
788
2099
4855
220
481
2174
3355
4453
4848
4288
1187
2589
1882
930
1546
4887
2630
4421
3707
916
1793
4144
3272
4894
4497
463
1544
2820
4542
1623
4215
1889
821
864
3580
622
1195
202
2138
1603
4001
1212
2698
4385
2540
404
3461
3596
3453
894
683
4625
290
937
1319
207
655
4890
3150
3586
2999
3233
4741
4765
1292
2062
1418
4032
4920
4205
4860
3483
2367
4815
1329
3075
2098
2551
2669
4817
3412
2523
190
3163
203
2008
237
4688
987
4947
1523
1539
997
2199
3252
2899
4200
1784
1205
3228
4916
3253
387
3757
4420
2071
2742
1808
890
3526
179
573
1087
3080
4904
5018
4481
2867
3782
142
1504
910
1592
4417
1175
2209
2410
836
1896
1430
815
4085
4299
2942
604
4302
410
2328
4222
625
4375
3251
3961
3126
2758
1534
429
2643
1149
2218
940
2722
1520
1542
3268
3662
3779
60
2577
188
1666
1538
2587
4331
3057
402
791
2389
4210
3823
5022
2799
1296
1552
981
1824
1790
3002
3845
4108
2253
2651
2962
2043
97
3685
4224
3201
1092
4641
2116
1036
1265
3572
486
4673
2932
4181
1435
110
4867
601
2641
2690
1803
2102
3903
2564
2129
1208
1604
4958
1949
2751
2412
1694
3037
541
373
1774
1010
598
2314
3340
503
564
496
3515
1930
1676
1669
4488
1892
2908
3058
722
2638
1422
3114
876
3423
4769
4088
801
1910
1492
3455
1288
5068
4869
3033
3634
2941
2769
4620
4909
630
192
2393
4142
2637
1540
3476
3540
4868
738
1441
3372
221
4303
2192
4930
672
4287
42
3705
4044
3413
954
1697
3215
2210
1799
3509
1689
1572
4839
343
556
1258
4136
4030
4956
3065
636
1146
4396
4135
2700
1428
4974
1171
3495
299
2759
408
4667
1792
4928
2741
2203
2961
695
3623
3497
4094
2628
2294
246
4390
4018
2409
3070
1723
3000
2973
1143
731
1657
3607
1173
3878
1043
3574
4606
922
4803
4897
3066
3811
165
1894
1744
508
4314
3301
4360
1020
4435
4008
1390
479
2181
2243
3649
3946
1786
1588
5063
2154
3368
881
4782
3458
3640
2225
3503
559
5085
632
1551
1345
3980
3974
3625
1088
1086
209
4624
2626
2825
3996
4977
4598
2267
2901
2502
3505
1262
733
323
58
4512
1378
4933
4808
2467
3669
3212
4671
4294
4552
761
3
4981
86
3717
2732
3854
2703
4978
2464
54
1053
4748
4338
1233
35
2930
2214
2529
1556
1782
3087
4464
1683
1553
4908
3499
1755
837
1996
3160
3176
2617
2145
3111
1207
4530
4266
2313
3702
4823
4836
0
3820
314
4806
4749
3113
4660
2247
2561
3916
2224
2320
3906
3692
1729
4436
2570
2704
3608
2164
138
1590
5052
2891
721
430
4150
3583
437
348
4179
900
3605
2047
1997
1358
1567
2535
1664
1816
4951
3137
743
129
2986
969
4306
1247
1563
4508
395
4842
2957
4613
520
523
1945
3527
1652
455
652
228
4148
545
2730
771
1144
1452
1608
2373
3405
557
2127
325
2636
4071
3872
4865
2170
1876
4935
4152
2178
2465
4191
4359
2484
4176
3611
3024
3862
939
1625
4549
82
2081
1728
907
781
3632
4056
3638
2884
2652
3885
4843
2300
1236
3446
2334
1937
13
1651
986
2565
2764
2510
920
1509
4619
2336
4975
1419
4079
3389
1527
2850
3899
5043
3344
1612
3612
1051
3708
1027
755
1201
1252
778
3670
2251
3760
670
2600
4333
125
2543
4742
629
889
2892
305
2120
694
848
2568
1038
2432
3478
4271
1200
3072
2191
2172
4342
1920
850
420
2362
3477
467
3256
2593
1104
2553
1637
3954
759
4007
3430
3940
1687
115
3956
313
3524
363
2984
4193
724
3010
1373
4572
2660
1219
4953
1983
5020
2168
5060
3569
1178
530
1576
4039
4301
3006
1130
4616
1915
4893
4717
351
1521
4686
3888
1555
473
2283
994
2044
3454
1822
757
4689
4795
2018
3022
814
3711
4993
3912
1995
2304
1998
4635
93
1232
1514
941
5084
3529
1137
3367
4084
233
3962
3090
439
3789
2782
1318
163
4517
4678
4283
1268
4783
1655
5003
905
1227
4428
4747
3769
4292
485
1472
1119
633
4296
1440
3588
2603
4062
2317
4804
2767
5067
2689
3590
4111
31
229
4633
2545
2710
1438
2034
216
3937
1574
3196
1103
2934
2805
2208
3500
2133
595
3715
3716
4249
2271
2804
547
3814
3755
3304
3121
3414
1152
1202
3867
2604
1966
269
4082
4650
1135
1394
4391
578
797
2036
34
804
4203
252
4638
2152
403
2991
4831
3629
586
4735
2672
4880
3547
394
334
1934
3799
119
3417
3402
4705
4038
4851
979
2103
4095
55
3842
4584
2144
1536
4429
2598
577
996
3067
1095
1154
3563
65
88
3162
340
1659
3017
1884
2905
2487
3441
4103
3300
796
865
2195
1585
1739
5048
443
2563
4680
1936
1976
2921
3014
4320
1385
4652
3517
4609
1836
3860
999
2404
3299
3667
78
2075
3496
1246
4965
315
301
2506
2852
2480
498
621
4339
3891
2890
1433
101
2009
3694
2546
3911
803
1465
5042
15
66
2443
631
3988
1972
414
2771
2391
4461
152
4690
4515
2327
377
2580
1399
1068
2618
736
944
2477
859
3378
873
1279
3088
4778
2645
974
2873
5089
3577
4729
2951
2211
1495
72
4248
1878
3205
2886
862
3073
341
4408
3123
667
4484
760
3619
5055
4195
3117
4146
934
108
288
4800
3154
2065
4558
1166
1276
1198
24
3926
3658
914
504
4009
3311
2375
4715
3975
4304
970
4685
2429
2049
4907
1407
2538
2606
2292
2566
345
3330
2215
4986
3803
1456
3821
4118
4463
57
1783
644
4744
2134
1838
1690
675
3120
4533
1622
3785
505
4844
4704
3741
1858
4905
1077
1391
3202
2567
1560
4832
472
4543
3791
1447
3489
3651
364
4262
238
1629
1281
5066
750
522
4944
3965
2702
27
4617
658
1136
709
3561
1229
2119
1209
2977
1716
2881
813
2165
3186
3794
4590
4487
360
639
4726
440
787
2524
2032
1565
1807
4816
4586
1041
176
3392
3801
2533
2649
4884
1242
4695
161
855
4268
1956
3243
2311
3798
2847
2612
3286
3052
346
1619
2338
2137
3025
4112
4400
3161
3144
3457
1197
1999
2014
2840
354
553
1736
3148
2396
3183
1594
2778
45
3518
591
5013
2447
4033
1001
5012
3591
456
2675
261
4814
2824
2770
4963
1123
917
2868
2929
1593
4764
444
897
2108
1322
297
3341
2093
4537
3652
1415
2918
2128
1402
2140
2724
751
250
4733
2463
4960
3663
2307
1351
4284
3813
607
2694
2978
4180
3879
4837
4199
1434
1299
240
4388
1168
4046
3007
4472
728
4919
4728
3267
4861
2356
4403
352
4564
4788
1606
3481
185
1337
1900
4784
357
3016
3108
2401
1446
2871
702
2713
3366
1777
3046
662
1780
3386
4989
696
1840
4276
3168
2648
2309
499
2716
3729
3960
281
1022
3143
164
2053
2434
714
634
1297
4792
4879
902
3498
4627
2411
4737
4107
2997
4352
651
1263
4434
4117
3941
4196
3952
3806
967
1033
2504
4761
4527
5007
3599
2922
4161
2793
1990
3387
834
170
413
151
2131
1403
1525
2665
4274
4300
3877
2924
2855
933
1578
1731
4174
596
992
2340
847
2228
1636
1316
1014
1557
698
2433
70
4137
3213
2601
226
1214
1240
1285
4102
2875
616
1627
2302
1847
6
802
2812
4223
4042
3987
92
3534
1616
1888
2229
2963
3244
1589
3474
492
3727
3969
122
3981
4922
3094
1105
3428
370
2608
2795
3800
2832
3077
1069
4957
1275
1188
3406
369
3919
2602
1610
1083
2591
671
1404
1243
100
2866
1665
2197
1469
4090
2
4430
2854
50
3204
4267
1532
1766
3675
3217
23
558
2331
1948
4854
2187
277
2975
4608
880
4794
259
4683
2573
3192
647
3339
1131
3134
2372
2040
3693
3177
875
4950
1861
3642
4482
2333
3447
2398
608
4771
3247
3738
3280
2809
562
1235
1005
3316
418
4165
4378
1750
2096
4020
1237
4684
4183
126
2185
1215
113
3269
2471
3284
4227
3866
2557
2295
153
2965
3697
1769
1223
3817
1730
1091
1264
1411
393
5087
2303
744
2653
2955
1717
3145
990
3775
1030
3523
405
752
1649
61
1486
1153
131
361
3436
184
2945
3600
513
2779
462
3863
1121
2861
3399
293
3942
2403
533
2733
2430
1865
1090
1272
3064
585
1768
648
319
4546
1719
3352
12
3790
1065
4228
371
4041
1417
1354
699
331
877
4588
1754
1613
2084
191
2877
2379
3422
3182
2609
1398
4235
988
4458
265
1761
1829
928
3539
5005
4939
510
2723
820
1480
1794
4866
4064
4579
2068
2265
1487
4696
4658
2033
1752
2714
1310
3195
5075
3704
1928
127
3376
1890
1985
1280
3680
1600
2508
2281
4485
725
823
3781
2459
4026
949
3027
2625
1490
779
3490
379
4334
3592
506
1238
29
1826
4202
2237
3639
1049
4230
2122
1791
3749
1973
3185
3910
4031
1118
597
4116
267
677
4595
4476
224
2818
726
2911
3030
1904
853
3053
3480
2157
4128
1947
368
3059
2537
1436
3173
3092
2005
3959
3042
2183
878
1924
2035
4509
3516
3832
435
332
1031
2907
3984
4120
4441
3359
2974
581
1340
159
4740
2610
79
2613
2517
1424
3303
2399
1957
1172
1300
320
4623
3470
571
1631
2745
4568
1906
955
4010
4973
3322
626
4121
251
554
483
5088
1758
1815
643
5035
1872
1427
1176
4362
1489
3743
935
535
2718
2220
1228
140
551
3720
4514
2919
4058
2914
1685
3771
1732
1054
3914
2037
1443
3260
160
4489
1067
1317
3506
1282
183
236
2482
4545
1089
2088
2024
5073
2072
792
2029
1254
4138
931
1309
187
3870
3427
9
4505
3191
3654
2485
5057
3404
4313
2519
1558
2076
1682
1503
2512
4307
3132
3571
3045
1094
3556
561
2729
2173
3964
2677
2777
4592
4019
3179
3357
1644
2182
2498
4723
4077
2888
2495
1850
3665
627
1000
4840
1432
2115
427
3679
3146
2436
1702
3152
1075
2556
1921
4073
4017
1
5032
333
1491
3381
1389
1150
2222
3026
4896
2348
254
1269
624
4496
1925
73
4244
128
966
4258
4450
1942
2297
2135
3107
4995
3364
769
2445
1007
2286
3868
4759
1643
3661
295
1943
4495
3541
3837
3239
686
1862
1099
1870
1482
1939
2244
2755
2968
1431
3565
2721
517
438
3893
1177
4937
1224
4645
447
2112
3689
465
3932
4040
4319
2405
1726
20
1251
1611
4447
3492
1167
2260
4393
4694
1289
735
1032
507
4710
2515
1859
536
1311
1853
3098
2790
1138
4513
740
4755
4824
2416
4719
4799
22
4373
4607
2948
2876
2775
816
4983
1537
4766
2870
4559
742
158
4261
3997
63
1336
3125
1344
3127
3133
3448
2069
682
4467
3723
208
91
4443
1715
811
1018
540
3242
3333
3889
4188
4721
4898
1395
294
1581
4699
1917
600
3484
3044
4850
2849
2711
3345
197
793
1461
3931
1081
911
1663
3593
3990
3976
4628
3502
2925
4260
2019
1575
4241
2438
1667
3141
1512
4826
146
2887
993
4557
805
1064
527
1684
4614
1708
501
3140
3142
4500
114
4853
1338
1147
546
3314
1478
2296
2530
454
3342
5077
255
1361
3576
3656
5059
1749
4381
2773
3784
3641
1221
1484
3009
2146
1929
4246
3321
2661
3200
1451
1566
2087
4830
2002
3031
3700
302
3671
1672
2878
1499
4655
3659
3074
173
5037
3869
4967
4384
3511
2765
4716
4160
4902
3335
512
118
3122
888
2902
2017
3622
316
4028
1596
3151
3028
1531
2845
3237
938
3686
382
2105
835
4862
4069
690
716
2193
3435
3277
3248
3664
2490
4918
3169
330
392
4074
3254
4892
4490
659
1464
688
3972
3434
1926
4702
2692
1650
587
2223
1377
697
4644
3759
1571
4159
4593
856
3768
3001
1397
2668
4141
4772
1312
1804
1952
1115
2392
4480
657
1313
150
537
4797
2912
3208
1101
1908
1017
450
843
2384
4972
619
217
3917
2559
4791
3210
747
3739
2794
3281
1111
1734
2028
1549
411
4577
2277
4209
3418
2189
4992
80
4153
2906
1662
500
982
729
3882
3259
2583
1845
436
312
2958
1605
3348
679
5030
1347
1140
4370
2262
3835
4468
2949
1855
1800
1615
4597
2872
844
2435
3223
1654
75
3519
2282
4123
2937
3102
5004
2330
26
4774
4321
1349
1737
4068
673
4516
4727
4786
2259
3793
3614
4286
4566
1642
2219
1765
2943
2200
2347
2706
926
3020
39
2575
956
211
3012
1839
976
717
3874
4731
2027
358
156
2212
2939
5083
3451
2163
1498
4746
4374
4477
4714
3858
4322
2308
4915
1458
3230
380
459
2576
1720
2829
4035
1721
4022
4221
4474
3628
4539
2993
2558
3826
1787
3369
3706
1006
3522
3443
2531
5045
915
2149
772
4226
895
2349
936
4906
4257
4780
904
563
3678
4773
1420
2136
4177
177
4677
2712
475
1352
1039
1871
4707
4852
14
809
2803
4562
1741
1580
4305
3786
2233
2114
2900
4724
3927
2023
4437
3097
3082
1938
3100
4341
3825
4234
1964
758
4750
3079
3211
3350
2414
4856
4002
4449
4665
718
1445
2776
1132
5058
4277
3130
4350
4240
1327
3850
2319
4502
4554
471
3637
1129
795
3856
951
3170
1315
3864
3730
948
610
3149
3209
4412
3362
4213
2678
3887
11
4229
4129
264
2231
474
103
2784
2709
3733
3385
3135
5061
2659
4442
3714
2110
4431
1457
4536
3979
4279
4184
1510
4351
1406
1779
4310
2067
4526
3886
4580
3732
518
3274
3246
2494
2904
4328
2664
808
2054
4522
1959
1621
2491
4901
4345
1823
2762
4925
1019
1475
2046
3933
1827
1181
2990
1481
321
2599
3626
589
4410
2596
326
708
1122
3999
2605
1678
3291
5001
1034
3188
1109
3095
1982
1277
2151
4809
2468
2316
2478
2549
77
195
3297
2377
4828
1811
3226
1746
4525
155
3579
3735
2839
419
2505
602
1834
3966
1476
1533
962
521
3510
3507
1009
985
1255
1895
3905
1266
4065
1969
884
1873
3398
132
4722
1545
3469
3971
3377
3240
4857
2266
2315
2312
3221
2369
3787
1507
3844
1249
2015
109
1661
3174
4618
3871
1798
3536
3315
1548
2726
641
3604
544
5086
3674
2325
1975
882
2077
5044
2335
3551
2284
4255
3796
1763
3841
4052
2933
1085
2715
381
4985
1543
2970
3238
2474
4612
2310
3275
3184
3190
4891
480
2456
2679
1291
2273
4518
3409
4067
359
2682
3394
4427
4661
1071
287
2527
1508
4858
4308
4936
4551
703
4109
1680
4043
3765
3908
2460
612
3770
10
1381
4242
2572
1564
1583
2837
1776
2483
2408
4132
2048
2455
1286
1602
3131
4603
232
1191
2541
4499
4736
1016
30
943
5082
248
4411
3788
3924
2457
661
3913
3358
4825
4243
1409
921
4253
5050
2623
4354
2554
618
2750
2324
1618
1954
1902
1193
4483
123
3076
4587
4697
268
2378
4336
1681
4419
201
4818
1898
451
4805
1467
2607
4168
2045
3929
4942
2346
219
2841
2441
4130
511
193
3380
5
4821
1740
4386
84
3737
1584
3648
121
829
3780
4254
102
593
1848
4311
583
3643
5053
2142
1962
3023
1677
947
4834
3153
2874
4611
2322
3245
4955
2666
2761
1562
2813
218
1587
3673
2264
1988
3840
1423
2246
4874
139
90
4367
285
3472
4236
4280
291
2031
2202
3734
4503
3327
971
2676
892
1284
2042
3319
3861
753
4767
280
1339
3214
3167
1516
407
3255
3568
461
4479
2343
3745
5023
3390
4876
2493
399
4330
4917
575
2365
1321
957
4574
4423
67
2923
4506
3013
3922
1384
1037
555
842
4859
3598
4758
4889
1414
4402
2492
4653
2853
1396
3032
2274
669
3119
830
1844
609
172
4642
4959
2514
1820
2339
594
2903
1363
1907
849
3655
2893
3181
1573
1477
1074
3105
4601
1809
2380
167
1698
111
3289
1245
4659
1554
4207
2475
2846
2684
3736
4630
4662
2397
1617
2261
186
543
1382
1875
2972
3003
2276
491
1078
3657
810
2481
2670
3206
4605
2074
466
4789
2006
4565
3631
388
4143
1645
1203
2060
1885
963
1459
2305
2622
3250
3391
206
4332
3365
1781
665
21
3934
1045
3227
1691
678
4409
3834
2707
46
4478
470
4639
2472
692
4382
3783
2614
1369
2811
1905
1935
1302
4946
3273
4910
4529
3582
2390
628
4668
1061
785
2358
1500
5038
2085
4198
2216
3444
1120
2227
5024
841
4357
4298
1096
975
584
3199
603
4820
3488
3403
3308
3310
2213
4711
2230
4698
514
4459
1372
40
4519
3429
1980
2860
3875
4994
149
2616
3287
1757
3548
1559
2479
484
181
599
3829
2431
2254
4511
283
4081
1688
767
3983
1040
4847
3416
1626
1056
1762
2814
3950
477
1012
3746
3938
1116
4882
1073
2673
1374
918
1217
1210
580
3559
4452
166
4945
2406
3337
768
3884
1348
2321
4212
2092
4369
3978
2743
2425
1405
4057
1108
324
4835
2646
2366
1640
1353
3532
3415
4833
4216
1156
3995
327
3859
1630
4394
18
1671
1112
3819
1897
2856
1474
3401
4813
4903
978
3830
3459
3815
2155
2806
3118
4404
1860
3672
5017
3257
4706
2511
4528
4997
2139
2453
989
1182
2956
2486
3220
4273
4827
2501
4270
3618
3261
476
2056
3464
4980
3630
275
756
5072
863
366
1015
390
2757
2720
2944
1462
1278
2057
2025
1213
973
1218
1609
1577
1775
3535
968
1084
3104
2509
469
4072
3419
1743
3172
2073
2255
1185
4
782
4883
4914
1248
2288
3901
4501
215
3719
4318
262
3699
2536
3904
635
4796
2007
178
1568
1479
1437
3994
3501
3724
4037
3060
1471
3953
2158
3828
4413
2967
4361
4078
5028
3562
52
4594
3467
3713
400
4610
336
2760
1852
2058
2289
1364
838
1158
2000
3513
2597
1470
1707
592
1714
4524
2020
3703
2301
706
1044
4664
1541
3407
1367
4991
676
2642
2696
2030
1756
4961
2003
3103
2124
2250
1874
4571
2355
3229
3051
3343
3545
3262
2520
4932
386
1517
7
2740
1429
3620
4934
2826
3410
3106
4119
867
2979
516
4911
3520
3084
3266
1505
2466
912
2287
4976
3265
2792
1360
2420
2548
2680
2272
96
296
4126
3777
2150
1466
4211
1021
3985
198
3231
4471
2298
4169
4999
3682
5021
3078
3958
4548
3207
1670
3165
4049
3570
2126
1709
1412
4745
1977
3683
2916
81
3313
854
668
773
2055
828
1029
2578
1365
3285
1986
5026
4315
964
2374
4666
1042
3055
4632
1386
1444
4540
1410
2883
367
3677
4657
2419
2539
3752
1261
642
4752
1965
4802
2808
4204
1024
3818
2781
3992
204
4309
532
2766
3890
2010
397
1733
2807
2898
1647
909
2361
4555
1303
4372
2851
5031
2500
3896
590
1833
3594
720
3564
4293
234
3279
649
489
3698
1283
700
681
449
2828
4080
2503
846
2960
4190
901
2070
2931
860
1335
1953
1599
1189
4256
952
4415
1127
3718
4570
3951
1301
1026
3676
4295
213
919
1705
1250
2737
1070
1080
1624
3486
2444
4873
5046
1393
4048
519
972
1059
1751
3991
389
4290
2269
568
3312
3898
4440
147
421
3647
4197
372
3194
2688
3193
4326
1770
2699
2258
794
4061
284
3439
169
868
2153
37
460
1330
4486
4575
4278
3093
2386
1569
3566
2426
247
776
2207
1899
4192
134
3283
1828
1387
3839
3374
2695
3744
171
983
2574
1190
3589
1453
1341
4968
4654
5080
2774
1160
891
3848
4000
4445
227
1183
2994
528
