2599
1945
1451
1786
4775
558
1311
335
4744
3883
2803
3998
4855
1610
1073
4390
4376
2915
4208
4172
1146
3624
364
2469
798
3901
1778
914
5027
4287
3068
2003
1257
746
4636
960
1811
4544
865
1441
1681
2202
3908
4977
891
572
1209
341
2610
4729
1393
2387
3227
3241
1915
2746
971
2044
1524
3163
235
245
3100
1731
2512
4648
4003
5061
3801
1637
3407
574
2266
3028
1870
1368
4460
2457
1933
4688
2674
4842
4891
4700
3271
2984
4436
461
1362
482
4176
4739
3970
5076
3413
4542
2262
2835
788
1061
738
4785
4816
2594
2781
1606
1927
769
1663
3795
471
1019
41
1836
1339
3378
4492
388
767
1697
1224
4957
237
2752
1803
2523
1494
3889
1782
973
2282
2633
685
3214
783
736
751
3414
1300
989
2408
4712
4173
3269
1952
3775
275
2823
724
4929
3098
2223
4748
1230
115
3331
1914
1848
339
1936
2910
4605
2041
4461
2936
1103
3976
1063
4024
759
3677
1817
3690
772
3924
2415
2651
3649
2638
2052
2184
3839
2905
1818
5038
2877
4945
2721
3441
2455
3072
968
48
1561
1917
4893
2363
4269
4408
2024
4651
2964
1713
2074
3454
406
944
871
2683
4888
4086
3377
2190
117
1432
4706
99
4652
1217
961
4068
175
259
3043
799
4980
361
1316
67
81
1248
228
714
1377
4837
4823
3362
1501
975
2376
2301
2070
2596
3166
3055
905
47
484
1450
3368
2236
1759
4353
1379
529
2634
1071
4032
2290
3758
2503
139
1225
742
2255
632
4668
3583
2467
4791
181
1152
2481
3289
4799
163
1779
4243
3932
2511
4997
1828
3418
4536
2916
1742
4566
921
46
1618
4617
2050
875
253
4774
432
5084
4577
1376
3255
3796
3476
892
1629
3760
2524
1221
3278
1695
4128
3218
2352
3973
1423
2329
2560
2782
1880
1095
3456
2622
2616
1672
2872
4834
4450
2482
4268
3910
4882
457
4629
2766
4394
3016
1083
1858
827
1404
4900
3957
4747
3288
2077
3540
637
3047
848
4102
703
511
4721
3878
159
3076
5065
4026
2072
920
4050
2093
2881
1548
1732
1165
4004
326
3592
2195
3879
933
3130
917
3900
706
2241
2123
2893
896
2218
5036
3539
156
4039
2216
4976
3561
3610
575
1823
4255
3080
4817
4890
3490
3650
3477
3212
874
1969
666
4934
3564
207
3670
3093
1465
517
864
3831
581
3668
113
4972
1136
4860
1076
2272
2934
719
749
3211
3516
2344
811
2747
1060
479
3196
4075
3206
2496
3184
678
352
4420
4731
918
2983
878
4681
1043
841
3056
4787
2794
3884
1641
3984
2725
696
3619
4514
3284
3142
3383
647
2816
3223
2562
3169
778
334
2450
1942
2472
3697
2601
3548
2295
4763
4100
4901
2086
4285
2268
4846
2600
899
3315
4200
2258
565
585
3005
2645
2300
870
1680
4277
3497
4866
3445
4880
4996
2668
1131
3560
4931
4000
4241
195
4130
2249
560
3357
3993
3482
4442
138
2368
145
1320
5035
655
4723
3003
1555
4428
1688
2343
3387
3159
1796
1463
2972
3386
4865
4083
101
186
2042
4969
2205
4366
658
2030
429
792
2219
2649
697
2401
1196
2768
4877
3282
1062
943
4667
2518
3533
1527
3141
1813
3614
1648
4066
2037
4994
1509
2313
1358
3332
2812
4462
600
446
133
927
3999
4407
3285
1369
4356
4293
3887
3129
3453
2091
2194
1808
4359
3124
753
3558
957
3700
4676
672
3945
4296
1749
1321
3785
2233
4553
1725
1238
773
2198
953
4333
4131
2597
4727
4600
3112
3790
1519
1434
2270
4451
4040
1386
2107
2135
4309
2727
2400
4515
3290
2965
4008
1692
2477
844
4384
2795
1537
2639
2776
407
486
266
68
1834
2340
3162
1769
3929
3382
4531
343
3968
5024
4257
4549
2855
1082
5054
4871
684
3643
4833
1187
3995
110
2412
1668
1726
2497
1775
4873
1008
816
1235
3791
3844
836
4628
2449
1967
192
1882
4114
4133
1517
2176
491
4616
4431
91
37
2897
378
2537
2841
4946
4294
1361
2150
2935
1890
1143
5014
2479
508
1081
4614
3053
2942
895
990
4659
5000
4619
701
376
4085
1040
287
1748
1147
2110
541
2222
1953
3522
2049
4124
2217
2332
4844
2326
1977
1825
3220
2409
611
3867
2362
4350
2750
862
4584
4984
1995
1491
53
1538
1728
2666
2743
4016
1662
900
2171
2047
2271
2828
3836
2426
4711
3864
3581
3846
1395
807
3726
1816
532
4875
4967
208
4454
5071
776
3308
2384
1842
1157
2678
3322
3372
4592
4742
1620
3622
3967
3722
3276
4099
2418
3847
3259
523
1145
2113
58
2079
887
137
760
3118
2310
2770
2220
4550
2885
4574
638
1556
4751
762
631
12
1098
3897
2628
4028
254
1990
2278
309
3412
2154
267
427
2549
4447
5058
2764
2080
1355
3309
4970
4088
4905
60
3001
114
2416
4020
5085
1959
2404
4400
2051
1115
1365
3717
4077
2534
3531
356
3235
2491
4455
4717
3637
3279
4145
1026
3857
4495
2871
2903
2717
459
716
300
2842
3128
2804
4153
4382
561
796
2720
1923
1309
884
662
1975
4138
3666
141
1533
4115
3739
2242
1980
3806
1514
4759
2689
2519
757
3012
2703
3334
4058
743
4522
303
3538
4357
824
2577
2460
1931
4042
3320
350
1568
3240
1628
2793
1327
2760
2116
2353
3692
2918
441
1678
3101
3559
834
2009
402
3467
641
2292
553
2807
2681
2827
92
2182
4576
3916
1419
2288
1654
617
700
1790
2138
1066
118
299
2436
157
1913
1493
1777
2603
4120
2237
542
1720
3765
4622
2128
3629
3442
4641
1392
1406
4859
2165
4500
2631
1370
3336
4327
1283
4979
2147
2602
4284
1310
3948
88
4722
4009
4983
385
1250
2159
103
382
2121
1543
43
3358
1074
2953
4415
4874
1562
4973
1856
1861
707
1013
885
1125
1495
2539
1932
3972
2341
5033
1888
1716
1138
2060
3647
3680
5056
5013
4535
2806
1774
3849
698
2004
2307
1411
2321
2017
1350
3661
723
4953
3201
2834
4457
3627
1150
2745
3346
2796
2305
1630
3683
4348
1079
3950
3768
556
3814
30
2640
1113
4760
1291
100
4142
3168
3771
315
3153
55
3004
233
5037
4587
1968
3312
1540
38
2735
4169
2094
5066
2280
33
4270
2663
531
3243
172
4786
3939
216
984
939
3567
4982
2153
2613
4001
4332
3549
4392
3488
2669
4685
3824
1244
3577
1819
1503
2909
3869
4466
3631
2832
4736
1415
3299
681
4618
4563
2506
4564
2740
3599
4147
97
1938
5008
3136
4337
2780
624
4508
712
1160
740
2160
976
2473
998
3340
1218
3265
337
255
2230
2580
3391
3219
4954
2544
5087
4937
2158
3544
57
2778
1974
584
1710
3575
3507
1809
4019
2002
2439
135
3311
4956
2204
819
3699
4340
1867
3092
367
4933
1877
130
2489
2196
2127
4784
1935
4904
519
3747
3131
4768
1266
1522
329
1334
3073
3744
1222
5067
1497
3964
2567
2762
3906
562
2676
4177
4192
2088
2677
3986
3987
1905
2845
1162
1690
349
1233
4771
4154
1737
4467
1485
1087
2999
781
3586
1002
571
3328
1930
49
3115
3190
855
3621
1596
39
1571
1643
1536
2316
399
2929
4498
4699
2164
1391
4405
622
1694
2702
404
3632
3966
3160
2705
4516
1264
2967
4036
2641
2265
2181
4962
3569
292
1544
2434
3283
3779
1352
3103
1457
1455
4793
260
2873
3642
3464
3787
1305
4863
1564
6
2443
2064
4691
3819
725
2229
3797
817
1177
1579
3067
1036
423
4936
2982
1154
5060
3890
4445
2414
2189
2315
1802
3990
3928
3493
1575
642
448
2571
1433
146
828
3584
1584
4903
2847
1398
4530
1909
890
390
3107
66
4861
780
2840
4413
3543
2296
468
1821
460
4477
1525
2058
2878
158
1738
2179
4941
261
1505
652
2652
1360
4968
3363
1920
2765
3940
2151
2499
1733
2212
3644
147
4197
1097
3763
481
4679
1535
5049
4298
2919
4919
691
3042
1200
4726
2653
2228
1978
4043
3431
4916
3145
768
4593
232
1297
4010
2777
1247
4303
1389
3688
682
999
2346
1253
1827
2925
190
3956
2974
3281
2926
3360
2293
65
4764
269
1045
4412
2463
1944
3057
853
2188
3711
1895
7
456
1884
264
3545
3180
1735
26
1910
3438
1958
1354
3319
3384
2078
307
4801
3616
2673
2251
4990
782
504
3815
1586
2810
140
1261
2248
786
4459
3794
4079
102
1456
2990
3011
2289
2963
2886
1616
3270
2660
3015
3192
1077
4355
400
2452
4031
4881
4794
3554
1477
199
2644
1267
4053
1929
2543
165
3892
1330
5039
4299
4259
1948
2034
3913
3156
2722
1245
5051
3520
2259
3301
601
1112
1907
2137
4216
4640
3608
515
2767
1343
2726
61
779
1580
3590
4034
1600
3653
889
122
3922
3463
2191
4579
2932
3750
1414
4300
1272
4924
3018
397
2399
2240
278
538
4476
4315
2986
883
54
4540
389
4949
2879
3952
3681
4656
2447
3
4501
4345
4482
2087
1005
3919
847
4373
3630
4611
2742
106
4113
2846
4862
2900
4988
2552
2545
1919
648
3842
4239
2480
2658
1294
2707
168
3396
2213
4232
2690
2100
4425
1885
2771
2294
1893
4507
127
4470
1357
2378
31
3858
1837
964
2361
215
485
4432
3371
2604
4798
963
2723
322
4107
2587
2470
1549
2317
4767
2180
2891
910
395
1946
977
3246
4555
2643
3050
4843
3754
4289
4523
450
3495
4109
3048
3014
1567
1573
4319
4925
1528
1799
3174
435
1722
4022
1174
2868
2857
4782
3975
5
3850
398
2407
3135
2367
4740
1591
589
954
4416
902
1714
3509
592
2774
1704
2825
3307
96
1148
687
1057
338
3821
1597
2528
3652
2757
3353
3002
2448
3185
1755
2483
1723
1100
1290
3228
3059
3411
750
3605
2896
451
3709
4906
566
2442
297
1558
3081
1197
1201
2101
2592
1413
434
185
1577
3335
4940
164
3006
439
4182
1972
2063
1891
2114
2246
3323
1207
4198
1851
2851
2576
4393
4226
247
1900
583
3318
1510
4524
2421
3367
1149
3875
606
391
4148
2432
3470
1442
1085
4698
5040
15
4912
1403
2729
2754
4569
936
3817
4280
3612
2192
1037
3767
3436
344
3345
4732
3225
3974
3170
2821
3501
4334
2875
1499
988
5006
1220
4013
790
5080
370
2976
677
187
2978
663
587
1835
1003
328
1487
4437
3740
2395
449
829
1906
2440
3703
169
3617
2954
4157
4604
160
4745
3600
3741
4809
692
1383
4322
4989
1921
869
3687
1301
1101
4867
4554
2385
327
3657
640
3555
5045
2938
614
524
2696
308
2410
2275
1566
1971
2943
3349
2167
1155
3589
1619
3571
4288
4229
23
4992
4496
89
1686
1853
1928
3236
564
1850
2890
4868
1943
688
2140
1526
4215
2884
3606
3205
4339
4291
2839
547
1999
972
1765
9
597
2431
1167
4876
4225
2134
1798
35
2085
4089
942
894
3570
1763
2245
4087
3729
1557
79
3528
3083
2322
826
4534
1015
2430
3480
4830
2940
868
239
4601
256
3885
3408
1156
1435
3138
1707
4573
1783
3585
3247
2062
408
3565
1137
4910
4027
284
2020
1038
2032
893
4179
86
1046
3979
937
2437
3450
1939
2314
210
3302
1966
3504
2214
262
3321
3025
2859
4478
4117
2122
276
5022
645
3860
4364
4852
3459
4608
2508
1412
4151
238
928
784
219
2445
454
1839
4781
1894
4918
2540
3781
3725
1237
1102
2422
506
3061
3409
1382
1820
994
4065
3903
1589
4993
732
1212
4125
3452
528
4006
2513
2141
2894
4365
223
2585
3749
4725
1431
1776
612
3936
4358
1673
2541
1345
579
4671
1396
2614
4675
3823
4403
1871
1470
3949
5077
1500
3114
1315
2509
3188
500
2590
1876
1605
3460
2572
747
1502
4856
2685
578
1954
3102
1183
1718
218
2302
1539
472
3029
3696
3249
3097
2428
1051
1724
1416
2197
2111
4449
4908
3829
4444
2018
32
667
3262
4737
3503
4660
4402
567
4504
2811
1849
3117
1405
202
2356
3465
3046
1035
2324
1845
2148
3233
549
4704
1830
2201
3597
4282
3154
1583
1926
3327
4221
2675
1296
56
2146
5023
520
1420
4762
3566
1712
839
2206
2435
162
5074
674
1810
777
4184
912
3344
4331
2328
2551
330
4948
3007
4263
4673
2709
4734
1593
3626
2462
3478
5011
1833
3022
4738
2397
791
4038
1631
4121
3139
4426
1486
2589
2264
2115
1506
3158
440
281
2822
2478
4499
2694
4186
1595
3789
2471
282
4911
263
4310
3444
1711
2129
4631
3430
1659
1126
4171
1190
1581
2529
588
1889
1801
1078
1117
222
13
4429
1276
907
3390
2475
2286
3755
1228
2888
1886
1458
4776
3316
4635
3125
1698
1239
295
1086
1140
3961
1285
2548
2090
258
2076
226
1104
4146
1044
1184
1394
4807
4349
1868
2912
3471
445
800
797
4194
530
880
3449
3774
4244
766
1590
3105
2581
4527
555
3274
2174
3429
4743
2461
4320
1771
2267
1422
694
4218
3708
2713
1029
4543
2608
4746
1020
4538
630
3203
1996
3491
1251
1655
2007
4582
1041
3810
1351
2987
876
3738
4203
613
1970
1843
3106
2788
4509
664
4825
3536
2183
1805
3088
87
4494
604
4170
3186
4682
4943
3837
2235
1032
3492
1797
3167
4899
95
2374
209
1988
2345
671
4850
3385
2386
1159
1767
2133
4104
2557
3698
1243
1254
4342
180
3856
4581
2427
1492
1623
4634
4851
598
4897
5018
3070
2156
3733
1440
1356
3266
120
3861
3783
825
224
98
380
941
1651
369
5025
3550
2488
3611
886
4418
3475
3365
1840
4902
3835
3099
4265
770
3511
3155
1553
2274
4159
4952
4283
3944
443
497
1770
3742
2985
2492
559
3694
5075
489
2661
1084
2105
2979
1554
2022
3457
2968
421
85
4377
3077
2392
2711
1736
2021
4571
4456
1206
1734
3713
2028
609
4098
4586
1925
495
10
493
1449
2059
4804
2120
2892
244
4362
1302
4210
2429
3275
1335
4422
3254
1192
1615
3727
4674
3392
353
3989
1287
310
2360
4646
608
1139
1582
3376
3143
4683
639
294
1787
2330
3512
3393
2458
3720
1702
2861
2215
2730
3030
1979
1892
27
4753
246
586
2311
1957
2970
374
45
3207
881
4258
5044
2578
2224
1758
1390
4093
1874
3865
3562
4491
4081
2168
3898
1997
1875
628
4346
897
948
4155
2273
2023
82
3518
2773
3743
551
476
291
938
2800
4848
4072
1326
4547
4195
1640
2438
842
44
2193
1860
3447
665
4084
1181
2621
1764
2989
4821
2186
3229
2393
2131
1116
2996
1937
2490
3146
3370
801
3874
1226
3086
4190
4304
2830
913
721
4687
431
2917
4627
4071
4041
1446
860
1826
1295
4658
3422
166
945
323
3036
1105
25
1142
4800
3017
1249
59
3580
1
835
4338
4468
1388
73
4049
3424
4733
3426
4397
1128
607
1869
279
1993
3904
174
4193
635
4502
4575
2178
3024
4156
2992
1602
1706
4525
3728
679
1701
756
1507
3607
357
1859
599
956
2606
3374
1464
2860
4864
2831
4201
856
535
2454
4261
377
1792
2564
1896
4689
1559
1069
2869
2792
4975
4317
3832
4360
4964
2136
243
2784
4824
1333
3934
2973
4463
3132
2031
2065
2959
1785
4978
620
4599
3133
1897
143
872
1780
2647
2941
2836
3123
1058
3204
951
1065
4749
4928
1199
1121
4231
1039
731
4533
2759
1252
1829
2758
4055
2667
4898
2057
2033
200
3880
358
3443
3263
2016
76
4067
1332
5007
590
1229
2139
1844
1133
1292
496
2351
470
2665
4883
3526
1657
3020
1010
4363
854
3788
1633
8
416
2456
365
1781
401
548
3920
2055
0
1366
845
1262
4680
144
4735
2521
4878
967
4822
483
3305
1982
610
3925
5073
5019
4290
4222
2962
2073
4512
1231
1090
1664
4458
119
1378
2525
1599
1215
4591
3473
3111
1001
3272
1863
1814
981
570
3293
804
4820
3040
4314
2304
1751
3355
3931
4857
3848
4560
126
2277
2843
3458
3126
4539
503
2889
2084
2748
4370
616
359
3421
650
306
24
1024
2152
1173
2420
4520
4814
2187
2853
1989
1164
2546
4615
3250
4613
2739
1515
2056
2865
20
3833
1363
636
285
69
2615
3866
1166
3651
2899
2907
4012
480
4694
722
2928
1987
4292
4841
1992
690
2308
4371
1604
1667
2946
134
241
2655
298
693
2949
5072
4789
1182
922
1047
2099
1314
2657
3038
966
2849
2547
2636
4196
3267
296
396
947
4480
2937
240
2285
866
1696
3603
272
3209
3330
1219
2342
324
3930
1986
1687
383
1684
3895
1056
1127
809
438
51
2453
3828
1570
2231
2880
125
3757
189
3851
4505
3108
713
1647
4974
2520
863
4839
4701
1135
1824
492
4061
2994
2530
2102
1800
1768
3996
2130
709
490
505
4728
426
5021
1213
3735
1603
312
3310
3933
1118
3110
4433
739
2939
50
3295
670
4561
72
3702
1256
3634
4716
4187
2221
5089
4472
4568
1216
52
3242
3428
1488
4417
2901
2350
4082
3257
1337
2817
3120
3588
4719
3841
1232
3888
1214
3541
3802
251
1308
4546
4922
4127
4756
2870
4959
919
3811
761
4686
1879
2761
2718
2818
5029
1847
4870
1473
3809
3439
2623
1760
1265
2163
1550
4684
2417
4341
952
3339
4048
1812
3731
1709
2961
3596
2015
3947
4052
3379
4116
289
926
4661
3667
3502
4110
1513
2061
2066
1179
675
2498
1951
3215
3348
1349
4705
3734
877
4378
3248
3988
4245
4213
1478
4884
4713
1171
1208
1807
2256
4260
758
4479
940
2347
3087
3239
3852
206
3397
510
3926
2514
3602
3021
1417
522
4276
1275
3762
4452
2464
2225
501
2579
4829
149
4119
465
3777
430
2446
4163
167
5010
2680
2444
1169
2006
2662
1461
908
230
4755
3013
1444
4091
386
4307
2704
2252
1794
689
3500
4981
345
2388
1094
1399
2402
2244
3175
543
4971
2287
475
4632
3121
1204
4481
1346
516
4076
950
2733
2536
1650
4894
763
2664
3000
545
4321
5070
4489
2650
3665
594
2619
4441
2104
2960
4438
3648
4343
4044
3863
2035
411
3226
283
3918
1331
4917
4606
596
3746
1268
5003
3759
2355
225
1318
3896
4152
4670
1021
3031
2040
2844
669
5063
1560
2829
3813
4150
1255
2468
4272
3625
591
4588
1227
273
1439
4907
3034
568
861
2751
318
4308
1520
1093
464
1409
2679
4485
5057
1298
1546
540
1940
148
4108
5052
1626
463
1158
1740
935
4965
3951
3773
4612
1962
4702
3194
2697
3399
4002
3487
4758
4396
188
3224
898
2476
467
930
3405
552
1622
1284
3604
4915
3134
2732
4506
4951
3706
4439
4212
277
1175
2563
319
242
4487
1067
821
1341
379
93
3127
3609
2876
2837
3208
3893
4669
1624
2375
1004
2143
220
1269
2998
5082
3551
1611
4440
846
4375
3751
1636
3264
838
2335
1646
4475
1462
1541
1185
3675
4926
2981
3552
1565
4819
321
1504
704
3172
2372
184
3514
3423
4570
4230
5086
5068
1338
346
3748
3704
3062
3401
2786
4847
595
2510
355
368
2566
949
2125
2358
1512
3686
4313
4779
3069
1303
673
605
1141
2333
2411
2533
1429
4144
1421
1241
775
2209
2699
720
2369
4033
4715
4252
2098
2591
4720
2701
3519
2263
4411
3971
3300
904
1153
3314
2291
3286
1016
2380
2145
4060
466
4386
1223
2558
3601
2132
1258
4464
2029
2612
217
2568
1418
2423
2303
4796
2700
771
4132
4325
171
3909
3635
1660
1773
4018
4921
2038
4352
236
3237
806
4521
4092
3119
288
3079
4665
1052
2185
4718
2379
812
1397
3827
4558
1474
3980
705
2250
453
3510
3230
802
626
2887
3197
3466
3719
1901
3350
1511
3455
3032
4250
4598
995
4559
4730
569
3432
2517
4139
2403
2025
735
1693
992
1374
2526
1323
1482
302
2824
3547
265
3715
442
336
4490
3326
1188
1991
214
2838
161
4813
4209
3039
3685
5001
2391
901
1607
3292
469
3489
4714
3213
2785
412
1476
789
3756
615
1976
4025
3523
2687
1325
4383
978
629
4164
577
4097
194
2370
4638
3556
1715
447
4137
2081
4367
2014
2728
1317
4256
2958
627
274
78
730
514
1961
2109
3958
3902
249
170
488
1031
360
2858
833
1700
3534
2904
726
2642
2617
4869
546
1744
1054
1719
4251
1911
2234
1072
3935
332
4708
1521
3907
1757
1881
1632
1984
3983
3065
2075
3198
3189
4840
4406
1481
63
3221
633
1340
3882
3338
477
123
227
4649
1682
3770
3574
3261
1277
4324
4237
3985
4597
621
5020
2783
2451
4185
4235
2494
4594
4106
1359
4007
333
1471
4790
3187
3499
3506
4518
1864
4105
4180
2799
4750
11
4423
3598
409
852
4803
4872
4080
959
1007
455
3063
5053
2956
2046
2769
1480
3291
3593
3792
1329
204
4780
2710
4183
2691
3010
3766
808
3210
3853
1739
5034
212
3529
4214
3252
384
2365
1466
2067
1903
2493
5059
843
4372
2724
18
1588
2269
1023
3669
1789
1050
2977
1385
271
3959
1109
348
2515
1756
3474
136
4958
1683
3663
4247
1815
3342
3195
3200
2331
3615
4207
1689
2522
4388
436
1064
3764
3298
4551
2243
4808
1080
2082
5002
4191
4666
293
4361
3636
4469
4227
980
4204
2253
2045
487
4312
4854
2117
4073
3486
4262
2405
317
820
2980
3416
4023
1634
1614
4696
2902
392
4323
3313
1018
3294
764
3656
3052
1547
3745
3776
1804
805
2791
325
3557
4271
4858
3876
494
2952
823
2516
3578
993
4672
3954
2068
754
2924
2096
5043
3251
1949
4510
3280
3462
996
4096
3078
4488
3881
4330
1552
3659
795
2166
4950
5028
3582
4777
5046
717
4486
250
2382
1246
71
1075
4474
474
3942
1278
42
3404
4035
304
2569
111
2637
1408
2922
3164
3089
1752
4134
4368
424
4853
3054
3033
1691
2459
1721
2000
3640
1887
1489
1030
4653
3658
3546
1656
2648
4624
3674
3914
4205
3921
3953
270
4430
3825
3723
1822
4078
2011
2684
3671
5017
3178
1601
1407
313
154
3927
2211
4493
3238
498
2200
3854
3253
818
2555
3978
1347
4630
301
2945
728
1639
3542
2738
2582
3800
4037
1059
1099
1170
5041
4318
2502
3576
512
3260
563
1452
4772
3479
428
1022
4374
1048
1747
916
2802
4295
1445
3364
2043
718
1467
1468
2556
3691
858
997
2714
3173
3997
4014
4562
19
1460
5009
3341
715
2144
2172
2323
4788
151
2698
4063
3660
28
3122
1447
3045
3483
1532
3113
4220
733
813
2895
4111
5078
1234
987
3419
1587
4826
4316
4030
2854
3981
415
4947
2672
178
4465
1899
452
3437
2629
2359
2826
2309
2971
1387
234
2012
231
2706
4029
4556
191
3886
1367
3662
1130
3911
3337
3572
2474
1384
4181
152
3845
2338
3563
3537
2538
2950
4273
4421
2906
2048
2281
695
4248
3193
305
810
3780
1542
2813
1483
3325
4895
4168
2625
4017
4532
17
1178
320
4663
502
4557
4935
651
2957
1866
4835
2232
2908
1279
5088
3147
1091
2598
3718
911
3400
1372
4062
4453
3579
576
1516
3485
1545
3417
4938
2406
2789
4831
3594
1134
4174
1324
2815
4626
1425
4892
1788
3064
793
4645
3591
4095
371
3684
934
744
1270
2553
3496
2814
1344
3037
4885
4233
4595
3366
2997
205
2808
142
3693
4434
3943
909
4446
1518
537
381
3026
3104
1448
3410
4805
1638
1260
4311
915
4404
3695
4279
4253
4517
316
3937
4409
5030
2527
3484
193
3402
3962
4578
983
128
2584
1424
347
3732
1498
3724
1163
4326
3296
4395
4101
2312
1791
3152
2682
2320
1750
2737
1176
4583
4528
3587
946
618
4662
4161
4126
851
4369
4639
1857
3679
3716
1627
3245
708
2327
4166
1846
2261
1766
2173
280
3472
849
4246
879
3354
2495
1088
105
1916
4960
4754
3793
4249
3682
3804
1529
4985
1676
2095
970
4572
2911
1096
4654
29
4806
4302
183
1841
1299
286
643
814
1195
4655
3468
3317
2413
3646
1373
526
815
1795
3595
925
3082
3568
252
2419
3287
4090
1983
2484
4054
1000
2712
314
2554
1941
1453
3060
785
1259
2013
1551
4070
3140
4643
657
4410
3963
1904
499
2299
1304
153
2334
2466
2741
1956
417
2632
2425
539
3784
3838
1049
1427
4886
4188
4301
2089
4175
4529
1613
2864
211
4123
257
2856
2103
1202
3721
4930
3894
3672
444
4
3941
403
2559
2381
116
3654
5079
1645
3494
2882
4286
4526
3232
3517
765
3304
3375
2142
1653
4944
3448
3816
619
550
4709
3216
1172
1669
3234
4228
3389
34
3268
1281
112
4792
4828
748
1741
3530
1469
4955
1307
1576
3678
4448
4112
582
1762
974
1459
3182
1666
413
4513
2734
331
1288
986
2284
965
2659
982
4677
1312
3843
1649
1878
931
173
702
2054
3420
4770
4647
2
1955
2532
3369
4590
4811
2627
4379
2124
1293
2027
1336
2005
4045
3161
2175
36
1443
2247
1322
2210
2203
4995
1855
1426
1642
3655
419
3343
4625
1831
4389
2279
4199
3877
3361
5012
109
2947
962
3761
2226
4650
1699
1210
2364
3333
2398
3165
94
4219
3356
4167
4140
4399
4923
4966
64
3074
2108
4741
4602
4497
2389
2106
4419
2763
3673
837
1430
1410
979
2169
4818
4986
1531
2923
1055
177
1572
196
1746
40
831
1092
1594
4136
2866
1973
3505
351
2155
1490
2119
832
3469
1578
3955
3960
4005
3752
1286
1475
859
2708
1912
4266
4942
5047
4354
4999
4328
5005
1014
3297
4381
4051
1934
3527
5048
659
1873
3137
2775
4149
1151
4609
1033
4693
132
4344
473
1380
5015
2339
2969
418
1111
4889
3633
3425
527
888
2357
2394
1679
4678
2535
3707
3008
4879
3044
1832
3862
2656
3435
4064
741
4610
4069
1107
3434
4118
3041
290
3461
4059
340
16
5050
5055
4223
3524
513
1161
1598
2371
649
4752
4845
4690
4998
3150
3324
342
104
4224
311
3871
4692
354
1313
4165
3446
3730
2118
4838
4795
1289
1168
3736
4047
2898
3618
4021
4473
1898
737
3782
4094
4143
2790
1401
1144
850
3381
2867
1402
2083
4391
2801
362
557
3094
4623
803
3231
1922
2336
2573
1479
3481
3009
422
3177
4991
1180
179
4567
4234
4913
654
1034
1784
2753
4427
121
1661
2441
4620
3157
2605
2874
1211
710
857
83
3840
4664
2624
1950
1009
4644
1106
2583
1274
2053
129
458
2149
1985
4424
2635
683
4827
4306
2260
4548
661
4484
2756
4552
4189
4896
4503
1068
2373
197
3808
2798
462
2010
1114
3403
1717
2157
2092
1753
1761
4511
929
3066
3805
1027
623
3191
1865
2433
3256
3027
2646
5032
213
3753
2396
1236
4802
2948
3071
3085
3872
2819
3329
155
2944
182
4724
3171
4761
4710
3515
2688
478
3359
3179
867
906
734
229
518
2993
2354
4607
3394
1671
5064
1328
3822
4015
903
221
80
2126
3090
1353
3049
1472
3347
4305
4414
3498
745
3778
752
77
3818
4275
3058
2686
580
1924
3303
1012
2177
2504
4603
4642
3613
3075
1644
4519
1617
2008
4297
2257
2227
1089
2927
2039
3183
2692
2930
3109
2787
1964
3525
955
2755
3737
830
882
3873
3965
3176
1381
2586
2570
1011
2001
4202
124
3859
3917
2036
3535
2207
2325
2833
2693
4385
2975
2199
372
2920
3834
3812
2883
2595
1193
3035
1806
2670
2297
1342
5042
3712
3148
2863
4387
2550
363
2500
2779
634
625
729
4443
2618
3451
1371
3273
4637
4765
3946
1428
1306
4267
150
507
2298
1569
4633
1496
4206
3689
2507
405
602
4122
4932
2501
932
90
3623
2955
2933
1563
3803
1273
1574
3905
3807
1436
509
2744
711
4057
534
3553
4585
268
2607
1745
387
1523
373
3521
3870
1129
5069
660
3433
1677
4927
1585
3799
21
1123
131
3710
4471
3982
686
1203
985
2112
3820
1271
4240
2097
2736
1947
3019
3991
1918
680
84
4815
5062
3306
2486
3091
2170
787
1282
2609
2931
1729
4242
2383
2348
573
3826
4398
1400
4178
2254
4160
5026
1670
3217
3373
3151
1437
4278
4810
1902
2349
4236
1122
1621
3202
3388
1530
1242
2995
1705
1364
1674
533
2319
2921
4545
3351
755
2731
3051
676
4695
4380
2772
3149
4011
5004
1017
1772
5081
75
1025
2071
668
