36763
25743
1087
20715
2923
16885
2079
11741
20831
15018
22564
15180
19623
22424
21202
25671
14326
19815
25490
4790
10462
1252
37917
37313
26804
18944
20997
29741
25047
16816
1824
30114
39020
33805
20575
32428
18997
20333
12314
36411
19311
13249
36764
29522
6236
27766
31212
25280
14064
4882
27546
32817
27006
37511
30792
8122
4464
9941
4708
8716
4612
12029
30171
10543
34112
18688
2109
1116
17593
28736
31569
13562
31503
38314
17752
29342
25847
27944
31344
6175
3639
30737
7315
25177
15954
22378
17932
4172
6453
14106
4212
29071
4559
29268
17072
18643
38526
25822
35441
10125
2666
22492
34219
15083
3329
4376
1299
28406
683
29217
2601
11865
23317
2191
21053
5625
17964
21530
20157
25953
19182
19493
8138
32777
17421
15255
23216
4309
34402
29147
34414
36022
28939
14383
33535
8648
11376
34454
2254
14319
22079
7373
16411
11629
28977
6649
17495
34061
19040
31634
18647
642
33962
14841
34023
17830
11023
10722
31559
1953
29852
26884
6782
17744
2915
29847
3380
8815
30326
20487
35458
1455
29862
22211
12285
1324
22249
17584
29464
1094
26411
38468
1726
19156
38248
14710
16468
29999
23521
29035
11631
10419
1944
17286
16598
37778
32255
38908
35511
33003
35454
11451
28757
18131
33851
1434
2398
22420
1573
35927
30357
25493
36653
25026
21971
28998
30106
18269
15657
37045
31816
38450
23923
2032
32267
22991
22276
37015
24005
30458
1431
23750
1905
21704
21665
30618
17958
34066
19141
25979
33213
27932
1366
21677
28480
8245
20401
33095
12322
8296
28364
18077
32532
9431
1838
20302
15059
3694
18336
21681
35852
15297
34245
17162
12803
35831
16911
9447
13295
20947
28083
12121
16374
1439
7806
4027
3634
29872
27839
29007
7348
10831
33469
37025
34470
11887
11703
13754
15105
17467
20708
14853
19985
13700
22090
23946
9663
31496
28832
503
25403
11799
33059
2774
11905
37828
24792
33619
12282
2575
28222
11870
31245
10741
8086
9567
10484
27203
24117
26768
12037
13768
34390
11737
23421
10404
10790
3205
24432
38356
35566
32614
35378
11671
36160
13980
2024
9681
2957
9826
12126
37260
25087
24470
9700
4761
8184
27224
23370
13359
22813
38319
4210
1787
5368
11884
28180
14954
23763
39
34780
33916
18613
7264
11666
12662
835
5634
35449
12897
35713
1671
8044
5022
32686
21895
22836
22801
24971
17390
6795
16567
34178
9706
24809
27931
22333
23906
1219
24721
7518
34561
2815
29867
13941
5836
34630
8848
14419
12656
27956
20003
14464
25873
29206
9756
4915
8658
29108
3940
24468
28484
21038
766
33200
904
18922
28140
19322
20318
34021
35705
36432
37130
16549
11817
3174
25665
28470
5433
29131
32737
17348
34057
4881
17946
6884
29113
21418
36500
19243
27977
34478
13458
32213
23764
16212
21543
31813
21093
32841
14788
36645
8630
3681
33664
35357
12463
32442
1463
12077
31050
19661
152
3377
38128
24755
17535
770
26498
2978
2025
16707
9699
21926
20743
36974
36301
5858
15395
35887
25327
37672
26735
3849
11764
30112
35059
10848
8875
20412
38513
27069
18653
24636
25832
9812
6527
6854
33905
2748
27914
8977
31040
10379
33007
33253
9634
28192
33599
16965
6559
32413
19018
32632
34973
37718
24335
1802
38895
19015
21915
38216
20620
22341
11337
36339
25171
36436
26711
33623
34818
34611
7040
13527
28323
27634
37508
19200
28928
29778
19784
10851
31843
10892
25033
23645
31885
13046
28690
4670
38020
13868
16261
17677
38719
33716
35999
11407
13292
32959
10346
3221
6111
271
15163
27192
1363
5716
16369
32317
16233
30237
8116
24166
5756
21663
15022
13914
11365
8205
27870
27325
16009
4780
32078
17749
23085
18532
16455
9075
13124
34977
2144
15067
26443
7749
22659
4086
4907
35783
24523
19808
26405
37216
21766
9227
26795
14361
34586
34053
9866
32547
5261
32394
30878
37168
26929
8257
15561
6934
24835
33178
14085
19525
23321
4323
10562
38803
12224
1755
37371
29640
19253
10761
11250
37862
15277
27287
10670
6330
19627
28879
8978
5531
28678
8383
4775
9248
35393
14411
6745
34213
33485
34728
7138
28562
29673
33980
36227
5527
2389
20601
36390
4574
35322
2365
22808
15168
4953
12479
32539
8700
26901
37158
7344
26172
24739
19440
27561
36423
18704
25468
29346
15598
8132
16056
26478
38921
18468
36549
36591
19193
7099
15979
2558
13926
3458
13079
17922
1150
38792
16377
10667
8532
17673
4995
3447
38737
21314
11556
6621
20998
6443
7314
21481
12141
2681
5206
19728
4293
2623
3055
35140
38209
34748
12376
976
18124
29474
8752
20533
19025
14554
2157
13032
38004
27574
36655
8939
21728
13445
5647
18746
2283
35374
26400
35344
22277
23203
14917
31595
32344
17184
27484
15883
3079
20877
15493
33126
3327
23324
13378
14577
18483
24301
3571
28532
15652
948
29531
27657
25337
4760
15097
35690
16487
36822
9849
2292
2862
31364
29616
22254
6058
4583
34741
12081
30246
3057
24345
34071
14764
18312
16613
10196
1241
1510
2235
21180
33691
32634
2646
27945
19539
33802
30198
38149
8042
14396
29480
14404
21726
26635
14206
22502
17356
28766
27281
33800
38458
6911
29750
19660
24016
30434
17895
7928
33185
16153
29100
19523
36733
28163
38978
12857
30818
21170
10821
24539
39118
26978
23463
36486
25257
5238
24044
3531
37036
21536
35591
14614
4691
29539
29494
1885
24485
14560
9894
17971
19212
6748
1658
19060
11338
5500
34191
1593
11994
31242
35161
8443
15445
5000
11120
5105
32306
14234
15578
3192
3893
36369
1680
21804
6861
14771
16366
20275
17123
37593
23883
5265
37751
30404
23551
7734
31289
27771
2785
30842
12770
32516
29067
3389
23129
32062
27371
18155
166
12750
25839
27563
19845
34906
8999
2992
11034
29857
4846
23405
17873
18066
32829
36193
9975
32205
28919
11670
11346
9804
25588
23731
17166
25921
25173
3895
14722
13457
37232
30855
13133
2393
34836
9566
4653
38802
20746
18974
28932
27023
13863
14893
35595
15997
27502
26010
15793
32730
16845
33358
2778
32691
14635
17099
25868
5591
23328
5312
6815
3793
36747
30904
32061
24195
25269
38036
18283
3899
23051
8856
24066
31047
16230
21330
6705
12399
22883
23482
27937
18492
12094
22703
12876
17296
5378
3806
18607
7126
13145
13652
34514
1583
7807
20409
33491
27008
30466
1546
14208
21014
36534
27241
893
17170
7261
1466
19673
23123
5849
24838
7919
26807
10270
19852
13525
30389
37581
28371
33318
14689
25368
15165
23006
32745
15225
28469
24431
17817
23939
14701
26554
24198
24643
3188
23212
572
13049
31463
36915
25308
15597
2571
5108
10391
25031
8250
9992
31189
16650
33347
9202
2640
34650
29988
2332
6186
31305
7362
35044
34964
31913
18776
189
470
11177
3640
9541
16860
35190
32929
18917
21694
22030
16775
25299
4326
2945
20730
37018
27566
3375
36096
6990
17974
35513
26348
1962
15207
11663
28756
9781
4099
38773
1925
1156
33719
35444
18352
25126
24634
9172
27265
9308
30378
14636
8221
24062
21690
5614
32477
31926
11916
34940
18469
12465
19004
7375
22348
30620
2685
8887
8117
36667
4807
36293
35231
3969
5100
26816
36729
14772
26234
18973
35902
30533
790
18215
38269
37866
37701
4526
35307
20656
15509
29661
38406
16503
5416
24155
11931
30441
5938
729
31649
2559
29393
10736
5167
20133
2598
1228
11802
31485
14540
15924
19909
34826
1673
16284
36627
24676
15795
14390
36315
15501
15650
394
102
28702
3520
4075
19975
16528
5583
3003
24943
13130
16154
10222
13256
4978
25433
939
18803
38042
13219
2955
426
1526
1270
26408
18294
37154
10624
27122
23661
25259
19870
6813
8279
37560
27159
4993
30602
18772
4090
4298
27255
8438
2162
26102
37710
4427
10630
9351
26883
36438
26269
1549
30070
2891
25569
19938
10931
12214
19392
12328
21657
12904
20970
38781
36998
4184
32894
33360
6272
7350
15984
13092
16383
9383
24963
11841
6977
25878
6985
20775
22177
21109
33269
5935
29324
38850
3655
16150
22562
32435
30896
11206
8505
21230
16856
7904
3561
18554
32148
10031
16893
6013
35355
15481
9043
24867
39083
6458
8842
2268
4884
13404
23252
35683
28483
10416
1064
25061
34356
19239
20984
26743
10526
4504
29524
6438
9306
38748
3266
15906
21959
32300
26336
33292
27029
31239
30612
29974
34134
22843
31436
33289
19139
733
20972
33885
28926
22064
14733
10604
34765
37458
29674
38270
33140
30786
25539
26630
24362
26809
14321
32715
19110
4514
7853
25946
29505
17011
1033
31464
31265
14147
6265
3499
25917
29033
18583
8960
34000
29360
28689
14639
5226
11807
28915
31217
3533
10446
8550
22797
28229
33090
17194
3754
17054
26128
31792
34417
4095
8778
35233
18410
28169
24454
22471
23925
19600
622
35224
38595
9222
32887
19285
10834
37612
9861
5139
11256
38722
32830
23382
18401
5952
37734
10690
29456
15606
35893
14679
24083
21624
36528
22902
2269
18494
34091
8109
33111
31977
29192
35001
2767
2175
33785
11800
28390
30488
21733
18409
9466
21296
21697
17187
2200
5419
24142
4093
9023
38534
20910
4707
34098
36343
24561
14215
22811
15926
19753
22978
33893
561
8362
18210
2961
29624
32228
4616
22752
10178
15861
25845
37802
29803
4324
19155
25216
25540
7374
21528
8267
38547
5729
1448
34435
229
19793
30048
18117
7465
38952
29997
31168
23354
3299
20290
9974
24004
10632
11160
12182
34149
7789
32069
19419
26674
7263
7793
23202
21850
13898
19799
7104
9511
25018
32222
34802
14884
19202
11825
14765
17474
37160
36514
13667
18101
36222
24525
34095
5117
28651
27393
38932
4534
10580
33899
8585
11578
9533
25877
27832
693
8023
10212
32248
27003
38560
10162
30988
36939
17146
12086
2377
36654
6452
14298
1338
6658
5045
30824
15642
2707
27948
8790
19157
31663
6910
4865
27169
38691
19091
16401
19701
12953
18238
30615
33492
13682
3591
22701
25088
36391
12372
27589
180
12891
3394
13147
16636
28586
15063
8249
2834
31597
9928
20199
37743
998
26571
6887
18819
4955
22953
15129
13192
11873
35030
9419
7775
18164
26398
17858
32466
23941
35067
32086
724
26342
3245
35734
36309
36092
11339
32403
22906
14934
17056
12054
14534
4830
7663
24818
14434
8031
4506
12461
5673
3190
24312
20699
3536
468
26435
11499
15772
1843
24437
34420
25375
216
15155
1741
25637
1661
10363
23515
1923
31284
31725
16696
31563
11474
30141
18805
22076
33820
25692
11283
28639
24462
31297
13398
23765
4499
10060
31335
26068
24938
33261
35530
26944
18687
29414
21125
26432
26267
12504
31521
21678
19496
38747
18042
20043
36184
33377
33513
11282
12448
35618
32328
5181
23771
24645
32162
25848
4797
7053
10381
36489
8616
4164
38380
13956
3395
38740
22324
30781
35573
7238
16060
22361
28478
31948
18609
3241
14938
34429
29430
1163
28680
22592
33419
33856
22853
4844
19336
31374
6519
33500
17599
35420
8915
7741
8200
36897
30676
32565
30347
22735
4171
25960
23206
33233
35244
33613
36978
34712
34714
127
37155
14744
29755
30926
11533
36561
34622
37099
17718
4985
28510
26431
12775
5920
8511
22166
34928
3580
10497
6105
24268
33920
36650
27718
34899
16297
10374
38033
5969
32981
25787
26366
9005
3413
7985
17122
27469
8386
13809
38624
29454
7213
12420
24542
8025
23639
1501
23848
784
1702
7615
17916
12524
33367
14447
38565
9256
26726
39040
27477
4489
35894
37302
30996
27988
31855
3436
22072
9413
12648
23378
34787
17180
10949
660
10336
5448
19943
5196
24562
11080
32495
37394
34998
28828
19751
29614
16458
17902
14864
35229
34467
7022
14461
9703
14066
19385
12513
2075
31310
25438
559
4296
21211
29553
14446
36940
38097
5691
23707
22208
6831
7085
4588
36546
5620
15361
30131
13781
3871
1192
35148
11291
8727
21160
28513
15258
15399
6071
16692
24519
2388
13462
30504
35425
26116
5128
6004
10008
27640
36236
11372
17241
2518
6340
8531
1728
17990
14257
860
14071
14335
2859
32595
8723
26887
34923
4297
20328
28671
18823
26129
30566
22730
19092
30188
36504
30971
23018
27432
4373
11704
4730
11054
26970
4800
20958
6523
31369
1552
35857
18021
3654
31553
14982
31847
8026
1337
5736
30549
25922
35124
13309
33036
1557
7502
73
16977
26477
8082
32220
7932
34001
34626
29910
26946
19472
16175
11377
16791
31896
13687
22216
6487
36700
1170
11577
2757
26677
7423
32013
1831
7912
9108
12586
35192
19489
28715
10067
38893
14167
15524
30060
7051
37955
7454
19134
4187
23124
895
33131
14420
5676
10414
31013
35163
27866
20729
22938
3704
3717
11791
1449
29154
15359
21429
17492
39042
26712
4840
27903
8047
38503
17425
19264
5179
16115
1873
6949
4962
21837
10092
29962
17026
1189
12264
5930
16158
30888
1786
30750
6367
32978
32089
24320
3600
1735
2574
38017
5269
14443
21498
1197
6897
10501
7473
10899
31027
4454
17240
13329
7600
17588
34060
4715
29151
13366
20981
7016
15486
25783
16162
17313
9519
35413
38055
32719
23841
7995
14129
1240
19873
35050
791
39103
13396
16680
24681
18193
5990
30534
6518
18884
4239
10583
19697
6732
38292
37312
30899
15434
9919
19364
7441
14957
8609
5259
33304
30739
19380
1238
22753
15802
23649
28983
21213
9769
15669
36163
22546
23610
17283
37101
10444
12577
13883
23852
14485
12858
24680
7564
19232
9129
24648
31184
31370
23744
33822
3314
902
36926
8041
17812
13285
19791
34119
30613
7297
29248
19009
27681
16318
7836
35697
33329
1514
29412
16491
9188
37787
30649
9349
13173
34907
14948
14508
24229
519
12185
26321
33836
11074
35694
25322
3785
6177
34216
196
6516
12495
6521
17612
32043
25298
23567
22972
17013
16712
24418
25476
20501
37128
11267
32320
9371
8490
32124
17622
23856
16936
35510
31403
24824
21868
37873
26296
15977
31264
1933
35654
5486
3649
3453
2279
12882
3701
15223
4122
13187
7496
11149
23927
15500
10356
5850
1624
12426
30020
19197
24403
1585
20416
38220
5518
21007
283
15751
17565
14703
14365
14962
1399
30340
18197
91
33044
27397
8513
2615
13161
15383
6189
27472
37906
32163
28743
19234
16827
37559
33443
8506
32784
19866
36280
19663
925
4908
19299
24160
38031
27119
7832
4101
25343
28822
13541
17357
30390
24834
20949
18103
17092
31984
5830
6098
24876
20960
9245
37969
9727
17380
518
24767
4827
35429
338
25724
4416
9610
3608
28492
1037
32092
10945
9635
32081
10961
35218
17678
9844
14269
37921
11591
35421
19446
14662
15860
35930
13922
36262
29186
35093
18606
13388
28929
15162
17302
21607
35841
13846
17333
34931
26873
18464
17151
31224
36393
16390
27107
874
36146
37599
1687
21359
31097
2979
8062
5718
12860
20001
32974
7770
12030
5528
28435
29590
22207
13311
12025
3336
3466
25089
20395
11430
13218
2611
21067
22274
13715
29703
36409
20029
32458
27776
26423
38186
3557
12720
28477
2612
17332
38088
6560
6327
31698
23623
14394
14774
8167
15603
37179
35339
16279
36283
28075
7172
3665
8758
3662
37017
23237
5236
12381
6267
17913
35277
36185
24307
2636
14791
17216
16137
20399
4450
709
7360
28058
23338
206
27857
7981
21327
8614
20299
12804
472
10711
28840
11112
34852
37166
24196
22387
24732
11164
29311
17157
22442
18051
36862
25574
12111
8501
30200
38808
3484
34394
13400
38428
26410
6876
29769
12815
28802
6197
6083
37908
17168
3944
19923
12704
5802
37077
38092
13047
11461
38286
28328
2141
18262
11610
15508
34308
18904
32542
38105
17100
29446
26628
10565
24511
10970
17403
8644
23371
5798
416
7365
32001
615
34839
30412
13691
21090
38182
29767
36353
37395
19409
9297
2543
38390
28958
10944
35660
12342
8804
22129
24482
18748
6836
32324
3301
15932
37742
5618
15838
25654
24783
24891
25798
37068
27928
5946
9438
12969
2155
3166
687
23248
6913
20923
16097
26359
17164
27222
24065
35209
11832
17197
28674
37454
23313
32016
28275
17885
19209
9282
16228
30821
14881
19425
37702
26177
35388
13364
11385
13411
12802
26650
36272
3423
22238
11628
38548
29519
34024
20075
24147
13153
3203
29361
4104
31664
19951
15041
19133
27464
2780
5957
36833
6707
10847
15092
29166
12926
34430
11102
25910
38255
12900
13936
36965
2634
28008
14837
868
23131
21059
34223
27047
26909
31555
16293
15243
35765
12675
21141
37274
25823
20793
8321
30414
13688
23443
3309
16102
8358
3498
10185
1958
36836
18133
12948
21106
19075
28819
25492
32975
2956
9234
2257
29416
24616
35127
20976
1703
24738
1653
16308
14921
19499
34069
7250
32190
7506
4119
31633
10530
7028
34310
17253
7321
25893
20448
24982
1491
3103
30333
24551
20945
35896
21171
10259
13834
32939
13031
10716
2202
32792
10340
26891
4914
1201
35077
16895
16449
30343
37586
16973
35033
17486
37544
14136
15585
1329
22567
36587
37471
25261
31928
1479
2046
29097
30688
30314
16941
22109
22220
6396
30118
20102
28676
30991
19146
7903
22764
495
34271
30244
8840
27967
29537
1901
26746
28782
37146
21794
36107
15459
24655
18496
7738
15477
4424
3918
20234
6617
27230
37704
32819
10933
20547
14449
10737
36696
3838
26063
4063
22992
36325
7064
5132
8161
27690
14612
18916
31507
24675
14152
38295
34268
12650
31989
15469
17659
20711
35617
20644
34543
32591
28246
31520
13189
23050
2527
26572
31876
28292
27817
12000
22911
23246
38621
11412
17572
12330
25760
9657
6163
11716
33210
38878
18349
29736
38337
38433
29260
24384
14801
3117
12196
35023
27031
35275
29410
12780
14720
19117
11264
37124
961
21479
20255
8813
15999
35011
20483
27698
38639
7345
2993
33629
8192
36595
2177
17948
6471
11797
11744
10268
1674
30694
4006
23369
32363
26251
7931
19532
27218
10383
9669
31109
15134
13274
9368
27416
1231
6659
5866
26483
38113
10197
26899
33237
37884
13017
1351
2027
34111
37121
811
39051
23461
21205
8741
2043
36429
30631
18461
6044
20607
31639
32388
5084
27306
12148
13228
5846
26654
7165
10994
38986
16840
5954
11082
6219
1497
29450
28391
38535
29214
3333
2809
38205
3596
4584
12692
24650
21819
33657
23617
5111
33976
6309
22394
32014
25528
12753
10010
18561
4222
8768
30453
11209
33784
11483
13045
1157
9159
32523
34864
14495
30270
4314
33781
28003
26032
17017
14436
10651
19893
27924
30037
32068
38144
1596
5525
20765
34249
25430
11218
33708
35102
14102
28846
24797
22310
24893
3894
9358
451
8430
1198
25723
34147
11255
26560
23168
1357
6585
10126
10588
2130
15029
8144
10057
6758
35577
19270
18449
8765
32971
12866
19378
3923
24103
11239
2669
5430
708
7201
33498
14239
10098
1675
23481
26484
16789
17029
33396
33305
29508
12134
18551
26534
33706
33861
21272
18002
286
25604
33963
28894
7388
13482
6494
22050
15088
27865
32596
38332
11315
19388
6767
8979
7337
33762
23140
13988
27531
15733
32991
28543
24900
23991
2964
14295
26198
1823
31076
30811
20045
3858
34903
16910
5397
30158
33393
21759
10895
27011
4853
31921
5970
21302
25598
7735
3997
24492
2721
11776
38073
13291
37442
10050
15904
38999
1378
1217
4032
1362
15850
33842
2684
27644
8886
29443
35802
11215
35103
14050
6497
13866
38336
18319
21545
31517
8923
23653
16855
10973
2754
5713
6601
28498
8826
9101
1678
20513
34313
38641
25896
8930
11475
13255
2255
26279
15723
29808
165
28688
19996
4693
23092
15218
31092
33082
13855
3788
20356
15390
19190
13995
33096
27001
762
13916
1808
30598
34482
12826
22926
13803
23289
1620
18928
30386
37001
10402
9475
22788
28691
6324
36842
5791
8962
26863
23860
9320
12679
33588
11238
4575
22880
8461
16522
4190
3244
26917
9112
38383
3695
38462
29543
3870
8381
9362
27759
20929
19605
1407
28507
11449
19810
36095
885
17182
3791
20993
7537
25226
12334
29538
4821
3872
7900
11589
31020
34168
31925
5104
14891
12499
12628
36601
16177
21602
1026
35310
12385
38877
1811
14941
4673
21561
17172
34511
5556
21129
16947
24033
21836
13979
14926
24140
12427
26086
20393
17680
4608
38131
28759
639
26638
22081
12655
38649
33375
31902
12281
28302
22045
3962
23063
27391
9363
25469
22487
14776
21967
20177
30152
26306
15332
197
3036
33948
34136
3274
29507
11635
16933
2039
38498
21604
20454
38652
10450
13732
22267
30371
37468
20425
32540
29477
1108
723
19246
32227
37215
17118
24520
34357
10266
17775
26090
11883
29606
29448
9523
19405
36121
20026
8397
27887
37517
36511
18175
35392
38868
15673
19631
20828
13769
7151
11226
894
37441
5126
15433
5882
11926
7870
7075
12724
29470
329
22754
10932
1237
11388
25028
29
27332
25655
38536
31760
1159
30769
30555
24481
16983
16529
33529
37335
27401
5586
36010
5028
13502
16833
26033
11705
28512
37089
20788
30520
23900
37349
37776
23213
8125
38445
6638
5417
32528
36703
36076
37573
12962
6969
12585
5907
18474
17374
6180
779
15990
25041
5381
36196
18479
20293
14332
28987
8337
23191
19905
23114
1019
17460
24977
28026
22888
17198
16587
38442
32554
13882
1344
24534
36078
28178
4410
38785
3122
6794
16736
5668
25884
19540
31160
38357
16979
33102
35724
38217
5281
21917
32336
38914
4107
7186
22561
16014
19646
17319
30895
5082
30866
37982
2547
5897
24300
10410
2865
30406
18405
11645
17701
13495
15251
38765
10399
9231
17104
6856
32664
7194
38218
12238
33400
34513
24228
6667
36029
23483
3765
18109
30937
11130
13904
2972
18831
6146
34970
20289
24502
22398
15584
27693
16570
31849
30026
25205
5738
14284
16834
1816
17244
22200
16593
14318
21378
38276
16050
29028
27364
13962
12532
37470
9487
8564
14216
24246
4490
38338
4070
11847
5975
15826
6992
1778
9559
617
9258
13201
31395
15903
2071
23445
15628
33574
39037
16004
12659
22287
30717
27196
11624
13612
10660
11029
33628
22733
4666
35742
17901
38873
6001
20120
5611
20522
5235
34459
18812
23009
34844
14970
4213
21565
24932
30295
11009
32922
5717
32095
26372
38502
32214
20574
17541
36596
25285
24373
3397
746
32041
1248
19993
35158
30368
6718
16120
2688
33530
32627
5795
19809
30710
28090
120
36517
9071
1227
3774
4697
34450
36878
16272
9103
28073
13676
17923
5407
29348
38496
3024
20308
7815
10789
37973
27476
24620
9717
35899
22059
18345
30398
3901
11970
21466
14082
36335
33689
33503
33014
33490
32835
16724
5027
33159
23560
21100
14092
8033
12808
35084
4582
25005
27232
5755
16689
30638
38138
30804
11318
5968
35748
13735
19536
4640
26947
38811
16497
29185
24816
10974
2481
19391
26139
38483
13526
12629
1173
38949
26337
23776
34099
1530
13648
7652
20458
11940
28066
13465
25716
23804
22829
17430
3464
18276
36270
33186
18570
240
25314
25230
36782
37244
5209
29302
27606
27710
24903
24197
4163
9393
33112
22603
5760
8304
13992
32736
2756
4348
2672
29547
31665
2121
32550
33870
37310
34341
9273
6860
6462
3396
38982
20884
10141
11709
1128
30718
36912
14096
4307
21951
23503
36556
12288
38933
4470
33033
8916
24691
26986
1246
5145
6543
19097
14166
21138
33039
20291
31181
32674
6530
3157
4137
23217
10449
19256
5595
37144
28359
1655
10810
12511
10156
14859
28793
26706
22252
3409
16437
771
38448
21960
18001
29725
4921
16417
34715
9647
37518
22777
25865
35481
29375
38491
2309
17263
14292
19824
34255
29850
7580
1162
37841
3953
35936
15376
5030
28541
23624
37789
16844
26152
22040
1558
3251
24111
15951
21725
17398
34462
35052
21497
9329
37214
2372
9629
27769
10152
31259
33972
4683
4829
17473
37790
25606
14630
7934
10712
27614
2676
7128
8738
10505
7656
10214
29860
5917
27840
1754
24015
30479
17295
3507
37925
14985
33338
34752
37950
34012
35698
27569
5425
27714
24637
20581
4725
13114
14796
18249
19742
31234
10979
1400
14740
2087
20817
36352
3615
600
36663
15972
21233
10557
23739
17723
13810
1030
8001
23857
25996
36997
28403
20893
12892
26016
12485
14425
13037
26852
19181
3517
1155
37684
31656
16083
1517
9795
14162
30686
7755
13369
13924
30571
12096
20348
29751
21729
19169
33639
38830
16344
10869
38631
38422
24966
17841
30374
38454
15030
28812
3353
12402
22020
10999
37740
31375
23940
32726
29612
15066
24604
9128
28991
15240
9090
5268
32770
5102
1633
32684
35203
27837
6481
36710
13441
37131
20939
33403
31690
13628
21533
19128
10159
25694
24157
17683
11242
24894
14260
21176
18726
3541
24349
2628
24500
14458
1186
34959
7881
20012
3609
35524
24250
17069
8779
27780
35007
30944
1096
2390
18855
35304
25163
1171
33715
28654
37835
6257
1481
9971
22734
469
1410
10646
9949
16410
11051
15499
2360
16916
39061
38449
17043
34571
27191
10955
1789
31115
3399
26592
7743
16365
30680
32137
3139
21403
5026
13670
31771
22318
22408
11613
24906
17485
17266
17679
3868
22469
7005
13722
11627
1135
39011
7679
25700
2422
32666
28573
12917
25537
13349
12276
31240
7357
35812
23090
26381
9435
3933
25978
19236
4453
22986
3094
10089
27661
19604
68
31428
34110
28990
36069
33925
21245
27524
32561
6480
38660
33201
12488
16021
20553
37375
26339
5303
23384
18598
24205
17446
28704
36048
5622
35495
5184
25858
31558
319
16797
4157
7605
13322
718
21060
8764
13294
32455
34876
15236
20801
4991
8113
13505
33495
26774
3721
34374
913
32284
38757
4048
30160
18530
4169
34028
951
3373
20526
14623
16661
34222
10477
10238
34165
18753
18722
10510
26491
7926
36960
755
20745
32459
34507
259
614
28823
9858
13927
5700
3365
26942
28876
28082
38074
5598
3429
9966
8169
32962
31522
1834
3513
15574
38126
23032
32138
36291
1002
30907
24939
4408
31099
31947
4920
34041
7116
27854
33736
1670
32050
9508
18645
2991
33407
17136
14543
8832
20980
27129
6095
28121
25634
17006
30215
25213
33701
34989
6646
8918
29395
30508
14294
14794
5252
27901
17189
38067
10128
36480
13996
4211
2568
6784
26109
6347
10024
35186
16564
36992
14895
4294
2374
5166
26154
9973
35089
15911
36081
14115
21553
36007
38011
26713
9450
14302
11888
6603
9462
13752
31149
11803
12237
9701
30062
29925
30283
19858
36379
34372
13656
29299
25864
24756
1822
33067
35958
2323
36829
9444
10871
4344
1380
25936
2770
24731
18389
6294
24420
10507
20146
19821
13756
1433
10525
17079
24394
3378
26727
30497
31889
24435
8083
22101
12493
168
22566
9594
13066
2362
32105
11459
13864
34528
33094
3363
28130
33887
14421
4129
34702
24568
37118
37019
668
9813
12940
37681
21166
27128
38420
7977
6873
38112
2680
9710
10244
5282
28949
4345
9333
14711
13815
8640
2588
7914
22285
3285
35098
5451
1864
8175
32799
27982
14583
32055
35
36243
21789
21247
8399
28837
2984
26525
431
28269
13849
30159
19973
35197
25197
35241
29842
360
29386
3064
12630
5172
33827
20852
5693
819
30285
25594
16032
31531
26797
5445
34141
3383
29811
23457
33586
21300
14008
30202
34961
5861
19415
33889
31772
648
9820
35430
6981
30410
10472
28118
5318
35361
28852
15865
18378
32316
2251
10496
18908
27884
33911
38089
3506
27239
26626
38851
33509
16058
28681
5383
37597
37377
15473
35985
34207
9985
3183
11262
14810
29664
32858
11721
15291
25499
21051
36718
37326
21840
38014
6258
1706
20710
24701
32683
31546
6803
24013
35356
37279
12551
4669
5205
12500
17316
19114
27876
374
3691
37440
38396
2811
38578
24009
15080
35663
24456
22581
3446
2278
34260
5561
12887
38446
2638
35252
478
2471
2015
29376
983
16993
20108
27014
8904
28098
35506
5572
3653
36893
35761
13170
11332
28335
8549
38990
27180
11565
9412
10930
2207
24505
3956
19265
22124
34406
12631
6741
13459
33724
38156
32506
17768
8824
17402
21712
7748
34376
37323
31272
3510
12618
803
11066
33900
10942
35049
24129
26151
37779
15044
14850
38062
15388
17334
30149
12373
12498
39064
38267
21961
34307
33383
26783
22155
21803
30890
27813
38791
13005
24527
18134
7629
12977
25553
34256
5146
16045
12087
9877
12731
30568
21744
7769
1883
26048
9454
13593
13831
7596
12277
31728
7488
22537
2763
17558
23099
26131
13074
30156
9296
23268
667
14388
19216
15367
7359
25248
14024
33671
11599
34139
10177
22368
12850
38520
21535
13532
2506
18937
2351
4042
24070
4430
39002
12508
19226
38239
278
24968
9115
20528
11397
20164
14032
22158
18795
24647
3934
21251
9675
6323
30111
31352
8964
12031
908
25904
12026
18898
23641
34055
3544
13702
12254
27110
1511
19359
327
25820
34987
35496
15513
35037
9845
8247
5884
32305
20341
38810
18313
243
38247
39117
22833
20716
16847
25977
4849
18248
8545
11502
12787
25410
32862
36752
35854
7221
15472
30989
19929
2824
21308
37580
33332
26136
6936
29693
36285
34608
6335
3941
17233
13440
13375
7295
5819
14333
13048
5377
18082
13787
35303
33449
29052
8244
26988
18478
1347
16586
30909
13209
14397
5980
9377
8754
10071
25962
22929
20563
21829
32641
29595
12719
25408
32212
18343
18728
24946
35744
37834
25785
7014
25742
17257
36771
320
9833
20985
9542
9586
26322
36567
12526
10514
2741
9947
28891
35255
19891
23300
28609
10854
16850
15192
9983
33354
32585
26285
7653
31326
15104
15599
4250
34270
33997
27258
1169
14555
13987
20652
14975
7098
8028
5534
34730
17710
4003
15694
26781
14552
2639
15465
17450
36688
16065
14287
8485
17105
16119
37408
18088
35000
6522
34118
7786
35245
25727
14248
4383
9712
35343
27953
9036
3102
36751
6495
8604
1172
29937
35946
32215
36955
10906
33193
15131
4769
36205
16302
18081
18981
33642
14107
2053
23266
34924
10037
24953
20055
12776
8880
33232
25211
18226
16194
39094
20625
16070
34015
7300
1690
31223
5333
37635
110
6695
4459
22011
24802
1422
14871
25687
2804
5743
13370
16173
1513
21966
18072
38911
25363
5790
36593
34241
2126
9501
38717
2305
1093
26320
22594
7364
13939
22916
27602
934
4952
15582
2619
38221
14594
29275
6109
25558
37816
38371
29987
15135
27161
33371
23554
11230
21199
27757
4361
36670
36976
36357
2610
12757
26178
29134
5945
17152
7704
28588
6535
34850
23238
24901
13553
29380
20924
6315
37640
20010
25662
10285
18069
26963
35184
2069
25907
13694
11090
31171
29810
34751
28729
37712
4350
30373
30863
13514
16924
6128
16034
7118
21275
13269
6578
14176
27473
27571
24615
7909
10853
27679
4437
34363
22672
24498
9268
19339
2401
32005
29078
2319
30755
2138
30793
21156
32166
9225
27676
630
15000
25556
9836
37666
36133
12582
2002
61
21383
32358
21483
4428
27034
1917
35056
29841
26570
20471
6883
11003
6514
37631
4596
31410
13783
29316
26328
36972
38256
34345
12795
12898
11838
37200
25557
29836
13422
30516
34155
16854
12229
5677
9755
29262
8828
35179
13150
24333
23643
24210
26215
25231
24722
14705
6399
37794
8151
34159
14249
31718
11959
7490
5924
36813
23054
36916
864
28769
4671
9344
18346
35924
31053
12270
25206
32703
33922
26979
23757
17237
17675
28451
21903
12033
10644
16095
14789
30166
7569
25339
14057
31863
31036
11012
14524
21267
22521
14822
607
14674
21301
24326
15808
37826
38447
20321
13122
29968
8645
13685
28547
28551
13012
22017
2414
37853
32692
18857
35957
26764
4711
12181
34946
8
25869
38827
13646
1638
2112
29191
30407
443
23501
26314
38642
10220
36854
36168
33873
9757
15927
5529
22819
14749
20431
30914
8433
31709
19840
6080
30419
28076
22970
17341
11118
19213
7948
3595
20472
39036
37530
20327
2458
14068
29832
20624
19571
21123
36625
32518
30595
28374
13373
20983
21293
33998
18154
24611
34393
29496
26092
26641
37359
26344
4448
38823
28027
25895
6217
13703
38553
8168
5616
4554
28575
37760
9182
34252
38695
35193
400
37243
36873
24885
15208
3359
14797
8603
14121
21638
3217
31303
6358
23148
32010
12484
19547
444
34422
4193
15439
14182
14227
34253
3985
22818
21438
9025
36109
36441
12634
39116
22033
20576
14281
38936
18279
2454
38532
13377
34208
5232
12389
33294
1893
1609
29918
27927
6254
29976
14101
18376
6459
14283
16877
17875
11879
18968
34682
10077
11359
12443
4979
13576
27417
23157
8502
8774
1685
19024
21634
7232
20591
575
943
753
1282
101
12907
550
37129
4374
38493
15259
36059
36909
33533
32857
13277
34820
33787
35657
7270
25027
20950
32941
7406
37422
10681
25840
16205
34068
9181
37817
9439
16324
6456
11840
20042
21451
29340
11121
37959
23597
19790
2845
18146
17567
19172
30258
27587
8510
3345
11114
6587
13356
28710
31712
6919
35603
13823
14484
2023
7076
20725
5889
27456
18137
18188
21757
12810
21573
6835
17829
18804
5678
25764
3789
20433
31905
28357
26087
474
27756
1090
6756
26262
12290
12595
28984
33950
1134
30331
10240
2883
18328
17785
287
5847
34597
10228
37913
21845
1023
29591
12893
10313
33041
7451
9551
25466
9
10191
30403
15590
4789
15588
35026
29695
10962
1890
37598
23301
10596
19199
18589
25841
6234
11511
26606
36128
26494
23811
35551
11204
11390
27520
35297
1649
27615
38744
3249
25527
27567
16266
21809
5079
22574
19384
32598
16198
10334
11187
31962
35369
38343
33996
1425
30992
15070
32168
217
19524
22874
27278
15532
35755
17662
15196
28747
26802
24560
30221
33136
9275
19508
9807
20103
10062
17383
35544
22511
5491
15843
23607
19194
30074
38793
33524
26329
35934
30019
24047
35395
18070
20814
25867
24566
32525
29285
29881
29289
20886
35578
22430
12401
12103
7617
22870
2717
27327
26415
4946
25871
25930
7242
27820
33883
28809
16311
21754
26331
25102
37050
18176
25656
29301
10823
9705
10452
26047
30271
4586
16615
25925
1575
34340
14218
6502
19294
19820
20516
5922
4940
22974
28613
12411
28360
34758
8226
15112
9505
18391
22374
34365
39069
35814
13267
22750
26416
30201
33676
39112
33343
31215
17245
32379
15345
25252
30366
16355
27365
23769
5892
28207
8733
20264
3153
38609
32304
13875
35010
24027
19455
32026
37907
26184
15423
23478
33312
29873
6671
26097
22376
11236
1677
3284
19574
36523
37451
37875
13982
26810
19800
25101
24516
38002
19864
26971
16394
4973
21560
15339
28392
12092
6046
7590
30898
33582
3339
6742
24624
34080
19367
33322
23101
4668
842
34725
38967
23581
14065
25361
3959
12754
6693
15085
6430
36540
24855
6504
33372
8675
13381
32968
9602
8063
24969
931
20076
6356
31110
21780
6279
25416
35640
31785
33138
662
35732
30828
31445
32656
28035
22434
9652
7065
4812
9379
6385
10537
4132
7176
10568
7522
487
28296
22141
24930
16082
8636
13280
36583
39082
28752
19245
16509
33999
7574
29282
15821
30049
21623
13535
914
20851
23785
29486
20362
27896
254
3614
10429
14426
29428
17859
26808
27745
21322
11638
27247
10129
8894
2299
4358
29490
1249
29972
20761
27842
9512
13442
11123
15589
21486
2517
23153
38579
38718
28114
18714
38728
28072
12452
16698
10928
22702
19504
23844
36221
390
28631
18566
2237
12097
6057
22144
20589
26818
24001
29413
17726
1114
14111
7723
16338
14753
35154
16913
29069
22816
15238
20536
94
25303
6407
14798
11713
12241
17888
30393
5180
5382
7541
10809
29540
27509
4209
34423
29230
16096
4809
9893
33640
9366
4302
20250
10395
32454
8478
27179
16762
16812
29271
21069
20686
1419
18506
21120
33944
10599
18338
743
3487
3919
17113
27995
31203
30001
7825
4097
22173
17614
37749
5512
720
26427
31623
21045
16790
36444
29859
11593
11760
2604
14883
9581
33290
32631
23169
28751
19794
29659
11654
916
20749
3905
31841
36468
30512
24273
7450
33013
5077
18709
3271
33634
15356
6932
34411
1572
35538
35546
15276
3472
5609
11920
21035
3599
14299
20119
14632
33350
33222
32250
36238
35503
4558
7164
25158
7880
11356
27201
27263
20468
5441
30951
10169
654
22681
11310
23298
20551
25721
3012
23236
37348
9573
6082
2201
34847
14417
15664
36117
20758
22326
33714
35340
22757
20509
10161
36401
7524
12627
28137
7584
7851
33770
5320
22514
29270
8030
10920
24821
4051
3027
7691
3935
33774
298
1713
13674
21255
2775
26605
6020
29466
32944
28472
22518
28043
24782
23241
11316
23842
9649
37993
28282
31803
7781
30916
1662
17081
23490
29465
12228
17540
38355
1009
13212
19284
20810
8131
28243
8652
26199
31970
1122
25565
1334
12847
9030
20887
22493
8045
23073
13448
12489
25489
10388
15807
20369
2919
19544
25752
17525
1153
35271
33869
6590
21832
26399
9335
13529
13137
27819
22903
1290
25246
19933
3947
12021
13380
8989
13100
19201
17927
30875
11814
3061
10714
9500
31094
24598
8008
1474
3606
35752
35978
32303
10430
24237
20062
33589
2566
25809
3984
33891
18707
35299
20982
28716
6259
28110
35195
15169
34360
9930
7957
8252
20919
18585
10458
10343
20359
28546
12332
38122
5827
31875
6690
32629
23572
3693
7247
7578
7856
3617
28870
34778
32034
21946
13595
37467
11947
1600
1627
9137
21468
38437
5735
10183
16986
33395
13279
862
16819
14437
6492
38296
24426
35497
30574
19695
128
23198
27160
27182
6010
195
36547
12486
23718
4896
19318
21485
34625
9875
24298
25095
11633
36708
28
23474
11740
38311
24787
4139
16527
36466
10817
5648
35002
37481
27197
629
38775
18696
36748
33414
20952
11929
7624
30630
30096
5290
34674
38581
20232
13224
5370
35285
38938
34198
31178
26003
15796
21135
9327
3337
33606
34606
19158
7384
704
35099
4688
24530
28724
4131
25239
30601
8389
1803
30495
32552
33858
24548
25075
29710
32301
37909
18778
17471
1577
15714
32813
10665
2674
33034
15392
31719
28946
15336
17803
29042
29556
15853
18756
5090
9514
35844
26095
15616
5999
8104
38215
6140
30121
19102
15372
35217
22612
10815
5781
29658
6470
38001
19376
26919
31450
8593
34351
16402
33363
28675
39077
7467
23544
11355
6366
25057
33918
9291
35427
28725
19994
20419
7023
4435
28841
30703
36033
37800
33065
34305
24879
31481
9336
15910
12616
37608
15607
14020
36642
11195
30586
7274
32842
8544
18523
27933
19418
32283
17116
22693
30401
19224
1427
17696
2273
1672
32246
3362
15661
23571
10571
27142
34656
25025
22556
26393
36661
25719
13817
7677
32536
7058
12470
4533
2585
15746
35043
7631
33550
8077
537
10389
6101
35767
37555
23021
27338
22855
25647
4893
6300
24884
37831
3497
14748
701
30162
26769
25364
5234
17562
3816
22944
19977
2403
26631
7002
22895
24998
33768
29633
16575
26138
36229
27217
7455
6821
18782
19778
22863
18521
4394
12922
28295
6772
10657
21722
18199
10684
4375
8000
26776
11995
32608
28662
14860
26242
3494
11983
7695
11562
17329
7868
4016
30608
23439
2607
14021
31540
5973
14590
19258
4705
19703
13365
3096
25506
25069
7701
38614
23968
35121
13163
6235
18403
14833
30462
35788
32334
24156
4822
35509
9465
28544
9451
29601
17910
23787
28120
6273
30480
5845
35677
17272
23158
13802
30684
32961
15374
15749
34093
28404
74
36284
14586
12519
15181
37048
11893
5110
31469
32772
30789
7387
7581
3248
8079
7527
5941
10493
14213
12974
8491
18802
10812
13194
14031
11696
18375
12318
21110
38890
8924
12535
15355
37380
10436
18601
27454
35951
20695
35903
14709
28044
17344
39081
20635
6567
34945
24608
19304
12248
24201
35884
13390
14468
15474
37058
12661
4801
25156
28791
18730
690
2473
2371
9386
20015
19517
1039
7030
9018
26268
25277
21641
28412
37341
13288
30960
33523
28803
16385
16814
16422
4629
26341
21883
32663
15644
9827
35191
129
32382
28869
30028
2876
24287
7339
33839
37085
33564
29043
32355
27321
23762
17247
3404
35051
16955
23267
28564
735
23307
19741
33266
37389
10455
19421
21636
33333
18901
25943
27828
2673
23816
15050
13900
13669
23667
35913
17808
22107
7349
2466
34378
28517
1644
15040
25148
18170
4515
8748
20554
33462
34781
29495
37812
10921
7185
20582
31972
32160
25576
11644
25367
14377
19305
13744
16391
10708
28420
24725
21796
17991
34104
9093
13276
26231
31584
20825
3259
6448
34506
24915
24580
25501
21307
38117
22698
10239
8524
25942
13698
17952
11748
36065
38289
34002
21324
16603
16094
25691
36356
20671
28279
1776
9547
11279
31837
26192
1959
26958
34824
27549
24223
16209
20444
12549
14523
18637
36499
37935
18582
12005
37388
10549
14707
25872
17521
31139
21741
30889
27059
10940
38630
38414
8310
20281
34983
21086
23959
29105
19179
19998
37894
2355
833
1525
32673
2789
12173
35888
18017
31116
11172
14887
2240
22062
19196
8512
5366
9052
3757
25738
11673
32555
35164
6369
17236
34776
13297
11105
4604
8921
36639
27147
16704
9087
30616
8081
27026
6183
34835
14602
14369
18443
6940
13840
31568
10440
16997
38106
28112
8496
7462
18918
10312
20376
25568
10279
36544
36370
30119
19292
22789
35762
19069
17970
16351
30272
31002
19833
31376
36857
31103
23365
10937
28133
20655
28701
10304
16037
1021
21746
437
9010
15670
10941
10095
37385
6230
35682
14187
31177
5593
34633
6768
15502
30472
37433
13618
24472
14939
19255
3910
33170
3152
9868
7678
26660
20781
26266
22411
10756
37464
15557
33943
17826
38925
29164
32144
2953
18695
1284
19850
25417
31486
12966
7620
14013
87
3938
33295
37435
33113
16223
18231
10273
38683
16561
23190
17490
18954
5260
21662
36810
34719
14809
17736
7159
16174
19662
33863
6181
21646
38427
21075
3214
4349
22415
5639
16125
38152
13755
34753
31832
34557
9631
34664
19837
23924
10585
3505
18594
29107
5024
33773
29343
19729
20185
2520
35947
32309
31611
38818
10338
8278
5859
25590
37512
32198
35776
22134
2136
31138
23716
28524
26464
18191
29924
2056
34841
16207
37177
29482
7229
33412
16787
21760
5972
22026
17852
9000
11182
27764
347
11854
3238
31054
37998
38333
18586
33618
6113
3130
6737
8974
33346
25289
6624
27254
12592
10353
15996
32593
28326
9148
12896
25806
32420
35549
28898
34349
29171
39104
10874
36024
7136
31941
28899
5599
31082
21558
2929
33835
1487
24303
30754
1989
2496
28452
30783
6823
1430
14682
18024
27310
31550
34335
35317
33057
30657
30777
13055
19276
31660
4959
1210
4341
6850
39059
11208
3400
30526
2656
18990
7697
36413
18300
16665
4974
18214
8286
17278
32145
5825
7938
25944
35512
38657
38407
15784
24442
13346
30900
18185
23290
1710
8771
27765
6276
23208
24574
27792
33459
4992
8551
15089
23909
9590
9916
33939
37307
15274
27906
9802
12099
36656
20122
2812
29554
14393
18938
4280
11063
34804
4031
18816
28064
34736
20223
35133
9133
23706
36131
29475
29006
32414
21252
18505
4963
30175
10788
12239
2083
2719
17128
6249
6951
25825
6841
15929
9834
17289
17546
38847
14775
7480
34185
20111
33438
10460
11396
17068
39066
30897
13436
38202
22994
1040
32648
38310
30518
15837
35225
1876
19393
3948
32261
13636
1214
38615
10539
16974
11069
25891
23662
14219
11446
17787
15503
6607
5855
3512
