24205
14366
30441
11473
34373
12302
4831
38933
12198
4293
24971
30073
10980
2977
32890
35499
12679
17042
11903
21512
7357
8852
30847
8750
35746
28593
5299
12544
3174
22957
305
24590
16603
33853
6377
27840
5467
29133
33169
6885
541
17305
26798
15968
36759
24543
5824
34054
8543
10124
8093
22056
9117
3896
28902
4120
26604
38170
36513
17239
26622
33874
25569
30046
4104
9172
23854
11591
20646
23474
17174
29131
3684
26928
33021
6509
20519
35826
32257
36855
28614
12207
30688
5166
27996
14259
13566
3379
28791
2810
36359
4837
7374
5237
26307
123
30863
34271
12660
32007
1338
34280
20908
37959
2606
1896
17833
13021
18454
26934
4588
33845
17965
13020
30051
17536
3475
30677
13682
13580
2581
7494
11802
25306
28045
36722
9297
8943
24027
5404
37692
9096
31131
14297
14465
37791
10660
14877
35830
2359
2846
37535
35500
21744
31548
12400
13245
19465
8266
6085
27618
3467
15998
7290
14434
35560
27649
16801
26567
18449
3202
16754
28026
16128
36370
14902
4766
37501
18952
2593
16919
34893
16304
29752
31419
2098
2766
33439
4235
29056
8061
22531
3637
30313
2023
27311
7680
27794
29701
19757
1872
33524
35375
29819
35159
33221
26010
27752
38653
5199
8590
16683
30450
9769
13321
11864
31993
20776
15235
2970
36557
19287
10626
27296
11039
33383
21839
25766
11011
1208
32676
27828
13157
33568
16108
16799
29503
36101
9877
6621
5402
5517
15635
34324
27171
7489
13774
18098
28549
9486
36974
15777
13791
4749
32583
6753
23735
12075
35864
27760
3686
10119
8691
27439
15605
33203
36823
5120
18519
2964
21443
21776
35157
36306
19452
33037
35082
34387
6444
806
32437
31249
28839
33303
20414
792
7967
36160
31900
27128
19791
22197
10884
21904
26733
29174
32288
36627
27001
3972
36009
5993
3360
22991
4508
8953
38003
25768
31987
38062
27991
12545
15907
26704
28247
16538
30772
918
22041
21751
32199
14447
9025
1098
20892
21852
27486
35574
4787
2820
30206
15949
30274
22281
15842
7943
9207
15649
36229
13810
14576
29450
22033
20704
31406
30742
22037
14098
12145
1359
18607
17820
5953
27903
34134
21124
28177
10657
27626
18439
28511
38395
37028
2211
22367
6832
24301
25333
13523
916
22831
10388
2516
10054
8516
16424
33076
32204
11466
38535
28689
15488
15217
16613
21994
38683
21401
36266
35981
12310
7087
9679
37101
27139
28377
6
33567
13939
36485
27413
1498
19598
33447
30033
3186
13034
19160
27217
27147
23661
38166
1581
32754
8160
19158
28680
34254
10209
19125
10204
24479
23053
31853
17540
31676
35048
7571
31571
8632
2984
32739
23202
25427
7444
31576
26879
12931
28021
23731
36636
38689
27919
9586
32357
18408
24300
28480
24822
20627
16378
2128
10577
8169
34500
14135
31684
6824
31752
27771
20211
2664
20100
19927
24952
21596
2796
32919
35297
13620
33120
22913
35983
28087
20048
22320
22383
24919
23114
32415
2433
17986
350
10665
24710
26726
17423
20785
38442
10754
23264
35267
27089
11760
20021
2624
9468
26825
4606
25068
3661
38378
31253
23190
1815
31183
22723
10941
15470
12955
11062
1303
24641
33065
36319
7614
20533
2142
2303
26391
13679
19136
17223
24218
31586
1871
34882
30655
27704
34577
22446
29365
10791
18992
24560
31348
13984
12031
35672
6647
5300
4721
6267
10859
957
14823
35332
3834
965
8020
38251
13223
9811
1292
34515
28506
34505
8154
5675
12910
25898
5646
3897
9473
36569
3832
35618
870
8797
35024
37355
12957
16796
9406
13224
37107
30136
32646
12054
39006
14017
3563
16125
27356
29536
23362
26766
11942
35855
19042
36971
14765
33662
24461
15905
5737
30856
22970
38550
24104
35849
2507
4036
35527
6054
673
22373
4369
19385
20996
32804
35268
2306
32624
13002
3599
20795
26930
18604
8652
15908
37602
28888
10662
21775
11928
21732
24410
28411
4608
21842
3839
28604
36875
28007
639
35384
16226
5165
2675
10381
23699
36629
24248
19622
37124
24869
26003
18732
15039
21464
17093
31341
29230
1271
22703
12504
33694
15129
29535
16912
25003
24792
7095
6605
6892
4064
25835
31112
22049
22713
18863
38363
10345
3480
16686
13883
14947
16879
1637
21167
38223
720
37551
18132
12830
954
13769
33604
35374
1505
18930
9510
27423
13357
25621
13973
16825
15352
13857
35249
22186
14690
37965
9112
12892
33693
5118
20274
5095
10480
7712
27380
38376
17214
34595
11259
7074
8929
36989
6840
33503
21057
26869
33005
38324
34940
35396
38330
31799
32653
27711
4332
17311
26673
14940
35664
15835
5955
13452
22494
13434
3429
9048
13148
16502
1657
8843
10491
8434
28980
19355
37895
31851
28104
3231
23509
234
18656
20843
9975
2860
14279
18245
1504
14767
17077
25201
52
37679
31720
2002
37564
3315
14829
11047
2481
32335
30795
786
36406
12652
36193
32840
9275
20598
10218
30909
22649
3675
30412
38646
21064
14546
6557
20539
18551
13573
14714
28147
5823
29271
6960
11313
15410
20898
25770
11186
4103
609
11603
20688
31361
35593
36561
16288
21581
17681
4815
10527
3489
36156
14968
21675
35034
18045
772
31465
20960
18311
17229
11877
974
13825
6794
34408
19251
11774
7108
3284
38361
39084
22967
19775
4877
7406
21198
10821
37977
24460
1252
2948
20787
35814
2637
33261
9210
4590
31339
36612
9013
9847
19743
1005
17469
37544
36232
11776
36076
27480
25533
13260
16547
14537
20859
22848
23617
27815
20328
28371
973
36010
9634
2841
24338
24269
5111
7396
17157
25952
35229
7178
31385
19189
15307
694
4177
23107
999
24663
5842
36874
10948
34653
32035
4450
21404
19761
10296
10567
10383
24161
24299
17569
4603
2633
7989
9725
11424
24702
15228
16329
548
10938
27621
36036
31375
31142
22374
25653
7143
26815
9696
36432
4058
10043
20760
38422
27842
19918
32893
35152
30395
37357
17970
30381
4540
36768
37744
18118
32607
12448
3218
30445
15568
35280
35928
14771
38731
38697
24477
35075
36201
23302
13003
18354
10756
19529
29519
7533
34660
7467
16503
8295
13700
1164
13158
3488
14294
20312
35958
25721
33284
18522
6126
4604
20651
22823
30696
22199
24267
38751
36107
8884
14892
23523
10256
35662
15
14583
10950
32983
32045
28281
14243
38300
25744
23582
19822
9456
36043
36040
9745
26104
32766
37629
37983
11048
4258
10627
35401
19193
39003
13540
7228
21870
26741
1916
32761
12085
24140
23162
5531
23354
3374
17112
32139
12684
11946
14309
10285
20666
22568
10419
26717
17413
23193
19886
21932
26664
1023
1678
1105
1135
32036
17565
28211
26787
24813
34523
18239
18007
6378
1339
32927
36699
3524
22437
12994
3740
36867
23213
16249
1165
11442
34873
3965
22265
25691
25397
6356
7332
6662
27241
117
9110
6178
2110
28684
12446
22163
14252
17551
16453
35373
16969
17014
4904
20286
2552
26984
28518
7381
19586
16024
36116
38058
14562
1885
2621
3169
9916
17703
10373
5608
13208
24012
8314
36820
17278
15829
11044
4169
11955
5703
34751
5382
13617
29665
7678
9265
12911
4702
11111
34800
31248
7063
8148
9880
36882
9528
5981
16037
12297
25817
8087
38995
12838
21573
33246
35392
2720
21861
30825
23263
13015
11321
9794
24063
27846
21640
11193
16239
36502
8480
33672
35413
14970
5
18107
31996
26947
14155
747
12176
19207
35565
15390
408
38840
36782
16308
6146
14349
3021
30893
10354
27329
35097
25409
32299
24172
22361
29332
29984
33904
564
5851
5157
36704
18963
25895
35385
38857
19701
16600
19579
23860
5325
994
26298
3081
18699
25626
17057
21822
36428
16147
22540
3258
19382
33705
8062
13009
22890
22785
2374
51
7897
21707
16038
22286
5253
33170
21402
7677
31040
12983
26119
12423
21394
17431
7099
29324
3844
21459
2111
11718
17716
7462
7921
37620
9092
22864
38657
21917
9590
21561
17650
29073
14798
19733
9632
37182
7719
23824
11555
25656
20807
29201
32469
18721
27834
5999
31147
10114
10588
12475
20317
10284
27600
9885
37948
2410
6914
523
29006
27793
14697
27268
8432
28987
16909
1285
15899
28089
32552
26160
20088
17628
8176
34218
31170
4085
8449
2749
14429
1894
34267
30348
37729
30574
31622
6313
20395
18883
29605
1720
28510
3265
11483
36947
17169
12837
25361
37181
9591
9268
2731
38923
11916
30352
33349
8064
32605
2443
30593
17789
25205
31317
17908
23188
21331
17153
32568
16366
3508
22018
28010
13081
11730
2261
5063
35053
37623
38536
31494
8058
38429
37900
900
18739
21015
31531
27602
25139
8737
16456
34783
29724
21485
13955
23679
9057
29304
37667
35167
15897
17754
11266
32577
480
22667
22962
15011
39044
33313
19281
15400
21348
16869
17640
24428
10502
6834
1544
4343
22601
14719
7361
16449
19686
20236
37175
20798
38312
26876
32461
17039
9132
28355
29425
24017
7283
19545
9414
19199
23068
36988
29298
3434
11337
38040
28379
29547
33357
33180
10208
26725
30753
29031
4425
35554
20024
1560
22625
30296
13327
32637
21193
14619
38253
6294
16110
35106
11144
36654
35744
13903
38753
34971
18768
31565
4705
32456
18759
149
26782
15496
35104
7166
20463
14224
17473
10225
6187
20629
3110
9932
36591
12819
19422
17367
25438
31379
255
33217
10248
33800
29553
24259
18822
19373
27691
6961
38631
25725
8044
11156
24600
13800
35307
34664
1923
7751
23436
11547
12364
19909
21309
7869
11533
30706
641
29189
37485
23875
34270
18738
25651
19337
33805
19862
7060
6193
31523
34627
32520
27090
24109
15533
11795
18356
22474
36651
3481
31677
19444
12539
11575
34466
21357
26036
4854
13333
11508
24384
38722
37901
32247
27143
7902
26776
25806
20045
13797
19721
17649
38097
23222
10646
12335
31554
27144
34186
213
8636
35544
10330
36667
2482
4166
32124
16576
7057
24730
14145
27216
16968
30932
15174
30737
35553
17915
9080
31378
3451
12509
38322
12956
28859
18504
28818
11836
38164
17412
3259
2437
5977
28111
9911
5917
10771
33512
23560
23283
36756
14865
3849
21578
6202
26217
20298
14551
33772
16331
35217
15820
16281
14359
9631
9867
3732
23976
29454
153
23527
15057
2379
12536
1106
33678
24567
30608
18403
28986
16790
30080
19707
19473
4126
20884
36841
27890
9341
6657
10559
13378
34171
19041
21254
7450
9845
18750
21027
32911
22762
28176
17872
36221
32404
34109
2453
32765
20657
1491
30459
10233
37283
1246
12180
35070
7743
634
27713
23340
25062
8350
17460
19568
14664
6243
22185
35949
7284
35256
7896
37606
18144
34311
22953
37446
22612
1159
16075
26208
7169
31284
24848
5288
5252
29989
15254
1483
21691
16270
29269
9778
19963
23788
26774
6153
38558
17917
26951
16362
36679
7749
27720
32444
36382
5298
38332
233
24836
14379
12573
4180
27520
1346
18352
6898
10128
15385
21194
26586
32120
25196
33151
872
24570
2408
9126
24152
24400
21134
22557
30549
33025
30587
23544
22205
5567
29459
16033
31141
17714
31033
37462
31897
26939
20456
16384
13568
37830
33224
6884
6760
19436
30014
5266
29347
37291
3964
2635
1526
33681
12058
25812
32334
27150
7775
1951
27491
17599
19179
25574
19506
33806
14563
11838
18088
32065
31501
35706
17354
32152
2630
10543
21490
20951
27232
10262
4932
22824
1134
11458
29346
34393
32317
30436
20626
10557
17953
5308
35037
4312
32658
10606
23893
27076
4772
37731
25538
35301
13180
37711
10776
156
32449
22652
7686
9124
4488
21335
16040
19231
28786
19704
37037
29682
4040
9610
8483
35143
34252
15055
25473
31817
27524
10435
28190
6221
30205
17159
23489
20893
13110
14257
1903
37153
18427
21180
30370
19942
18701
12879
26824
14597
38490
20600
28139
19916
34955
998
4289
26932
27719
17844
24330
27777
23473
33499
4082
5414
27591
7641
2473
9515
30016
26803
14142
26568
16344
15655
25630
8363
8638
32931
15265
8790
16283
35501
22467
36890
170
11105
28068
29846
36360
11332
3818
6932
21595
37029
5943
16745
26807
7136
11076
19654
25238
5965
10380
23898
30698
27946
34125
16653
34440
8696
4653
8280
13542
2928
24135
16937
23358
25667
32432
978
26095
33533
25796
23460
13444
22500
3713
24515
18337
3685
31184
11934
9741
32815
10965
25887
26838
23918
18033
3656
36149
77
34305
20393
23248
28280
25286
37370
9786
12941
18102
37944
31163
1863
4378
33356
21997
332
18980
5062
9300
25823
14578
6373
18055
9444
14103
26674
35910
13688
8464
6770
14506
17186
20779
4105
18139
12037
26261
30284
3631
16668
11431
36468
17759
13895
32289
2485
7064
831
30671
12895
20536
14839
37347
32182
30958
10974
33016
24898
28446
460
2571
12036
34965
16992
32626
31916
32674
12008
5446
21864
10740
18040
30089
26880
21474
16421
34476
13156
17440
32857
16522
23089
6275
37906
14355
21450
1187
28291
10178
29637
3109
24128
18843
3837
25280
38716
36166
33731
31819
18087
12942
36052
35483
20334
21610
9114
24353
15818
38430
20426
8862
1330
38698
7004
8767
240
6348
19307
28024
26476
9472
17874
2866
10755
29737
28244
27170
35990
31725
22925
37838
26817
31075
717
25751
16347
5772
24395
17191
15558
7457
17845
27119
17000
18279
31335
7653
5106
25310
27788
20347
3514
22233
5254
17028
30130
1013
15938
26837
13177
17301
4627
34446
26872
16786
23928
17823
12338
26483
16436
34785
11687
21146
29432
12893
38319
6734
36062
24189
15360
36217
34775
10688
25429
4006
25089
9660
31780
30322
20169
15198
13129
725
32044
1844
38172
9800
38055
11255
33019
1380
3397
6073
28816
30684
4725
8733
21708
22283
37929
9427
7463
29900
10221
12818
32820
13904
9225
32418
23240
35837
1971
38891
11781
27745
30214
5756
36216
15262
7147
15005
34699
5930
30069
24311
3007
27059
21669
18014
16183
30237
6478
92
22741
6735
10129
26873
9609
38539
24492
13801
1994
32997
34926
8396
7049
11446
25595
18742
37796
32320
8625
25007
20692
14917
37507
2249
26020
27222
37697
7016
2638
13809
8311
25125
31275
518
28349
21624
24303
28539
17302
22647
24397
10995
395
23994
12462
3091
642
38638
9134
13905
8086
32722
13720
24062
25346
36609
33622
25507
26767
6250
5876
23793
16701
15324
28663
25991
23245
12979
9193
26236
13677
13891
25539
13615
12412
11010
21885
36111
24074
4821
11234
32040
27158
24891
3157
19811
23650
14519
4660
37792
38972
1277
22593
19497
18072
29723
10311
8949
27989
36224
5571
16019
4612
35798
36992
24463
34568
20720
32554
25482
6963
27309
1186
22382
27277
12866
20108
32450
24795
19103
8181
8710
19925
31614
1400
33051
34425
9064
24396
21501
14029
9471
8375
13826
29001
8107
30957
20106
36325
2439
3658
3163
20316
17837
38320
5820
29429
23326
26557
22734
37456
15069
7592
5100
37275
10471
12939
22699
33628
13590
14228
35407
30961
9362
10172
12276
8382
13178
25602
4697
2131
907
14095
13867
20378
5719
20040
24407
35522
19325
12389
30171
38856
36022
26719
33332
36774
19724
29559
4915
21654
8425
3814
33477
11149
21652
34015
21471
29530
32322
22874
23446
20804
25994
38052
20117
14622
33966
30653
34698
27511
20904
20417
13221
32114
18254
23408
35018
800
13495
33870
37083
6569
34159
16536
39103
20974
17733
11480
16574
21353
30325
4134
2030
13624
7403
4833
1016
16433
20751
33793
8539
33155
10630
34182
6950
18147
4240
38855
35076
7429
9507
26268
36179
16397
8308
630
32237
8040
29733
35868
35979
38595
20134
8309
2253
15720
31636
35872
1583
4970
21420
16744
24637
22685
18344
4911
14428
13455
14208
32572
34410
5881
6978
15555
271
38495
30264
29630
20796
25076
18011
2517
15973
32938
21934
18679
38524
32546
12163
14033
14620
17969
16134
10966
20213
35976
25608
7520
8001
23593
20668
6930
4176
14436
18566
33424
4127
25360
19563
17100
2904
884
31906
7644
18037
9910
2531
23992
7531
16632
1501
7103
13196
15116
27648
2890
34295
35857
30578
16957
17800
5521
6009
5973
36452
32834
21486
15732
26248
5067
30204
17997
4867
31854
21266
7279
14626
8226
1410
23097
4571
7149
25893
36810
14068
33320
30112
20474
28441
15873
2597
7121
9462
1986
23135
14056
33624
4513
37758
24842
17909
25525
22031
15734
7761
15071
22636
35841
36532
17135
32601
13197
38920
10739
103
25077
34398
1313
35232
30140
31068
23576
13022
6987
14089
30224
29644
26532
10062
17880
4497
36714
32673
29098
30076
12633
389
34786
35178
8781
36170
24350
10392
35116
17871
35819
7576
19255
39117
37169
38721
32733
36274
31043
35930
16052
36059
17181
14204
6839
8211
18194
35493
36195
1403
25028
5860
26575
6749
24110
10092
38568
28095
2337
18543
27584
9130
32822
4184
36516
9214
20718
39076
1795
33895
25269
21827
6167
22413
13080
35004
14746
7331
37207
29069
30437
37889
19873
36453
12642
6979
22923
14713
29943
23569
15123
12082
6281
6379
22659
14585
35589
26340
13541
14282
34639
25183
27093
7254
12962
37033
13564
32523
17178
30411
2628
9076
23784
1997
24383
33235
18269
3809
13627
25339
369
29495
25011
7980
4253
2297
7510
13266
31699
30700
22687
2050
370
34540
1592
7748
35353
34286
35236
21234
17950
38167
2999
7498
21019
22807
10958
12227
25375
16111
7346
6688
6604
20333
30947
7823
29110
23149
22574
7981
32903
34927
24648
19617
26266
31792
684
9903
2448
2104
18384
35477
10485
37812
19848
28783
3487
30090
16805
23908
31350
37673
16519
4462
9323
12411
12721
27813
32326
13947
38708
2671
28392
37049
29623
3017
31398
9428
20975
22436
35313
10280
11685
29236
25289
22273
27460
21265
17011
29002
10722
10159
2120
9480
18328
22460
17290
30464
16330
30983
5070
1846
5978
455
32703
1461
14251
15166
28945
35127
25782
22566
2044
33722
30007
30146
14310
35650
1117
13828
9351
16266
37475
16910
20462
7473
1883
5846
9178
37824
12429
26740
8304
1823
31837
21984
20990
28757
22211
16184
26829
22080
5142
5786
12436
6866
4826
19758
24376
21968
28348
14076
27614
12206
19059
37781
21385
30154
25233
38843
8187
4746
28787
28243
11417
33309
12306
16762
11766
31953
38993
5258
3899
18323
5134
16633
24143
10877
21125
38483
25258
10736
35021
9326
12746
24838
3883
25612
38556
28162
35927
38649
4032
8724
22817
39108
36280
6851
22539
19845
10417
33892
27592
24986
7456
31299
17677
34065
3418
29730
26221
33580
14581
1851
2233
27487
30356
7968
19406
8731
5314
17438
13412
10902
10073
19917
3560
6823
712
9939
17858
31558
4957
12486
33920
13574
17776
19711
36507
38029
28610
4644
29081
780
724
27768
3862
1806
21710
14325
36686
22497
17836
1427
10953
23270
16610
21942
29974
3820
34102
9358
32569
25553
1992
7826
16521
15953
16451
22577
37019
29000
19079
19243
26761
18074
31740
11538
2296
37416
12344
16953
2094
8948
26739
24705
1734
17116
18644
22108
10353
28312
10059
10451
1248
6018
5280
30239
33732
19293
31997
8450
3698
27770
26326
5924
18385
8753
23842
36817
6562
28078
12195
17911
12598
3535
29190
15320
36961
23981
11000
31921
24227
16435
15148
20372
31544
2735
26269
36745
5204
39032
29918
3366
15402
29026
30883
28443
36158
4063
16830
30821
14496
14965
277
1836
7315
15461
17527
14786
8934
19958
20146
25254
748
36542
8999
16850
29765
21262
23974
11684
20663
6409
27072
29633
25475
9493
17271
34630
19608
9536
22400
28653
35295
16074
12044
14221
15066
35321
12543
34560
14794
5724
9152
19010
8994
21162
3819
85
3534
15975
10026
22768
4147
34836
15502
26992
11060
33833
843
5270
30776
23583
29619
7334
13652
2321
22190
25022
27856
14364
9363
14004
10422
26835
7461
32644
32215
15790
11456
24016
4228
1570
5996
34211
30141
8717
33036
6952
24099
14217
23093
22458
36544
15172
38901
12300
31226
23456
16935
36511
36197
18827
10081
30659
105
12864
34097
19911
38791
37200
33420
34772
10414
38371
34484
30328
37364
12416
27086
14517
32998
30971
16155
17983
28696
2356
12689
3274
32692
9131
2690
32056
9111
13365
14378
10020
36089
8288
13509
22341
109
10526
29719
22453
3105
38448
10468
27226
18740
33707
8477
34538
12606
22832
14905
8186
4679
249
22486
17787
6051
31898
22714
21460
27891
26571
9
14244
38341
7884
753
1109
34000
38893
38644
18420
7728
16480
19525
9497
14566
25135
5025
18431
18195
7862
17895
30258
9837
9401
11069
27259
27161
19755
17154
31036
11172
35885
17320
24083
34317
26321
17280
7093
34611
11201
23370
37010
16873
30910
24159
14655
18009
23160
26606
4601
1040
8867
3940
11668
33131
2203
10170
9801
20385
31504
5462
5323
38692
23441
2755
15872
32453
33821
187
16122
20415
30936
32369
3633
29560
38703
23170
2843
31542
23584
16367
5409
14531
37685
1214
32939
15295
5439
31310
26463
24359
38096
18128
32333
18573
21152
36647
19299
22552
38393
791
19371
30384
12565
1812
25079
37315
36980
24025
2817
9379
16666
15481
31405
6021
29254
31910
31045
35730
12357
16659
3513
31211
34606
22061
25320
38593
28368
27515
7483
10044
9719
7278
16782
8412
35517
29998
6414
37168
29924
19669
15464
26239
19332
11873
35441
29170
21569
8848
3299
32819
38782
17947
31646
8260
32917
9969
15035
13371
8836
36703
20784
1754
3966
33138
37504
32358
29887
29469
26686
38458
23212
36802
21516
38291
18028
35109
16365
6682
21384
1768
22269
33857
34396
38996
23021
10064
6395
35306
37447
32756
13287
19897
9661
5700
29317
26341
26205
34770
9606
29163
31213
33097
6039
37091
25485
26152
31865
33181
36712
194
29962
11991
12903
31440
17108
5243
8842
12442
29223
30200
30158
23586
4045
11847
22411
8409
29903
14800
30726
24139
39055
2449
20370
13341
18581
35833
22981
1441
3289
622
8996
21875
37058
17466
5315
10915
23634
418
39115
20331
1514
28414
6200
3666
34723
35869
13951
2084
22030
10182
32882
25986
13138
24593
17129
34406
2838
15676
1966
893
27137
27080
257
31667
35582
28585
10959
24929
23886
18621
20853
38590
939
35720
25084
21562
36391
21085
6714
30275
30917
31497
38853
4016
23946
16684
32707
18797
21638
26005
12820
3126
17445
26299
28740
33434
26676
8275
36245
31923
10030
23447
11012
16942
15143
18259
27485
4846
19386
36991
34359
37914
38265
29160
2370
12589
23790
33418
29625
38451
12025
31049
34441
24183
36898
13074
32532
9814
19186
36529
24193
21700
16068
14121
35839
17766
1149
22919
3340
15892
4845
20504
36467
12331
29209
16118
23204
2385
13062
20723
8838
17334
8678
14847
15566
34061
10319
19552
37902
18657
28974
26743
6800
5426
17851
17887
32064
9244
14638
24995
31727
20715
14539
18962
5320
18303
17032
3175
2459
38063
37528
30248
13279
644
12472
18609
18213
2679
3079
17738
28449
38425
20881
35742
37494
26045
10782
25236
19531
36027
21349
21783
17248
17477
8557
6820
36173
10405
38614
16971
17760
14901
24743
8474
33807
34733
26118
17647
19829
27223
20705
7455
37352
14945
28188
36858
11502
19854
28205
688
874
36570
15767
1101
21045
6983
11572
13040
34609
30717
1074
3419
19374
9649
31711
15889
20986
20845
30289
7415
671
14414
30246
13051
35721
27912
845
23145
13961
32975
9009
28713
4909
20461
5083
12873
6849
34229
17679
16846
6606
30480
30916
35612
24841
1329
23406
9433
18764
27593
2375
37077
8137
2362
1790
16842
24611
13918
4402
34754
37492
13359
19790
24622
36522
7639
937
36363
29111
17922
32455
26922
6741
16214
25587
7631
26015
1909
18748
930
4122
8026
6835
11166
21158
7994
9921
14527
1069
25794
16804
28326
8371
13107
12764
8701
29216
5549
20022
12118
25395
5926
38464
20874
3115
36318
303
32829
25422
205
9596
3002
32163
28433
31046
33664
13727
8458
12433
38767
27
7706
243
23682
24847
22022
34185
32228
11394
7839
8273
7007
29585
1618
11696
28081
12042
17352
3266
17686
7590
35257
446
31062
29996
25568
33017
7516
2978
28074
26891
35271
15445
27512
39054
22289
38667
23662
29579
20136
21514
12590
12481
10250
23085
31664
37644
19827
8327
25961
18058
36480
24973
20698
36650
35241
35615
28373
17400
27318
21923
574
21201
9347
33898
7870
5912
19955
28499
4700
24244
21094
36861
6728
26599
16532
12657
34485
3687
21560
34689
23407
32411
3260
31704
1452
33400
27741
24467
3975
37950
25341
21958
21432
14423
20590
33848
26525
29406
5490
17788
3056
9123
36718
19604
334
20303
13384
34248
16853
23049
1733
2910
38022
30229
38771
13063
2707
24834
37526
23601
8500
35447
28554
6859
9767
2946
20166
24418
19647
24524
30650
25790
23897
31261
36067
11183
22881
22882
38719
12309
24262
27911
4589
2849
18487
10716
32973
28387
5143
37865
3024
16946
1486
7401
15807
11131
14422
38805
24684
5119
38588
20396
31493
6996
30259
10050
34209
38880
21156
28704
18299
1087
17430
24962
34011
10933
30720
9150
16714
25315
20829
12617
13401
3251
35764
38831
10230
11611
12748
1848
34052
35578
12158
38845
23287
3211
3119
10410
21345
27429
1320
36351
31166
17049
31240
33781
33529
20457
13450
15102
4900
33808
34981
7867
20453
22243
6181
34551
24474
36148
21855
5085
3878
19081
9099
14557
18670
3088
36619
11867
17940
10846
5667
6708
31452
10009
8103
19689
16582
12977
23621
8486
28599
12720
14047
20645
9996
15273
17453
30599
467
4935
6663
4688
8164
25276
17694
33746
9713
29836
11310
28747
29210
28345
15553
20959
21825
32524
15898
5460
10590
439
8219
14096
20489
29091
14361
34145
13742
21703
28469
14600
2445
8102
5671
33136
4730
22358
18572
19996
31884
10177
32693
17015
23935
7588
30641
7182
22702
5870
28002
25318
8599
26410
10516
28207
15726
31305
12086
31203
17088
16836
9508
9139
34313
6499
4602
26403
26998
37122
22570
36677
18049
35847
32879
14621
23888
10332
10109
24106
1681
25972
11592
13997
34888
32489
22679
32803
13182
701
12943
12100
12421
33094
18627
2323
17674
24603
21428
6319
17973
10194
19735
14336
18309
33101
420
22600
11553
13071
13993
26742
5141
6322
14504
35404
17318
17644
35290
1805
8397
23200
20275
1800
32457
28686
37570
18488
7329
11537
16778
28148
24740
22457
1263
33028
16875
11122
29063
33787
9642
29694
34168
19994
32641
30524
34510
32623
3495
30845
20814
7836
4256
35478
20694
9385
2812
14229
14990
14812
20245
35094
1662
4669
18429
4175
5623
5278
1839
18442
2065
7062
11104
21245
3350
25723
5097
38514
22081
8203
37134
5026
17637
23305
12604
10160
14614
38732
6902
13804
10524
6084
25684
34013
27564
25849
35972
28077
15000
6420
23321
7151
6598
17035
15531
6030
13100
22799
26861
3010
3603
10618
16315
28168
32448
14074
38780
3739
26975
7157
35688
7448
33251
1510
6263
38344
38548
20768
10952
33963
33113
18476
38217
33540
505
33137
38241
33468
27077
20138
12477
11821
2138
4945
25869
8736
36977
26016
38256
33938
3234
28990
17951
19112
8136
30500
33608
1704
21317
34900
8721
28603
5317
28467
11124
37559
22908
28571
22511
32479
36154
6585
35272
21182
24765
4926
13706
34642
1446
18477
821
5580
12844
30921
37288
33767
34961
2799
2627
1151
11636
22643
30403
19234
23517
35186
5285
17196
25168
31806
18374
28498
28810
1240
31038
6046
5357
9477
7827
34166
8640
24968
32958
6101
17461
18988
12591
13815
2861
10074
8088
1456
38955
10868
32771
2626
1469
4635
35393
12414
13130
11393
31739
35806
3680
15979
25468
1488
10727
29855
5192
2394
21466
21119
7353
22328
26156
22137
21022
10481
11788
19152
2167
37082
11151
12164
8635
8805
4264
7945
19621
28814
36973
3554
13194
28214
8022
5784
21627
12802
37513
1490
2004
1193
5180
21440
1096
12397
30055
34197
7019
29195
38020
29224
2025
17740
6775
18404
34586
38811
36354
2434
24989
14362
5594
18016
33189
7567
24026
12973
23347
17375
18844
13372
11531
2522
3699
28522
35568
32119
27156
20421
30636
22660
14911
36931
32550
26563
28956
10465
15258
18349
9809
20420
10816
31742
22783
21905
20154
19888
30338
24362
15406
17576
2122
31257
24979
9546
7292
33044
26666
13728
37851
9396
18342
33959
11168
32208
24667
37394
5013
19067
13142
21607
3655
12220
35939
15719
10645
23522
18920
17794
26949
15190
14258
35204
9947
797
1853
28838
7601
13318
8028
4356
15643
12662
27101
8436
22977
33266
3415
11019
38309
35594
14477
158
38245
24954
9499
8004
34084
21722
29877
8008
31265
15797
32400
32845
32655
166
22776
11004
9708
1821
4050
3580
21253
20579
32665
29234
19263
20766
24987
1270
31700
34857
3492
4384
584
4889
37132
6011
35935
28156
32728
22526
9945
38959
5704
3725
11952
5420
7312
21113
2941
23476
4394
27255
16428
19965
2367
27474
21366
38962
16046
29149
3872
27994
10764
2608
36098
38686
25757
13249
6272
30634
7791
32897
37120
14742
11610
24976
14199
38132
30588
9775
29516
2427
18666
29614
21504
34137
30761
18937
8317
9791
32798
36913
32312
27723
23608
30835
14753
37257
2533
26464
28132
7630
23050
15098
22692
13531
17811
35389
11905
18855
16570
11293
4056
34422
24446
11359
34890
5991
32018
5055
28031
18511
9226
24421
5829
18868
6627
29465
27766
39092
26401
24707
7424
27454
4617
38190
35410
31562
12908
5693
19280
35911
31683
30970
26327
1225
37517
23947
35604
5785
1464
24009
1502
21202
14172
33541
17170
37135
34921
21741
9675
1817
11323
22688
21506
20310
35361
23554
1869
32682
27759
2925
34096
29693
25391
34023
6981
18339
20484
28637
19365
33333
25274
6143
20643
13528
12326
30547
29461
13953
27445
19847
452
16364
18343
22563
25863
17041
32269
3386
23711
6119
32841
29105
16087
31384
33878
31346
7684
14861
16604
6005
34949
36290
18818
3453
34610
35467
14023
33921
33322
37954
23646
33989
14841
26249
557
8769
10752
16847
12469
1367
33355
37727
1547
8386
14855
20741
8056
17651
23171
30741
7879
28361
22478
32332
27997
24599
24077
235
14652
15512
12926
14689
17764
7637
15707
10582
15911
32731
14050
37381
7755
37520
13552
16036
10415
18295
34591
7479
33736
24141
31778
37939
36701
29498
22364
24466
24192
29205
31763
241
18662
1615
38222
36786
11137
26101
16818
18143
24369
16457
23754
25455
17558
3639
2662
34602
38379
4098
19448
23383
14749
4516
22594
6918
17082
7818
9230
12991
15263
18874
24057
6176
11671
4288
6645
17975
8647
17916
27129
7636
4742
24478
20987
18849
25088
11797
8783
37745
19196
30104
9017
12815
7611
30019
7926
13054
33553
6311
28302
31054
35446
28165
10120
1209
3066
31613
22729
13556
8498
7243
21365
11064
24867
36013
27582
6400
7428
3602
33275
2751
8206
7891
636
30764
2947
36839
38220
2733
1345
20093
11644
38258
30121
4808
23587
19772
5185
14609
29807
31231
32860
15038
12070
2827
17935
24235
13268
27287
2646
35678
30357
21821
31306
24638
17685
18606
23280
263
18761
35381
15751
13230
11080
36626
34889
5884
22244
13243
30295
37080
13052
38428
32452
37893
12627
6060
3615
5337
34478
6140
19919
37022
38896
29905
25389
37366
13023
14014
24624
14400
3238
15507
17068
34050
7892
35696
10905
35710
12984
37719
2383
37878
1004
28732
23812
13392
5825
17735
15315
27498
28251
25017
33112
20538
12629
15159
7696
12683
23043
25228
34438
27290
35233
19667
253
30492
16831
31785
29930
27390
23039
38461
3072
1713
18731
14522
37328
35673
35714
27265
13915
30941
8043
22938
27206
1444
36398
37894
10855
12474
6461
24123
11939
31455
13162
9817
18530
19376
11082
3955
19096
18792
1497
2096
36053
29194
19677
33215
4451
33330
27157
34477
26543
31551
1769
28066
19834
34462
34718
31181
34339
32853
37779
17601
28403
30600
31219
10096
23855
2456
6697
11947
2871
9684
4768
13355
35235
21833
2604
5168
9144
21293
407
9773
30811
6865
18212
29954
10734
4075
6228
21259
29188
16904
22043
35907
32410
38851
3128
27916
1168
11045
24820
9260
32361
15192
17167
35327
11099
32969
17476
23998
14761
19114
20057
29420
28304
12381
5636
5051
21020
11182
37754
22154
8550
30131
26723
12184
3782
26941
26612
1394
714
35055
8946
3751
7835
9770
1975
3735
34534
26123
36671
21558
19507
3850
14995
4560
28200
20072
14633
17770
30236
14182
16124
4661
801
18800
31882
13088
1175
27003
1939
16237
35749
20053
37653
15733
30167
6412
8067
11799
37982
22148
19533
35603
19698
8031
18953
20883
11340
14093
3750
2240
30335
539
6762
20772
33172
19197
29118
34987
13565
32436
9834
28004
29402
23651
10365
5068
27360
11978
12876
16066
21635
4715
21629
4109
28927
20073
25034
30844
37935
14826
23673
24154
7893
5544
37842
5873
15645
29845
31611
38509
13741
30401
20522
27742
16756
9314
20070
22887
378
23127
19652
5530
9411
5838
14237
26617
11412
37737
28725
20752
1468
20899
21863
3787
34859
13990
1217
18788
24706
28667
39074
10246
33669
7574
12384
2722
36126
7238
10863
23369
13862
850
23454
23322
2993
28731
16454
35035
28048
4459
1440
27215
24286
3712
33360
2753
10163
14166
10014
34876
28461
5821
26515
3183
8214
9531
17298
33854
27114
39114
25559
15013
29896
19997
33047
8272
26990
9202
27382
15969
26903
12363
33106
5226
29876
11884
28692
3682
224
30672
29548
37605
15710
7161
25253
7224
6877
18516
5968
29618
25897
9206
34236
7852
31228
15167
28721
2137
26473
25128
12771
1727
21915
31063
13780
30028
10314
20777
25444
24961
36778
14675
1960
11902
19237
1561
7089
16631
25370
26449
33538
10766
37205
36830
31628
1861
23968
10244
2447
18678
13302
13389
4899
34802
33846
23346
35140
30595
31933
1302
35916
27213
22313
3264
19093
36444
15613
28683
14895
8158
10553
23922
20491
3542
31594
17023
26076
7814
38134
602
888
16310
35848
35090
33852
19154
181
2079
30360
11966
31824
35789
23461
21163
20966
17962
6270
27975
30287
18582
12551
14416
21651
11426
10955
3012
31918
17518
6464
844
29381
20716
22246
18987
22990
37713
22932
18170
21178
7806
11944
6944
17964
25802
1085
11207
11709
40
34848
8229
18727
34853
27243
29337
25323
10490
28226
10604
11704
32262
29181
34563
35610
27282
28186
5712
13108
15990
29875
37799
31117
34910
11522
15776
17505
12098
16151
35933
2024
2088
16300
23667
6574
2887
29850
1009
19684
22501
7076
19612
2566
23241
12645
31013
7944
16483
28094
29532
10407
19321
2901
28108
297
28090
23327
29055
129
27292
28668
4952
11773
29152
10155
21224
10552
35153
31329
16753
30489
15786
38271
4812
35968
36
38768
27441
13793
18532
29739
35155
19764
7733
4780
2479
38261
17866
29005
36695
23254
21807
3196
17206
3236
25918
8905
2848
22424
3871
21446
13281
21093
4092
15300
29200
34312
5234
15261
22653
37832
15916
7787
16084
38106
11453
7188
8116
35575
2252
27900
20659
36199
18520
10951
13248
7764
24845
9040
4123
37047
34258
9378
37999
15867
6916
15939
4947
13722
27202
27438
20922
23581
25880
22955
13694
14028
13367
21911
17427
9707
15359
22873
29296
9836
33072
22444
9361
35638
15627
5406
4414
3380
21370
31496
24542
13987
16275
34985
19276
19082
1033
25250
38747
13165
37662
29667
20204
32549
6698
18424
7526
7217
32619
402
31717
14530
24357
1275
22718
26007
14201
27896
32535
7779
3742
14442
32359
5485
13320
8161
31094
5464
23611
38085
4834
23771
3408
14238
14561
32115
27698
36583
20535
29798
933
7252
14886
14270
30898
31878
3916
19356
33886
29285
14306
2885
2721
6466
32066
34281
14143
7061
18453
3411
31222
7954
24257
11827
19127
3585
16868
559
18333
32051
31243
12312
14354
2869
27446
12574
21188
1054
14352
36185
15321
20822
37609
28527
1527
13593
6002
26296
37173
5012
60
3369
34665
10828
3909
6984
36064
24199
23067
34559
3567
15917
9220
2758
7181
30692
596
20357
16994
4291
17242
2364
24313
30108
6636
615
34614
29500
38924
21862
38086
21977
7036
31963
16692
23539
37272
1630
23119
16161
18071
25519
9915
25450
9469
20940
24905
177
24037
38218
34760
27436
34116
591
9321
10534
27198
27909
18413
18291
6613
32965
7810
7903
1017
22641
36602
2835
24682
22554
38207
13222
21735
16055
15806
11114
36970
18747
35122
38914
26849
22996
22989
11199
4898
9024
25592
6117
3229
31204
1268
31999
37588
34231
28749
32106
4173
32631
1859
29415
33531
4106
5282
33461
20082
1818
7452
38267
20876
13823
37510
8653
33376
1802
14762
22035
12853
760
38777
1264
21478
16402
15076
15364
4224
16982
38528
27748
25471
14341
34588
16130
21495
37677
18363
5256
37690
37187
31342
7503
6654
13770
17040
20591
6077
21881
27305
16988
32209
5322
31499
28751
29912
36738
1925
2937
2036
30180
22387
34184
8532
7
37591
2859
30197
23612
32160
2260
16694
28058
1671
32753
10994
29561
34581
29295
34225
27146
38124
10609
24886
14112
38496
14133
10591
813
1384
34529
560
38964
27792
35535
20791
19502
16321
323
29314
22336
16529
8184
18392
8144
21004
23626
34984
500
9755
11243
25466
8602
14882
10397
19021
21936
36346
5479
20561
38369
5868
33961
8006
1901
6871
324
10255
36791
14647
19018
11432
4091
6670
38213
37698
31312
18123
10010
38973
5466
18379
19837
31352
37304
23868
18860
29168
35699
26672
36938
10082
5133
1429
33171
3968
16606
29888
30418
20290
25059
13316
5078
4029
675
6175
7294
5694
23755
5836
22188
34144
25920
13414
31122
31464
16439
22426
12104
16203
25487
5509
4738
10105
23195
459
8982
20194
4802
33543
32634
14043
1590
21427
15673
18597
10639
12886
16622
6967
7017
12168
29863
4848
8145
18134
15439
5947
21319
37067
29367
6401
30565
25317
12705
15861
26315
7229
35209
32304
401
3721
16220
16165
28565
18126
37170
21831
27291
36438
10835
9447
10973
12033
658
16223
8749
31682
19074
4442
2529
200
2402
38186
1777
34148
22172
18685
25520
22569
28284
31979
32517
22904
34990
9820
36157
30529
22833
26394
18977
34115
32420
12449
19871
1280
16190
13183
1736
10138
11167
12373
33209
14931
8746
26531
9049
20660
8204
31706
553
32657
5268
24488
262
21724
10790
6227
25385
14948
18859
29994
34769
29202
38414
22363
14482
2879
2821
2189
35549
15089
12542
2404
21072
33279
33952
7694
35537
13611
24579
21150
16561
30903
37161
14439
25166
28370
22046
15405
30064
31712
27470
22582
22744
32713
12965
2285
26237
38350
26491
14840
18032
1653
18001
28809
16461
625
3692
31345
25552
6240
25728
27315
7207
8556
12968
11407
9088
29352
25020
32949
16460
8727
20882
31579
28213
36575
23108
10152
31814
37912
14642
15479
7083
22048
8074
8351
29677
36949
1697
7501
33144
8684
31416
28864
37201
35111
7907
22805
17967
35334
37734
29879
12048
26588
23677
13817
31104
37106
15830
5340
21346
17827
758
25319
5473
4300
22335
32608
5673
4373
10304
30247
6802
32618
10841
18402
24130
16539
29706
33513
23938
23736
4211
7742
29251
35135
33059
27559
33537
28023
34585
38048
30491
14863
36484
17139
6535
19366
18183
29137
31058
14081
34821
13731
16530
2432
10426
34671
33970
14955
5538
24901
5233
4081
26497
15534
37861
4411
5627
4372
22830
8334
8890
10780
25185
38228
28609
34657
35671
36322
12424
13277
13668
36829
1578
18090
23267
34524
38601
15758
6867
4811
2777
36262
22811
25396
4825
37356
8198
10350
32376
3881
25048
27372
37433
18570
13808
13416
36028
5797
6212
8849
4939
27410
32071
14954
4088
16371
7958
16278
2250
38910
14392
19882
31371
28073
21327
38827
34010
11653
25107
23732
32760
21946
5593
38252
18837
31476
34694
24292
25950
32243
5263
30824
14805
36416
15684
8265
7785
12639
9086
25814
13461
8153
6976
26871
1183
2376
34038
24473
22096
10306
22982
22010
23622
28979
38226
19734
33187
34472
16597
22112
12651
35680
36930
4154
37171
39119
19245
5284
26914
17704
33775
23632
33484
8985
24144
21373
30810
30680
4632
13503
29955
7369
6485
24111
28204
3177
15316
32678
21448
25104
19945
30116
39066
963
27492
37310
27874
13446
276
22541
31526
23690
16964
39042
14041
38413
22475
16883
26655
28182
7762
15950
3910
31390
9765
6233
18779
18564
16905
11212
30831
6878
12378
38006
1169
30005
106
22902
24782
11722
16524
8688
29769
27246
7001
10511
21986
10707
23118
27036
6542
22340
23250
19713
1523
28676
833
39088
6216
23546
8170
4272
15008
10199
29786
38693
13211
27507
16339
35890
29874
35632
34871
732
11582
26732
21525
20631
37925
25171
12242
17345
35150
32084
8139
2526
35626
16065
23393
30218
14524
8122
23873
21221
22353
16468
19216
27095
18940
7165
9551
34028
33319
29357
21434
8011
7739
10498
5563
22001
4607
22773
22342
17904
24852
21515
24168
18246
38479
36177
11285
18208
8685
32060
17287
38024
9588
27138
1927
29893
7845
31157
8002
23059
33590
12607
3693
36461
23024
27888
12855
6116
15156
7018
19137
19323
28744
34070
32147
4503
33997
27699
26431
12897
24790
14663
14402
4620
2301
20171
38682
10470
35630
3498
37219
21391
3020
31155
20608
30096
29413
3055
29102
4317
35925
15656
38116
12325
27738
36733
1797
24581
4351
36785
15862
20743
3189
13659
550
27798
18565
33262
36916
18257
37378
7591
18332
2232
18316
18703
15328
22261
4937
2288
5129
6690
1256
24095
26843
35092
38832
1059
5502
20955
11716
35237
2824
33455
25815
29839
18432
31376
6982
25192
15881
21937
38411
28615
23453
22162
11747
11461
20345
16914
21690
2048
26893
23265
2229
27209
25472
6531
19358
1724
16241
2595
1981
4065
31169
1548
5380
12742
22791
37192
19661
30415
18936
2915
12185
363
17107
30400
38187
15747
19166
5140
5161
2313
23268
2750
21774
30581
6491
18451
25461
26313
6623
27026
35444
38381
11672
25549
36521
139
35378
22530
15932
10986
5092
30611
30043
20662
23467
37479
32980
10917
36418
11638
4682
36736
5178
16422
5081
16829
31537
14884
29479
31389
29927
25752
38942
35686
18438
34303
33795
26094
449
23641
3170
27929
32714
10309
4554
22656
20350
25712
15965
26750
5056
31816
5545
26539
28806
12665
8861
30987
38735
2569
9188
140
13411
25063
8877
20149
8605
32736
18861
19134
20604
27459
26905
17742
24829
22430
36381
31373
13559
16139
15709
9878
36834
30801
31660
7998
24493
26085
35364
35119
5069
33302
13639
21879
15331
4672
6448
32244
3448
37945
11003
31744
9068
26102
8065
5933
18416
37145
10409
13105
21236
31880
21682
28401
17183
30497
8465
9509
36876
34646
36907
35506
26965
35712
4960
31135
2414
34619
22535
3758
29540
15026
19029
17383
27203
35126
1765
3578
5018
15536
24654
4274
22435
15755
29336
24764
64
7701
21274
11893
10189
8620
23624
23919
32566
15924
28409
24626
23843
22288
13500
30840
37529
26342
18445
911
38088
709
7394
17086
31529
38308
1935
27310
20709
32881
28512
10321
2982
22849
35445
2009
13967
10046
38436
30960
8658
14706
13715
4913
23071
19857
20369
11762
21661
12777
15851
38140
11652
10213
31955
24846
23030
3295
14711
13382
9789
27562
35938
18113
