21980
30236
8398
34343
11604
33027
23886
2034
14892
18023
2551
27107
12323
2701
38377
31306
26739
28149
20089
15382
5533
14182
19553
21558
26978
23032
5460
14870
33801
8954
14456
31504
28089
11253
2846
36790
26179
27963
24398
20654
38545
22640
13850
14143
8128
9813
4129
34008
31989
18173
38548
3265
37056
2128
9646
12685
30009
5728
14245
27444
2681
36933
1754
16893
757
11850
28886
28695
29138
1727
14973
33059
19251
35282
37003
26881
4091
33878
33188
1937
34693
15092
16103
3535
34006
13262
17926
11342
21034
1634
11183
5840
27380
7915
11777
8156
27762
21910
17004
15860
15380
23534
13267
34668
16867
32605
2605
23947
13317
17932
30322
20213
35999
3367
15719
11189
25783
11052
22396
6312
4790
33796
1437
5613
32399
20592
30535
18255
4513
26752
10985
8503
8098
30796
24463
35842
29707
37021
26253
14386
27030
13711
36297
7913
38137
27176
15925
12078
32510
27698
31734
35695
27379
1581
27561
35205
19954
32951
8358
4003
2843
8851
25319
20260
8564
11630
8168
26960
27665
31601
32381
7239
20727
15872
24849
19738
36938
31091
5444
11701
27600
37706
21216
19124
38944
26792
17367
10269
37610
10108
26045
11084
16130
24436
12
34980
4628
38097
15337
30880
2429
38743
30940
11900
29550
1735
7698
3668
12422
1845
37698
31661
1985
12048
28758
27603
28058
22279
32732
38239
38445
23429
3357
26236
33513
8908
3512
9276
6526
2863
12812
37368
1877
26447
27067
7569
13766
11736
30027
26523
34475
28504
14181
5187
32763
33941
37888
31872
25942
19143
23144
18012
13994
5882
3488
21950
1708
27298
21888
21223
28968
28699
5767
13503
18114
27096
24454
15662
9291
36858
28292
1251
23908
33290
6762
33111
34937
15726
23736
8031
18364
3905
13832
7077
5800
36441
38708
19468
25189
36674
15812
25652
33101
5475
30197
5671
15312
28339
3136
12377
24531
28984
16708
38295
2472
5806
36691
33755
27357
25453
20528
7007
28045
15938
17623
30782
6602
18594
19146
22427
2496
1085
23031
13324
2146
15735
27065
24015
21175
38094
28422
22314
38647
3902
35784
5561
30304
33074
34090
11348
26599
37773
17472
14130
6191
6925
2710
36686
18795
1071
27502
7172
8333
4868
34259
9812
755
1528
38209
23565
29186
88
6024
28734
30592
12795
1864
16030
23604
30559
31738
21533
9514
32776
865
29139
4118
22893
23612
31671
18669
4311
37838
5252
14099
18174
36029
28726
30062
36124
3521
20011
17678
19589
35866
36994
38931
7143
7555
31816
30511
25127
35171
4530
35313
38217
38076
2677
1551
24697
21243
13722
38696
12005
4005
39039
38736
19591
37195
10854
23405
11655
28562
37317
14233
19260
11517
7283
16508
29381
26538
18155
36449
33816
10002
14721
4249
35502
11995
2246
27161
38297
21437
31610
32852
33997
22563
26483
7809
18694
21019
37099
37943
4140
14908
14663
24341
30797
39001
26361
24300
24197
32037
19607
20582
16003
31883
19702
12342
8997
16743
14534
21860
13183
19370
12245
3664
29123
39110
23539
10425
38789
18843
27783
28151
1032
29407
24591
36226
20910
11249
17548
8648
27546
25347
24051
7385
1017
12242
38358
23738
7307
21473
9654
4775
18485
17498
21201
14127
32745
8053
23757
32778
18933
16745
36121
21348
30972
18697
39012
21649
10704
38479
23035
32526
24303
14205
26156
36726
17476
10191
10798
31439
37744
39081
19884
9576
31121
30807
11748
14757
21668
14918
7784
6723
8126
28864
27594
13801
18142
33665
38874
33775
17557
16569
31437
32030
33592
10458
38761
29828
4833
2598
34666
5867
29592
14375
6591
30516
34603
1439
19749
3197
19032
31442
1622
7937
29344
8177
16387
19541
10578
6072
20641
31880
25653
26935
29489
24468
8907
4658
15104
22905
34770
3861
16674
351
26213
15811
7282
23441
15384
6274
5086
6244
2014
25214
28854
25992
11143
21286
9945
26356
35001
22086
37672
16940
27293
5208
15578
14228
26053
15867
4111
22212
5372
4409
7896
31869
34947
26609
28544
33445
21898
9811
26999
18895
25155
7811
10456
32518
442
13240
32574
21946
23507
19463
19887
37547
3994
15751
33015
3473
29758
22503
37973
6953
341
38714
22291
32825
33672
30096
26184
8876
12395
1687
10047
36844
11146
2072
4043
3841
23021
14878
25727
15695
2445
10719
20178
22750
27412
5975
3842
23733
22272
8946
33647
2588
97
31890
21109
19672
14692
23151
1897
3430
15878
31113
22012
11243
7818
25310
642
8675
5899
14614
8041
37238
38308
6585
19930
27726
17465
31681
6068
3004
7135
11985
7854
13970
24458
4653
11095
889
18858
7456
4553
21495
28124
7440
27492
12965
16181
13109
19206
7333
35278
7558
26351
30571
12228
34195
28926
15129
23831
30114
23070
26840
4841
31414
36473
23546
33134
8202
10255
29220
1059
10816
14647
22239
23779
21169
2631
26509
26160
10050
24704
19187
1500
7317
20180
37220
3913
6874
14755
18327
23256
27499
37204
25236
15088
6421
20603
30435
37734
23577
7328
31572
36940
32708
30961
7335
3832
6985
26065
34339
7270
14670
24727
10154
11577
23111
12709
22240
31374
258
37183
18035
28255
30515
19875
27765
7912
27548
35415
32924
7940
33980
11186
17139
35898
14027
32873
22248
33955
4660
24054
30688
38375
2785
35010
3962
17842
17747
39017
5794
10777
7761
34442
12579
37645
34922
6992
2862
28187
5206
38438
20298
14427
33434
16811
21119
36418
7855
16380
17521
14763
17363
20753
30432
15999
5439
4051
14391
35872
35250
22533
18547
3413
17886
23582
1729
10243
8370
15282
24808
38672
37533
19539
14239
12426
22649
30059
34874
25825
12345
20343
34781
32601
36720
26950
29409
38437
11423
10407
13815
2548
18720
25296
19685
17737
37745
28152
2135
7421
3831
1965
35217
29359
32881
9665
36467
13403
31029
35753
11489
20278
27415
14781
19210
831
35506
31225
17012
16322
27773
37453
14274
8790
6380
28034
33981
35421
23931
18540
6261
38739
26757
24984
20911
8928
16889
14104
27410
20403
31085
1601
24193
31943
38066
6282
12452
34061
7576
1363
6280
1967
14128
27939
15562
7377
13304
24635
37309
28929
4276
12986
25864
2433
30359
33730
31895
26189
28814
31467
19736
31014
35656
31899
22761
25003
7049
6418
31193
25501
6623
28591
3486
10409
26821
3497
15235
37799
36516
30604
29087
13878
15255
9845
4269
11637
28271
29866
11553
20441
36285
17390
18277
32220
3519
28480
21968
25614
10716
14113
30572
36363
33575
11352
16070
5150
11047
3745
2718
30859
13428
2470
15737
9877
8112
5939
1594
22475
36958
31904
1255
31404
2903
21989
28295
7183
16946
20514
6665
20192
3196
22537
8479
27720
14338
16141
2457
5802
12608
19571
21727
33355
23473
22923
2788
10093
12683
31951
4816
24720
30722
33831
1021
29925
5104
20126
14766
26996
1952
21700
25130
24426
18909
23672
16291
28919
37430
14098
36173
36842
2005
29909
9746
26298
32499
29054
16634
29157
25336
29931
14856
4972
7140
32450
11488
31213
25871
36973
21334
14103
38441
26097
1905
11379
34915
16439
3757
34933
10827
26644
29050
38500
16478
33402
11048
13514
25293
34387
11737
21692
17318
16817
32080
21160
13203
35617
1625
4870
33605
22339
37460
4690
23822
30018
1433
30762
27611
6943
37138
35098
21606
6051
8795
30296
4374
9085
34574
38370
28638
13903
6304
27689
19514
22375
28819
32056
10900
19952
6843
20106
37732
20451
17198
17351
10813
33211
38829
3811
8505
956
18432
35183
30805
18424
7511
7964
12681
30194
38916
37440
3290
11055
15224
26885
35767
32176
13461
38344
2919
38855
29843
21318
37202
13669
1126
10264
33761
3910
16462
37381
28888
994
10746
27497
9553
38788
18934
8996
16474
1561
9821
33952
19674
23826
8930
16414
36170
24410
22182
10753
26020
9986
6914
30186
8953
8629
14847
9363
2390
1691
11117
1045
26981
32608
13193
8669
970
27245
38793
38470
30252
8718
11300
32631
275
17950
13672
13107
9864
29891
18414
11849
28577
28419
32365
25889
20346
12204
7102
7313
12594
5
5601
32956
12895
21956
26699
9532
23446
24637
27988
7524
27853
8971
32719
18017
32284
2625
38860
36650
940
38398
25006
34808
26813
17922
7389
19324
35852
26901
24560
18481
7865
4584
30857
27115
17576
20933
38654
7660
37385
23071
21324
775
312
30718
17959
15275
37643
35037
38004
4410
8823
33760
38950
3503
11566
969
28261
21403
22957
3946
18977
7993
4710
13502
31248
16559
20269
33629
4886
35772
27109
33751
30397
11834
32257
10371
1089
29846
38143
5334
37614
23282
667
14620
17228
716
28716
11361
24497
31033
10765
28959
24524
5429
2933
39030
38534
21578
27680
20407
12688
13709
14007
30410
21965
14687
22734
26362
19906
8991
8123
30769
18099
26893
20685
31798
34158
14926
37325
27996
2889
28274
31296
14858
9149
33178
7068
36133
9269
34196
29840
38429
25894
22179
25628
20750
33008
17885
9625
10832
8073
11190
12068
23415
9221
19071
16656
17560
23177
25785
20646
28177
28038
27585
34288
37089
28198
5387
16510
30952
16585
30442
11421
25945
22560
13938
8610
29073
16805
31276
34854
6679
25647
31035
37588
4800
4671
32476
1772
33307
5074
22348
27722
1874
953
372
37708
18490
26567
17285
15097
27504
14043
6009
15237
12906
21434
27802
9789
29311
36003
23950
9579
14567
11795
33564
10924
21028
28377
15906
26811
16918
18574
21285
36200
8274
19181
26308
3338
5179
4984
10271
35008
7206
11840
20140
1349
19844
35627
21449
32486
27399
33579
20537
37881
20882
21603
29310
7816
20851
26895
28147
13406
13716
699
27216
1699
8888
25286
22392
19295
3654
23834
2419
1489
17443
27375
2516
25733
4033
1277
1446
30307
28520
6787
34757
28354
6477
9709
32049
24374
38773
26832
32295
2643
35850
11166
8388
5846
24716
14216
36481
6966
22545
31179
4559
31017
20347
18469
15788
18472
27139
22354
922
29835
7721
5191
33540
27624
7808
7745
9317
5443
4911
26525
12305
25793
25103
6224
8510
38724
30414
38693
13822
35907
21711
28162
22821
36869
24153
37347
32328
11515
36209
10428
14945
32205
9327
22329
13634
26806
17321
5393
14590
3845
27094
5330
21351
14372
4168
31190
32243
34409
19765
31117
6707
14662
19587
24335
27364
11891
20604
37566
27295
21615
13373
17816
31148
33089
3876
12784
22148
12578
32067
7139
10736
22019
9263
11958
17344
5479
20190
30505
2206
7677
38579
26066
6206
30469
3276
33394
23075
33843
37426
31859
28756
33214
16101
23812
14790
6553
17534
12687
16648
13606
25364
15642
22738
27522
14792
20390
24095
34483
35807
33232
10230
3135
24180
7356
2798
6693
13550
35921
10552
6473
28863
14690
15699
23335
29069
5553
27129
2208
4529
34159
26429
9235
7627
33908
2294
25732
2752
36638
19719
33872
30967
9478
1982
14729
21001
22299
27551
6880
34812
7973
31792
20143
8312
1301
19891
18287
7731
37277
18716
5559
29025
26993
22723
20667
25133
29350
24508
37350
33226
19293
25701
16985
8664
33590
15807
17377
5480
8565
19643
10401
26563
7364
30423
3030
20007
20562
26989
8101
17261
8151
21372
5929
3829
221
30230
23566
7342
26300
12912
28007
10414
19150
10939
37412
33643
25037
15615
33279
1737
15368
12835
4556
2385
11960
6981
35979
34737
34497
12046
1156
1307
15161
6636
30565
11649
14801
18353
36094
9160
33929
5311
1834
436
35324
37876
30808
32079
30107
8113
36704
13369
26516
25949
5451
26762
15521
27858
34527
38384
1382
26146
33192
33244
31856
25592
26649
37917
10622
37749
11248
38637
816
34554
18428
39047
8737
2840
32407
12334
22312
8791
25796
1916
9307
4720
22973
38147
32021
21697
16194
3312
11448
8381
23860
12643
27064
17277
16600
22695
33719
2844
11588
36534
1288
26582
21787
33193
21804
17875
6399
15741
37663
26660
29533
18092
33153
4745
8018
752
18560
7413
27883
33097
11491
17991
6711
28660
25807
21482
3038
27225
31808
25420
16239
36063
34385
28997
27565
7479
5507
36142
11556
37863
2051
32466
13811
34102
31077
27018
4802
36491
3163
20
3305
14399
38888
12551
7372
28362
19162
26501
12075
10734
35582
987
20237
909
8647
37592
9850
24014
6167
846
33770
32495
13824
29961
35485
10786
15587
8926
37874
8666
34517
16977
3142
32007
18016
7538
22594
38174
2111
6729
26787
16436
31741
5709
16734
5001
11657
37649
8029
1387
33677
4854
30453
36701
5643
206
15778
37006
10525
7101
12833
13399
5797
28508
30726
5031
20163
1811
29333
25819
20148
29532
19893
25691
29692
1378
25243
32966
35267
35148
27715
17949
15957
21302
15377
9681
20509
20871
5884
8704
38153
26297
30303
1280
19024
2365
38920
6328
32559
23914
4284
30486
14116
37240
12459
26199
20310
17668
14134
10617
18456
18513
6773
21521
19905
13624
14596
35380
9336
8720
22044
28834
9585
35322
25577
15711
28538
33862
4076
11966
32835
13055
6828
23233
21082
23218
16580
22972
25422
4234
31075
30436
8281
22505
23165
36012
22051
11880
38503
35888
37305
27125
27014
13277
14849
589
35710
24060
14112
9584
23957
25215
37931
28911
2406
202
8486
18439
36334
7192
29427
16001
35752
19733
23048
15864
34659
9151
30119
15503
38539
78
38120
33690
26873
35226
6926
16221
13726
24624
13076
6115
12458
14402
22496
1393
5265
27830
34171
10801
21848
10099
4927
1803
27892
11294
7362
27805
28178
133
27169
28999
863
4083
26434
39025
11579
24910
19841
32363
20552
7482
9916
15533
17738
31257
28547
33099
19416
9204
28714
27271
23535
12256
1609
30877
23936
29373
38722
31960
35323
24807
15214
24623
13507
30508
2006
9618
23785
29430
26450
13875
17146
22855
14061
29481
25238
22114
18098
11072
30412
33258
36818
13935
5945
38629
18925
28892
17757
8186
35997
8061
25630
28697
34645
32906
35613
3710
5120
22309
15912
1659
16602
10972
19684
12400
24378
7427
3572
36659
17188
36529
14879
5225
34753
16891
10433
37141
2538
17868
31800
27808
37233
14884
20995
25717
35947
32937
20046
6055
37431
11632
4201
24097
18448
25932
29939
38606
16476
35359
38388
33208
22909
25020
29375
11400
5615
3695
4848
32859
27532
28220
21013
26024
17471
21504
1379
13748
33095
6488
2157
31304
106
32228
9922
38060
9552
1600
343
35304
15336
14836
17764
1397
34338
26085
18198
10058
24492
5203
10015
37884
9174
31909
14923
19537
36689
38575
14848
15636
36341
2319
19686
4050
38476
25491
19786
11575
21309
36626
20796
26324
19779
32496
19449
12223
6096
30671
3445
4320
19304
8627
33262
18477
27668
18702
29105
34995
38316
16637
30900
32065
30901
9596
9890
14904
9144
2483
6703
5441
34714
19452
25697
31358
13637
18167
26005
31006
23749
27071
9502
10126
2278
23493
34249
19161
38484
1969
24024
16589
15486
32313
6530
14835
22646
28962
27604
33233
19946
38177
7048
18242
8001
32248
18090
38826
4605
37553
7423
17211
288
22352
26439
30673
11953
6480
30874
37182
34408
16779
33723
32423
15124
33373
753
17450
4795
17431
7906
957
35029
16183
4183
2961
27491
17558
17847
8654
27673
14229
5604
32383
17267
4890
17924
17294
13639
16034
31578
4416
8227
38279
25111
33807
19344
21645
15597
21725
14382
28769
21917
36081
6238
2125
13747
16133
18103
881
3387
21599
37371
31715
20416
21463
20152
2360
31544
34692
28073
28759
3426
4650
39026
4560
2132
31435
37489
30157
17397
23011
16482
32509
33996
21854
28080
4331
38830
8556
35568
38459
28036
24170
29298
28095
8374
25967
17940
20566
22332
931
29921
22708
31649
33234
8919
30270
25742
37556
37065
36219
14964
4041
13943
3546
9193
18922
18027
7019
21060
34154
33081
8716
18599
29727
17692
3564
5056
8793
20362
37926
13247
36687
24666
9929
1598
32529
17608
421
22421
9960
9961
10106
27954
10942
20779
39091
31871
4717
10594
9912
25066
17622
14771
22006
20387
19631
23986
4220
23419
37515
2
37578
8224
22063
11287
3900
12749
33218
32777
37733
15142
26707
19218
13569
35966
33638
26001
35316
33017
29103
5205
21830
20004
21535
35180
6385
2086
32805
28866
32275
35522
28698
18573
7831
18834
31557
15542
24622
3482
26674
2495
32323
4693
1431
7416
23215
31150
13725
6893
15613
37984
8785
32488
22987
23278
12113
18151
19390
35881
11752
11927
8260
2155
35529
31153
23422
21758
24425
31124
12145
13400
23583
21294
184
19561
1649
30567
27864
38915
7496
14259
12082
27467
32326
12791
21880
21093
32386
27552
39032
15202
7248
37820
38721
33699
35722
3368
35452
35039
30388
16572
1424
22588
297
33964
10548
31957
7825
31935
14208
27400
19688
28136
34118
14207
475
39050
13111
38853
25649
24685
35184
15418
23340
19281
35781
3868
32750
19836
36767
37690
20027
31215
16746
18256
6405
1044
6487
35395
23674
6485
1047
6245
29393
12098
13139
23328
4902
22099
27408
6017
29520
24681
18313
7840
7043
37042
33044
1040
37825
15520
23322
5240
18581
4230
28731
4282
16950
17018
29032
8794
13467
21278
20740
12573
12802
14952
29079
14957
26091
21507
36235
32477
17029
32247
16841
35247
4206
8673
3875
36
35240
11278
32736
10307
18163
30789
35744
4997
20629
30617
9847
31797
33919
31767
29639
15894
6861
29422
1684
32033
18580
4144
2009
29928
33092
31115
28359
36057
18060
5568
1130
988
22169
11993
8822
38102
15066
3940
2259
8604
8739
2970
34333
35849
37845
12235
7038
8223
38454
3217
5691
26662
16464
32097
31274
32060
11188
26809
25455
23030
24892
27498
10600
21669
34359
15739
12382
26575
16277
19838
26986
27641
3804
3342
3931
31803
26456
4887
1989
28112
27110
7591
13527
7914
4012
25564
21354
22765
32546
19192
20484
2526
21534
14557
13233
20520
25370
35886
33490
35712
8693
7685
3399
25557
6666
11331
16702
9256
24285
15870
36301
5303
20613
817
37334
4603
34320
1099
9664
28347
5249
16132
21106
35092
3296
9400
37414
24925
28176
19943
7152
261
36203
28311
38231
29083
33028
21265
17246
35699
33993
2649
16853
16338
18008
4427
6267
10799
26305
39009
35493
16219
31612
36221
2026
29178
36683
17517
1416
22581
28427
20199
17382
2611
29546
18376
6474
32158
11413
28226
14388
21446
1115
33777
36712
22132
31002
5007
35719
30007
4001
3747
22500
23073
17424
10846
32218
14357
28204
36728
25985
30020
27147
27555
9177
25743
23608
10577
29269
33365
21623
16934
12487
28181
1354
31260
17661
653
33162
10935
24655
19623
15200
14550
11312
7975
24130
25470
25067
31487
942
31983
15886
9494
21967
25405
31879
26321
34310
4730
15446
17432
24992
13545
19780
36749
5391
10461
38899
37751
33787
21536
10865
11174
5654
38702
9480
27547
34427
6458
37313
36553
17945
4581
35048
11642
28358
33911
21974
13859
33731
245
23899
2174
6160
11356
34091
27615
21743
21665
25538
15485
35942
555
15816
4496
377
30153
10934
20858
5354
11802
16663
12662
1242
9061
14045
16207
24273
25291
16337
20551
4509
6767
17107
16075
11008
35604
19645
3567
12092
24006
31674
32883
3937
7162
32940
1132
19945
14741
32767
37246
20918
26851
20688
38480
5522
14765
15184
35684
6839
18087
27785
36455
10227
37936
39111
13131
35066
29801
29259
19287
8252
29494
27373
32457
25999
12727
10595
26864
19379
5039
27729
3336
30240
4223
38032
10575
7064
2148
33353
35095
18109
10665
12244
2577
8849
24832
14222
26721
23051
19092
27708
125
4439
34679
7039
19184
13647
28286
33436
8058
16943
23523
20271
22303
39013
600
5762
37474
32833
22232
9574
36139
18015
15476
19384
13683
31132
15468
5455
20555
27481
30136
16483
9017
30612
16755
25622
14496
11420
15290
7463
17152
32281
14409
348
12751
4576
36960
1257
7490
15859
25010
13394
18372
31598
17049
1495
18689
9215
36511
16558
21279
2129
7645
29385
21143
38847
9492
23775
24896
26489
31317
37789
21261
23576
6023
23528
11437
28223
1816
4403
12083
13292
13335
3250
22452
30167
23384
32589
33652
37523
29956
25815
14975
23244
37479
32870
16006
32267
37148
33601
1700
35799
15029
16963
1320
38612
38436
18007
13886
6651
10654
28634
435
25157
15364
12550
2024
32501
19804
29566
14696
38312
11806
21072
75
3840
6771
15310
2351
19142
2425
31168
1543
15099
17273
10322
30375
17396
28278
33072
30263
8420
24661
5889
1726
21824
5473
38869
4842
13196
8138
14322
24902
20250
23294
25483
31514
8159
36286
3628
11647
19869
16554
32344
19577
32729
18757
25559
9876
26740
10178
31822
19964
27210
32502
7254
31920
34505
25972
17545
11919
19937
12231
12673
29275
13816
5905
3348
38248
27001
16271
35683
27833
6983
36044
19611
32027
8755
33496
29567
31055
30926
30365
17237
26800
11920
2585
3057
29384
11512
20811
5933
18041
20021
33994
20132
26332
37446
12658
22386
34109
18692
14761
9230
10830
27703
27055
19345
30288
29135
19199
5679
18042
4210
21784
31057
7273
14661
17474
27024
16080
4297
3352
6520
33882
29685
37405
36201
25404
1064
28489
958
4030
5339
34945
30138
22060
30295
34032
15892
24541
36034
21908
38109
13249
4601
11053
35097
26814
8451
23003
1295
10026
4921
32727
10710
37243
38360
1521
9572
18350
29147
22458
27876
15435
23106
5582
2384
23636
37986
5289
29968
28948
1610
39014
10147
32841
25086
6622
18442
34783
3692
6674
12971
18147
12801
33022
15190
12110
25252
3560
17161
5472
20662
13359
22464
10778
1537
1305
36899
36222
15219
30639
34703
14343
38884
28536
32827
35050
16885
36915
17271
17301
35547
16335
26428
1332
21874
16307
25334
23620
35805
15198
1442
35107
23971
16809
10378
12362
26597
29151
29746
29347
14086
16441
22344
33903
21843
18544
21622
25576
15691
8993
5016
33465
26358
29814
38059
21335
32670
14667
36591
7650
37636
5471
10523
31049
32394
25240
12806
309
36957
17538
5567
37315
19308
6252
9771
26615
23891
14224
7368
24377
14996
36730
11233
15497
31980
12562
4623
23929
535
18302
25153
31484
10175
34276
28327
28987
9045
8383
34059
25909
13998
3094
22977
14348
8635
4987
22656
8983
21480
424
24100
37646
4411
19602
25637
11989
3108
8862
22255
9896
12879
6447
30851
31368
29802
21846
38989
34999
22050
17238
5282
19802
25216
18742
24986
19499
31513
33029
38399
34805
2042
2158
13976
8889
32202
36825
33505
18605
1019
23880
7224
17904
36417
8828
38971
384
25600
8390
14223
38461
1088
18001
36897
24401
4801
30584
30703
17437
33676
22841
1403
30562
22650
36618
24701
14054
33756
27038
34426
4485
2214
33827
22440
25794
11136
21803
31585
1768
20456
26819
34766
17639
9176
782
11162
32627
30631
21454
24057
29289
16987
13925
13216
28379
37120
19981
9623
22597
3605
24347
12230
10320
10845
26162
16299
14818
11169
14346
35089
3174
1436
18936
21121
824
6359
11387
35137
16145
21451
9005
10203
9216
7870
1805
16607
4271
6948
1188
30910
145
7298
24724
27626
9699
33221
19034
22105
5501
14050
29444
1679
14255
12987
14900
15657
16951
18043
21173
29265
24202
38602
34492
13027
24418
30353
32005
14920
19051
6435
913
11534
23472
24419
26730
6560
36648
20414
22813
7090
6945
21177
7109
36657
30394
14144
28408
35356
34648
23500
7359
819
33319
11899
22172
21995
20656
7159
25954
34623
16625
23977
8405
30986
34035
35992
20975
8448
28869
12725
4035
12905
37667
3899
3054
29046
3837
28767
27208
13544
35821
11947
30507
16139
29282
19010
25339
37756
30891
1922
9093
10785
22652
23900
11457
23166
28722
11794
2467
26132
22928
22763
1575
34323
70
162
8084
11394
9075
28450
19374
3895
33429
317
26628
11944
15502
26638
31811
13186
11012
26399
18870
36048
3083
28282
19361
22418
32175
33910
29068
3484
9500
235
8838
23189
32129
7156
38876
7775
22776
19562
4293
3908
11305
27943
21891
4336
36061
35058
38048
37796
21595
1854
38665
15216
38151
7040
30503
1527
18278
17447
22961
5399
4769
26859
29466
2725
23502
19739
5807
5493
37697
5076
36806
18678
36331
8315
5247
12240
18772
8901
6938
23276
3873
34946
11479
3173
30919
15574
24961
6213
25021
34187
38715
18138
15470
12785
38389
33047
36164
4028
9412
11376
3529
36637
25055
4687
17587
25666
12093
17933
700
8783
23999
8197
21919
73
12212
2532
30793
37782
427
8443
28516
33887
29718
33312
11673
17186
3780
27141
17712
21837
18269
17677
33514
13913
4470
19531
15158
29582
17109
22022
12580
1172
36833
186
24737
36533
2493
24390
22793
11706
16172
3690
27807
11290
25202
7117
22858
23369
6728
37797
29160
18385
30674
6970
9163
1577
3201
15004
3429
27707
18585
38263
10993
3478
27748
16107
13841
2807
28611
6136
37794
19245
6427
17023
34767
5324
24498
28816
33622
12682
10603
25845
36093
21617
30867
13731
34069
23887
31004
30115
31942
6642
36868
19438
32404
9200
6254
29221
37693
11350
22397
23000
33989
16915
33515
27307
31061
32236
8393
5318
37427
27277
927
12168
28159
23602
253
23670
29272
22159
27046
7355
24604
8416
34543
3836
28108
1003
12411
8238
4811
10584
29505
4796
27133
12243
15802
16389
14906
8548
11271
30603
32226
15800
10086
18790
36167
545
1145
14356
16642
20483
17169
20395
15172
315
6848
24570
27345
24403
3848
36218
5397
28554
13745
13608
24460
31019
10836
25209
7058
26695
21252
7982
5859
28621
25323
9524
5024
30680
37383
3311
14521
17606
15242
34719
25936
31708
5176
10165
11734
32819
16280
21684
16165
32040
9110
26120
37848
27316
23798
7506
37924
35676
19851
22237
13004
32042
30566
32569
31679
25035
18406
37811
33435
31842
22517
20185
8161
16910
11478
10591
7846
19768
26504
14482
12009
16994
11797
31098
20112
38501
30417
13823
34856
12208
34813
3801
15261
31964
7512
26412
21006
16923
13225
212
25856
24332
2510
20324
38641
24710
36196
12576
34048
24966
28840
33897
29524
5700
24166
7230
16831
21237
37949
23350
1632
18535
35747
26424
16359
21602
32587
5897
34900
24371
27075
17458
24141
12981
18019
22732
32973
11597
35231
12958
23792
12096
1993
10168
24114
31001
33721
18643
148
5491
7581
31841
1892
18752
11653
35374
24696
35785
11531
31360
20382
27965
20698
12693
980
17669
10794
23564
38056
24779
12173
33544
24735
33961
8446
18119
26281
28120
16622
13329
14276
28439
21263
37217
17526
1836
29717
28170
1626
14666
28425
38801
31625
1351
34348
16787
12269
7826
31235
15984
17180
22288
30892
29514
10317
16196
30637
37171
926
22471
36187
9885
2460
34515
2556
24875
13214
626
7190
36630
28732
31327
6764
951
30111
36628
15569
8765
20834
15705
20678
38690
38791
3134
22165
22548
10112
30487
22589
17751
37379
19040
1451
6142
33395
3981
14967
15606
30580
16821
35918
10790
1829
3344
19156
19102
38188
25549
10858
21913
25832
1658
18693
27798
28590
32232
29742
35361
10757
9039
22579
9519
8649
25880
5525
11284
20986
12652
31926
20752
7471
6973
5096
4190
10950
33090
6775
31905
16587
7412
1507
14682
8259
21511
6951
31027
27009
13512
29633
25569
20427
18797
33173
19244
26465
13179
7545
10429
35853
35118
5459
1368
796
12165
1179
36859
15797
26234
7168
7085
36162
18886
37585
8033
6235
39018
30750
12350
32425
5635
28586
7366
16568
19761
5378
3077
15205
3752
22787
25710
8075
37905
15222
9014
16092
23042
11411
8296
22906
14385
32677
16014
18950
16324
38922
9833
33141
10677
16838
498
38851
32426
1394
9498
14938
37735
5040
34920
2929
3379
25221
12926
15684
1166
31692
10566
37445
28462
16377
28087
30698
6698
24001
16864
17005
603
14932
9980
28783
17666
27121
32652
18771
27549
33372
39103
4564
19326
32648
5874
15063
3156
32606
36302
18201
31804
29663
17531
25618
31693
1980
2266
10673
15204
34835
18719
13505
8250
28009
15832
33468
33726
24535
9919
18275
31448
34143
11763
31418
13491
18332
14575
13692
10082
29406
20822
12374
21627
10278
20480
18837
11494
6545
12287
20472
20517
26202
23647
5744
26642
20905
33210
22620
38964
32822
35290
9785
11866
12759
32642
31440
34145
25044
13326
18533
24493
26092
625
27320
26624
31620
28318
10318
26271
29535
9047
16619
13501
1555
171
34733
35199
15250
3673
17620
22707
5948
8216
11848
6465
22070
13522
21414
21018
24607
11546
9427
14770
4632
5327
22982
32148
20187
37615
17900
2900
21468
18303
27607
11123
8473
27270
31982
9372
9510
13114
29435
16512
21342
19366
26622
22990
16713
21236
16523
14485
14502
6118
18591
26166
19642
13636
28102
3461
30521
12677
4023
15629
8453
29399
21044
34228
25345
33530
7008
25425
38901
11824
1681
20453
25664
29959
17631
24686
1323
31526
36362
24995
25748
11816
6507
4787
13668
36360
10987
18673
945
12365
15693
10029
30320
22553
34941
20110
31887
1901
15927
35312
28296
37248
7783
22476
18539
33833
7378
23406
38621
8920
22220
7669
32162
31299
3233
25517
28264
25335
32041
12440
32121
7452
7407
36662
25901
13510
14198
19500
10170
35372
34298
2162
34936
19972
34289
16448
33650
11304
8105
14398
37022
1448
10633
35984
54
18292
23124
12195
21597
5737
35607
3746
11378
33873
1461
21659
7076
27165
17929
30670
8867
25690
37062
30377
14730
30888
26110
10240
13263
14069
136
36765
21749
12609
19880
15126
8230
32189
15650
4874
27405
14512
18178
22683
7223
712
24730
8887
26280
9581
26052
29831
18718
24115
2089
14172
21341
37913
33207
25621
38025
35908
371
9086
21228
30175
12544
37766
4260
17025
2248
17546
6236
4018
36465
8985
13041
13075
19473
3427
3346
5043
24977
2223
22979
10447
33945
3583
3105
38430
20856
37137
31301
36488
683
30492
11383
27235
1973
38742
7692
32861
4396
7888
30816
38460
14595
8776
852
21831
13222
10881
23182
7806
25377
23029
3144
25860
21195
18900
34773
26543
2769
9759
35285
38222
20806
36879
6969
19636
20053
8498
38525
35770
38301
16465
27995
27982
20166
23197
17709
17525
29218
7664
10625
11541
17834
9036
39035
35814
15385
17019
37656
20530
11922
18998
17928
1536
1272
14536
11474
8530
36975
28488
32791
36523
31492
33968
22891
27483
24678
34326
25584
36130
26292
16136
14155
34899
7000
37599
24011
8699
9983
19236
9487
9688
4705
298
10084
18951
26260
35195
15655
14315
20817
33819
1056
3998
32100
20823
26007
9148
9694
17062
37985
25294
8060
7539
12280
15604
24369
14854
29203
25267
5973
4080
18715
37189
3594
24573
17935
4791
1148
35145
24084
33254
15399
35351
24649
598
36888
7607
29950
25851
3143
560
27558
30229
36964
37324
26728
1940
8292
11280
36404
4119
34588
6131
38096
8904
36744
26837
5500
21605
20795
25787
30570
5019
15263
22704
2318
21981
6627
17338
1559
29901
1038
6078
1372
11129
22450
12923
34398
7762
20083
31336
26725
32358
14326
35763
4508
22100
29167
38719
13481
30974
19021
2311
32307
9165
16704
8068
13873
9435
23580
26527
19431
13500
19221
12128
9538
37719
24566
16681
24561
37291
35335
2297
15110
3391
22260
8826
13048
21430
31795
256
13580
36096
30662
28963
8847
26696
12669
6006
5661
38296
12343
21720
19950
37443
10849
16440
16254
34493
31915
26497
21664
12089
19646
23028
30657
10893
30255
16017
15322
12783
33866
147
9351
22346
14257
37190
38630
35702
37177
513
35873
31408
34248
35141
10658
35923
8618
38573
23972
35024
34328
13305
31170
24066
23601
6403
27402
4941
26056
36214
6496
29285
27916
32354
20201
7930
30437
19194
16871
32273
23377
4641
26111
29468
32806
17127
36909
11428
28969
31391
21572
38745
23937
29233
23392
2869
15563
29437
28368
18846
2648
29376
35036
18463
32428
11810
32391
34785
8047
28030
31101
18200
14261
26570
18882
21672
14120
9781
28165
14795
2689
29898
31978
9347
2032
18209
30077
22266
19697
36273
5799
10136
3603
20119
28438
31023
28153
12637
10573
21048
25176
15215
7644
28727
28953
19849
26861
24845
16614
20855
21204
1957
27884
369
34151
29224
33451
23396
10419
14401
37007
31810
10353
38306
37716
18759
19996
2060
4923
6110
15701
8072
10855
13549
27543
7939
28275
11662
34379
1767
8803
1027
35401
28889
23543
2864
30564
8063
33019
14691
11975
36345
23742
18335
14025
792
31095
8482
17185
30595
33242
108
32074
38374
24931
31311
13794
24387
11685
9450
29741
31714
28221
6934
34546
18910
16744
12064
14413
19703
27980
32419
15842
31716
31958
38513
30068
2851
30358
17683
30906
29431
7268
36237
6595
32790
26542
34089
4701
10263
37249
23494
16547
20440
18345
14445
14563
38146
30360
24135
38896
34701
27418
9123
12241
32014
38304
5436
12825
31436
2368
18588
30558
4105
22231
19667
34305
31438
10997
18924
28135
6619
24484
13528
13921
24859
38251
31757
12134
35751
13234
32845
34393
25862
6197
6342
11374
37740
2719
7759
11161
30522
29902
8088
30211
8807
29252
8644
29649
7551
23213
23263
1106
4407
27960
37847
28874
32900
26073
19391
21576
11065
3670
7857
6586
35364
7044
25987
32515
36392
12872
39006
38145
31099
1670
12136
22337
33001
28449
36171
14327
30863
353
38315
30116
25877
29476
20983
5224
27190
37689
29632
16944
15188
27454
31825
25005
28985
29169
15451
15989
688
18341
10359
14862
15106
2504
143
36482
8792
36707
24867
80
15948
2093
15523
36722
26655
23057
21635
35257
22724
11288
37103
13587
21360
22812
22092
12466
37559
32800
25585
32996
24145
11583
28595
6531
29067
7966
8706
26713
11255
37174
34295
1459
38790
15513
6722
37862
33026
11124
11829
4127
19708
20737
30099
34590
34614
1355
38516
24199
31255
10740
7003
20991
24711
6242
33506
23927
22988
23537
38997
5911
4338
1398
25207
7743
36191
14148
9863
38466
18425
2407
30730
4990
2952
15755
17733
2325
34080
30085
28558
30602
20624
33476
21632
7976
1827
32783
4194
29405
10466
38485
3824
22637
23464
20138
29868
30866
14118
15445
27301
36575
16880
7757
28880
18494
24116
12014
37046
33501
9119
28628
23857
5936
16204
16685
707
35044
3235
1868
36347
6003
8631
31656
22029
30221
25680
6532
35642
8134
23247
12352
15973
11603
17350
5045
27114
5995
31505
34872
14405
18810
33237
2824
17116
22446
35659
12170
26621
2219
19576
32116
17184
37187
27043
24275
462
18199
33626
10490
21678
37704
11508
34471
10172
33834
22384
16229
36434
4484
10510
21642
32919
32036
6178
29191
6112
25699
21762
10325
20068
597
12029
12160
742
23484
8435
38535
3260
4281
20186
1414
13217
29318
14190
208
22608
11959
32773
17860
12703
26507
33557
38408
16776
12997
35900
928
30242
35520
10612
491
2466
26201
5775
28403
10861
29630
36910
3517
34430
7401
33727
15665
37095
1297
37344
2036
37779
36005
29536
21246
5946
5678
39084
19658
8263
36444
4832
37555
24313
12880
27459
30819
35990
4404
29972
37294
35993
21420
6654
4134
32046
21699
9953
32869
15969
25566
28745
21108
1039
26751
22262
4977
35310
35620
26833
20908
30481
6452
26140
17696
14910
21539
8384
1720
29960
29999
17585
24325
13563
13802
35697
33932
39020
13146
7137
32867
27503
15775
26254
11122
14559
18453
10044
32222
2277
25786
18072
9349
11519
38747
22985
31981
9224
27354
22604
26155
33281
22983
17934
10655
8962
24432
32233
2255
15352
13638
2528
11839
11261
32200
8434
38193
32398
16160
27655
28381
4512
24334
38070
15865
22166
20160
7749
11940
3760
21098
38723
17541
18923
33454
35685
21741
21117
34512
10459
25726
17254
11004
26037
48
18511
6127
1476
7691
12346
7672
13797
19668
19822
24382
18657
13149
31731
16843
13736
27351
8207
21023
11231
14933
34595
21675
5809
38985
37282
24517
35973
18328
4981
19417
12928
32905
4873
39044
29390
38934
2298
29248
26125
35912
635
38236
33052
28786
8605
6895
35223
4303
20895
31180
16425
7158
31553
22673
27322
15284
6715
12194
425
11195
23912
30709
35773
17973
21546
13530
17138
10105
3483
2833
9090
30425
33376
4867
27229
12190
27721
1568
11238
2638
6859
30923
16312
22206
24580
14811
15835
20435
10641
21386
3451
26453
19788
35606
30871
17149
35817
13751
35258
33792
16356
18517
11998
18641
10261
26310
38720
234
29615
36617
16722
35053
32794
21011
37601
11755
28307
760
26382
27959
32556
28529
25165
18150
38115
27731
15955
7967
22188
14469
24326
26585
1627
12057
29693
26285
23321
2616
18420
22939
14468
4758
27243
5401
15746
34413
34717
18097
25459
18763
13857
36725
18416
37357
20699
3008
33112
26394
20474
7893
32643
1890
19113
23627
37403
14200
7249
36356
24462
3834
16725
25169
35277
33870
32497
3671
1881
25392
3764
29542
7297
33186
19354
28369
33846
11658
16435
6310
3892
1248
26323
32989
29234
12878
6738
23626
22882
16612
24171
31198
7318
36047
14237
4943
25102
5542
27496
31977
9930
31409
13032
22433
26997
4949
14958
22311
17689
4814
13687
5185
14042
17486
25002
14866
22395
14816
16599
36760
8753
12726
15321
15487
19595
29009
26948
35350
29837
5581
18044
25730
2261
27359
36633
12636
23726
14821
31554
17640
20336
37295
15283
27683
25268
37415
25667
33396
35070
24545
32324
23893
17732
29667
30834
17147
24742
15151
32465
17026
9252
3944
12653
8195
14739
27970
29525
30855
20976
23191
33892
3168
19651
32551
22951
11464
35450
24223
21612
6907
7267
32716
17457
3001
18621
31110
23611
25729
12980
36378
33367
10895
23892
37815
28639
4727
1693
13601
32117
15728
19947
33284
13610
11370
12782
18961
2762
30654
9499
12734
11417
35946
35843
38979
11861
36931
13619
22284
34852
26529
31379
21713
20013
9066
15271
13576
20341
62
32460
9226
400
25518
33916
15033
1860
6995
18705
32717
17418
34039
20162
38652
4383
3159
23043
17798
35927
14940
12909
25436
34437
26082
1823
21081
26672
29322
31008
27541
11075
832
4462
36766
28454
13767
16346
36714
4060
38020
24962
22803
39046
21253
13838
18344
3166
31024
1151
27023
4907
23138
24317
11329
37999
5816
18293
27401
2543
31854
5966
7380
7369
26269
9033
34178
34934
34688
1648
2729
20655
399
37816
23946
5425
12094
12427
20218
14994
3604
26970
29382
24061
6064
306
192
12407
36176
2956
12714
32761
19833
2830
22832
24102
31159
35227
31413
8357
18013
652
31161
30625
19812
36652
20009
33764
10729
17327
27078
16245
2757
9377
32512
5989
30630
17865
29472
10676
826
30309
20588
24868
1196
15963
14885
6134
14695
21084
9244
14021
20339
35487
5319
9869
13887
17787
26159
17389
24550
34417
12854
3330
36641
20700
3014
12288
38113
33653
2376
26683
36366
35188
5864
9323
10345
32039
31529
34272
17173
21560
34114
9091
10628
36213
33663
25004
4150
6599
13616
19968
37978
17404
28979
32862
10040
23241
18158
36912
18633
11781
21807
16727
17044
14247
19284
25266
26716
29097
8750
26036
25958
3743
14775
35536
17442
21095
29897
2979
16454
11130
29254
28921
23072
29700
23240
20526
32221
25782
26754
8667
8422
8433
32507
28421
36424
7800
32417
8351
34213
27258
38394
37373
18700
17969
5091
27131
5064
10962
38733
28341
3100
11422
17132
33439
23158
24722
4799
23727
26987
10349
8843
22079
4013
34901
9873
24582
22030
2842
35181
28015
2574
11867
3531
33547
24583
35563
24132
17444
21722
9180
34331
5036
32133
24501
19958
36220
17266
14081
38737
11561
20412
4898
34551
8376
15431
1090
1963
20303
6336
29302
13578
15308
4772
18874
24579
21157
16426
22438
16999
7171
31158
3147
7794
10348
11856
25705
16431
30540
18225
32223
19552
9328
26244
5125
822
2975
10730
10189
22131
19978
26411
9639
17588
9594
38256
7662
31642
18160
32300
3562
18793
28079
35953
3758
14347
14271
29421
9947
2497
4515
17155
11208
3256
16546
16366
14428
28246
16800
23978
32378
19442
7505
15211
3468
6949
20134
13584
13223
8037
28730
5515
18014
26942
5348
35824
32525
38496
2016
22229
32534
33573
31392
4808
19127
25254
33442
26735
28113
1284
12095
37959
2186
3505
5572
17086
34382
21202
12876
37280
2741
31751
11853
24915
6796
22840
21085
6640
37990
14997
38531
17481
35713
7216
17387
25398
33958
37659
4776
17302
10334
5514
24272
35802
38524
21356
13783
32730
25911
12743
13132
36310
28637
4093
6174
25702
31567
28666
32361
24783
7618
22835
34451
19476
4361
34525
18268
5970
18289
27337
17797
4847
14319
465
34848
2660
9449
9905
5032
22677
5280
6030
26677
36471
76
4899
2372
14132
7474
684
3045
30339
39078
19510
27347
14004
35972
38760
5272
8712
15965
4228
3240
18831
5583
20569
11236
25734
26605
15785
763
21358
38704
37000
21412
13594
34799
20568
22714
28265
37880
6536
35949
5776
29428
17385
38043
28687
797
38756
20096
20010
13729
10323
14188
12457
8170
24759
14465
8051
24416
38198
2899
16703
15595
28809
10455
33418
22334
17117
23161
9651
32113
21600
38542
34680
33565
4006
21658
11639
28933
2083
17241
33163
18077
29773
12053
11470
35548
37374
16255
9814
18888
10582
28974
4861
6514
3465
7546
17499
12099
21842
11568
3498
7121
26101
30532
6446
36377
18546
24993
16937
20935
18761
2330
5196
10268
13964
23277
20169
37048
6700
15253
8743
6589
19922
32471
10688
11045
13257
32892
12896
22764
26317
18461
1054
1518
5785
38069
16627
33296
5791
16643
3885
26863
24399
35459
33614
34587
1043
32017
23755
11935
27047
34309
26326
13415
22190
28671
34440
2870
34998
13142
3858
9805
1906
5154
34260
8662
23597
30725
15370
9645
3184
16902
3850
34246
10976
23038
14734
37459
1615
15796
32119
35014
32505
15990
37207
27529
34169
9881
7537
27713
8768
10477
18664
31595
21435
18101
27372
14807
3719
16296
27251
13056
1218
5411
17768
23157
22217
534
12004
21274
37989
36119
5878
38424
10011
34647
15787
22376
33230
35788
15640
26033
36148
15593
2250
31281
26617
12238
38586
6557
248
23372
25231
28541
25887
20408
12822
34730
2693
30970
5751
10102
1400
25902
30775
2088
35623
7462
4936
38136
34632
34725
26794
2922
3119
10671
20883
26967
37679
11060
26843
9250
34370
21759
38779
17590
11159
34189
12479
6573
8741
4191
19939
16252
27696
38049
5786
33041
7835
25279
6684
17735
31562
36278
23913
32583
9444
6350
38937
26319
29656
200
30344
12175
5398
4837
17420
10718
7437
10561
28794
9705
12805
28388
34139
36980
13910
26431
8775
12161
30441
5066
2357
37983
22518
36592
22904
608
34817
4909
3355
38483
21977
10522
7710
30089
25824
18777
11100
13129
29348
23230
20292
23068
4618
1535
14709
30199
9763
31345
38477
29908
25354
1924
11798
12621
23667
34706
7597
36574
3825
35212
28881
9002
31184
1574
22308
4008
13933
6374
7154
12261
5364
4385
3642
27570
31461
33913
15452
28148
20897
26375
28338
16857
37287
29918
13833
23569
5033
7189
22836
20803
25617
10379
21821
25770
2664
28266
21695
34862
14363
19106
3188
19554
5431
8866
25615
2170
26262
27684
21056
596
4579
9373
36008
695
28273
2810
29423
27907
17917
8099
3547
37290
22768
28674
33182
36988
17911
3095
28935
35664
13795
28284
24316
8256
33438
30010
5847
19408
12446
16545
6482
34414
26419
32088
26884
9284
34820
4679
3806
32112
10336
26257
10023
13673
7390
