15397
7665
8233
32877
22153
13483
1317
1063
496
22496
32475
24024
22077
13285
29156
1701
12533
15058
15889
15640
12322
21656
6154
17659
4941
19216
1710
3324
2476
4246
22436
29706
23830
20820
6272
26082
25254
15811
30597
29447
5812
25459
722
3265
31638
5053
3470
13435
1930
21372
6845
33297
1222
17814
33094
9998
20472
32025
7557
6347
24322
13379
501
21227
7768
23088
31372
13659
34295
3021
25782
19105
23594
12106
21207
23721
26395
29812
11303
2090
915
24523
5289
35267
4562
7805
38613
18342
16521
11092
7242
7367
18527
3445
12490
36392
23979
863
26500
19009
16445
6448
7606
12747
8193
29279
23593
27516
28461
26607
34441
9522
15436
39095
9316
7325
22368
7868
24277
17769
825
26886
27584
28007
1937
6551
28915
9266
21067
26594
7257
9807
1081
11282
26508
32352
18496
7077
26640
26243
20915
26830
26753
1760
12509
38267
32788
3800
15246
8702
37335
3281
1428
32224
32261
24163
23423
349
16524
18480
5495
22292
14696
14720
8025
6792
26953
26298
37809
34816
26768
38342
3368
31640
32701
26871
13219
26381
18428
24795
8049
17261
18386
22448
8008
37603
30905
38491
613
15430
6463
27216
33222
21148
26218
23537
26437
9500
16071
11199
12067
35479
9608
11962
8958
11568
33864
37683
35817
36351
35436
15480
8428
10966
6982
29714
19678
35085
11047
31749
36495
21807
23398
18438
8429
26368
32440
31165
2693
9881
4515
20738
16964
33101
18145
10193
8382
5163
29072
29018
13654
24887
4856
18497
4697
2359
17608
38668
21943
19380
25160
4410
24653
10051
37721
1332
27002
14956
32516
36228
20963
5685
33576
2368
23247
11116
18530
19428
12340
4499
32625
27619
37646
7255
35368
3816
25274
21305
29292
10615
6392
13342
24442
6299
18063
1738
3067
17047
28781
8598
6997
4361
19501
33359
29587
16027
27950
7911
415
12818
36554
28167
2170
450
14162
31531
31880
20041
36373
3837
38970
21764
38894
32762
16915
37574
17258
4635
28991
21430
30373
33167
7103
8304
11069
29949
30421
34938
8149
969
28068
16704
31117
10868
4432
2367
26955
2551
27731
35781
8722
4057
19360
12051
19602
25036
36159
11889
3276
6188
36398
11083
24675
23853
6947
32350
31436
34902
32358
9938
24806
34910
10314
5853
22875
1212
38134
14666
25263
18879
626
22789
28300
36637
13979
24959
25729
30614
28847
2773
15117
10135
37604
13935
27591
9919
26180
23644
36455
32888
20086
32314
18024
11294
10981
27021
12006
315
26542
28205
22753
6868
13265
28377
4054
22962
20817
28427
23328
32514
29783
911
28074
31798
17338
343
16039
6181
22845
1012
22976
18741
19327
6239
28738
24383
30053
25060
15725
24384
9729
28926
10702
14318
15597
10829
33565
18882
26786
11901
11826
23188
16817
9888
28474
6311
31590
5305
9918
26489
10850
21745
31947
37391
20353
948
14895
22967
12525
19144
15916
16177
31203
18842
33388
11269
30036
8325
16058
12912
14022
6699
29773
34320
16877
37042
9858
29900
6238
11738
8704
17918
2102
30661
2515
20068
27052
37027
4150
31915
19956
26781
34438
2882
37704
24186
4188
12663
33606
21953
1549
33275
14868
17843
35876
7985
5322
13824
244
9602
27726
3392
31725
3680
34258
1850
17282
7749
36224
12956
9737
36741
32141
17639
24814
4483
2517
25937
22571
21060
24682
19907
32791
1040
28932
37295
22576
31181
26519
14786
22397
35355
30660
38402
2924
3703
2753
23150
11571
26465
27374
3328
33954
15529
16215
6250
1775
9995
3090
34078
12101
24868
19417
21637
14812
34409
3558
14633
36561
32947
31831
14890
18499
21038
14971
34218
12856
23759
33240
16957
10031
36931
18158
3478
464
23174
19377
19540
1500
31775
20339
29868
34737
21749
37514
31162
23926
5423
17854
21635
29516
25064
25371
9929
12823
27769
22272
10141
18326
34420
13779
26494
6630
38522
4316
20624
14634
36715
12660
3951
20167
14450
6573
18037
18862
34458
32712
4714
26865
37892
23954
10147
2612
3063
3660
27587
22622
13226
20561
13492
9026
4698
2516
3937
27686
28132
2560
35702
2533
24741
18336
27511
6771
6096
13856
2580
29012
17988
38371
28234
24790
33342
30600
38833
8407
30973
1847
95
28148
34730
8543
2809
9338
37193
19847
14556
9620
37161
37992
32303
21538
1047
28764
38760
6007
24940
1105
29782
61
3752
366
13455
5249
24064
33390
16285
15103
33689
2952
14896
24270
8012
9539
28328
29831
22542
36803
30678
26666
8548
24636
10165
17040
17400
10168
8580
21229
23602
33430
8699
36502
10258
28659
22109
6314
19797
3642
8371
36192
768
17669
24019
5433
37948
20949
30122
2154
25218
6529
6922
20813
24389
9646
33502
21611
37059
12268
29038
9322
31249
4618
14148
2724
8476
33616
7685
2542
10880
22797
658
29523
38443
13681
7082
27926
12329
15784
22987
32254
35420
35
1626
20956
27073
2168
29922
29552
31532
26421
34561
6810
17707
25571
31875
26780
1460
14272
15073
2799
16543
18821
37751
36478
203
24456
2953
13101
22293
5646
19284
25361
10403
779
20145
33414
15274
13609
9127
5426
29966
22936
16879
38403
34941
12316
32010
31392
19292
8917
20403
28367
31546
16044
330
8381
3209
18702
33822
17368
23052
12127
13501
37705
34841
148
26683
4059
37615
25869
13878
16387
30568
2661
31136
25724
13543
12147
10318
5868
20858
1112
7898
12388
16176
29028
16384
18784
29449
19595
10534
37271
8784
24742
6894
36047
29220
5805
14354
22267
37978
23160
37121
36066
3787
28134
25668
7312
6652
37556
1919
9383
38392
35536
2506
2132
5255
37908
8660
28356
22383
10355
22716
30005
10885
24308
7636
27287
31216
27349
30580
38307
16316
11125
33787
22927
32248
17699
22672
21361
33988
9333
11489
6097
36598
21716
750
22429
35082
38737
5676
13398
17349
11776
20593
16193
32780
31520
18113
32551
28166
29712
36969
14241
212
13817
22593
33052
17905
37847
22498
26349
13272
28011
30256
12973
15950
25545
23934
27195
36959
1106
6935
15940
3503
21231
3252
13651
24350
23505
16909
35625
29869
13784
35562
19836
7358
19734
17124
14154
22255
23987
17865
22547
25452
1914
1387
31835
20666
26284
34550
8000
6811
23047
19727
31693
19453
26488
20209
9541
26049
9181
1971
14795
24202
4376
36787
9955
275
10504
15682
16621
28464
23810
34981
11630
23674
27979
15733
23437
22093
29818
20531
1004
35365
7218
2837
31924
22102
24622
16937
32656
13197
8556
6724
19886
11821
10030
33064
5131
6102
31983
35568
11714
15433
34215
31972
19137
4127
11229
8526
19066
18151
23170
9002
1727
20999
19621
11771
25827
33228
15972
32015
38874
25667
16091
36145
22869
16861
932
17894
29019
31209
25990
22926
2947
30634
9971
35933
6928
9587
9234
16638
32986
19615
35045
21151
37873
13433
29369
35691
33614
26739
21723
576
13665
21901
28988
3029
35303
26922
29301
34556
22909
16116
37934
32305
34286
938
8831
14145
8141
36544
4419
4782
16343
8120
3712
36172
10725
20716
12845
18341
20604
18033
14921
32519
32979
6184
9335
27781
18508
30004
14046
16424
11242
25939
27881
22619
260
26572
15948
31062
12019
15172
21201
19924
21188
11240
1276
27823
22611
5808
6227
10962
5214
16795
16385
16189
30663
34984
31785
324
18162
4114
19919
5929
26100
10751
37529
23156
17072
10155
2745
1471
37767
35451
4652
17702
31655
32827
37307
23792
16796
10706
15371
26372
35253
1852
27593
37655
19092
39028
16157
38667
4979
21912
33351
19780
20269
22420
35734
35973
13544
3241
36217
31514
21168
4732
10863
34280
8869
39001
1928
4282
19280
33728
3849
33913
2224
17464
31826
22067
19698
32754
38723
34394
28199
34616
8649
22393
16683
35923
6576
19206
306
36840
9260
37283
13604
19334
26306
28886
14014
8832
31242
8732
5529
14670
12349
24768
7583
22813
14954
4526
18954
4752
27775
21747
15414
4921
11773
3365
3507
5370
35298
34668
18150
7401
7771
4386
31825
31052
19980
24843
4322
10783
24723
16450
29420
18608
38107
33957
19154
8058
18738
22168
30919
5179
3049
11306
28374
37658
34437
29843
37946
19054
14952
5092
22479
26577
11650
34488
19211
20054
22736
38459
11802
6577
32469
32904
24860
6387
16064
8336
16061
15239
20757
16610
22996
30622
5715
13750
24803
1284
34060
33066
34572
4146
34309
23241
38261
11115
38029
34764
7006
32887
25424
4141
34189
10837
8527
22852
23702
6861
24569
32836
20943
13378
17401
12078
20163
8659
34749
36601
25866
35982
34241
13314
31869
14589
23992
14311
1265
34114
3228
7130
13703
10415
36800
9230
18854
34886
382
34800
17049
2960
33500
21199
12179
15982
7351
12839
36721
35238
24355
36946
16466
28210
1731
27363
14312
1397
1068
767
12198
7079
26333
23431
32951
7213
20344
5210
24373
29353
5192
30165
20317
36676
27377
35976
32692
27614
16333
25562
12744
25568
3211
6365
6893
14848
10083
14800
37729
5723
23621
9255
30507
35620
2828
1873
10310
9714
34472
28722
35736
37973
8523
1582
20880
6566
7296
32343
36605
11607
25826
38104
34882
4301
29381
1485
19371
22105
38648
2272
27855
24671
14359
30545
17000
17006
24746
29395
27540
7248
35108
5262
12474
4912
2285
27402
8124
5446
38359
1341
11626
2464
999
31146
27106
7281
8378
27952
30400
27097
18230
21692
4107
18642
6979
22630
26654
8602
5623
30060
28387
22933
20122
4932
9654
27412
21142
33926
19788
11852
29207
3173
37643
14129
15689
16035
14979
13373
26241
31085
19751
31781
34787
19578
20677
15699
18511
23679
5260
11057
17807
2853
17995
14661
26011
8725
7149
2824
38235
26578
37141
21968
18205
15802
39025
25107
26804
7320
15440
22631
13490
35771
26544
26469
33639
8676
1539
20111
36621
19714
25621
38915
4409
18687
6764
13825
22002
1078
5648
35994
4120
24915
35140
38008
17795
25848
17658
353
12210
35095
4437
30480
2063
14719
3605
21533
39034
30315
23787
20795
17152
20189
13411
24697
8095
23162
34043
31524
33640
10590
15596
26913
30380
32922
19265
14486
965
26761
17924
30489
28951
38245
5273
7387
2784
28692
1983
22398
27443
16155
31568
16128
30718
4865
3775
34658
9607
10192
21098
37128
33274
25726
31196
7801
36027
5686
3418
34071
3852
30662
38591
25926
26431
33432
16643
13088
7499
33548
10582
12953
29827
22162
228
12338
2128
11633
16905
28677
24782
18251
27229
13059
2357
3162
36636
5049
24132
22441
9071
8691
1970
16136
38460
8920
19724
4170
2261
10470
959
19164
17471
37839
19469
11742
4082
5980
17766
9912
13130
655
27156
32027
9132
22159
35408
21625
29343
7938
24785
24652
2758
29893
36007
20922
4945
25806
15942
18059
31558
22992
29570
30673
25855
23639
26162
5782
25002
32412
38742
5383
37421
14903
8594
37062
15113
26323
30928
34699
31665
37420
11343
37794
13650
26587
4213
18703
34359
12723
33081
2950
27939
12228
14020
23002
10618
35189
21029
5703
38243
7341
28877
10465
29923
13216
18277
21774
19076
19439
943
2323
19352
11236
35210
33895
10022
31039
25155
23496
2875
19408
29888
14299
33352
13679
28206
33760
26634
5186
1475
716
9818
25631
34819
23206
1869
21663
17678
33349
29216
3581
23546
23820
7855
30039
14237
28370
3372
32087
31562
29013
26461
4933
24453
32617
33286
241
2682
38153
27927
23731
18750
2687
1418
20663
11726
15043
5792
16475
19581
27018
637
29466
4354
1840
29198
37387
19468
22250
1597
15891
21679
8248
12359
12643
24321
30405
6454
7574
37331
12657
28211
15536
20841
34896
36045
35970
36810
5462
17936
16380
36099
7532
33188
15045
20418
22155
34914
9795
2790
14087
3688
759
401
10111
2205
20821
35638
18095
25811
22244
16132
28790
32622
2501
30896
32093
36042
35486
13547
9472
35449
35818
28092
25035
28649
16593
28871
34805
36693
19118
27905
18134
2777
24065
35711
36844
16391
12378
7627
14969
7831
36920
23332
12965
21094
8139
18447
33076
17792
9059
11541
29914
27172
22237
1445
37156
3131
9873
7647
25005
17946
25326
33289
8111
34206
27696
26873
26541
4338
37689
29588
22099
8518
26696
13589
14324
9647
31673
34559
23788
32821
7088
22350
27936
38012
16065
23142
29240
21824
28724
10859
2381
3188
28165
24658
35865
31733
32635
1814
25453
813
5218
20228
2349
15621
17144
28572
22746
11868
28442
32719
666
3839
26046
20846
31450
29898
28002
7444
31109
23952
11017
22888
8173
22633
11384
4879
37315
25480
17529
12678
27084
5308
38898
30948
37672
28231
22396
38677
25111
6139
37697
14782
36489
7950
19610
11512
24365
35446
25186
17896
16869
22464
37255
12033
6213
7206
4989
6384
35440
5069
36482
25489
16105
21548
8431
12272
32708
22924
25841
29550
26557
8231
1444
2977
36361
15518
28750
772
27384
26139
13960
2214
31291
1542
11783
21276
26346
35126
38993
25010
28194
11916
33906
9267
33327
7330
1502
730
27085
6161
22167
6752
13448
38365
590
4987
38334
6627
4692
7245
23418
37115
1155
32641
1257
16790
13667
6565
23277
16319
30145
21918
4129
37870
29771
15232
22575
33461
26285
21265
13686
6852
3291
6432
30812
1872
29855
5875
15257
33561
37816
33115
5625
544
4066
14044
10057
37326
19467
7372
3307
3996
27190
20390
5928
33112
30908
7256
11103
2768
27353
15653
11008
2283
38429
8197
32682
38902
7737
14451
893
17809
22562
23806
31342
28768
38855
34929
18526
25932
11520
18809
25425
18566
20338
14404
12572
33840
32752
37001
12497
12082
5076
30459
16673
35745
23880
14858
12052
11179
18537
35748
7264
35534
38171
30753
13598
16312
12748
32273
13698
1716
38269
5561
30881
26316
6411
2053
16689
15510
3914
22240
1411
21459
31645
12438
8729
33140
37657
4602
32809
586
35279
35460
21847
3331
670
33792
36591
7984
12710
37164
35650
10903
21082
36266
23959
7295
22641
26909
9886
23093
12985
29948
6020
17452
9061
28555
36317
3529
14316
37254
10505
4168
26902
14498
33002
33205
4077
23236
25364
11759
14055
5476
20500
35459
6123
7327
31525
7797
10515
30541
19168
21942
37443
24057
34982
15356
25149
10026
23754
15794
35586
10353
20668
3334
32103
20244
25636
17004
13505
31889
22126
22373
35585
25960
34839
9684
12730
33769
3409
18817
37137
30401
28678
8427
26200
30003
36240
34757
12517
6012
5709
9898
36564
12440
9297
24618
2858
34041
28976
36434
35001
1711
20843
14042
28688
2446
18139
34272
313
26045
8060
31400
9079
23183
30438
10808
17386
18629
17455
19548
21789
736
13305
9779
20430
23768
35133
1969
34523
35768
5468
31632
9742
7492
29002
15905
27974
13150
6978
19874
33413
13047
9975
20932
15351
3750
21503
22632
33281
29127
32054
36189
28953
24890
24073
33977
5365
28273
3496
38610
9124
12542
7253
32533
25030
10195
27445
25993
26399
6050
7467
26772
5398
25093
27942
21451
7941
37374
7680
20171
13533
19191
38090
34308
37136
995
1989
1777
37129
18429
3015
27473
16762
20036
16834
36658
15823
17251
28502
4545
35949
3559
3437
7220
35822
35998
3803
38971
14914
28384
23031
5224
8603
2704
19142
37360
19231
3582
21707
13315
9762
30046
24201
1537
6776
22246
18840
20828
1382
28691
2581
37582
1595
35948
940
35665
34777
36839
37047
6903
8358
15775
25491
32299
2291
4343
798
27080
7748
18967
15883
32434
22778
28110
3474
13410
33108
31381
8321
23209
23395
24589
14418
34647
19687
20717
32064
5522
15748
22053
32021
38168
14066
35826
25563
30289
23556
3565
19622
34795
32335
8174
29526
7418
12633
15260
26010
28980
9692
17745
1221
37325
22422
21010
31004
17415
13639
33192
36689
29039
21852
30816
12821
32975
24562
11869
24605
17851
16730
21358
28494
10378
5190
35246
33583
20536
33204
11184
4273
20073
28111
13942
25083
21696
18541
20754
20792
18433
33208
10308
11194
34683
14262
19546
16057
11586
24441
14254
30643
11719
23409
686
11546
19894
38120
35961
27428
8032
2881
36499
37762
26149
33610
33147
1431
35681
18296
31345
31198
17357
8143
10096
28870
1855
18031
12141
36270
21238
21419
16301
35907
29071
32615
22004
22857
27870
20337
1564
19697
16513
38519
28527
30316
8202
1384
26511
2455
31114
36997
28418
38332
26201
20750
2353
18088
20682
10005
15546
9348
22906
28834
36883
11518
19432
30931
16468
33337
34516
33234
15012
35840
32629
18248
3720
25620
33015
30399
38509
25045
23041
32982
17996
32956
29055
31155
4326
16835
37895
22107
34222
276
9865
2967
23438
110
18785
24110
29239
18130
30607
1368
4984
25494
1434
16099
23858
30002
18216
17845
10159
10754
38765
5713
7386
13358
34842
15416
7498
23342
28039
21638
29763
4838
31204
28595
34960
15669
5040
17158
23379
38951
36272
36662
16096
22152
2460
36992
38113
102
16826
7217
15703
20989
11795
9598
29858
29419
22469
13775
20048
18609
28708
2541
25428
30008
963
26867
8840
38748
9106
7518
17177
4422
38788
36944
37608
36757
3280
4179
11216
38724
16462
29628
28811
10884
28158
13329
31637
20776
30305
16692
5290
2317
33417
15029
166
17408
2801
36984
15208
28089
18742
4814
34013
15143
1515
16477
5977
27036
33695
36599
30556
8414
4857
5642
14906
27848
8327
20572
7010
22148
4506
121
7207
37791
3884
13864
38532
15345
594
14090
8252
27706
28170
38967
33998
9067
2983
1648
7208
23540
32245
24885
21801
21392
34040
11628
15412
15228
4712
24703
32826
14877
22957
29866
3016
7830
17375
7621
13506
6546
31260
27876
1178
12145
14185
1283
23461
14467
18006
14373
16439
38388
36271
26
9139
13932
15901
461
22296
30982
35048
21185
10062
33026
33336
34843
34178
3406
14355
33353
13625
38093
28197
5102
33669
13326
21169
34807
12578
11291
13275
38103
35685
15067
31612
21945
17120
29993
18010
8454
38381
10376
25255
3886
36304
1330
20460
16317
30131
28470
38276
23746
14763
26895
12418
30842
31824
5652
26584
17226
33746
35592
37131
36067
29740
14976
20958
27128
7286
11734
5739
13929
38383
37799
20143
21061
21224
37092
27006
14616
34565
20806
31363
15591
28673
13910
23953
22266
21024
33344
27869
20616
18971
14401
38238
28081
32967
30247
11902
7020
19869
35978
38709
24128
26250
16677
33028
24962
12186
16990
19805
5736
14543
37195
11110
17694
26256
15408
10877
24518
10397
29985
1787
10219
12083
26208
24372
14797
17926
34887
24229
13973
10438
3747
4690
38314
32822
7660
6526
38551
3636
35911
24810
22087
20465
18072
32191
11781
25526
20343
32695
1572
9719
13209
8075
4258
28264
35879
14492
10390
29286
28625
37174
20770
38253
38869
26414
287
22439
24106
19055
37664
17079
24699
23071
3629
35307
12454
19673
29405
8331
31571
7232
34287
28229
12554
12949
17312
32318
34670
36405
30213
1474
16436
25681
32733
4492
20502
1659
21166
1986
11140
37863
99
7882
28217
20639
4428
10642
16423
30324
33620
27181
29241
36898
7514
11415
3808
8600
18926
34326
3810
25080
10579
7143
3018
20190
22634
12095
5300
13128
9121
17053
12612
32588
17989
9087
36004
17735
22854
13928
28130
8912
10928
34097
28254
38124
25587
33122
5400
31357
5238
32281
21987
27151
30110
34636
6147
32675
30658
19386
35289
8255
33657
39026
23405
25478
11100
15776
28912
2148
34818
4458
8675
36831
36232
28895
2895
128
1824
12512
10248
13193
18670
33772
17883
22768
5836
25565
2172
8477
4486
11919
30701
28647
18196
10291
14521
20157
6297
3149
32148
29600
26080
36927
17481
29175
19654
25824
16500
22620
20290
18431
19093
32921
36570
33889
32464
28681
24664
35453
37145
22851
23944
27470
32808
4862
13906
2355
26538
37774
31671
27730
25805
22501
28661
4406
10032
4820
37417
26890
24336
15486
27337
22080
31333
22795
843
18050
11357
6355
15720
32906
18032
10167
14629
7897
27033
31812
24473
22389
8644
23978
1091
35353
25859
35049
24534
12641
6538
8550
18398
454
27459
24552
23745
25925
4447
5266
3170
3335
4257
32518
29696
24269
27209
23214
22849
28514
34576
5964
6536
38571
31274
10686
21960
10348
27227
11109
38789
274
18302
38794
18061
27889
20131
34464
735
19986
1050
18404
641
6897
31808
21040
20246
3102
18823
13200
17332
6040
13711
36262
23320
18284
1176
22921
28654
20534
28335
18159
32313
35773
36208
36556
4261
36755
30510
19323
2721
12098
3130
29302
23138
11148
21618
32802
23637
13875
24563
4967
23633
34822
35882
5089
24037
33117
16626
16917
35977
16856
36011
13257
31999
20023
20555
29476
21941
3313
11700
21077
38091
3999
36900
6366
4840
14989
18042
13920
3950
2294
20160
23133
21889
27660
38976
33053
39051
495
17224
13574
29437
13571
24446
26987
17679
16133
1163
27692
37066
28565
15968
23250
36949
30395
8455
18451
38553
16216
27478
25627
10331
19259
10466
3208
14934
1785
38437
10625
33779
23253
7699
21582
38309
36345
23897
13826
4135
21086
14053
24978
23630
8528
9889
13614
656
9389
12007
6778
16046
15745
31683
28982
23735
24587
6028
5731
11085
36918
35576
10744
19370
3987
24788
5662
21214
37781
10693
2466
10061
907
4123
24876
13121
18380
15085
10967
12609
13998
6256
1666
22086
37656
6168
30918
19824
29774
19027
13565
29919
30167
11775
21806
9569
4440
38228
21650
26949
27985
27653
27175
29444
36720
13608
132
37031
14198
8182
7280
242
18101
24492
24756
23831
3426
14753
16572
14389
36819
38968
19173
13468
23038
10546
36014
23525
7656
25170
21467
1402
28021
22233
13616
2487
23001
35666
30786
10271
17578
2068
25056
19486
19344
4846
38999
1018
37235
9013
11286
18066
15289
32666
35975
30985
33535
11569
35862
18990
14085
27916
15589
10317
32988
22898
17050
489
4776
20154
22832
13
31095
22164
22663
12788
19337
18976
30655
14410
342
5371
7773
23198
3730
38480
17441
12931
4594
13093
13522
20985
36513
39044
7339
30987
4706
39031
10211
6899
26659
36893
37463
5293
33630
27276
297
15174
17555
8570
27206
1803
16300
30220
14691
8737
35117
28073
4264
28209
18132
9820
33407
34676
27627
10011
31564
22318
15393
162
34431
36994
30460
8160
9486
30745
5239
3674
25955
16327
16830
4781
16616
1190
6599
30535
18577
21119
28223
21055
15452
713
34427
37185
32755
6352
3393
36322
30780
39109
67
2111
22230
2838
38497
2699
20875
21609
29800
18934
27003
21105
37784
23949
20994
11273
15108
14887
7120
28631
16348
15074
35841
38766
20611
32597
28034
4927
1985
11836
18070
34251
11010
38691
19457
5235
21164
28901
20314
35783
6045
6905
23586
34667
25840
27088
37453
13903
24153
4030
1013
10300
33562
32377
36600
19618
35127
3161
36830
29140
15451
34992
21206
5196
5112
5894
20382
11143
17595
24407
34184
22003
27492
35675
8933
28121
32016
89
17951
10707
33012
30264
18410
31896
10630
28560
6639
11654
14645
24069
12899
9536
6712
6865
33126
26984
22208
8026
2821
1370
5441
3204
37834
7687
5074
1238
10746
13302
6211
7683
4102
29786
1049
2709
8345
7564
38114
31551
12113
37827
33557
12269
38118
24352
255
34329
37282
243
34845
18215
19876
34525
8082
21868
20623
20755
22535
28711
17526
13559
18494
4299
31435
37912
27717
20363
26842
4498
15185
14897
22189
24635
5494
16931
29273
20967
25832
19913
8409
31659
10494
20450
27189
20067
12954
20905
108
7854
25316
33664
33744
31042
2849
4341
15587
2755
11656
10622
11346
7704
34336
26131
26106
16368
5331
10821
34207
18003
1297
698
14536
7111
36990
20434
25421
20740
13879
15697
4964
8666
33452
3855
2435
3614
17084
26413
3387
20119
36319
28014
6555
10852
17619
25772
30877
31193
27577
21776
119
3088
30680
32665
36131
11865
15017
37151
18824
36006
21504
14692
28872
726
26669
33690
23970
33803
19529
3728
21543
10206
31895
22750
9669
21454
6223
23734
3890
8016
35853
2999
12105
15325
27250
6994
38138
28417
26018
37081
30506
11609
6901
15572
13794
28299
10266
24198
35103
23604
34430
34210
38088
30045
17950
1145
2869
13205
20573
4794
30224
9220
2312
25861
20387
36555
1347
6995
32152
20006
33161
32738
16585
20921
27278
34611
37363
18697
14913
5583
14919
12081
4356
32759
36654
5746
1098
22707
20365
35718
5637
24585
9480
26677
28175
31407
27329
22568
20701
27757
12999
11891
9017
25014
3627
27959
7271
26396
9688
29472
35633
9498
36122
30308
10244
34063
1550
13092
15311
33348
6799
4909
10606
34527
12117
1071
35866
3146
21584
8855
30495
33941
22201
9844
27016
2004
37003
34631
36340
23848
15314
477
30954
30547
2583
21351
37703
12671
17509
8401
77
18913
34848
6646
38463
30936
25456
32196
20942
21383
3469
27448
24169
27826
9319
20681
39076
10768
6484
36019
25755
14597
7344
38526
15066
38998
17391
34417
1895
11998
36182
24084
29182
14256
15053
17964
5221
13138
9115
24238
36696
36747
3319
34014
14432
19957
2125
9145
6669
1680
11037
16014
9111
1158
39107
6688
3110
37281
8086
22045
27499
3185
6441
7650
38601
2422
3609
5394
5061
956
33982
34070
27455
2492
24683
21657
6103
13149
38456
22790
33191
22311
6858
6270
16735
23697
15812
28179
13006
38434
33067
2734
23290
809
27404
1728
17416
22381
2109
33097
10882
14091
14789
19866
24995
38965
16993
33163
35013
24434
24933
28820
22855
4693
249
23632
9081
30976
27671
11476
6895
24103
36683
6653
25401
32283
10629
13158
27113
37484
11065
31138
1664
16372
31421
1936
7653
7479
36138
12010
12259
14019
34660
31475
5869
27359
10883
35980
5153
14960
2383
18705
22454
1191
31206
27899
2817
25736
31540
18850
33655
14653
24969
21708
9554
27783
34229
17868
10991
23208
38173
38263
25315
35528
13168
21035
26252
9194
254
18068
11312
20672
24134
1547
8945
18170
19390
33079
32236
36326
1533
11072
35434
20703
35064
26382
18346
19708
2131
20038
4287
10381
38936
4800
14238
18972
23620
25863
16291
36914
37538
8579
27050
33570
23612
31252
34065
38856
32023
28869
27588
29700
5761
38867
16627
37216
8883
24977
24834
1060
3793
31832
2705
36378
15105
27734
24651
4008
3369
34949
28940
37493
9493
28919
38850
9391
22582
22704
15375
5422
25219
9370
15258
35531
28496
6684
25378
16617
29105
13199
5691
27640
38807
17377
8647
23224
945
14093
38423
18074
30012
20637
24013
16558
24045
38385
4986
25072
35618
3807
4864
10000
6756
4311
24547
33399
27672
37006
26745
35869
15635
27019
17544
383
5487
38786
31300
30227
18335
4002
23336
14600
13396
23566
34197
10893
12085
30990
282
31088
842
29024
29054
36110
29
33775
18514
22036
35972
38300
30457
38580
17877
14047
11987
9065
13470
1851
3033
22335
18880
1802
1374
11278
35997
24571
13640
21339
30204
7563
36453
26127
19826
5542
9751
35989
22735
19818
18917
38477
23956
27601
11601
34538
4554
24022
3327
11953
28908
37738
2184
38806
26265
20330
10689
36431
13196
27212
13445
15867
25358
18338
18811
28949
31920
4566
13096
31743
15717
25887
9747
8496
31210
9992
33150
23118
4063
6623
36311
38474
34204
17051
28108
14813
19074
33751
7461
24498
23868
7016
17751
27129
25537
5540
33668
14155
31237
22694
35859
37540
6825
38427
845
25147
36301
13000
30219
19962
15465
2654
18679
23769
1627
34546
6698
16979
14357
35075
8836
17875
239
7252
13393
12553
16310
37177
10628
3913
3364
27611
2812
38144
32729
31805
15149
22711
8862
32994
24176
4978
10956
16836
20136
16788
21084
38612
661
28638
6081
16667
23993
7767
3928
11455
7260
12389
21426
19905
35450
19849
25365
38048
23023
33451
25911
19630
25207
9560
24043
305
36
16670
36364
36578
39048
18560
2775
17651
13508
28161
37995
21698
23617
15980
33676
36797
1294
37323
8990
11444
2089
8272
36569
37461
38911
5002
17798
12955
19541
14226
34046
8087
38761
25305
23051
25979
22798
36765
1361
34977
19242
32506
31818
24329
16074
8437
21048
16791
38769
4904
21366
25484
21278
23279
300
24578
18709
15042
7573
34776
1343
514
20249
10099
4858
13186
14427
9445
2683
1352
354
35263
19861
29594
2430
2101
36742
30602
3165
37408
12709
25943
22511
8270
28214
4333
36338
7734
23117
35662
34453
2256
4270
19335
5774
30073
12092
4074
3924
32853
25606
10552
10153
6402
36965
22257
5283
26506
15946
36761
31829
34183
35928
4491
1177
8384
24006
25118
29755
13108
11930
23355
21860
34007
25281
12146
7565
18435
731
25847
29730
30832
29360
23908
36593
31636
19151
7869
34150
22824
18225
35464
13644
27735
23538
19626
17800
25536
3604
5027
37813
26476
16946
10778
28801
10214
3124
17096
33832
33571
6324
24055
31745
28339
38563
16907
11155
11870
11131
20457
5754
18381
22258
16674
18328
1632
20003
8884
20350
18510
11277
752
32932
20674
5207
23046
18392
15091
16149
38552
11709
182
23415
38435
3032
37359
16120
31941
32173
968
38428
15668
1268
1281
38743
11252
9166
12066
16054
17235
9527
33623
18504
12562
31019
1478
20706
27062
11490
12853
31519
22008
36859
29652
9660
5865
37013
2002
7071
31314
29929
9770
11033
15632
14676
12018
2868
38611
31660
22897
31452
18092
21554
6114
19768
23718
6163
26251
26240
37447
138
6175
15795
28969
5396
7240
24879
29014
1827
2997
13031
31697
16382
34857
3451
36219
15318
15564
25665
2920
30201
12982
24886
34196
6307
10091
16354
26042
21112
38133
8022
38984
9190
23221
31630
15611
5624
15711
13261
22760
11620
2432
9123
28689
631
29535
19726
33735
30088
20252
36420
21387
36258
34253
9001
7588
7633
9990
27630
14364
10048
16760
14289
34224
7034
12284
15601
23819
27117
24559
38175
21767
6415
2834
21139
8713
36449
1256
19052
3743
10400
2626
10942
11798
17645
26563
16154
22050
21778
2115
10898
31713
22119
6725
38575
33883
29599
25707
37376
13751
24119
10058
10972
34171
19094
5243
18283
8587
13165
98
37267
22804
20597
38360
6654
16502
35847
2352
28162
30502
35148
2779
29879
35444
3155
23888
10960
23907
2873
20629
30043
33229
18503
12449
21699
37384
23386
37104
6640
7392
20554
36596
6716
4806
8216
2670
18266
8474
38316
27965
18448
32265
37919
26260
4625
4931
2629
18719
38190
21561
16965
8661
31348
4191
17549
1633
38565
29051
16052
20592
18686
38735
15627
27538
13156
33142
20648
32160
37571
19704
35114
24374
19796
34061
8693
11466
16151
30014
26104
23506
12176
31530
29399
28742
33063
30299
17841
30703
32409
5546
30413
5955
25114
34324
23176
16900
9350
29153
7711
37361
24156
38271
21424
38754
20039
630
25087
10324
24237
6706
7288
11112
3348
11361
2929
3562
19934
15727
36118
34088
14005
5101
7615
8185
34617
9703
12976
23210
9817
35199
14478
14733
26271
2045
35401
13721
36788
25239
17010
11973
8040
36876
37583
38354
11394
19104
14905
11113
23258
13103
20179
29043
22170
3069
5750
11637
22270
25968
3864
25992
22958
34861
1848
1905
11613
35388
20578
19898
36412
24929
3843
38750
24570
2601
3465
27159
13554
35304
3858
14883
10996
18362
14125
13948
23614
32536
15324
38633
989
1604
24877
37630
8491
9695
8563
11608
30546
3125
7453
35955
22738
35498
17915
30730
32714
23730
7823
12477
26706
4204
24359
4777
24725
21814
25694
16582
14847
13413
13859
1272
19802
22146
27741
632
23412
20840
32585
27888
22770
4809
15217
18174
13666
26566
3485
2267
30368
32384
27004
21063
17469
24981
26110
5801
10092
1993
13771
13352
5904
12717
23498
20736
1118
16602
33196
14043
5908
25764
34303
2964
26470
32367
18993
35621
27093
36341
1846
20220
8077
38597
5617
31839
33701
20625
30415
33645
368
38795
32169
3733
636
33778
25208
4065
25308
19201
23481
29708
28594
32425
16653
12836
13845
20761
32408
19717
32587
27915
36278
24009
2250
35302
32213
38305
25641
32149
25220
28699
18234
33020
13724
21737
21481
5543
8758
25298
15764
37869
26967
23033
21051
19582
1375
31014
3875
17025
14608
18961
12193
29320
18014
7992
8328
18924
13064
8051
1950
8762
9892
31561
16542
14426
34654
36417
34260
19522
24051
17143
12858
8625
2123
26219
6917
24142
30040
24797
34827
11808
15820
13279
38756
21560
38361
35966
33316
817
1213
38658
19524
27970
11881
8534
3341
14223
15459
32578
18359
6717
19275
25629
25705
26120
33838
29204
27810
2095
28977
6193
30090
12410
19376
19310
35692
5188
26742
17954
1589
2653
12589
11356
17721
3323
17523
10225
6966
36650
13404
8412
26533
25690
37850
15860
37449
6201
37501
13297
4736
16159
9629
12064
13515
23284
834
20256
860
31134
9344
2856
1900
37004
9416
8307
32965
33487
18408
33039
16646
15898
18219
18297
27624
21417
27773
21226
7235
7124
26070
13166
19277
39037
6044
30721
1504
21674
28960
21724
13282
35348
13558
9236
4890
16400
7276
14607
37654
4607
3078
19537
25082
22621
7190
31864
33876
29576
4152
28592
10307
31887
34294
29067
8985
34435
500
31854
9985
4001
17942
22776
11259
30944
28733
17785
13965
36178
33763
9006
33428
16608
23682
26758
29094
15370
9170
22280
35397
34718
30910
3196
26267
27808
16006
30769
25339
26007
21353
12247
467
13607
12280
37929
2292
20661
8841
36620
8324
34979
24965
23940
22805
13019
3574
22807
21828
364
23166
5452
5068
13147
36617
36388
14227
31784
2328
28974
6786
21743
36547
16793
9155
789
30113
25242
1600
32694
35190
19715
3020
12153
19686
26452
897
33595
35501
35205
23163
7417
17031
6049
36124
4795
20650
11957
8342
21250
34384
335
32042
728
28453
27107
13908
25226
19659
4371
33849
1820
15902
24123
23177
8998
25436
28747
23764
14481
24464
19414
2740
34996
18108
22466
35421
2500
10790
14166
37837
10856
25399
25403
17597
5998
14144
28345
21615
34085
27919
17091
4075
7539
10682
16088
7181
13717
25949
25150
34738
24211
24888
13702
29616
37310
26908
11221
30471
19837
5500
18600
9485
29842
5031
13254
22889
28
6252
33420
12786
30133
28945
13658
7975
28004
11129
33992
5740
29743
19733
17039
21302
23693
10656
29723
12276
37166
29673
16889
31317
4211
3822
7578
19455
32880
3296
2144
29790
16709
21885
7405
6385
19464
4442
24533
21642
13572
15756
14767
28753
16401
251
2923
13253
32106
10717
6393
35724
30887
30444
30236
13743
38230
17088
14552
1305
18571
16658
32835
18766
19010
28431
38268
24047
28322
31253
10577
10236
27515
14023
30789
25870
19089
10344
18097
16408
20424
10775
11051
15367
15169
37306
3233
28440
9496
25666
14438
22685
7009
1960
17117
9159
16250
34859
37399
7710
20079
11965
18476
22321
15112
3275
12014
19014
31848
34091
2239
27049
36993
14365
5032
34990
8766
13330
30067
14460
24841
15702
15300
14964
34672
13521
9969
16595
8614
31026
15152
9650
37014
18026
21937
9476
14112
20810
22821
28221
2020
2449
36615
35240
3104
5725
1211
33284
4396
10431
27081
25769
13593
31070
2718
37502
4937
11567
5251
12925
24743
22678
31789
883
23733
14591
19562
30434
509
3569
9879
27257
12951
23434
11336
19807
28725
23860
17804
30340
23777
7674
604
13324
10658
19646
32530
24539
8011
25151
17540
15910
34999
12
23127
23761
37349
33408
5658
24750
22977
14233
13892
28242
33069
24531
20493
13079
15688
37985
32515
6517
17012
22017
32161
33790
9108
19447
3802
15328
18812
16010
15297
22793
21220
18751
16138
38355
14757
32386
15870
6403
13720
1810
35884
33581
12511
29131
31799
33144
2892
10987
16357
6909
25393
9336
23541
13267
5012
22395
24152
31933
1609
29274
7273
13162
16664
22298
16614
10365
24696
38506
31548
36786
26705
38614
20421
5127
4042
3337
39102
8289
5204
394
33248
33961
20507
9058
24919
13848
1476
11929
6887
16130
35873
16028
20479
23968
17682
22269
12665
28720
25818
23116
13202
27873
20285
36386
901
37046
14785
5046
32805
17447
35029
12439
9634
35342
24102
16741
10990
2726
28852
6234
25032
31281
16053
20061
20106
23762
6001
13230
20238
29611
16512
16777
23670
19658
7491
7513
34031
21443
34867
38240
18102
22644
15647
34112
3260
9085
12889
27856
29342
14027
34021
39078
26843
10480
11513
31916
10516
15490
13333
25873
25022
22133
8976
12591
13623
12136
32728
18290
19510
26596
34288
32696
20908
8947
9632
7521
20040
8969
36133
30964
31627
34032
7494
2618
11553
35782
32747
20808
15878
25714
27563
13937
27681
4181
36666
37178
31033
17149
36653
39006
10797
9029
35393
38033
5581
37188
27961
21009
7611
28016
10663
12285
28333
20647
25659
8201
7381
29245
8829
17570
26332
11519
32178
7216
19305
6267
2879
11317
5444
18467
12784
29180
12759
3702
24550
2376
22500
4884
16221
20857
9851
3737
9285
22870
24893
21274
26525
29412
782
17462
22904
28258
8984
32677
6610
12157
15713
796
20955
4382
10485
28501
9603
27436
11725
20516
24678
19994
23083
9200
21368
23485
9242
23565
25312
10046
24566
11715
13854
15090
31859
34232
578
29678
17743
4696
6798
14531
38921
25895
657
3101
7531
8818
26185
17569
37094
8103
25132
23890
16615
5919
15352
25139
15843
30194
8696
27573
20028
10864
360
10339
6800
25324
12135
31600
618
38827
1000
30955
3541
36394
27872
36169
20799
29796
13383
35325
5931
27254
10173
26069
36804
27920
29892
7645
23985
21882
1634
18867
6030
25389
23846
16222
37957
5419
23657
19050
28351
19448
28524
5407
38620
1319
1260
7272
6973
10519
12693
30697
4897
28628
14182
19831
36106
21412
34515
25646
19291
28270
9558
18369
21842
14992
12466
38683
4832
34433
12658
2235
12932
10907
13239
4487
36055
37637
37257
6451
36486
29582
31036
28102
24053
12870
34386
14593
29791
10129
9409
25198
29746
36933
33712
32764
1560
20173
3198
9530
36829
5956
30807
34019
24958
16086
26643
36532
21111
34068
25746
22082
12995
9658
24856
36533
10655
4217
33238
21861
19361
23124
12494
13938
23312
29066
36440
5891
10989
12540
15624
11860
27496
32127
482
257
6167
413
12414
17253
27785
30912
25741
2562
27308
36685
32256
34582
37256
18531
8805
35457
9799
3475
16062
17629
14077
36602
22743
14828
16370
5499
25745
36751
22023
28087
15876
31447
27928
29193
16409
22925
4663
2425
33963
16912
8451
25074
18790
6687
4167
6031
26638
23510
34791
31411
16165
13530
1686
12735
10952
12035
38711
38617
6691
37974
34337
3857
10277
36237
18678
19474
28744
32481
4558
3053
28241
31594
5413
28508
36021
35793
5813
4478
21446
17246
10603
18282
11892
14081
92
104
28987
13459
9176
8816
13310
29816
31964
19290
3778
32135
25603
18295
32241
14798
33433
34461
4744
2209
35068
13002
120
3679
21402
6731
27615
38831
23255
16448
5321
5876
29586
22478
1858
12337
29875
38844
37055
29624
13276
13514
2741
35731
3607
5607
27302
4665
33431
13499
4283
7136
22038
7404
18424
32858
23786
7972
35399
30883
5570
18940
6730
20539
1663
2443
14857
14722
38772
25449
35657
19889
26722
26812
28184
24873
26775
32326
32630
24829
35616
22301
602
14280
2969
24489
37024
26105
7745
19472
23265
22802
35990
17900
24610
35663
4076
928
23790
985
15740
35392
14026
25348
26948
6187
7885
6170
27531
35099
13014
35604
34915
35226
24347
26838
6736
8880
7752
27450
1856
23977
37523
26782
33989
37026
27020
28658
24869
4056
23599
17714
21874
15006
6203
23413
37742
6633
15122
33797
13374
13699
18401
12192
15290
29988
4825
14443
25756
13710
32424
34421
17882
26229
941
15493
39041
29163
21175
25604
33796
28950
28746
12030
16032
21364
4280
33755
17204
35750
6266
33942
18179
36678
24736
18177
19330
38812
2230
19139
7643
33506
36330
22668
7195
25380
18298
10382
34432
17121
11390
7008
5663
7662
4347
12984
1189
10639
9041
34612
24553
31076
20657
17826
24802
8951
20990
34086
11054
38505
27271
3555
37947
32869
20319
1207
27196
5815
14398
1244
14564
30862
26690
37820
27659
32321
6437
21242
37249
38036
8046
22749
5486
24116
15607
1994
21124
10587
8522
1220
36956
4591
524
917
17656
24544
19864
33464
17078
9366
4914
22941
38966
9371
13512
3571
5517
9506
6961
17411
35055
11411
34983
17178
30800
8310
1170
25958
8099
16800
16848
3592
23948
15248
1670
11625
31385
12274
32540
14792
16084
11717
14358
33646
9458
25175
1195
29339
29686
2342
20118
28589
6006
11495
25349
28180
8524
29278
7860
16563
7135
1768
4878
4577
11548
3510
38949
5975
35587
14514
5849
12682
21350
10588
20784
24620
9268
26090
21887
4003
267
18348
37009
30817
5789
24120
27082
15896
7191
7914
33897
12827
2810
9526
18771
35282
28064
27646
24131
30808
37745
32246
19749
16977
10149
11142
5674
14962
24002
8680
1206
31716
22081
33189
35584
4686
18887
17147
31741
5804
21320
8891
16111
21689
17913
11235
22836
18082
30124
19357
11314
27011
13388
34139
5041
2807
21529
16411
15078
3114
20850
30205
10951
19580
20444
23185
34396
33869
24676
33671
36519
12505
1944
21233
29256
17003
37175
6118
926
27809
122
27645
600
38301
4171
33953
37489
3587
28482
21928
28352
20352
10124
20988
21655
34122
7764
7859
23087
17256
30567
25961
15937
33454
26460
12756
12805
10799
8181
27372
33298
18268
17643
2226
12286
28041
4926
13692
22149
29103
3072
9110
5573
17789
22161
27668
23643
27737
31310
10432
2322
568
6398
3046
28602
37510
28407
24945
9715
28278
11408
3900
29354
31932
36384
19018
18682
543
28398
11817
36285
18889
22522
10811
17043
31083
6274
20043
35122
21892
26644
14258
19975
32286
36869
3468
26108
27234
35194
26147
22
2338
22553
35239
1881
11441
6918
38771
19747
3371
309
290
34771
32036
21766
12363
1307
22873
3952
14555
24765
52
35398
30221
18778
28836
7155
5859
24137
1197
17446
23628
36897
27547
25211
14108
22754
20191
18195
31307
36289
7569
24576
4788
18361
30702
12948
30740
11232
36973
13307
31527
1898
333
15119
19641
11105
23668
28975
14021
38791
961
3725
18165
7872
25730
35849
38426
10209
26114
10801
27434
35328
22300
27034
4939
30549
6726
12691
38329
19058
8312
37093
5921
35023
38690
7886
21349
31578
31458
10798
27680
14186
24946
4292
21604
25844
22725
30710
3557
22809
19731
6172
16102
18536
12824
22363
16242
32375
23843
22661
10924
36903
4048
29357
28962
5509
7852
18360
25046
2067
601
7385
6058
9769
3128
38465
17893
36981
30086
10303
30533
13061
7762
22969
11208
20773
18462
3121
34027
26606
28787
8194
21375
33393
20718
5880
12829
13173
11165
5596
36253
24001
17799
25204
9118
16887
15509
14554
27466
13456
36934
38375
26743
31661
4331
28029
12842
29676
15220
28404
15170
24440
5393
33418
21863
11516
37010
20185
18646
28888
8531
22819
24680
20610
21528
25406
5720
33547
21754
4596
4155
33828
28705
36971
30818
22187
4523
8351
13437
34067
4530
17945
4886
29315
12325
13682
1125
7876
26839
44
25026
33255
5465
6553
30182
8802
31148
4674
33082
25963
36261
11012
5151
9538
32659
25731
20026
21486
21123
3419
11174
24004
21919
5110
1924
35567
24477
5474
26412
32323
26914
32702
31893
15063
21711
18559
3537
5678
10444
20469
14955
38312
19875
20997
19301
20564
26824
