3503
3267
570
3184
899
6677
8253
7907
789
5278
2215
7439
1592
3109
3242
6555
4488
2615
6675
3958
169
4184
7992
2497
4443
3029
7833
6628
4539
709
7309
1007
1165
7969
1093
6143
4708
3069
805
6589
1479
4441
7319
1718
3345
5688
959
3432
3212
8509
7872
1190
2533
5803
3270
2587
1239
3174
425
5768
5427
7964
7519
8417
2480
1288
5147
2626
1504
5870
5286
3701
323
3821
2836
1837
8510
984
3220
3671
918
3710
3990
7832
5985
1017
2347
8286
2391
7498
2100
7675
5816
2330
3561
509
5434
3436
90
7937
2196
2061
6014
5655
6797
5496
1522
4606
5268
6010
299
6608
4150
277
4241
6942
268
2088
7482
7622
967
23
4427
4572
1269
2640
1607
1209
7036
4739
5687
5943
6110
2875
4573
8132
808
3
7931
8194
7236
8380
1676
1368
3770
7334
5421
2123
8040
6118
3498
5
8245
5678
8420
2014
5925
8123
3685
3819
8563
2376
217
2325
3564
5737
4419
1708
2633
2117
8160
185
2712
5076
1840
5473
2529
7173
6061
8787
2656
5924
8079
7298
2320
6087
8429
2545
6317
5052
3910
7254
2800
27
7131
7209
8561
2259
6270
8057
3733
5767
2364
6722
5877
6200
7839
936
2762
6985
3595
4727
7086
6039
8503
3005
492
7696
6403
6904
4071
5174
8298
3472
8769
5047
2160
6751
6459
1358
8189
97
5654
4789
2682
7892
7846
2914
8328
6639
2572
3728
8651
7506
5343
1038
7565
5801
8285
2189
3644
6871
2409
3639
5895
6351
7628
5645
1960
1212
1097
6397
432
3138
259
4953
4798
8744
1177
340
3718
7128
3919
197
2671
8405
457
1283
5675
8471
3293
924
8223
7669
5719
3428
6380
2898
2577
6272
7217
246
5940
2444
5487
7588
2760
6541
7119
894
2600
5119
1711
590
4840
6682
572
1945
1468
2478
863
4280
1766
8697
2129
2261
518
3580
3365
7637
5265
4313
1891
1854
7089
2493
3868
5780
8667
6799
1182
8511
2418
3401
1367
1149
3372
3549
4993
6203
3747
3971
3861
6684
2453
8174
929
3178
5237
6401
7657
6713
1116
1842
6714
1024
4393
2131
7441
8305
3482
1455
7289
7475
6634
7812
5377
6577
3587
5650
1734
4360
6598
7083
5810
7338
6037
6258
801
8126
5747
193
2544
774
131
7196
6660
6204
3441
8629
2960
6611
2705
3319
5308
5329
7513
1095
3531
4366
529
3544
464
2809
833
7403
4560
96
4608
5663
3798
6097
3524
2026
2060
7418
1549
7652
2345
1295
2817
3881
5651
4428
7736
8714
8310
3742
3447
6923
5390
4627
47
5225
215
2934
3702
2304
4737
7638
3271
8465
517
5056
4063
3945
228
366
7149
4526
1383
4915
5733
5894
4211
1070
1311
6669
2377
5742
5637
5211
4306
726
4704
2193
5232
3526
8484
4730
6550
3073
5531
530
2636
5763
6076
3903
8105
1013
5789
7842
359
6055
4517
6416
3624
5095
3654
6123
3452
5584
7650
7911
5263
6131
8303
143
5830
2062
4198
1466
333
3749
1901
6716
6543
2236
2181
2186
6982
5514
2043
8755
5133
8585
3745
3732
4879
8738
8031
840
4346
958
8450
3115
983
362
2099
8269
4047
4257
8512
419
127
4936
4583
6664
220
2998
5491
4418
4575
1740
4240
2047
1241
3356
139
151
3880
4657
8421
2449
3664
1391
3972
4288
4274
7408
5534
7274
3758
8304
4919
1073
4848
8604
3907
1240
4092
7671
5194
734
1458
8139
4691
770
3878
5988
6086
8583
3042
2904
2134
880
3391
4096
4350
4014
7896
8623
7326
4215
2133
2970
8658
231
8201
256
5433
6547
2406
2699
5222
6873
4045
2881
4951
2468
8622
7342
6102
6369
6154
2720
3976
8520
3534
5661
7531
2538
1199
5044
3354
742
6225
7958
6179
644
7904
4906
4508
2283
1866
6715
6338
6695
4292
1397
4844
305
8539
455
288
5682
3518
3378
5787
7495
4653
5902
5659
637
6752
6522
276
7325
1702
3693
4588
4668
3454
7438
2375
1998
3147
839
8357
7158
7052
8636
1981
2796
5619
5423
8365
1564
2622
35
7166
25
4662
5382
4865
4853
5855
3094
1440
5004
3402
1879
3846
1083
2885
1903
1865
1217
8652
2012
5537
4108
5773
3928
1802
3784
2059
5818
8728
1307
828
8675
7683
2368
611
6800
4690
6173
7070
7451
434
1374
8020
257
7521
5152
6732
2107
6576
1778
1694
6791
5566
6107
2534
7932
5315
3908
7516
8584
6646
2139
6829
2569
677
5417
5509
525
766
4125
932
3252
650
7446
1538
7889
6349
1510
2157
3838
6472
209
1003
4625
8154
3917
8628
7491
6875
8092
3112
3616
8672
7191
5848
2031
6370
4747
6693
7460
8156
3265
6655
3502
3219
4206
654
5127
7747
6951
8200
5844
7356
5007
7673
931
3067
2759
5374
7668
1161
8399
6804
7174
5279
4579
8259
2200
5061
2013
5272
4909
3479
59
4537
1707
5108
3203
4612
1563
4219
404
4239
2732
1226
7722
7065
4586
952
5782
5202
8212
4928
7583
535
3774
576
1525
6719
2128
3927
5134
6552
2275
7821
8666
1243
6691
1128
3588
3459
8320
594
5426
1475
6208
1487
1393
8565
5702
3189
8017
6013
585
748
8026
3245
8296
5334
5820
1194
6828
4408
6621
1765
1645
4149
5435
6858
3981
7444
6051
173
3462
1106
510
4324
7946
1649
5472
7243
2646
2472
8048
5349
4888
8444
558
1111
5927
8035
7457
7974
3193
4838
1883
1211
2662
4965
4954
2203
3492
6158
8100
4020
5685
2002
4461
5405
3988
2658
5221
1575
3007
804
2668
8701
5618
537
2528
2865
3897
240
5628
4883
3236
4762
318
4378
1385
4233
7443
6609
3056
8204
763
1341
287
2420
5082
6081
7817
2293
5220
4940
8056
2469
6889
3797
7244
702
6318
1127
1868
7079
8067
4768
8777
2976
3960
1956
5160
7854
4345
5129
2312
7850
2254
842
394
3730
6843
1167
6743
2481
6419
5809
4081
286
3216
7900
5521
7559
2005
4893
3017
3059
3338
5778
1033
1787
8097
3002
1570
8413
213
8716
6735
1246
8710
6095
5762
6738
6265
3297
5954
4930
6383
7294
1984
3884
5002
7039
397
6805
6466
3098
2120
7928
5749
7718
7560
3948
8165
7011
1071
6939
3022
1942
8595
6148
5518
4804
8099
8630
6159
1062
1117
6571
7344
1476
48
7366
5712
4153
8513
8141
192
3125
5248
1355
6905
459
1635
2267
5093
5775
3513
4641
7330
7099
4110
7297
476
422
430
3047
2023
8608
4412
3025
6938
1382
2393
2048
515
7978
6659
3715
370
3133
8050
6887
919
1154
4830
5743
3623
7406
3545
8333
8208
750
4436
5779
7920
648
4913
6654
7574
7840
3322
1021
8447
508
7573
7150
595
4734
3083
751
7306
3931
7201
4552
1530
5065
4477
4089
3030
8144
5267
6117
1861
2853
4543
3717
406
5254
3886
4245
1124
2022
6605
3635
2422
219
8054
5282
1147
5850
2539
1817
7488
2673
7288
1029
7261
208
2451
6190
3266
450
2147
8679
2638
2064
2328
8382
8699
4632
5961
3340
300
1236
7148
8456
7784
2859
5912
189
8625
1600
1139
1065
3597
707
8446
5550
7220
7961
223
4214
7567
2336
5445
2894
2025
6194
547
6593
3966
1585
6332
473
1541
6195
1401
2477
1421
6113
1294
5698
5578
497
7352
3072
5404
4988
7481
7919
6156
5495
5077
6029
3781
4376
348
3450
5348
1512
239
2463
2191
7918
272
6962
2141
1356
5396
1780
3918
1810
4038
1050
7170
3795
5128
4230
3969
1572
7368
5073
4007
3736
2213
7246
7260
7901
2917
373
3223
2366
6060
3501
7882
2395
443
4503
5771
7154
1200
1369
5591
8727
3581
7017
8219
7102
3850
7788
2411
7634
3350
2305
872
3045
1773
2742
8573
5084
99
7755
8778
3780
2770
5644
5511
3818
3504
1446
6553
4898
6063
390
4687
5083
2044
2890
7000
475
6387
2872
1683
5729
4433
8202
5978
7849
2118
4706
5275
109
6696
37
6779
4876
2178
8297
5140
7800
8179
4775
6519
3853
5740
2552
1916
8612
5436
1770
5563
541
296
7019
2274
8704
3806
6578
3396
1758
6637
850
6506
7775
8164
4689
7169
3132
2918
320
5449
4917
8611
5723
353
4384
746
4741
6050
4970
7355
4242
6240
3567
2537
1940
5229
123
6567
6356
8768
5506
5684
2400
2977
6991
8162
5464
5185
8676
7853
8426
4208
2650
4997
6901
3439
3226
1004
8386
3848
6024
1516
3942
778
5948
7688
4810
3998
1425
3828
4305
7204
4018
7612
2794
8166
128
451
5142
6390
4595
2873
4899
1623
1507
8257
8627
6625
5713
6078
2695
7942
4142
5827
8557
3610
6250
6983
1456
777
1874
3300
761
3869
3478
8479
7176
4836
1565
5060
4565
7454
834
2249
2783
2648
4711
8703
6915
3442
7465
1389
2608
6833
6864
8529
5287
1340
1057
4849
8626
747
3874
6778
1669
2684
2750
8175
5832
5741
6978
3371
2348
4133
5843
2752
2461
5059
2065
5106
247
245
3206
7207
6624
2560
1743
6956
3911
699
1089
1257
7127
5186
7007
8398
1713
4148
3612
2039
2380
6182
8315
2565
3275
657
4764
8197
7963
5536
5273
7071
1955
1704
8235
3533
5800
2151
5467
132
2040
382
4504
6785
3088
5283
5369
7426
8278
4500
1119
6340
1402
3669
3058
6599
4329
5620
3815
8442
3497
1772
6402
4279
5804
8222
1917
4700
1461
8686
6640
8491
7252
3575
4361
4833
675
3829
3473
7026
1002
3925
5170
8492
2523
1502
5499
7257
7529
4425
6420
6672
8437
3712
7006
534
7447
5734
2258
3604
3713
1793
2669
6581
8282
6283
3246
2435
1918
6666
2992
760
7133
6936
6067
6064
8104
6967
4783
5966
6224
6001
2802
1205
1489
6528
2698
7480
7264
3909
7180
7910
154
3438
5502
2721
2825
6016
2427
6824
6851
7864
1568
1359
4752
5151
8713
2156
7428
3286
2438
7411
3256
6237
7648
3955
5485
712
7010
8659
5508
7851
7422
8664
7283
7677
5824
2421
6870
8147
3227
7728
6648
6079
2224
7087
3766
6698
5301
7807
7337
3902
6431
947
5230
1022
4729
6300
7859
3867
3185
2785
6720
7047
62
1271
244
5123
3346
5072
5231
39
3915
6136
34
3127
7462
5459
3996
3040
5164
7765
4496
1353
7387
4620
3079
8643
3725
2920
438
7253
7278
3947
6109
4901
3627
1304
76
7280
6856
4155
6485
1855
6921
1173
2541
6842
4502
3721
3539
5576
1309
2835
2199
7705
6839
2101
4494
7320
3181
5634
974
3077
4
2847
3062
3123
4979
856
8760
8536
738
602
125
8261
4511
2922
2297
7754
1046
4952
3716
3876
6724
4299
7787
3845
1813
2858
4405
1289
6776
1550
7766
4661
683
7003
3487
6746
749
3053
1995
3118
7332
4322
889
6247
6900
3150
4140
5030
764
6186
6516
7701
36
4440
8702
1827
460
8277
5796
4008
3240
7151
2315
6084
7474
5608
4058
5345
2425
4723
4519
2573
6465
580
7621
2645
7909
142
5986
3448
8247
8043
945
2609
3601
5494
1896
2667
4795
3222
3663
2805
8214
5674
7120
3665
1788
3836
304
5049
6364
2265
3739
4114
3466
433
494
5305
4826
6122
3172
5468
8308
5419
4174
599
2632
149
7178
7632
8691
6326
316
6831
3049
942
3523
3682
4520
5944
4713
5570
284
241
3095
4803
8268
3659
6343
3057
2749
2862
3048
4030
5909
4847
3050
4278
6613
7431
7389
6309
8467
1963
3475
867
2108
1395
3426
3832
7167
4617
184
385
708
8487
6353
1573
1534
3323
4761
7930
4912
3489
1043
8148
7111
3093
3274
3817
3631
130
597
1832
5892
8184
5520
2171
8342
6423
1321
3443
1630
792
502
8677
3930
3012
8023
2495
1409
6603
49
2003
7589
2927
2989
2525
8272
3800
349
7314
1101
7230
8434
5781
214
2996
1447
5939
1414
4449
2507
2331
6049
7681
38
7361
7125
4178
2456
7659
4204
1614
6218
3496
1061
8025
6249
5456
4977
5121
7378
4051
8209
3511
8041
3168
5430
4513
4611
5665
2850
6260
4748
2556
569
1109
2183
471
8008
7461
466
3578
7772
4580
7277
2959
1054
5368
2279
5794
1067
4097
4249
5455
1663
8645
3753
4404
8592
2578
452
2184
7860
7998
5756
768
7386
2513
6152
2757
7771
3582
8002
293
4908
8742
8423
6268
8172
3071
3326
7459
6071
4934
1477
3599
6865
5543
1692
7879
6781
1221
2593
183
4176
5746
3021
876
2450
4634
2443
7551
2889
700
73
4971
383
4185
6305
785
5107
207
1922
1267
6324
7629
8773
7927
6480
4423
3676
4367
7804
3263
1631
7830
5672
684
7492
7890
7359
1804
4505
815
8313
4377
7082
2824
4598
647
7293
7618
3864
5413
4535
5188
7623
8349
6806
2687
7678
8356
7142
8191
1146
7216
2938
81
4776
3120
3051
1615
818
2076
5813
2396
8231
6990
1220
7714
6774
7997
5527
3649
7828
5331
7088
1574
5790
772
4978
5621
3645
7950
5951
2091
831
6395
3250
5226
3905
7698
1280
203
6892
4000
3690
7477
8410
7212
1229
1430
5309
8570
2579
8466
4719
854
579
6121
1364
7005
3468
679
7130
8246
3324
4165
1737
1059
3092
1285
5058
7311
4205
2135
1037
8758
7509
3688
4271
7248
6597
3302
8283
2728
2136
5642
6685
206
8562
1121
5074
415
43
1744
8556
5825
759
4925
3636
895
8394
4064
3272
923
1675
6663
2594
7665
2761
7639
5653
6859
7962
1001
2319
6112
2595
5835
4637
2798
8348
2570
4357
5545
4742
907
5412
670
218
3689
2152
8021
561
2867
966
649
5028
3329
6984
2607
3711
8431
470
250
1705
6872
7548
3192
3377
2500
8149
1049
6443
2829
1332
6988
4863
1792
7597
7161
2155
1072
8095
1235
8098
3973
1060
2765
554
2102
7061
8730
4584
7661
6759
3934
8726
7134
8036
5016
4554
3735
2075
3139
8532
6557
3804
3746
3121
5489
7060
1424
847
8599
3790
1247
2766
6869
2906
991
2446
1768
628
7674
98
943
2248
5053
8343
1484
6769
4330
2150
51
8110
1946
890
7182
6554
4650
6336
7883
7572
4624
4210
1471
3613
6582
6207
5094
2715
7789
7949
4911
1532
722
1301
6099
4042
3750
4873
8074
6331
7463
7624
7561
3593
3891
8127
1224
8332
3803
2919
930
4394
6347
5973
1554
224
7893
7743
6559
4196
536
3084
3215
3334
6411
7318
4550
8052
8158
7827
812
1040
5769
6150
8721
4264
308
8381
5296
3211
4643
3153
6104
2398
8089
7545
5990
1191
4884
4938
7430
3495
4426
2791
2426
5950
233
1671
6059
5907
4001
2290
1429
4596
2063
1909
8181
4243
1339
3916
4801
7735
7792
1418
1651
562
1931
3304
5522
2321
6119
6852
5376
4732
6652
3078
2208
6992
3786
8244
2372
1092
83
54
3352
3380
2404
176
7861
465
6641
7205
7343
5938
2719
8192
5666
469
3543
3363
5610
5483
849
456
1318
1164
8
2980
7398
3647
2041
1822
7371
6345
4817
2295
3085
5488
6718
8120
3615
1319
6366
167
8409
69
2939
8578
6878
3995
891
3033
387
4811
1895
1433
2221
5062
4037
8234
5370
4570
7002
7894
4117
8757
5251
7726
796
6124
1464
5336
3576
7676
4516
3199
5437
4897
6229
386
788
7434
3706
6633
4623
6155
8374
5257
2860
4646
7286
3036
4369
4141
7914
4431
6689
2511
4332
1706
6396
389
6093
5117
4841
8004
4072
6632
4484
5784
8469
4492
1975
2736
8597
3740
8551
5438
7563
688
2758
523
3697
4186
8203
6730
5406
5667
4251
882
773
8712
5583
427
4886
620
8135
4197
4702
8775
8117
7374
4995
3834
775
8526
1449
3399
4093
6756
1203
5149
64
861
4099
2111
6868
282
8485
2105
5863
4987
7247
4457
540
1404
4648
5490
2030
2814
8550
1305
1505
7885
6456
3097
3433
1202
3032
7228
3840
7703
3052
5154
7421
2455
1887
7945
3400
7281
7092
6012
1123
5086
8061
5551
3307
334
4261
5530
6197
3089
5635
892
4875
6863
2864
94
100
5079
3775
44
8301
3415
6393
964
4555
6537
8085
5601
4256
4685
8205
8548
3305
198
1277
4854
2981
8106
2362
7790
3782
4253
194
6712
2431
8108
7473
7413
4113
7223
832
3011
4202
795
1242
321
5168
7756
3802
2559
7025
3316
2106
7022
3355
1206
7874
4334
3590
8631
79
4034
17
1626
7745
3985
8039
2288
2706
6009
1126
479
5705
4309
7965
4794
6399
4094
3625
6618
8647
3148
3046
4696
5475
5942
1000
7662
1760
2806
577
3364
8577
292
1871
7975
2563
4549
1591
7401
372
6386
7115
4950
2194
1906
4659
5447
1789
4485
3306
6320
3964
4878
4179
1090
5042
8227
4159
7916
7279
5905
4974
4493
462
1506
4052
7109
8734
6926
4194
2968
3096
3054
6830
436
4266
6468
8517
1055
4177
3159
7140
3190
5646
5853
913
8029
89
623
2722
3686
8639
113
5837
3594
5318
3298
3004
7453
140
1352
5856
5935
1448
3314
4607
2327
3437
1310
8786
4406
6954
5640
5352
2378
1186
3398
341
4941
61
533
6094
1860
1434
4867
2326
531
6211
8707
2866
4910
7218
7194
6169
4738
3037
7339
4310
4501
8072
6296
888
1567
1668
4805
5428
2448
1915
3520
1313
2071
810
2233
6261
3412
1717
2994
1547
6492
4600
636
8271
5744
8218
4889
3611
2764
1230
7991
6656
6210
5215
7979
1181
4213
2015
3505
4592
1323
1137
7362
6638
3992
1655
5048
4025
7353
2820
5025
4635
477
4027
6285
6993
1605
3673
575
8094
512
5311
1306
4601
685
7225
7905
1343
4920
6929
2016
2734
1213
1821
7069
2988
3598
5175
5920
762
2011
6667
6277
1264
6946
823
5469
4532
1643
7376
8000
7449
1034
6708
1709
4294
2624
5408
210
2313
532
2079
2899
2235
3807
7691
7183
8720
8490
5050
5454
7667
5262
500
5636
4576
2042
1438
7986
7496
7299
3889
5243
405
2437
7394
955
45
1816
6435
8346
8519
8249
2370
3680
275
8109
7985
4753
2548
5051
7525
4562
6425
6361
3320
8445
7255
5208
939
93
7868
950
2576
5934
911
2972
337
102
8644
332
1578
4451
3124
395
8436
1140
6328
1346
7759
4076
8306
278
2282
2144
8289
2338
3332
2929
3134
8521
4250
4359
690
3619
7101
2057
5069
6245
6726
3010
1677
8347
1741
6284
8708
666
5812
8088
8360
5718
1858
379
7786
7795
2415
4744
3312
8064
5466
4491
4262
3491
5656
5281
4132
258
1967
6562
757
1729
3839
5722
755
8082
4272
1872
8661
2049
4383
723
7553
8262
4158
3535
7302
4265
7227
5993
2878
7829
4355
5823
1472
4735
7300
7575
7535
7607
4498
3076
6534
7145
5099
7699
2234
1846
8457
2993
8251
4057
2995
3516
2546
2591
3287
753
8400
2767
4645
6385
745
2094
2797
1099
7308
2294
4056
7256
961
5085
1494
2250
18
6409
4260
86
6744
2887
5660
5547
7435
6269
1910
3986
493
6836
6405
6636
996
7530
6367
7074
3262
4672
1158
5012
3754
6587
2697
4325
5523
1392
4544
5388
5380
2617
8473
8256
5259
5691
1994
4152
5338
5038
1938
5333
1276
6658
7944
2445
8733
1423
2733
5662
4167
5510
3760
5337
1985
3339
8345
642
4482
5516
5556
7609
4558
520
424
7012
1779
4507
5078
3301
407
1618
6412
4972
3565
4546
6590
6052
681
1767
1415
4522
4961
3409
1601
6427
2137
6135
6304
8307
8124
2772
4487
7737
6025
1104
7304
5880
727
6069
3321
5649
3661
8344
1459
7917
2195
3719
4784
3570
8415
6790
8518
3935
8112
7143
6167
7452
4640
8668
2054
7272
3765
1851
4258
3579
1273
5399
3609
6701
3429
2754
3794
7073
5391
6741
2804
8217
1314
1193
979
7702
5926
1825
6188
3142
7862
2831
1588
7865
4464
445
1545
4962
6422
5361
4495
2436
3656
7685
8771
8129
8624
3970
1641
1317
1730
7603
4290
7596
6700
7504
5214
6042
4090
7953
8393
2504
1927
6766
5745
5828
115
4832
926
8319
2353
2680
7153
7440
7642
3407
5707
325
4082
5581
3752
7934
8693
6733
1935
4365
2243
3463
4226
2561
3161
5831
1620
6202
7059
4767
6348
63
2870
6525
5297
1552
6178
7110
274
3130
2516
6561
3039
4026
138
5416
2180
6264
2486
3763
8275
2339
7564
1546
5888
7164
5066
1881
8579
4315
3315
70
5190
166
2216
8284
3180
7881
3344
1852
7820
5033
8397
222
3254
4935
7103
3135
1763
7507
3705
6045
646
1051
5689
3367
8696
3186
6479
4843
2985
6585
6201
8571
1066
2744
6933
2303
4590
5868
4813
2778
838
7587
3813
5389
1911
7226
8350
2653
6440
6767
1354
686
5344
8682
5362
5041
3228
8084
3480
5955
8632
6539
5378
1039
2098
117
1875
1974
7715
3899
7922
2747
7706
1272
5751
2597
7499
5785
8302
6031
6133
1897
8392
7419
5501
8504
678
2547
4320
4918
2753
6023
2211
4791
8772
848
4473
5512
5893
1904
4750
7762
3842
6602
639
4973
4415
4448
1864
7581
4085
8060
3082
7436
3465
5546
5157
6801
4060
342
3906
4307
4088
5057
2138
7717
7774
1010
1028
7542
5307
5567
7186
1047
5760
951
1518
878
2246
6973
6174
7848
7210
4563
7423
6761
5807
3896
5759
7644
5249
6221
3629
7016
5612
1108
8766
4069
622
4779
7508
5701
2730
7058
5867
6120
7544
905
3179
1153
2599
3113
3116
3249
3895
6949
2232
7764
787
1682
2205
4043
1611
3384
2983
8317
236
1582
4509
1133
1297
2052
1596
8016
1587
1902
28
7651
5696
4238
216
837
8602
8178
7989
934
526
3734
7168
1436
6376
7957
1970
1971
5805
7251
8502
1265
1724
5054
5385
2854
6810
6242
7090
8554
2485
8163
2628
6981
3277
7816
3235
5975
7489
3393
3548
7876
2926
8331
7729
8500
7956
4518
6823
908
8767
7847
8419
3825
3675
5586
1005
8700
7711
4536
661
2542
7555
7291
4462
5241
8239
1169
4386
2659
6898
1363
6244
2756
4091
8732
7048
431
6141
4931
4124
2713
6644
5513
1486
6674
2789
6740
3348
2902
8065
8177
3165
4740
8171
7305
7540
914
4846
1214
4773
574
1593
416
211
1384
4907
2231
3937
4130
6184
7235
1036
6164
3967
6458
7643
1172
8142
6223
6477
7271
2519
3954
8299
1488
2987
6832
4515
1473
2868
2660
3194
264
4411
7806
5588
14
2781
5253
7972
7427
3284
1952
4004
3361
8322
8080
8656
797
4486
7333
6509
7213
6727
4746
3824
6789
110
8226
4160
5846
2723
1443
4929
7093
6030
311
5372
6998
4695
6688
6048
8617
1253
6814
7380
4444
695
1986
8215
1441
5239
3353
5373
6925
3335
4138
7768
6817
5865
2514
1006
5090
6339
2643
5450
205
204
182
6897
8379
7200
2020
1898
2961
3198
3556
4303
8361
2738
3554
1965
4190
2175
2506
2982
7532
660
7234
1662
2821
7259
5732
4521
1058
5815
2879
2532
1238
7515
3104
2592
7871
6457
6151
1439
7
8116
199
1232
8047
7414
7888
729
4675
2782
2379
549
2505
6170
6209
2748
6924
5854
977
3214
8531
2439
2310
4203
4154
2849
8725
7078
8533
567
6252
6434
4559
8290
3585
6500
1894
6862
1176
1750
6944
1833
1492
7590
5228
2170
5555
1835
6490
2771
793
6579
6461
1839
4273
2318
6510
2635
7322
7836
7190
2937
6389
903
5622
946
1148
2631
4385
2679
3991
1052
2187
4821
4990
2944
1774
2582
5340
528
4540
4614
3099
2207
6690
4327
4716
3015
3904
6723
1245
4871
8338
298
3826
8167
5643
313
5503
2792
513
588
2174
2352
4380
1529
4147
7895
6665
4733
3936
7716
6771
706
6844
4478
2729
1134
8270
2262
1584
8665
6108
1345
6215
1234
5862
3255
868
3107
4363
6941
4475
2462
1690
5471
1878
7867
2466
7835
4171
8779
3769
8045
6126
5325
2230
1460
8527
2751
1362
1187
3983
5808
4599
7034
6002
2883
4788
6057
3102
5285
1008
186
8136
4454
4850
6000
2228
6006
3126
5387
5626
3921
4615
3119
3090
5480
1548
5498
4296
7897
3618
42
5339
7276
7693
7619
1493
8143
6592
6382
3559
7345
7903
1735
5871
6481
4616
4684
5822
717
928
2035
4568
1876
2430
4013
8326
1749
3552
2392
4224
170
1877
1100
3525
5517
1889
6888
3294
4932
7803
1684
454
7040
2811
6497
5786
1731
3362
2886
7993
3484
5098
7321
7951
852
7067
6975
1286
408
7497
3566
4065
5991
6484
7770
2634
6100
3143
3637
20
2092
2291
8122
5652
6454
5375
3311
2492
1752
4222
965
6786
160
8233
4781
8340
8560
6940
1921
3327
5244
5264
6276
6959
4234
7018
1936
1517
5631
5411
7520
6278
6330
7799
8505
8068
2741
297
3026
3621
7044
3844
1330
8294
519
7769
2300
4145
6075
381
4044
6837
2586
2307
6303
3893
4200
4009
1801
212
1656
6909
3968
5441
336
5218
8747
8103
4839
4834
2780
1215
563
539
7175
8335
3164
3493
2344
67
8358
7523
581
5872
4864
4122
4039
7700
5755
1811
82
3641
2119
7712
7432
3912
7123
2737
7875
604
3602
4236
4982
2964
1299
6620
92
3517
7721
6044
1110
4525
3808
2198
687
7042
5504
7129
3280
3700
586
3873
8569
1885
6532
4628
8324
1482
3388
5528
5320
8743
7813
3028
6189
6046
2562
6026
2212
3827
552
85
437
1365
5923
6861
5353
3655
5798
3357
7350
402
1452
5458
5156
8053
4553
6400
4717
4698
2681
8785
5018
310
1312
7606
5358
8590
4336
5717
1112
2329
8635
6750
1824
8243
662
668
2900
7009
4282
8114
4683
2033
7208
1251
830
8464
2984
6549
8452
4095
5227
7146
4033
6404
640
1082
6445
4959
2077
2417
7064
6867
1834
6090
6246
5141
4571
556
4949
5130
5219
8559
2625
7062
1407
1263
3221
4542
669
6511
4368
860
5519
3169
7939
7694
1144
5587
8396
7214
4337
6293
8321
5885
8499
3510
8657
1120
5247
3259
8722
6731
665
4868
6017
7973
2494
418
4870
873
3900
6105
6616
8711
6101
7981
1753
6192
1063
5579
403
4131
6794
4270
4819
1053
1957
6358
8739
6362
8508
1751
887
3684
7617
8042
2308
6995
4652
8069
5070
7307
2651
2518
7171
4885
5554
5313
6584
5184
8424
844
5024
7741
8334
7740
7409
7902
3586
2833
2086
2069
4395
2611
2621
917
7372
8402
2840
1197
8070
6165
3201
3128
8211
633
7399
3238
6533
5735
612
7983
3425
6857
5633
7727
2225
2021
5153
6495
7336
7501
971
3152
3932
6530
5615
8687
4263
2543
1628
779
5293
7112
4497
765
3778
2955
5250
2114
8515
6918
7379
1336
1982
7095
4686
6234
7656
3692
1450
2893
4050
7185
1081
1284
6906
3034
6757
4837
5995
3061
4352
1828
5360
3413
3852
1293
2678
1252
172
7458
5163
6912
1076
5599
8591
1398
3285
6604
3435
5425
6447
4424
2612
480
1725
641
999
5394
7908
8783
3325
7365
2343
7760
5987
1849
53
8408
4023
6433
4362
7139
1244
3231
2166
6373
1411
1222
3603
7826
4792
4859
6281
5842
7222
2173
6352
352
2787
3110
6997
2710
8385
1490
7600
5845
3171
3681
8448
7664
3791
1569
2270
8287
4458
3217
2324
1019
4548
1316
3890
478
3944
6214
6410
6275
7646
1745
188
2957
8451
8066
2367
6961
7030
6144
294
22
8051
3205
5165
2093
2664
6163
7075
3922
5671
1366
5097
5914
2471
8477
4765
2009
2115
3207
5904
2954
3023
3477
4858
2239
5676
2334
7369
737
5452
1376
2192
2620
3044
2672
1308
7296
7539
7068
881
8483
2349
3471
555
6033
7781
2149
8522
6749
2122
4308
8737
1274
1135
4957
3243
2322
3416
5192
8090
1604
874
6914
6895
8540
2935
4399
3424
5668
619
1031
7054
3723
1966
5191
4829
2803
2342
5326
5104
5418
7822
7162
175
5569
4036
4328
2555
7738
5045
7614
7395
566
4401
8368
5310
2856
8724
8169
2182
2386
3374
1721
8416
4933
4638
8443
1041
201
3295
1045
5379
3757
7776
6570
629
3532
3830
7155
4471
6043
6365
5976
1535
4281
5590
5602
1736
7046
5979
3014
303
7500
164
8454
2967
6290
5562
2476
3160
248
5903
2256
1266
3419
4585
6288
181
7388
6692
6622
656
6729
826
5617
7250
7188
7604
4958
4182
7177
7035
6228
1561
7785
5811
5757
2510
2686
7682
7424
6350
4300
4866
8337
2299
8369
5957
4430
1501
8300
8615
782
5728
3024
7566
2095
3982
3414
5929
171
6256
5029
4658
1583
5971
2801
7877
7245
7831
8723
3456
4070
6596
5197
1748
3269
448
6588
6572
5967
401
7375
1951
2776
6568
5851
5443
548
2815
6999
5019
6709
7108
501
150
7996
8600
3140
2177
1829
8263
5277
2292
5532
1131
6308
3381
4561
5023
6368
8715
5921
5342
7096
4857
439
344
4005
6415
8168
3562
4227
3605
7241
6980
7027
4808
7262
8418
780
4531
4604
5359
4605
3651
6569
4302
3405
1068
8610
8524
4041
1075
6772
6649
6952
1612
3041
481
1928
8359
1361
1954
8698
3080
107
2830
1333
6205
4287
7713
1386
30
7324
6239
1410
635
1192
1326
4807
133
265
1118
626
4255
29
1639
1262
7886
5116
498
6782
6977
7511
3963
6964
2986
5657
3977
2837
2008
289
6452
7420
5102
2219
6922
68
2440
1728
8258
3709
8083
8118
1754
3859
8765
6710
8024
6019
720
8182
1387
2168
1542
857
4602
1738
4680
1503
6595
5753
6360
6986
5683
8314
2921
5770
95
6199
7008
1163
8236
8516
7710
1279
5440
3530
5841
993
4048
301
7346
3677
8669
4467
5479
8153
912
6798
137
7938
7970
3849
5493
6629
8480
5560
2113
1621
8455
3182
6391
7265
941
6850
7940
7923
944
8115
915
949
7348
6847
5288
7381
2423
1078
1696
3755
6116
3658
1701
8401
4396
5834
1659
2775
3898
1171
4551
1524
4370
5937
4225
2714
5271
6379
7811
2855
2689
8428
4916
7814
8383
4293
3939
179
1673
7455
851
1406
4074
3387
1820
5946
3694
3453
7292
6508
3643
5774
7751
3108
3408
8481
345
3232
3950
1347
5996
2161
6449
319
5039
7873
4403
5246
6812
6784
2464
4506
499
1270
6803
3666
7172
3470
7613
5169
4983
5613
7121
7442
4387
358
6219
1930
8237
6523
1196
5889
5758
3417
6514
963
3137
4527
2614
1102
2281
8754
5306
380
4514
972
4414
6257
5859
8649
5708
5727
3349
2740
7313
8022
6407
2454
3292
6181
8073
1699
7707
5303
6600
3342
3887
8238
3877
3833
5600
8461
4942
1255
564
2090
1216
2140
8566
2272
1084
4144
1396
2024
6334
5736
4180
1988
1632
8001
5605
6262
1679
7798
6451
2857
5118
5960
8638
8130
596
4822
2702
2287
4594
7977
4161
3633
6274
2531
6177
1925
4402
6139
3720
7845
2536
6160
5535
7107
3738
7898
4119
195
5999
4447
1042
1786
5256
3691
3764
658
6777
527
8735
605
2735
1608
6377
71
7448
7425
1838
1884
2509
1647
5075
1495
5234
7689
5252
2017
8422
7783
6098
672
3805
3860
5101
6408
4818
5089
4945
5918
7028
5031
8782
6706
5972
5492
8011
3856
4437
5324
3411
3574
4435
4195
6770
1469
1064
8295
8589
8542
5761
3553
266
8210
1712
2416
8435
645
7719
1660
314
1961
3146
4996
5915
6686
6747
8616
8404
1523
8327
8113
8685
6344
1351
2121
1723
2639
312
6845
3006
4129
869
674
5980
3923
8501
7206
238
3584
5111
7921
57
6548
5913
8558
1445
3467
1559
2526
5704
4173
925
5629
1803
3038
6053
7077
6854
5371
4040
338
6647
1648
5139
8373
8680
2068
505
4944
2473
1644
3251
503
2286
1218
4760
7275
6610
2410
6080
3946
6950
4126
8363
3901
1800
2838
1667
7598
3458
4693
410
6734
5694
1105
987
6134
6464
7117
7390
463
6429
1444
2963
5063
6311
8055
7562
5260
8506
8756
8390
8581
1183
8395
3512
3660
4456
5788
1129
363
4116
5195
5738
7838
1698
601
2153
5724
6808
2911
8028
7041
2273
6251
374
6753
8366
5321
2912
5748
5402
2945
6513
361
985
6103
4726
5641
829
6679
2584
5596
6145
7240
2078
1831
582
3276
7954
2642
5183
5357
3385
2317
249
4476
3546
732
2158
5639
5965
1764
1349
5861
7778
3670
7310
4388
8014
1622
6902
4098
6908
7734
6473
5703
4481
3792
5829
229
4955
6172
7797
8018
2316
2915
8325
5572
6020
8293
6041
2810
1107
5261
1799
8588
1953
8406
7546
4728
6005
1539
6711
178
4823
6114
2470
147
2884
3527
1156
8770
2999
7635
2871
3993
5381
5322
1920
8146
7960
3176
3333
8138
1562
371
3173
6238
3260
6271
5009
8046
6502
4985
2637
4432
5776
6643
3748
4749
6948
6670
8731
8751
2861
6755
4630
6935
1595
2384
4533
1198
5624
3191
8015
3403
6748
4673
1823
2502
8152
7625
5857
4304
7184
2973
6273
3225
697
2580
3290
2692
384
5932
2276
1556
3347
7031
5664
8206
5120
5034
2475
1278
1350
3445
5354
8718
2895
3657
5568
8185
6243
705
6047
6231
693
235
5181
2018
7229
4391
1465
7749
7971
2725
7582
5304
6259
8670
3434
2652
7577
5838
1616
1380
4851
4416
2931
3457
6893
2962
1892
2846
2930
6809
5970
7001
7730
4820
8528
3913
101
4751
3674
543
7823
399
6421
7105
2447
8564
7484
4356
3358
4999
4115
6068
5216
2827
5882
3772
1636
6932
3440
7004
6955
2709
343
3001
3197
1457
2903
3420
6374
6286
3210
7494
7744
6917
6065
1454
3136
3060
221
4905
1624
2816
5155
7984
2413
3568
7393
7655
6254
3648
5124
7354
58
4231
2441
6392
7141
5145
5420
7239
3951
6346
927
8740
7666
4655
1115
715
1498
2083
7156
6882
7576
1260
254
6879
3278
521
7100
3187
1661
1814
1742
3446
7242
756
5212
5922
1908
3200
8741
5159
4816
1617
1863
4452
7341
5298
5171
2677
6115
1992
1044
6934
2952
1357
2763
4541
2936
664
2223
6822
6963
1727
953
617
606
5415
4679
4028
3166
7258
3957
6313
4903
3699
4111
6788
7301
2266
5046
8388
1638
4904
1096
1079
8034
2126
6968
3483
5087
7290
1166
2675
5384
7033
7834
3640
4631
6518
7610
2610
1189
8498
4398
253
6853
135
5258
4956
2891
2056
411
8364
5497
6976
8355
271
5989
4212
3035
824
5573
3777
442
6795
5351
8576
3538
583
146
3145
1785
8692
8252
4722
1130
8173
5697
1427
5879
1555
2
6545
4649
2629
1642
4770
5424
2948
7891
5561
3938
719
6540
4806
1275
3577
4029
2407
8453
893
1453
973
1098
4162
5630
6222
7493
91
5146
8311
1958
4221
3404
225
6232
7709
7534
5595
4869
5356
2958
6478
7367
4665
2517
5207
4246
5103
3634
1900
3515
2341
3291
7347
7193
4597
6038
6818
6827
1761
6505
4644
5020
2479
4490
8150
4348
2489
1432
7124
6299
3704
5544
7518
200
1775
3871
5958
5964
3809
3962
982
1159
1602
1281
180
1085
5347
7777
8187
121
7021
4364
8063
3872
4669
7866
7630
1685
1978
2575
1248
630
324
2842
7649
7825
8013
8614
4939
6721
6728
7098
3209
7020
3557
8190
2991
7557
6375
2828
3213
1950
6877
5802
7377
1650
5022
5607
4276
5407
6132
3003
1331
5525
5983
413
5969
3743
8449
2623
3796
5161
4825
7416
2701
1371
956
7080
4285
7943
6193
2206
8038
5365
5367
2190
2361
2795
8618
7160
5891
485
2882
896
322
3451
3606
5000
1451
4743
841
7122
811
1939
2176
1609
1686
24
2082
7032
4379
6834
2512
8027
1783
2263
6526
1747
1145
2700
6820
954
5177
3317
2402
8488
3422
6444
148
8507
3283
1020
6626
701
4992
8273
1714
350
1334
7653
7466
4128
3632
5300
357
4269
2665
8221
1519
5764
1527
8788
4787
7282
2852
376
1654
1201
7616
1899
864
4466
2649
2116
587
1320
4924
33
4301
6307
5716
7165
5505
7780
3383
735
5392
7221
112
2666
2508
8362
2777
6542
1893
2949
5136
5196
6266
1390
4835
3131
251
8650
4019
6363
8543
4528
5833
2371
2574
174
2390
1633
4547
356
3009
551
568
2832
75
56
2711
6341
4351
3229
3158
2746
7317
7126
2036
1657
8180
8264
5484
7732
821
6631
2029
1152
4622
4479
786
2657
8574
2394
3529
5795
8648
6979
2979
8005
2374
8183
7412
8012
711
4731
6342
2583
153
6359
1141
4756
5091
6196
7733
7878
4031
7925
428
6662
3924
7303
3695
3536
7941
1470
4392
6035
6971
8462
3382
7640
3394
6082
6527
4275
3630
2323
710
886
8468
4960
5603
8575
900
2928
3541
5462
3175
4121
2724
3204
2496
152
1195
3299
7929
8224
1809
330
234
490
7809
8371
843
124
4434
5176
998
4237
3994
6147
2414
5274
377
5431
1666
2247
4468
106
3258
5658
8216
6885
280
5869
2264
884
814
1551
4417
7543
6142
8709
4523
7522
1869
5292
807
4335
2851
1571
4943
40
5432
7468
8684
5393
3122
2674
1594
696
8593
4489
2165
3672
4314
935
7490
7620
7658
306
2355
2923
6125
2726
5410
1629
8535
922
1287
7936
8780
855
1732
88
816
4796
7704
6943
6614
4248
4080
1478
2097
2997
4674
6321
5549
1400
6994
3823
3537
7104
3875
5092
8007
632
2373
4188
4354
1610
995
2655
3787
5397
8128
4016
557
3622
5478
4343
1996
1558
7273
5114
243
3999
5474
8459
2419
3106
7364
3870
8544
3081
6471
6683
2950
6085
5839
1138
4371
3494
6027
614
3851
129
134
4084
3461
5916
3547
267
4699
7066
1088
8567
4006
5564
3696
2897
5314
3785
8232
5187
4455
6015
5710
1256
5162
7476
6092
5725
444
5589
5609
2080
4420
6291
315
3167
1589
7863
7485
5726
5873
7605
4534
4629
2690
1509
8475
4137
885
3667
7569
716
7856
2167
8781
2354
2306
6316
6062
6763
7697
8620
4083
898
545
7396
2412
1474
8719
6642
5460
976
3642
2397
6315
1826
6702
3366
8240
7503
6168
2589
7202
7285
7470
2571
625
4235
55
4891
8140
4780
15
3074
3064
2696
1886
7502
2302
5947
4512
2240
5386
5647
7796
2403
5539
3883
7819
491
19
671
6161
3208
261
6546
1781
7043
4077
4067
6337
731
6292
6737
7660
651
7215
7912
3741
2145
8603
1142
2745
7404
4923
3987
2774
6212
781
7552
4921
2975
8279
1521
4199
7106
676
733
2863
4860
3608
1
1086
8523
5911
7547
7402
7363
1185
6704
6176
1700
7538
5080
4581
1598
7815
7053
910
3522
800
8594
5178
1315
6591
1553
5852
8137
5148
2245
302
6580
1776
4228
8761
994
3163
6056
2311
5899
8642
5201
4010
1178
5444
6503
7327
5179
997
6848
1348
6146
2606
8377
5209
3218
8288
3589
4998
7136
7410
2598
8634
8441
3114
1914
3751
2159
3239
2284
7995
7841
8248
6886
8188
4078
3376
2564
783
3328
8706
3555
2484
6760
5681
8784
5289
6463
2869
5797
4193
740
988
7528
858
5611
1223
2034
2124
84
2663
6128
5193
7116
2769
4187
4569
2084
6021
5113
4510
191
2604
4757
1048
4349
4374
5840
725
4410
8497
4453
4824
3965
7601
5962
6494
7926
5205
1537
6438
7383
4639
4223
4654
1428
573
5327
2019
5017
7906
7757
7679
1850
5981
4254
8640
1258
3476
2050
4015
4966
7055
4112
5476
5350
8102
3257
2501
5875
5936
2616
5860
6329
6066
3075
739
474
682
4323
7312
2676
5706
2460
6074
5826
420
6819
5711
980
776
5673
5068
784
5482
5414
295
4469
4183
1210
5115
698
3310
2826
3540
7385
4062
5335
6996
3933
5398
2704
2459
4922
1254
1150
5429
6657
429
2527
3303
5011
7672
7063
771
769
2520
6077
6807
7750
6919
3662
4946
1949
5200
7870
237
4003
3788
9
7852
6594
4656
7391
1924
3953
4529
5036
4524
4267
7085
8193
6612
875
2465
283
920
4311
7181
2358
6512
3264
3234
2081
8580
7189
6668
3989
7808
2876
3506
365
6417
16
2253
5400
4887
1325
4688
714
8077
877
3863
1755
703
3331
8440
285
3847
4613
1907
7045
4109
5821
3614
4701
6355
948
2241
7472
1536
721
1408
5910
339
1797
2694
1151
6248
2553
8096
6166
2242
5366
2337
496
6191
1533
8547
1035
2596
5974
1298
3086
7269
8170
4331
6866
3261
5952
2807
8318
8537
7758
7537
7084
8058
8376
335
975
5699
412
273
2363
6018
2790
5242
5332
2277
8010
5557
4102
435
1576
1603
7843
5015
7636
74
8759
7824
4232
426
2877
4217
3783
367
4381
4207
8037
6372
7595
1014
4880
483
3835
6089
6974
3816
6876
938
862
5984
8619
1328
2314
7351
1184
5542
3386
4353
1652
6198
108
4474
584
1300
5005
7654
7360
8689
3431
4963
5330
2540
1794
1716
822
2943
803
5593
3177
1841
504
2788
5540
8582
6314
3309
4969
1640
7331
1759
6487
4967
252
8694
6439
1979
8653
6947
902
8291
981
1233
4283
4157
5203
3490
2055
2557
1302
3926
8133
1485
7024
7594
4589
8107
3724
5486
4664
2197
2073
992
6058
1848
1375
2703
77
1943
2032
3678
4229
8354
355
7999
4981
2142
2162
1056
5269
989
6838
2301
6482
6475
5401
4975
2521
8086
6287
5847
2727
6535
1674
1989
5448
2046
1756
1337
3768
7527
3882
4577
6671
3914
1170
3956
3820
667
5575
7478
8596
2298
7429
2457
4372
8736
2333
26
7384
3929
2924
2146
5908
4948
2037
7536
613
3776
227
7980
2685
8530
3707
5638
1483
6091
6213
2202
6736
522
4317
2940
1514
2007
6072
4407
5003
4104
5792
3519
4339
2971
4218
1680
2381
8470
5451
4061
6441
7641
4785
6088
544
8705
3607
4651
104
624
7570
4842
3343
2499
8049
1291
484
