2085
2569
6950
8235
2431
8635
6347
934
1553
4671
114
829
8529
4104
2953
590
6875
5969
2795
3069
5386
1469
2029
6331
3745
6948
6228
4372
6592
7126
1311
5117
1032
3424
1467
5752
2498
7801
5331
5874
6757
4502
1693
7032
3385
5447
4083
5821
7584
2415
2719
4829
4488
4781
5157
2032
3756
6379
283
2008
7949
2335
1440
6551
4841
4114
2630
4277
7617
2481
6372
508
128
1116
2817
4029
2878
4340
968
1785
1113
6493
8016
7958
2786
407
7490
4008
5799
4200
2496
3810
4127
193
857
6842
5130
7369
2161
489
3613
4292
3581
139
2146
215
6245
289
3730
6201
6146
6061
132
7770
8328
3526
8299
6811
5728
2763
4910
698
8539
2179
806
1769
787
5411
1068
5702
7170
5308
2107
3140
4125
695
958
5280
6952
2366
4245
3448
7211
8024
6307
5276
4762
4224
8157
5592
6348
3430
8689
6734
7753
6452
1902
1253
7589
8487
3217
6953
1867
1351
1393
4629
1611
2201
6525
6358
6076
1368
8134
709
3474
3890
2858
2046
1515
2256
6683
8777
516
5758
2035
5274
3655
6555
5897
8750
2664
3135
2452
2233
8121
6914
4587
6975
6506
1484
482
7715
4460
7787
7086
8106
1358
7724
6305
1680
4961
3767
2560
6154
776
6499
7885
6190
3003
6446
1291
1962
1217
2908
8050
2955
342
2173
4499
8673
2942
4509
3576
2837
5756
2295
2646
8257
3743
7281
8200
7011
8526
1415
1302
1825
8343
4375
7097
2856
7212
3275
6291
3995
8626
8678
1705
7774
7443
2927
4477
5893
3958
3442
2371
4229
3189
5195
1528
2050
3510
7817
5109
2809
2316
1694
6630
8271
2988
5835
7287
8488
6933
4241
3645
3585
1419
6872
3369
4531
7454
8184
3880
1700
5915
6340
6918
2657
6214
5481
3253
634
6057
1987
4793
8509
2862
7564
911
3836
861
8265
8079
5123
2489
5973
4192
1330
8506
4546
460
7936
1129
161
21
1768
7575
3040
426
6041
1326
5899
1158
8329
523
1320
8190
3475
302
3178
1488
809
6721
6319
907
5850
1184
6461
4813
7633
6868
4272
6747
4903
5802
3129
1686
2251
5147
8550
576
7147
5438
2091
2102
8521
8666
8632
1309
5773
4329
6514
3345
1418
151
4155
1972
1933
3806
2984
5659
8639
2558
5862
1039
153
1695
2819
7089
7568
1970
7995
7865
5747
6104
3277
4068
770
4439
4394
8534
479
2973
1
3568
217
211
5042
3384
3356
2888
492
5559
2619
266
7013
4308
7228
668
1297
6876
7868
2731
1569
7662
3660
5250
4004
1896
6181
4759
2138
2264
4
2986
8663
4455
4397
3523
526
5249
4442
5011
7019
5070
8628
7304
1784
1927
4243
5179
5111
5890
4697
354
2160
6614
4895
2347
6518
7338
6751
5273
7835
5642
5265
766
6482
2071
5794
8751
6073
4124
1232
6916
671
5314
2334
3044
603
6686
3076
2901
7382
8007
1042
533
7836
3381
7493
1514
218
8770
2563
4598
694
1717
3716
6839
6777
4496
2974
6006
5522
6235
6646
5241
6790
4983
8362
7278
3797
8315
662
206
7215
2590
3539
6566
5620
1118
2831
6184
944
4337
2673
1360
6423
7424
1229
3729
5858
5339
2802
8317
3794
3486
4651
7331
8356
2052
6684
4274
4548
2367
5768
5065
8578
7140
6571
4886
7321
1401
6346
2994
7758
1408
7549
4887
2736
3901
4590
2525
2133
5854
3799
1772
6730
1160
4026
2166
3064
4893
6120
1410
1548
2937
6605
5208
8641
2101
4610
2926
5895
6899
886
8619
202
408
3898
6852
2342
149
8171
7047
5618
2451
5155
8014
4678
827
2189
2177
4564
2681
7090
7720
7406
1718
4010
7190
7398
4917
8566
8012
3133
2724
7927
3887
1679
109
5358
3023
2353
8542
5796
396
6071
2027
1624
6593
5160
310
2137
1306
705
6509
6649
1576
441
3617
4041
5554
3108
1350
3402
4373
6142
3491
5001
5571
6087
3578
3773
8312
1560
5995
3681
684
6197
6466
4880
3490
739
8492
4664
948
1362
779
3346
1770
3333
7080
3687
7702
1610
1088
7643
2077
8614
1701
6439
355
5186
5760
4988
6813
4761
7395
3959
459
7803
6328
5640
2100
3200
209
3604
8752
2684
7860
1527
3158
7582
2013
3021
3117
8603
8563
3739
71
8141
155
8404
2330
8630
3857
675
8497
8115
3920
7933
65
3007
4779
6121
8322
762
3263
1518
386
2891
5961
187
1565
1862
5778
5987
4322
7823
6908
1010
8217
6632
6621
8558
1428
4716
7935
7619
3498
8090
814
4408
3249
1596
8383
2890
5392
2963
4726
7448
7895
2215
2529
1406
2764
7751
8057
5281
1840
8223
8162
5516
8250
2652
2625
8450
7360
176
7586
180
7176
6822
4126
8238
4525
5469
7241
4267
6702
1112
3565
4051
8428
4331
6601
7327
73
7453
4977
5251
2182
447
487
1080
6882
3252
3085
3274
8143
714
8611
8496
6874
605
1201
1438
5519
6230
5984
7458
1057
6986
8491
8310
6642
1313
1929
7950
4975
314
3331
15
305
5825
6945
2462
5563
7799
4665
4136
8094
5066
2574
6015
1651
7680
3124
5201
6891
6580
3240
1024
130
7109
4056
5849
87
3721
2513
864
1269
7563
7423
4458
3097
4402
3141
4618
3482
6373
2623
2128
8173
8297
1842
7501
3600
5097
7657
845
4150
2567
996
7271
7632
4955
7328
2117
7162
6117
4168
5543
2083
2527
2656
3093
6648
2881
4152
1140
7199
409
8658
5732
2924
8458
3639
3992
4141
1017
6587
2977
8427
4464
8296
8489
6900
8175
8384
5041
1009
5600
5789
248
6081
588
3282
7820
6561
2194
7534
3809
2679
7528
1081
6508
4403
3393
5912
2147
1886
1583
4082
979
7849
1459
6124
737
6735
7312
5275
7663
5168
1802
7471
6636
1530
500
2989
755
8089
163
2499
3837
7833
8785
3786
96
5932
6644
8573
654
4092
5846
8110
4508
78
8248
4405
106
3919
6796
5334
4592
6904
1584
6973
4953
8443
5254
1447
8520
5817
4888
8665
971
5327
36
6310
7780
6001
104
977
7249
4773
6998
7811
2427
2758
561
5006
383
1352
2326
6865
191
5046
8523
748
2661
1871
4473
1151
5660
3013
6694
1978
541
3871
8293
7901
2996
393
5076
2277
7869
3395
4176
5707
6935
7870
2224
1388
7976
6178
1180
7671
6111
7052
1111
5363
4313
2237
2184
3652
691
4098
7714
1506
4428
4527
5844
4342
6769
644
4386
4291
8114
2505
6963
3751
4624
6797
5389
3618
270
1507
1571
2980
6717
687
2919
6289
5606
3223
568
2644
3627
8216
6909
7592
7581
4657
4437
6078
4932
7329
1102
3572
5879
547
1704
2485
6000
1207
2322
3485
4202
7500
6036
974
1013
713
6558
5661
1466
7742
4534
2830
2491
5262
3401
3567
4989
6179
1958
1587
5764
2290
5951
7704
2721
8078
7330
1361
1813
5564
2261
3956
6667
3383
3070
3768
4672
4456
2732
4838
855
7243
8359
8535
785
1310
7968
7
6711
1595
6701
7937
2183
7031
4448
6836
5290
4101
6473
5174
6149
7954
2779
1698
6786
768
3724
5638
3082
6681
165
3884
1272
5930
8061
3808
2805
3859
8283
3646
2471
455
4157
6925
6755
937
3593
7472
4729
5663
505
1809
8565
5953
3586
2273
7785
7505
7309
2404
5545
3726
4297
2164
18
6185
5016
5491
7400
3747
5306
5800
6505
5727
7991
7469
446
5140
6503
1835
1132
3929
4159
7594
926
7525
6301
4167
4395
7652
7165
6675
7233
3875
1476
1058
2740
7302
1860
2303
1910
6785
6427
759
85
5428
6333
8693
1974
7437
1453
3944
4540
5105
7883
7749
3846
6591
5499
1803
880
2175
5500
8342
6639
69
5866
5601
836
6976
6200
8166
4680
959
4719
2936
6511
4351
3296
3161
3210
794
1766
5755
1973
6162
3447
5938
6470
7291
2165
2210
4005
1781
1991
3380
4782
6537
5335
7303
1895
3166
5580
401
4072
1405
1133
602
7583
1683
1589
5894
1492
1159
7383
3940
3392
3664
6457
5333
3792
8724
1121
3375
735
301
2108
1689
8633
6062
7536
3817
6270
5134
1380
4576
5071
4000
175
1417
5272
7828
8672
3113
1702
3718
7759
3387
2333
579
7852
3691
6678
4674
5609
3214
8030
6175
6044
4001
366
995
6764
5655
752
2599
2301
2088
6557
2760
4298
2696
5965
2152
8072
6454
8112
1462
6456
5886
5085
6595
8119
412
6486
7463
4943
8087
374
3451
6584
7155
6617
7096
2222
5461
5351
6670
2103
7477
7456
5298
6544
3719
6568
2340
445
1729
5734
7040
7207
4758
7265
2438
7713
4182
781
7380
1425
1422
3830
7732
4151
3552
6
7461
4964
8053
1062
3083
4336
148
2324
5486
5538
1226
8596
4144
7545
1775
2441
3757
5927
7506
6840
4627
5950
3759
5289
4497
4077
610
278
2020
224
4599
1755
8077
2044
3318
2276
1091
4675
4727
6494
1143
7722
6337
8734
6715
685
1635
3039
6288
593
1245
3359
452
1008
2135
7358
1740
4415
7045
6129
7756
7908
347
3912
2069
5324
6781
6371
333
5385
584
2157
4619
2520
5678
6731
6290
7434
5301
6284
2461
3787
5943
1674
4589
6814
1023
3769
2476
7763
7520
290
4916
5921
1856
8303
5369
439
7888
4227
2500
5876
5880
5146
8038
5248
7741
3717
1196
2931
2655
1067
6095
5605
3928
2934
3172
1136
1748
664
1774
2542
7899
5120
7183
5619
8533
5309
7280
1746
4658
722
2836
4387
6851
7918
7285
84
3300
2879
7989
5777
6789
4290
8538
8146
6169
177
4923
7578
4216
8169
1101
773
8350
6993
2595
898
1977
582
4088
587
5073
62
5813
2391
569
495
7200
3542
3599
7152
6030
6480
4695
2775
730
5977
6627
222
6570
6035
4787
2581
2717
1823
5824
4905
2378
6710
8199
214
4529
4682
2414
4019
916
4003
2922
8288
5738
3067
673
6023
1892
5889
2892
4081
1500
7368
2635
760
137
2864
4801
1831
3704
7943
5974
3198
6954
3991
627
4033
6479
6722
6389
3525
2312
2284
2782
23
5665
5671
1661
2544
4495
1904
7963
2294
4103
2823
7729
7041
1645
2268
947
3056
4969
4362
8557
2604
609
5043
2832
2236
3515
6268
1349
4712
2918
1030
392
2686
1590
7483
5604
1072
357
4044
5877
2867
4254
2822
1284
7353
5634
6549
5622
6987
6303
1060
4424
6654
7192
7070
8208
8761
7172
4846
6413
3564
3610
4582
238
7902
3126
1354
1581
5072
7509
5670
4620
8109
7978
4544
1502
8468
1487
2130
2270
638
3167
185
7020
7735
663
3195
2058
4995
4261
5839
7128
896
7043
3941
892
7634
3208
5034
5
4609
5730
1175
4055
3888
117
303
8679
2149
726
6812
6265
7746
416
5144
7705
6922
5266
4821
1604
566
1739
2610
7379
7054
6947
4234
4025
6937
1588
5836
5322
5928
5124
720
5840
5030
1776
7864
670
4819
7987
277
6176
3357
5191
2857
4257
847
1969
4296
4285
548
2089
3839
6257
8472
3983
2640
616
5031
7923
7567
8008
6402
6928
472
7618
5342
2551
8305
5217
4174
5806
2546
3248
8391
3643
4987
6212
8684
8642
5169
4641
7891
223
6714
7527
1721
3762
4367
2383
4677
3196
2726
6231
8602
8266
3307
4012
5710
328
5319
2280
6616
5091
7558
7365
3507
6159
7764
6773
8513
1928
682
7030
2478
4555
4128
5074
6326
3104
5371
7871
3154
4519
154
1626
1182
6072
4226
7401
2395
8659
6092
421
5028
1758
7858
7450
5774
2895
6481
3696
1204
2287
6846
1426
6640
8205
8779
4140
2439
1733
3749
7925
6522
1843
8176
7474
7440
3770
7197
519
7204
2846
5495
8244
8681
1138
2418
1579
5753
3778
5761
4346
8130
6049
3554
5985
6010
2024
2930
2377
8098
5797
3344
904
1934
2991
1849
3092
573
4804
942
5624
614
8451
5924
6725
5971
5632
1543
5299
7248
3698
4745
3851
1094
6393
1901
1181
740
3130
8392
8424
5746
5087
2432
5409
2080
679
2111
1119
1916
6004
5236
6021
1836
3504
1299
2385
1014
3466
6650
1177
5767
5952
1051
2346
3365
1937
3306
7622
7282
3159
1852
7600
2433
7073
4948
4355
3916
4999
5292
800
2174
4899
4739
6606
376
7521
5045
4673
8103
2255
3386
1855
946
862
1719
6141
7038
5135
2465
6942
5901
811
6504
2469
1979
6135
876
5616
5194
7272
8502
484
2518
7062
1011
7508
8179
3231
8364
2406
1145
8043
6186
1223
107
2311
4885
7068
2282
4941
6275
3935
5437
59
8547
6741
1660
869
3965
1123
1040
7614
4854
181
3478
5063
7256
5579
3700
1304
5049
2519
3201
5008
292
7800
7641
6100
2086
5999
6936
42
1391
451
2140
4170
2535
5964
5939
1696
1298
6433
7297
60
7793
5038
1463
6063
570
370
5127
8076
373
4691
1446
5131
7580
8787
4583
1783
1069
6384
747
5826
4039
5184
7973
8725
135
4338
3678
3469
8411
5244
5822
1367
2398
6058
5595
7784
476
2706
1918
7151
1263
1329
4907
6205
8339
4717
7526
5357
8664
68
3685
4501
6902
188
7893
6269
3182
287
4237
7660
7952
1056
8113
3055
174
3858
4996
4447
5841
6897
1824
5636
230
5860
4741
1279
8354
3077
4967
5153
7149
7931
5644
7125
5838
2543
5776
956
5417
641
5401
3321
3261
5214
4631
8111
4780
6704
2061
7294
4454
5374
8237
7473
268
5235
5202
4494
2226
2320
6969
254
6572
3579
8247
6016
2047
5332
1669
4971
6834
6183
3452
2754
7554
7150
6294
659
14
3713
2355
228
6096
3147
6589
1493
2139
1953
3174
4059
498
780
2718
5779
3656
4863
8467
1178
7602
5610
3932
7791
4353
3496
4688
6809
1275
44
2707
4319
4902
895
6084
4306
8651
2368
5420
1079
3414
3390
923
952
2399
7227
183
988
2271
7236
8187
636
4060
4580
3835
3852
5649
8709
4792
1273
6608
518
4748
7432
4768
2172
5812
3503
2756
483
8263
6961
5270
8145
5347
3520
6138
2976
8183
7840
8298
652
3831
8256
5581
1858
5551
4138
3030
4024
711
1915
3801
2258
1075
1907
767
7194
8755
6043
2169
2159
424
52
8660
542
2483
1420
7875
5531
7557
3114
7391
5907
5142
7316
4861
395
7187
56
8023
192
4431
1908
3244
2597
820
1165
3188
5962
5668
2653
7298
1318
718
6980
6738
7154
6203
4357
6515
295
940
2313
4904
4640
493
3484
8373
3791
2897
3457
7863
2254
1131
927
5466
1980
3964
8399
7431
3779
4751
6548
4545
1392
2317
5818
6660
8682
5694
7489
1504
3661
8153
1097
510
4345
195
6066
8589
2482
5708
5584
6615
2356
307
1280
962
2990
6128
2381
1445
7688
1634
6263
1261
7146
6241
3468
4445
1150
4389
5256
4818
4420
930
8613
5672
3536
2539
1738
1534
2074
3109
1853
840
2036
7269
3426
5044
2523
2331
6705
3780
6727
2370
4350
2725
5355
3463
4908
2900
352
4093
7905
7559
8418
1452
368
5132
2281
7415
33
5740
6967
6283
8503
1003
3907
8419
4765
8067
348
6151
8010
5177
1031
1598
8769
5321
4401
2314
3695
7319
6955
7007
901
661
471
1759
4383
3368
7572
6756
4107
5433
7959
5362
3813
5515
4020
7231
1489
2288
8735
619
1800
27
6539
837
2397
3856
2309
2735
4607
8543
4705
319
2279
2668
2212
4897
5055
5944
6673
655
7235
7314
6838
6293
7239
7841
3197
1564
2536
1064
7983
3453
4382
466
4485
4857
1431
344
4208
3798
7066
5149
2216
2315
5521
8582
3270
1202
7768
184
2475
7826
331
5240
4542
3028
4363
3590
5827
3492
3957
4966
4493
1657
2285
6626
1659
6866
1346
721
4111
7812
681
6965
2589
6634
8104
6807
4543
5436
2608
4920
4843
3796
3110
6513
6635
5666
7889
7731
1397
1027
4444
5040
5229
1893
5677
1416
2847
8269
1724
3694
1779
4065
1457
2446
7482
6753
3072
2915
6496
6495
7550
63
2349
1239
6643
6335
2410
4707
8128
429
647
122
8588
2939
4766
6854
3255
8455
1276
7965
8519
5086
8703
4172
3622
4704
7168
7247
3177
575
7772
5346
6992
7651
2548
6191
6625
872
5104
3203
3804
5673
7551
963
3325
4645
699
633
5307
8671
3594
2336
5737
3748
1618
5293
909
3225
2840
3587
5099
369
3710
1654
5855
6174
1838
3800
2115
5431
7025
8739
5517
969
3078
4364
8413
454
7880
8029
7607
2084
6382
7098
6896
4605
6462
7367
6005
1619
8136
620
1082
7403
5228
8655
7457
8674
3295
5064
5312
2118
4809
3509
667
7444
7075
3373
7279
5209
1173
6825
7320
4042
5652
5382
474
475
7859
1943
680
7571
4248
5587
3548
8073
11
8644
765
849
848
5442
4377
3853
935
1317
1266
7418
7018
7623
5801
1025
1585
8124
1296
6089
8516
3226
8595
878
1967
6894
5412
6628
5736
6930
5878
559
2196
6972
380
3349
841
5809
1157
3128
7350
6447
7470
4158
546
6491
5101
7123
5864
6311
1804
2219
1692
3518
8540
1108
7689
3327
1018
3616
1172
2982
7879
2214
2244
1475
1761
5621
4911
7682
5657
2373
6604
2252
2628
3659
6219
7686
3982
6695
3481
2369
1187
6118
5021
8320
2624
7015
5069
5871
1542
1935
5434
4869
296
7416
7153
2964
3149
4466
1083
5279
3708
2957
6009
3087
833
1482
3625
1544
7208
6981
3428
819
4275
3731
236
8398
4510
5051
4849
5558
2176
6377
112
7067
3343
3873
3472
775
2844
5354
8604
4075
2059
6467
6816
7566
3869
6719
8686
4785
1412
8532
2951
7195
7561
1794
2672
2067
5233
1259
8712
5408
6115
6387
3623
4443
4300
894
7484
5384
5700
2308
7967
1501
3854
8593
6407
2494
6541
3460
8757
361
2620
521
3524
5770
4915
1365
2797
403
3310
3121
5497
3827
8767
4370
7290
3305
4390
5487
5302
3571
8307
3037
844
1708
5949
928
5092
2654
970
5646
6879
1938
5697
8280
477
7916
8026
3285
3016
2034
7240
4514
2534
2492
8505
4786
102
4970
4579
2249
3538
4684
4014
5477
7425
5602
6306
8730
7116
6383
6428
2263
4608
4189
6919
6677
7354
2131
7035
4206
8733
2218
203
5900
3060
7552
2796
4487
5884
8645
3505
2248
6165
118
6088
4621
8253
6850
7386
2685
6867
7449
5529
46
3984
5156
615
5010
6139
7223
1566
8203
7121
7057
8122
7028
998
3989
2622
2063
3352
8465
7468
8544
7072
1366
4924
8570
3238
1437
3667
5258
2886
5462
3999
2443
5919
7024
2993
3155
4450
1919
8551
808
3378
3035
3289
7289
4369
6637
4752
5164
7944
1999
3338
6956
1594
3429
7371
7693
8285
1107
2150
7789
2876
1264
7783
113
2048
4834
8381
5323
6345
6051
1497
1950
4480
7229
6229
2549
5023
4050
7876
4873
6545
7532
5693
1559
282
8636
7344
7129
5868
1854
8762
601
3180
2352
6962
1046
1074
1749
2887
631
2221
2405
381
2929
5509
1734
4632
6417
8775
2727
2332
1090
914
2388
5615
4333
3502
3674
3951
2298
1216
7605
810
7556
7137
3602
5057
3642
7555
3528
6232
7185
2521
6971
1778
7710
4528
4265
449
1822
3754
7659
3314
3508
1549
1041
7237
6830
1214
7951
975
7053
2484
8182
5905
5565
741
5446
3006
8264
1022
3638
8292
1494
2007
856
3098
3788
7685
1409
2389
2896
3267
4169
6631
4482
136
1997
4760
7847
6279
6065
6810
6171
8151
7426
595
6361
7251
553
3142
2171
3010
1723
6405
6996
4171
2960
8616
3065
8197
3909
6108
6884
7897
7645
8234
3589
8606
817
255
8055
3699
4853
3783
6020
2106
8191
8117
246
4446
5387
2504
875
7969
1574
5857
4356
3284
6050
8172
1211
3089
2379
3923
5782
1185
2607
6194
1879
1461
8357
973
8018
7805
6046
8099
7203
843
7139
2129
6528
7300
1533
7517
2722
4393
3882
1208
2297
7709
4929
123
1085
3775
31
3931
7942
7992
3924
3187
6300
3822
3051
269
8721
2097
55
6783
6546
906
1531
5213
504
5313
4392
8441
4186
3105
7962
5721
1089
382
4449
6421
6432
3927
1562
6679
4429
2971
611
4811
2932
5599
524
7569
6885
7670
1605
5454
6414
6047
4470
1525
50
3100
8309
1517
5722
367
8445
1104
8
2968
5641
6354
6999
1516
7639
1328
1966
4506
3445
2407
4073
4614
8745
8093
669
5047
2124
2198
299
769
3049
1189
2541
7127
5955
58
2555
5706
786
4343
1636
2825
1256
3138
1709
7760
2638
1976
7921
2582
4659
7193
6077
1568
8691
7750
7060
2714
7854
874
8324
3170
8074
1847
2538
4232
2946
6273
2435
4376
7083
3914
3933
3683
7268
7445
1146
6256
242
8211
922
7856
6559
5353
1477
2065
3455
3376
2554
6208
2651
1591
4585
6803
3002
7531
6136
263
7261
6931
6137
3348
8718
8584
6662
6795
6260
7114
1203
5106
1227
6740
7008
1049
7596
2325
5904
3690
3005
915
965
2014
4228
846
6262
7611
6784
3776
831
8224
6855
8228
7270
47
6788
2565
5664
1126
2671
5925
4696
5440
3043
3753
4896
5404
7737
2940
1005
5808
3374
1444
5954
4281
4279
6709
7318
6455
5639
4666
7348
5278
2154
5557
6056
7743
5291
7677
4034
2633
8531
5295
6723
5742
6762
5628
784
6215
6158
1956
5166
5735
7074
5484
1335
1932
4832
1481
94
7375
7635
6437
1322
2348
4844
5158
8789
5757
2865
6222
6881
2114
7712
1550
1480
1127
1646
2734
7915
4637
3063
8758
3672
733
5449
4036
4080
4742
8363
5370
2712
8528
2729
3272
1643
6835
2609
8583
6966
6658
6150
6794
6848
5268
5510
247
5119
8155
2739
1681
2144
3308
8512
2850
6553
4214
3176
2605
7839
6103
6013
2488
7308
2003
450
4982
4855
7848
3059
7225
8759
6497
8160
8068
2223
4805
7214
5220
160
6225
8214
4134
8227
2894
6070
2992
2526
8186
7522
4649
2690
6474
7058
5013
2776
5831
7439
2641
7210
3022
5795
5152
6924
5234
4593
2713
689
4063
7707
6027
7345
4409
7993
8311
5422
1988
4258
2305
4247
7775
1338
4288
410
6754
8165
1990
3330
156
3186
7904
1939
556
3398
140
1727
7046
4947
3819
5528
4518
1540
1343
7533
3409
428
6359
4935
6029
4137
280
7399
6395
2592
2204
4173
4412
1841
2447
565
1384
1167
6411
170
1034
2917
567
1909
828
5490
5743
5992
7159
0
95
6412
3755
8559
7853
5997
1429
5633
1519
4968
6126
6970
8105
1760
7512
702
5914
4249
3164
3145
8258
2444
6134
8574
577
4252
1614
3494
951
7465
7131
6488
2
3899
3315
3131
6349
4018
8448
6204
4938
3766
29
6090
462
3125
899
7306
8011
5402
2674
4630
2794
491
3262
298
1093
3185
3818
3666
1238
2158
7257
6140
8178
5945
4427
1826
4422
45
1028
1640
7219
6182
1948
5090
6878
8355
7481
2859
6410
5613
5163
83
8634
5787
8768
237
4009
3008
6233
985
4115
5656
234
4523
3848
5416
7615
8627
6982
8575
3624
2109
5303
4850
1538
8517
6085
7311
4054
6485
6418
1345
6964
1491
7740
5562
2343
807
1699
2096
6666
2105
984
5872
7570
793
6079
2360
8475
4940
8545
5903
6957
3168
1961
2365
3243
4220
346
8442
3438
1450
4642
3829
5690
2387
8338
5444
3257
8167
5277
442
326
924
2848
7459
458
4293
411
6564
1992
6483
6463
7530
1271
7389
1537
8080
5094
8370
334
3265
1912
815
543
6808
6602
707
3911
5785
5162
2941
1004
6022
4135
1572
2669
5790
164
3301
1205
1720
3970
5189
5908
6706
3264
7042
3399
5418
7284
2949
3865
4979
3119
7537
4209
4612
4120
5689
1905
8435
1725
1163
4061
1913
8647
5651
2743
6718
6453
145
437
5775
3106
1552
5172
8778
1190
839
1282
1765
3677
5464
3184
8609
5033
7103
2571
3132
3096
2920
4035
4572
6002
4890
2456
7069
3665
3388
4823
7503
8722
885
3288
7171
950
8225
4109
99
6696
6664
4058
953
6431
5847
6533
2458
2614
8698
4002
640
1305
5192
6651
966
7953
256
2870
3609
2417
1894
5187
91
2552
6357
371
8556
797
6585
8454
4417
2384
893
6685
4491
2265
8040
8766
6745
1464
6847
1656
5284
5967
2167
7286
4411
8687
1848
2079
300
1633
3689
2839
2390
6676
5204
3009
3533
2037
2193
8581
8482
5145
503
7762
4520
3212
6543
7005
3968
3981
7579
3493
5394
1356
7912
4251
5344
5902
7022
444
1922
7739
2660
1861
6599
219
7374
440
6693
4438
3408
2227
8360
513
7092
7488
1301
5711
8275
257
473
5108
2195
1866
3862
3410
4038
7747
4434
2833
4435
7878
5780
7975
7834
70
2855
677
4556
6308
6444
5645
6376
5988
2663
4563
3232
6003
3405
6726
3151
2923
5472
3120
332
6569
888
6266
3004
8301
5343
5532
8430
4914
1612
1743
5137
8407
5077
6469
6083
5054
2813
5504
7407
8152
8378
8562
2899
1308
4215
3993
2784
1404
8091
2081
2872
706
8661
6645
3342
3340
7105
6581
7711
978
1789
2197
1994
2094
1198
6017
8453
6624
2576
4326
3953
480
1622
6817
1394
7078
2480
3532
7807
285
3407
5570
3811
696
2187
6560
7748
5399
2877
8438
2055
6327
8325
7436
2242
630
6886
8017
8262
2510
7132
8439
4307
2039
66
1736
5983
3001
2262
2185
6363
3024
1000
7288
2785
3139
5709
7130
7349
1436
6116
4625
8004
7718
7796
2860
53
1577
6713
4606
2299
1959
2448
6856
5245
3629
4824
8387
6733
4757
8396
1035
3517
530
3294
692
7413
7678
2578
2178
8598
5252
4639
1086
2012
5424
7626
3549
2787
3461
3406
3805
252
4384
2603
5083
8740
4770
2601
7535
8417
4858
485
6598
4699
1442
8591
2537
1555
3115
6438
3985
6098
1209
6748
4441
572
3230
6582
343
5112
8034
7837
2075
8771
4106
5199
6699
2209
7108
1606
3758
125
1810
13
7218
3487
903
4481
258
2502
8100
4845
3774
4635
7598
4255
4986
7591
7051
795
2730
2650
3165
6317
4361
8188
6512
3354
7911
8700
1664
3034
8571
4359
359
7495
6475
1378
6484
8749
8402
22
3917
3219
2463
8185
2703
3847
97
3668
2866
3558
5415
3511
6767
2409
790
1244
1105
336
5635
4398
8713
5705
4879
1372
1573
2643
6724
7452
2004
5713
5015
173
2550
832
6843
399
1753
3260
4416
1451
693
7475
5219
7513
5523
2066
2945
2364
7606
2531
4486
3948
4327
1786
4341
8212
1888
3339
8386
4374
8336
3583
4271
3881
4198
3946
686
3838
5891
3976
6490
4016
581
2845
902
4706
4512
4276
5575
4240
4710
245
5206
4808
7546
1757
4071
1376
2647
863
3413
3465
7691
1439
5079
5453
6394
6278
1750
7419
7845
2000
3789
2925
8154
2235
6202
7016
5648
8083
4721
6609
2579
4269
8510
3312
6923
3157
5366
5326
8058
5337
1663
5546
5025
2666
6429
7156
802
2266
5726
7100
7364
2134
1647
1662
1465
2683
1941
6450
1797
199
6156
6911
2522
4201
1986
822
3323
4731
159
1197
8382
6224
1737
8349
5253
1400
3036
225
469
717
4806
1277
2701
7961
2072
4816
554
6641
2203
5297
1845
6521
6243
6586
4660
2981
4097
2064
6168
2854
8552
6800
1688
1578
1164
8147
3658
7120
1711
5143
6858
3450
7866
1053
7361
7994
7000
3790
3122
3213
7245
3840
5035
7049
4330
6656
2396
1293
1339
4410
2863
8045
3246
7795
5741
6338
3086
8522
4129
7703
5781
8095
2689
4769
1103
5569
8495
3994
1631
4085
4468
3874
1472
2677
345
6540
4030
7094
3347
425
8723
4840
4185
4728
5110
5501
6716
3521
4332
5623
7385
2141
3915
801
4799
6974
690
5230
7101
5364
1128
4963
7924
4352
8586
8180
7654
1258
4217
5441
5534
6556
4286
1529
2507
4335
2788
2792
3038
8697
1508
3118
4702
6958
865
8600
6210
7135
5524
7376
4087
813
7220
7340
1045
7221
955
1947
3955
4870
2116
8501
201
3582
8594
3545
387
7359
4366
2751
2361
6492
4418
1341
723
2907
2403
5315
6938
166
6209
7776
8277
4552
5182
7017
4379
8289
6883
3712
8261
2808
8245
2142
1052
4541
2645
3363
8485
4204
4956
3254
7497
1122
642
6227
5349
7972
431
7692
8499
7519
701
6594
4848
2781
8334
4636
2402
2911
1114
5786
5237
4851
5647
4951
8615
2806
5596
607
2851
5360
5218
1799
1931
3974
5643
5851
5837
3816
7246
3560
5688
6286
5998
1870
6698
2306
4617
6647
649
3812
2636
8646
385
7110
6024
7347
6365
7161
4798
1546
746
2259
1575
3634
4187
1281
1054
6097
1620
5474
5625
5685
7322
4738
3045
4998
1593
4049
8249
4161
5048
1820
8765
7366
3202
4571
1878
6750
3877
3480
4550
5398
7631
8230
1353
329
28
5720
2350
7810
7541
4283
5215
1923
5122
3297
5485
4440
108
5410
4179
552
792
4577
7913
1087
788
7334
3153
6401
1869
1682
4820
4772
7666
6399
443
7263
7977
5990
3886
4023
5014
6610
6826
1930
3575
4650
3897
697
522
1957
2564
8753
1762
5731
2023
891
294
2372
4694
5750
8708
5024
4239
8332
3266
665
1043
5754
2487
414
7299
1703
6409
3350
391
515
4320
3675
5763
8694
75
7930
7910
1678
1288
4084
511
1221
2585
5594
4952
1920
227
7427
3867
4708
1342
4391
3367
2586
4764
6282
2928
3654
5888
8422
4479
4551
4183
7516
7082
1945
7964
5567
220
8181
5626
2327
803
4316
10
4400
8259
7485
1001
834
4105
1037
3913
4547
7417
3058
4108
5338
375
43
7797
3615
7721
1270
729
6618
672
6026
6367
6226
147
3417
2337
5154
4324
1262
2275
7048
7736
4348
5573
4791
5832
5830
7745
1851
4433
7939
8530
4278
6356
8393
1323
2944
8431
812
6388
5423
3233
1332
5591
7792
1558
3146
6761
3259
754
2910
2532
6364
5341
5150
4586
585
3561
4116
6122
7050
1600
4775
2615
1389
645
8192
4603
716
8493
6451
4720
6652
3416
6941
5467
8548
3101
6259
2156
7433
6099
639
6588
2400
6110
8118
6147
6524
6861
5247
3042
8599
7004
7099
2119
1073
3477
6531
3522
2593
4676
6697
358
6295
5853
1638
8412
4800
7665
3516
5975
3580
4978
5419
6926
3872
879
1334
7547
4045
1975
6075
4981
5285
7167
4191
2113
54
5012
2202
7026
8243
8696
4842
3671
8272
208
312
2959
2827
534
6579
4835
1473
8788
1951
6053
2697
158
724
6613
853
1200
7850
7769
5910
3967
6907
7273
4574
1374
2709
1002
250
8405
821
3403
3513
751
873
3194
1337
6248
5533
8463
3360
6857
1864
6180
1120
1333
5629
3551
4469
7363
3379
1582
8536
3497
297
4744
232
7940
3540
6392
6471
4655
127
5320
4913
5725
101
5084
6172
430
2912
887
7412
851
3771
8719
4703
8319
1369
4465
5923
666
4515
6596
551
1460
651
8690
7646
3962
540
8773
4295
5958
4558
5723
415
8433
6659
4303
5225
7599
5597
464
6034
1498
578
8066
3054
3973
2952
3353
6132
6991
3535
4048
1252
4724
6236
2411
4753
2849
2253
8189
5181
2749
5934
5037
4358
506
6690
1373
2780
3464
3235
6622
1742
6442
7255
4530
3934
4933
2570
5772
8624
5018
8240
3723
4990
8425
1249
2304
8321
3570
4814
4939
1255
7630
6487
3476
1183
4294
3679
6939
4328
7726
6274
529
7577
7683
1891
5792
134
5503
7438
4713
1503
7587
6542
2811
111
3650
7955
2043
2093
3169
6478
7637
6977
7906
6045
5231
2893
8021
3553
1792
4862
72
6304
3111
6827
4919
6314
5488
3366
7667
4133
2753
7553
7169
7277
1357
3501
7790
6060
6629
6368
5994
306
5972
3828
5869
4302
6898
3471
6130
4526
2611
5407
525
5260
8410
7754
7761
738
2834
2803
1960
7001
5696
3673
339
48
7640
5426
4244
1971
8631
4997
6105
3922
4149
3423
4472
1152
8036
6778
8137
3273
3563
1050
7781
2606
3562
5397
4162
6033
461
7442
1603
8656
7819
5511
467
1407
1996
5946
1882
4936
4668
2163
501
8408
7104
275
7313
835
6669
3648
6163
5340
1676
5555
1998
7429
2810
8233
388
6752
7071
6069
3764
3670
1139
7887
2225
6067
315
6426
8400
1247
1381
7766
6302
650
7325
5578
2019
4321
6951
4944
1455
116
5586
3688
7681
8348
8717
5502
7830
5159
5885
5004
4163
2752
4930
9
2493
6145
5294
5717
2028
4212
6247
4633
6577
5881
7610
1076
7414
4974
8092
5936
7230
1639
2771
5867
1485
3826
2966
3228
3894
7106
5979
3988
4566
1007
8193
4301
8333
264
4980
2382
6086
5875
6765
7668
4270
5716
4796
5978
6507
5197
2584
4037
8209
3742
4749
335
8048
1850
6320
8284
5542
3148
3697
5674
1790
1777
2412
5547
7624
2547
1257
404
8064
8617
3892
2362
271
5396
204
5356
1889
1435
3843
6819
323
3612
6532
2056
6772
1756
1885
7209
1954
3752
7002
7037
5526
3975
7491
406
5916
1844
6597
103
753
5350
608
2010
4817
41
1327
5494
5311
8133
3949
1926
943
4484
3046
5637
5459
8389
82
5691
240
4156
7903
7173
5089
327
6538
198
507
2921
221
6324
8290
2588
5095
613
2455
5798
7056
7064
8194
7882
5141
5788
1780
6849
5957
8394
6536
3738
7560
3127
6213
7669
49
7507
1510
1433
1771
8346
6007
2861
7984
2616
4505
4774
5238
8226
7184
712
3479
3891
98
8082
5769
6353
8000
1814
2359
2798
7815
2741
3802
4122
5843
5460
7158
124
279
6187
1829
708
8221
5171
3311
1048
7694
8168
791
6805
4210
8590
2341
4889
7362
1144
913
656
427
7201
7342
4095
778
4334
4190
6080
3541
379
8483
1687
432
8553
8554
2211
7117
3256
4591
5681
3905
4594
2090
3868
7675
4516
3286
756
563
591
7744
5918
8459
1218
596
7960
8650
4918
4898
5687
3628
6763
6576
80
6744
2192
7838
4934
7333
4588
121
2509
1254
4221
3199
3647
8440
5317
6612
309
3705
3963
2026
8125
1016
7166
6780
4381
7009
6309
3250
2293
2006
6828
4789
5527
2442
5075
6244
2232
3026
4043
8607
3750
6400
2009
6806
4492
7076
6441
239
3372
8120
5003
8511
4160
2457
6500
5263
7825
8525
7697
3415
5816
6903
4148
2217
4178
3422
5695
6906
5804
8035
5617
5996
5465
7113
6703
8005
1874
5865
5948
7003
1331
5053
4132
2474
2269
3033
241
4421
1714
8406
7175
5170
3017
1520
5766
6468
384
4112
4573
5375
8268
1289
40
7145
8490
2715
4937
6688
7629
3412
4875
6633
8729
7326
1629
1099
7900
3237
4714
1911
5684
5744
8576
321
7861
2842
1478
2420
3179
6251
1592
6038
1963
6101
7979
8353
3370
8051
318
4560
8760
3763
6758
3556
4623
4595
7388
4188
494
3842
7644
7922
243
1846
8746
7877
81
2737
142
3216
4927
6342
229
3027
7821
2884
3190
4407
6766
5719
7909
1137
6779
5180
3605
1526
538
8207
167
5329
3396
4304
704
4865
4223
413
488
4993
2998
7266
7157
4463
372
1995
4909
8065
2015
152
6280
2967
6787
1387
2464
3596
4091
1522
6025
2528
5811
190
7196
2132
8379
5833
5468
2078
6343
7603
2956
5724
3531
126
678
2824
3160
7576
3845
7827
8680
5834
7122
3722
8222
8108
349
8738
8071
804
3906
4471
360
1677
3079
7337
2168
2110
7087
8274
2545
1608
1989
3247
2783
7276
79
7738
7932
4536
5887
5712
8477
8020
5701
3304
7498
281
2691
6352
6287
1020
4554
3341
6749
2710
826
4874
6152
4644
3543
1561
2459
884
2658
2345
3823
4287
871
1179
7451
7305
5935
3495
4976
6837
2747
1414
497
2533
7292
5749
1006
4950
8524
2087
7773
7341
921
1078
1690
870
1805
4709
6620
7946
4263
7441
7917
8560
8479
599
7343
1532
7420
1324
3322
3632
2979
4687
4790
3234
4925
8568
3191
5022
555
8704
143
3175
197
6603
4451
7339
1336
8282
6436
5536
6091
233
8692
8140
2228
7612
2002
5680
4921
3573
6818
7604
8423
4380
7867
4984
7283
4139
8736
6959
3268
3807
6892
4194
5614
1580
3411
1807
852
8340
7653
2778
799
8368
1697
6458
5863
1865
5032
2151
1063
6074
3637
7957
3439
3834
3173
3462
1398
169
1274
1732
8653
2742
171
2985
5221
520
8047
4602
8242
8170
8041
3103
6325
7381
8781
8313
2631
3171
6489
2577
6355
3644
7734
7111
5561
2283
100
5667
6520
6281
8341
4180
5128
6530
725
38
5791
4207
5328
4878
4325
4734
1019
8163
8577
7494
7093
1430
5165
6299
7387
1764
574
261
2425
4013
6554
7384
5082
3025
6567
2401
4601
194
2437
5820
1621
5577
2394
7538
5574
6880
919
8782
1061
4195
6527
7021
1456
4131
688
4164
7036
2566
6833
3635
6032
4339
6691
7518
1347
3702
7409
7238
3910
7430
3281
7999
936
3019
157
3706
7077
761
3732
1632
1671
8148
5222
4086
5715
5942
3746
1348
5173
5457
8478
830
325
5405
2524
8075
4991
5989
434
1228
1808
6170
8676
4973
4600
5078
115
7857
4015
7725
5452
7529
5151
6815
7205
3364
4613
3893
4511
7542
674
6890
2038
4074
5185
5883
1900
3015
5631
5654
8716
5305
8032
8144
6732
8069
8688
771
2051
6573
35
2393
4693
3081
905
3029
5458
3459
2191
1984
7590
2821
8251
4121
1981
1812
2375
5129
7544
4549
2553
7232
1095
7260
5138
6339
3433
2871
7843
3112
3031
2954
3299
356
1153
6535
1672
4513
758
1964
750
2704
1148
2104
7846
8102
502
5917
1234
7310
1554
8210
8747
2031
3239
5981
2321
3527
7806
2208
1458
6873
324
3620
1649
1092
7392
5193
1171
5211
8385
7324
3278
308
6550
2648
8388
4193
6707
1390
5845
3362
7679
7189
4222
4246
2082
3163
2300
8295
6403
6329
1655
1283
4596
4794
5473
5803
3864
3782
1630
4414
8219
7988
288
2123
7014
1623
2698
5060
6547
1427
486
3394
110
4867
8291
3074
470
3684
3291
3785
5005
3071
2422
3018
5588
1666
5365
3996
8395
8201
1541
1294
1117
2241
4467
7088
8466
496
2568
2257
7254
993
3361
3550
3435
3950
1763
7428
3052
628
8239
4626
7597
6440
2835
5096
1486
7396
5188
362
6082
3569
5242
2467
8088
4730
8138
2573
1206
7466
3566
7275
4634
4017
1744
4663
5161
8731
3821
3095
1470
5598
4830
3619
6330
6517
1147
7642
2206
3324
3760
3883
1312
544
537
2961
3441
3777
3320
4866
2838
3332
8518
7095
5200
2557
3969
4238
2693
1625
4803
1396
8494
1985
8625
6113
560
5255
1863
7684
262
119
1059
3943
4153
528
6574
2250
3313
4578
5576
4011
648
3446
2755
4647
6177
4203
532
5227
983
8416
2733
3073
4453
5896
2018
8727
4143
3544
8308
162
586
2016
7335
8504
6793
2503
4064
4553
3107
7160
1038
8414
964
5116
5993
8085
2338
8649
490
1616
4622
5102
2486
6921
3860
5698
4078
5067
4638
7730
2804
8229
5448
4839
7447
1816
1033
6746
6254
6516
676
728
8432
3091
1215
2054
5909
2905
7696
2744
7198
1156
4643
2454
3947
7063
7181
2453
7625
6206
2148
4718
6123
2136
4110
5714
286
3181
4040
6949
2617
4089
1169
8449
3744
4825
2230
883
1644
4474
6037
32
2829
1881
2319
1796
8471
7136
7613
4859
2882
653
8158
86
5941
4723
7134
2909
2789
4517
4901
2947
8592
6477
6665
4584
868
1685
5450
580
6370
5390
825
7124
2933
8231
5819
5940
4371
1364
763
5548
5118
7884
5611
7253
2596
4503
798
1857
7890
8037
2826
8270
8786
6344
3761
8783
6682
4504
5271
3895
1250
2143
8345
6988
1925
3885
6887
622
3057
5296
1235
4962
2030
4130
465
745
6406
4462
3547
5805
51
3326
3709
2621
7974
3987
8022
6297
3626
205
5183
6012
8561
1316
1314
1248
1658
8358
5745
6498
6374
64
6052
3229
7585
1691
987
6040
178
8780
3183
8732
3591
2323
5892
1449
7907
4561
4230
1154
8390
3889
7777
6048
535
8580
6501
976
5612
8281
3918
8743
5267
6465
4906
1773
509
3686
4284
3633
5316
3319
2962
6823
6799
632
1377
316
564
7224
994
2060
67
7390
1135
3355
8597
6008
7163
4147
2145
6692
3221
129
4812
727
6674
7892
2098
3921
3483
3242
550
4743
1174
967
1402
8507
4646
2969
4309
3211
89
3559
7794
3418
210
6267
683
7708
8572
8031
3621
1791
2421
7293
90
4994
4070
514
478
3136
5282
57
4615
7894
2045
6910
1716
7842
2818
3218
4102
6435
7467
5367
7690
2062
5980
4777
2468
88
2853
6583
3434
6668
6415
3134
7295
2773
1641
2632
253
6216
5682
6552
805
3303
6018
8470
2761
5607
1325
2777
1521
6242
3577
6736
1340
4478
6657
6011
7274
6944
2376
6519
6127
2530
4722
824
8654
3640
7934
2205
4698
8695
890
6932
8042
4027
8123
8347
3020
5593
2694
1241
4922
2200
6296
4280
6472
7786
5608
736
1100
2011
5861
7351
4236
5959
6565
2987
5572
4524
7874
6791
5002
8159
3607
7873
3068
3271
5139
1556
4872
3400
2155
5148
394
8135
4268
2112
8286
7719
5590
796
4860
3000
3334
2310
1130
2575
7315
4737
8461
4317
3279
2302
3574
8344
1952
1077
16
3701
311
1295
4264
2995
322
7844
8683
8764
5931
512
2239
625
7628
5718
8046
4419
8196
4567
4197
2935
8097
1940
4815
989
8294
7687
2430
4483
8662
4711
2970
6831
3062
5976
2374
3606
8763
1220
3651
8241
5483
5679
557
2702
3736
7647
6801
6404
5445
7717
2436
2126
7733
4069
5525
7405
6112
8086
5929
6250
3978
7638
2659
6590
7716
3707
8549
2815
7824
6249
200
6323
6708
76
981
5471
4365
