29521
10970
17916
27371
7231
18351
29479
29734
16157
35919
36885
9041
25748
22442
16304
5014
4458
29363
31810
5053
25867
15368
33166
1905
17509
7322
27283
24651
17102
10968
18023
13808
22937
10443
25920
27363
28293
21631
12311
35975
24403
7334
27188
13347
36025
3630
12936
17659
14449
13612
7774
9573
15868
34434
1518
34382
14741
5918
33873
29856
11036
9582
30613
35059
33842
23273
14849
21294
33902
20963
6205
10585
37597
38299
33702
12589
4062
38943
4845
27170
944
37820
28388
24697
22880
35201
18061
20779
1973
16445
2862
12357
14813
4018
32662
23550
34837
26470
4249
11650
32211
25167
3449
37801
2983
23295
37217
33600
15500
37590
35977
33588
7679
19706
31978
35449
856
29939
29009
21933
17331
32318
22793
35645
35120
23548
23023
18457
3860
20508
19167
248
21244
27923
20846
27253
18910
3137
15742
24188
27268
34392
32705
11261
32285
19478
37687
26823
4386
24940
5640
21269
11526
21958
2017
21447
29108
11371
1855
28852
26694
17464
18998
10880
9995
22966
2785
29899
4201
23031
19324
320
5518
30022
27658
17194
6207
18029
11254
31180
34159
6414
32103
23021
27157
21275
22997
31888
31632
25903
8176
29265
34313
16566
29431
28188
14171
22373
405
33343
4263
691
28936
12974
14397
21259
7801
23575
2
25910
12731
24021
203
2951
5357
20151
5958
9153
16560
28414
22761
26150
14697
27972
29425
26728
12020
25024
18835
36094
18869
10396
35930
3638
3934
6371
19842
5729
403
11065
28183
34874
33280
21806
37190
20630
30936
38044
29004
31950
38740
10016
690
18330
26669
17287
29619
20445
38651
16715
6616
35142
16499
13880
37899
15996
14283
35570
4917
2074
12527
33815
9056
15572
32087
601
5722
7141
23245
14855
27620
2333
3873
30453
12243
2553
30789
18294
31985
29868
13008
19958
36061
14675
347
2260
8016
24960
23123
5790
31536
17470
20542
36794
21701
6353
19864
2984
12477
8449
28297
20283
29625
11544
13889
16104
13483
31000
705
31134
19990
18784
15404
33514
37595
22789
1806
34078
5243
3901
36053
14390
22773
10105
18717
14896
2134
5830
26464
2092
29100
32572
3000
26851
8672
3142
20810
35478
4295
8109
9043
30447
15273
30888
12259
3332
19156
7678
26216
24556
31255
38848
8817
3656
31498
14501
1302
17448
36762
9193
18246
8059
31310
36914
12282
34647
11997
33657
22703
7137
22432
20089
11920
8310
38608
23572
12762
21347
24639
7592
30044
34676
39072
23373
25463
1629
8948
2452
5764
30319
15317
15152
15723
25753
5526
31415
34140
4122
32938
28650
13381
20326
20815
26169
9226
2294
13236
18946
22594
33187
7812
36415
27217
13499
6166
15471
33175
8163
30182
20435
16233
29631
33577
34397
1992
38901
26194
7368
11071
5123
20074
36983
9869
5770
14759
24707
23339
9513
26369
25200
12952
31336
2871
32104
578
17084
2189
34157
34720
9429
30194
38351
9110
37732
7512
29332
10247
38889
8951
4962
19248
34800
8111
32128
38816
38544
5109
30663
9646
25721
19768
37314
32640
19699
11216
12807
2014
18510
23274
25836
9084
24284
38745
24782
22663
14469
18522
32922
14621
27741
11661
37656
27725
26616
342
4782
21185
5121
3754
14025
24512
19477
32677
37842
35950
2190
36858
14918
5882
38024
20081
38739
5571
36701
10025
7139
30452
4741
35583
9446
23601
4916
16775
30250
10772
14713
189
5178
3844
131
28968
4834
17951
15193
16078
4396
9988
37528
12369
33111
8577
26211
26450
35693
24816
19826
2238
19677
30245
23192
29955
33170
37074
4609
20834
19574
4005
2482
26158
34123
33356
37525
21789
26119
33894
32785
10993
8605
3450
29092
29118
24123
30362
31250
28858
38099
22037
15121
8864
31732
36031
3604
37265
31053
24374
2087
8836
24874
6334
1124
21737
15702
28504
6354
8928
25974
18346
28525
22553
19196
34531
27100
596
36215
22787
22341
1742
26657
12935
4743
9323
17024
34901
11859
23476
36040
30675
1681
4160
33569
20669
29972
982
2417
3108
38604
13888
20161
35176
16275
15510
25975
26135
36735
21767
6896
5874
25728
20595
8240
10702
29568
9703
6651
36557
33695
27166
33041
20286
30774
29983
18482
2471
7969
1264
14321
13280
13687
24526
22521
1914
7596
22736
5406
12170
521
13114
34415
37483
38150
13996
32376
30657
17109
17399
3003
22167
16077
13531
15364
6963
7003
33104
12129
32496
30557
17207
6236
33221
19590
25118
34885
30746
10248
14349
5870
38050
24318
22429
38133
35100
39003
38470
6403
20710
17764
33558
26705
22546
29121
12101
15761
25489
38686
6553
15559
23904
22626
24485
9478
20068
34992
30326
10597
35457
37882
1501
1120
26377
2947
23775
34247
31394
1845
2064
36020
26432
36825
38143
12110
29947
33913
30524
4225
17894
742
26426
38681
37823
18148
513
9683
11306
6169
1039
20732
25788
32108
27744
14894
11207
20752
33676
564
32683
5523
18573
24139
32457
25989
16029
5004
29262
24435
29707
18607
20610
28742
2668
5634
35119
24240
9383
593
24236
3441
14320
29215
24638
9306
3711
14700
15498
9047
6265
6159
25641
10599
27822
6978
18340
38137
25795
7802
15058
19420
9583
1273
23750
29679
30316
27490
646
23786
23530
24982
35968
35152
4848
33018
31018
16584
355
36225
21606
5597
573
31101
29584
33745
34651
25464
32936
33581
23843
24146
2791
34631
12425
28712
18370
623
4843
37912
31986
37062
1662
7079
17808
24184
10763
31989
27450
30058
37684
35178
34968
25690
29174
28494
25020
10511
16206
7321
13154
30875
25514
14702
10795
17389
11251
30225
26878
17748
10972
2358
37549
13702
19528
5365
38437
28645
20465
1733
19097
14892
35464
29866
16503
11520
19350
32649
6213
8019
18876
5364
4133
14784
12754
23138
6072
21738
35387
33833
33697
1240
19545
15225
8565
1023
36500
23000
29772
36139
21125
26491
1918
11690
23674
28128
4531
25151
17847
24222
12380
29700
24849
3874
7581
409
18157
35322
10438
10979
17958
8463
5143
24002
4479
17320
13485
21490
3761
36132
12636
21473
20738
3396
31791
37228
3195
19462
15005
24371
8257
26900
167
25029
17367
27561
10625
35846
6322
4905
4733
22312
21282
26142
448
18950
16048
1572
32004
20127
29255
6787
7482
21217
2490
22618
12236
29692
4013
3933
32325
35530
6277
18842
24881
3155
4749
26452
18300
779
28851
28807
18231
32498
26986
21794
29938
31074
15594
32753
12624
21126
11374
14808
31685
7239
23041
9950
32255
21650
19591
11917
29749
8648
16615
11970
35334
34997
36014
29291
9054
4357
19640
15828
11922
30633
10928
1125
29913
6631
5646
4855
19353
34407
483
1557
27604
34081
5367
15764
35050
29181
30934
7306
4391
2445
8849
22932
9256
38074
16252
30983
20917
1665
3643
1031
5425
37125
36628
5881
15338
20662
33358
26175
9291
30928
12196
19265
7949
24480
27799
36391
2002
2904
7573
25352
26070
24787
31711
9001
25775
11379
36218
32451
7810
21763
26264
18689
644
21905
2082
36145
5672
3585
24878
20574
1439
1266
20602
31756
17212
24283
8846
18758
7176
8925
37285
7400
9614
37583
25180
32859
26672
16458
7258
2587
18504
2890
10138
5394
36945
4512
36969
20288
23620
18954
26749
7335
12308
22850
38712
37917
34468
19684
1505
11642
25553
8856
24897
11577
17976
17812
35125
20110
4146
6625
23089
33288
23998
30726
26650
32356
11537
1076
21927
7427
13963
16142
11710
26468
31118
4426
32469
7330
16044
24742
10650
3095
23798
2703
2702
9249
21176
71
4135
8796
9267
15645
21396
31313
10136
16003
16497
30505
29319
4117
20865
4830
16355
11326
28873
24770
10436
32508
14214
27894
31533
9348
3756
26316
21391
38354
10563
17917
37883
22784
37831
27954
38294
17427
9873
19110
7990
770
4262
25999
17215
22902
12284
3119
11982
32184
35349
8529
28595
31079
25300
39027
19373
13196
7188
36579
19125
18778
33505
33880
26549
9317
37754
31325
111
18400
22512
13929
22977
5152
2166
20791
12231
19908
30811
31306
3149
35865
24505
29059
26141
22094
13418
2613
6086
29541
30234
29456
6730
7666
11968
9935
16069
23857
13558
21532
9391
3295
13900
24760
30745
23200
21441
3188
14599
2437
22568
26034
6298
23613
19036
20931
15989
6658
5681
7430
5704
22277
34977
19444
11959
17291
38393
14415
12022
16933
16718
24245
32194
27415
892
29509
12563
4293
37356
27156
10755
18652
4654
9416
2375
16758
31393
35203
14982
5161
37798
556
17261
30066
28689
30065
16033
6324
16534
28340
22798
6941
33957
3377
13228
39040
15012
37032
31229
38066
1531
10044
4055
3171
21934
14114
34776
16753
11415
34195
11047
11564
37219
20956
31927
21442
26626
25992
3623
5521
23104
27022
12402
6771
18531
36060
16985
11935
34604
28123
13456
29805
24835
18546
19956
20052
11602
19012
17716
16855
9298
7001
4582
9736
28450
29223
2316
20035
39024
25544
18779
587
21829
35007
16277
1040
19868
4192
15285
28008
30003
7884
32344
36753
8808
12108
8997
26419
6561
27281
9248
5916
10364
16811
11565
18107
35218
8097
5885
10587
32489
10678
18819
38826
3818
17244
31437
24363
31738
14391
1221
3170
9972
17815
32308
4093
38807
6990
19315
30628
38809
3831
7146
28473
15619
16919
3768
22311
6201
21055
20269
7157
24666
23719
38870
24187
1468
36303
37741
36932
13848
338
15310
34722
20755
14846
23320
18525
28366
19664
26047
26296
28064
7259
30523
28302
2837
19093
1613
19411
26697
14446
34723
1655
16133
2839
28435
28519
33884
27752
30878
11102
3208
33253
35718
16155
20647
14441
13861
2114
16184
34825
8405
15446
16986
38170
8289
18067
30572
34088
38007
31962
14083
6449
22765
3696
3734
15644
32170
38680
810
16516
38446
25331
6127
18574
15496
35617
32933
11647
301
32804
16317
12823
273
22636
7045
515
30457
27937
36363
34052
17095
11978
20284
14092
18739
5935
27871
22225
24968
22162
30130
10087
14677
2720
32942
32283
3006
4861
10957
9798
2016
7387
27473
5340
12501
21968
37683
26059
2309
23972
35526
6617
3558
3337
28400
14526
18315
18353
25065
16954
10413
6034
27343
28642
10574
19033
10226
22881
35172
16163
22678
32603
10534
23912
6132
32669
22111
28436
28718
19723
8280
16571
32020
8288
30963
13080
23467
23363
22304
25047
29455
17995
23931
9571
17114
30406
19357
17216
27083
4754
10372
32729
2488
1897
18291
18187
34808
3828
34810
4
11439
20144
197
18026
20891
12027
36780
24669
34352
18700
11409
7456
31407
30493
36920
36150
15250
15864
33411
19502
28166
22778
14190
3649
39002
24075
6786
31788
34025
16541
15589
10325
37572
32690
7251
26782
18941
15246
29119
19888
24601
12784
10010
17877
35696
10536
19071
5765
8850
2073
37796
2692
34116
38386
25286
20354
5125
37650
10729
1210
23576
9340
22295
9496
27636
2183
12893
9489
2589
25606
21477
35845
38260
17734
25335
33867
4204
9742
6722
38671
24144
22207
13447
3697
14315
8426
23588
7455
4096
35
269
12975
33712
2748
36715
33511
30127
6600
29066
33962
38467
16110
11574
35749
34299
3132
19318
21234
36341
32958
31043
10166
10385
24812
24913
33664
11698
5002
37733
38244
32773
32743
13222
6246
97
4951
14314
34613
21028
13785
5124
16520
16449
7576
17496
8470
15411
29615
38498
33364
17770
3176
3607
34781
6337
7222
21037
2110
19637
12318
11495
794
3654
10404
16738
5855
21916
7970
15739
27344
16860
25492
23669
8261
16769
1128
38468
547
14245
13101
18611
27536
12244
6328
38936
3972
20291
28850
33314
6642
8457
25083
31598
7280
35913
36152
22809
13797
7501
20671
29781
26939
32301
22517
21295
37544
15912
29043
29943
13556
7353
22163
24427
34618
29466
38517
4088
19629
8296
21754
3875
14302
5453
30440
23598
520
1080
2731
37951
3500
7798
5392
1980
26508
14002
1171
728
31106
25791
636
3474
21881
32865
36516
5842
31597
28691
24122
37534
31742
2584
35489
6809
6158
34262
35278
11943
27065
36967
10127
34241
5643
38379
18228
37340
36876
15238
32953
23140
1224
20876
11012
20942
3497
120
32473
19999
30135
15977
36387
15956
9896
14423
17519
39094
1919
31792
24503
37563
28237
33733
37416
15539
13772
17819
21472
35081
5485
13337
15248
20730
5511
5419
4383
25366
31877
12726
7655
26524
7084
38991
10786
37658
29316
15322
8127
18542
27763
11312
33611
24235
32041
8073
1390
37289
6662
11143
5294
22500
14204
36333
22468
37291
37375
9844
6331
19004
34964
3355
35806
2423
5679
14009
18723
32609
29135
10765
5990
9342
17843
25380
31210
9817
23519
36742
34253
18804
14260
31257
36800
10836
4501
20077
23190
3177
22387
26398
28452
23124
26745
19117
37838
35064
34803
29975
16064
34160
27116
36791
7403
13148
6031
32495
33386
29418
29953
4130
31469
36153
10231
14795
30939
9169
29779
4645
1337
9379
37763
31643
11668
29086
8058
23946
28931
28905
37640
8024
20051
35603
2079
36790
16209
9688
32430
939
37152
11130
7004
15264
34072
9292
2068
20784
38501
38207
6965
17065
3573
33405
2274
35168
6093
25406
23804
26645
32310
13972
150
24999
5147
3803
23485
23980
33252
11077
37812
9686
1134
21717
26513
21392
34046
38551
3043
19049
22480
14453
4868
18908
11286
8369
22347
5665
15040
3184
10935
38484
9874
37235
30668
16673
20571
36271
7751
21684
36069
36530
26207
9860
28205
35101
9232
24275
18706
38347
31640
2443
38766
21785
33470
5478
32311
1405
7504
4832
22665
15350
37496
34577
2261
24000
3059
28357
18989
15108
3252
21256
29941
5173
34281
28829
27900
7215
29901
28355
32044
31796
9150
13940
20599
22539
3660
23484
27876
24795
7503
12860
29266
36072
28019
27782
10236
25902
29237
18552
2510
11215
19063
17785
21004
23580
5610
28701
13261
22749
20073
35875
3129
17107
3244
9151
20459
27688
23760
35622
20109
24610
27203
30508
1453
35126
28089
6733
27559
13509
28084
34522
1181
5616
22272
18621
10094
28052
9266
2108
9369
14937
5904
32907
14467
22839
22081
24934
2552
27529
11703
5102
6317
30715
15586
22537
11503
13832
21280
28727
9130
38519
18418
19513
5628
38488
34836
22138
38547
710
25435
35482
10070
16974
23385
36392
32850
8250
1939
35487
27785
1256
38349
38132
10495
4106
19435
6546
12601
37706
5414
25087
5810
18041
21186
33227
19208
17564
4086
32385
35794
4236
20705
21164
17850
8519
1237
35411
15413
28346
38025
26332
7489
9607
2853
19680
11679
4057
15515
9508
22601
13420
33466
34873
7410
1190
5280
13248
4454
10196
26161
17096
19472
11839
30381
31979
14523
20653
35099
5476
8939
11337
22518
13738
21444
34662
24451
1028
22576
11903
20924
36661
10457
23867
34465
15709
3706
8907
20615
13004
11915
23544
30223
38040
29978
29075
14304
36529
18243
32294
17683
12845
6690
8835
3813
23615
3056
7136
706
30678
30204
19537
33636
16057
15775
32876
35071
36395
9635
23903
17930
34389
8090
3777
13063
3074
3675
25067
7924
18156
33477
8488
32173
792
17074
37094
11569
7586
5566
15164
20852
19506
17273
32021
32094
19380
12866
19683
34778
10328
23267
30839
37269
1357
16132
14552
30730
30009
723
2578
25121
5954
7114
24682
38879
31886
25807
17694
19154
30594
18843
16820
11946
433
34927
4802
6301
28295
31860
35593
26327
16606
35109
33331
18747
17386
4607
26738
1203
22100
28020
22166
7050
20922
28965
15503
21300
20337
37990
17970
16039
12271
23141
15342
24979
864
28674
25522
6272
4218
3333
21821
14618
19322
29909
31855
37797
18302
6387
4147
1953
37374
29729
22747
37440
14069
4552
24297
36401
13387
32680
35501
21346
2245
31746
17987
37555
1456
16181
28898
1335
27180
10182
38941
15946
3958
12385
18265
18705
26368
32072
5647
16592
31726
28288
17977
29859
34336
24453
35044
5892
23404
21409
28079
34794
18473
17324
7433
10101
12839
4223
9558
2223
1921
25785
9958
32277
18484
23255
36394
23886
9639
16019
21060
29723
11171
11060
18382
32025
12328
30166
24581
3508
4083
17521
16882
26261
6142
26040
18499
19021
20178
20282
849
4533
29379
34444
21936
13272
2125
1329
33721
37231
16314
26533
17281
28341
6391
18940
10918
15323
35561
37947
5066
34489
2336
26634
13933
32580
16212
15951
17481
29307
38304
10112
5932
23844
25028
18255
29210
30039
2801
30659
4677
24867
10612
31395
1692
30496
12398
28652
10266
38333
37441
38798
6579
9190
14107
6338
26004
29382
15489
32882
3143
29807
35594
29511
17046
36561
28070
36199
6071
29877
38563
28515
18442
38197
9172
29783
23243
33637
4608
34047
13695
22025
18753
116
34039
33652
15509
29405
222
26483
35494
8424
34200
23967
7062
8188
23084
29811
31570
3822
15131
6728
28683
28903
38461
4530
18464
38780
5594
1536
10974
15608
35573
32208
11121
1552
32570
13269
34316
14966
10376
22733
2685
10496
22557
2060
17091
25845
10738
27680
369
16683
4931
29999
15000
11222
4950
31063
10575
21494
6109
1913
13428
15230
9401
5492
13123
18235
3789
1442
11318
7145
10215
12274
1784
13130
249
1063
1530
24018
23102
1065
9405
12922
38849
12929
20197
36228
11456
3203
29426
23294
30157
26344
24046
31563
16293
12381
34376
13207
16894
3515
28677
33490
34926
3694
32402
26548
11863
21272
33841
3827
36600
12691
7092
25226
36844
10306
18438
14403
33378
8481
11746
20936
28329
5049
1884
28154
24557
21239
23085
4570
9540
17710
27082
13342
35587
21278
1305
24620
11067
35999
2429
37869
31762
18135
31707
28537
6555
18172
23862
36331
22538
7236
28284
23022
14360
34602
20025
14029
12061
29459
36543
16118
1767
22483
23982
22027
13727
23240
15179
11348
20249
7000
26011
28775
14404
11450
13864
10089
5255
6113
22074
7490
29167
7008
25110
31205
18661
18297
14101
25899
11557
21191
35076
38797
24631
34169
29026
36655
35324
25856
22975
1892
10542
19957
27807
17703
17226
9333
19942
914
11811
31474
26552
35723
17616
27023
12881
6637
29128
36687
36988
34773
9014
16914
8348
16865
16482
37833
12886
24431
39037
32180
36315
25928
669
4506
29378
27982
3433
15822
30489
37165
2797
23797
15953
31454
24861
19011
24196
12825
19666
18160
20404
8217
13104
4776
8895
16337
1269
13746
11906
8122
20130
21777
31060
7889
14057
37720
25840
38920
33102
30945
14753
26067
1778
8235
702
31190
19089
26830
36665
10924
13016
15087
1475
19586
35499
37012
25773
24023
26203
14870
16260
39032
14649
5007
10411
2729
18444
17428
4638
23338
38281
12757
15935
12187
25550
20121
21722
37961
26981
814
25148
4377
16367
16201
8589
33370
19341
34423
38149
24744
7820
27857
38013
31823
16756
12417
19351
20585
36732
27726
1019
9905
5350
37562
31959
11198
16532
29006
30281
4643
16806
10398
31329
14578
34127
28686
27792
1403
12198
4302
8967
32066
37312
24329
29037
39031
17276
26348
20037
7817
24851
15402
16015
22296
33273
10462
9631
7640
37862
11352
16704
10910
9078
35230
8887
23584
12763
26692
28091
35959
18079
6747
8991
30926
27325
30584
16051
29127
2778
13977
12988
29011
38425
5306
18087
36553
15374
32803
22818
23809
11477
30691
23492
35990
11769
26370
34998
37206
37791
3541
36437
13277
30723
37293
2535
30370
2560
25240
37896
14261
20664
27860
11588
8493
17235
13137
19577
26916
14311
1251
32760
15239
6672
23399
17067
1641
17042
3774
26333
15007
18742
38823
15303
20139
27271
8370
26009
24172
35407
638
14282
2262
14096
18868
33718
23651
13682
24154
8154
9847
29195
9472
9889
13032
22462
23330
39012
21831
36416
30664
12194
31046
10508
28227
28331
38679
27875
30679
16228
15336
18787
38654
24935
25449
29286
4885
21351
23060
31635
7829
16997
28753
33700
35520
23309
2814
38571
28855
11944
17198
37119
21183
1218
7240
27259
15145
29588
18415
34058
24415
27033
34978
8200
18589
24987
17139
28147
14968
13958
7906
6991
20351
26984
19613
33529
28960
9243
31149
35881
29842
13244
36508
25344
16949
36972
21173
38454
9077
14224
8581
24721
19674
4330
26130
39030
19399
7766
18924
1532
8170
8238
610
22883
3598
23806
1215
20330
23027
35170
26159
28619
29114
759
2264
32825
14071
20070
13892
32439
14851
31015
18490
5797
14648
34331
37079
3602
37517
19919
17964
20382
36258
24367
7903
6636
18833
17999
8596
28245
29696
1042
8414
2632
7323
16456
20441
12342
27660
1236
22882
37737
31992
10317
37301
1455
12668
21279
28607
828
26763
12365
24704
20627
6190
16084
4937
17765
2015
23585
8063
25700
35040
30623
3475
24687
11610
34463
11928
14806
5629
27523
24653
38278
19119
19745
15268
12592
30483
23238
27507
28071
17791
26843
14150
26801
39000
33352
4375
36666
12540
17298
9378
9260
18726
5783
5436
12028
3960
11278
13482
35108
1348
11848
9991
2799
22269
31741
2398
26966
8153
39018
38375
33353
13707
25174
3996
28004
35479
5189
30428
27941
23723
10946
29296
13076
8033
12438
13805
14668
22507
23343
23913
4589
15137
23306
9219
3702
13329
21321
3489
37460
24210
7943
14162
34393
36807
34467
24199
30550
22889
20292
34216
25617
14904
9106
12211
5528
32568
24686
16732
21534
10344
4786
17902
19592
35960
28878
37623
37196
10494
4996
10320
376
10727
24263
35191
30076
23800
5457
722
38408
16744
35169
27295
5875
1244
9277
15682
357
37122
20604
16641
29485
32006
28839
38802
29554
25525
30256
34680
13043
6252
12382
9613
3341
37263
27211
17077
19183
4522
34333
3555
31412
7861
9434
30230
634
10014
34042
13172
38292
16777
26340
9938
38600
37021
15071
10504
1533
38269
37622
29212
13994
31871
11738
3637
24315
13553
38548
18585
7348
22828
5448
15078
22302
12604
32341
36933
8657
3942
17760
5691
22015
31672
38568
30297
1242
21139
32664
28472
9627
33120
3979
6025
6745
13623
32203
19179
26574
31764
24205
9431
15265
13960
27578
7794
7115
24311
33021
36669
22956
38828
5815
14004
28487
24489
35326
37648
29645
25165
1402
35620
32416
667
36930
15759
16151
21000
20332
3427
35877
26421
11234
21811
2767
6133
20207
33340
9135
21591
18406
11504
32517
31476
31081
27122
3179
5774
26937
17182
38672
20475
35653
3066
29826
13476
63
23156
14472
23271
14673
7486
35544
28805
7010
4399
6096
11541
21085
34326
25051
35762
32899
15057
912
22437
24043
30177
33108
1514
20020
33643
18518
24976
20350
6856
19781
19263
24182
19994
24997
14534
1976
985
2207
29470
7604
6472
1672
1383
23817
10287
33547
8504
992
15991
5441
16313
21230
9826
32251
13432
19363
16868
30116
28868
27279
3272
8827
26924
37436
18449
18154
27221
35493
16501
36226
18407
25293
37008
38409
8141
25079
36043
9766
23866
7419
15562
7544
16768
22995
6992
1177
31532
16002
8219
23960
10777
11378
34958
3810
12515
185
32659
35639
4695
31439
1790
28688
16849
1484
3067
584
24964
17477
22237
22854
14371
27428
925
10944
35226
4674
13615
18687
20489
17209
20352
12488
37860
28513
4719
37130
8937
11445
21155
337
22976
12498
25724
38754
2501
12368
13881
36631
36238
25394
35410
22556
14205
36418
27293
6752
34943
9726
36726
32190
17364
38763
11599
8476
23234
29959
13555
37444
28516
36146
26661
682
13868
565
7888
27842
12655
35280
31215
22452
9576
4364
17333
3731
27433
22542
17423
25568
7700
23383
35162
28692
13637
25018
32505
3910
31633
34807
5787
27278
22215
37099
4049
3426
33799
4585
7038
17804
35460
13538
14070
21683
30684
8539
34357
509
38432
3139
5583
37251
32918
37778
14417
12439
27326
25613
17377
9640
20153
2777
29961
31071
34795
11683
10821
4919
20672
28857
20514
25048
19773
8070
34038
35898
33673
36286
37512
19755
25193
21324
8435
13392
14933
19533
25708
23823
17571
4972
31620
26436
16469
10725
25017
38621
25792
11454
2380
9724
4761
27478
24915
6094
37560
28427
29159
35379
14767
35312
34563
35775
27879
38416
38
37987
17335
26012
34656
30713
19935
23228
31466
24237
38280
5619
16842
8174
18987
7958
31400
19261
21667
16550
37885
20782
32847
38742
6027
1509
37449
861
28030
25249
23579
7467
5542
1872
4168
24511
20789
5812
24648
23836
35067
5966
612
16972
34538
29910
4080
24838
10474
7297
19207
31347
33823
3464
25218
10973
25576
25760
32250
14094
17846
34374
9080
33928
13526
11433
2962
25921
3100
13031
33589
21079
20275
3181
19665
30353
34995
24221
11107
1526
977
17858
9592
28638
38023
204
2254
12944
36563
18822
24983
24775
32702
8618
32582
24827
21768
38142
19901
21697
135
16208
24096
29193
24821
3400
1999
37520
16782
5236
15819
25144
27779
16510
7111
4284
25557
7991
37302
4727
20296
32877
23486
38876
38261
37038
11524
23757
14744
33347
37419
29498
33428
18361
33592
3249
27938
2378
13382
8622
9208
2259
8407
28781
24839
21330
4021
33393
25175
11132
27654
21001
6342
13583
9349
36745
2728
5789
13763
18100
10518
23218
732
38303
21106
22220
35813
31462
27419
20569
34937
30096
3851
35854
20407
4310
6706
12091
28178
34229
4610
1823
12460
13350
22775
25819
26884
25835
19910
1248
32981
9097
12408
34118
5510
20173
29616
21266
24608
3088
21914
5531
19632
10502
33081
25529
5153
21091
28088
3801
27662
24703
6954
608
37325
11026
27245
21022
35872
8568
14065
19251
2860
26208
5096
19562
4528
11418
27905
7895
37421
16710
36850
34417
13469
4348
6886
37138
19277
7093
22651
24741
25648
22372
38146
32178
25037
34349
26640
27480
35608
3589
2156
6714
8554
8465
14945
9939
10704
14651
18286
10566
13965
16340
16000
14699
23029
24879
20458
14991
21265
20476
22699
31237
31440
21809
432
19054
19769
22724
25815
30617
24034
2209
10775
23884
3884
23191
34961
36894
15398
19656
14497
33965
5137
15173
15083
27472
21058
29737
23810
22230
3315
18199
32216
24483
30335
2516
801
4946
30951
34569
30969
4260
14464
32549
127
26499
26646
36641
28926
27803
11056
33076
5218
687
29239
10005
28403
16697
34894
1928
10798
21069
21297
29728
19892
7108
1668
29082
22768
31202
27093
4813
30255
12084
6174
21975
1546
27469
34
18142
356
20218
17923
25241
4768
12949
24500
4555
4393
20990
37984
25444
10523
29306
14882
10257
6960
15013
39083
32080
24438
4977
7697
32002
35415
30570
28426
22692
36029
8686
31471
27131
19030
29463
31883
20255
23852
36476
23071
37969
132
2626
10162
35037
16790
10657
16225
8741
31364
16674
24452
13537
6983
20856
9173
6538
3330
13915
29649
21015
22856
35760
789
11183
29816
8218
8638
29933
17177
5181
29435
14290
10009
19795
19090
25292
17618
15516
27552
18741
29523
37853
21493
9374
22561
1865
36649
10661
5565
13216
4685
6107
31898
32160
19718
16923
29557
18797
3680
30398
33584
3743
16176
33896
34905
10026
15797
11298
6340
27617
3075
21576
906
21190
26999
15972
3471
13355
1879
36187
29430
29077
9979
8941
3868
39103
23849
15038
34497
32723
26128
34700
24856
23090
17185
22052
23265
29468
20961
23465
23605
8998
24467
37570
36149
5652
9677
27181
10008
10547
17130
9706
15740
14385
20684
22118
15372
22039
38765
12695
23508
37428
7667
32015
12158
8161
6276
2644
3571
20747
35532
20892
13971
6583
28220
24700
24160
22515
32054
19211
24243
17304
29987
37321
11260
23002
7524
24519
19026
7516
23396
16940
4440
14897
5068
4594
1234
4280
3720
5268
6497
23608
5899
23127
2387
12184
6673
7670
28446
31995
6524
831
33328
12210
26848
29629
986
21422
20674
31109
31341
6562
18455
13019
27943
33030
6727
36
109
22200
32595
15810
15765
21225
4402
32134
19661
37872
16852
18113
11831
16312
20004
36552
15011
4591
24728
1015
11455
35521
29770
19507
24004
13962
12827
30895
37275
39009
27151
1344
10799
33146
27719
22987
13697
15654
32715
4084
7089
20888
31307
36761
36268
34024
1818
24317
1631
10433
20384
38966
36102
35484
12443
20573
32399
6762
4261
24370
16245
2194
13124
11804
34572
33446
31241
6188
29173
20971
37617
7175
12918
16998
11292
21770
23783
11184
6987
37208
34536
31316
11913
18321
3212
23564
2711
2176
790
7266
12829
1369
18682
30007
655
31330
32199
2655
22734
20581
27486
3439
26859
14381
10214
28267
10737
16695
9689
38214
7605
16468
6724
3091
21404
26895
1152
8761
31520
3639
35447
13605
6062
30093
9784
32444
12748
17525
25822
5491
15688
26469
32468
35219
20016
6523
22301
4999
10318
18969
10531
28491
36328
30115
35339
13282
27899
31944
12883
14357
17518
4910
35519
11527
2954
28224
10699
28842
15663
17391
8278
26714
24101
33087
27270
13242
12581
35047
5051
34096
9189
34408
30822
1824
30549
31445
21764
37494
108
36349
15162
31935
3097
34615
7253
614
7110
19669
36627
16006
9649
23617
7529
15353
39081
81
35797
26414
32947
28176
34314
17044
5705
24509
20768
30010
12409
23975
14817
9695
16185
8333
6528
18944
1138
905
12971
18981
12132
15053
23742
10991
14901
23910
12395
4909
13598
36594
30075
14845
23005
13908
8913
2133
13237
6882
32350
39059
33785
14159
4469
3440
4082
2895
25662
1853
9632
4877
24614
38819
32843
23692
14306
15001
25503
28709
10964
24421
7850
4162
19365
7357
26186
2032
16450
31049
2204
21530
5653
20276
3615
19225
3029
4313
18655
38549
19915
26861
38343
17628
34488
16320
12541
36944
9273
20297
19920
19571
26475
21822
1445
23743
37779
28904
27078
11334
8025
8162
34711
38660
23095
2739
29401
18564
33590
6422
6244
30920
6760
10815
5377
22639
27548
9264
4035
16721
23755
36030
18656
330
5416
16053
22450
30671
19856
35148
12055
27886
21996
10732
33872
34728
1977
30992
12756
28808
31895
24842
19982
18811
27090
35851
19048
32067
26361
7646
28359
36123
2742
36186
10897
5307
24194
14895
36133
34153
5475
35461
21979
37884
10123
13494
7764
8281
22644
35200
3626
30509
32976
15528
34027
3279
34556
16885
11336
18009
18308
15814
32675
2308
14555
24994
2618
8221
5196
23952
30670
37397
37750
12570
34369
18519
35822
11223
12232
20113
15844
26310
12309
17942
14920
22031
8241
8649
11898
12083
14580
36188
13944
15854
24278
20066
6023
5179
20212
11248
30100
11791
6404
31765
14757
21378
31825
23018
27818
13120
7271
30156
14868
11904
15025
9989
13186
8337
19663
17805
2757
20944
16091
22214
20831
32081
33526
36577
35129
9544
27150
2603
16800
17746
7100
7502
17657
26631
36704
11539
12529
16375
36050
26433
34973
23077
30405
12173
3263
29520
26572
38443
37114
21632
26654
16548
17363
28703
23746
3199
33038
23936
20294
35956
21569
16607
14479
11413
36604
27304
30236
35491
18884
20307
19386
19072
35914
35563
2444
468
19009
30826
31004
25678
12416
8617
897
29025
22079
16346
32229
28877
24543
30413
7979
9982
1623
20842
21965
26772
25694
12275
14593
14399
6977
2952
9134
7355
8366
2100
33678
6985
17321
20737
28506
27449
34679
19096
27781
12420
25959
7696
34079
15155
22943
785
13093
28441
22701
5799
8766
21045
15320
10051
34270
11440
5871
17259
15296
10525
2667
9707
18245
37342
4874
1553
18750
3907
2653
34848
8958
5063
34152
38085
26563
17935
21676
18450
32934
7782
31261
17274
12870
34204
27086
16437
2034
11453
10082
677
258
13467
24585
12421
16231
25163
235
30599
2676
33395
13299
6971
5009
14938
33761
19366
24953
20558
2827
7358
24225
20241
34956
6499
18025
5795
19335
38079
33747
17829
5316
15047
14802
19522
30348
21708
37783
23814
9338
11257
1577
25229
20365
38434
33080
23700
6165
7627
19937
12060
1857
2430
25866
8030
27766
21731
36806
14263
1220
15883
7763
1247
8930
2334
2300
6507
26713
37019
28333
7184
31066
27714
1351
12118
37412
30615
4155
17351
753
16154
13397
23921
3588
11548
32420
27337
19738
36901
1638
25814
27921
23881
18080
24740
4597
29109
32949
34309
38168
27723
22816
28830
19716
871
27346
27204
9834
11723
8795
10776
20183
12065
18136
33748
14128
22390
32107
19501
34654
15190
22057
24470
16288
11068
36189
28994
11169
16191
10448
1469
30369
8567
17831
29528
4456
20019
17257
30422
20989
28317
31161
32396
2056
37877
8703
34438
20182
11145
12014
21377
7912
18063
4380
24692
34584
25948
37902
17108
9560
3775
16527
22249
5731
501
22247
6017
27716
32807
16889
10868
36230
21395
16500
28047
17988
31988
26467
13584
11865
28973
33334
38584
29510
26747
8210
3316
14463
11038
18712
26804
33685
29628
10115
19358
11745
9136
38609
16321
34183
16871
32248
14644
31420
29799
8774
28291
22896
20879
9346
38969
31350
29524
29550
23875
3291
20421
7973
21350
31551
3267
15160
14728
21597
27374
23736
12003
18488
27231
32676
30393
2528
37661
6482
18637
20873
24127
22155
9722
13289
34740
16305
8190
24191
11914
7168
37694
5343
24579
25199
19434
17535
16601
35888
11560
33845
8785
24058
23421
7742
19321
12494
37979
187
10083
37454
6532
36837
32787
13720
22154
3406
25725
18298
7165
15914
34734
38874
35717
29852
2727
31928
30654
2681
15299
23088
4985
32560
34334
36466
1760
33890
1159
14746
34466
33346
36987
16543
37247
33225
31885
21945
5093
21617
36399
18756
25861
4339
21668
5756
37088
37198
29034
10685
16187
16242
5202
13568
35556
36305
34498
35024
31158
4039
7776
26623
23139
34877
38715
31383
25945
6260
4634
29493
11201
24567
7804
4321
21610
23664
37076
8194
13292
6189
31157
31864
9861
12771
2633
11516
24476
25766
31311
16070
7015
18511
17119
5999
38527
5820
34361
16374
33844
26389
36935
29219
22029
33759
6004
28139
20775
34061
17914
27397
18002
31692
25362
20279
38435
38597
2141
21739
38772
11154
12504
6513
12113
18863
38817
8639
19422
19614
17865
768
17981
37558
10668
29949
10904
23873
20632
13331
25637
37769
36873
1946
10844
13427
22671
9335
20816
18281
5517
480
4998
32929
30015
36770
30123
21066
6910
24366
22872
30958
2980
17714
2272
6613
38209
22720
3118
15685
33418
38042
3323
26085
24914
32147
3659
1709
1705
31966
23006
34239
18114
12144
19390
26791
37178
177
7846
1543
15068
9461
7944
21302
26925
1736
27163
3391
22494
37609
19780
35248
33049
26218
22417
4381
21835
8400
33959
33651
24981
15652
6539
24301
11423
6197
34639
18867
19175
26510
38787
23069
12468
15417
16725
15157
31387
33206
3625
33934
198
35801
23922
31958
16197
2210
21796
36874
31328
36007
15168
29356
37043
11744
11469
16143
4831
25926
14044
20055
23794
33002
31998
29095
392
18945
27670
15251
8635
15386
26032
1952
25450
22541
25062
12666
25742
24174
31396
37205
2171
10452
23502
5791
37254
5240
22903
24335
5821
13899
38276
20906
18587
34824
27644
5141
2937
9376
22070
29072
9261
33272
13701
23973
37002
22686
9027
17414
37593
13210
26190
25182
25486
23264
21994
23302
17527
32257
9625
10902
28925
38661
19215
36058
12256
31091
33722
7415
2265
1890
1462
25520
26994
19921
32227
22920
5811
35406
27677
38120
3807
26412
333
25043
6657
24963
36496
15434
10250
840
18634
22101
28195
14745
8699
9370
15551
7974
7660
31984
21157
14242
22210
38442
13984
23142
25168
3887
21766
17668
39100
35198
819
33028
815
38401
18732
23501
17824
2344
2965
37128
1720
8794
19617
12554
19019
6018
1426
18956
11933
3011
36434
22040
15109
11208
29320
1933
20973
15213
28979
4628
25455
38327
5285
21644
13951
9467
35885
36602
35873
9330
19752
25390
1717
35321
34845
37253
28725
8150
33623
30244
33619
27541
13570
38968
20875
29033
35262
30446
27487
1274
2077
18909
37323
21535
38476
37589
19091
14955
7317
5169
29372
15976
9137
8299
10178
424
11164
14539
35874
25481
33749
36759
37381
4829
13789
36768
24262
16506
34940
19257
36820
7472
34211
18657
37478
31289
26894
26365
434
13798
4222
28399
24424
31288
29982
33859
34328
23047
10356
16284
12394
4515
7424
15054
36200
9060
7434
38221
30202
16406
20851
28887
29419
4206
21220
34479
883
34690
38911
16553
1520
17985
26291
38423
365
2635
28617
8419
22634
36721
25363
15820
22760
7032
31678
20047
38307
20202
22604
12177
33089
16328
5692
16403
17090
14368
618
12071
35350
34944
16973
29569
10069
3342
35352
17743
23788
37299
26492
36709
16559
11010
6921
25754
6319
38856
6663
6256
36440
4944
37379
26358
12404
31799
8307
35979
26926
2841
18203
14597
4185
29658
16665
2213
12653
14289
21988
28937
12746
27292
33615
26770
38836
6037
29204
18389
16795
10021
13780
7028
14160
30004
25854
35537
26021
18220
15177
32206
29116
1825
33372
29488
30023
3999
2178
13854
11921
9854
13203
15139
21528
15541
14207
25923
36479
19807
35143
33796
36965
17402
1685
28536
28528
4125
28048
21663
3436
29886
38077
12140
9987
27274
30705
12718
988
4007
32948
30338
1601
1646
2161
3012
7904
35448
15275
6176
10455
24372
25477
32406
14017
14325
23249
6824
34370
38458
34442
37390
27933
24383
27145
21067
3655
13833
36711
24590
16585
19345
13333
13383
37946
26299
30837
24407
32849
32830
7288
32270
25512
1446
7409
27008
12313
37087
30185
15793
5504
37296
30718
12222
2400
15477
38665
7533
5354
11022
15172
29259
15400
21992
19458
23914
31080
30068
38176
19132
28010
7457
22853
11264
11573
19650
25385
35146
1066
13157
7787
22629
1899
22093
10156
31819
7166
686
29421
32254
37067
34362
11961
2873
20084
5817
16010
24003
31889
9421
35869
37529
24012
13454
35192
631
1127
22860
21891
38952
36510
34176
15737
22667
20910
14366
6957
18259
30648
24035
5656
33079
14952
3258
24564
33099
38576
23894
38566
22178
5793
21670
8138
13452
2997
2795
536
37824
12160
2244
25323
10081
10978
10639
979
13259
11340
18601
20274
31221
32765
13474
20636
38560
27173
26259
38183
900
21159
4565
22523
28109
35042
8609
36938
13405
12954
1860
11194
20724
5631
2734
6149
2562
9177
35095
5897
34291
311
21653
33071
21969
4619
23093
20707
38978
25210
33301
17701
34881
15389
2803
21078
10750
39086
33026
7987
21154
16199
12292
17352
30579
37429
20994
7617
10
8290
15811
13128
11764
14135
16415
9633
19130
11510
24070
27615
21387
18541
17387
29744
9949
5447
18697
8075
15019
38617
35139
27124
37575
10102
8158
21557
4521
20995
32200
36638
12254
25034
37297
29303
5865
38362
27481
26836
11391
22595
1376
19440
24386
30756
15186
12168
35177
27484
30569
21286
14484
6028
7031
16713
4024
29764
20433
18718
34327
25348
39082
7978
31332
16748
1055
4074
36480
1539
24796
5129
10756
19886
4217
25253
35367
31011
23861
37330
3099
25078
3402
20155
2305
37704
34704
7493
33824
15339
12507
37922
16141
30984
23569
35715
6216
28144
23162
15964
32903
15291
20745
24949
9300
21262
37506
35062
18520
21070
36257
23706
17653
33307
37672
9387
14098
26989
7579
34506
3780
2011
4870
29533
36857
18953
27237
23950
8254
15648
19320
14481
10445
10764
701
10604
33413
17931
8464
10272
7407
15899
2773
35512
28601
38072
28613
37809
11239
18681
31458
14877
38472
8101
29650
38629
24961
22851
22628
11044
30218
14720
35246
6958
8049
23792
24970
1232
32491
24330
22776
38590
34431
9532
22944
15595
34432
31529
17967
33509
16114
14576
35063
27838
398
19018
21519
21947
19372
36818
629
20863
16009
2971
492
33431
21805
7647
2192
35907
11034
16707
35151
22931
12566
31921
4359
18452
4875
18169
8987
25452
16404
24871
542
21723
1404
22348
19953
19747
17946
5694
34317
30095
34252
26061
34084
18577
38514
27603
32992
19209
27749
27609
16687
1291
18139
38989
18215
33537
17956
5851
16872
15809
23135
30259
16706
6588
32253
21403
2485
38448
23834
6088
20256
1259
36492
21460
37350
38663
26901
35837
29793
19944
1588
4676
31125
19105
24238
14337
1901
14206
6154
16172
10707
34459
4577
19025
16487
33264
5560
21016
34574
6717
14330
26022
7872
28406
13909
36899
16251
1715
31677
27477
20410
17851
11245
37288
17637
26703
33144
26814
4894
22222
18980
24351
10894
19815
25597
26341
3893
16318
37186
10734
2566
28148
10300
34844
15329
9199
34272
14361
6408
8862
35140
27067
33039
33698
6652
9145
24673
32771
14130
7345
12628
32162
37488
14564
9279
22796
23236
15128
36017
6274
9699
3455
25647
1721
15743
21359
17754
5586
6821
16724
35800
31753
27945
10160
20596
35558
13115
4851
9731
10500
13384
11253
21760
14619
20776
34396
31318
9771
27951
8578
19253
14165
8302
451
23995
23670
35627
6171
17132
22126
17761
19433
18773
19885
19883
38017
30419
17512
18270
11320
36534
37727
12531
13448
25221
16605
1968
23543
6304
1005
29373
31872
7607
26490
32725
7099
6361
27430
38410
8466
395
22627
12831
9885
21542
12204
31850
9353
17353
7077
18549
33292
14571
36470
10312
35562
15867
37982
22790
4400
12930
37443
978
20533
38064
7995
13481
30355
15115
10637
9263
20434
28824
6806
10558
32365
1358
11003
33804
37361
3236
15084
24028
34439
32717
6175
35031
23402
7564
31661
12493
29780
13893
14528
17803
35895
160
7487
30918
9538
38709
33159
32816
21710
26206
23446
24506
13616
33117
9209
8495
19612
3560
14953
36498
7398
8652
7273
13361
30896
26774
2080
27352
17143
22192
20540
6181
31929
25207
16356
17737
7919
23744
17282
35735
12038
28434
36038
5667
517
28072
14032
24107
17973
24769
38058
32165
1480
27037
13807
12891
9364
34268
4169
9679
11075
25150
34708
34437
32630
30349
33736
32313
3312
31900
24652
8821
28371
23277
16554
419
32921
32000
2481
15599
23999
6318
25413
19112
33914
14776
29494
3152
35330
1419
24223
25720
10278
8311
27663
6832
34975
8938
38297
23074
21912
2059
3044
37077
33263
28784
21018
19145
18422
32371
8896
1625
34554
38953
30257
5962
32404
24186
25818
17576
7856
16875
39090
23793
16333
6369
17936
7783
21086
31167
10852
32499
13015
7555
14299
11250
36110
17313
25957
23599
22017
37060
5802
21955
1541
9420
8294
14220
26822
6962
25918
27024
16388
19201
11342
18805
33947
12339
26696
24118
27001
13609
14308
38187
29177
6001
5836
39109
24274
33463
34775
6139
33640
8753
38695
36452
32733
17472
31514
33731
9453
17158
32305
22260
27862
15846
876
22428
21104
37070
17438
13185
37772
8866
30532
10839
1346
6834
21009
6734
17098
12278
29755
3185
32028
36299
21788
25244
34550
4341
17840
14380
8044
488
1394
15357
31438
22923
1303
4613
863
35750
30449
6164
31568
262
13200
25661
25930
4562
28523
22384
27388
3516
33858
3494
22502
19086
22106
3885
15242
15348
10150
11009
8081
7312
18790
23177
4657
15998
23409
2649
1392
10696
27980
12723
6573
5608
168
3210
5126
25085
2960
12819
5723
29490
24110
35934
11462
32464
33211
931
26812
37085
23916
17431
5384
37063
29484
18149
16593
13916
23641
7708
8549
23631
32493
24739
19150
8072
7606
3178
30717
18165
36327
4306
8636
14839
27148
24858
35823
13110
14117
20448
11506
37848
15543
11593
18731
6099
11424
33502
693
29000
19825
20770
11481
20525
13181
11741
7641
18305
32193
736
26699
37360
36829
3550
31138
27679
38241
2426
29142
30516
14059
20306
10479
9667
27684
29708
26351
30497
18262
35523
38575
38935
23122
31417
24504
29738
15876
7116
15314
29110
26677
8515
18749
31567
22334
8343
14346
13668
33550
16272
12572
21826
37182
25164
33119
22449
29626
28011
16289
35026
35486
36062
25893
29388
16045
38180
4952
21665
27314
1698
7177
31846
30247
34381
2433
24437
28094
14201
28831
7731
6307
15962
12980
5353
8688
21068
26877
1108
21406
30394
33407
22376
22351
22819
27808
3230
15841
6245
7773
633
23224
14239
35492
11550
9919
15444
13594
16334
5210
37073
10222
32993
7837
37422
26383
34867
5251
10466
21430
37367
13685
21212
26226
22971
13930
5235
28990
5215
17606
19153
23165
31321
2236
1365
2784
18588
6928
26613
24930
25355
28062
12350
3741
18641
3122
1142
29971
4471
26379
16932
30698
20645
4880
18477
33203
15508
10581
25189
23477
25389
13179
23846
10864
5247
5724
31302
31358
26334
36494
33682
32832
1032
20992
35965
19297
17129
22427
4867
26789
16036
28894
9034
35256
35017
953
28336
18371
27396
31154
852
37598
858
37430
13761
24873
12217
13829
10619
38030
6763
16316
11039
29854
22912
27465
28673
8914
33970
38582
31183
33148
6329
12397
16844
38707
5924
23749
16840
12625
24959
11880
27466
12889
16815
8020
38713
14298
5070
26041
23923
1527
23505
8667
33069
27906
12212
31717
17494
7181
38850
24281
5337
15015
30017
12887
19303
3624
36313
32022
29657
21488
26402
4563
11964
14682
29478
17783
14943
7316
5600
15224
12533
5792
31172
9569
17323
20886
15066
24939
9673
18736
32985
37213
23263
26263
20949
32239
26968
14040
31647
29107
17915
10742
1145
28578
28646
20517
30627
20536
26148
28697
31710
28552
19485
30954
13721
27213
37258
13713
24462
21742
24677
18933
1607
7186
5782
18862
36555
22884
12287
32842
2324
12652
19808
23312
12768
37009
5472
14643
35576
22741
28741
16183
22049
10818
29290
28668
4019
28500
32644
16660
7520
22683
2882
19129
12059
35513
36506
18019
30249
12037
12090
13577
33467
23909
14336
15577
34687
19552
7289
6947
37894
7749
707
33969
26111
4599
18678
17206
36128
30423
38912
7301
19332
21336
25003
6808
5074
24166
5252
23209
12622
9998
28068
4920
21820
7849
21930
17394
24029
26301
9166
26564
9111
19520
10503
33333
16100
37921
11098
31853
14247
21195
17910
2542
1523
16700
29247
25201
21836
29024
27234
37631
15502
1699
4686
1488
19539
34963
11053
34199
15575
2203
37591
15469
14210
27535
2597
12220
19159
34517
32919
24340
11941
38015
36685
1513
21899
3526
25042
576
20866
25035
18854
23369
9140
38438
36864
15030
1955
16759
14838
10080
33504
28769
10898
122
30552
38956
35272
35286
13253
36463
1294
16864
654
38038
35348
31800
13156
29787
26484
33742
20780
31518
33394
778
34918
5034
16156
3255
28187
26214
28275
32281
25884
32139
27598
5003
23227
37290
22953
8478
834
24256
4906
5816
38810
23753
29871
20796
1922
25203
21556
34755
8592
28230
21621
36155
9390
20624
28122
6796
26695
19142
15387
11139
6897
16477
11663
31123
268
15194
32062
29800
1148
35179
1604
33409
29036
10262
25810
371
25281
15705
19906
24866
17695
20069
28016
15548
8276
23329
29774
23629
22739
10813
20142
35911
22090
24479
33235
26978
36202
28758
29912
14709
9617
27000
29604
15010
31790
34772
25134
11354
9951
8472
21029
36599
7668
15776
21673
21245
10064
9471
18123
18018
33923
13706
4276
34957
31690
26076
34661
31371
12925
30924
8214
6825
16102
35217
7051
22120
39013
12817
21750
7365
14663
25886
21870
6247
2820
27249
13153
2418
17359
14432
15138
30635
25002
19775
8562
21021
4835
1965
35380
30568
28431
27440
27144
579
28789
23316
22974
8985
37571
35819
32046
25686
20553
23642
32920
1758
25012
15715
30865
20079
30062
8080
24771
30072
2888
37639
4697
37991
34593
10876
37998
14656
20451
30959
30466
18922
27569
31599
2184
20008
34512
13041
25414
35078
38878
34413
19845
3819
28977
12730
17350
38175
27273
11586
7994
37613
2280
14800
31645
12264
29544
30054
35500
38729
936
28672
14036
35831
25060
6366
26030
15527
30825
26198
22715
3808
34087
26187
24177
10679
34155
6601
28391
10428
11175
13301
24241
19547
23100
2476
23516
1395
18795
15365
23899
14947
32563
26123
14460
29245
2257
2809
30734
23357
23678
33507
3596
35313
29150
17875
20534
4817
359
15077
17882
11757
38105
27094
16055
36984
19340
8829
30495
27095
26290
10167
35730
22899
4475
28614
17040
16455
12710
26107
11633
27030
6355
34559
7744
15660
33865
18620
35984
14603
12268
22907
32600
22018
22917
6412
6721
13138
5260
38893
25308
3587
10553
3790
23334
14642
18831
29085
7287
32346
19668
35833
17922
11575
211
28428
6061
27511
11063
13087
8045
7851
19204
2035
28633
9005
8611
18837
16568
35466
2000
32351
16603
5028
2072
8415
2487
9980
18060
35370
1254
35315
16843
28410
25479
8402
3806
39023
33978
13463
35314
18505
1788
6326
5863
7548
38786
25907
11785
14601
3682
20160
20763
13778
2600
15031
668
38862
20083
10871
32156
3277
37840
286
27239
33632
17790
10721
20663
13445
6290
5758
18111
27302
657
29293
17634
31124
21124
13620
11104
32681
1012
17328
1483
1051
511
33729
38097
26951
8248
27915
19695
30086
13362
731
35465
9146
26682
24255
11819
10937
14693
29442
34523
31801
11954
9139
1003
23370
9089
15805
34553
13370
1097
35618
38790
2086
2693
15437
23155
25685
15513
19543
5768
30573
17984
36240
5711
20042
37559
19662
28161
23690
26044
554
36689
3251
24605
12835
32098
11743
28
10012
34483
35346
38928
21583
12708
19746
15690
36274
17699
695
36012
16888
37147
18004
23963
27646
26168
36405
32126
14193
461
12423
25467
20215
27653
33327
16195
27867
30840
10559
4151
30639
37257
20968
7291
11377
9629
36423
2455
13862
27002
0
3424
6064
2935
2735
16671
26972
35135
21145
11232
30034
31146
37837
10187
4226
37173
3841
19053
2816
28198
23828
37266
115
7910
6737
15578
5942
21540
29593
17456
26401
25779
28380
2347
7378
22022
16728
29152
16672
6940
10889
24381
9351
38385
15517
29833
7005
37914
28615
4423
27687
10752
38986
29099
13896
12667
749
15004
5373
21251
16457
26100
25573
27675
37109
3482
20461
1309
33808
35771
7445
7376
36564
33158
22340
38286
29624
27119
9458
3944
23092
32975
8906
18279
37250
13986
34955
22069
11494
34020
765
12033
25115
3457
14935
7859
8814
22721
1009
35670
17621
21713
18190
23004
1702
38153
35701
11866
3140
31276
11227
31625
26428
30909
37802
10288
2570
8911
194
10875
19424
28001
9178
6418
2934
22867
12139
14645
16018
5621
26120
8678
28702
8893
17078
25695
3150
25500
3204
37101
25223
2240
17179
5351
33427
27595
4003
25913
9061
7665
7159
7470
16634
21588
14873
9440
8177
15324
18217
1551
7131
36591
6766
35268
1458
26707
6289
21753
35720
35497
35068
22684
4368
5162
2581
11241
13886
7549
6111
27544
34448
18506
7363
30869
29873
15090
860
3688
1542
20565
9658
37628
3616
23158
23500
2063
37580
8674
12208
2097
3144
21778
14553
18613
25507
9302
37329
2367
38027
21226
12699
28752
6202
18497
1287
5024
13165
1000
31527
24803
37220
17347
17459
26844
26621
19469
13409
2058
19022
25120
21077
3915
9067
800
3320
1621
27334
17517
17883
38827
12955
11051
1298
36468
38972
27014
30060
31362
11147
29387
4520
15732
19274
38561
6678
34017
30950
808
16804
8428
1805
14064
17034
8640
2704
9518
30581
20304
21619
22141
28490
11419
28208
31539
34301
1637
9225
32353
15287
5994
12732
9692
30536
31357
4891
1406
28156
30955
28514
715
4731
12135
11310
28350
20952
1284
4199
4687
24286
31559
10255
20688
2541
19850
4294
21833
12379
7293
17133
25511
35536
20838
33097
38643
35699
7373
22475
26721
6038
8777
10487
8503
28437
28827
13349
3595
35926
22605
9321
32670
23239
36503
9548
13116
3051
8535
23765
826
24091
29492
1073
24637
28608
25274
30383
9572
11502
3903
3514
9183
31687
5225
2366
15950
10153
38092
29014
35655
36670
38206
15351
35623
3745
21834
14164
16827
15703
12919
28983
124
12901
2111
12633
3087
37703
36224
5398
28530
19833
8018
26313
8373
6612
25625
7174
12794
37056
15280
36083
30299
1869
16977
2202
33828
29029
32720
7073
15355
1450
5543
25096
19931
13852
16364
29002
29333
16063
4466
27555
23276
28268
36810
28058
37941
9693
3784
2131
29607
18772
29817
3939
17366
22945
6784
2508
25583
38891
14487
14430
10169
11973
23782
18278
22256
16891
31949
34570
33954
25901
27096
24109
11361
14676
34715
29860
7478
17546
18244
32999
1199
3976
25458
25857
34371
8679
38792
24635
32523
5641
37142
14773
30540
2285
29499
28547
30262
454
37
11747
17342
17646
807
34646
13532
22522
9533
27357
5134
11889
2538
34421
12453
23871
8496
15401
19576
33714
27796
24920
7206
8666
28131
19585
15704
11751
28918
17047
1711
28273
14674
26944
18988
24287
30960
29545
3882
4572
31771
25873
4495
4000
34293
19474
16470
3266
31880
31990
12473
21851
14234
30162
21666
15379
30463
38513
34492
6150
27854
15905
21179
18821
4872
18864
3513
2291
14408
24551
7986
4809
1176
33531
11475
18443
11955
27588
4660
33926
35916
11300
36264
28443
19805
15623
20619
7868
8732
32366
18754
30089
20977
9176
31089
20299
10551
6035
31189
30264
8
1170
20013
23036
36893
27872
23727
32587
20187
18006
18377
27467
29285
25196
11004
26408
20861
2413
11290
34614
2747
25882
6407
16935
7150
13215
2716
24455
22855
32596
34809
12159
34709
33257
4369
26921
1950
38315
6924
1223
24282
36087
1710
4500
17457
11809
35505
7911
30028
1891
13821
8707
28486
8851
17079
21703
34218
16067
10354
38829
12289
23603
9213
35679
12657
8624
17358
33672
33196
33092
14708
20637
7507
2453
36833
11096
7237
8767
