24601
20307
26732
10662
34224
2435
25413
7344
37421
20896
12905
13150
9648
5738
21941
38741
8824
29433
7843
4226
10019
17508
21422
33891
19874
38108
6561
35322
33292
15926
16150
32913
20883
28273
14847
30571
20311
21742
14470
23504
15191
14840
19774
11654
17839
3752
2912
5396
19483
3074
20052
38420
4573
31059
4550
14575
28901
9641
31590
27698
10754
28026
17393
3000
6092
2203
34293
23637
3467
1696
32020
38501
20547
32176
12277
31506
6834
29420
34862
21698
16570
36436
35484
29064
35095
21769
8197
22881
32727
17514
24923
31886
18298
2833
28768
32183
11303
22785
15689
4089
3278
12724
4567
24992
1862
3647
13999
10985
32492
26291
18573
11471
16929
7209
26961
38658
37348
22718
19277
13221
37896
4909
17587
9747
34931
17115
30637
13245
38642
27030
24553
3561
39027
30313
23572
36622
10715
2158
22505
19228
21628
34390
34749
10596
19358
28837
14999
3299
549
11772
9432
14747
10345
2962
3400
19856
28338
10884
6024
34466
38790
17774
9622
25240
31245
25029
13702
20267
36763
5878
26807
10390
26865
33049
14363
36892
9323
16152
17811
9732
4099
14008
4733
16516
33530
20020
27623
3804
3105
28535
3154
28512
18592
5441
815
2775
11083
5862
23836
10634
2113
22494
5292
33557
34287
28788
32398
38979
8298
25050
5647
5777
16240
30480
5073
12670
34840
19451
17974
8182
4144
6908
24974
17470
28663
38034
19754
20828
13520
23455
3142
17472
7325
18623
32478
22661
32069
9495
28703
35134
34566
18468
16718
9506
18899
954
24176
16014
13212
14668
28303
28307
28831
33910
32439
35813
31787
20966
23444
11760
34193
6432
17702
35543
11145
2328
17741
24063
17307
31480
26825
11137
27283
38474
21167
38849
19508
32106
32307
31434
27227
1191
4855
1923
30532
3141
25870
34112
34758
8983
36410
4872
32354
32731
30708
18483
17525
8255
38509
97
3611
36207
6650
20670
15794
8550
21545
16925
38703
27807
37714
1420
31828
22008
28499
7739
22554
18301
15313
15998
7106
19561
15470
22093
6466
31883
9152
1596
25371
3768
11723
32028
19584
5500
29006
12758
12222
27197
36254
18946
32363
8261
33270
7707
26796
22412
25928
25376
34972
20249
34595
7041
4504
8284
2232
28365
5898
2246
7901
27927
22541
38931
26934
23987
31174
1036
307
37275
3601
32496
23294
37659
36075
23199
1298
5789
21582
9599
14392
651
9938
17791
10707
31184
17176
21587
4364
33320
1965
34779
27097
21103
33325
9165
29339
23149
39107
38118
10595
35797
13162
7911
19847
2250
28592
28418
16466
37775
7665
14173
29047
15490
32324
23538
23366
25526
13688
7419
2809
19603
18459
27931
25018
7936
30182
7813
18302
12968
27545
8716
2607
29547
32661
27385
29364
25152
13864
33908
15239
5455
7724
12167
31136
37712
38345
32814
23510
31098
37879
10400
31604
24355
31213
36569
9789
751
10824
3081
585
5406
23732
30172
28319
10028
16933
36089
38397
8091
17266
8610
252
37719
5032
8559
36191
28223
30860
1405
11738
32959
4301
30832
8131
22398
33387
534
17894
8802
20015
24123
29446
33609
20685
11192
16479
3857
31854
5691
34350
33537
22611
14118
25089
15164
16161
14913
32783
19415
19274
19629
21084
20889
32189
4687
5645
7384
5800
35552
3362
23434
2743
3502
35663
3591
14622
33366
10643
17668
13082
19910
38766
5911
2966
25011
11546
27206
20874
25384
15284
13127
13033
7058
38036
9873
9888
22645
29982
13102
20895
31800
15135
24235
32276
21487
5920
35644
14200
24635
37031
32841
35834
35585
17885
37681
15001
32383
37707
1908
16268
35378
761
47
1554
3734
445
27248
23004
685
34812
30038
11377
9084
9604
33998
14226
23316
29390
6297
25330
27925
24794
14390
20894
2298
25979
30043
3517
17198
16456
19427
37253
26950
28295
4415
32280
28747
37402
27242
24372
16557
22086
25528
37152
6118
719
18964
31139
38920
33496
27186
3836
25759
22756
19081
32123
3257
24608
38139
33453
14683
23890
36834
37667
11762
31070
23288
32321
28898
12810
32686
12770
9992
17143
22967
28062
22685
13693
21013
17626
20974
3606
19351
20543
26924
24398
19447
10817
22232
22217
38419
25667
36264
3728
38948
27739
3854
25582
31148
4862
643
33266
9573
21826
11718
5074
5590
18414
10312
18875
35409
36184
27849
27362
439
23775
6926
32353
24313
16792
4753
8411
33903
25102
32109
7873
15682
25243
2536
1497
27966
19570
4254
6417
34756
11312
33481
2541
21992
34013
3925
10627
21125
6381
22847
8345
38304
8690
3926
33576
6853
34091
29103
28393
8184
24841
10912
31048
29154
19533
341
37195
9020
23477
22741
32016
27297
11293
8755
10605
27518
18044
8134
18944
20227
15697
35441
19327
30818
12032
30479
26029
27862
38416
13887
12155
19769
11749
1784
35959
2160
21989
2633
34272
14523
8812
4125
27669
34257
22755
45
39052
4152
31132
22379
19988
10232
4076
6893
28581
37739
21238
37819
27501
19656
22788
9650
8392
2802
6894
31690
35005
7885
18124
17563
10797
12029
25797
27333
3147
15333
6841
24904
38374
38151
1992
14918
21971
14033
29874
28539
4777
415
20943
34808
17440
35061
13578
4246
8602
37794
25190
25908
38011
20007
36703
12163
36250
23784
36359
4986
34497
35250
17044
16937
28823
19303
28959
3263
33911
14850
37482
16748
14610
31553
25450
21577
15844
24602
19473
18198
10159
9661
2721
3724
26836
22497
28229
18176
30373
11716
21405
6579
7865
17906
8669
11789
6403
17630
1131
6374
8589
11900
29725
3249
2560
10414
37124
12839
16146
27944
34259
10018
1957
9917
12218
11350
19984
21610
1740
5237
19877
26312
36129
21087
499
29382
27527
6567
31185
4268
36852
36523
5651
30394
20243
17679
17439
33133
23401
19667
1513
33380
13328
22583
17523
7994
38939
7610
12392
24868
19204
33394
28213
10640
20301
1184
8830
5351
4092
19566
24610
10275
10164
12116
9457
505
18867
25150
33931
5825
24780
28148
22071
15172
30205
5444
22641
26191
23430
30439
3633
11752
27124
21101
13697
35160
9757
37101
26263
19092
34653
12024
15554
18800
16389
880
20315
8010
35628
8916
15792
5168
31724
30721
2643
2384
24517
3795
3110
323
26413
38165
21758
14288
30614
5515
936
12598
20553
27860
5733
35066
2543
29507
9291
34599
13732
10952
34696
16973
4584
17898
12290
3441
8151
32087
35691
35301
15840
18407
30440
20386
15356
2475
34879
34340
1121
7860
5992
14653
23251
21736
4180
32416
29318
1792
27044
27356
10420
5474
26292
36419
31545
35349
5014
19749
10563
16132
34609
10250
36562
22326
8157
19355
37495
10958
12352
31315
19254
10012
9318
12847
36843
28002
32240
1009
4213
30781
25064
38566
30514
22887
14611
9904
17403
6984
13284
30415
37372
18795
38486
4320
34766
22980
32904
35583
24903
12780
24154
29200
27441
24714
34720
30979
23094
24999
22774
33480
21219
13141
27874
34452
14604
14855
12548
9369
38411
39044
32448
30402
8527
6553
28288
31200
35425
12771
3676
29568
34737
32808
24905
9205
23133
6566
4175
7932
8206
30769
7664
25078
38351
28475
17792
31050
28006
27320
3356
15505
709
8247
28225
38664
5465
31917
38916
26530
25474
16355
18335
19213
21829
32751
12961
20726
4239
35684
31770
5991
1267
30936
11878
20222
27588
26482
13762
18268
21812
37918
8022
5580
13058
2780
31837
26723
22159
36197
5299
5349
18528
5087
1254
8336
14325
9348
12779
19056
18521
13267
9655
10586
5863
4176
22393
12296
25315
16980
15736
35094
4724
13472
19268
4387
258
15243
15542
15739
35227
35613
22356
34175
14419
30585
22406
25535
6692
11904
33330
29665
1787
30251
12587
27442
10911
14705
25415
6348
29766
31624
27459
36346
28321
13254
7705
19122
16005
6276
20671
11337
16082
30791
8101
31547
28902
24448
694
7279
9464
23556
15288
31851
27098
10848
17517
10810
25119
569
16194
9411
9616
21764
1416
24837
17452
908
3853
37153
27358
21088
26951
20232
21137
15713
34731
38905
26586
33070
21626
9801
9362
24824
23040
28903
17260
23876
37118
13388
37092
11367
13640
31152
33749
20085
18047
3434
13046
25343
6282
190
26017
8177
26285
35802
17417
15977
21380
5081
7083
15641
19678
33157
17144
22876
7436
30028
15786
18594
22997
9144
10597
16026
26057
1394
15734
33837
24960
3032
33421
26522
20892
20659
29923
6311
29884
4245
12996
5221
33558
11863
30996
13380
2657
35384
15945
16953
27017
37589
17896
16556
20715
7407
38140
2268
38770
14041
31746
8291
36571
26227
11777
686
29267
8807
9315
28379
18936
20199
27856
14772
27670
13897
34373
4324
11805
34680
8171
38336
29001
29387
12011
29319
25428
16202
17537
15610
22699
2706
29211
34375
32025
26738
17597
6485
31656
5851
10902
19220
22814
13872
21797
35988
31058
6496
25130
1625
20929
9430
21403
1462
21366
31732
7322
30485
14241
27034
5644
19728
30029
1169
27786
33135
696
23047
26675
15074
26906
25619
10655
13155
29932
15349
28389
6510
29460
31799
9106
11345
2372
7536
13128
28311
23716
26767
8372
24382
18954
15219
13397
12300
23928
3239
5663
24296
29361
7002
2517
14234
18517
22901
11431
15265
33582
20535
8977
2615
19400
20088
23921
13720
23426
36432
19933
38541
4265
22027
29733
30284
33495
34460
9488
16879
37026
22249
19826
28766
17585
25725
12671
33862
8889
30442
8314
22513
3663
10933
23194
26759
2080
13848
19740
27884
30536
2017
20241
28590
16751
6444
13145
39037
34321
29620
21649
4841
4370
15205
3597
27326
18674
8939
30819
27346
39104
38267
1743
33656
22375
24758
8614
17380
28436
27468
13711
11583
13163
753
10244
22180
1934
824
29471
13067
5780
32050
881
33810
5841
7272
9360
22972
36019
23959
32733
9421
10865
35132
35002
24655
20616
26073
19306
33207
36915
6168
17886
32765
36864
37521
7007
4746
3319
3481
7835
19267
20867
10506
454
27689
34608
2568
762
23621
23491
33007
16397
3334
31805
2708
31043
20781
33657
11100
24247
10820
9244
27202
34761
18473
10031
30900
11177
624
26338
26799
5121
9987
9893
4195
13411
11928
35417
13646
15522
15471
15967
22151
28431
1357
6716
9214
23758
33795
30829
37580
15217
16098
36160
28021
39056
2429
29202
18184
25491
36169
33623
10229
21850
38627
4868
22636
4358
17904
35309
11244
17462
4762
8256
28236
32455
10501
22012
232
23200
21704
22992
2228
37254
26838
2090
16936
4980
16529
72
15440
30882
13153
39001
39087
13507
1084
2399
1418
27870
30906
25136
28363
37798
30647
27941
6105
189
2020
13347
770
13191
6237
34588
37566
3066
25749
16811
36337
36243
24032
13165
37203
36166
31264
25273
29337
38260
5901
26034
26128
15905
28014
15460
5363
33794
23282
34841
36715
26012
23299
11567
27576
19067
20372
16487
4870
14275
5091
27795
11637
26780
33766
21402
24939
9948
811
30212
1905
8170
31942
9707
35614
1465
7976
22969
30657
945
32819
27699
11164
19104
16081
11065
5744
28546
33069
6549
7590
26038
6644
15334
18724
20663
30611
30913
9995
6635
21936
19273
24305
9463
515
15748
11774
33793
13126
13638
22614
18491
1613
5197
20664
7846
17344
17962
20106
5544
25377
35502
5199
7567
14224
1876
7833
18467
21569
37759
843
7749
37414
4476
16942
3915
32985
20994
16924
26624
2100
27667
673
23590
13695
11331
37131
37125
37386
10544
36547
6155
34565
36393
11004
11574
20970
29529
33017
9806
26022
13901
28235
23424
29208
5902
3932
1024
17979
8696
4915
35093
27771
21942
6301
29150
15212
6705
6823
29670
39047
26059
29141
25163
23703
30850
2991
7385
5297
24813
30828
30937
8306
5446
12480
19155
33105
25219
38774
3826
3568
20871
11495
12291
4478
34819
32451
16222
11153
13823
18802
26787
9813
7869
21799
19825
11876
14667
19043
25310
4028
26365
12900
6817
28400
27455
4184
34052
36351
20900
39048
1837
25282
8882
22138
32608
11332
28547
28525
26458
14494
1967
1611
37634
10846
33744
7765
28538
15420
10785
29894
28391
29464
17444
9387
6703
25918
29268
20176
24537
33952
34563
22127
23641
37378
3610
25467
8855
22034
34298
22689
8517
17457
35352
38188
20101
15607
28029
13724
20041
443
1490
25707
16684
15570
25756
23972
1624
3683
9049
24977
27630
12031
13510
18596
3820
1699
13906
7337
8226
36508
30639
35038
30309
9062
30854
3605
21516
21986
27822
18815
25937
36983
19993
35619
6227
24518
33179
24130
30622
30400
20643
6997
20135
15340
32745
27562
9243
11273
7020
2288
6380
29263
16013
12982
35918
6244
6413
19454
17917
23344
19559
26679
4363
36753
32603
18499
13089
37853
37429
969
22939
14266
5443
25843
17320
21667
19285
14926
3280
19051
10107
8793
38330
6180
1656
30233
3751
22294
1759
34071
26739
22963
31419
7557
20755
10434
4359
151
6720
12759
22247
27846
17891
31084
4744
10832
37527
14108
29724
22907
7146
15544
25253
3029
28870
22528
15456
33816
1549
34347
28712
10258
13376
24918
4468
30957
13300
35342
20631
6144
6223
5804
32155
22425
13900
26510
11870
28011
14160
31089
4338
12906
26633
30933
15712
38177
36574
32255
25364
17618
26891
4367
34161
26798
11143
34654
25786
10261
2954
28228
15946
9852
20486
33868
11613
4277
1205
6503
14777
2173
8266
24522
16273
30129
33928
17471
4695
11314
32127
17186
18961
10188
13007
13022
9414
10953
30274
23571
15310
20608
24483
38588
17987
17584
16602
23497
27366
37338
17958
14510
38625
13763
17374
1426
38046
7596
20402
5721
24941
22765
6722
27496
647
31106
25760
27021
29706
13782
276
26217
7735
26835
25962
9396
37435
19147
17191
11450
7225
9156
30128
1693
16575
5033
29022
34688
11756
26908
11540
38953
7049
36782
17196
31699
4901
4159
19457
33115
32933
4990
18569
33345
11748
34006
21162
18251
9980
23707
12495
12173
2495
22805
25825
14253
22359
35076
448
21536
26428
1281
11734
33937
10607
35722
5472
36926
5383
998
4002
23561
28434
30010
33015
27084
10282
12734
5377
33603
13361
11490
10381
29204
38337
35287
16736
38458
2622
22236
10264
37518
32846
33297
3065
22722
1153
37631
37849
6001
3451
5027
8001
11997
27836
30668
22867
11614
29843
5926
34261
4243
23711
10081
16931
33487
3797
1150
16690
38285
22205
2906
11831
4953
32903
5093
7625
8583
31877
16404
8910
4174
1170
9182
22590
31188
33260
30049
15316
11272
17286
22462
16153
1948
25897
8308
31499
35525
12117
16757
27059
31780
35872
17060
9832
32692
2355
9332
69
1785
12933
4813
3294
14797
35936
4288
18764
39020
37887
30003
32431
36751
1143
32304
4393
4121
1386
1645
27537
12034
35743
13504
21235
29712
17942
5445
22871
22340
19456
17536
17013
4194
26643
24681
340
4155
38312
39095
11476
1508
11017
23639
19203
17806
22880
28354
38457
30624
12394
4312
37321
18864
15293
27174
26139
26672
24597
10737
36156
34881
21958
13069
8787
8353
21859
17273
31893
15724
38122
17855
11549
37327
2795
9538
33038
29779
21798
16848
31180
36898
36792
38676
28834
13462
1398
3473
33904
7474
35492
36741
9842
863
29548
708
6317
32717
29348
951
19544
24983
21924
13941
35853
12622
18247
37098
12632
34284
32618
11843
17048
5574
30575
8957
9923
12030
33465
22281
32465
11475
14151
11735
15396
31786
38667
33197
5710
16671
6889
19681
32518
27073
37673
23191
37751
5342
19842
15810
28963
22162
32216
10768
17045
35780
38482
18122
5871
8587
21383
27119
6517
20173
21274
829
34358
13168
7700
37875
27259
28563
14548
20476
17711
29997
34442
37684
35893
37943
38247
2712
17852
33999
9048
2130
8790
6081
26965
22078
35396
10051
16996
11840
7982
14294
15784
26408
23216
17029
24254
21435
21916
38785
4304
24679
8367
36981
38143
13682
1379
4241
7656
5510
33162
33094
6541
23100
15911
10037
15250
37809
1245
18170
2315
27520
8080
2753
37461
12212
7619
38930
38596
13483
37646
31697
21362
10940
32032
13464
31516
23536
15075
35689
28888
18671
31272
35406
2722
37665
17436
16606
15992
35710
22955
32628
19410
26722
18687
15034
30941
25563
15137
28355
14029
25984
10947
37517
17749
27427
36248
38124
6903
14132
31729
16818
32033
29739
13348
32357
30893
4347
26529
36645
22168
684
16015
32072
19779
36356
7986
32895
23007
3743
6838
16530
30329
28369
5447
2812
19121
3985
7258
25636
3052
6975
16749
20416
31403
23813
25685
10396
7462
29949
19425
20877
32712
35888
36237
21768
7355
11256
32929
23375
20870
19735
30950
765
9026
17646
37959
6362
8042
26946
29035
33195
9032
21010
38182
38157
20272
13298
39045
8483
28526
32264
19136
19128
28623
3520
36110
15303
10997
27828
27437
24391
27958
11814
15507
4344
27883
33779
34708
3170
3446
5678
25640
25201
14504
28275
25169
22021
19419
16536
15257
34244
1271
2344
9019
10371
35530
3937
23646
20938
991
16617
6267
1828
16645
2854
25589
28340
18821
37831
33423
13503
28710
14737
6091
25603
34751
4801
8967
21427
24630
29042
24557
18399
37621
37699
16053
35293
36018
20367
33501
32299
12259
7572
3764
28402
1897
28510
17669
6285
28990
11187
31882
23418
15291
4422
11769
34521
15067
3772
18330
35214
30466
5397
14890
16236
18752
35162
1895
12990
10298
9809
35707
11480
35873
32949
26808
35354
28127
29179
11398
4896
11105
36235
6895
2578
23136
11016
14643
27855
20592
3023
6240
6333
36153
4038
38415
25887
17867
20584
5400
34613
19078
22265
29808
20651
28
24186
32600
27560
5045
28872
8620
36103
28726
11710
8366
15446
23187
31462
18958
28386
34090
34910
25730
23403
22242
24549
7246
13093
16251
35960
17305
36402
26839
12269
3064
29979
8871
26074
632
28443
22846
13276
8188
17649
32823
2078
34948
25026
14877
2739
24502
16131
10442
26681
32052
11204
3979
20456
22919
8175
22395
37488
11776
5095
11846
26613
14647
15262
1091
25562
5837
35125
34408
20813
32972
19414
24958
10423
15495
19516
6622
18181
17725
5459
9629
15564
34060
31433
13850
1925
4950
278
2903
1487
35256
37591
23629
267
21143
7191
23864
22931
12718
12630
10025
6385
29864
19326
22176
6640
27661
24592
36937
36592
10487
36357
19484
37059
3771
299
28843
15296
3641
3624
22158
5715
36130
12237
14974
23702
18682
35236
3242
15395
10534
36263
37106
4400
12512
3956
4620
26655
34895
4788
6228
2628
28880
7548
19482
17956
2760
16754
39083
31700
241
27037
30340
34233
4976
844
19555
3004
19095
3261
31870
13692
4898
7096
2831
18879
18950
32004
33758
2973
29254
33511
22153
6152
17106
20515
15306
17187
25977
8494
2347
17204
36395
26873
8948
12757
38778
18906
28157
19126
29144
7375
25094
27909
30150
30969
488
4248
2107
24614
6115
15955
1356
18177
33773
27125
2370
7816
27551
31469
1615
20587
1476
28803
13929
31718
18676
1083
24726
24079
28740
17478
24346
33698
38659
9406
22421
15654
35253
17346
9993
15431
14998
35536
3268
11432
26937
10700
38834
29762
2223
29184
18266
25682
13232
17870
23929
32095
2152
9879
22732
30208
8446
5606
31552
26783
3818
9228
7774
25652
12650
26414
6090
34834
18983
27798
25332
27763
21715
33723
14016
23445
39066
24963
25062
1214
23670
20997
24532
18265
26404
21677
4469
12344
14243
17535
13976
26637
14758
11426
14273
17717
8698
8418
27420
38867
34135
5160
11672
11387
16511
14146
2853
23742
5674
10443
20703
13442
32223
3497
22587
18708
930
10493
21867
36326
8823
37913
6646
29413
28333
35977
14941
36038
8735
7441
38290
36570
33820
23804
12169
5483
6825
6658
23499
26313
15491
28004
29120
25587
30974
17492
9810
20937
7164
12338
32457
1124
3939
5940
20594
202
24952
4477
25574
22938
16424
23280
18425
15498
4386
26218
37536
9005
20560
12931
13130
13571
16234
24570
29835
33463
23458
16624
22139
21546
33084
37077
33212
5966
34467
35841
15094
6666
36738
27068
29944
664
3746
18786
11560
5287
26952
27885
8969
10293
2661
32374
20013
477
12479
38927
13474
18229
25058
13927
16910
19323
11964
28255
16427
21168
20581
12729
6538
26938
12541
22637
30387
37587
24594
20494
17225
8031
28912
31172
33483
28689
27201
9140
30161
3935
25646
10496
18006
31966
11081
15993
18853
26341
18211
17036
38451
36049
33379
23925
11059
24968
31009
3495
37523
35511
13037
29289
36610
13223
34496
36338
10262
18877
28399
23079
6501
4956
35712
16461
22286
2330
27451
24715
30122
33577
38691
4129
5227
277
3500
25454
14586
1560
28787
29858
34783
34353
37553
26673
34074
35967
23523
8152
1749
38490
21638
35576
2972
13627
13832
18745
36842
26121
27251
5667
38574
31112
29891
26037
4353
10688
3001
14011
19864
18857
11298
18942
1433
17620
13230
6443
14043
29749
23189
12162
36627
6365
35288
13797
29066
15382
26030
36203
20930
6434
10099
16200
14780
31994
4650
8923
1673
30709
35200
11279
4921
35462
36131
36977
27908
31143
22950
16616
35165
30894
12680
5193
11040
18080
13039
5869
23589
25098
30259
34058
12830
29539
31268
18712
1783
18482
7600
19791
5050
20554
27813
10716
754
32595
9745
26954
851
20681
4811
22044
11974
13016
8848
38957
484
26861
7259
14762
20904
12410
15025
11174
26535
33561
23363
9274
33498
23118
1984
26142
16790
14473
20569
30254
10658
30767
38431
25618
24286
31468
23666
919
17203
10144
32361
261
24840
36494
13972
10352
16629
28088
21993
11470
33807
27692
16861
4644
16486
30983
15101
38983
5097
13405
19806
22312
19296
7672
20497
14361
34440
8003
32352
29423
19486
15631
28604
12325
32477
7487
13210
17088
27233
16795
9083
33223
1568
10173
16697
31541
9343
26662
20662
35664
37542
23769
38919
2377
36386
21270
1166
12233
22225
28280
18437
25960
9452
26693
7978
13642
8254
23968
2000
31561
34297
33375
24664
1065
20880
2122
5924
29593
16063
23095
24061
20278
20209
16364
30362
12409
22173
5435
32350
36992
33765
6397
37613
22719
23328
25742
17361
29159
16313
32288
7147
997
13109
27092
4616
28005
26685
29123
17567
36882
34864
23492
23494
16164
4224
1969
11629
1165
5900
9325
13170
31235
35801
18157
33973
34404
28194
30699
38181
19312
37790
12653
35673
13103
6257
21544
12458
26674
4729
1483
10168
5181
3470
15602
19819
31679
29934
17690
30351
22798
29911
24588
17429
1442
17145
17801
13839
13481
25004
18584
36764
29717
16758
27598
8493
10306
34975
38044
20902
30810
12225
28156
24252
6008
10742
36557
13841
24853
6623
11120
13119
36257
35437
36807
34791
16552
36479
18609
12033
28909
36345
4262
35025
31234
6412
12408
34151
31010
4844
20772
22593
1517
11802
15895
2432
21995
30140
6110
21809
434
37318
6737
33137
5770
32800
38216
24861
10964
28410
9261
28650
9767
38392
33034
21241
8409
7695
31281
20827
31104
15975
3531
35251
14571
14559
30821
33198
8548
19597
34774
35059
38929
16481
25174
6808
30918
32202
3357
38073
37710
1291
16039
38443
38455
26599
28651
12583
38815
6772
17805
9129
4440
2509
6360
17299
10122
15370
38254
29334
37426
4215
12862
17832
3075
14590
18599
19172
33425
35259
38476
2072
33647
28961
35218
13285
18813
11501
24105
19234
32839
16793
35493
19939
30669
11088
9110
10129
8215
12250
26526
482
5106
38072
3536
30102
34905
9465
12083
37434
3552
4998
35774
38521
8521
20152
29984
34645
36140
5196
36887
25499
23291
1830
19951
8420
17568
5763
1912
37501
6773
25477
26149
22207
16515
3924
2189
15669
5128
1512
9123
768
12158
35657
16604
20935
13047
18137
6100
28711
33185
21584
5213
30354
12476
24651
4671
35054
12715
23357
8573
38990
27101
6484
31024
39011
6035
13647
19066
34104
3983
20336
36581
11400
36451
27343
1530
14420
20742
29493
25502
18636
34806
7438
23816
18927
203
21593
17350
6287
19849
7586
26704
14619
19489
12018
36647
38518
32473
27472
16633
24910
18929
8347
17402
27960
28899
28221
12326
860
36341
31079
7970
21409
17263
34977
21329
16493
10760
30180
12373
36138
22723
17505
11724
8350
15858
9148
4260
32598
28445
14684
17538
14661
9658
38848
21374
16824
16816
9682
3604
27639
14246
21452
30543
32169
25010
9126
24367
17016
21666
36820
9844
11534
26635
39110
347
32930
17120
7342
2793
28098
20108
7545
29877
11986
14708
37138
30086
32826
26910
34068
25678
1723
15299
18218
7359
11241
11741
33568
23525
7697
24273
20909
15790
2282
18126
28135
3548
20940
4528
15165
23898
38442
29951
5845
803
31427
28484
36986
6259
2144
28597
28118
33158
20154
14302
30328
27313
26595
1632
9200
37364
2263
25246
13865
12202
12303
31665
36003
32152
26964
35875
36244
37843
28822
27444
29484
31555
1500
25580
19199
6947
29369
19231
10819
10160
5955
10734
29628
23776
27591
3041
430
9247
9410
23915
34057
27720
10225
19072
30993
30719
21748
11775
26532
34087
2346
13760
1796
34119
32927
17171
14192
34241
4967
2552
4593
6221
20945
35096
3455
27525
32384
35315
6486
13038
15896
22367
9027
1915
29439
27405
35983
25598
215
26384
25112
21672
31067
16231
18108
20036
10584
31455
20414
33378
21635
6542
14907
34901
20250
960
34861
4717
3095
20417
8351
19793
18943
30260
15452
21509
4785
4547
28120
33268
7845
6015
4794
25850
4876
21135
12737
37269
25661
2462
24929
30549
19176
33126
15862
36324
15327
32422
37325
32715
12948
38350
32270
35892
2356
35672
3053
26874
24051
2041
10241
15462
25617
11833
20132
4500
29975
15561
24455
32755
21051
15305
5327
33813
13672
17296
35659
28136
12563
38079
17412
13604
2104
23224
15588
31946
13370
10260
14729
4247
36704
24348
4447
7334
18417
17591
34767
36598
31030
36428
35229
26927
20858
10971
13090
4847
13829
12366
36150
11251
3145
32131
16959
33829
15015
28197
28219
35436
15642
30817
21309
21493
14324
38556
4052
16056
5417
20225
33743
4114
10483
20629
25872
31016
6888
22196
21151
21113
1410
24233
4857
34874
23636
23999
20091
5352
35350
35671
33413
7923
38943
18895
31305
34535
29113
23750
18340
29913
12595
6687
8395
9740
15920
31168
24515
7031
27876
28441
25448
33238
6815
28306
31435
23485
19338
35327
910
24600
14945
8279
13821
33689
37407
7799
22626
1812
8818
21004
20255
5142
23739
20119
13506
1890
14242
23828
5671
29444
14652
36371
34994
29189
36421
5643
22428
28612
30869
19433
17251
24057
33661
10296
31757
13486
6045
20383
17427
37731
38450
14370
31302
10336
18953
38733
25255
36108
12844
7175
3703
11341
8141
1062
33700
15771
29030
30053
7166
38696
16318
6051
20303
977
1215
34003
32919
13751
5367
28669
34516
19
26852
1661
30393
21406
16350
21868
33242
21664
22186
7575
17929
20459
35561
28532
35027
9729
26215
24884
18737
5746
34085
25170
17856
23936
32857
3508
10428
9443
13611
34796
6130
33221
22586
13686
37565
34473
11705
36158
4108
3829
34945
35700
27079
25520
16029
28588
10358
29572
35762
7059
33932
34547
30994
23488
2029
32266
7949
18851
10445
10833
11451
31190
25309
29927
32947
25423
7632
268
22646
25970
27706
20131
21566
29850
23598
16452
24997
35380
9004
38317
1309
18701
1738
28089
19727
29713
34430
18742
10476
23141
25807
36620
13704
16443
12684
27754
20649
20140
16035
7633
12257
3333
6940
19802
29454
7286
27041
17759
26445
23710
29376
20048
16155
30007
20179
26381
3546
10522
2033
14054
6431
28344
28100
16119
8344
34219
4064
13217
2219
3922
3944
5453
32906
33549
25741
32077
24980
14787
36934
5461
37872
20162
9999
7093
35779
368
5422
14153
22946
9535
29067
19036
9846
36220
25245
12122
831
13356
9489
27833
38885
5967
3598
1640
27671
30127
8616
4080
2004
34643
35648
4429
2871
27122
19818
17230
29926
29195
14359
18968
21082
30633
18471
14733
9631
1831
28038
39030
13331
31528
18092
15052
1887
36481
5390
8086
36259
23699
7152
32412
23660
13096
14348
16472
27937
37349
28300
37015
32872
20860
15816
18539
1537
33008
15521
18252
36119
29653
6829
30702
37450
29705
17390
36268
30646
35426
31582
7133
21175
2965
8530
25819
23713
20433
30725
33052
3311
12431
22830
10214
26211
31204
29906
286
7077
15953
24797
33543
35042
25034
14143
23544
11188
3458
23343
22446
34150
10162
36586
4294
27467
19429
38384
26864
13485
8519
4951
18984
30580
18955
17126
30866
30904
20756
1439
35519
12328
2154
13225
14421
21557
7149
14046
12753
510
3241
14109
31250
506
23977
30859
20968
14697
11057
21643
28864
24446
33000
17152
7529
14693
4342
30024
3781
27800
9217
16111
31120
26023
31709
24765
19492
35353
36484
25511
31788
23671
12742
19722
34365
24384
2473
37232
34702
8971
23057
20060
31684
27473
22707
24605
29488
13952
27425
18960
36974
36999
2771
10852
25133
23116
34847
21275
23851
34909
32244
18604
16348
4589
18013
9046
24099
2555
33922
30134
31976
21733
12079
33045
21202
35540
15222
30593
6557
4992
34562
33121
14245
22460
31875
14677
19811
655
26962
25553
13431
15263
38354
12689
33472
10027
18847
21773
23416
34078
4667
25663
3049
22640
37860
38401
18725
23924
865
37787
779
33580
30075
7200
27903
18230
5761
2977
18822
12424
36483
12543
18630
23950
5029
14581
30780
14641
36001
4865
30414
566
11078
15247
8502
31402
24386
9422
17109
9644
24282
35683
11263
16990
28660
16030
26234
33643
2165
19996
20836
8724
10960
8879
37652
8586
7054
24207
36613
38230
36576
39028
26994
38513
7098
5803
10380
2988
10610
3224
9630
33205
19633
16434
22599
950
9763
34891
36413
8700
830
13979
28617
30943
13750
19517
36044
36750
16175
12107
33551
22800
20326
25955
33944
6792
29424
6033
18948
1226
3096
34033
35976
263
193
28596
12287
30694
33050
33719
10170
3277
5588
23410
19968
5830
4600
30740
32555
1451
22588
9118
214
7182
21072
36914
13947
32960
3462
24438
31785
17000
9078
16500
11880
15672
17360
28778
23107
29515
26588
7172
17695
27939
31609
10683
26730
8304
21660
24770
37863
1389
20747
34076
3102
27399
7378
1891
34115
14311
1235
27452
33412
1027
24317
2826
253
38663
26992
25146
26518
32233
9884
25810
9311
19917
27723
12606
14605
5965
20113
7509
24754
29148
8675
9492
5968
14794
21300
26444
2290
119
9107
22020
22190
4916
6482
31126
14646
3856
18661
3195
17463
2620
8106
6041
14678
9681
21191
13591
683
24744
24815
2720
37939
19339
9250
5042
16738
18515
32154
3150
1447
27454
12582
17903
16957
15875
15539
7814
9354
2352
13675
10029
8743
8487
8829
31225
28865
35938
28708
4007
15991
11598
4161
22253
4982
7021
37509
12471
26226
12550
1056
6270
3156
28635
30300
4624
7180
16568
26972
3331
25805
14853
2284
1938
14278
14813
3078
5260
5848
30811
36608
10251
28423
16257
10745
30312
12182
33992
30298
32640
15828
5582
3807
26063
28323
28894
7538
3972
1038
38343
33672
2471
34625
14162
13496
33600
35615
16712
6778
3355
30242
15791
34904
5414
9674
28013
24919
10718
31363
21721
8679
17322
22019
17466
36164
338
12025
5979
15007
32925
38788
35506
20256
20837
24450
31722
26347
19858
5912
9008
12060
4282
376
19191
9930
35804
31006
28452
35594
7531
14237
16255
116
32921
16737
22724
22230
11806
19699
26757
22468
2904
10678
28401
34882
22030
6409
28687
14756
21578
7100
36053
27351
30487
34722
26503
31304
2736
1751
34793
34544
19924
29358
13567
2175
4156
29581
35996
15918
20312
34935
8574
11418
32157
11517
30235
1455
3940
11141
18534
31279
27679
8083
20355
29992
12435
29549
236
23542
31025
9352
23182
24378
32975
5020
20259
1622
23624
19017
1983
16438
6875
31456
22248
7674
9202
10467
21803
12393
6698
16204
7920
20334
4148
36555
2406
15868
26170
943
7745
33057
5888
19238
30835
26719
3417
23965
19512
3760
19179
2415
471
30367
23623
1212
26328
5718
16791
32208
593
20153
13584
18472
38465
32737
10401
33827
9609
19866
124
38519
29212
9052
25751
13987
29545
23415
35197
35898
14710
35198
27938
15425
27574
36686
19388
8688
26268
703
24554
38601
9047
27715
13133
28266
26570
31998
35221
10053
16073
29883
9226
21074
25757
21632
14551
32874
1856
15922
15359
17802
16254
17624
32798
26473
1772
6315
144
6891
25345
4168
37985
1471
20687
38938
22826
8466
12659
19472
22126
24739
16331
14734
26182
25367
15028
18196
29473
30901
19750
33607
7969
31519
8162
7420
11254
18258
18421
30600
22561
25719
30925
7304
14346
33533
29557
5835
413
8524
14743
2649
12909
18666
15750
874
31453
32910
28220
5508
892
2296
2792
27211
22266
23715
5300
27
22918
33077
4749
981
15430
16668
23431
35130
15416
29783
11966
9507
25840
9796
30158
17138
36077
1460
5740
3950
6463
20624
19272
25328
25611
13432
8605
6461
15517
3898
30213
37005
3459
32863
38232
25321
1516
2285
31181
14978
22523
27026
31681
14970
35763
14826
1115
32601
30178
36840
11488
31812
6245
3741
38970
2861
409
12103
29079
25033
5126
14588
36951
9651
22616
25842
16372
20371
37405
37302
16321
27701
27919
20263
12590
17988
4471
8325
4566
5944
22477
38862
35122
3214
8715
1407
34267
29057
32536
18825
28690
13164
15527
15042
4776
14076
12889
22510
30277
6127
27460
32594
26904
31599
2513
7668
574
17006
10666
28918
37886
16396
34253
26502
37516
13013
23448
17555
21258
19289
12332
14286
38066
17071
13321
19994
24817
2392
12019
26958
32007
7603
33159
11914
25043
19745
31057
23245
13817
34942
10648
17229
22177
15385
16881
909
2148
5262
14274
8552
22051
35300
35101
3116
32561
24143
3822
27817
21691
6777
35020
10118
9191
19762
24135
34825
6636
2248
6555
38670
7513
16696
19035
25414
9039
31146
1763
13557
19294
32258
29810
19019
22123
28044
19567
1942
8274
19623
16360
28582
22054
7328
2855
37216
29114
16289
9446
36664
28555
154
33334
22228
31094
34202
17194
29540
6253
26427
425
9468
19118
19315
17576
7921
22730
27100
20939
25877
3843
917
5022
27803
8820
5610
31906
20316
7997
15595
36678
28483
31368
32365
10254
34492
32405
22781
9066
14154
29155
16212
20689
31398
20680
27002
10845
24412
33231
23379
20084
24668
14340
1196
36901
16286
34011
13830
5948
25839
32219
20842
30940
23994
24897
25162
32430
30566
34810
20419
8523
26846
26575
17270
26549
5344
20424
37888
32401
25813
10327
26902
32221
8109
29381
17484
4084
30919
38405
37247
8090
2659
26717
20948
101
29659
25301
7356
24245
36734
29085
32330
4029
7611
21897
26021
21336
191
38029
23893
9831
15049
25489
37670
12054
7283
18085
15365
21949
27307
4311
11379
2224
2925
23096
2468
12445
28447
14352
21827
14477
22391
12186
25649
38126
14631
28804
29618
26782
37582
32604
22530
12938
6771
29033
12521
10979
7127
33595
20452
37574
25595
15764
34352
32459
18112
28578
39022
22256
1323
14513
22717
826
16450
2788
24459
12245
26016
32308
31454
24940
9346
11867
19901
31140
32312
30306
25287
22809
27465
11985
39060
28876
23831
19221
31932
6616
38565
33430
19690
24562
2272
38069
26459
21656
5970
35703
25442
30666
37145
973
111
17023
35902
33886
26627
11212
38359
35517
350
29386
15110
105
18881
2580
22333
36193
22651
32553
31060
12350
34548
13544
9294
8250
8342
113
8674
32379
21217
13795
28406
38276
11210
4648
38430
13449
21507
11858
36773
26440
6023
16951
7061
29373
9473
30978
14022
2360
6138
20392
26447
35017
12876
6822
6695
38558
30031
10883
36512
12886
17621
9876
5664
19165
26010
31111
840
11240
29878
19852
35635
22620
21264
26089
8963
12727
19080
14367
27049
30177
5200
24428
26809
26383
25206
30383
8140
33224
11532
36295
15871
16287
34704
12358
34741
35529
7719
32580
15688
32974
8996
25237
21694
30465
37838
12971
32519
7369
3538
6036
16638
29842
13777
5529
10068
25568
17633
36230
5555
36530
18757
30437
17766
35238
37988
8490
28874
24567
4635
2337
14379
29647
18385
5805
31901
29520
21843
6211
12890
1689
9109
32295
17780
22317
19013
2235
21869
36607
29012
29769
22697
4292
4027
34077
15949
37844
25777
24854
20141
24807
38174
32785
5864
18419
31215
33285
20537
14665
9160
2662
28407
26947
13334
38539
5822
24414
33635
10198
15960
21889
2404
6958
19519
13764
20908
4149
11248
20698
37497
27704
14712
1424
36212
9058
13792
29341
13476
35653
578
7763
25616
34852
22683
13190
36783
10714
30568
16858
19764
5354
7421
13524
4633
19810
17919
2569
25462
23086
12284
35117
37532
2494
28368
23762
29652
1481
12554
32488
12746
18375
37487
22085
30452
7094
21043
15390
64
2717
34739
1282
36615
3627
17768
4014
8311
1588
15685
19927
34918
26856
17765
8629
31285
36930
27252
26579
18323
29999
34509
35193
12375
9213
25645
19284
32676
7853
5102
22271
35862
29059
37931
17465
1515
35630
15394
19897
32084
36691
8088
17215
10970
28102
13814
6451
27464
20644
19407
14593
25352
17574
8645
23748
34047
15126
35073
7060
29947
2593
30256
16888
15122
21617
31150
23812
26676
30338
6106
27115
4570
16561
9614
4787
21161
18561
3402
20102
36529
18140
38032
28488
893
5547
21265
37033
19777
6668
9563
7718
13041
32690
3416
26583
32815
8136
19069
12313
25533
12694
18131
14721
18706
1139
29152
33062
5731
1232
24338
558
3129
16300
18603
2014
2180
22224
35295
26778
14089
7722
15092
18765
29027
3872
6806
20435
17174
14202
12470
5921
12665
21517
8538
24933
7382
21712
18186
24465
8553
33468
22655
5407
7646
5594
7206
638
25566
30801
4362
26344
1861
127
24555
32327
11916
16263
22815
34606
5139
2044
21800
34099
31236
15753
13707
30199
6923
27048
22609
33249
32298
38334
35716
33515
9108
19439
19907
18090
26189
26800
31320
4031
6151
9969
29840
5634
20954
38992
31960
13330
13882
5024
21627
2685
38075
35754
10149
32185
37471
27665
32
35650
7645
35496
11149
19511
38189
19936
8051
14515
18951
11246
27697
11064
2486
16665
9750
10572
37227
9906
25592
34556
4850
29291
8932
13527
34568
11448
28020
22364
27861
3371
30806
31083
30831
6256
4726
4004
23364
20281
18396
36312
20800
12385
29362
34890
26772
8876
24097
36507
4608
23175
38734
6435
30773
20188
5794
35553
4074
12760
21263
5569
26784
946
27275
29205
31758
10793
31848
25028
35957
6274
13661
18276
30972
15924
38310
28086
31557
11128
23627
36733
649
26159
15438
15271
31161
23970
695
823
30453
26417
395
35836
38896
25444
31717
34277
12838
8691
18075
23568
28253
17160
20897
35662
11124
16133
37778
19460
12447
37149
6657
18699
938
23460
24898
11869
30728
13448
31147
12040
14474
12987
8943
33949
13805
28954
26253
21639
14342
19591
4714
16687
25358
38807
1286
26259
30777
8512
2134
10645
3537
5057
5925
21307
5307
7555
24645
27791
8539
10471
30311
10862
17453
11821
19998
6056
19615
31571
15725
22025
38772
10326
19417
28914
2413
2835
34830
9238
9569
19159
24069
17869
18488
7120
22532
15032
9009
15373
5745
3545
14306
16319
37874
18880
18477
35
37206
34191
363
15429
36513
13658
31564
27277
6796
22966
36908
4679
6814
28424
3506
11648
13181
22733
33340
12668
13801
36272
15071
35023
27182
19931
11089
30909
32707
85
31972
14081
19438
29482
6241
12227
23083
21835
25023
31523
27046
29519
38751
12434
6142
7221
4460
14327
29845
27535
3793
19554
8135
36368
760
12459
20352
36839
868
11186
33363
17722
27789
8801
9043
21361
25864
32795
5261
3667
17413
29504
27975
22169
30016
36355
22544
7515
10267
2611
28077
2028
9921
15163
3981
31578
12347
30722
33261
35974
34953
36211
8544
15950
37224
17631
35424
18684
24463
22064
32685
1259
1090
32428
9435
21713
34407
30554
16897
6254
37187
37653
17491
26557
17985
11799
35595
25293
23842
3306
8220
9295
36071
7546
18770
18840
38668
4597
38940
25752
24291
23489
32504
17272
22042
32201
20462
4032
20959
24220
36329
22698
16533
1571
34215
24401
34679
28024
1505
1766
4421
10587
15627
21529
29693
36754
10432
12617
38530
33863
25834
6828
32019
2035
7242
6753
7373
38821
10548
1335
23292
39085
33428
10606
23545
32341
34429
14947
32862
29498
23117
6684
31495
3389
8163
11746
12441
15514
28750
14487
16608
26621
891
22923
23772
23681
317
8055
274
37505
1762
29096
35964
20261
17588
7470
11068
16922
21117
8655
7944
4223
11581
33361
7630
17943
24917
2765
9666
22424
27594
7244
36924
11053
8714
449
8964
28490
27768
8897
29775
24377
20407
37862
1805
13684
30703
16726
30927
14270
14861
948
37866
19452
19202
218
36548
20192
6018
2974
37016
34470
21355
12992
4163
17326
31537
31826
11033
26402
31775
25675
20298
9976
14448
29750
31129
16787
11109
13871
33386
8027
23297
4795
745
36308
5309
4286
26202
26868
17692
30627
30929
38262
10319
23798
4340
8909
38292
22043
14303
2389
13738
6812
29147
4414
25904
18694
24834
15901
34559
28503
32543
16432
33457
13206
1162
29642
34209
22998
19859
34382
10843
36809
11023
21000
34067
8965
34872
28264
29486
35086
26331
4373
6743
36648
23722
11764
33757
20513
12756
18352
17294
32230
33218
32070
29492
28025
18376
28619
16677
29013
23033
18816
30746
24697
3975
17681
36145
19085
22457
35028
7859
30226
16041
36593
13436
6234
22612
24333
26284
3544
24926
912
15079
11170
37957
10922
3895
19197
14908
23856
21417
36239
7834
10703
23331
12609
19374
8038
3685
26797
32936
2259
6941
16129
25808
22004
34169
8318
21505
2667
37174
18508
12354
21931
36501
752
32054
21900
34332
4101
32753
24380
20111
15867
25862
21940
27319
26225
27241
5061
30228
20418
34699
31670
16960
10123
3216
15412
6268
13107
29061
37492
1140
197
15213
34227
28958
21910
24277
14214
38561
32441
6114
37547
3757
13338
26960
29684
17785
17101
3695
8474
29734
21244
8980
2915
2637
38050
23883
1300
9764
10255
24347
370
30268
1168
33843
8165
36445
27355
10245
31365
11294
14776
6672
9219
33906
5704
19416
20431
34822
500
19853
19367
20822
5451
28055
38256
10114
24110
1475
20764
22504
8004
31735
9998
36952
27792
8600
17678
11110
29136
25079
36745
27777
104
9139
19928
9966
17455
18225
22075
2704
22647
23254
11543
2805
22738
1484
18386
17331
35330
25275
13838
24161
36052
1332
34211
37744
22234
17524
38082
31574
13307
35242
18410
30203
14923
27067
756
23198
7510
14263
30545
22665
38027
14804
17577
4709
11538
13154
5068
15551
4030
26110
7495
35604
15111
20796
23520
22606
16414
38890
18507
13837
2197
15237
23786
35170
25898
18105
23509
1075
37198
11800
15383
15216
3814
31723
28087
32340
21085
33274
18475
8475
3614
28871
9714
38398
11725
14975
7528
25319
20720
19101
5094
21696
9851
8105
22818
11236
34288
25372
21420
17135
1395
11215
7414
30408
21680
6548
38981
1757
36228
9685
5858
27456
8606
10899
27711
20363
29385
5335
16692
15058
15005
34125
31032
32343
32444
25798
11545
4141
9401
16180
9597
27618
6071
33728
34412
24760
18670
242
2333
22032
4376
26905
8470
7183
22769
33855
36065
359
25527
7066
16433
5211
9293
28879
20189
36118
19713
14980
35010
7390
23005
31121
3437
16653
6789
27110
37557
28350
31533
37845
18783
18536
11940
10167
21840
12634
14638
24066
34245
37054
5977
7295
31360
24208
23265
7087
12336
29574
23567
521
29466
22536
33290
33694
24842
10283
9640
29323
11888
19824
9788
34252
18801
37223
20510
6679
37894
2138
12298
2421
8577
12220
16138
34176
715
2179
24669
19912
16939
30610
32112
14339
23171
19915
37656
13610
37892
25179
23557
33174
21786
21332
28079
17020
38331
16817
8621
13519
17038
2321
12761
9462
26505
8878
4923
29410
24624
14484
37023
18072
28071
13614
38760
31254
10920
34940
32784
34237
22299
20849
1867
18388
470
38693
10494
23953
13597
26616
20983
26389
22786
37982
20712
3272
19260
29034
24945
3375
29672
32773
36275
3594
1233
32055
26255
16167
34923
10554
36251
2182
22038
28000
14240
37110
19540
31
30445
35949
20586
16587
6508
3825
24957
31367
9795
35109
15618
26985
27499
33516
27282
20167
7929
26343
25438
17726
33784
6195
21134
5884
38483
9086
13177
18988
16158
9518
15266
13110
32375
18008
20114
639
31532
20807
34892
18647
36437
25113
5003
27844
39019
22231
110
4907
29383
7138
25900
3158
38403
14792
34733
4354
11443
34361
26664
17972
31035
5143
28978
15915
12645
34941
18398
12095
16141
33313
31933
2537
32786
10676
11005
2007
28336
18755
4783
11957
9373
70
37764
15929
22212
19892
38678
13798
7576
32718
16182
10237
6373
31350
31199
8635
15147
7498
33709
30297
23082
30964
27895
36628
39063
38951
23724
1277
19719
33455
18004
19536
2005
33978
22890
24192
39079
362
6399
483
28811
38674
27972
30841
30106
9431
16293
15169
17542
26356
38315
14229
13495
6354
25952
2694
269
20045
4981
22951
14933
11257
16008
27571
34592
17778
13949
22506
31860
23192
732
27601
29153
10931
38289
30720
4682
37089
36828
15635
37688
15666
8332
4793
28068
6073
27007
20851
20633
17147
6170
6887
12042
33107
658
1428
15772
10230
11778
33957
2883
32660
11338
37777
27983
12443
11542
1841
21901
14659
35262
24751
10882
14059
28226
38371
15779
10406
6140
18548
6477
24399
33659
30272
31336
1050
29610
20899
12600
30379
11008
14834
1070
16812
20975
6467
25202
13681
15372
31002
30149
19177
29914
18873
21416
11310
30662
3559
11323
31527
12010
19999
28207
7192
17474
2427
13246
9708
24172
17292
10976
8862
30759
37273
17298
35548
26642
34428
1228
24881
15199
11842
27117
24966
6677
31926
13262
18052
32801
28177
6935
8480
19163
27105
1629
374
18444
25672
23838
37068
28421
34334
34795
27338
30456
14499
3875
746
34243
24498
36903
20749
3290
22465
35958
12568
24366
17761
20864
20791
33716
22986
32096
29421
27204
25303
18788
28345
37470
31335
17954
30615
32079
13081
36391
6647
13528
26283
16284
7730
9542
35196
10622
834
4929
31522
1802
34001
23498
9085
31485
29522
19816
25322
16582
30385
11822
28189
34877
7696
28672
2442
5693
36073
24652
22701
24199
21842
16179
21914
7662
27469
21685
32803
34031
22807
23468
31850
15486
28814
19531
27167
10043
7694
34529
10249
10665
22435
22041
8783
12816
35043
26355
24538
31592
28335
37861
18767
15719
7459
17163
12414
15345
6673
1770
22170
34512
12914
12786
26764
18057
3314
32206
38235
31249
34943
29837
12057
4906
28164
29915
29191
7862
11442
9154
30960
17556
27573
29771
30612
10165
15974
16576
26872
4818
4579
36035
27868
32369
17495
38594
13052
22188
9575
25521
16673
25249
6093
36514
38063
34567
35459
16349
8499
14802
17019
6811
7726
27702
7779
22874
23425
4544
10859
13620
31294
2917
1650
4706
34776
10556
18578
20071
18392
32867
22610
30190
20185
36865
12008
17743
14577
18009
39002
14020
7699
10455
9585
23326
22200
19253
19894
661
16867
10324
25552
37297
560
31525
20078
31784
17783
37070
20565
3869
10653
34049
29437
15754
36417
36185
36429
13729
21976
17643
2366
30912
2076
22028
7319
22650
30634
11609
37453
7391
23594
14781
29476
34574
35286
13233
38840
15601
25559
26604
4574
38629
28478
29571
28728
27492
21034
14262
4220
4831
9034
29353
27882
411
4979
13866
2398
2294
18460
22009
3159
6371
30197
27835
21833
37287
28796
10675
10291
7823
9216
25299
7085
28486
21754
10174
9467
12302
25260
20507
17367
6337
3354
25881
33389
20335
31062
35775
36113
6754
3882
18495
4718
27404
17297
25129
17936
11054
9371
31507
34086
4218
17285
2952
34242
14013
16648
13032
35444
38852
35858
9124
24994
901
15703
37463
6513
11807
6006
18101
6588
19707
26358
8464
26306
3784
5621
24281
39100
16503
25494
3025
19606
34772
12221
39054
27031
11220
23391
36857
38520
8273
291
27374
3270
15123
11063
10773
30895
32348
28268
5201
27586
26980
677
13329
10937
14018
3815
12102
33278
2868
7039
4229
33048
32813
19896
10585
34055
6774
17416
625
9035
21145
12608
12052
35467
2828
36642
21155
28186
26756
23693
34829
18259
27625
6645
19789
32186
19664
22006
4945
87
16143
37921
26548
20824
37277
30428
11960
24250
7124
33296
33155
1413
14713
28573
36527
18973
28659
27959
12213
9444
32203
22642
5490
37394
18003
21112
13858
9897
1127
25093
31598
11155
32116
38385
11392
4065
19839
26995
26705
12860
17250
18125
37742
19050
16837
16304
24411
796
32426
33098
23320
33814
13975
33917
19096
6512
12234
34441
7284
29286
29069
31655
10040
15558
165
36352
17259
6414
5951
22746
8672
30451
38794
5288
3189
34855
10481
23866
6516
35001
26260
20821
9588
20331
26763
3541
2968
30314
15941
6927
29938
18726
30063
38017
26814
34397
6857
21471
38680
924
31194
14435
23837
11438
13412
33059
37030
30599
23795
18199
10573
16695
34032
7371
20603
12020
8516
12825
29789
38038
18307
31874
30089
11184
20174
9723
32805
8061
35085
13009
12307
1559
36340
4233
2926
18436
4404
6264
28507
24547
32311
11739
9472
24490
15659
31518
23927
22696
33732
36300
11315
16882
10148
27737
23726
30586
11096
10764
34952
18668
12562
18613
15144
8124
8838
27761
28716
19845
3844
9784
4957
12919
29094
11098
20875
22174
12917
23982
23402
33883
38090
6799
11759
15591
10200
4894
32734
30594
29285
5065
9964
27682
2213
23610
22684
36245
1203
4275
22892
27344
37539
27932
24830
544
37427
21810
9095
25815
10190
5838
2034
30787
8726
31899
10182
5336
21934
32149
36016
6592
7634
9540
21466
4131
31376
11706
36554
18315
25821
5831
30296
8110
10721
17067
18866
16626
6524
32395
9820
31097
20545
18622
14824
23256
26460
16007
31635
1538
18207
37519
33979
32031
5223
3902
32953
6586
461
2655
27225
4734
876
3930
30269
31418
12417
24964
29745
39113
11553
2908
4379
13980
27391
37436
20607
22215
29662
35749
8623
24008
21784
8891
16709
1618
20956
26587
22330
16967
6099
35235
18202
6867
2763
14384
11291
15033
18845
22550
7943
6468
17573
18970
31155
36281
16760
34820
31560
12349
36266
38643
34583
22374
13025
25147
810
5701
31415
1495
7065
30014
17581
9815
16724
35629
33146
10502
13994
27127
26957
10514
4309
35053
5859
10472
1782
1299
32447
12159
17303
14232
15860
28242
21780
17745
30398
3933
5554
1105
13125
33456
2761
2055
5681
17183
17819
24764
5470
31021
22343
24425
17428
33593
8581
20912
39032
28528
10722
1788
19601
8784
12170
9402
10289
34880
4599
32917
38329
2418
26901
28409
32588
23380
17387
15404
31041
6080
29601
2759
12951
38615
30243
13076
6465
17091
36784
28093
33180
2598
577
11074
15947
38995
35513
22633
30772
16247
37432
2241
28620
12662
37357
2340
25218
4475
31167
21852
38978
24306
22886
37226
27988
17509
33055
24507
8661
3532
3157
6181
365
1859
25508
32107
11238
18903
35946
14199
20862
23246
8021
2981
15273
7148
24089
20739
12258
11923
34370
20857
20893
20159
25433
6920
15350
5150
14567
15224
16989
14458
19953
20931
20525
26743
18400
17373
35298
9285
12864
25080
19353
2479
9606
3351
12413
36590
8701
29237
22855
19696
6500
24662
22376
17028
19926
31328
35494
9324
33692
35695
22729
8732
19614
13851
1932
16425
4249
14754
7883
27584
26345
22399
36234
26820
6131
35796
15451
7008
33039
1868
14521
26315
36405
28544
14066
29854
2579
4959
4186
8126
18099
37792
12741
15571
5140
16292
19375
32089
20504
37188
18916
25778
26816
18395
4519
15536
30073
4328
27179
17553
33548
30064
8702
38064
16232
27187
26552
13226
4491
27255
7637
18812
22782
31633
16699
2876
22427
513
14950
8485
10325
15917
7235
18532
17085
3687
4920
2400
18869
7380
22579
4261
14087
36591
37368
698
10930
13379
21589
3126
25353
32436
14411
33493
9596
24058
15408
17592
15983
31306
9847
20223
36579
19741
11921
36177
32213
28586
13811
21066
38798
38782
31379
32941
38412
5669
28594
26376
16828
25481
606
20009
2594
29406
5531
25793
19070
17682
15220
27890
25182
32530
37898
19830
33099
33571
13722
33954
10763
15728
9613
5258
38201
37053
32245
9725
30548
37966
20279
7442
34
7090
39116
14418
29028
20617
29284
29797
4632
5408
1924
23998
14634
32261
23539
10928
10196
24452
4012
29625
5607
2959
17554
8921
4039
12511
14086
17892
7444
4138
38125
25222
36120
36342
31713
19497
12345
17328
18051
21440
35077
28694
30168
4712
2164
7797
3761
24122
8682
29175
31776
11012
38333
12963
8887
28458
18921
17727
15474
27970
17828
22115
26817
37382
20095
36942
35403
8840
22390
34411
23934
35159
7230
38223
21436
25529
9986
23607
23318
10446
15311
13911
24539
28965
27608
2719
15347
19271
11365
3711
28048
6440
3137
10397
15374
24470
3777
7570
13568
27548
34875
36190
9642
26137
32207
17422
2940
26462
9408
466
31891
30392
2913
1492
3200
28479
26192
13021
24870
18244
28841
2983
19097
12945
335
31303
14497
26907
32165
5914
10628
9891
10918
26418
24003
21365
315
